1.000 28.000 
2.000 27.003 
3.000 26.174 
4.000 25.498 
5.000 24.960 
6.000 24.546 
7.000 24.241 
8.000 24.032 
9.000 23.908 
10.000 23.854 
11.000 23.617 
12.000 23.462 
13.000 23.375 
14.000 23.340 
15.000 23.343 
16.000 23.375 
17.000 23.424 
18.000 23.485 
19.000 23.549 
20.000 23.612 
21.000 23.908 
22.000 24.156 
23.000 24.356 
24.000 24.512 
25.000 24.865 
26.000 25.140 
27.000 25.344 
28.000 25.724 
29.000 26.008 
30.000 26.208 
31.000 26.615 
32.000 26.914 
33.000 27.358 
34.000 27.681 
35.000 27.902 
36.000 28.275 
37.000 28.536 
38.000 28.701 
39.000 29.027 
40.000 29.249 
41.000 29.384 
42.000 29.450 
43.000 29.459 
44.000 29.426 
45.000 29.362 
46.000 29.278 
47.000 29.181 
48.000 29.080 
49.000 28.980 
50.000 29.166 
51.000 29.314 
52.000 29.432 
53.000 29.524 
54.000 29.316 
55.000 29.417 
56.000 29.220 
57.000 29.053 
58.000 28.916 
59.000 28.806 
60.000 28.721 
61.000 28.421 
62.000 28.184 
63.000 28.002 
64.000 27.870 
65.000 27.782 
66.000 27.731 
67.000 27.473 
68.000 27.280 
69.000 27.146 
70.000 27.059 
71.000 27.012 
72.000 26.759 
73.000 26.572 
74.000 26.441 
75.000 26.357 
76.000 26.313 
77.000 26.020 
78.000 25.798 
79.000 25.638 
80.000 25.529 
81.000 25.223 
82.000 24.992 
83.000 24.825 
84.000 24.713 
85.000 24.644 
86.000 24.612 
87.000 24.609 
88.000 24.626 
89.000 24.659 
90.000 24.701 
91.000 24.748 
92.000 24.794 
93.000 24.839 
94.000 24.877 
95.000 24.910 
96.000 24.934 
97.000 24.710 
98.000 24.519 
99.000 24.357 
100.000 24.221 
101.000 24.108 
102.000 24.016 
103.000 23.942 
104.000 23.885 
105.000 23.843 
106.000 23.812 
107.000 23.790 
108.000 23.775 
109.000 24.004 
110.000 24.196 
111.000 24.351 
112.000 24.474 
113.000 24.805 
114.000 25.067 
115.000 25.267 
116.000 25.690 
117.000 26.016 
118.000 26.257 
119.000 26.663 
120.000 26.963 
121.000 27.173 
122.000 27.545 
123.000 27.811 
124.000 27.987 
125.000 28.328 
126.000 28.566 
127.000 28.719 
128.000 28.802 
129.000 28.829 
130.000 28.811 
131.000 28.762 
132.000 28.689 
133.000 28.602 
134.000 28.508 
135.000 28.414 
136.000 28.325 
137.000 28.244 
138.000 27.934 
139.000 27.676 
140.000 27.468 
141.000 27.306 
142.000 27.185 
143.000 27.102 
144.000 27.052 
145.000 27.030 
146.000 26.793 
147.000 26.615 
148.000 26.488 
149.000 26.403 
150.000 26.355 
151.000 26.096 
152.000 25.902 
153.000 25.762 
154.000 25.669 
155.000 25.614 
156.000 25.591 
157.000 25.592 
158.000 25.334 
159.000 25.136 
160.000 24.991 
161.000 24.889 
162.000 24.823 
163.000 24.786 
164.000 24.773 
165.000 24.777 
166.000 24.796 
167.000 24.823 
168.000 24.856 
169.000 24.891 
170.000 24.925 
171.000 24.956 
172.000 24.983 
173.000 25.005 
174.000 25.021 
175.000 25.031 
176.000 25.035 
177.000 25.033 
178.000 25.027 
179.000 25.016 
180.000 25.002 
181.000 24.746 
182.000 24.527 
183.000 24.344 
184.000 24.432 
185.000 24.270 
186.000 24.376 
187.000 24.470 
188.000 24.550 
189.000 24.618 
190.000 24.674 
191.000 24.718 
192.000 24.750 
193.000 24.770 
194.000 24.779 
195.000 25.059 
196.000 25.283 
197.000 25.457 
198.000 25.588 
199.000 25.679 
200.000 25.738 
201.000 26.007 
202.000 26.211 
203.000 26.358 
204.000 26.458 
205.000 26.517 
206.000 26.542 
207.000 26.541 
208.000 26.518 
209.000 26.719 
210.000 26.869 
211.000 26.976 
212.000 27.048 
213.000 27.091 
214.000 27.110 
215.000 27.111 
216.000 27.097 
217.000 27.074 
218.000 27.043 
219.000 27.009 
220.000 26.974 
221.000 26.940 
222.000 26.909 
223.000 26.881 
224.000 26.858 
225.000 26.840 
226.000 26.827 
227.000 26.819 
228.000 26.815 
229.000 26.576 
230.000 26.381 
231.000 26.225 
232.000 26.105 
233.000 26.016 
234.000 25.954 
235.000 25.678 
236.000 25.462 
237.000 25.300 
238.000 25.184 
239.000 25.347 
240.000 25.502 
241.000 25.648 
242.000 25.783 
243.000 25.905 
244.000 26.012 
245.000 26.103 
246.000 26.177 
247.000 26.236 
248.000 26.278 
249.000 26.307 
250.000 26.324 
251.000 26.331 
252.000 26.328 
253.000 26.081 
254.000 25.868 
255.000 25.690 
256.000 25.543 
257.000 25.425 
258.000 25.333 
259.000 25.266 
260.000 25.221 
261.000 25.194 
262.000 25.183 
263.000 25.185 
264.000 25.195 
265.000 25.213 
266.000 25.234 
267.000 25.257 
268.000 25.281 
269.000 25.303 
270.000 25.323 
271.000 25.340 
272.000 25.353 
273.000 25.363 
274.000 25.369 
275.000 25.372 
276.000 25.371 
277.000 25.368 
278.000 25.363 
279.000 25.355 
280.000 25.346 
281.000 25.336 
282.000 25.325 
283.000 25.314 
284.000 25.303 
285.000 25.291 
286.000 25.280 
287.000 25.269 
288.000 25.258 
289.000 25.248 
290.000 25.239 
291.000 25.230 
292.000 25.221 
293.000 25.213 
294.000 25.205 
295.000 25.197 
296.000 25.190 
297.000 25.183 
298.000 25.415 
299.000 25.607 
300.000 25.762 
301.000 25.884 
302.000 25.977 
303.000 26.043 
304.000 26.325 
305.000 26.547 
306.000 26.715 
307.000 26.837 
308.000 26.918 
309.000 26.966 
310.000 26.986 
311.000 27.223 
312.000 27.403 
313.000 27.533 
314.000 27.622 
315.000 27.678 
316.000 27.706 
317.000 27.712 
318.000 27.702 
319.000 27.680 
320.000 27.650 
321.000 27.616 
322.000 27.581 
323.000 27.547 
324.000 27.516 
325.000 27.490 
326.000 27.469 
327.000 27.454 
328.000 27.445 
329.000 27.202 
330.000 27.005 
331.000 26.849 
332.000 26.730 
333.000 26.645 
334.000 26.588 
335.000 26.557 
336.000 26.547 
337.000 26.555 
338.000 26.338 
339.000 26.171 
340.000 26.048 
341.000 25.962 
342.000 25.907 
343.000 25.879 
344.000 25.871 
345.000 25.881 
346.000 25.903 
347.000 25.935 
348.000 25.973 
349.000 26.014 
350.000 26.055 
351.000 46.038 
352.000 62.653 
353.000 76.205 
354.000 86.992 
355.000 95.305 
356.000 100.000 
357.000 100.000 
358.000 100.000 
359.000 100.000 
360.000 100.000 
361.000 100.000 
362.000 100.000 
363.000 100.000 
364.000 100.000 
365.000 100.000 
366.000 100.000 
367.000 100.000 
368.000 98.241 
369.000 93.864 
370.000 89.771 
371.000 85.730 
372.000 82.096 
373.000 78.363 
374.000 74.857 
375.000 71.608 
376.000 68.625 
377.000 65.943 
378.000 63.257 
379.000 60.822 
380.000 58.366 
381.000 56.132 
382.000 54.081 
383.000 52.213 
384.000 50.205 
385.000 48.305 
386.000 46.479 
387.000 44.698 
388.000 42.977 
389.000 41.249 
390.000 39.497 
391.000 37.987 
392.000 36.385 
393.000 34.926 
394.000 33.611 
395.000 32.359 
396.000 31.181 
397.000 30.006 
398.000 29.096 
399.000 28.149 
400.000 27.350 
401.000 26.697 
402.000 26.145 
403.000 25.657 
404.000 25.443 
405.000 25.156 
406.000 25.067 
407.000 24.882 
408.000 24.837 
409.000 24.651 
410.000 24.808 
411.000 24.995 
412.000 25.190 
413.000 25.615 
414.000 25.977 
415.000 26.548 
416.000 27.241 
417.000 28.017 
418.000 28.848 
419.000 29.748 
420.000 30.650 
421.000 31.540 
422.000 32.406 
423.000 33.282 
424.000 34.116 
425.000 34.907 
426.000 35.657 
427.000 36.407 
428.000 37.117 
429.000 37.791 
430.000 38.436 
431.000 39.098 
432.000 39.736 
433.000 40.357 
434.000 40.967 
435.000 41.611 
436.000 42.008 
437.000 42.442 
438.000 42.913 
439.000 43.181 
440.000 43.525 
441.000 43.701 
442.000 44.024 
443.000 44.197 
444.000 44.253 
445.000 44.219 
446.000 44.119 
447.000 44.214 
448.000 44.240 
449.000 44.217 
450.000 44.160 
451.000 44.081 
452.000 43.992 
453.000 43.900 
454.000 43.811 
455.000 43.730 
456.000 43.659 
457.000 43.363 
458.000 43.121 
459.000 42.930 
460.000 42.507 
461.000 42.174 
462.000 41.682 
463.000 41.302 
464.000 41.022 
465.000 40.590 
466.000 40.274 
467.000 39.819 
468.000 39.489 
469.000 38.989 
470.000 38.386 
471.000 37.942 
472.000 37.393 
473.000 36.998 
474.000 36.734 
475.000 36.579 
476.000 36.274 
477.000 36.080 
478.000 35.696 
479.000 35.431 
480.000 35.263 
481.000 34.933 
482.000 34.704 
483.000 34.317 
484.000 34.037 
485.000 33.844 
486.000 33.722 
487.000 33.418 
488.000 33.198 
489.000 33.046 
490.000 32.949 
491.000 32.896 
492.000 32.874 
493.000 32.874 
494.000 32.890 
495.000 32.913 
496.000 32.938 
497.000 32.961 
498.000 33.217 
499.000 33.424 
500.000 33.584 
501.000 33.700 
502.000 33.776 
503.000 34.054 
504.000 34.258 
505.000 34.396 
506.000 34.716 
507.000 34.947 
508.000 35.099 
509.000 35.463 
510.000 35.722 
511.000 35.892 
512.000 36.224 
513.000 36.453 
514.000 36.592 
515.000 36.897 
516.000 37.100 
517.000 37.219 
518.000 37.506 
519.000 37.697 
520.000 37.806 
521.000 38.129 
522.000 38.352 
523.000 38.491 
524.000 38.801 
525.000 39.015 
526.000 39.148 
527.000 39.216 
528.000 39.231 
529.000 39.443 
530.000 39.346 
531.000 39.230 
532.000 39.104 
533.000 39.214 
534.000 39.286 
535.000 39.328 
536.000 39.348 
537.000 39.351 
538.000 39.342 
539.000 39.325 
540.000 39.302 
541.000 39.277 
542.000 39.250 
543.000 39.224 
544.000 39.201 
545.000 38.941 
546.000 38.725 
547.000 38.549 
548.000 38.411 
549.000 38.306 
550.000 37.992 
551.000 37.745 
552.000 37.557 
553.000 37.421 
554.000 37.331 
555.000 37.278 
556.000 37.257 
557.000 37.261 
558.000 37.285 
559.000 37.322 
560.000 37.090 
561.000 36.909 
562.000 36.771 
563.000 36.671 
564.000 36.601 
565.000 36.557 
566.000 36.533 
567.000 36.525 
568.000 36.531 
569.000 36.545 
570.000 36.565 
571.000 36.588 
572.000 36.612 
573.000 36.634 
574.000 36.654 
575.000 36.670 
576.000 36.681 
577.000 36.688 
578.000 36.451 
579.000 36.250 
580.000 36.082 
581.000 35.942 
582.000 35.830 
583.000 35.502 
584.000 35.235 
585.000 35.024 
586.000 35.100 
587.000 35.179 
588.000 35.258 
589.000 35.334 
590.000 35.405 
591.000 35.469 
592.000 35.764 
593.000 36.007 
594.000 36.203 
595.000 36.354 
596.000 36.465 
597.000 36.539 
598.000 36.581 
599.000 36.595 
600.000 36.586 
601.000 36.558 
602.000 36.516 
603.000 36.464 
604.000 36.406 
605.000 36.345 
606.000 36.563 
607.000 36.735 
608.000 36.868 
609.000 36.967 
610.000 37.275 
611.000 37.517 
612.000 37.701 
613.000 37.834 
614.000 37.921 
615.000 37.971 
616.000 37.989 
617.000 37.982 
618.000 37.955 
619.000 37.913 
620.000 37.862 
621.000 37.805 
622.000 37.508 
623.000 37.253 
624.000 37.037 
625.000 37.100 
626.000 37.157 
627.000 37.211 
628.000 37.262 
629.000 37.310 
630.000 37.594 
631.000 37.833 
632.000 38.030 
633.000 38.189 
634.000 38.312 
635.000 38.643 
636.000 38.665 
637.000 38.906 
638.000 39.089 
639.000 39.223 
640.000 39.313 
641.000 39.368 
642.000 39.393 
643.000 39.396 
644.000 39.141 
645.000 38.915 
646.000 38.717 
647.000 38.548 
648.000 38.408 
649.000 38.297 
650.000 37.973 
651.000 37.715 
652.000 37.516 
653.000 37.370 
654.000 37.271 
655.000 36.972 
656.000 36.747 
657.000 36.586 
658.000 36.480 
659.000 36.419 
660.000 36.395 
661.000 36.401 
662.000 36.429 
663.000 36.474 
664.000 36.529 
665.000 36.590 
666.000 36.651 
667.000 36.711 
668.000 36.766 
669.000 36.815 
670.000 37.096 
671.000 37.328 
672.000 37.515 
673.000 37.662 
674.000 37.771 
675.000 37.848 
676.000 37.897 
677.000 37.920 
678.000 37.923 
679.000 37.910 
680.000 37.884 
681.000 37.850 
682.000 37.812 
683.000 37.770 
684.000 37.729 
685.000 37.450 
686.000 37.215 
687.000 37.021 
688.000 36.864 
689.000 36.742 
690.000 36.651 
691.000 36.309 
692.000 36.317 
693.000 36.062 
694.000 35.867 
695.000 35.723 
696.000 35.623 
697.000 35.560 
698.000 35.528 
699.000 35.519 
700.000 35.530 
701.000 75.440 
702.000 100.000 
703.000 100.000 
704.000 100.000 
705.000 100.000 
706.000 100.000 
707.000 100.000 
708.000 100.000 
709.000 100.000 
710.000 100.000 
711.000 100.000 
712.000 100.000 
713.000 100.000 
714.000 100.000 
715.000 100.000 
716.000 100.000 
717.000 100.000 
718.000 100.000 
719.000 100.000 
720.000 100.000 
721.000 100.000 
722.000 100.000 
723.000 100.000 
724.000 100.000 
725.000 100.000 
726.000 100.000 
727.000 100.000 
728.000 100.000 
729.000 100.000 
730.000 100.000 
731.000 100.000 
732.000 100.000 
733.000 100.000 
734.000 100.000 
735.000 100.000 
736.000 100.000 
737.000 100.000 
738.000 100.000 
739.000 100.000 
740.000 100.000 
741.000 100.000 
742.000 100.000 
743.000 100.000 
744.000 100.000 
745.000 100.000 
746.000 100.000 
747.000 100.000 
748.000 100.000 
749.000 100.000 
750.000 100.000 
751.000 100.000 
752.000 100.000 
753.000 100.000 
754.000 100.000 
755.000 100.000 
756.000 100.000 
757.000 100.000 
758.000 100.000 
759.000 100.000 
760.000 100.000 
761.000 100.000 
762.000 100.000 
763.000 100.000 
764.000 100.000 
765.000 100.000 
766.000 100.000 
767.000 100.000 
768.000 100.000 
769.000 100.000 
770.000 100.000 
771.000 100.000 
772.000 100.000 
773.000 100.000 
774.000 100.000 
775.000 100.000 
776.000 100.000 
777.000 100.000 
778.000 100.000 
779.000 100.000 
780.000 100.000 
781.000 100.000 
782.000 100.000 
783.000 100.000 
784.000 100.000 
785.000 100.000 
786.000 100.000 
787.000 100.000 
788.000 100.000 
789.000 100.000 
790.000 100.000 
791.000 100.000 
792.000 100.000 
793.000 100.000 
794.000 100.000 
795.000 100.000 
796.000 100.000 
797.000 100.000 
798.000 100.000 
799.000 100.000 
800.000 100.000 
801.000 100.000 
802.000 100.000 
803.000 100.000 
804.000 100.000 
805.000 100.000 
806.000 100.000 
807.000 100.000 
808.000 100.000 
809.000 100.000 
810.000 100.000 
811.000 100.000 
812.000 100.000 
813.000 100.000 
814.000 100.000 
815.000 100.000 
816.000 100.000 
817.000 100.000 
818.000 82.169 
819.000 66.650 
820.000 53.823 
821.000 43.438 
822.000 35.248 
823.000 28.738 
824.000 24.008 
825.000 21.077 
826.000 19.421 
827.000 19.031 
828.000 19.624 
829.000 20.939 
830.000 22.741 
831.000 24.825 
832.000 27.259 
833.000 29.861 
834.000 32.486 
835.000 35.064 
836.000 37.703 
837.000 40.070 
838.000 42.415 
839.000 44.920 
840.000 47.228 
841.000 49.607 
842.000 51.732 
843.000 53.897 
844.000 56.074 
845.000 57.968 
846.000 59.893 
847.000 61.838 
848.000 63.519 
849.000 65.260 
850.000 66.815 
851.000 68.181 
852.000 69.678 
853.000 70.778 
854.000 71.837 
855.000 72.838 
856.000 73.849 
857.000 74.605 
858.000 75.405 
859.000 76.061 
860.000 76.576 
861.000 77.232 
862.000 77.824 
863.000 78.100 
864.000 78.370 
865.000 78.652 
866.000 78.723 
867.000 78.874 
868.000 78.870 
869.000 79.031 
870.000 79.067 
871.000 79.012 
872.000 78.893 
873.000 78.973 
874.000 78.993 
875.000 78.971 
876.000 78.922 
877.000 78.858 
878.000 78.789 
879.000 78.483 
880.000 78.225 
881.000 78.015 
882.000 77.851 
883.000 77.732 
884.000 77.375 
885.000 77.104 
886.000 76.909 
887.000 76.783 
888.000 76.715 
889.000 76.459 
890.000 76.285 
891.000 76.181 
892.000 76.136 
893.000 76.139 
894.000 75.942 
895.000 75.815 
896.000 75.747 
897.000 75.487 
898.000 75.305 
899.000 75.190 
900.000 74.851 
901.000 74.604 
902.000 74.437 
903.000 74.097 
904.000 73.853 
905.000 73.452 
906.000 73.160 
907.000 72.961 
908.000 72.602 
909.000 72.348 
910.000 72.183 
911.000 71.814 
912.000 71.551 
913.000 71.379 
914.000 71.041 
915.000 70.804 
916.000 70.412 
917.000 70.128 
918.000 69.696 
919.000 69.380 
920.000 68.883 
921.000 68.514 
922.000 68.253 
923.000 67.845 
924.000 67.551 
925.000 67.353 
926.000 66.994 
927.000 66.740 
928.000 66.570 
929.000 66.230 
930.000 65.985 
931.000 65.817 
932.000 65.711 
933.000 65.655 
934.000 65.635 
935.000 65.641 
936.000 65.665 
937.000 65.698 
938.000 65.735 
939.000 65.769 
940.000 65.796 
941.000 66.054 
942.000 66.260 
943.000 66.418 
944.000 66.290 
945.000 66.161 
946.000 66.031 
947.000 65.902 
948.000 65.773 
949.000 65.646 
950.000 65.522 
951.000 65.405 
952.000 65.294 
953.000 65.189 
954.000 65.092 
955.000 65.001 
956.000 64.917 
957.000 64.838 
958.000 64.764 
959.000 64.693 
960.000 64.626 
961.000 64.561 
962.000 64.498 
963.000 64.436 
964.000 64.374 
965.000 64.551 
966.000 64.688 
967.000 64.787 
968.000 65.092 
969.000 65.326 
970.000 65.497 
971.000 65.849 
972.000 66.110 
973.000 66.291 
974.000 66.680 
975.000 66.961 
976.000 67.149 
977.000 67.496 
978.000 67.735 
979.000 67.882 
980.000 67.952 
981.000 68.198 
982.000 68.353 
983.000 68.433 
984.000 68.452 
985.000 68.422 
986.000 68.595 
987.000 68.701 
988.000 68.752 
989.000 68.760 
990.000 68.735 
991.000 68.685 
992.000 68.618 
993.000 68.539 
994.000 68.454 
995.000 68.366 
996.000 68.280 
997.000 68.199 
998.000 68.124 
999.000 67.817 
1000.000 67.798 
1001.000 67.544 
1002.000 67.335 
1003.000 67.167 
1004.000 67.275 
1005.000 67.375 
1006.000 67.466 
1007.000 67.548 
1008.000 67.620 
1009.000 67.682 
1010.000 67.732 
1011.000 67.770 
1012.000 67.557 
1013.000 67.374 
1014.000 67.217 
1015.000 67.084 
1016.000 66.973 
1017.000 66.883 
1018.000 66.811 
1019.000 66.755 
1020.000 66.954 
1021.000 67.124 
1022.000 67.268 
1023.000 67.386 
1024.000 67.479 
1025.000 67.550 
1026.000 67.599 
1027.000 67.628 
1028.000 67.640 
1029.000 67.637 
1030.000 67.622 
1031.000 67.597 
1032.000 67.564 
1033.000 67.527 
1034.000 67.486 
1035.000 67.445 
1036.000 67.164 
1037.000 66.925 
1038.000 66.725 
1039.000 66.561 
1040.000 66.428 
1041.000 66.326 
1042.000 66.249 
1043.000 66.196 
1044.000 66.161 
1045.000 66.143 
1046.000 66.136 
1047.000 66.139 
1048.000 66.147 
1049.000 66.397 
1050.000 66.369 
1051.000 6.754 
1052.000 0.000 
1053.000 0.000 
1054.000 0.000 
1055.000 0.000 
1056.000 0.000 
1057.000 0.000 
1058.000 0.000 
1059.000 0.000 
1060.000 0.000 
1061.000 0.000 
1062.000 0.000 
1063.000 0.000 
1064.000 0.000 
1065.000 0.000 
1066.000 0.000 
1067.000 0.000 
1068.000 0.000 
1069.000 0.000 
1070.000 0.000 
1071.000 0.000 
1072.000 0.000 
1073.000 0.000 
1074.000 0.000 
1075.000 0.000 
1076.000 0.000 
1077.000 0.000 
1078.000 0.000 
1079.000 0.000 
1080.000 0.000 
1081.000 0.000 
1082.000 0.000 
1083.000 0.000 
1084.000 0.000 
1085.000 0.000 
1086.000 0.000 
1087.000 0.000 
1088.000 0.000 
1089.000 0.000 
1090.000 0.000 
1091.000 0.000 
1092.000 0.000 
1093.000 0.000 
1094.000 0.000 
1095.000 0.000 
1096.000 0.000 
1097.000 0.000 
1098.000 0.000 
1099.000 0.000 
1100.000 0.000 
1101.000 0.000 
1102.000 0.000 
1103.000 0.000 
1104.000 0.000 
1105.000 0.000 
1106.000 0.000 
1107.000 0.000 
1108.000 0.000 
1109.000 0.000 
1110.000 0.000 
1111.000 0.000 
1112.000 0.000 
1113.000 0.000 
1114.000 0.000 
1115.000 0.000 
1116.000 0.000 
1117.000 0.000 
1118.000 0.000 
1119.000 0.000 
1120.000 0.000 
1121.000 0.000 
1122.000 0.000 
1123.000 0.000 
1124.000 0.000 
1125.000 0.000 
1126.000 0.000 
1127.000 0.000 
1128.000 0.000 
1129.000 0.000 
1130.000 0.000 
1131.000 0.000 
1132.000 0.000 
1133.000 0.000 
1134.000 0.000 
1135.000 0.000 
1136.000 0.000 
1137.000 0.000 
1138.000 0.000 
1139.000 0.000 
1140.000 0.000 
1141.000 0.000 
1142.000 0.000 
1143.000 0.000 
1144.000 0.000 
1145.000 0.000 
1146.000 0.000 
1147.000 0.000 
1148.000 0.000 
1149.000 0.000 
1150.000 0.000 
1151.000 0.000 
1152.000 0.000 
1153.000 0.000 
1154.000 0.000 
1155.000 0.000 
1156.000 0.000 
1157.000 0.000 
1158.000 0.000 
1159.000 0.000 
1160.000 0.000 
1161.000 0.000 
1162.000 0.000 
1163.000 0.000 
1164.000 0.000 
1165.000 0.000 
1166.000 0.000 
1167.000 0.000 
1168.000 0.000 
1169.000 0.000 
1170.000 0.000 
1171.000 0.000 
1172.000 0.000 
1173.000 0.000 
1174.000 0.000 
1175.000 0.000 
1176.000 0.000 
1177.000 0.000 
1178.000 0.000 
1179.000 0.000 
1180.000 0.000 
1181.000 0.000 
1182.000 0.000 
1183.000 0.000 
1184.000 0.000 
1185.000 0.000 
1186.000 0.000 
1187.000 0.000 
1188.000 0.000 
1189.000 0.000 
1190.000 0.000 
1191.000 0.000 
1192.000 0.000 
1193.000 0.000 
1194.000 0.000 
1195.000 0.000 
1196.000 0.000 
1197.000 0.000 
1198.000 0.000 
1199.000 0.000 
1200.000 0.000 
1201.000 0.000 
1202.000 0.000 
1203.000 0.000 
1204.000 0.000 
1205.000 0.000 
1206.000 0.000 
1207.000 0.000 
1208.000 0.000 
1209.000 0.000 
1210.000 0.000 
1211.000 0.000 
1212.000 0.000 
1213.000 0.000 
1214.000 0.000 
1215.000 0.000 
1216.000 0.000 
1217.000 0.000 
1218.000 0.000 
1219.000 0.000 
1220.000 0.000 
1221.000 0.000 
1222.000 0.000 
1223.000 0.000 
1224.000 0.000 
1225.000 0.000 
1226.000 0.000 
1227.000 0.000 
1228.000 0.000 
1229.000 0.000 
1230.000 0.000 
1231.000 0.000 
1232.000 0.000 
1233.000 0.000 
1234.000 0.000 
1235.000 0.000 
1236.000 0.000 
1237.000 0.000 
1238.000 0.000 
1239.000 0.000 
1240.000 0.000 
1241.000 0.000 
1242.000 0.000 
1243.000 0.000 
1244.000 0.000 
1245.000 0.000 
1246.000 0.000 
1247.000 0.000 
1248.000 0.000 
1249.000 0.000 
1250.000 0.000 
1251.000 0.000 
1252.000 0.000 
1253.000 0.000 
1254.000 0.000 
1255.000 0.000 
1256.000 0.000 
1257.000 0.000 
1258.000 0.000 
1259.000 0.000 
1260.000 0.000 
1261.000 0.000 
1262.000 0.000 
1263.000 0.000 
1264.000 0.000 
1265.000 0.000 
1266.000 0.000 
1267.000 0.000 
1268.000 0.000 
1269.000 12.791 
1270.000 29.193 
1271.000 42.545 
1272.000 53.386 
1273.000 61.726 
1274.000 67.847 
1275.000 72.018 
1276.000 74.490 
1277.000 75.782 
1278.000 75.657 
1279.000 74.672 
1280.000 73.079 
1281.000 70.864 
1282.000 68.222 
1283.000 65.394 
1284.000 62.303 
1285.000 59.312 
1286.000 56.318 
1287.000 53.381 
1288.000 50.619 
1289.000 47.796 
1290.000 45.265 
1291.000 42.750 
1292.000 40.286 
1293.000 37.898 
1294.000 35.636 
1295.000 33.455 
1296.000 31.355 
1297.000 29.327 
1298.000 27.401 
1299.000 25.518 
1300.000 23.668 
1301.000 22.116 
1302.000 20.525 
1303.000 18.889 
1304.000 17.482 
1305.000 16.213 
1306.000 15.083 
1307.000 14.012 
1308.000 13.011 
1309.000 12.251 
1310.000 11.471 
1311.000 10.893 
1312.000 10.423 
1313.000 10.062 
1314.000 9.769 
1315.000 9.511 
1316.000 9.499 
1317.000 9.394 
1318.000 9.467 
1319.000 9.670 
1320.000 9.960 
1321.000 10.583 
1322.000 11.183 
1323.000 11.982 
1324.000 12.687 
1325.000 13.531 
1326.000 14.473 
1327.000 15.239 
1328.000 16.118 
1329.000 17.040 
1330.000 18.222 
1331.000 19.130 
1332.000 20.076 
1333.000 21.006 
1334.000 21.914 
1335.000 22.799 
1336.000 23.699 
1337.000 24.569 
1338.000 25.412 
1339.000 25.992 
1340.000 26.594 
1341.000 27.258 
1342.000 27.698 
1343.000 28.196 
1344.000 28.509 
1345.000 28.914 
1346.000 29.166 
1347.000 29.537 
1348.000 29.777 
1349.000 30.193 
1350.000 30.486 
1351.000 30.682 
1352.000 30.802 
1353.000 30.868 
1354.000 30.895 
1355.000 30.897 
1356.000 30.886 
1357.000 30.872 
1358.000 30.863 
1359.000 30.864 
1360.000 30.880 
1361.000 30.634 
1362.000 30.453 
1363.000 30.335 
1364.000 30.034 
1365.000 29.824 
1366.000 29.698 
1367.000 29.405 
1368.000 29.216 
1369.000 28.879 
1370.000 28.662 
1371.000 28.268 
1372.000 28.009 
1373.000 27.626 
1374.000 27.382 
1375.000 27.016 
1376.000 26.790 
1377.000 26.443 
1378.000 25.955 
1379.000 25.630 
1380.000 25.205 
1381.000 24.695 
1382.000 24.357 
1383.000 23.924 
1384.000 23.652 
1385.000 23.235 
1386.000 22.975 
1387.000 22.606 
1388.000 22.385 
1389.000 22.285 
1390.000 22.282 
1391.000 22.116 
1392.000 22.048 
1393.000 22.058 
1394.000 22.126 
1395.000 22.238 
1396.000 22.380 
1397.000 22.539 
1398.000 22.706 
1399.000 22.874 
1400.000 23.037 
