1.000 31.870 
2.000 32.120 
3.000 32.120 
4.000 32.120 
5.000 32.120 
6.000 32.120 
7.000 32.120 
8.000 32.120 
9.000 32.120 
10.000 32.120 
11.000 32.180 
12.000 32.180 
13.000 32.180 
14.000 32.180 
15.000 32.180 
16.000 32.180 
17.000 32.180 
18.000 32.180 
19.000 32.180 
20.000 32.180 
21.000 32.120 
22.000 32.120 
23.000 32.120 
24.000 32.120 
25.000 32.060 
26.000 32.060 
27.000 32.060 
28.000 32.000 
29.000 32.000 
30.000 32.000 
31.000 31.930 
32.000 31.930 
33.000 31.870 
34.000 31.870 
35.000 31.870 
36.000 31.810 
37.000 31.810 
38.000 31.810 
39.000 31.750 
40.000 31.750 
41.000 31.750 
42.000 31.750 
43.000 31.750 
44.000 31.750 
45.000 31.750 
46.000 31.750 
47.000 31.750 
48.000 31.750 
49.000 31.750 
50.000 31.680 
51.000 31.680 
52.000 31.680 
53.000 31.680 
54.000 31.750 
55.000 31.680 
56.000 31.750 
57.000 31.750 
58.000 31.750 
59.000 31.750 
60.000 31.750 
61.000 31.810 
62.000 31.810 
63.000 31.810 
64.000 31.810 
65.000 31.810 
66.000 31.810 
67.000 31.870 
68.000 31.870 
69.000 31.870 
70.000 31.870 
71.000 31.870 
72.000 31.930 
73.000 31.930 
74.000 31.930 
75.000 31.930 
76.000 31.930 
77.000 32.000 
78.000 32.000 
79.000 32.000 
80.000 32.000 
81.000 32.060 
82.000 32.060 
83.000 32.060 
84.000 32.060 
85.000 32.060 
86.000 32.060 
87.000 32.060 
88.000 32.060 
89.000 32.060 
90.000 32.060 
91.000 32.060 
92.000 32.060 
93.000 32.060 
94.000 32.060 
95.000 32.060 
96.000 32.060 
97.000 32.120 
98.000 32.120 
99.000 32.120 
100.000 32.120 
101.000 32.120 
102.000 32.120 
103.000 32.120 
104.000 32.120 
105.000 32.120 
106.000 32.120 
107.000 32.120 
108.000 32.120 
109.000 32.060 
110.000 32.060 
111.000 32.060 
112.000 32.060 
113.000 32.000 
114.000 32.000 
115.000 32.000 
116.000 31.930 
117.000 31.930 
118.000 31.930 
119.000 31.870 
120.000 31.870 
121.000 31.870 
122.000 31.810 
123.000 31.810 
124.000 31.810 
125.000 31.750 
126.000 31.750 
127.000 31.750 
128.000 31.750 
129.000 31.750 
130.000 31.750 
131.000 31.750 
132.000 31.750 
133.000 31.750 
134.000 31.750 
135.000 31.750 
136.000 31.750 
137.000 31.750 
138.000 31.810 
139.000 31.810 
140.000 31.810 
141.000 31.810 
142.000 31.810 
143.000 31.810 
144.000 31.810 
145.000 31.810 
146.000 31.870 
147.000 31.870 
148.000 31.870 
149.000 31.870 
150.000 31.870 
151.000 31.930 
152.000 31.930 
153.000 31.930 
154.000 31.930 
155.000 31.930 
156.000 31.930 
157.000 31.930 
158.000 32.000 
159.000 32.000 
160.000 32.000 
161.000 32.000 
162.000 32.000 
163.000 32.000 
164.000 32.000 
165.000 32.000 
166.000 32.000 
167.000 32.000 
168.000 32.000 
169.000 32.000 
170.000 32.000 
171.000 32.000 
172.000 32.000 
173.000 32.000 
174.000 32.000 
175.000 32.000 
176.000 32.000 
177.000 32.000 
178.000 32.000 
179.000 32.000 
180.000 32.000 
181.000 32.060 
182.000 32.060 
183.000 32.060 
184.000 32.000 
185.000 32.060 
186.000 32.000 
187.000 32.000 
188.000 32.000 
189.000 32.000 
190.000 32.000 
191.000 32.000 
192.000 32.000 
193.000 32.000 
194.000 32.000 
195.000 31.930 
196.000 31.930 
197.000 31.930 
198.000 31.930 
199.000 31.930 
200.000 31.930 
201.000 31.870 
202.000 31.870 
203.000 31.870 
204.000 31.870 
205.000 31.870 
206.000 31.870 
207.000 31.870 
208.000 31.870 
209.000 31.810 
210.000 31.810 
211.000 31.810 
212.000 31.810 
213.000 31.810 
214.000 31.810 
215.000 31.810 
216.000 31.810 
217.000 31.810 
218.000 31.810 
219.000 31.810 
220.000 31.810 
221.000 31.810 
222.000 31.810 
223.000 31.810 
224.000 31.810 
225.000 31.810 
226.000 31.810 
227.000 31.810 
228.000 31.810 
229.000 31.870 
230.000 31.870 
231.000 31.870 
232.000 31.870 
233.000 31.870 
234.000 31.870 
235.000 31.930 
236.000 31.930 
237.000 31.930 
238.000 31.930 
239.000 31.870 
240.000 31.870 
241.000 31.870 
242.000 31.870 
243.000 31.870 
244.000 31.870 
245.000 31.870 
246.000 31.870 
247.000 31.870 
248.000 31.870 
249.000 31.870 
250.000 31.870 
251.000 31.870 
252.000 31.870 
253.000 31.930 
254.000 31.930 
255.000 31.930 
256.000 31.930 
257.000 31.930 
258.000 31.930 
259.000 31.930 
260.000 31.930 
261.000 31.930 
262.000 31.930 
263.000 31.930 
264.000 31.930 
265.000 31.930 
266.000 31.930 
267.000 31.930 
268.000 31.930 
269.000 31.930 
270.000 31.930 
271.000 31.930 
272.000 31.930 
273.000 31.930 
274.000 31.930 
275.000 31.930 
276.000 31.930 
277.000 31.930 
278.000 31.930 
279.000 31.930 
280.000 31.930 
281.000 31.930 
282.000 31.930 
283.000 31.930 
284.000 31.930 
285.000 31.930 
286.000 31.930 
287.000 31.930 
288.000 31.930 
289.000 31.930 
290.000 31.930 
291.000 31.930 
292.000 31.930 
293.000 31.930 
294.000 31.930 
295.000 31.930 
296.000 31.930 
297.000 31.930 
298.000 31.870 
299.000 31.870 
300.000 31.870 
301.000 31.870 
302.000 31.870 
303.000 31.870 
304.000 31.810 
305.000 31.810 
306.000 31.810 
307.000 31.810 
308.000 31.810 
309.000 31.810 
310.000 31.810 
311.000 31.750 
312.000 31.750 
313.000 31.750 
314.000 31.750 
315.000 31.750 
316.000 31.750 
317.000 31.750 
318.000 31.750 
319.000 31.750 
320.000 31.750 
321.000 31.750 
322.000 31.750 
323.000 31.750 
324.000 31.750 
325.000 31.750 
326.000 31.750 
327.000 31.750 
328.000 31.750 
329.000 31.810 
330.000 31.810 
331.000 31.810 
332.000 31.810 
333.000 31.810 
334.000 31.810 
335.000 31.810 
336.000 31.810 
337.000 31.810 
338.000 31.870 
339.000 31.870 
340.000 31.870 
341.000 31.870 
342.000 31.870 
343.000 31.870 
344.000 31.870 
345.000 31.870 
346.000 31.870 
347.000 31.870 
348.000 31.870 
349.000 31.870 
350.000 31.870 
351.000 31.870 
352.000 31.870 
353.000 31.870 
354.000 31.870 
355.000 31.870 
356.000 31.870 
357.000 31.870 
358.000 31.870 
359.000 31.870 
360.000 31.870 
361.000 31.930 
362.000 32.000 
363.000 32.060 
364.000 32.120 
365.000 32.250 
366.000 32.310 
367.000 32.430 
368.000 32.560 
369.000 32.750 
370.000 32.870 
371.000 33.060 
372.000 33.180 
373.000 33.430 
374.000 33.620 
375.000 33.810 
376.000 34.000 
377.000 34.180 
378.000 34.430 
379.000 34.620 
380.000 34.870 
381.000 35.060 
382.000 35.250 
383.000 35.430 
384.000 35.680 
385.000 35.870 
386.000 36.060 
387.000 36.250 
388.000 36.430 
389.000 36.620 
390.000 36.810 
391.000 36.930 
392.000 37.120 
393.000 37.250 
394.000 37.370 
395.000 37.500 
396.000 37.620 
397.000 37.750 
398.000 37.810 
399.000 37.930 
400.000 38.000 
401.000 38.060 
402.000 38.120 
403.000 38.180 
404.000 38.180 
405.000 38.250 
406.000 38.250 
407.000 38.310 
408.000 38.310 
409.000 38.370 
410.000 38.310 
411.000 38.310 
412.000 38.310 
413.000 38.250 
414.000 38.250 
415.000 38.180 
416.000 38.120 
417.000 38.060 
418.000 38.000 
419.000 37.930 
420.000 37.870 
421.000 37.810 
422.000 37.750 
423.000 37.680 
424.000 37.620 
425.000 37.560 
426.000 37.500 
427.000 37.430 
428.000 37.370 
429.000 37.310 
430.000 37.250 
431.000 37.180 
432.000 37.120 
433.000 37.060 
434.000 37.000 
435.000 36.930 
436.000 36.930 
437.000 36.870 
438.000 36.810 
439.000 36.810 
440.000 36.750 
441.000 36.750 
442.000 36.680 
443.000 36.680 
444.000 36.680 
445.000 36.680 
446.000 36.680 
447.000 36.620 
448.000 36.620 
449.000 36.620 
450.000 36.620 
451.000 36.620 
452.000 36.620 
453.000 36.620 
454.000 36.620 
455.000 36.620 
456.000 36.620 
457.000 36.680 
458.000 36.680 
459.000 36.680 
460.000 36.750 
461.000 36.750 
462.000 36.810 
463.000 36.810 
464.000 36.810 
465.000 36.870 
466.000 36.870 
467.000 36.930 
468.000 36.930 
469.000 37.000 
470.000 37.060 
471.000 37.060 
472.000 37.120 
473.000 37.120 
474.000 37.120 
475.000 37.120 
476.000 37.180 
477.000 37.180 
478.000 37.250 
479.000 37.250 
480.000 37.250 
481.000 37.310 
482.000 37.310 
483.000 37.370 
484.000 37.370 
485.000 37.370 
486.000 37.370 
487.000 37.430 
488.000 37.430 
489.000 37.430 
490.000 37.430 
491.000 37.430 
492.000 37.430 
493.000 37.430 
494.000 37.430 
495.000 37.430 
496.000 37.430 
497.000 37.430 
498.000 37.370 
499.000 37.370 
500.000 37.370 
501.000 37.370 
502.000 37.370 
503.000 37.310 
504.000 37.310 
505.000 37.310 
506.000 37.250 
507.000 37.250 
508.000 37.250 
509.000 37.180 
510.000 37.180 
511.000 37.180 
512.000 37.120 
513.000 37.120 
514.000 37.120 
515.000 37.060 
516.000 37.060 
517.000 37.060 
518.000 37.000 
519.000 37.000 
520.000 37.000 
521.000 36.930 
522.000 36.930 
523.000 36.930 
524.000 36.870 
525.000 36.870 
526.000 36.870 
527.000 36.870 
528.000 36.870 
529.000 36.810 
530.000 36.870 
531.000 36.870 
532.000 36.870 
533.000 36.810 
534.000 36.810 
535.000 36.810 
536.000 36.810 
537.000 36.810 
538.000 36.810 
539.000 36.810 
540.000 36.810 
541.000 36.810 
542.000 36.810 
543.000 36.810 
544.000 36.810 
545.000 36.870 
546.000 36.870 
547.000 36.870 
548.000 36.870 
549.000 36.870 
550.000 36.930 
551.000 36.930 
552.000 36.930 
553.000 36.930 
554.000 36.930 
555.000 36.930 
556.000 36.930 
557.000 36.930 
558.000 36.930 
559.000 36.930 
560.000 37.000 
561.000 37.000 
562.000 37.000 
563.000 37.000 
564.000 37.000 
565.000 37.000 
566.000 37.000 
567.000 37.000 
568.000 37.000 
569.000 37.000 
570.000 37.000 
571.000 37.000 
572.000 37.000 
573.000 37.000 
574.000 37.000 
575.000 37.000 
576.000 37.000 
577.000 37.000 
578.000 37.060 
579.000 37.060 
580.000 37.060 
581.000 37.060 
582.000 37.060 
583.000 37.120 
584.000 37.120 
585.000 37.120 
586.000 37.060 
587.000 37.060 
588.000 37.060 
589.000 37.060 
590.000 37.060 
591.000 37.060 
592.000 37.000 
593.000 37.000 
594.000 37.000 
595.000 37.000 
596.000 37.000 
597.000 37.000 
598.000 37.000 
599.000 37.000 
600.000 37.000 
601.000 37.000 
602.000 37.000 
603.000 37.000 
604.000 37.000 
605.000 37.000 
606.000 36.930 
607.000 36.930 
608.000 36.930 
609.000 36.930 
610.000 36.870 
611.000 36.870 
612.000 36.870 
613.000 36.870 
614.000 36.870 
615.000 36.870 
616.000 36.870 
617.000 36.870 
618.000 36.870 
619.000 36.870 
620.000 36.870 
621.000 36.870 
622.000 36.930 
623.000 36.930 
624.000 36.930 
625.000 36.870 
626.000 36.870 
627.000 36.870 
628.000 36.870 
629.000 36.870 
630.000 36.810 
631.000 36.810 
632.000 36.810 
633.000 36.810 
634.000 36.810 
635.000 36.750 
636.000 36.810 
637.000 36.750 
638.000 36.750 
639.000 36.750 
640.000 36.750 
641.000 36.750 
642.000 36.750 
643.000 36.750 
644.000 36.810 
645.000 36.810 
646.000 36.810 
647.000 36.810 
648.000 36.810 
649.000 36.810 
650.000 36.870 
651.000 36.870 
652.000 36.870 
653.000 36.870 
654.000 36.870 
655.000 36.930 
656.000 36.930 
657.000 36.930 
658.000 36.930 
659.000 36.930 
660.000 36.930 
661.000 36.930 
662.000 36.930 
663.000 36.930 
664.000 36.930 
665.000 36.930 
666.000 36.930 
667.000 36.930 
668.000 36.930 
669.000 36.930 
670.000 36.870 
671.000 36.870 
672.000 36.870 
673.000 36.870 
674.000 36.870 
675.000 36.870 
676.000 36.870 
677.000 36.870 
678.000 36.870 
679.000 36.870 
680.000 36.870 
681.000 36.870 
682.000 36.870 
683.000 36.870 
684.000 36.870 
685.000 36.930 
686.000 36.930 
687.000 36.930 
688.000 36.930 
689.000 36.930 
690.000 36.930 
691.000 37.000 
692.000 36.930 
693.000 37.000 
694.000 37.000 
695.000 37.000 
696.000 37.000 
697.000 37.000 
698.000 37.000 
699.000 37.000 
700.000 37.000 
701.000 37.000 
702.000 37.000 
703.000 37.000 
704.000 37.000 
705.000 37.000 
706.000 37.000 
707.000 37.000 
708.000 37.060 
709.000 37.060 
710.000 37.060 
711.000 37.060 
712.000 37.120 
713.000 37.180 
714.000 37.250 
715.000 37.310 
716.000 37.370 
717.000 37.500 
718.000 37.620 
719.000 37.680 
720.000 37.810 
721.000 37.930 
722.000 38.060 
723.000 38.250 
724.000 38.430 
725.000 38.560 
726.000 38.750 
727.000 38.930 
728.000 39.120 
729.000 39.310 
730.000 39.500 
731.000 39.680 
732.000 39.870 
733.000 40.060 
734.000 40.250 
735.000 40.430 
736.000 40.620 
737.000 40.810 
738.000 41.000 
739.000 41.180 
740.000 41.310 
741.000 41.500 
742.000 41.680 
743.000 41.870 
744.000 42.060 
745.000 42.250 
746.000 42.430 
747.000 42.620 
748.000 42.810 
749.000 42.930 
750.000 43.120 
751.000 43.250 
752.000 43.370 
753.000 43.560 
754.000 43.680 
755.000 43.870 
756.000 44.000 
757.000 44.180 
758.000 44.310 
759.000 44.430 
760.000 44.560 
761.000 44.680 
762.000 44.810 
763.000 44.930 
764.000 45.060 
765.000 45.180 
766.000 45.370 
767.000 45.500 
768.000 45.620 
769.000 45.810 
770.000 45.870 
771.000 46.060 
772.000 46.180 
773.000 46.250 
774.000 46.370 
775.000 46.500 
776.000 46.560 
777.000 46.620 
778.000 46.750 
779.000 46.810 
780.000 46.870 
781.000 47.000 
782.000 47.060 
783.000 47.180 
784.000 47.250 
785.000 47.310 
786.000 47.430 
787.000 47.500 
788.000 47.620 
789.000 47.680 
790.000 47.810 
791.000 47.870 
792.000 47.930 
793.000 48.060 
794.000 48.180 
795.000 48.250 
796.000 48.310 
797.000 48.430 
798.000 48.500 
799.000 48.620 
800.000 48.680 
801.000 48.750 
802.000 48.810 
803.000 48.870 
804.000 49.000 
805.000 49.060 
806.000 49.180 
807.000 49.250 
808.000 49.310 
809.000 49.430 
810.000 49.500 
811.000 49.500 
812.000 49.560 
813.000 49.560 
814.000 49.620 
815.000 49.680 
816.000 49.750 
817.000 49.810 
818.000 49.930 
819.000 50.000 
820.000 50.060 
821.000 50.120 
822.000 50.180 
823.000 50.310 
824.000 50.370 
825.000 50.370 
826.000 50.430 
827.000 50.430 
828.000 50.430 
829.000 50.430 
830.000 50.430 
831.000 50.430 
832.000 50.370 
833.000 50.310 
834.000 50.250 
835.000 50.180 
836.000 50.060 
837.000 50.000 
838.000 49.870 
839.000 49.680 
840.000 49.560 
841.000 49.370 
842.000 49.250 
843.000 49.060 
844.000 48.870 
845.000 48.750 
846.000 48.560 
847.000 48.370 
848.000 48.250 
849.000 48.060 
850.000 47.930 
851.000 47.810 
852.000 47.620 
853.000 47.560 
854.000 47.430 
855.000 47.310 
856.000 47.180 
857.000 47.120 
858.000 47.000 
859.000 46.930 
860.000 46.870 
861.000 46.750 
862.000 46.680 
863.000 46.680 
864.000 46.620 
865.000 46.560 
866.000 46.560 
867.000 46.500 
868.000 46.500 
869.000 46.430 
870.000 46.430 
871.000 46.430 
872.000 46.430 
873.000 46.370 
874.000 46.370 
875.000 46.370 
876.000 46.370 
877.000 46.370 
878.000 46.370 
879.000 46.430 
880.000 46.430 
881.000 46.430 
882.000 46.430 
883.000 46.430 
884.000 46.500 
885.000 46.500 
886.000 46.500 
887.000 46.500 
888.000 46.500 
889.000 46.560 
890.000 46.560 
891.000 46.560 
892.000 46.560 
893.000 46.560 
894.000 46.620 
895.000 46.620 
896.000 46.620 
897.000 46.680 
898.000 46.680 
899.000 46.680 
900.000 46.750 
901.000 46.750 
902.000 46.750 
903.000 46.810 
904.000 46.810 
905.000 46.870 
906.000 46.870 
907.000 46.870 
908.000 46.930 
909.000 46.930 
910.000 46.930 
911.000 47.000 
912.000 47.000 
913.000 47.000 
914.000 47.060 
915.000 47.060 
916.000 47.120 
917.000 47.120 
918.000 47.180 
919.000 47.180 
920.000 47.250 
921.000 47.250 
922.000 47.250 
923.000 47.310 
924.000 47.310 
925.000 47.310 
926.000 47.370 
927.000 47.370 
928.000 47.370 
929.000 47.430 
930.000 47.430 
931.000 47.430 
932.000 47.430 
933.000 47.430 
934.000 47.430 
935.000 47.430 
936.000 47.430 
937.000 47.430 
938.000 47.430 
939.000 47.430 
940.000 47.430 
941.000 47.370 
942.000 47.370 
943.000 47.370 
944.000 47.430 
945.000 47.430 
946.000 47.430 
947.000 47.430 
948.000 47.430 
949.000 47.430 
950.000 47.430 
951.000 47.430 
952.000 47.430 
953.000 47.430 
954.000 47.430 
955.000 47.430 
956.000 47.430 
957.000 47.430 
958.000 47.430 
959.000 47.430 
960.000 47.430 
961.000 47.430 
962.000 47.430 
963.000 47.430 
964.000 47.430 
965.000 47.370 
966.000 47.370 
967.000 47.370 
968.000 47.310 
969.000 47.310 
970.000 47.310 
971.000 47.250 
972.000 47.250 
973.000 47.250 
974.000 47.180 
975.000 47.180 
976.000 47.180 
977.000 47.120 
978.000 47.120 
979.000 47.120 
980.000 47.120 
981.000 47.060 
982.000 47.060 
983.000 47.060 
984.000 47.060 
985.000 47.060 
986.000 47.000 
987.000 47.000 
988.000 47.000 
989.000 47.000 
990.000 47.000 
991.000 47.000 
992.000 47.000 
993.000 47.000 
994.000 47.000 
995.000 47.000 
996.000 47.000 
997.000 47.000 
998.000 47.000 
999.000 47.060 
1000.000 47.000 
1001.000 47.060 
1002.000 47.060 
1003.000 47.060 
1004.000 47.000 
1005.000 47.000 
1006.000 47.000 
1007.000 47.000 
1008.000 47.000 
1009.000 47.000 
1010.000 47.000 
1011.000 47.000 
1012.000 47.060 
1013.000 47.060 
1014.000 47.060 
1015.000 47.060 
1016.000 47.060 
1017.000 47.060 
1018.000 47.060 
1019.000 47.060 
1020.000 47.000 
1021.000 47.000 
1022.000 47.000 
1023.000 47.000 
1024.000 47.000 
1025.000 47.000 
1026.000 47.000 
1027.000 47.000 
1028.000 47.000 
1029.000 47.000 
1030.000 47.000 
1031.000 47.000 
1032.000 47.000 
1033.000 47.000 
1034.000 47.000 
1035.000 47.000 
1036.000 47.060 
1037.000 47.060 
1038.000 47.060 
1039.000 47.060 
1040.000 47.060 
1041.000 47.060 
1042.000 47.060 
1043.000 47.060 
1044.000 47.060 
1045.000 47.060 
1046.000 47.060 
1047.000 47.060 
1048.000 47.060 
1049.000 47.000 
1050.000 47.060 
1051.000 47.000 
1052.000 47.000 
1053.000 47.000 
1054.000 47.000 
1055.000 47.000 
1056.000 47.000 
1057.000 46.930 
1058.000 46.930 
1059.000 46.930 
1060.000 46.930 
1061.000 46.870 
1062.000 46.750 
1063.000 46.680 
1064.000 46.560 
1065.000 46.430 
1066.000 46.370 
1067.000 46.180 
1068.000 46.060 
1069.000 45.930 
1070.000 45.750 
1071.000 45.560 
1072.000 45.310 
1073.000 45.120 
1074.000 44.930 
1075.000 44.750 
1076.000 44.500 
1077.000 44.310 
1078.000 44.120 
1079.000 43.870 
1080.000 43.680 
1081.000 43.430 
1082.000 43.250 
1083.000 43.000 
1084.000 42.750 
1085.000 42.560 
1086.000 42.310 
1087.000 42.120 
1088.000 41.870 
1089.000 41.680 
1090.000 41.430 
1091.000 41.250 
1092.000 41.060 
1093.000 40.870 
1094.000 40.620 
1095.000 40.430 
1096.000 40.250 
1097.000 40.060 
1098.000 39.810 
1099.000 39.620 
1100.000 39.430 
1101.000 39.250 
1102.000 39.060 
1103.000 38.870 
1104.000 38.680 
1105.000 38.500 
1106.000 38.370 
1107.000 38.180 
1108.000 38.000 
1109.000 37.810 
1110.000 37.620 
1111.000 37.500 
1112.000 37.310 
1113.000 37.120 
1114.000 37.000 
1115.000 36.810 
1116.000 36.680 
1117.000 36.500 
1118.000 36.370 
1119.000 36.250 
1120.000 36.120 
1121.000 35.930 
1122.000 35.810 
1123.000 35.680 
1124.000 35.560 
1125.000 35.430 
1126.000 35.250 
1127.000 35.120 
1128.000 35.000 
1129.000 34.870 
1130.000 34.750 
1131.000 34.620 
1132.000 34.500 
1133.000 34.370 
1134.000 34.250 
1135.000 34.180 
1136.000 34.000 
1137.000 33.930 
1138.000 33.810 
1139.000 33.680 
1140.000 33.620 
1141.000 33.500 
1142.000 33.430 
1143.000 33.310 
1144.000 33.250 
1145.000 33.120 
1146.000 33.060 
1147.000 32.930 
1148.000 32.870 
1149.000 32.750 
1150.000 32.680 
1151.000 32.620 
1152.000 32.500 
1153.000 32.430 
1154.000 32.370 
1155.000 32.250 
1156.000 32.180 
1157.000 32.120 
1158.000 32.060 
1159.000 32.000 
1160.000 31.930 
1161.000 31.810 
1162.000 31.750 
1163.000 31.680 
1164.000 31.620 
1165.000 31.500 
1166.000 31.430 
1167.000 31.370 
1168.000 31.310 
1169.000 31.250 
1170.000 31.180 
1171.000 31.120 
1172.000 31.060 
1173.000 31.000 
1174.000 30.930 
1175.000 30.870 
1176.000 30.810 
1177.000 30.750 
1178.000 30.680 
1179.000 30.620 
1180.000 30.560 
1181.000 30.500 
1182.000 30.430 
1183.000 30.370 
1184.000 30.310 
1185.000 30.250 
1186.000 30.180 
1187.000 30.120 
1188.000 30.060 
1189.000 30.060 
1190.000 30.000 
1191.000 29.930 
1192.000 29.870 
1193.000 29.810 
1194.000 29.750 
1195.000 29.680 
1196.000 29.620 
1197.000 29.620 
1198.000 29.560 
1199.000 29.500 
1200.000 29.430 
1201.000 29.430 
1202.000 29.370 
1203.000 29.370 
1204.000 29.310 
1205.000 29.250 
1206.000 29.250 
1207.000 29.180 
1208.000 29.120 
1209.000 29.120 
1210.000 29.060 
1211.000 29.060 
1212.000 29.000 
1213.000 28.930 
1214.000 28.930 
1215.000 28.870 
1216.000 28.870 
1217.000 28.810 
1218.000 28.810 
1219.000 28.750 
1220.000 28.680 
1221.000 28.680 
1222.000 28.620 
1223.000 28.620 
1224.000 28.620 
1225.000 28.560 
1226.000 28.560 
1227.000 28.500 
1228.000 28.430 
1229.000 28.430 
1230.000 28.370 
1231.000 28.370 
1232.000 28.370 
1233.000 28.310 
1234.000 28.310 
1235.000 28.310 
1236.000 28.250 
1237.000 28.250 
1238.000 28.180 
1239.000 28.180 
1240.000 28.180 
1241.000 28.120 
1242.000 28.120 
1243.000 28.120 
1244.000 28.060 
1245.000 28.060 
1246.000 28.000 
1247.000 28.000 
1248.000 27.930 
1249.000 27.930 
1250.000 27.930 
1251.000 27.870 
1252.000 27.870 
1253.000 27.810 
1254.000 27.810 
1255.000 27.750 
1256.000 27.750 
1257.000 27.680 
1258.000 27.680 
1259.000 27.680 
1260.000 27.620 
1261.000 27.620 
1262.000 27.620 
1263.000 27.560 
1264.000 27.560 
1265.000 27.560 
1266.000 27.500 
1267.000 27.500 
1268.000 27.500 
1269.000 27.430 
1270.000 27.430 
1271.000 27.430 
1272.000 27.370 
1273.000 27.370 
1274.000 27.370 
1275.000 27.370 
1276.000 27.370 
1277.000 27.310 
1278.000 27.370 
1279.000 27.370 
1280.000 27.370 
1281.000 27.430 
1282.000 27.500 
1283.000 27.560 
1284.000 27.680 
1285.000 27.750 
1286.000 27.870 
1287.000 28.000 
1288.000 28.120 
1289.000 28.310 
1290.000 28.430 
1291.000 28.620 
1292.000 28.810 
1293.000 29.000 
1294.000 29.180 
1295.000 29.370 
1296.000 29.560 
1297.000 29.750 
1298.000 29.930 
1299.000 30.120 
1300.000 30.310 
1301.000 30.430 
1302.000 30.620 
1303.000 30.810 
1304.000 30.930 
1305.000 31.060 
1306.000 31.180 
1307.000 31.310 
1308.000 31.430 
1309.000 31.500 
1310.000 31.620 
1311.000 31.680 
1312.000 31.750 
1313.000 31.810 
1314.000 31.870 
1315.000 31.930 
1316.000 31.930 
1317.000 32.000 
1318.000 32.000 
1319.000 32.000 
1320.000 32.000 
1321.000 31.930 
1322.000 31.930 
1323.000 31.870 
1324.000 31.870 
1325.000 31.810 
1326.000 31.750 
1327.000 31.750 
1328.000 31.680 
1329.000 31.620 
1330.000 31.500 
1331.000 31.500 
1332.000 31.430 
1333.000 31.370 
1334.000 31.310 
1335.000 31.250 
1336.000 31.180 
1337.000 31.120 
1338.000 31.060 
1339.000 31.060 
1340.000 31.000 
1341.000 30.930 
1342.000 30.930 
1343.000 30.870 
1344.000 30.870 
1345.000 30.810 
1346.000 30.810 
1347.000 30.750 
1348.000 30.750 
1349.000 30.680 
1350.000 30.680 
1351.000 30.680 
1352.000 30.680 
1353.000 30.680 
1354.000 30.680 
1355.000 30.680 
1356.000 30.680 
1357.000 30.680 
1358.000 30.680 
1359.000 30.680 
1360.000 30.680 
1361.000 30.750 
1362.000 30.750 
1363.000 30.750 
1364.000 30.810 
1365.000 30.810 
1366.000 30.810 
1367.000 30.870 
1368.000 30.870 
1369.000 30.930 
1370.000 30.930 
1371.000 31.000 
1372.000 31.000 
1373.000 31.060 
1374.000 31.060 
1375.000 31.120 
1376.000 31.120 
1377.000 31.180 
1378.000 31.250 
1379.000 31.250 
1380.000 31.310 
1381.000 31.370 
1382.000 31.370 
1383.000 31.430 
1384.000 31.430 
1385.000 31.500 
1386.000 31.500 
1387.000 31.560 
1388.000 31.560 
1389.000 31.560 
1390.000 31.560 
1391.000 31.620 
1392.000 31.620 
1393.000 31.620 
1394.000 31.620 
1395.000 31.620 
1396.000 31.620 
1397.000 31.620 
1398.000 31.620 
1399.000 31.620 
1400.000 31.620 
