1.000 70.000 
2.000 70.000 
3.000 70.000 
4.000 70.000 
5.000 70.000 
6.000 70.000 
7.000 70.000 
8.000 70.000 
9.000 70.000 
10.000 70.000 
11.000 70.000 
12.000 70.000 
13.000 70.000 
14.000 70.000 
15.000 70.000 
16.000 70.000 
17.000 70.000 
18.000 70.000 
19.000 70.000 
20.000 70.000 
21.000 70.000 
22.000 70.000 
23.000 70.000 
24.000 70.000 
25.000 70.000 
26.000 70.000 
27.000 70.000 
28.000 70.000 
29.000 70.000 
30.000 70.000 
31.000 70.000 
32.000 70.000 
33.000 70.000 
34.000 70.000 
35.000 70.000 
36.000 70.000 
37.000 70.000 
38.000 70.000 
39.000 70.000 
40.000 70.000 
41.000 70.000 
42.000 70.000 
43.000 70.000 
44.000 70.000 
45.000 70.000 
46.000 70.000 
47.000 70.000 
48.000 70.000 
49.000 70.000 
50.000 70.000 
51.000 70.000 
52.000 70.000 
53.000 70.000 
54.000 70.000 
55.000 70.000 
56.000 70.000 
57.000 70.000 
58.000 70.000 
59.000 70.000 
60.000 70.000 
61.000 70.000 
62.000 70.000 
63.000 70.000 
64.000 70.000 
65.000 70.000 
66.000 70.000 
67.000 70.000 
68.000 70.000 
69.000 70.000 
70.000 70.000 
71.000 70.000 
72.000 70.000 
73.000 70.000 
74.000 70.000 
75.000 70.000 
76.000 70.000 
77.000 70.000 
78.000 70.000 
79.000 70.000 
80.000 70.000 
81.000 70.000 
82.000 70.000 
83.000 70.000 
84.000 70.000 
85.000 70.000 
86.000 70.000 
87.000 70.000 
88.000 70.000 
89.000 70.000 
90.000 70.000 
91.000 70.000 
92.000 70.000 
93.000 70.000 
94.000 70.000 
95.000 70.000 
96.000 70.000 
97.000 70.000 
98.000 70.000 
99.000 70.000 
100.000 70.000 
101.000 70.000 
102.000 70.000 
103.000 70.000 
104.000 70.000 
105.000 70.000 
106.000 70.000 
107.000 70.000 
108.000 70.000 
109.000 70.000 
110.000 70.000 
111.000 70.000 
112.000 70.000 
113.000 70.000 
114.000 70.000 
115.000 70.000 
116.000 70.000 
117.000 70.000 
118.000 70.000 
119.000 70.000 
120.000 70.000 
121.000 70.000 
122.000 70.000 
123.000 70.000 
124.000 70.000 
125.000 70.000 
126.000 70.000 
127.000 70.000 
128.000 70.000 
129.000 70.000 
130.000 70.000 
131.000 70.000 
132.000 70.000 
133.000 70.000 
134.000 70.000 
135.000 70.000 
136.000 70.000 
137.000 70.000 
138.000 70.000 
139.000 70.000 
140.000 70.000 
141.000 70.000 
142.000 70.000 
143.000 70.000 
144.000 70.000 
145.000 70.000 
146.000 70.000 
147.000 70.000 
148.000 70.000 
149.000 70.000 
150.000 70.000 
151.000 70.000 
152.000 70.000 
153.000 70.000 
154.000 70.000 
155.000 70.000 
156.000 70.000 
157.000 70.000 
158.000 70.000 
159.000 70.000 
160.000 70.000 
161.000 70.000 
162.000 70.000 
163.000 70.000 
164.000 70.000 
165.000 70.000 
166.000 70.000 
167.000 70.000 
168.000 70.000 
169.000 70.000 
170.000 70.000 
171.000 70.000 
172.000 70.000 
173.000 70.000 
174.000 70.000 
175.000 70.000 
176.000 70.000 
177.000 70.000 
178.000 70.000 
179.000 70.000 
180.000 70.000 
181.000 70.000 
182.000 70.000 
183.000 70.000 
184.000 70.000 
185.000 70.000 
186.000 70.000 
187.000 70.000 
188.000 70.000 
189.000 70.000 
190.000 70.000 
191.000 70.000 
192.000 70.000 
193.000 70.000 
194.000 70.000 
195.000 70.000 
196.000 70.000 
197.000 70.000 
198.000 70.000 
199.000 70.000 
200.000 70.000 
201.000 70.000 
202.000 70.000 
203.000 70.000 
204.000 70.000 
205.000 70.000 
206.000 70.000 
207.000 70.000 
208.000 70.000 
209.000 70.000 
210.000 70.000 
211.000 70.000 
212.000 70.000 
213.000 70.000 
214.000 70.000 
215.000 70.000 
216.000 70.000 
217.000 70.000 
218.000 70.000 
219.000 70.000 
220.000 70.000 
221.000 70.000 
222.000 70.000 
223.000 70.000 
224.000 70.000 
225.000 70.000 
226.000 70.000 
227.000 70.000 
228.000 70.000 
229.000 70.000 
230.000 70.000 
231.000 70.000 
232.000 70.000 
233.000 70.000 
234.000 70.000 
235.000 70.000 
236.000 70.000 
237.000 70.000 
238.000 70.000 
239.000 70.000 
240.000 70.000 
241.000 70.000 
242.000 70.000 
243.000 70.000 
244.000 70.000 
245.000 70.000 
246.000 70.000 
247.000 70.000 
248.000 70.000 
249.000 70.000 
250.000 70.000 
251.000 70.000 
252.000 70.000 
253.000 70.000 
254.000 70.000 
255.000 70.000 
256.000 70.000 
257.000 70.000 
258.000 70.000 
259.000 70.000 
260.000 70.000 
261.000 70.000 
262.000 70.000 
263.000 70.000 
264.000 70.000 
265.000 70.000 
266.000 70.000 
267.000 70.000 
268.000 70.000 
269.000 70.000 
270.000 70.000 
271.000 70.000 
272.000 70.000 
273.000 70.000 
274.000 70.000 
275.000 70.000 
276.000 70.000 
277.000 70.000 
278.000 70.000 
279.000 70.000 
280.000 70.000 
281.000 70.000 
282.000 70.000 
283.000 70.000 
284.000 70.000 
285.000 70.000 
286.000 70.000 
287.000 70.000 
288.000 70.000 
289.000 70.000 
290.000 70.000 
291.000 70.000 
292.000 70.000 
293.000 70.000 
294.000 70.000 
295.000 70.000 
296.000 70.000 
297.000 70.000 
298.000 70.000 
299.000 70.000 
300.000 70.000 
301.000 70.000 
302.000 70.000 
303.000 70.000 
304.000 70.000 
305.000 70.000 
306.000 70.000 
307.000 70.000 
308.000 70.000 
309.000 70.000 
310.000 70.000 
311.000 70.000 
312.000 70.000 
313.000 70.000 
314.000 70.000 
315.000 70.000 
316.000 70.000 
317.000 70.000 
318.000 70.000 
319.000 70.000 
320.000 70.000 
321.000 70.000 
322.000 70.000 
323.000 70.000 
324.000 70.000 
325.000 70.000 
326.000 70.000 
327.000 70.000 
328.000 70.000 
329.000 70.000 
330.000 70.000 
331.000 70.000 
332.000 70.000 
333.000 70.000 
334.000 70.000 
335.000 70.000 
336.000 70.000 
337.000 70.000 
338.000 70.000 
339.000 70.000 
340.000 70.000 
341.000 70.000 
342.000 70.000 
343.000 70.000 
344.000 70.000 
345.000 70.000 
346.000 70.000 
347.000 70.000 
348.000 70.000 
349.000 70.000 
350.000 70.000 
351.000 70.000 
352.000 70.000 
353.000 70.000 
354.000 70.000 
355.000 70.000 
356.000 70.000 
357.000 70.000 
358.000 70.000 
359.000 70.000 
360.000 70.000 
361.000 70.000 
362.000 70.000 
363.000 70.000 
364.000 70.000 
365.000 70.000 
366.000 70.000 
367.000 70.000 
368.000 70.000 
369.000 70.000 
370.000 70.000 
371.000 70.000 
372.000 70.000 
373.000 70.000 
374.000 70.000 
375.000 70.000 
376.000 70.000 
377.000 70.000 
378.000 70.000 
379.000 70.000 
380.000 70.000 
381.000 70.000 
382.000 70.000 
383.000 70.000 
384.000 70.000 
385.000 70.000 
386.000 70.000 
387.000 70.000 
388.000 70.000 
389.000 70.000 
390.000 70.000 
391.000 70.000 
392.000 70.000 
393.000 70.000 
394.000 70.000 
395.000 70.000 
396.000 70.000 
397.000 70.000 
398.000 70.000 
399.000 70.000 
400.000 70.000 
401.000 70.000 
402.000 70.000 
403.000 70.000 
404.000 70.000 
405.000 70.000 
406.000 70.000 
407.000 70.000 
408.000 70.000 
409.000 70.000 
410.000 70.000 
411.000 70.000 
412.000 70.000 
413.000 70.000 
414.000 70.000 
415.000 70.000 
416.000 70.000 
417.000 70.000 
418.000 70.000 
419.000 70.000 
420.000 70.000 
421.000 70.000 
422.000 70.000 
423.000 70.000 
424.000 70.000 
425.000 70.000 
426.000 70.000 
427.000 70.000 
428.000 70.000 
429.000 70.000 
430.000 70.000 
431.000 70.000 
432.000 70.000 
433.000 70.000 
434.000 70.000 
435.000 70.000 
436.000 70.000 
437.000 70.000 
438.000 70.000 
439.000 70.000 
440.000 70.000 
441.000 70.000 
442.000 70.000 
443.000 70.000 
444.000 70.000 
445.000 70.000 
446.000 70.000 
447.000 70.000 
448.000 70.000 
449.000 70.000 
450.000 70.000 
451.000 70.000 
452.000 70.000 
453.000 70.000 
454.000 70.000 
455.000 70.000 
456.000 70.000 
457.000 70.000 
458.000 70.000 
459.000 70.000 
460.000 70.000 
461.000 70.000 
462.000 70.000 
463.000 70.000 
464.000 70.000 
465.000 70.000 
466.000 70.000 
467.000 70.000 
468.000 70.000 
469.000 70.000 
470.000 70.000 
471.000 70.000 
472.000 70.000 
473.000 70.000 
474.000 70.000 
475.000 70.000 
476.000 70.000 
477.000 70.000 
478.000 70.000 
479.000 70.000 
480.000 70.000 
481.000 70.000 
482.000 70.000 
483.000 70.000 
484.000 70.000 
485.000 70.000 
486.000 70.000 
487.000 70.000 
488.000 70.000 
489.000 70.000 
490.000 70.000 
491.000 70.000 
492.000 70.000 
493.000 70.000 
494.000 70.000 
495.000 70.000 
496.000 70.000 
497.000 70.000 
498.000 70.000 
499.000 70.000 
500.000 70.000 
501.000 70.000 
502.000 70.000 
503.000 70.000 
504.000 70.000 
505.000 70.000 
506.000 70.000 
507.000 70.000 
508.000 70.000 
509.000 70.000 
510.000 70.000 
511.000 70.000 
512.000 70.000 
513.000 70.000 
514.000 70.000 
515.000 70.000 
516.000 70.000 
517.000 70.000 
518.000 70.000 
519.000 70.000 
520.000 70.000 
521.000 70.000 
522.000 70.000 
523.000 70.000 
524.000 70.000 
525.000 70.000 
526.000 70.000 
527.000 70.000 
528.000 70.000 
529.000 70.000 
530.000 70.000 
531.000 70.000 
532.000 70.000 
533.000 70.000 
534.000 70.000 
535.000 70.000 
536.000 70.000 
537.000 70.000 
538.000 70.000 
539.000 70.000 
540.000 70.000 
541.000 70.000 
542.000 70.000 
543.000 70.000 
544.000 70.000 
545.000 70.000 
546.000 70.000 
547.000 70.000 
548.000 70.000 
549.000 70.000 
550.000 70.000 
551.000 70.000 
552.000 70.000 
553.000 70.000 
554.000 70.000 
555.000 70.000 
556.000 70.000 
557.000 70.000 
558.000 70.000 
559.000 70.000 
560.000 70.000 
561.000 70.000 
562.000 70.000 
563.000 70.000 
564.000 70.000 
565.000 70.000 
566.000 70.000 
567.000 70.000 
568.000 70.000 
569.000 70.000 
570.000 70.000 
571.000 70.000 
572.000 70.000 
573.000 70.000 
574.000 70.000 
575.000 70.000 
576.000 70.000 
577.000 70.000 
578.000 70.000 
579.000 70.000 
580.000 70.000 
581.000 70.000 
582.000 70.000 
583.000 70.000 
584.000 70.000 
585.000 70.000 
586.000 70.000 
587.000 70.000 
588.000 70.000 
589.000 70.000 
590.000 70.000 
591.000 70.000 
592.000 70.000 
593.000 70.000 
594.000 70.000 
595.000 70.000 
596.000 70.000 
597.000 70.000 
598.000 70.000 
599.000 70.000 
600.000 70.000 
601.000 70.000 
602.000 70.000 
603.000 70.000 
604.000 70.000 
605.000 70.000 
606.000 70.000 
607.000 70.000 
608.000 70.000 
609.000 70.000 
610.000 70.000 
611.000 70.000 
612.000 70.000 
613.000 70.000 
614.000 70.000 
615.000 70.000 
616.000 70.000 
617.000 70.000 
618.000 70.000 
619.000 70.000 
620.000 70.000 
621.000 70.000 
622.000 70.000 
623.000 70.000 
624.000 70.000 
625.000 70.000 
626.000 70.000 
627.000 70.000 
628.000 70.000 
629.000 70.000 
630.000 70.000 
631.000 70.000 
632.000 70.000 
633.000 70.000 
634.000 70.000 
635.000 70.000 
636.000 70.000 
637.000 70.000 
638.000 70.000 
639.000 70.000 
640.000 70.000 
641.000 70.000 
642.000 70.000 
643.000 70.000 
644.000 70.000 
645.000 70.000 
646.000 70.000 
647.000 70.000 
648.000 70.000 
649.000 70.000 
650.000 70.000 
651.000 70.000 
652.000 70.000 
653.000 70.000 
654.000 70.000 
655.000 70.000 
656.000 70.000 
657.000 70.000 
658.000 70.000 
659.000 70.000 
660.000 70.000 
661.000 70.000 
662.000 70.000 
663.000 70.000 
664.000 70.000 
665.000 70.000 
666.000 70.000 
667.000 70.000 
668.000 70.000 
669.000 70.000 
670.000 70.000 
671.000 70.000 
672.000 70.000 
673.000 70.000 
674.000 70.000 
675.000 70.000 
676.000 70.000 
677.000 70.000 
678.000 70.000 
679.000 70.000 
680.000 70.000 
681.000 70.000 
682.000 70.000 
683.000 70.000 
684.000 70.000 
685.000 70.000 
686.000 70.000 
687.000 70.000 
688.000 70.000 
689.000 70.000 
690.000 70.000 
691.000 70.000 
692.000 70.000 
693.000 70.000 
694.000 70.000 
695.000 70.000 
696.000 70.000 
697.000 70.000 
698.000 70.000 
699.000 70.000 
700.000 70.000 
701.000 70.000 
702.000 70.000 
703.000 70.000 
704.000 70.000 
705.000 70.000 
