1.000 80.000 
2.000 80.000 
3.000 80.000 
4.000 80.000 
5.000 80.000 
6.000 80.000 
7.000 80.000 
8.000 80.000 
9.000 80.000 
10.000 80.000 
11.000 80.000 
12.000 80.000 
13.000 80.000 
14.000 80.000 
15.000 80.000 
16.000 80.000 
17.000 80.000 
18.000 80.000 
19.000 80.000 
20.000 80.000 
21.000 80.000 
22.000 80.000 
23.000 80.000 
24.000 80.000 
25.000 80.000 
26.000 80.000 
27.000 80.000 
28.000 80.000 
29.000 80.000 
30.000 80.000 
31.000 80.000 
32.000 80.000 
33.000 80.000 
34.000 80.000 
35.000 80.000 
36.000 80.000 
37.000 80.000 
38.000 80.000 
39.000 80.000 
40.000 80.000 
41.000 80.000 
42.000 80.000 
43.000 80.000 
44.000 80.000 
45.000 80.000 
46.000 80.000 
47.000 80.000 
48.000 80.000 
49.000 80.000 
50.000 80.000 
51.000 80.000 
52.000 80.000 
53.000 80.000 
54.000 80.000 
55.000 80.000 
56.000 80.000 
57.000 80.000 
58.000 80.000 
59.000 80.000 
60.000 80.000 
61.000 80.000 
62.000 80.000 
63.000 80.000 
64.000 80.000 
65.000 80.000 
66.000 80.000 
67.000 80.000 
68.000 80.000 
69.000 80.000 
70.000 80.000 
71.000 80.000 
72.000 80.000 
73.000 80.000 
74.000 80.000 
75.000 80.000 
76.000 80.000 
77.000 80.000 
78.000 80.000 
79.000 80.000 
80.000 80.000 
81.000 80.000 
82.000 80.000 
83.000 80.000 
84.000 80.000 
85.000 80.000 
86.000 80.000 
87.000 80.000 
88.000 80.000 
89.000 80.000 
90.000 80.000 
91.000 80.000 
92.000 80.000 
93.000 80.000 
94.000 80.000 
95.000 80.000 
96.000 80.000 
97.000 80.000 
98.000 80.000 
99.000 80.000 
100.000 80.000 
101.000 80.000 
102.000 80.000 
103.000 80.000 
104.000 80.000 
105.000 80.000 
106.000 80.000 
107.000 80.000 
108.000 80.000 
109.000 80.000 
110.000 80.000 
111.000 80.000 
112.000 80.000 
113.000 80.000 
114.000 80.000 
115.000 80.000 
116.000 80.000 
117.000 80.000 
118.000 80.000 
119.000 80.000 
120.000 80.000 
121.000 80.000 
122.000 80.000 
123.000 80.000 
124.000 80.000 
125.000 80.000 
126.000 80.000 
127.000 80.000 
128.000 80.000 
129.000 80.000 
130.000 80.000 
131.000 80.000 
132.000 80.000 
133.000 80.000 
134.000 80.000 
135.000 80.000 
136.000 80.000 
137.000 80.000 
138.000 80.000 
139.000 80.000 
140.000 80.000 
141.000 80.000 
142.000 80.000 
143.000 80.000 
144.000 80.000 
145.000 80.000 
146.000 80.000 
147.000 80.000 
148.000 80.000 
149.000 80.000 
150.000 80.000 
151.000 80.000 
152.000 80.000 
153.000 80.000 
154.000 80.000 
155.000 80.000 
156.000 80.000 
157.000 80.000 
158.000 80.000 
159.000 80.000 
160.000 80.000 
161.000 80.000 
162.000 80.000 
163.000 80.000 
164.000 80.000 
165.000 80.000 
166.000 80.000 
167.000 80.000 
168.000 80.000 
169.000 80.000 
170.000 80.000 
171.000 80.000 
172.000 80.000 
173.000 80.000 
174.000 80.000 
175.000 80.000 
176.000 80.000 
177.000 80.000 
178.000 80.000 
179.000 80.000 
180.000 80.000 
181.000 80.000 
182.000 80.000 
183.000 80.000 
184.000 80.000 
185.000 80.000 
186.000 80.000 
187.000 80.000 
188.000 80.000 
189.000 80.000 
190.000 80.000 
191.000 80.000 
192.000 80.000 
193.000 80.000 
194.000 80.000 
195.000 80.000 
196.000 80.000 
197.000 80.000 
198.000 80.000 
199.000 80.000 
200.000 80.000 
201.000 80.000 
202.000 80.000 
203.000 80.000 
204.000 80.000 
205.000 80.000 
206.000 80.000 
207.000 80.000 
208.000 80.000 
209.000 80.000 
210.000 80.000 
211.000 80.000 
212.000 80.000 
213.000 80.000 
214.000 80.000 
215.000 80.000 
216.000 80.000 
217.000 80.000 
218.000 80.000 
219.000 80.000 
220.000 80.000 
221.000 80.000 
222.000 80.000 
223.000 80.000 
224.000 80.000 
225.000 80.000 
226.000 80.000 
227.000 80.000 
228.000 80.000 
229.000 80.000 
230.000 80.000 
231.000 80.000 
232.000 80.000 
233.000 80.000 
234.000 80.000 
235.000 80.000 
236.000 80.000 
237.000 80.000 
238.000 80.000 
239.000 80.000 
240.000 80.000 
241.000 80.000 
242.000 80.000 
243.000 80.000 
244.000 80.000 
245.000 80.000 
246.000 80.000 
247.000 80.000 
248.000 80.000 
249.000 80.000 
250.000 80.000 
251.000 80.000 
252.000 80.000 
253.000 80.000 
254.000 80.000 
255.000 80.000 
256.000 80.000 
257.000 80.000 
258.000 80.000 
259.000 80.000 
260.000 80.000 
261.000 80.000 
262.000 80.000 
263.000 80.000 
264.000 80.000 
265.000 80.000 
266.000 80.000 
267.000 80.000 
268.000 80.000 
269.000 80.000 
270.000 80.000 
271.000 80.000 
272.000 80.000 
273.000 80.000 
274.000 80.000 
275.000 80.000 
276.000 80.000 
277.000 80.000 
278.000 80.000 
279.000 80.000 
280.000 80.000 
281.000 80.000 
282.000 80.000 
283.000 80.000 
284.000 80.000 
285.000 80.000 
286.000 80.000 
287.000 80.000 
288.000 80.000 
289.000 80.000 
290.000 80.000 
291.000 80.000 
292.000 80.000 
293.000 80.000 
294.000 80.000 
295.000 80.000 
296.000 80.000 
297.000 80.000 
298.000 80.000 
299.000 80.000 
300.000 80.000 
301.000 80.000 
302.000 80.000 
303.000 80.000 
304.000 80.000 
305.000 80.000 
306.000 80.000 
307.000 80.000 
308.000 80.000 
309.000 80.000 
310.000 80.000 
311.000 80.000 
312.000 80.000 
313.000 80.000 
314.000 80.000 
315.000 80.000 
316.000 80.000 
317.000 80.000 
318.000 80.000 
319.000 80.000 
320.000 80.000 
321.000 80.000 
322.000 80.000 
323.000 80.000 
324.000 80.000 
325.000 80.000 
326.000 80.000 
327.000 80.000 
328.000 80.000 
329.000 80.000 
330.000 80.000 
331.000 80.000 
332.000 80.000 
333.000 80.000 
334.000 80.000 
335.000 80.000 
336.000 80.000 
337.000 80.000 
338.000 80.000 
339.000 80.000 
340.000 80.000 
341.000 80.000 
342.000 80.000 
343.000 80.000 
344.000 80.000 
345.000 80.000 
346.000 80.000 
347.000 80.000 
348.000 80.000 
349.000 80.000 
350.000 80.000 
351.000 80.000 
352.000 80.000 
353.000 80.000 
354.000 80.000 
355.000 80.000 
356.000 80.000 
357.000 80.000 
358.000 80.000 
359.000 80.000 
360.000 80.000 
361.000 80.000 
362.000 80.000 
363.000 80.000 
364.000 80.000 
365.000 80.000 
366.000 80.000 
367.000 80.000 
368.000 80.000 
369.000 80.000 
370.000 80.000 
371.000 80.000 
372.000 80.000 
373.000 80.000 
374.000 80.000 
375.000 80.000 
376.000 80.000 
377.000 80.000 
378.000 80.000 
379.000 80.000 
380.000 80.000 
381.000 80.000 
382.000 80.000 
383.000 80.000 
384.000 80.000 
385.000 80.000 
386.000 80.000 
387.000 80.000 
388.000 80.000 
389.000 80.000 
390.000 80.000 
391.000 80.000 
392.000 80.000 
393.000 80.000 
394.000 80.000 
395.000 80.000 
396.000 80.000 
397.000 80.000 
398.000 80.000 
399.000 80.000 
400.000 80.000 
401.000 80.000 
402.000 80.000 
403.000 80.000 
404.000 80.000 
405.000 80.000 
406.000 80.000 
407.000 80.000 
408.000 80.000 
409.000 80.000 
410.000 80.000 
411.000 80.000 
412.000 80.000 
413.000 80.000 
414.000 80.000 
415.000 80.000 
416.000 80.000 
417.000 80.000 
418.000 80.000 
419.000 80.000 
420.000 80.000 
421.000 80.000 
422.000 80.000 
423.000 80.000 
424.000 80.000 
425.000 80.000 
426.000 80.000 
427.000 80.000 
428.000 80.000 
429.000 80.000 
430.000 80.000 
431.000 80.000 
432.000 80.000 
433.000 80.000 
434.000 80.000 
435.000 80.000 
436.000 80.000 
437.000 80.000 
438.000 80.000 
439.000 80.000 
440.000 80.000 
441.000 80.000 
442.000 80.000 
443.000 80.000 
444.000 80.000 
445.000 80.000 
446.000 80.000 
447.000 80.000 
448.000 80.000 
449.000 80.000 
450.000 80.000 
451.000 80.000 
452.000 80.000 
453.000 80.000 
454.000 80.000 
455.000 80.000 
456.000 80.000 
457.000 80.000 
458.000 80.000 
459.000 80.000 
460.000 80.000 
461.000 80.000 
462.000 80.000 
463.000 80.000 
464.000 80.000 
465.000 80.000 
466.000 80.000 
467.000 80.000 
468.000 80.000 
469.000 80.000 
470.000 80.000 
471.000 80.000 
472.000 80.000 
473.000 80.000 
474.000 80.000 
475.000 80.000 
476.000 80.000 
477.000 80.000 
478.000 80.000 
479.000 80.000 
480.000 80.000 
481.000 80.000 
482.000 80.000 
483.000 80.000 
484.000 80.000 
485.000 80.000 
486.000 80.000 
487.000 80.000 
488.000 80.000 
489.000 80.000 
490.000 80.000 
491.000 80.000 
492.000 80.000 
493.000 80.000 
494.000 80.000 
495.000 80.000 
496.000 80.000 
497.000 80.000 
498.000 80.000 
499.000 80.000 
500.000 80.000 
501.000 80.000 
502.000 80.000 
503.000 80.000 
504.000 80.000 
505.000 80.000 
506.000 80.000 
507.000 80.000 
508.000 80.000 
509.000 80.000 
510.000 80.000 
511.000 80.000 
512.000 80.000 
513.000 80.000 
514.000 80.000 
515.000 80.000 
516.000 80.000 
517.000 80.000 
518.000 80.000 
519.000 80.000 
520.000 80.000 
521.000 80.000 
522.000 80.000 
523.000 80.000 
524.000 80.000 
525.000 80.000 
526.000 80.000 
527.000 80.000 
528.000 80.000 
529.000 80.000 
530.000 80.000 
531.000 80.000 
532.000 80.000 
533.000 80.000 
534.000 80.000 
535.000 80.000 
536.000 80.000 
537.000 80.000 
538.000 80.000 
539.000 80.000 
540.000 80.000 
541.000 80.000 
542.000 80.000 
543.000 80.000 
544.000 80.000 
545.000 80.000 
546.000 80.000 
547.000 80.000 
548.000 80.000 
549.000 80.000 
550.000 80.000 
551.000 80.000 
552.000 80.000 
553.000 80.000 
554.000 80.000 
555.000 80.000 
556.000 80.000 
557.000 80.000 
558.000 80.000 
559.000 80.000 
560.000 80.000 
561.000 80.000 
562.000 80.000 
563.000 80.000 
564.000 80.000 
565.000 80.000 
566.000 80.000 
567.000 80.000 
568.000 80.000 
569.000 80.000 
570.000 80.000 
571.000 80.000 
572.000 80.000 
573.000 80.000 
574.000 80.000 
575.000 80.000 
576.000 80.000 
577.000 80.000 
578.000 80.000 
579.000 80.000 
580.000 80.000 
581.000 80.000 
582.000 80.000 
583.000 80.000 
584.000 80.000 
585.000 80.000 
586.000 80.000 
587.000 80.000 
588.000 80.000 
589.000 80.000 
590.000 80.000 
591.000 80.000 
592.000 80.000 
593.000 80.000 
594.000 80.000 
595.000 80.000 
596.000 80.000 
597.000 80.000 
598.000 80.000 
599.000 80.000 
600.000 80.000 
601.000 80.000 
602.000 80.000 
603.000 80.000 
604.000 80.000 
605.000 80.000 
606.000 80.000 
607.000 80.000 
608.000 80.000 
609.000 80.000 
610.000 80.000 
611.000 80.000 
612.000 80.000 
613.000 80.000 
614.000 80.000 
615.000 80.000 
616.000 80.000 
617.000 80.000 
618.000 80.000 
619.000 80.000 
620.000 80.000 
621.000 80.000 
622.000 80.000 
623.000 80.000 
624.000 80.000 
625.000 80.000 
626.000 80.000 
627.000 80.000 
628.000 80.000 
629.000 80.000 
630.000 80.000 
631.000 80.000 
632.000 80.000 
633.000 80.000 
634.000 80.000 
635.000 80.000 
636.000 80.000 
637.000 80.000 
638.000 80.000 
639.000 80.000 
640.000 80.000 
