1.000 45.180 
2.000 45.180 
3.000 45.180 
4.000 45.180 
5.000 45.180 
6.000 45.180 
7.000 45.120 
8.000 45.180 
9.000 45.120 
10.000 45.180 
11.000 45.120 
12.000 45.180 
13.000 45.180 
14.000 45.180 
15.000 45.180 
16.000 45.250 
17.000 45.250 
18.000 45.250 
19.000 45.250 
20.000 45.250 
21.000 45.250 
22.000 45.310 
23.000 45.310 
24.000 45.310 
25.000 45.370 
26.000 45.370 
27.000 45.430 
28.000 45.430 
29.000 45.500 
30.000 45.560 
31.000 45.560 
32.000 45.620 
33.000 45.620 
34.000 45.620 
35.000 45.680 
36.000 45.680 
37.000 45.680 
38.000 45.680 
39.000 45.680 
40.000 45.750 
41.000 45.750 
42.000 45.750 
43.000 45.750 
44.000 45.810 
45.000 45.810 
46.000 45.810 
47.000 45.870 
48.000 45.870 
49.000 45.930 
50.000 45.930 
51.000 45.930 
52.000 46.000 
53.000 46.060 
54.000 46.060 
55.000 46.120 
56.000 46.120 
57.000 46.120 
58.000 46.180 
59.000 46.180 
60.000 46.180 
61.000 46.250 
62.000 46.250 
63.000 46.250 
64.000 46.310 
65.000 46.310 
66.000 46.370 
67.000 46.370 
68.000 46.430 
69.000 46.370 
70.000 46.370 
71.000 46.370 
72.000 46.430 
73.000 46.430 
74.000 46.500 
75.000 46.500 
76.000 46.560 
77.000 46.560 
78.000 46.620 
79.000 46.620 
80.000 46.620 
81.000 46.620 
82.000 46.620 
83.000 46.620 
84.000 46.680 
85.000 46.620 
86.000 46.680 
87.000 46.750 
88.000 46.750 
89.000 46.750 
90.000 46.810 
91.000 46.810 
92.000 46.810 
93.000 46.810 
94.000 46.810 
95.000 46.750 
96.000 46.810 
97.000 46.810 
98.000 46.810 
99.000 46.810 
100.000 46.810 
101.000 46.810 
102.000 46.810 
103.000 46.870 
104.000 46.870 
105.000 46.870 
106.000 46.870 
107.000 46.870 
108.000 46.870 
109.000 46.870 
110.000 46.870 
111.000 46.870 
112.000 46.870 
113.000 46.870 
114.000 46.930 
115.000 46.930 
116.000 46.930 
117.000 46.870 
118.000 46.870 
119.000 46.870 
120.000 46.870 
121.000 46.870 
122.000 46.870 
123.000 46.870 
124.000 46.870 
125.000 46.870 
126.000 46.870 
127.000 46.870 
128.000 46.870 
129.000 46.870 
130.000 46.870 
131.000 46.930 
132.000 46.930 
133.000 46.930 
134.000 47.000 
135.000 47.000 
136.000 47.000 
137.000 47.000 
138.000 47.060 
139.000 47.060 
140.000 47.060 
141.000 47.120 
142.000 47.120 
143.000 47.120 
144.000 47.120 
145.000 47.180 
146.000 47.180 
147.000 47.180 
148.000 47.180 
149.000 47.180 
150.000 47.180 
151.000 47.180 
152.000 47.180 
153.000 47.180 
154.000 47.180 
155.000 47.250 
156.000 47.250 
157.000 47.250 
158.000 47.250 
159.000 47.250 
160.000 47.310 
161.000 47.310 
162.000 47.310 
163.000 47.310 
164.000 47.310 
165.000 47.310 
166.000 47.310 
167.000 47.310 
168.000 47.310 
169.000 47.370 
170.000 47.370 
171.000 47.370 
172.000 47.370 
173.000 47.370 
174.000 47.370 
175.000 47.370 
176.000 47.370 
177.000 47.370 
178.000 47.370 
179.000 47.370 
180.000 47.370 
181.000 47.370 
182.000 47.370 
183.000 47.370 
184.000 47.370 
185.000 47.370 
186.000 47.370 
187.000 47.370 
188.000 47.370 
189.000 47.310 
190.000 47.310 
191.000 47.310 
192.000 47.370 
193.000 47.370 
194.000 47.370 
195.000 47.370 
196.000 47.370 
197.000 47.370 
198.000 47.370 
199.000 47.370 
200.000 47.370 
201.000 47.370 
202.000 47.370 
203.000 47.370 
204.000 47.370 
205.000 47.310 
206.000 47.310 
207.000 47.310 
208.000 47.310 
209.000 47.310 
210.000 47.310 
211.000 47.310 
212.000 47.310 
213.000 47.310 
214.000 47.310 
215.000 47.310 
216.000 47.310 
217.000 47.370 
218.000 47.370 
219.000 47.370 
220.000 47.370 
221.000 47.370 
222.000 47.370 
223.000 47.370 
224.000 47.370 
225.000 47.370 
226.000 47.370 
227.000 47.370 
228.000 47.430 
229.000 47.430 
230.000 47.430 
231.000 47.430 
232.000 47.500 
233.000 47.500 
234.000 47.500 
235.000 47.500 
236.000 47.500 
237.000 47.500 
238.000 47.500 
239.000 47.500 
240.000 47.500 
241.000 47.500 
242.000 47.500 
243.000 47.500 
244.000 47.500 
245.000 47.500 
246.000 47.500 
247.000 47.500 
248.000 47.500 
249.000 47.500 
250.000 47.500 
251.000 47.500 
252.000 47.500 
253.000 47.500 
254.000 47.500 
255.000 47.500 
256.000 47.560 
257.000 47.560 
258.000 47.560 
259.000 47.560 
260.000 47.560 
261.000 47.560 
262.000 47.560 
263.000 47.560 
264.000 47.560 
265.000 47.560 
266.000 47.560 
267.000 47.500 
268.000 47.500 
269.000 47.500 
270.000 47.500 
271.000 47.500 
272.000 47.500 
273.000 47.430 
274.000 47.430 
275.000 47.430 
276.000 47.370 
277.000 47.370 
278.000 47.370 
279.000 47.310 
280.000 47.310 
281.000 47.310 
282.000 47.310 
283.000 47.310 
284.000 47.310 
285.000 47.250 
286.000 47.250 
287.000 47.250 
288.000 47.180 
289.000 47.180 
290.000 47.180 
291.000 47.180 
292.000 47.180 
293.000 47.180 
294.000 47.180 
295.000 47.180 
296.000 47.250 
297.000 47.250 
298.000 47.250 
299.000 47.310 
300.000 47.310 
301.000 47.310 
302.000 47.310 
303.000 47.370 
304.000 47.370 
305.000 47.370 
306.000 47.430 
307.000 47.430 
308.000 47.430 
309.000 47.430 
310.000 47.430 
311.000 47.430 
312.000 47.430 
313.000 47.430 
314.000 47.430 
315.000 47.430 
316.000 47.430 
317.000 47.430 
318.000 47.430 
319.000 47.430 
320.000 47.370 
321.000 47.370 
322.000 47.370 
323.000 47.370 
324.000 47.370 
325.000 47.370 
326.000 47.370 
327.000 47.370 
328.000 47.310 
329.000 47.310 
330.000 47.310 
331.000 47.370 
332.000 47.370 
333.000 47.310 
334.000 47.310 
335.000 47.370 
336.000 47.310 
337.000 47.310 
338.000 47.310 
339.000 47.310 
340.000 47.310 
341.000 47.310 
342.000 47.310 
343.000 47.310 
344.000 47.310 
345.000 47.250 
346.000 47.310 
347.000 47.310 
348.000 47.310 
349.000 47.370 
350.000 47.370 
351.000 47.370 
352.000 47.370 
353.000 47.310 
354.000 47.310 
355.000 47.310 
356.000 47.310 
357.000 47.370 
358.000 47.370 
359.000 47.430 
360.000 47.430 
361.000 47.430 
362.000 47.500 
363.000 47.430 
364.000 47.500 
365.000 47.500 
366.000 47.500 
367.000 47.500 
368.000 47.500 
369.000 47.500 
370.000 47.500 
371.000 47.500 
372.000 47.560 
373.000 47.560 
374.000 47.560 
375.000 47.560 
376.000 47.560 
377.000 47.560 
378.000 47.560 
379.000 47.560 
380.000 47.560 
381.000 47.560 
382.000 47.560 
383.000 47.560 
384.000 47.560 
385.000 47.500 
386.000 47.500 
387.000 47.500 
388.000 47.500 
389.000 47.560 
390.000 47.500 
391.000 47.560 
392.000 47.560 
393.000 47.500 
394.000 47.500 
395.000 47.500 
396.000 47.500 
397.000 47.500 
398.000 47.500 
399.000 47.430 
400.000 47.430 
401.000 47.430 
402.000 47.430 
403.000 47.430 
404.000 47.430 
405.000 47.430 
406.000 47.430 
407.000 47.500 
408.000 47.500 
409.000 47.500 
410.000 47.560 
411.000 47.560 
412.000 47.560 
413.000 47.560 
414.000 47.500 
415.000 47.560 
416.000 47.500 
417.000 47.500 
418.000 47.500 
419.000 47.500 
420.000 47.500 
421.000 47.500 
422.000 47.500 
423.000 47.500 
424.000 47.560 
425.000 47.560 
426.000 47.620 
427.000 47.620 
428.000 47.620 
429.000 47.620 
430.000 47.620 
431.000 47.620 
432.000 47.620 
433.000 47.620 
434.000 47.620 
435.000 47.560 
436.000 47.560 
437.000 47.560 
438.000 47.560 
439.000 47.560 
440.000 47.620 
441.000 47.620 
442.000 47.620 
443.000 47.620 
444.000 47.620 
445.000 47.620 
446.000 47.620 
447.000 47.560 
448.000 47.560 
449.000 47.560 
450.000 47.560 
451.000 47.560 
452.000 47.560 
453.000 47.560 
454.000 47.560 
455.000 47.560 
456.000 47.560 
457.000 47.560 
458.000 47.560 
459.000 47.560 
460.000 47.560 
461.000 47.560 
462.000 47.620 
463.000 47.620 
464.000 47.620 
465.000 47.620 
466.000 47.680 
467.000 47.680 
468.000 47.680 
469.000 47.750 
470.000 47.750 
471.000 47.680 
472.000 47.680 
473.000 47.680 
474.000 47.680 
475.000 47.750 
476.000 47.750 
477.000 47.750 
478.000 47.810 
479.000 47.750 
480.000 47.750 
481.000 47.750 
482.000 47.750 
483.000 47.750 
484.000 47.680 
485.000 47.680 
486.000 47.680 
487.000 47.680 
488.000 47.680 
489.000 47.680 
490.000 47.750 
491.000 47.750 
492.000 47.750 
493.000 47.680 
494.000 47.680 
495.000 47.680 
496.000 47.680 
497.000 47.680 
498.000 47.680 
499.000 47.680 
500.000 47.750 
501.000 47.750 
502.000 47.750 
503.000 47.750 
504.000 47.680 
505.000 47.680 
506.000 47.680 
507.000 47.680 
508.000 47.680 
509.000 47.680 
510.000 47.680 
511.000 47.680 
512.000 47.680 
513.000 47.680 
514.000 47.680 
515.000 47.680 
516.000 47.750 
517.000 47.750 
518.000 47.750 
519.000 47.750 
520.000 47.750 
521.000 47.750 
522.000 47.750 
523.000 47.750 
524.000 47.750 
525.000 47.680 
526.000 47.680 
527.000 47.680 
528.000 47.680 
529.000 47.680 
530.000 47.680 
531.000 47.620 
532.000 47.620 
533.000 47.620 
534.000 47.620 
535.000 47.620 
536.000 47.620 
537.000 47.620 
538.000 47.620 
539.000 47.620 
540.000 47.620 
541.000 47.560 
542.000 47.560 
543.000 47.560 
544.000 47.560 
545.000 47.560 
546.000 47.560 
547.000 47.560 
548.000 47.560 
549.000 47.620 
550.000 47.620 
551.000 47.620 
552.000 47.620 
553.000 47.620 
554.000 47.620 
555.000 47.560 
556.000 47.620 
557.000 47.620 
558.000 47.620 
559.000 47.620 
560.000 47.620 
561.000 47.620 
562.000 47.620 
563.000 47.620 
564.000 47.680 
565.000 47.620 
566.000 47.620 
567.000 47.620 
568.000 47.620 
569.000 47.620 
570.000 47.620 
571.000 47.620 
572.000 47.620 
573.000 47.620 
574.000 47.620 
575.000 47.620 
576.000 47.680 
577.000 47.680 
578.000 47.680 
579.000 47.680 
580.000 47.680 
581.000 47.750 
582.000 47.680 
583.000 47.680 
584.000 47.680 
585.000 47.680 
586.000 47.680 
587.000 47.750 
588.000 47.680 
589.000 47.680 
590.000 47.680 
591.000 47.620 
592.000 47.620 
593.000 47.620 
594.000 47.620 
595.000 47.620 
596.000 47.620 
597.000 47.620 
598.000 47.620 
599.000 47.620 
600.000 47.620 
601.000 47.620 
602.000 47.620 
603.000 47.620 
604.000 47.560 
605.000 47.560 
606.000 47.560 
607.000 47.500 
608.000 47.500 
609.000 47.500 
610.000 47.500 
611.000 47.500 
612.000 47.500 
613.000 47.500 
614.000 47.500 
615.000 47.500 
616.000 47.500 
617.000 47.500 
618.000 47.500 
619.000 47.500 
620.000 47.500 
621.000 47.500 
622.000 47.500 
623.000 47.560 
624.000 47.560 
625.000 47.560 
626.000 47.560 
627.000 47.560 
628.000 47.560 
629.000 47.560 
630.000 47.560 
631.000 47.560 
632.000 47.620 
633.000 47.620 
634.000 47.620 
635.000 47.620 
636.000 47.620 
637.000 47.620 
638.000 47.620 
639.000 47.620 
640.000 47.620 
641.000 47.620 
642.000 47.560 
643.000 47.620 
644.000 47.620 
645.000 47.620 
646.000 47.620 
647.000 47.620 
648.000 47.620 
649.000 47.620 
650.000 47.620 
651.000 47.620 
652.000 47.620 
653.000 47.560 
654.000 47.560 
655.000 47.560 
656.000 47.560 
657.000 47.560 
658.000 47.560 
659.000 47.560 
660.000 47.560 
661.000 47.620 
662.000 47.620 
663.000 47.620 
664.000 47.620 
665.000 47.620 
666.000 47.620 
667.000 47.620 
668.000 47.560 
669.000 47.560 
670.000 47.560 
671.000 47.560 
672.000 47.560 
673.000 47.560 
674.000 47.560 
675.000 47.560 
676.000 47.500 
677.000 47.500 
678.000 47.500 
679.000 47.500 
680.000 47.500 
681.000 47.500 
682.000 47.500 
683.000 47.500 
684.000 47.500 
685.000 47.500 
686.000 47.500 
687.000 47.500 
688.000 47.500 
689.000 47.500 
690.000 47.500 
691.000 47.500 
692.000 47.500 
693.000 47.500 
694.000 47.500 
695.000 47.500 
696.000 47.500 
697.000 47.500 
698.000 47.500 
699.000 47.560 
700.000 47.560 
701.000 47.560 
702.000 47.560 
703.000 47.560 
704.000 47.560 
705.000 47.560 
