1.000 33.060 
2.000 33.060 
3.000 33.060 
4.000 33.060 
5.000 33.060 
6.000 33.060 
7.000 33.060 
8.000 33.060 
9.000 33.060 
10.000 33.060 
11.000 33.060 
12.000 33.060 
13.000 33.060 
14.000 33.060 
15.000 33.120 
16.000 33.120 
17.000 33.120 
18.000 33.180 
19.000 33.180 
20.000 33.250 
21.000 33.310 
22.000 33.310 
23.000 33.370 
24.000 33.430 
25.000 33.430 
26.000 33.500 
27.000 33.560 
28.000 33.620 
29.000 33.620 
30.000 33.680 
31.000 33.750 
32.000 33.810 
33.000 33.870 
34.000 33.930 
35.000 34.000 
36.000 34.060 
37.000 34.060 
38.000 34.120 
39.000 34.180 
40.000 34.250 
41.000 34.310 
42.000 34.310 
43.000 34.370 
44.000 34.430 
45.000 34.430 
46.000 34.500 
47.000 34.560 
48.000 34.620 
49.000 34.680 
50.000 34.680 
51.000 34.750 
52.000 34.750 
53.000 34.810 
54.000 34.870 
55.000 34.870 
56.000 34.930 
57.000 35.000 
58.000 35.000 
59.000 35.060 
60.000 35.120 
61.000 35.120 
62.000 35.120 
63.000 35.180 
64.000 35.250 
65.000 35.250 
66.000 35.310 
67.000 35.370 
68.000 35.370 
69.000 35.430 
70.000 35.430 
71.000 35.500 
72.000 35.500 
73.000 35.560 
74.000 35.620 
75.000 35.620 
76.000 35.620 
77.000 35.680 
78.000 35.680 
79.000 35.750 
80.000 35.750 
81.000 35.810 
82.000 35.810 
83.000 35.810 
84.000 35.870 
85.000 35.870 
86.000 35.870 
87.000 35.930 
88.000 36.000 
89.000 36.000 
90.000 36.000 
91.000 36.000 
92.000 36.060 
93.000 36.060 
94.000 36.060 
95.000 36.060 
96.000 36.120 
97.000 36.120 
98.000 36.120 
99.000 36.180 
100.000 36.180 
101.000 36.180 
102.000 36.180 
103.000 36.250 
104.000 36.250 
105.000 36.250 
106.000 36.310 
107.000 36.310 
108.000 36.310 
109.000 36.370 
110.000 36.370 
111.000 36.370 
112.000 36.430 
113.000 36.430 
114.000 36.430 
115.000 36.500 
116.000 36.500 
117.000 36.500 
118.000 36.500 
119.000 36.500 
120.000 36.560 
121.000 36.560 
122.000 36.560 
123.000 36.560 
124.000 36.560 
125.000 36.560 
126.000 36.620 
127.000 36.620 
128.000 36.620 
129.000 36.620 
130.000 36.620 
131.000 36.620 
132.000 36.680 
133.000 36.680 
134.000 36.680 
135.000 36.680 
136.000 36.680 
137.000 36.680 
138.000 36.680 
139.000 36.750 
140.000 36.750 
141.000 36.750 
142.000 36.750 
143.000 36.750 
144.000 36.810 
145.000 36.810 
146.000 36.810 
147.000 36.810 
148.000 36.810 
149.000 36.870 
150.000 36.870 
151.000 36.870 
152.000 36.870 
153.000 36.870 
154.000 36.870 
155.000 36.870 
156.000 36.930 
157.000 36.930 
158.000 36.930 
159.000 36.930 
160.000 37.000 
161.000 37.000 
162.000 37.000 
163.000 37.000 
164.000 37.000 
165.000 37.000 
166.000 37.000 
167.000 37.000 
168.000 37.000 
169.000 37.060 
170.000 37.060 
171.000 37.060 
172.000 37.060 
173.000 37.060 
174.000 37.060 
175.000 37.060 
176.000 37.060 
177.000 37.060 
178.000 37.060 
179.000 37.060 
180.000 37.120 
181.000 37.120 
182.000 37.120 
183.000 37.120 
184.000 37.120 
185.000 37.120 
186.000 37.120 
187.000 37.120 
188.000 37.120 
189.000 37.120 
190.000 37.120 
191.000 37.120 
192.000 37.180 
193.000 37.180 
194.000 37.180 
195.000 37.180 
196.000 37.120 
197.000 37.180 
198.000 37.120 
199.000 37.120 
200.000 37.120 
201.000 37.120 
202.000 37.120 
203.000 37.120 
204.000 37.120 
205.000 37.120 
206.000 37.120 
207.000 37.120 
208.000 37.120 
209.000 37.120 
210.000 37.120 
211.000 37.120 
212.000 37.120 
213.000 37.120 
214.000 37.180 
215.000 37.180 
216.000 37.180 
217.000 37.250 
218.000 37.250 
219.000 37.250 
220.000 37.250 
221.000 37.250 
222.000 37.250 
223.000 37.250 
224.000 37.250 
225.000 37.250 
226.000 37.250 
227.000 37.310 
228.000 37.250 
229.000 37.250 
230.000 37.250 
231.000 37.310 
232.000 37.310 
233.000 37.310 
234.000 37.310 
235.000 37.310 
236.000 37.310 
237.000 37.310 
238.000 37.370 
239.000 37.370 
240.000 37.370 
241.000 37.370 
242.000 37.370 
243.000 37.370 
244.000 37.370 
245.000 37.370 
246.000 37.370 
247.000 37.370 
248.000 37.370 
249.000 37.370 
250.000 37.370 
251.000 37.370 
252.000 37.370 
253.000 37.370 
254.000 37.370 
255.000 37.370 
256.000 37.430 
257.000 37.430 
258.000 37.430 
259.000 37.500 
260.000 37.500 
261.000 37.500 
262.000 37.500 
263.000 37.500 
264.000 37.500 
265.000 37.500 
266.000 37.560 
267.000 37.560 
268.000 37.560 
269.000 37.560 
270.000 37.560 
271.000 37.560 
272.000 37.620 
273.000 37.560 
274.000 37.620 
275.000 37.620 
276.000 37.620 
277.000 37.620 
278.000 37.620 
279.000 37.620 
280.000 37.620 
281.000 37.620 
282.000 37.620 
283.000 37.620 
284.000 37.560 
285.000 37.560 
286.000 37.560 
287.000 37.560 
288.000 37.560 
289.000 37.560 
290.000 37.560 
291.000 37.560 
292.000 37.620 
293.000 37.560 
294.000 37.620 
295.000 37.560 
296.000 37.560 
297.000 37.560 
298.000 37.560 
299.000 37.560 
300.000 37.560 
301.000 37.560 
302.000 37.560 
303.000 37.560 
304.000 37.560 
305.000 37.560 
306.000 37.560 
307.000 37.560 
308.000 37.560 
309.000 37.560 
310.000 37.560 
311.000 37.560 
312.000 37.560 
313.000 37.560 
314.000 37.560 
315.000 37.560 
316.000 37.620 
317.000 37.620 
318.000 37.620 
319.000 37.560 
320.000 37.560 
321.000 37.560 
322.000 37.560 
323.000 37.560 
324.000 37.560 
325.000 37.560 
326.000 37.560 
327.000 37.560 
328.000 37.560 
329.000 37.560 
330.000 37.560 
331.000 37.560 
332.000 37.620 
333.000 37.620 
334.000 37.620 
335.000 37.620 
336.000 37.620 
337.000 37.620 
338.000 37.620 
339.000 37.620 
340.000 37.620 
341.000 37.620 
342.000 37.620 
343.000 37.620 
344.000 37.620 
345.000 37.620 
346.000 37.560 
347.000 37.560 
348.000 37.620 
349.000 37.620 
350.000 37.620 
351.000 37.620 
352.000 37.620 
353.000 37.620 
354.000 37.620 
355.000 37.620 
356.000 37.620 
357.000 37.620 
358.000 37.620 
359.000 37.620 
360.000 37.620 
361.000 37.620 
362.000 37.620 
363.000 37.680 
364.000 37.680 
365.000 37.680 
366.000 37.680 
367.000 37.680 
368.000 37.680 
369.000 37.680 
370.000 37.680 
371.000 37.680 
372.000 37.680 
373.000 37.680 
374.000 37.680 
375.000 37.680 
376.000 37.680 
377.000 37.750 
378.000 37.750 
379.000 37.750 
380.000 37.810 
381.000 37.750 
382.000 37.810 
383.000 37.750 
384.000 37.810 
385.000 37.810 
386.000 37.810 
387.000 37.810 
388.000 37.810 
389.000 37.810 
390.000 37.810 
391.000 37.810 
392.000 37.810 
393.000 37.810 
394.000 37.810 
395.000 37.810 
396.000 37.810 
397.000 37.810 
398.000 37.810 
399.000 37.810 
400.000 37.810 
401.000 37.810 
402.000 37.870 
403.000 37.870 
404.000 37.870 
405.000 37.870 
406.000 37.870 
407.000 37.870 
408.000 37.870 
409.000 37.870 
410.000 37.870 
411.000 37.870 
412.000 37.870 
413.000 37.870 
414.000 37.810 
415.000 37.810 
416.000 37.810 
417.000 37.810 
418.000 37.810 
419.000 37.810 
420.000 37.810 
421.000 37.810 
422.000 37.810 
423.000 37.810 
424.000 37.810 
425.000 37.810 
426.000 37.810 
427.000 37.810 
428.000 37.810 
429.000 37.750 
430.000 37.750 
431.000 37.750 
432.000 37.750 
433.000 37.750 
434.000 37.750 
435.000 37.750 
436.000 37.750 
437.000 37.750 
438.000 37.750 
439.000 37.750 
440.000 37.750 
441.000 37.750 
442.000 37.680 
443.000 37.680 
444.000 37.750 
445.000 37.750 
446.000 37.750 
447.000 37.750 
448.000 37.750 
449.000 37.750 
450.000 37.810 
451.000 37.810 
452.000 37.810 
453.000 37.810 
454.000 37.810 
455.000 37.810 
456.000 37.810 
457.000 37.810 
458.000 37.810 
459.000 37.810 
460.000 37.810 
461.000 37.810 
462.000 37.810 
463.000 37.870 
464.000 37.870 
465.000 37.870 
466.000 37.870 
467.000 37.870 
468.000 37.870 
469.000 37.870 
470.000 37.870 
471.000 37.870 
472.000 37.870 
473.000 37.870 
474.000 37.930 
475.000 37.930 
476.000 37.930 
477.000 37.930 
478.000 37.930 
479.000 37.930 
480.000 37.930 
481.000 37.930 
482.000 37.930 
483.000 37.930 
484.000 37.930 
485.000 37.930 
486.000 37.930 
487.000 37.930 
488.000 37.930 
489.000 37.930 
490.000 37.930 
491.000 37.930 
492.000 37.930 
493.000 37.930 
494.000 37.930 
495.000 37.930 
496.000 37.930 
497.000 37.930 
498.000 37.930 
499.000 37.930 
500.000 37.930 
501.000 37.930 
502.000 37.930 
503.000 37.930 
504.000 37.930 
505.000 37.930 
506.000 37.870 
507.000 37.870 
508.000 37.870 
509.000 37.870 
510.000 37.870 
511.000 37.870 
