1.000 28.370 
2.000 28.370 
3.000 28.370 
4.000 28.370 
5.000 28.370 
6.000 28.370 
7.000 28.370 
8.000 28.370 
9.000 28.370 
10.000 28.370 
11.000 28.370 
12.000 28.430 
13.000 28.430 
14.000 28.430 
15.000 28.500 
16.000 28.500 
17.000 28.560 
18.000 28.560 
19.000 28.620 
20.000 28.620 
21.000 28.680 
22.000 28.680 
23.000 28.750 
24.000 28.750 
25.000 28.810 
26.000 28.870 
27.000 28.930 
28.000 28.930 
29.000 29.000 
30.000 29.060 
31.000 29.060 
32.000 29.120 
33.000 29.180 
34.000 29.250 
35.000 29.250 
36.000 29.310 
37.000 29.370 
38.000 29.430 
39.000 29.430 
40.000 29.500 
41.000 29.560 
42.000 29.620 
43.000 29.620 
44.000 29.680 
45.000 29.750 
46.000 29.750 
47.000 29.810 
48.000 29.870 
49.000 29.930 
50.000 29.930 
51.000 30.000 
52.000 30.000 
53.000 30.060 
54.000 30.060 
55.000 30.120 
56.000 30.180 
57.000 30.180 
58.000 30.250 
59.000 30.250 
60.000 30.310 
61.000 30.370 
62.000 30.370 
63.000 30.430 
64.000 30.430 
65.000 30.500 
66.000 30.500 
67.000 30.560 
68.000 30.560 
69.000 30.620 
70.000 30.620 
71.000 30.680 
72.000 30.680 
73.000 30.750 
74.000 30.810 
75.000 30.810 
76.000 30.870 
77.000 30.930 
78.000 30.930 
79.000 30.930 
80.000 31.000 
81.000 31.000 
82.000 31.060 
83.000 31.060 
84.000 31.120 
85.000 31.120 
86.000 31.120 
87.000 31.180 
88.000 31.180 
89.000 31.180 
90.000 31.250 
91.000 31.250 
92.000 31.250 
93.000 31.310 
94.000 31.310 
95.000 31.310 
96.000 31.310 
97.000 31.370 
98.000 31.370 
99.000 31.370 
100.000 31.430 
101.000 31.430 
102.000 31.500 
103.000 31.500 
104.000 31.500 
105.000 31.560 
106.000 31.560 
107.000 31.560 
108.000 31.560 
109.000 31.620 
110.000 31.620 
111.000 31.620 
112.000 31.680 
113.000 31.680 
114.000 31.680 
115.000 31.750 
116.000 31.750 
117.000 31.750 
118.000 31.750 
119.000 31.810 
120.000 31.810 
121.000 31.810 
122.000 31.810 
123.000 31.810 
124.000 31.870 
125.000 31.870 
126.000 31.870 
127.000 31.870 
128.000 31.870 
129.000 31.930 
130.000 31.930 
131.000 31.930 
132.000 31.930 
133.000 32.000 
134.000 32.000 
135.000 32.000 
136.000 32.000 
137.000 32.000 
138.000 32.060 
139.000 32.060 
140.000 32.060 
141.000 32.060 
142.000 32.060 
143.000 32.120 
144.000 32.120 
145.000 32.120 
146.000 32.120 
147.000 32.120 
148.000 32.180 
149.000 32.180 
150.000 32.180 
151.000 32.180 
152.000 32.180 
153.000 32.180 
154.000 32.250 
155.000 32.250 
156.000 32.250 
157.000 32.250 
158.000 32.250 
159.000 32.310 
160.000 32.310 
161.000 32.310 
162.000 32.310 
163.000 32.310 
164.000 32.310 
165.000 32.310 
166.000 32.310 
167.000 32.310 
168.000 32.310 
169.000 32.310 
170.000 32.310 
171.000 32.310 
172.000 32.370 
173.000 32.310 
174.000 32.370 
175.000 32.370 
176.000 32.370 
177.000 32.370 
178.000 32.370 
179.000 32.370 
180.000 32.370 
181.000 32.370 
182.000 32.370 
183.000 32.370 
184.000 32.430 
185.000 32.430 
186.000 32.430 
187.000 32.430 
188.000 32.430 
189.000 32.430 
190.000 32.430 
191.000 32.500 
192.000 32.500 
193.000 32.500 
194.000 32.500 
195.000 32.500 
196.000 32.500 
197.000 32.500 
198.000 32.500 
199.000 32.500 
200.000 32.500 
201.000 32.560 
202.000 32.560 
203.000 32.560 
204.000 32.560 
205.000 32.560 
206.000 32.560 
207.000 32.560 
208.000 32.560 
209.000 32.560 
210.000 32.620 
211.000 32.620 
212.000 32.620 
213.000 32.620 
214.000 32.620 
215.000 32.620 
216.000 32.620 
217.000 32.620 
218.000 32.620 
219.000 32.620 
220.000 32.620 
221.000 32.620 
222.000 32.620 
223.000 32.620 
224.000 32.620 
225.000 32.620 
226.000 32.620 
227.000 32.620 
228.000 32.620 
229.000 32.680 
230.000 32.680 
231.000 32.620 
232.000 32.620 
233.000 32.680 
234.000 32.680 
235.000 32.680 
236.000 32.680 
237.000 32.680 
238.000 32.680 
239.000 32.680 
240.000 32.680 
241.000 32.680 
242.000 32.680 
243.000 32.680 
244.000 32.680 
245.000 32.680 
246.000 32.750 
247.000 32.750 
248.000 32.750 
249.000 32.750 
250.000 32.750 
251.000 32.750 
252.000 32.750 
253.000 32.750 
254.000 32.750 
255.000 32.750 
256.000 32.750 
257.000 32.750 
258.000 32.750 
259.000 32.750 
260.000 32.750 
261.000 32.750 
262.000 32.750 
263.000 32.750 
264.000 32.750 
265.000 32.750 
266.000 32.750 
267.000 32.750 
268.000 32.750 
269.000 32.750 
270.000 32.750 
271.000 32.750 
272.000 32.750 
273.000 32.750 
274.000 32.750 
275.000 32.750 
276.000 32.750 
277.000 32.750 
278.000 32.750 
279.000 32.750 
280.000 32.750 
281.000 32.750 
282.000 32.750 
283.000 32.750 
284.000 32.810 
285.000 32.810 
286.000 32.810 
287.000 32.810 
288.000 32.810 
289.000 32.810 
290.000 32.810 
291.000 32.810 
292.000 32.810 
293.000 32.810 
294.000 32.810 
295.000 32.810 
296.000 32.810 
297.000 32.810 
298.000 32.810 
299.000 32.810 
300.000 32.810 
301.000 32.810 
302.000 32.810 
303.000 32.870 
304.000 32.870 
305.000 32.870 
306.000 32.870 
307.000 32.870 
308.000 32.870 
309.000 32.870 
310.000 32.870 
311.000 32.870 
312.000 32.870 
313.000 32.930 
314.000 32.930 
315.000 32.870 
316.000 32.870 
317.000 32.870 
318.000 32.930 
319.000 32.870 
320.000 32.930 
321.000 32.930 
322.000 32.930 
323.000 32.930 
324.000 32.870 
325.000 32.930 
326.000 32.930 
327.000 32.930 
328.000 32.930 
329.000 32.930 
330.000 32.930 
331.000 32.930 
332.000 32.930 
333.000 32.930 
334.000 32.930 
335.000 32.930 
336.000 33.000 
337.000 33.000 
338.000 33.000 
339.000 33.000 
340.000 33.000 
341.000 33.000 
342.000 33.000 
343.000 33.000 
344.000 33.000 
345.000 33.000 
346.000 33.000 
347.000 33.000 
348.000 33.000 
349.000 33.000 
350.000 33.000 
351.000 33.000 
352.000 33.000 
353.000 33.000 
354.000 33.000 
355.000 33.000 
356.000 33.000 
357.000 33.000 
358.000 33.000 
359.000 33.000 
360.000 33.000 
361.000 33.000 
362.000 33.000 
363.000 33.000 
364.000 33.000 
365.000 33.000 
366.000 33.000 
367.000 33.000 
368.000 33.000 
369.000 32.930 
370.000 32.930 
371.000 32.930 
372.000 32.930 
373.000 32.930 
374.000 32.930 
375.000 32.930 
376.000 32.930 
377.000 32.930 
378.000 33.000 
379.000 32.930 
380.000 32.930 
381.000 32.930 
382.000 33.000 
383.000 33.000 
384.000 33.000 
385.000 33.000 
386.000 33.000 
387.000 33.000 
388.000 33.000 
389.000 33.000 
390.000 33.000 
391.000 33.000 
392.000 33.000 
393.000 33.000 
394.000 33.000 
395.000 33.000 
396.000 33.000 
397.000 33.000 
398.000 33.000 
399.000 33.000 
400.000 33.060 
401.000 33.060 
402.000 33.060 
403.000 33.060 
404.000 33.060 
405.000 33.060 
406.000 33.060 
407.000 33.060 
408.000 33.060 
409.000 33.060 
410.000 33.000 
411.000 33.000 
412.000 33.000 
413.000 33.000 
414.000 33.000 
415.000 33.000 
416.000 33.000 
417.000 33.000 
418.000 33.000 
419.000 33.000 
420.000 33.000 
421.000 33.000 
422.000 33.000 
423.000 33.000 
424.000 33.000 
425.000 33.000 
426.000 33.000 
427.000 33.000 
428.000 33.000 
429.000 33.000 
430.000 33.000 
431.000 33.000 
432.000 33.000 
433.000 33.000 
434.000 33.000 
435.000 33.000 
436.000 33.000 
437.000 33.000 
438.000 33.000 
439.000 33.060 
440.000 33.060 
