1.000 37.810 
2.000 37.810 
3.000 37.810 
4.000 37.810 
5.000 37.810 
6.000 37.810 
7.000 37.810 
8.000 37.810 
9.000 37.870 
10.000 37.870 
11.000 37.870 
12.000 37.870 
13.000 37.870 
14.000 37.870 
15.000 37.930 
16.000 37.930 
17.000 37.930 
18.000 38.000 
19.000 38.000 
20.000 38.060 
21.000 38.060 
22.000 38.120 
23.000 38.120 
24.000 38.120 
25.000 38.180 
26.000 38.180 
27.000 38.250 
28.000 38.310 
29.000 38.310 
30.000 38.370 
31.000 38.370 
32.000 38.430 
33.000 38.500 
34.000 38.500 
35.000 38.560 
36.000 38.620 
37.000 38.620 
38.000 38.680 
39.000 38.750 
40.000 38.750 
41.000 38.810 
42.000 38.870 
43.000 38.930 
44.000 38.930 
45.000 39.000 
46.000 39.060 
47.000 39.060 
48.000 39.120 
49.000 39.180 
50.000 39.250 
51.000 39.250 
52.000 39.310 
53.000 39.370 
54.000 39.430 
55.000 39.500 
56.000 39.500 
57.000 39.560 
58.000 39.620 
59.000 39.620 
60.000 39.680 
61.000 39.750 
62.000 39.810 
63.000 39.810 
64.000 39.870 
65.000 39.930 
66.000 40.000 
67.000 40.000 
68.000 40.060 
69.000 40.060 
70.000 40.120 
71.000 40.120 
72.000 40.180 
73.000 40.180 
74.000 40.250 
75.000 40.250 
76.000 40.310 
77.000 40.310 
78.000 40.310 
79.000 40.370 
80.000 40.370 
81.000 40.430 
82.000 40.430 
83.000 40.430 
84.000 40.500 
85.000 40.500 
86.000 40.560 
87.000 40.560 
88.000 40.560 
89.000 40.620 
90.000 40.620 
91.000 40.680 
92.000 40.680 
93.000 40.750 
94.000 40.750 
95.000 40.810 
96.000 40.810 
97.000 40.810 
98.000 40.870 
99.000 40.870 
100.000 40.930 
101.000 40.930 
102.000 40.930 
103.000 41.000 
104.000 41.000 
105.000 41.000 
106.000 41.060 
107.000 41.060 
108.000 41.060 
109.000 41.060 
110.000 41.060 
111.000 41.060 
112.000 41.060 
113.000 41.060 
114.000 41.120 
115.000 41.120 
116.000 41.120 
117.000 41.120 
118.000 41.180 
119.000 41.180 
120.000 41.180 
121.000 41.180 
122.000 41.250 
123.000 41.250 
124.000 41.250 
125.000 41.310 
126.000 41.250 
127.000 41.310 
128.000 41.310 
129.000 41.310 
130.000 41.370 
131.000 41.370 
132.000 41.370 
133.000 41.370 
134.000 41.370 
135.000 41.370 
136.000 41.430 
137.000 41.430 
138.000 41.430 
139.000 41.430 
140.000 41.430 
141.000 41.430 
142.000 41.500 
143.000 41.500 
144.000 41.500 
145.000 41.500 
146.000 41.500 
147.000 41.560 
148.000 41.560 
149.000 41.560 
150.000 41.560 
151.000 41.560 
152.000 41.560 
153.000 41.560 
154.000 41.620 
155.000 41.620 
156.000 41.620 
157.000 41.620 
158.000 41.620 
159.000 41.620 
160.000 41.620 
161.000 41.620 
162.000 41.680 
163.000 41.680 
164.000 41.680 
165.000 41.680 
166.000 41.680 
167.000 41.680 
168.000 41.680 
169.000 41.680 
170.000 41.680 
171.000 41.680 
172.000 41.680 
173.000 41.680 
174.000 41.680 
175.000 41.680 
176.000 41.680 
177.000 41.680 
178.000 41.680 
179.000 41.750 
180.000 41.750 
181.000 41.750 
182.000 41.750 
183.000 41.750 
184.000 41.750 
185.000 41.750 
186.000 41.750 
187.000 41.810 
188.000 41.810 
189.000 41.810 
190.000 41.810 
191.000 41.810 
192.000 41.870 
193.000 41.870 
194.000 41.870 
195.000 41.870 
196.000 41.930 
197.000 41.870 
198.000 41.870 
199.000 41.870 
200.000 41.930 
201.000 41.930 
202.000 41.930 
203.000 41.930 
204.000 41.930 
205.000 41.930 
206.000 41.930 
207.000 41.930 
208.000 42.000 
209.000 42.000 
210.000 42.000 
211.000 42.000 
212.000 42.000 
213.000 42.000 
214.000 42.000 
215.000 42.000 
216.000 42.000 
217.000 42.060 
218.000 42.060 
219.000 42.060 
220.000 42.060 
221.000 42.060 
222.000 42.060 
223.000 42.060 
224.000 42.060 
225.000 42.060 
226.000 42.120 
227.000 42.120 
228.000 42.120 
229.000 42.120 
230.000 42.120 
231.000 42.120 
232.000 42.120 
233.000 42.120 
234.000 42.120 
235.000 42.120 
236.000 42.120 
237.000 42.120 
238.000 42.120 
239.000 42.120 
240.000 42.120 
241.000 42.060 
242.000 42.060 
243.000 42.060 
244.000 42.060 
245.000 42.120 
246.000 42.060 
247.000 42.120 
248.000 42.060 
249.000 42.120 
250.000 42.120 
251.000 42.120 
252.000 42.120 
253.000 42.120 
254.000 42.120 
255.000 42.120 
256.000 42.120 
257.000 42.120 
258.000 42.120 
259.000 42.120 
260.000 42.120 
261.000 42.120 
262.000 42.120 
263.000 42.060 
264.000 42.060 
265.000 42.060 
266.000 42.060 
267.000 42.060 
268.000 42.060 
269.000 42.000 
270.000 42.000 
271.000 42.060 
272.000 42.060 
273.000 42.060 
274.000 42.060 
275.000 42.000 
276.000 42.060 
277.000 42.060 
278.000 42.060 
279.000 42.060 
280.000 42.060 
281.000 42.060 
282.000 42.060 
283.000 42.120 
284.000 42.120 
285.000 42.120 
286.000 42.120 
287.000 42.120 
288.000 42.120 
289.000 42.120 
290.000 42.120 
291.000 42.120 
292.000 42.120 
293.000 42.120 
294.000 42.120 
295.000 42.120 
296.000 42.120 
297.000 42.120 
298.000 42.180 
299.000 42.180 
300.000 42.180 
301.000 42.180 
302.000 42.180 
303.000 42.180 
304.000 42.180 
305.000 42.180 
306.000 42.180 
307.000 42.180 
308.000 42.180 
309.000 42.180 
310.000 42.180 
311.000 42.250 
312.000 42.250 
313.000 42.250 
314.000 42.250 
315.000 42.250 
316.000 42.250 
317.000 42.310 
318.000 42.310 
319.000 42.310 
320.000 42.310 
321.000 42.310 
322.000 42.370 
323.000 42.370 
324.000 42.370 
325.000 42.370 
326.000 42.370 
327.000 42.370 
328.000 42.370 
329.000 42.370 
330.000 42.370 
331.000 42.370 
332.000 42.370 
333.000 42.370 
334.000 42.370 
335.000 42.370 
336.000 42.370 
337.000 42.370 
338.000 42.370 
339.000 42.370 
340.000 42.370 
341.000 42.370 
342.000 42.430 
343.000 42.370 
344.000 42.370 
345.000 42.370 
346.000 42.370 
347.000 42.430 
348.000 42.430 
349.000 42.370 
350.000 42.370 
351.000 42.370 
352.000 42.370 
353.000 42.370 
354.000 42.370 
355.000 42.370 
356.000 42.370 
357.000 42.310 
358.000 42.310 
359.000 42.310 
360.000 42.310 
361.000 42.310 
362.000 42.310 
363.000 42.310 
364.000 42.310 
365.000 42.370 
366.000 42.370 
367.000 42.370 
368.000 42.370 
369.000 42.370 
370.000 42.370 
371.000 42.370 
372.000 42.370 
373.000 42.370 
374.000 42.370 
375.000 42.370 
376.000 42.370 
377.000 42.370 
378.000 42.370 
379.000 42.370 
380.000 42.370 
381.000 42.370 
382.000 42.370 
383.000 42.430 
384.000 42.430 
385.000 42.430 
386.000 42.370 
387.000 42.370 
388.000 42.370 
389.000 42.370 
390.000 42.370 
391.000 42.370 
392.000 42.370 
393.000 42.370 
394.000 42.370 
395.000 42.370 
396.000 42.430 
397.000 42.430 
398.000 42.430 
399.000 42.430 
400.000 42.430 
401.000 42.430 
402.000 42.430 
403.000 42.430 
404.000 42.430 
405.000 42.430 
406.000 42.430 
407.000 42.430 
408.000 42.430 
409.000 42.430 
410.000 42.430 
411.000 42.430 
412.000 42.430 
413.000 42.430 
414.000 42.430 
415.000 42.430 
416.000 42.430 
417.000 42.430 
418.000 42.430 
419.000 42.430 
420.000 42.430 
421.000 42.430 
422.000 42.430 
423.000 42.500 
424.000 42.430 
425.000 42.430 
426.000 42.430 
427.000 42.430 
428.000 42.430 
429.000 42.430 
430.000 42.430 
431.000 42.500 
432.000 42.500 
433.000 42.500 
434.000 42.500 
435.000 42.500 
436.000 42.500 
437.000 42.500 
438.000 42.500 
439.000 42.500 
440.000 42.560 
441.000 42.560 
442.000 42.560 
443.000 42.560 
444.000 42.560 
445.000 42.560 
446.000 42.560 
447.000 42.560 
448.000 42.560 
449.000 42.500 
450.000 42.560 
451.000 42.560 
452.000 42.560 
453.000 42.560 
454.000 42.560 
455.000 42.500 
456.000 42.560 
457.000 42.500 
458.000 42.500 
459.000 42.500 
460.000 42.500 
461.000 42.500 
462.000 42.500 
463.000 42.500 
464.000 42.560 
465.000 42.560 
466.000 42.560 
467.000 42.560 
468.000 42.560 
469.000 42.560 
470.000 42.560 
471.000 42.560 
472.000 42.560 
473.000 42.560 
474.000 42.560 
475.000 42.560 
476.000 42.560 
477.000 42.560 
478.000 42.560 
479.000 42.560 
480.000 42.560 
481.000 42.560 
482.000 42.560 
483.000 42.560 
484.000 42.560 
485.000 42.560 
486.000 42.560 
487.000 42.560 
488.000 42.560 
489.000 42.560 
490.000 42.560 
491.000 42.560 
492.000 42.560 
493.000 42.560 
494.000 42.560 
495.000 42.560 
496.000 42.560 
497.000 42.560 
498.000 42.560 
499.000 42.560 
500.000 42.560 
501.000 42.560 
502.000 42.560 
503.000 42.560 
504.000 42.560 
505.000 42.560 
506.000 42.560 
507.000 42.560 
508.000 42.560 
509.000 42.560 
510.000 42.620 
511.000 42.560 
512.000 42.560 
513.000 42.560 
514.000 42.560 
515.000 42.560 
516.000 42.560 
517.000 42.560 
518.000 42.620 
