1.000 42.620 
2.000 42.620 
3.000 42.620 
4.000 42.620 
5.000 42.560 
6.000 42.560 
7.000 42.560 
8.000 42.560 
9.000 42.560 
10.000 42.560 
11.000 42.560 
12.000 42.560 
13.000 42.560 
14.000 42.560 
15.000 42.560 
16.000 42.560 
17.000 42.560 
18.000 42.620 
19.000 42.620 
20.000 42.620 
21.000 42.620 
22.000 42.680 
23.000 42.680 
24.000 42.680 
25.000 42.750 
26.000 42.750 
27.000 42.750 
28.000 42.810 
29.000 42.810 
30.000 42.870 
31.000 42.870 
32.000 42.930 
33.000 42.930 
34.000 43.000 
35.000 43.000 
36.000 43.060 
37.000 43.060 
38.000 43.120 
39.000 43.120 
40.000 43.180 
41.000 43.180 
42.000 43.180 
43.000 43.250 
44.000 43.310 
45.000 43.310 
46.000 43.370 
47.000 43.430 
48.000 43.430 
49.000 43.500 
50.000 43.500 
51.000 43.500 
52.000 43.560 
53.000 43.560 
54.000 43.560 
55.000 43.620 
56.000 43.620 
57.000 43.620 
58.000 43.680 
59.000 43.680 
60.000 43.680 
61.000 43.750 
62.000 43.750 
63.000 43.750 
64.000 43.750 
65.000 43.750 
66.000 43.750 
67.000 43.810 
68.000 43.810 
69.000 43.810 
70.000 43.810 
71.000 43.810 
72.000 43.810 
73.000 43.810 
74.000 43.810 
75.000 43.870 
76.000 43.870 
77.000 43.870 
78.000 43.930 
79.000 43.930 
80.000 43.930 
81.000 44.000 
82.000 44.000 
83.000 44.000 
84.000 44.060 
85.000 44.060 
86.000 44.060 
87.000 44.120 
88.000 44.120 
89.000 44.120 
90.000 44.120 
91.000 44.120 
92.000 44.120 
93.000 44.120 
94.000 44.120 
95.000 44.180 
96.000 44.180 
97.000 44.180 
98.000 44.180 
99.000 44.180 
100.000 44.250 
101.000 44.250 
102.000 44.250 
103.000 44.250 
104.000 44.250 
105.000 44.250 
106.000 44.250 
107.000 44.250 
108.000 44.250 
109.000 44.250 
110.000 44.310 
111.000 44.310 
112.000 44.310 
113.000 44.310 
114.000 44.370 
115.000 44.370 
116.000 44.370 
117.000 44.370 
118.000 44.370 
119.000 44.370 
120.000 44.370 
121.000 44.370 
122.000 44.430 
123.000 44.430 
124.000 44.430 
125.000 44.430 
126.000 44.430 
127.000 44.430 
128.000 44.430 
129.000 44.500 
130.000 44.500 
131.000 44.500 
132.000 44.500 
133.000 44.500 
134.000 44.500 
135.000 44.500 
136.000 44.560 
137.000 44.560 
138.000 44.560 
139.000 44.560 
140.000 44.560 
141.000 44.560 
142.000 44.560 
143.000 44.620 
144.000 44.620 
145.000 44.680 
146.000 44.680 
147.000 44.680 
148.000 44.680 
149.000 44.680 
150.000 44.750 
151.000 44.750 
152.000 44.750 
153.000 44.750 
154.000 44.750 
155.000 44.750 
156.000 44.750 
157.000 44.750 
158.000 44.680 
159.000 44.680 
160.000 44.680 
161.000 44.680 
162.000 44.680 
163.000 44.680 
164.000 44.680 
165.000 44.680 
166.000 44.680 
167.000 44.680 
168.000 44.680 
169.000 44.680 
170.000 44.680 
171.000 44.680 
172.000 44.680 
173.000 44.680 
174.000 44.680 
175.000 44.680 
176.000 44.680 
177.000 44.680 
178.000 44.680 
179.000 44.680 
180.000 44.750 
181.000 44.750 
182.000 44.750 
183.000 44.680 
184.000 44.750 
185.000 44.680 
186.000 44.680 
187.000 44.680 
188.000 44.750 
189.000 44.680 
190.000 44.750 
191.000 44.680 
192.000 44.750 
193.000 44.680 
194.000 44.750 
195.000 44.750 
196.000 44.750 
197.000 44.810 
198.000 44.810 
199.000 44.810 
200.000 44.810 
201.000 44.870 
202.000 44.870 
203.000 44.870 
204.000 44.870 
205.000 44.930 
206.000 44.930 
207.000 44.930 
208.000 44.930 
209.000 44.930 
210.000 44.930 
211.000 45.000 
212.000 45.000 
213.000 45.000 
214.000 45.000 
215.000 45.000 
216.000 45.060 
217.000 45.060 
218.000 45.060 
219.000 45.060 
220.000 45.060 
221.000 45.060 
222.000 45.000 
223.000 45.000 
224.000 45.000 
225.000 45.000 
226.000 45.000 
227.000 44.930 
228.000 44.930 
229.000 44.930 
230.000 44.930 
231.000 44.930 
232.000 44.930 
233.000 44.930 
234.000 44.930 
235.000 44.930 
236.000 44.930 
237.000 44.930 
238.000 44.870 
239.000 44.870 
240.000 44.870 
241.000 44.870 
242.000 44.870 
243.000 44.870 
244.000 44.870 
245.000 44.810 
246.000 44.810 
247.000 44.810 
248.000 44.810 
249.000 44.810 
250.000 44.810 
251.000 44.810 
252.000 44.810 
253.000 44.870 
254.000 44.870 
255.000 44.870 
256.000 44.870 
257.000 44.870 
258.000 44.930 
259.000 44.930 
260.000 44.930 
261.000 44.930 
262.000 45.000 
263.000 45.000 
264.000 45.000 
265.000 45.000 
266.000 45.060 
267.000 45.060 
268.000 45.060 
269.000 45.060 
270.000 45.060 
271.000 45.060 
272.000 45.060 
273.000 45.060 
274.000 45.060 
275.000 45.060 
276.000 45.000 
277.000 45.000 
278.000 45.000 
279.000 45.060 
280.000 45.060 
281.000 45.060 
282.000 45.060 
283.000 45.060 
284.000 45.060 
285.000 45.000 
286.000 45.000 
287.000 45.000 
288.000 45.000 
289.000 45.000 
290.000 45.000 
291.000 45.000 
292.000 45.000 
293.000 45.000 
294.000 45.000 
295.000 45.000 
296.000 45.000 
297.000 45.000 
298.000 45.060 
299.000 45.060 
300.000 45.060 
301.000 45.060 
302.000 45.060 
303.000 45.060 
304.000 45.060 
305.000 45.060 
306.000 45.000 
307.000 45.000 
308.000 45.000 
309.000 45.060 
310.000 45.060 
311.000 45.060 
312.000 45.060 
313.000 45.060 
314.000 45.060 
315.000 45.060 
316.000 45.060 
317.000 45.060 
318.000 45.060 
319.000 45.060 
320.000 45.060 
321.000 45.060 
322.000 45.060 
323.000 45.060 
324.000 45.000 
325.000 45.000 
326.000 45.000 
327.000 45.000 
328.000 45.000 
329.000 45.000 
330.000 45.000 
331.000 45.000 
332.000 45.000 
333.000 45.060 
334.000 45.060 
335.000 45.060 
336.000 45.060 
337.000 45.060 
338.000 45.060 
339.000 45.060 
340.000 45.060 
341.000 45.060 
342.000 45.060 
343.000 45.060 
344.000 45.060 
345.000 45.000 
346.000 45.060 
347.000 45.060 
348.000 45.060 
349.000 45.000 
350.000 45.060 
351.000 45.000 
352.000 45.060 
353.000 45.060 
354.000 45.060 
355.000 45.060 
356.000 45.060 
357.000 45.060 
358.000 45.060 
359.000 45.060 
360.000 45.060 
361.000 45.060 
362.000 45.060 
363.000 45.060 
364.000 45.060 
365.000 45.000 
366.000 45.000 
367.000 45.000 
368.000 45.000 
369.000 45.000 
370.000 45.000 
371.000 45.000 
372.000 45.060 
373.000 45.060 
374.000 45.060 
375.000 45.060 
376.000 45.060 
377.000 45.060 
378.000 45.060 
379.000 45.060 
380.000 45.060 
381.000 45.060 
382.000 45.060 
383.000 45.060 
384.000 45.060 
385.000 45.060 
386.000 45.060 
387.000 45.060 
388.000 45.060 
389.000 45.060 
390.000 45.060 
391.000 45.060 
392.000 45.060 
393.000 45.060 
394.000 45.060 
395.000 45.060 
396.000 45.060 
397.000 45.000 
398.000 45.000 
399.000 45.000 
400.000 45.060 
401.000 45.000 
402.000 45.060 
403.000 45.060 
404.000 45.000 
405.000 45.000 
406.000 45.060 
407.000 45.060 
408.000 45.060 
409.000 45.060 
410.000 45.060 
411.000 45.060 
412.000 45.060 
413.000 45.060 
414.000 45.060 
415.000 45.060 
416.000 45.060 
417.000 45.060 
418.000 45.060 
419.000 45.060 
420.000 45.060 
421.000 45.060 
422.000 45.060 
423.000 45.060 
424.000 45.060 
425.000 45.060 
426.000 45.060 
427.000 45.060 
428.000 45.060 
429.000 45.060 
430.000 45.060 
431.000 45.120 
432.000 45.120 
433.000 45.120 
434.000 45.120 
435.000 45.180 
436.000 45.180 
437.000 45.120 
438.000 45.120 
439.000 45.120 
440.000 45.120 
441.000 45.120 
442.000 45.120 
443.000 45.120 
444.000 45.120 
445.000 45.120 
446.000 45.120 
447.000 45.120 
448.000 45.120 
449.000 45.120 
450.000 45.120 
451.000 45.120 
452.000 45.120 
453.000 45.120 
454.000 45.120 
455.000 45.120 
456.000 45.120 
457.000 45.120 
458.000 45.120 
459.000 45.120 
460.000 45.120 
461.000 45.120 
462.000 45.120 
463.000 45.120 
464.000 45.120 
465.000 45.120 
466.000 45.120 
467.000 45.120 
468.000 45.120 
469.000 45.120 
470.000 45.120 
471.000 45.120 
472.000 45.120 
473.000 45.120 
474.000 45.120 
475.000 45.120 
476.000 45.120 
477.000 45.120 
478.000 45.120 
479.000 45.180 
480.000 45.180 
481.000 45.180 
482.000 45.120 
483.000 45.120 
484.000 45.120 
485.000 45.120 
486.000 45.120 
487.000 45.180 
488.000 45.180 
489.000 45.180 
490.000 45.180 
491.000 45.180 
492.000 45.180 
493.000 45.120 
494.000 45.120 
495.000 45.120 
496.000 45.120 
497.000 45.120 
498.000 45.120 
499.000 45.060 
500.000 45.060 
501.000 45.060 
502.000 45.000 
503.000 45.000 
504.000 45.000 
505.000 45.000 
506.000 45.000 
507.000 45.000 
508.000 45.000 
509.000 45.000 
510.000 45.000 
511.000 45.000 
512.000 45.000 
513.000 44.930 
514.000 44.930 
515.000 44.930 
516.000 44.930 
517.000 44.930 
518.000 44.930 
519.000 44.930 
520.000 45.000 
521.000 45.000 
522.000 45.000 
523.000 45.000 
524.000 45.000 
525.000 45.000 
526.000 45.000 
527.000 45.000 
528.000 45.000 
529.000 45.060 
530.000 45.060 
531.000 45.060 
532.000 45.060 
533.000 45.060 
534.000 45.120 
535.000 45.120 
536.000 45.120 
537.000 45.180 
538.000 45.180 
539.000 45.180 
540.000 45.180 
541.000 45.180 
542.000 45.180 
543.000 45.180 
544.000 45.180 
545.000 45.180 
546.000 45.180 
547.000 45.180 
548.000 45.180 
549.000 45.180 
550.000 45.180 
551.000 45.180 
552.000 45.180 
553.000 45.180 
554.000 45.180 
555.000 45.180 
556.000 45.180 
557.000 45.180 
558.000 45.180 
559.000 45.180 
560.000 45.180 
561.000 45.180 
562.000 45.180 
563.000 45.180 
564.000 45.180 
565.000 45.180 
566.000 45.180 
567.000 45.180 
568.000 45.180 
569.000 45.180 
570.000 45.180 
571.000 45.180 
572.000 45.180 
573.000 45.180 
574.000 45.180 
575.000 45.180 
576.000 45.180 
577.000 45.180 
578.000 45.180 
579.000 45.180 
580.000 45.180 
581.000 45.180 
582.000 45.180 
583.000 45.180 
584.000 45.180 
585.000 45.120 
586.000 45.180 
587.000 45.180 
588.000 45.180 
589.000 45.180 
590.000 45.180 
591.000 45.180 
592.000 45.180 
593.000 45.180 
594.000 45.120 
595.000 45.120 
596.000 45.180 
597.000 45.120 
598.000 45.120 
599.000 45.120 
600.000 45.120 
601.000 45.120 
602.000 45.120 
603.000 45.120 
604.000 45.120 
605.000 45.180 
606.000 45.180 
607.000 45.180 
608.000 45.180 
609.000 45.180 
610.000 45.250 
611.000 45.250 
612.000 45.250 
613.000 45.250 
614.000 45.180 
615.000 45.180 
616.000 45.180 
617.000 45.180 
618.000 45.180 
619.000 45.180 
620.000 45.180 
621.000 45.180 
622.000 45.180 
623.000 45.180 
624.000 45.180 
625.000 45.180 
626.000 45.250 
627.000 45.180 
628.000 45.180 
629.000 45.180 
630.000 45.180 
631.000 45.250 
632.000 45.250 
633.000 45.250 
634.000 45.250 
635.000 45.250 
636.000 45.310 
637.000 45.310 
638.000 45.250 
639.000 45.250 
640.000 45.250 
641.000 45.250 
642.000 45.180 
643.000 45.180 
644.000 45.250 
