1.000 47.680 
2.000 47.680 
3.000 47.680 
4.000 47.680 
5.000 47.680 
6.000 47.680 
7.000 47.680 
8.000 47.620 
9.000 47.620 
10.000 47.620 
11.000 47.620 
12.000 47.620 
13.000 47.620 
14.000 47.620 
15.000 47.620 
16.000 47.620 
17.000 47.620 
18.000 47.680 
19.000 47.680 
20.000 47.680 
21.000 47.750 
22.000 47.750 
23.000 47.750 
24.000 47.750 
25.000 47.750 
26.000 47.810 
27.000 47.810 
28.000 47.810 
29.000 47.870 
30.000 47.930 
31.000 48.000 
32.000 48.000 
33.000 48.060 
34.000 48.120 
35.000 48.120 
36.000 48.180 
37.000 48.180 
38.000 48.250 
39.000 48.250 
40.000 48.250 
41.000 48.310 
42.000 48.310 
43.000 48.310 
44.000 48.370 
45.000 48.370 
46.000 48.430 
47.000 48.430 
48.000 48.430 
49.000 48.500 
50.000 48.500 
51.000 48.500 
52.000 48.500 
53.000 48.500 
54.000 48.500 
55.000 48.560 
56.000 48.560 
57.000 48.560 
58.000 48.560 
59.000 48.620 
60.000 48.620 
61.000 48.680 
62.000 48.680 
63.000 48.680 
64.000 48.750 
65.000 48.750 
66.000 48.810 
67.000 48.810 
68.000 48.810 
69.000 48.870 
70.000 48.870 
71.000 48.870 
72.000 48.870 
73.000 48.870 
74.000 48.870 
75.000 48.870 
76.000 48.870 
77.000 48.870 
78.000 48.870 
79.000 48.870 
80.000 48.870 
81.000 48.870 
82.000 48.870 
83.000 48.870 
84.000 48.870 
85.000 48.870 
86.000 48.870 
87.000 48.870 
88.000 48.870 
89.000 48.870 
90.000 48.930 
91.000 48.930 
92.000 48.930 
93.000 49.000 
94.000 49.000 
95.000 49.000 
96.000 49.060 
97.000 49.060 
98.000 49.120 
99.000 49.120 
100.000 49.120 
101.000 49.120 
102.000 49.120 
103.000 49.120 
104.000 49.180 
105.000 49.180 
106.000 49.180 
107.000 49.180 
108.000 49.180 
109.000 49.250 
110.000 49.250 
111.000 49.250 
112.000 49.250 
113.000 49.250 
114.000 49.250 
115.000 49.250 
116.000 49.250 
117.000 49.250 
118.000 49.250 
119.000 49.250 
120.000 49.250 
121.000 49.310 
122.000 49.310 
123.000 49.310 
124.000 49.310 
125.000 49.310 
126.000 49.310 
127.000 49.310 
128.000 49.310 
129.000 49.370 
130.000 49.370 
131.000 49.370 
132.000 49.370 
133.000 49.310 
134.000 49.370 
135.000 49.370 
136.000 49.370 
137.000 49.370 
138.000 49.370 
139.000 49.370 
140.000 49.430 
141.000 49.430 
142.000 49.430 
143.000 49.430 
144.000 49.500 
145.000 49.500 
146.000 49.500 
147.000 49.500 
148.000 49.500 
149.000 49.500 
150.000 49.500 
151.000 49.560 
152.000 49.560 
153.000 49.620 
154.000 49.620 
155.000 49.680 
156.000 49.680 
157.000 49.680 
158.000 49.680 
159.000 49.750 
160.000 49.750 
161.000 49.750 
162.000 49.750 
163.000 49.750 
164.000 49.680 
165.000 49.680 
166.000 49.750 
167.000 49.750 
168.000 49.750 
169.000 49.750 
170.000 49.750 
171.000 49.750 
172.000 49.750 
173.000 49.750 
174.000 49.750 
175.000 49.680 
176.000 49.680 
177.000 49.680 
178.000 49.680 
179.000 49.680 
180.000 49.620 
181.000 49.620 
182.000 49.560 
183.000 49.560 
184.000 49.560 
185.000 49.560 
186.000 49.560 
187.000 49.620 
188.000 49.620 
189.000 49.620 
190.000 49.620 
191.000 49.620 
192.000 49.620 
193.000 49.620 
194.000 49.620 
195.000 49.680 
196.000 49.620 
197.000 49.680 
198.000 49.680 
199.000 49.620 
200.000 49.620 
201.000 49.620 
202.000 49.620 
203.000 49.620 
204.000 49.560 
205.000 49.560 
206.000 49.560 
207.000 49.560 
208.000 49.620 
209.000 49.620 
210.000 49.680 
211.000 49.680 
212.000 49.680 
213.000 49.750 
214.000 49.750 
215.000 49.810 
216.000 49.810 
217.000 49.870 
218.000 49.870 
219.000 49.870 
220.000 49.870 
221.000 49.870 
222.000 49.810 
223.000 49.810 
224.000 49.750 
225.000 49.750 
226.000 49.750 
227.000 49.680 
228.000 49.680 
229.000 49.680 
230.000 49.620 
231.000 49.620 
232.000 49.620 
233.000 49.560 
234.000 49.560 
235.000 49.560 
236.000 49.500 
237.000 49.500 
238.000 49.500 
239.000 49.500 
240.000 49.500 
241.000 49.500 
242.000 49.500 
243.000 49.500 
244.000 49.500 
245.000 49.500 
246.000 49.500 
247.000 49.500 
248.000 49.500 
249.000 49.500 
250.000 49.500 
251.000 49.430 
252.000 49.430 
253.000 49.430 
254.000 49.430 
255.000 49.430 
256.000 49.430 
257.000 49.430 
258.000 49.430 
259.000 49.430 
260.000 49.430 
261.000 49.430 
262.000 49.430 
263.000 49.430 
264.000 49.430 
265.000 49.430 
266.000 49.500 
267.000 49.500 
268.000 49.500 
269.000 49.500 
270.000 49.500 
271.000 49.500 
272.000 49.500 
273.000 49.560 
274.000 49.560 
275.000 49.560 
276.000 49.560 
277.000 49.560 
278.000 49.560 
279.000 49.560 
280.000 49.560 
281.000 49.560 
282.000 49.560 
283.000 49.560 
284.000 49.560 
285.000 49.560 
286.000 49.560 
287.000 49.560 
288.000 49.620 
289.000 49.620 
290.000 49.620 
291.000 49.680 
292.000 49.680 
293.000 49.680 
294.000 49.750 
295.000 49.750 
296.000 49.810 
297.000 49.810 
298.000 49.870 
299.000 49.870 
300.000 49.930 
301.000 49.930 
302.000 49.930 
303.000 49.930 
304.000 50.000 
305.000 50.000 
306.000 50.000 
307.000 50.000 
308.000 50.000 
309.000 50.000 
310.000 50.000 
311.000 50.000 
312.000 50.000 
313.000 50.000 
314.000 50.000 
315.000 50.000 
316.000 50.000 
317.000 50.000 
318.000 50.000 
319.000 50.000 
320.000 50.000 
321.000 50.000 
322.000 50.000 
323.000 50.000 
324.000 50.000 
325.000 50.000 
326.000 49.930 
327.000 49.930 
328.000 49.930 
329.000 49.930 
330.000 49.930 
331.000 49.930 
332.000 49.930 
333.000 49.930 
334.000 49.930 
335.000 49.870 
336.000 49.870 
337.000 49.810 
338.000 49.810 
339.000 49.810 
340.000 49.810 
341.000 49.750 
342.000 49.750 
343.000 49.750 
344.000 49.750 
345.000 49.750 
346.000 49.750 
347.000 49.750 
348.000 49.810 
349.000 49.810 
350.000 49.810 
351.000 49.810 
352.000 49.810 
353.000 49.810 
354.000 49.810 
355.000 49.810 
356.000 49.810 
357.000 49.810 
358.000 49.810 
359.000 49.810 
360.000 49.810 
361.000 49.810 
362.000 49.810 
363.000 49.810 
364.000 49.810 
365.000 49.810 
366.000 49.810 
367.000 49.810 
368.000 49.810 
369.000 49.810 
370.000 49.810 
371.000 49.810 
372.000 49.870 
373.000 49.870 
374.000 49.870 
375.000 49.870 
376.000 49.870 
377.000 49.870 
378.000 49.870 
379.000 49.870 
380.000 49.870 
381.000 49.870 
382.000 49.870 
383.000 49.870 
384.000 49.870 
385.000 49.870 
386.000 49.870 
387.000 49.870 
388.000 49.930 
389.000 49.930 
390.000 49.930 
391.000 50.000 
392.000 50.000 
393.000 50.000 
394.000 50.060 
395.000 50.060 
396.000 50.060 
397.000 50.120 
398.000 50.120 
399.000 50.120 
400.000 50.120 
401.000 50.060 
402.000 50.060 
403.000 50.060 
404.000 50.060 
405.000 50.060 
406.000 50.060 
407.000 50.000 
408.000 50.000 
409.000 50.060 
410.000 50.060 
411.000 50.060 
412.000 50.060 
413.000 50.000 
414.000 50.060 
415.000 50.060 
416.000 50.060 
417.000 50.060 
418.000 50.060 
419.000 50.060 
420.000 50.060 
421.000 50.060 
422.000 50.060 
423.000 50.060 
424.000 50.000 
425.000 50.000 
426.000 50.000 
427.000 50.000 
428.000 50.000 
429.000 50.000 
430.000 50.000 
431.000 50.000 
432.000 50.000 
433.000 49.930 
434.000 49.930 
435.000 49.930 
436.000 49.930 
437.000 49.930 
438.000 49.870 
439.000 49.870 
440.000 49.870 
441.000 49.870 
442.000 49.810 
443.000 49.810 
444.000 49.810 
445.000 49.810 
446.000 49.750 
447.000 49.750 
448.000 49.750 
449.000 49.750 
450.000 49.750 
451.000 49.750 
452.000 49.810 
453.000 49.810 
454.000 49.810 
455.000 49.870 
456.000 49.870 
457.000 49.930 
458.000 49.930 
459.000 49.930 
460.000 50.000 
461.000 50.000 
462.000 50.000 
463.000 50.000 
464.000 50.000 
465.000 50.000 
466.000 50.000 
467.000 50.000 
468.000 50.000 
469.000 50.000 
470.000 50.000 
471.000 50.060 
472.000 50.060 
473.000 50.060 
474.000 50.000 
475.000 50.000 
476.000 50.000 
477.000 50.000 
478.000 50.000 
479.000 50.000 
480.000 50.000 
481.000 50.000 
482.000 50.000 
483.000 50.000 
484.000 50.000 
485.000 50.060 
486.000 50.060 
487.000 50.060 
488.000 50.060 
489.000 50.060 
490.000 50.060 
491.000 50.060 
492.000 50.060 
493.000 50.120 
494.000 50.120 
495.000 50.120 
496.000 50.120 
497.000 50.120 
498.000 50.120 
499.000 50.120 
500.000 50.120 
501.000 50.120 
502.000 50.120 
503.000 50.060 
504.000 50.060 
505.000 50.120 
506.000 50.120 
507.000 50.120 
508.000 50.120 
509.000 50.120 
510.000 50.120 
511.000 50.120 
512.000 50.120 
513.000 50.120 
514.000 50.120 
515.000 50.120 
516.000 50.120 
517.000 50.120 
518.000 50.120 
519.000 50.060 
520.000 50.060 
521.000 50.060 
522.000 50.060 
523.000 50.060 
524.000 50.060 
525.000 50.120 
526.000 50.120 
527.000 50.180 
528.000 50.180 
529.000 50.180 
530.000 50.180 
531.000 50.180 
532.000 50.120 
533.000 50.180 
534.000 50.120 
535.000 50.120 
536.000 50.120 
537.000 50.120 
538.000 50.120 
539.000 50.120 
540.000 50.120 
541.000 50.120 
542.000 50.060 
543.000 50.060 
544.000 50.060 
545.000 50.060 
546.000 50.060 
547.000 50.000 
548.000 50.000 
549.000 50.000 
550.000 50.000 
551.000 50.000 
552.000 50.000 
553.000 50.000 
554.000 50.000 
555.000 50.000 
556.000 50.000 
557.000 50.000 
558.000 50.060 
559.000 50.000 
560.000 50.000 
561.000 50.000 
562.000 50.000 
563.000 50.000 
564.000 50.000 
565.000 50.000 
566.000 50.000 
567.000 50.000 
568.000 49.930 
569.000 50.000 
570.000 50.000 
571.000 50.000 
572.000 50.000 
573.000 50.000 
574.000 50.000 
575.000 50.000 
576.000 50.000 
577.000 50.000 
578.000 50.060 
579.000 50.060 
580.000 50.060 
581.000 50.060 
582.000 50.060 
583.000 50.060 
584.000 50.060 
585.000 50.060 
586.000 50.120 
587.000 50.120 
588.000 50.120 
589.000 50.120 
590.000 50.060 
591.000 50.120 
592.000 50.060 
593.000 50.060 
594.000 50.120 
595.000 50.120 
596.000 50.120 
597.000 50.120 
598.000 50.120 
599.000 50.120 
600.000 50.120 
601.000 50.120 
602.000 50.120 
603.000 50.120 
604.000 50.120 
605.000 50.120 
606.000 50.120 
607.000 50.120 
608.000 50.120 
609.000 50.120 
610.000 50.120 
611.000 50.060 
612.000 50.060 
613.000 50.060 
614.000 50.060 
615.000 50.060 
616.000 50.060 
617.000 50.060 
618.000 50.060 
619.000 50.060 
620.000 50.060 
621.000 50.060 
622.000 50.060 
623.000 50.060 
624.000 50.060 
625.000 50.060 
626.000 50.060 
627.000 50.060 
628.000 50.060 
629.000 50.060 
630.000 50.060 
631.000 50.060 
632.000 50.060 
633.000 50.060 
634.000 50.060 
635.000 50.120 
636.000 50.120 
637.000 50.180 
638.000 50.180 
639.000 50.180 
640.000 50.180 
