1.000 31.810 
2.000 31.810 
3.000 31.810 
4.000 31.810 
5.000 31.810 
6.000 31.810 
7.000 31.810 
8.000 31.870 
9.000 31.810 
10.000 31.810 
11.000 31.810 
12.000 31.810 
13.000 31.810 
14.000 31.810 
15.000 31.810 
16.000 31.750 
17.000 31.750 
18.000 31.680 
19.000 31.680 
20.000 31.620 
21.000 31.620 
22.000 31.560 
23.000 31.560 
24.000 31.500 
25.000 31.500 
26.000 31.430 
27.000 31.430 
28.000 31.370 
29.000 31.370 
30.000 31.310 
31.000 31.310 
32.000 31.250 
33.000 31.250 
34.000 31.180 
35.000 31.120 
36.000 31.120 
37.000 31.060 
38.000 31.000 
39.000 31.000 
40.000 30.930 
41.000 30.870 
42.000 30.870 
43.000 30.810 
44.000 30.810 
45.000 30.750 
46.000 30.750 
47.000 30.680 
48.000 30.680 
49.000 30.620 
50.000 30.620 
51.000 30.560 
52.000 30.560 
53.000 30.500 
54.000 30.500 
55.000 30.430 
56.000 30.430 
57.000 30.370 
58.000 30.370 
59.000 30.310 
60.000 30.310 
61.000 30.250 
62.000 30.250 
63.000 30.180 
64.000 30.180 
65.000 30.120 
66.000 30.120 
67.000 30.120 
68.000 30.060 
69.000 30.060 
70.000 30.000 
71.000 30.000 
72.000 29.930 
73.000 29.930 
74.000 29.930 
75.000 29.870 
76.000 29.870 
77.000 29.810 
78.000 29.810 
79.000 29.810 
80.000 29.750 
81.000 29.750 
82.000 29.750 
83.000 29.680 
84.000 29.680 
85.000 29.680 
86.000 29.620 
87.000 29.620 
88.000 29.620 
89.000 29.620 
90.000 29.560 
91.000 29.560 
92.000 29.560 
93.000 29.500 
94.000 29.500 
95.000 29.500 
96.000 29.500 
97.000 29.430 
98.000 29.430 
99.000 29.430 
100.000 29.430 
101.000 29.430 
102.000 29.370 
103.000 29.370 
104.000 29.370 
105.000 29.370 
106.000 29.370 
107.000 29.310 
108.000 29.310 
109.000 29.310 
110.000 29.310 
111.000 29.310 
112.000 29.310 
113.000 29.250 
114.000 29.250 
115.000 29.250 
116.000 29.250 
117.000 29.180 
118.000 29.180 
119.000 29.180 
120.000 29.180 
121.000 29.180 
122.000 29.180 
123.000 29.180 
124.000 29.120 
125.000 29.120 
126.000 29.120 
127.000 29.120 
128.000 29.120 
129.000 29.060 
130.000 29.060 
131.000 29.060 
132.000 29.060 
133.000 29.060 
134.000 29.060 
135.000 29.060 
136.000 29.060 
137.000 29.000 
138.000 29.000 
139.000 29.000 
140.000 29.000 
141.000 29.000 
142.000 29.000 
143.000 29.000 
144.000 29.000 
145.000 28.930 
146.000 28.930 
147.000 28.930 
148.000 28.930 
149.000 28.930 
150.000 28.870 
151.000 28.870 
152.000 28.870 
153.000 28.870 
154.000 28.870 
155.000 28.810 
156.000 28.810 
157.000 28.810 
158.000 28.810 
159.000 28.810 
160.000 28.810 
161.000 28.810 
162.000 28.810 
163.000 28.810 
164.000 28.810 
165.000 28.810 
166.000 28.750 
167.000 28.810 
168.000 28.810 
169.000 28.750 
170.000 28.750 
171.000 28.750 
172.000 28.750 
173.000 28.750 
174.000 28.750 
175.000 28.750 
176.000 28.750 
177.000 28.750 
178.000 28.750 
179.000 28.750 
180.000 28.750 
181.000 28.750 
182.000 28.750 
183.000 28.680 
184.000 28.680 
185.000 28.680 
186.000 28.680 
187.000 28.680 
188.000 28.680 
189.000 28.680 
190.000 28.680 
191.000 28.680 
192.000 28.680 
193.000 28.680 
194.000 28.680 
195.000 28.680 
196.000 28.680 
197.000 28.680 
198.000 28.680 
199.000 28.620 
200.000 28.620 
201.000 28.620 
202.000 28.620 
203.000 28.620 
204.000 28.620 
205.000 28.620 
206.000 28.620 
207.000 28.620 
208.000 28.620 
209.000 28.620 
210.000 28.620 
211.000 28.620 
212.000 28.620 
213.000 28.620 
214.000 28.620 
215.000 28.620 
216.000 28.620 
217.000 28.620 
218.000 28.620 
219.000 28.620 
220.000 28.620 
221.000 28.620 
222.000 28.620 
223.000 28.620 
224.000 28.620 
225.000 28.560 
226.000 28.620 
227.000 28.620 
228.000 28.560 
229.000 28.620 
230.000 28.620 
231.000 28.560 
232.000 28.560 
233.000 28.560 
234.000 28.560 
235.000 28.560 
236.000 28.560 
237.000 28.560 
238.000 28.560 
239.000 28.560 
240.000 28.560 
241.000 28.560 
242.000 28.560 
243.000 28.560 
244.000 28.560 
245.000 28.560 
246.000 28.560 
247.000 28.560 
248.000 28.560 
249.000 28.560 
250.000 28.560 
251.000 28.500 
252.000 28.500 
253.000 28.500 
254.000 28.500 
255.000 28.500 
256.000 28.500 
257.000 28.500 
258.000 28.500 
259.000 28.500 
260.000 28.500 
261.000 28.500 
262.000 28.500 
263.000 28.500 
264.000 28.500 
265.000 28.500 
266.000 28.500 
267.000 28.500 
268.000 28.500 
269.000 28.500 
270.000 28.500 
271.000 28.500 
272.000 28.500 
273.000 28.500 
274.000 28.500 
275.000 28.500 
276.000 28.500 
277.000 28.500 
278.000 28.500 
279.000 28.500 
280.000 28.500 
281.000 28.500 
282.000 28.430 
283.000 28.500 
284.000 28.430 
285.000 28.430 
286.000 28.430 
287.000 28.430 
288.000 28.430 
289.000 28.430 
290.000 28.430 
291.000 28.430 
292.000 28.430 
293.000 28.430 
294.000 28.430 
295.000 28.430 
296.000 28.430 
297.000 28.430 
298.000 28.430 
299.000 28.430 
300.000 28.430 
301.000 28.430 
302.000 28.430 
303.000 28.430 
304.000 28.430 
305.000 28.430 
306.000 28.430 
307.000 28.430 
308.000 28.430 
309.000 28.430 
310.000 28.430 
311.000 28.430 
312.000 28.430 
313.000 28.430 
314.000 28.430 
315.000 28.430 
316.000 28.430 
317.000 28.430 
318.000 28.430 
319.000 28.430 
320.000 28.430 
321.000 28.430 
322.000 28.430 
323.000 28.430 
324.000 28.430 
325.000 28.430 
326.000 28.430 
327.000 28.430 
328.000 28.430 
329.000 28.430 
330.000 28.430 
331.000 28.430 
332.000 28.430 
333.000 28.430 
334.000 28.430 
335.000 28.430 
336.000 28.430 
337.000 28.430 
338.000 28.430 
339.000 28.430 
340.000 28.430 
341.000 28.370 
342.000 28.430 
343.000 28.430 
344.000 28.430 
345.000 28.430 
346.000 28.430 
347.000 28.430 
348.000 28.430 
349.000 28.430 
350.000 28.430 
351.000 28.430 
352.000 28.430 
353.000 28.430 
354.000 28.370 
355.000 28.370 
356.000 28.430 
357.000 28.370 
358.000 28.430 
359.000 28.370 
360.000 28.370 
361.000 28.370 
362.000 28.370 
363.000 28.370 
364.000 28.370 
365.000 28.370 
366.000 28.370 
367.000 28.430 
368.000 28.370 
369.000 28.370 
370.000 28.370 
371.000 28.370 
372.000 28.370 
373.000 28.370 
374.000 28.370 
375.000 28.370 
376.000 28.370 
377.000 28.370 
378.000 28.370 
379.000 28.370 
380.000 28.370 
381.000 28.370 
382.000 28.370 
383.000 28.370 
384.000 28.370 
385.000 28.370 
386.000 28.370 
387.000 28.370 
388.000 28.370 
389.000 28.370 
390.000 28.370 
391.000 28.370 
392.000 28.370 
393.000 28.370 
394.000 28.370 
395.000 28.370 
396.000 28.430 
397.000 28.370 
398.000 28.370 
399.000 28.370 
400.000 28.370 
401.000 28.370 
402.000 28.370 
403.000 28.430 
404.000 28.370 
405.000 28.370 
406.000 28.370 
407.000 28.370 
408.000 28.370 
409.000 28.370 
410.000 28.370 
411.000 28.370 
412.000 28.370 
413.000 28.370 
414.000 28.370 
415.000 28.370 
416.000 28.370 
417.000 28.370 
418.000 28.370 
419.000 28.370 
420.000 28.370 
421.000 28.370 
422.000 28.370 
423.000 28.370 
424.000 28.370 
425.000 28.370 
426.000 28.370 
427.000 28.310 
428.000 28.310 
429.000 28.310 
430.000 28.310 
431.000 28.370 
432.000 28.310 
433.000 28.310 
