0.000 1.000 
0.100 1.000 
0.200 1.000 
0.300 1.000 
0.400 1.000 
0.500 1.000 
0.600 1.000 
0.700 1.000 
0.800 1.000 
0.900 1.000 
1.000 1.000 
1.100 1.000 
1.200 1.000 
1.300 1.000 
1.400 1.000 
1.500 1.000 
1.600 1.000 
1.700 1.000 
1.800 1.000 
1.900 1.000 
2.000 1.000 
2.100 1.000 
2.200 1.000 
2.300 1.000 
2.400 1.000 
2.500 1.000 
2.600 1.000 
2.700 1.000 
2.800 1.000 
2.900 1.000 
3.000 1.000 
3.100 1.000 
3.200 1.000 
3.300 1.000 
3.400 1.000 
3.500 1.000 
3.600 1.000 
3.700 1.000 
3.800 1.000 
3.900 1.000 
4.000 1.000 
4.100 1.000 
4.200 1.000 
4.300 1.000 
4.400 1.000 
4.500 1.000 
4.600 1.000 
4.700 1.000 
4.800 1.000 
4.900 1.000 
5.000 1.000 
5.100 1.000 
5.200 1.000 
5.300 1.000 
5.400 1.000 
5.500 1.000 
5.600 1.000 
5.700 1.000 
5.800 1.000 
5.900 1.000 
6.000 1.000 
6.100 1.000 
6.200 1.000 
6.300 1.000 
6.400 1.000 
6.500 1.000 
6.600 1.000 
6.700 1.000 
6.800 1.000 
6.900 1.000 
7.000 1.000 
7.100 1.000 
7.200 1.000 
7.300 1.000 
7.400 1.000 
7.500 1.000 
7.600 1.000 
7.700 1.000 
7.800 1.000 
7.900 1.000 
8.000 1.000 
8.100 1.000 
8.200 1.000 
8.300 1.000 
8.400 1.000 
8.500 1.000 
8.600 1.000 
8.700 1.000 
8.800 1.000 
8.900 1.000 
9.000 1.000 
9.100 1.000 
9.200 1.000 
9.300 1.000 
9.400 1.000 
9.500 1.000 
9.600 1.000 
9.700 1.000 
9.800 1.000 
9.900 1.000 
10.000 1.000 
10.100 1.000 
10.200 1.000 
10.300 1.000 
10.400 1.000 
10.500 1.000 
10.600 1.000 
10.700 1.000 
10.800 1.000 
10.900 1.000 
11.000 1.000 
11.100 1.000 
11.200 1.000 
11.300 1.000 
11.400 1.000 
11.500 1.000 
11.600 1.000 
11.700 1.000 
11.800 1.000 
11.900 1.000 
12.000 1.000 
12.100 1.000 
12.200 1.000 
12.300 1.000 
12.400 1.000 
12.500 1.000 
12.600 1.000 
12.700 1.000 
12.800 1.000 
12.900 1.000 
13.000 1.000 
13.100 1.000 
13.200 1.000 
13.300 1.000 
13.400 1.000 
13.500 1.000 
13.600 1.000 
13.700 1.000 
13.800 1.000 
13.900 1.000 
14.000 1.000 
14.100 1.000 
14.200 1.000 
14.300 1.000 
14.400 1.000 
14.500 1.000 
14.600 1.000 
14.700 1.000 
14.800 1.000 
14.900 1.000 
15.000 1.000 
15.100 1.000 
15.200 1.000 
15.300 1.000 
15.400 1.000 
15.500 1.000 
15.600 1.000 
15.700 1.000 
15.800 1.000 
15.900 1.000 
16.000 1.000 
16.100 1.000 
16.200 1.000 
16.300 1.000 
16.400 1.000 
16.500 1.000 
16.600 1.000 
16.700 1.000 
16.800 1.000 
16.900 1.000 
17.000 1.000 
17.100 1.000 
17.200 1.000 
17.300 1.000 
17.400 1.000 
17.500 1.000 
17.600 1.000 
17.700 1.000 
17.800 1.000 
17.900 1.000 
18.000 1.000 
18.100 1.000 
18.200 1.000 
18.300 1.000 
18.400 1.000 
18.500 1.000 
18.600 1.000 
18.700 1.000 
18.800 1.000 
18.900 1.000 
19.000 1.000 
19.100 1.000 
19.200 1.000 
19.300 1.000 
19.400 1.000 
19.500 1.000 
19.600 1.000 
19.700 1.000 
19.800 1.000 
19.900 1.000 
20.000 1.000 
20.100 1.000 
20.200 1.000 
20.300 1.000 
20.400 1.000 
20.500 1.000 
20.600 1.000 
20.700 1.000 
20.800 1.000 
20.900 1.000 
21.000 1.000 
21.100 1.000 
21.200 1.000 
21.300 1.000 
21.400 1.000 
21.500 1.000 
21.600 1.000 
21.700 1.000 
21.800 1.000 
21.900 1.000 
22.000 1.000 
22.100 1.000 
22.200 1.000 
22.300 1.000 
22.400 1.000 
22.500 1.000 
22.600 1.000 
22.700 1.000 
22.800 1.000 
22.900 1.000 
23.000 1.000 
23.100 1.000 
23.200 1.000 
23.300 1.000 
23.400 1.000 
23.500 1.000 
23.600 1.000 
23.700 1.000 
23.800 1.000 
23.900 1.000 
24.000 1.000 
24.100 1.000 
24.200 1.000 
24.300 1.000 
24.400 1.000 
24.500 1.000 
24.600 1.000 
24.700 1.000 
24.800 1.000 
24.900 1.000 
25.000 1.000 
25.100 1.000 
25.200 1.000 
25.300 1.000 
25.400 1.000 
25.500 1.000 
25.600 1.000 
25.700 1.000 
25.800 1.000 
25.900 1.000 
26.000 1.000 
26.100 1.000 
26.200 1.000 
26.300 1.000 
26.400 1.000 
26.500 1.000 
26.600 1.000 
26.700 1.000 
26.800 1.000 
26.900 1.000 
27.000 1.000 
27.100 1.000 
27.200 1.000 
27.300 1.000 
27.400 1.000 
27.500 1.000 
27.600 1.000 
27.700 1.000 
27.800 1.000 
27.900 1.000 
28.000 1.000 
28.100 1.000 
28.200 1.000 
28.300 1.000 
28.400 1.000 
28.500 1.000 
28.600 1.000 
28.700 1.000 
28.800 1.000 
28.900 1.000 
29.000 1.000 
29.100 1.000 
29.200 1.000 
29.300 1.000 
29.400 1.000 
29.500 1.000 
29.600 1.000 
29.700 1.000 
29.800 1.000 
29.900 1.000 
30.000 1.000 
30.100 1.000 
30.200 1.000 
30.300 1.000 
30.400 1.000 
30.500 1.000 
30.600 1.000 
30.700 1.000 
30.800 1.000 
30.900 1.000 
31.000 1.000 
31.100 1.000 
31.200 1.000 
31.300 1.000 
31.400 1.000 
31.500 1.000 
31.600 1.000 
31.700 1.000 
31.800 1.000 
31.900 1.000 
32.000 1.000 
32.100 1.000 
32.200 1.000 
32.300 1.000 
32.400 1.000 
32.500 1.000 
32.600 1.000 
32.700 1.000 
32.800 1.000 
32.900 1.000 
33.000 1.000 
33.100 1.000 
33.200 1.000 
33.300 1.000 
33.400 1.000 
33.500 1.000 
33.600 1.000 
33.700 1.000 
33.800 1.000 
33.900 1.000 
34.000 1.000 
34.100 1.000 
34.200 1.000 
34.300 1.000 
34.400 1.000 
34.500 1.000 
34.600 1.000 
34.700 1.000 
34.800 1.000 
34.900 1.000 
35.000 1.000 
35.100 1.000 
35.200 1.000 
35.300 1.000 
35.400 1.000 
35.500 1.000 
35.600 1.000 
35.700 1.000 
35.800 1.000 
35.900 1.000 
36.000 1.000 
36.100 1.000 
36.200 1.000 
36.300 1.000 
36.400 1.000 
36.500 1.000 
36.600 1.000 
36.700 1.000 
36.800 1.000 
36.900 1.000 
37.000 1.000 
37.100 1.000 
37.200 1.000 
37.300 1.000 
37.400 1.000 
37.500 1.000 
37.600 1.000 
37.700 1.000 
37.800 1.000 
37.900 1.000 
38.000 1.000 
38.100 1.000 
38.200 1.000 
38.300 1.000 
38.400 1.000 
38.500 1.000 
38.600 1.000 
38.700 1.000 
38.800 1.000 
38.900 1.000 
39.000 1.000 
39.100 1.000 
39.200 1.000 
39.300 1.000 
39.400 1.000 
39.500 1.000 
39.600 1.000 
39.700 1.000 
39.800 1.000 
39.900 1.000 
40.000 1.000 
40.100 0.980 
40.200 0.960 
40.300 0.940 
40.400 0.920 
40.500 0.900 
40.600 0.880 
40.700 0.860 
40.800 0.840 
40.900 0.820 
41.000 0.800 
41.100 0.780 
41.200 0.760 
41.300 0.740 
41.400 0.720 
41.500 0.700 
41.600 0.680 
41.700 0.660 
41.800 0.640 
41.900 0.620 
42.000 0.600 
42.100 0.580 
42.200 0.560 
42.300 0.540 
42.400 0.520 
42.500 0.500 
42.600 0.480 
42.700 0.460 
42.800 0.440 
42.900 0.420 
43.000 0.400 
43.100 0.380 
43.200 0.360 
43.300 0.340 
43.400 0.320 
43.500 0.300 
43.600 0.280 
43.700 0.260 
43.800 0.240 
43.900 0.220 
44.000 0.200 
44.100 0.180 
44.200 0.160 
44.300 0.140 
44.400 0.120 
44.500 0.100 
44.600 0.080 
44.700 0.060 
44.800 0.040 
44.900 0.020 
45.000 0.000 
45.100 0.000 
45.200 0.000 
45.300 0.000 
45.400 0.000 
45.500 0.000 
45.600 0.000 
45.700 0.000 
45.800 0.000 
45.900 0.000 
46.000 0.000 
46.100 0.000 
46.200 0.000 
46.300 0.000 
46.400 0.000 
46.500 0.000 
46.600 0.000 
46.700 0.000 
46.800 0.000 
46.900 0.000 
47.000 0.000 
47.100 0.000 
47.200 0.000 
47.300 0.000 
47.400 0.000 
47.500 0.000 
47.600 0.000 
47.700 0.000 
47.800 0.000 
47.900 0.000 
48.000 0.000 
48.100 0.000 
48.200 0.000 
48.300 0.000 
48.400 0.000 
48.500 0.000 
48.600 0.000 
48.700 0.000 
48.800 0.000 
48.900 0.000 
49.000 0.000 
49.100 0.000 
49.200 0.000 
49.300 0.000 
49.400 0.000 
49.500 0.000 
49.600 0.000 
49.700 0.000 
49.800 0.000 
49.900 0.000 
50.000 0.000 
50.100 0.000 
50.200 0.000 
50.300 0.000 
50.400 0.000 
50.500 0.000 
50.600 0.000 
50.700 0.000 
50.800 0.000 
50.900 0.000 
51.000 0.000 
51.100 0.000 
51.200 0.000 
51.300 0.000 
51.400 0.000 
51.500 0.000 
51.600 0.000 
51.700 0.000 
51.800 0.000 
51.900 0.000 
52.000 0.000 
52.100 0.000 
52.200 0.000 
52.300 0.000 
52.400 0.000 
52.500 0.000 
52.600 0.000 
52.700 0.000 
52.800 0.000 
52.900 0.000 
53.000 0.000 
53.100 0.000 
53.200 0.000 
53.300 0.000 
53.400 0.000 
53.500 0.000 
53.600 0.000 
53.700 0.000 
53.800 0.000 
53.900 0.000 
54.000 0.000 
54.100 0.000 
54.200 0.000 
54.300 0.000 
54.400 0.000 
54.500 0.000 
54.600 0.000 
54.700 0.000 
54.800 0.000 
54.900 0.000 
55.000 0.000 
55.100 0.000 
55.200 0.000 
55.300 0.000 
55.400 0.000 
55.500 0.000 
55.600 0.000 
55.700 0.000 
55.800 0.000 
55.900 0.000 
56.000 0.000 
56.100 0.000 
56.200 0.000 
56.300 0.000 
56.400 0.000 
56.500 0.000 
56.600 0.000 
56.700 0.000 
56.800 0.000 
56.900 0.000 
57.000 0.000 
57.100 0.000 
57.200 0.000 
57.300 0.000 
57.400 0.000 
57.500 0.000 
57.600 0.000 
57.700 0.000 
57.800 0.000 
57.900 0.000 
58.000 0.000 
58.100 0.000 
58.200 0.000 
58.300 0.000 
58.400 0.000 
58.500 0.000 
58.600 0.000 
58.700 0.000 
58.800 0.000 
58.900 0.000 
59.000 0.000 
59.100 0.000 
59.200 0.000 
59.300 0.000 
59.400 0.000 
59.500 0.000 
59.600 0.000 
59.700 0.000 
59.800 0.000 
59.900 0.000 
60.000 0.000 
60.100 0.000 
60.200 0.000 
60.300 0.000 
60.400 0.000 
60.500 0.000 
60.600 0.000 
60.700 0.000 
60.800 0.000 
60.900 0.000 
61.000 0.000 
61.100 0.000 
61.200 0.000 
61.300 0.000 
61.400 0.000 
61.500 0.000 
61.600 0.000 
61.700 0.000 
61.800 0.000 
61.900 0.000 
62.000 0.000 
62.100 0.000 
62.200 0.000 
62.300 0.000 
62.400 0.000 
62.500 0.000 
62.600 0.000 
62.700 0.000 
62.800 0.000 
62.900 0.000 
63.000 0.000 
63.100 0.000 
63.200 0.000 
63.300 0.000 
63.400 0.000 
63.500 0.000 
63.600 0.000 
63.700 0.000 
63.800 0.000 
63.900 0.000 
64.000 0.000 
64.100 0.000 
64.200 0.000 
64.300 0.000 
64.400 0.000 
64.500 0.000 
64.600 0.000 
64.700 0.000 
64.800 0.000 
64.900 0.000 
65.000 0.000 
65.100 0.000 
65.200 0.000 
65.300 0.000 
65.400 0.000 
65.500 0.000 
65.600 0.000 
65.700 0.000 
65.800 0.000 
65.900 0.000 
66.000 0.000 
66.100 0.000 
66.200 0.000 
66.300 0.000 
66.400 0.000 
66.500 0.000 
66.600 0.000 
66.700 0.000 
66.800 0.000 
66.900 0.000 
67.000 0.000 
67.100 0.000 
67.200 0.000 
67.300 0.000 
67.400 0.000 
67.500 0.000 
67.600 0.000 
67.700 0.000 
67.800 0.000 
67.900 0.000 
68.000 0.000 
68.100 0.000 
68.200 0.000 
68.300 0.000 
68.400 0.000 
68.500 0.000 
68.600 0.000 
68.700 0.000 
68.800 0.000 
68.900 0.000 
69.000 0.000 
69.100 0.000 
69.200 0.000 
69.300 0.000 
69.400 0.000 
69.500 0.000 
69.600 0.000 
69.700 0.000 
69.800 0.000 
69.900 0.000 
70.000 0.000 
70.100 0.000 
70.200 0.000 
70.300 0.000 
70.400 0.000 
70.500 0.000 
70.600 0.000 
70.700 0.000 
70.800 0.000 
70.900 0.000 
71.000 0.000 
71.100 0.000 
71.200 0.000 
71.300 0.000 
71.400 0.000 
71.500 0.000 
71.600 0.000 
71.700 0.000 
71.800 0.000 
71.900 0.000 
72.000 0.000 
72.100 0.000 
72.200 0.000 
72.300 0.000 
72.400 0.000 
72.500 0.000 
72.600 0.000 
72.700 0.000 
72.800 0.000 
72.900 0.000 
73.000 0.000 
73.100 0.000 
73.200 0.000 
73.300 0.000 
73.400 0.000 
73.500 0.000 
73.600 0.000 
73.700 0.000 
73.800 0.000 
73.900 0.000 
74.000 0.000 
74.100 0.000 
74.200 0.000 
74.300 0.000 
74.400 0.000 
74.500 0.000 
74.600 0.000 
74.700 0.000 
74.800 0.000 
74.900 0.000 
75.000 0.000 
75.100 0.000 
75.200 0.000 
75.300 0.000 
75.400 0.000 
75.500 0.000 
75.600 0.000 
75.700 0.000 
75.800 0.000 
75.900 0.000 
76.000 0.000 
76.100 0.000 
76.200 0.000 
76.300 0.000 
76.400 0.000 
76.500 0.000 
76.600 0.000 
76.700 0.000 
76.800 0.000 
76.900 0.000 
77.000 0.000 
77.100 0.000 
77.200 0.000 
77.300 0.000 
77.400 0.000 
77.500 0.000 
77.600 0.000 
77.700 0.000 
77.800 0.000 
77.900 0.000 
78.000 0.000 
78.100 0.000 
78.200 0.000 
78.300 0.000 
78.400 0.000 
78.500 0.000 
78.600 0.000 
78.700 0.000 
78.800 0.000 
78.900 0.000 
79.000 0.000 
79.100 0.000 
79.200 0.000 
79.300 0.000 
79.400 0.000 
79.500 0.000 
79.600 0.000 
79.700 0.000 
79.800 0.000 
79.900 0.000 
80.000 0.000 
80.100 0.000 
80.200 0.000 
80.300 0.000 
80.400 0.000 
80.500 0.000 
80.600 0.000 
80.700 0.000 
80.800 0.000 
80.900 0.000 
81.000 0.000 
81.100 0.000 
81.200 0.000 
81.300 0.000 
81.400 0.000 
81.500 0.000 
81.600 0.000 
81.700 0.000 
81.800 0.000 
81.900 0.000 
82.000 0.000 
82.100 0.000 
82.200 0.000 
82.300 0.000 
82.400 0.000 
82.500 0.000 
82.600 0.000 
82.700 0.000 
82.800 0.000 
82.900 0.000 
83.000 0.000 
83.100 0.000 
83.200 0.000 
83.300 0.000 
83.400 0.000 
83.500 0.000 
83.600 0.000 
83.700 0.000 
83.800 0.000 
83.900 0.000 
84.000 0.000 
84.100 0.000 
84.200 0.000 
84.300 0.000 
84.400 0.000 
84.500 0.000 
84.600 0.000 
84.700 0.000 
84.800 0.000 
84.900 0.000 
85.000 0.000 
85.100 0.000 
85.200 0.000 
85.300 0.000 
85.400 0.000 
85.500 0.000 
85.600 0.000 
85.700 0.000 
85.800 0.000 
85.900 0.000 
86.000 0.000 
86.100 0.000 
86.200 0.000 
86.300 0.000 
86.400 0.000 
86.500 0.000 
86.600 0.000 
86.700 0.000 
86.800 0.000 
86.900 0.000 
87.000 0.000 
87.100 0.000 
87.200 0.000 
87.300 0.000 
87.400 0.000 
87.500 0.000 
87.600 0.000 
87.700 0.000 
87.800 0.000 
87.900 0.000 
88.000 0.000 
88.100 0.000 
88.200 0.000 
88.300 0.000 
88.400 0.000 
88.500 0.000 
88.600 0.000 
88.700 0.000 
88.800 0.000 
88.900 0.000 
89.000 0.000 
89.100 0.000 
89.200 0.000 
89.300 0.000 
89.400 0.000 
89.500 0.000 
89.600 0.000 
89.700 0.000 
89.800 0.000 
89.900 0.000 
90.000 0.000 
90.100 0.000 
90.200 0.000 
90.300 0.000 
90.400 0.000 
90.500 0.000 
90.600 0.000 
90.700 0.000 
90.800 0.000 
90.900 0.000 
91.000 0.000 
91.100 0.000 
91.200 0.000 
91.300 0.000 
91.400 0.000 
91.500 0.000 
91.600 0.000 
91.700 0.000 
91.800 0.000 
91.900 0.000 
92.000 0.000 
92.100 0.000 
92.200 0.000 
92.300 0.000 
92.400 0.000 
92.500 0.000 
92.600 0.000 
92.700 0.000 
92.800 0.000 
92.900 0.000 
93.000 0.000 
93.100 0.000 
93.200 0.000 
93.300 0.000 
93.400 0.000 
93.500 0.000 
93.600 0.000 
93.700 0.000 
93.800 0.000 
93.900 0.000 
94.000 0.000 
94.100 0.000 
94.200 0.000 
94.300 0.000 
94.400 0.000 
94.500 0.000 
94.600 0.000 
94.700 0.000 
94.800 0.000 
94.900 0.000 
95.000 0.000 
95.100 0.000 
95.200 0.000 
95.300 0.000 
95.400 0.000 
95.500 0.000 
95.600 0.000 
95.700 0.000 
95.800 0.000 
95.900 0.000 
96.000 0.000 
96.100 0.000 
96.200 0.000 
96.300 0.000 
96.400 0.000 
96.500 0.000 
96.600 0.000 
96.700 0.000 
96.800 0.000 
96.900 0.000 
97.000 0.000 
97.100 0.000 
97.200 0.000 
97.300 0.000 
97.400 0.000 
97.500 0.000 
97.600 0.000 
97.700 0.000 
97.800 0.000 
97.900 0.000 
98.000 0.000 
98.100 0.000 
98.200 0.000 
98.300 0.000 
98.400 0.000 
98.500 0.000 
98.600 0.000 
98.700 0.000 
98.800 0.000 
98.900 0.000 
99.000 0.000 
99.100 0.000 
99.200 0.000 
99.300 0.000 
99.400 0.000 
99.500 0.000 
99.600 0.000 
99.700 0.000 
99.800 0.000 
99.900 0.000 
100.000 0.000 
