0.000 0.000 
0.100 0.000 
0.200 0.000 
0.300 0.000 
0.400 0.000 
0.500 0.000 
0.600 0.000 
0.700 0.000 
0.800 0.000 
0.900 0.000 
1.000 0.000 
1.100 0.000 
1.200 0.000 
1.300 0.000 
1.400 0.000 
1.500 0.000 
1.600 0.000 
1.700 0.000 
1.800 0.000 
1.900 0.000 
2.000 0.000 
2.100 0.000 
2.200 0.000 
2.300 0.000 
2.400 0.000 
2.500 0.000 
2.600 0.000 
2.700 0.000 
2.800 0.000 
2.900 0.000 
3.000 0.000 
3.100 0.000 
3.200 0.000 
3.300 0.000 
3.400 0.000 
3.500 0.000 
3.600 0.000 
3.700 0.000 
3.800 0.000 
3.900 0.000 
4.000 0.000 
4.100 0.000 
4.200 0.000 
4.300 0.000 
4.400 0.000 
4.500 0.000 
4.600 0.000 
4.700 0.000 
4.800 0.000 
4.900 0.000 
5.000 0.000 
5.100 0.000 
5.200 0.000 
5.300 0.000 
5.400 0.000 
5.500 0.000 
5.600 0.000 
5.700 0.000 
5.800 0.000 
5.900 0.000 
6.000 0.000 
6.100 0.000 
6.200 0.000 
6.300 0.000 
6.400 0.000 
6.500 0.000 
6.600 0.000 
6.700 0.000 
6.800 0.000 
6.900 0.000 
7.000 0.000 
7.100 0.000 
7.200 0.000 
7.300 0.000 
7.400 0.000 
7.500 0.000 
7.600 0.000 
7.700 0.000 
7.800 0.000 
7.900 0.000 
8.000 0.000 
8.100 0.000 
8.200 0.000 
8.300 0.000 
8.400 0.000 
8.500 0.000 
8.600 0.000 
8.700 0.000 
8.800 0.000 
8.900 0.000 
9.000 0.000 
9.100 0.000 
9.200 0.000 
9.300 0.000 
9.400 0.000 
9.500 0.000 
9.600 0.000 
9.700 0.000 
9.800 0.000 
9.900 0.000 
10.000 0.000 
10.100 0.000 
10.200 0.000 
10.300 0.000 
10.400 0.000 
10.500 0.000 
10.600 0.000 
10.700 0.000 
10.800 0.000 
10.900 0.000 
11.000 0.000 
11.100 0.000 
11.200 0.000 
11.300 0.000 
11.400 0.000 
11.500 0.000 
11.600 0.000 
11.700 0.000 
11.800 0.000 
11.900 0.000 
12.000 0.000 
12.100 0.000 
12.200 0.000 
12.300 0.000 
12.400 0.000 
12.500 0.000 
12.600 0.000 
12.700 0.000 
12.800 0.000 
12.900 0.000 
13.000 0.000 
13.100 0.000 
13.200 0.000 
13.300 0.000 
13.400 0.000 
13.500 0.000 
13.600 0.000 
13.700 0.000 
13.800 0.000 
13.900 0.000 
14.000 0.000 
14.100 0.000 
14.200 0.000 
14.300 0.000 
14.400 0.000 
14.500 0.000 
14.600 0.000 
14.700 0.000 
14.800 0.000 
14.900 0.000 
15.000 0.000 
15.100 0.000 
15.200 0.000 
15.300 0.000 
15.400 0.000 
15.500 0.000 
15.600 0.000 
15.700 0.000 
15.800 0.000 
15.900 0.000 
16.000 0.000 
16.100 0.000 
16.200 0.000 
16.300 0.000 
16.400 0.000 
16.500 0.000 
16.600 0.000 
16.700 0.000 
16.800 0.000 
16.900 0.000 
17.000 0.000 
17.100 0.000 
17.200 0.000 
17.300 0.000 
17.400 0.000 
17.500 0.000 
17.600 0.000 
17.700 0.000 
17.800 0.000 
17.900 0.000 
18.000 0.000 
18.100 0.000 
18.200 0.000 
18.300 0.000 
18.400 0.000 
18.500 0.000 
18.600 0.000 
18.700 0.000 
18.800 0.000 
18.900 0.000 
19.000 0.000 
19.100 0.000 
19.200 0.000 
19.300 0.000 
19.400 0.000 
19.500 0.000 
19.600 0.000 
19.700 0.000 
19.800 0.000 
19.900 0.000 
20.000 0.000 
20.100 0.000 
20.200 0.000 
20.300 0.000 
20.400 0.000 
20.500 0.000 
20.600 0.000 
20.700 0.000 
20.800 0.000 
20.900 0.000 
21.000 0.000 
21.100 0.000 
21.200 0.000 
21.300 0.000 
21.400 0.000 
21.500 0.000 
21.600 0.000 
21.700 0.000 
21.800 0.000 
21.900 0.000 
22.000 0.000 
22.100 0.000 
22.200 0.000 
22.300 0.000 
22.400 0.000 
22.500 0.000 
22.600 0.000 
22.700 0.000 
22.800 0.000 
22.900 0.000 
23.000 0.000 
23.100 0.000 
23.200 0.000 
23.300 0.000 
23.400 0.000 
23.500 0.000 
23.600 0.000 
23.700 0.000 
23.800 0.000 
23.900 0.000 
24.000 0.000 
24.100 0.000 
24.200 0.000 
24.300 0.000 
24.400 0.000 
24.500 0.000 
24.600 0.000 
24.700 0.000 
24.800 0.000 
24.900 0.000 
25.000 0.000 
25.100 0.000 
25.200 0.000 
25.300 0.000 
25.400 0.000 
25.500 0.000 
25.600 0.000 
25.700 0.000 
25.800 0.000 
25.900 0.000 
26.000 0.000 
26.100 0.000 
26.200 0.000 
26.300 0.000 
26.400 0.000 
26.500 0.000 
26.600 0.000 
26.700 0.000 
26.800 0.000 
26.900 0.000 
27.000 0.000 
27.100 0.000 
27.200 0.000 
27.300 0.000 
27.400 0.000 
27.500 0.000 
27.600 0.000 
27.700 0.000 
27.800 0.000 
27.900 0.000 
28.000 0.000 
28.100 0.000 
28.200 0.000 
28.300 0.000 
28.400 0.000 
28.500 0.000 
28.600 0.000 
28.700 0.000 
28.800 0.000 
28.900 0.000 
29.000 0.000 
29.100 0.000 
29.200 0.000 
29.300 0.000 
29.400 0.000 
29.500 0.000 
29.600 0.000 
29.700 0.000 
29.800 0.000 
29.900 0.000 
30.000 0.000 
30.100 0.000 
30.200 0.000 
30.300 0.000 
30.400 0.000 
30.500 0.000 
30.600 0.000 
30.700 0.000 
30.800 0.000 
30.900 0.000 
31.000 0.000 
31.100 0.000 
31.200 0.000 
31.300 0.000 
31.400 0.000 
31.500 0.000 
31.600 0.000 
31.700 0.000 
31.800 0.000 
31.900 0.000 
32.000 0.000 
32.100 0.000 
32.200 0.000 
32.300 0.000 
32.400 0.000 
32.500 0.000 
32.600 0.000 
32.700 0.000 
32.800 0.000 
32.900 0.000 
33.000 0.000 
33.100 0.000 
33.200 0.000 
33.300 0.000 
33.400 0.000 
33.500 0.000 
33.600 0.000 
33.700 0.000 
33.800 0.000 
33.900 0.000 
34.000 0.000 
34.100 0.000 
34.200 0.000 
34.300 0.000 
34.400 0.000 
34.500 0.000 
34.600 0.000 
34.700 0.000 
34.800 0.000 
34.900 0.000 
35.000 0.000 
35.100 0.000 
35.200 0.000 
35.300 0.000 
35.400 0.000 
35.500 0.000 
35.600 0.000 
35.700 0.000 
35.800 0.000 
35.900 0.000 
36.000 0.000 
36.100 0.000 
36.200 0.000 
36.300 0.000 
36.400 0.000 
36.500 0.000 
36.600 0.000 
36.700 0.000 
36.800 0.000 
36.900 0.000 
37.000 0.000 
37.100 0.000 
37.200 0.000 
37.300 0.000 
37.400 0.000 
37.500 0.000 
37.600 0.000 
37.700 0.000 
37.800 0.000 
37.900 0.000 
38.000 0.000 
38.100 0.000 
38.200 0.000 
38.300 0.000 
38.400 0.000 
38.500 0.000 
38.600 0.000 
38.700 0.000 
38.800 0.000 
38.900 0.000 
39.000 0.000 
39.100 0.000 
39.200 0.000 
39.300 0.000 
39.400 0.000 
39.500 0.000 
39.600 0.000 
39.700 0.000 
39.800 0.000 
39.900 0.000 
40.000 0.000 
40.100 0.000 
40.200 0.000 
40.300 0.000 
40.400 0.000 
40.500 0.000 
40.600 0.000 
40.700 0.000 
40.800 0.000 
40.900 0.000 
41.000 0.000 
41.100 0.000 
41.200 0.000 
41.300 0.000 
41.400 0.000 
41.500 0.000 
41.600 0.000 
41.700 0.000 
41.800 0.000 
41.900 0.000 
42.000 0.000 
42.100 0.000 
42.200 0.000 
42.300 0.000 
42.400 0.000 
42.500 0.000 
42.600 0.000 
42.700 0.000 
42.800 0.000 
42.900 0.000 
43.000 0.000 
43.100 0.000 
43.200 0.000 
43.300 0.000 
43.400 0.000 
43.500 0.000 
43.600 0.000 
43.700 0.000 
43.800 0.000 
43.900 0.000 
44.000 0.000 
44.100 0.000 
44.200 0.000 
44.300 0.000 
44.400 0.000 
44.500 0.000 
44.600 0.000 
44.700 0.000 
44.800 0.000 
44.900 0.000 
45.000 0.000 
45.100 0.000 
45.200 0.000 
45.300 0.000 
45.400 0.000 
45.500 0.000 
45.600 0.000 
45.700 0.000 
45.800 0.000 
45.900 0.000 
46.000 0.000 
46.100 0.000 
46.200 0.000 
46.300 0.000 
46.400 0.000 
46.500 0.000 
46.600 0.000 
46.700 0.000 
46.800 0.000 
46.900 0.000 
47.000 0.000 
47.100 0.000 
47.200 0.000 
47.300 0.000 
47.400 0.000 
47.500 0.000 
47.600 0.000 
47.700 0.000 
47.800 0.000 
47.900 0.000 
48.000 0.000 
48.100 0.000 
48.200 0.000 
48.300 0.000 
48.400 0.000 
48.500 0.000 
48.600 0.000 
48.700 0.000 
48.800 0.000 
48.900 0.000 
49.000 0.000 
49.100 0.000 
49.200 0.000 
49.300 0.000 
49.400 0.000 
49.500 0.000 
49.600 0.000 
49.700 0.000 
49.800 0.000 
49.900 0.000 
50.000 0.000 
50.100 0.000 
50.200 0.000 
50.300 0.000 
50.400 0.000 
50.500 0.000 
50.600 0.000 
50.700 0.000 
50.800 0.000 
50.900 0.000 
51.000 0.000 
51.100 0.000 
51.200 0.000 
51.300 0.000 
51.400 0.000 
51.500 0.000 
51.600 0.000 
51.700 0.000 
51.800 0.000 
51.900 0.000 
52.000 0.000 
52.100 0.000 
52.200 0.000 
52.300 0.000 
52.400 0.000 
52.500 0.000 
52.600 0.000 
52.700 0.000 
52.800 0.000 
52.900 0.000 
53.000 0.000 
53.100 0.000 
53.200 0.000 
53.300 0.000 
53.400 0.000 
53.500 0.000 
53.600 0.000 
53.700 0.000 
53.800 0.000 
53.900 0.000 
54.000 0.000 
54.100 0.000 
54.200 0.000 
54.300 0.000 
54.400 0.000 
54.500 0.000 
54.600 0.000 
54.700 0.000 
54.800 0.000 
54.900 0.000 
55.000 0.000 
55.100 0.020 
55.200 0.040 
55.300 0.060 
55.400 0.080 
55.500 0.100 
55.600 0.120 
55.700 0.140 
55.800 0.160 
55.900 0.180 
56.000 0.200 
56.100 0.220 
56.200 0.240 
56.300 0.260 
56.400 0.280 
56.500 0.300 
56.600 0.320 
56.700 0.340 
56.800 0.360 
56.900 0.380 
57.000 0.400 
57.100 0.420 
57.200 0.440 
57.300 0.460 
57.400 0.480 
57.500 0.500 
57.600 0.520 
57.700 0.540 
57.800 0.560 
57.900 0.580 
58.000 0.600 
58.100 0.620 
58.200 0.640 
58.300 0.660 
58.400 0.680 
58.500 0.700 
58.600 0.720 
58.700 0.740 
58.800 0.760 
58.900 0.780 
59.000 0.800 
59.100 0.820 
59.200 0.840 
59.300 0.860 
59.400 0.880 
59.500 0.900 
59.600 0.920 
59.700 0.940 
59.800 0.960 
59.900 0.980 
60.000 1.000 
60.100 1.000 
60.200 1.000 
60.300 1.000 
60.400 1.000 
60.500 1.000 
60.600 1.000 
60.700 1.000 
60.800 1.000 
60.900 1.000 
61.000 1.000 
61.100 1.000 
61.200 1.000 
61.300 1.000 
61.400 1.000 
61.500 1.000 
61.600 1.000 
61.700 1.000 
61.800 1.000 
61.900 1.000 
62.000 1.000 
62.100 1.000 
62.200 1.000 
62.300 1.000 
62.400 1.000 
62.500 1.000 
62.600 1.000 
62.700 1.000 
62.800 1.000 
62.900 1.000 
63.000 1.000 
63.100 1.000 
63.200 1.000 
63.300 1.000 
63.400 1.000 
63.500 1.000 
63.600 1.000 
63.700 1.000 
63.800 1.000 
63.900 1.000 
64.000 1.000 
64.100 1.000 
64.200 1.000 
64.300 1.000 
64.400 1.000 
64.500 1.000 
64.600 1.000 
64.700 1.000 
64.800 1.000 
64.900 1.000 
65.000 1.000 
65.100 1.000 
65.200 1.000 
65.300 1.000 
65.400 1.000 
65.500 1.000 
65.600 1.000 
65.700 1.000 
65.800 1.000 
65.900 1.000 
66.000 1.000 
66.100 1.000 
66.200 1.000 
66.300 1.000 
66.400 1.000 
66.500 1.000 
66.600 1.000 
66.700 1.000 
66.800 1.000 
66.900 1.000 
67.000 1.000 
67.100 1.000 
67.200 1.000 
67.300 1.000 
67.400 1.000 
67.500 1.000 
67.600 1.000 
67.700 1.000 
67.800 1.000 
67.900 1.000 
68.000 1.000 
68.100 1.000 
68.200 1.000 
68.300 1.000 
68.400 1.000 
68.500 1.000 
68.600 1.000 
68.700 1.000 
68.800 1.000 
68.900 1.000 
69.000 1.000 
69.100 1.000 
69.200 1.000 
69.300 1.000 
69.400 1.000 
69.500 1.000 
69.600 1.000 
69.700 1.000 
69.800 1.000 
69.900 1.000 
70.000 1.000 
70.100 1.000 
70.200 1.000 
70.300 1.000 
70.400 1.000 
70.500 1.000 
70.600 1.000 
70.700 1.000 
70.800 1.000 
70.900 1.000 
71.000 1.000 
71.100 1.000 
71.200 1.000 
71.300 1.000 
71.400 1.000 
71.500 1.000 
71.600 1.000 
71.700 1.000 
71.800 1.000 
71.900 1.000 
72.000 1.000 
72.100 1.000 
72.200 1.000 
72.300 1.000 
72.400 1.000 
72.500 1.000 
72.600 1.000 
72.700 1.000 
72.800 1.000 
72.900 1.000 
73.000 1.000 
73.100 1.000 
73.200 1.000 
73.300 1.000 
73.400 1.000 
73.500 1.000 
73.600 1.000 
73.700 1.000 
73.800 1.000 
73.900 1.000 
74.000 1.000 
74.100 1.000 
74.200 1.000 
74.300 1.000 
74.400 1.000 
74.500 1.000 
74.600 1.000 
74.700 1.000 
74.800 1.000 
74.900 1.000 
75.000 1.000 
75.100 1.000 
75.200 1.000 
75.300 1.000 
75.400 1.000 
75.500 1.000 
75.600 1.000 
75.700 1.000 
75.800 1.000 
75.900 1.000 
76.000 1.000 
76.100 1.000 
76.200 1.000 
76.300 1.000 
76.400 1.000 
76.500 1.000 
76.600 1.000 
76.700 1.000 
76.800 1.000 
76.900 1.000 
77.000 1.000 
77.100 1.000 
77.200 1.000 
77.300 1.000 
77.400 1.000 
77.500 1.000 
77.600 1.000 
77.700 1.000 
77.800 1.000 
77.900 1.000 
78.000 1.000 
78.100 1.000 
78.200 1.000 
78.300 1.000 
78.400 1.000 
78.500 1.000 
78.600 1.000 
78.700 1.000 
78.800 1.000 
78.900 1.000 
79.000 1.000 
79.100 1.000 
79.200 1.000 
79.300 1.000 
79.400 1.000 
79.500 1.000 
79.600 1.000 
79.700 1.000 
79.800 1.000 
79.900 1.000 
80.000 1.000 
80.100 1.000 
80.200 1.000 
80.300 1.000 
80.400 1.000 
80.500 1.000 
80.600 1.000 
80.700 1.000 
80.800 1.000 
80.900 1.000 
81.000 1.000 
81.100 1.000 
81.200 1.000 
81.300 1.000 
81.400 1.000 
81.500 1.000 
81.600 1.000 
81.700 1.000 
81.800 1.000 
81.900 1.000 
82.000 1.000 
82.100 1.000 
82.200 1.000 
82.300 1.000 
82.400 1.000 
82.500 1.000 
82.600 1.000 
82.700 1.000 
82.800 1.000 
82.900 1.000 
83.000 1.000 
83.100 1.000 
83.200 1.000 
83.300 1.000 
83.400 1.000 
83.500 1.000 
83.600 1.000 
83.700 1.000 
83.800 1.000 
83.900 1.000 
84.000 1.000 
84.100 1.000 
84.200 1.000 
84.300 1.000 
84.400 1.000 
84.500 1.000 
84.600 1.000 
84.700 1.000 
84.800 1.000 
84.900 1.000 
85.000 1.000 
85.100 1.000 
85.200 1.000 
85.300 1.000 
85.400 1.000 
85.500 1.000 
85.600 1.000 
85.700 1.000 
85.800 1.000 
85.900 1.000 
86.000 1.000 
86.100 1.000 
86.200 1.000 
86.300 1.000 
86.400 1.000 
86.500 1.000 
86.600 1.000 
86.700 1.000 
86.800 1.000 
86.900 1.000 
87.000 1.000 
87.100 1.000 
87.200 1.000 
87.300 1.000 
87.400 1.000 
87.500 1.000 
87.600 1.000 
87.700 1.000 
87.800 1.000 
87.900 1.000 
88.000 1.000 
88.100 1.000 
88.200 1.000 
88.300 1.000 
88.400 1.000 
88.500 1.000 
88.600 1.000 
88.700 1.000 
88.800 1.000 
88.900 1.000 
89.000 1.000 
89.100 1.000 
89.200 1.000 
89.300 1.000 
89.400 1.000 
89.500 1.000 
89.600 1.000 
89.700 1.000 
89.800 1.000 
89.900 1.000 
90.000 1.000 
90.100 1.000 
90.200 1.000 
90.300 1.000 
90.400 1.000 
90.500 1.000 
90.600 1.000 
90.700 1.000 
90.800 1.000 
90.900 1.000 
91.000 1.000 
91.100 1.000 
91.200 1.000 
91.300 1.000 
91.400 1.000 
91.500 1.000 
91.600 1.000 
91.700 1.000 
91.800 1.000 
91.900 1.000 
92.000 1.000 
92.100 1.000 
92.200 1.000 
92.300 1.000 
92.400 1.000 
92.500 1.000 
92.600 1.000 
92.700 1.000 
92.800 1.000 
92.900 1.000 
93.000 1.000 
93.100 1.000 
93.200 1.000 
93.300 1.000 
93.400 1.000 
93.500 1.000 
93.600 1.000 
93.700 1.000 
93.800 1.000 
93.900 1.000 
94.000 1.000 
94.100 1.000 
94.200 1.000 
94.300 1.000 
94.400 1.000 
94.500 1.000 
94.600 1.000 
94.700 1.000 
94.800 1.000 
94.900 1.000 
95.000 1.000 
95.100 1.000 
95.200 1.000 
95.300 1.000 
95.400 1.000 
95.500 1.000 
95.600 1.000 
95.700 1.000 
95.800 1.000 
95.900 1.000 
96.000 1.000 
96.100 1.000 
96.200 1.000 
96.300 1.000 
96.400 1.000 
96.500 1.000 
96.600 1.000 
96.700 1.000 
96.800 1.000 
96.900 1.000 
97.000 1.000 
97.100 1.000 
97.200 1.000 
97.300 1.000 
97.400 1.000 
97.500 1.000 
97.600 1.000 
97.700 1.000 
97.800 1.000 
97.900 1.000 
98.000 1.000 
98.100 1.000 
98.200 1.000 
98.300 1.000 
98.400 1.000 
98.500 1.000 
98.600 1.000 
98.700 1.000 
98.800 1.000 
98.900 1.000 
99.000 1.000 
99.100 1.000 
99.200 1.000 
99.300 1.000 
99.400 1.000 
99.500 1.000 
99.600 1.000 
99.700 1.000 
99.800 1.000 
99.900 1.000 
100.000 1.000 
