-1.000 1.000 
-0.990 1.000 
-0.980 1.000 
-0.970 1.000 
-0.960 1.000 
-0.950 1.000 
-0.940 1.000 
-0.930 1.000 
-0.920 1.000 
-0.910 1.000 
-0.900 1.000 
-0.890 1.000 
-0.880 1.000 
-0.870 1.000 
-0.860 1.000 
-0.850 1.000 
-0.840 1.000 
-0.830 1.000 
-0.820 1.000 
-0.810 1.000 
-0.800 1.000 
-0.790 1.000 
-0.780 1.000 
-0.770 1.000 
-0.760 1.000 
-0.750 1.000 
-0.740 1.000 
-0.730 1.000 
-0.720 1.000 
-0.710 1.000 
-0.700 1.000 
-0.690 1.000 
-0.680 1.000 
-0.670 1.000 
-0.660 1.000 
-0.650 1.000 
-0.640 1.000 
-0.630 1.000 
-0.620 1.000 
-0.610 1.000 
-0.600 1.000 
-0.590 1.000 
-0.580 1.000 
-0.570 1.000 
-0.560 1.000 
-0.550 1.000 
-0.540 1.000 
-0.530 1.000 
-0.520 1.000 
-0.510 1.000 
-0.500 1.000 
-0.490 1.000 
-0.480 1.000 
-0.470 1.000 
-0.460 1.000 
-0.450 1.000 
-0.440 1.000 
-0.430 1.000 
-0.420 1.000 
-0.410 1.000 
-0.400 1.000 
-0.390 1.000 
-0.380 1.000 
-0.370 1.000 
-0.360 1.000 
-0.350 1.000 
-0.340 1.000 
-0.330 1.000 
-0.320 1.000 
-0.310 1.000 
-0.300 1.000 
-0.290 1.000 
-0.280 1.000 
-0.270 1.000 
-0.260 1.000 
-0.250 1.000 
-0.240 1.000 
-0.230 1.000 
-0.220 1.000 
-0.210 1.000 
-0.200 1.000 
-0.190 1.000 
-0.180 1.000 
-0.170 1.000 
-0.160 1.000 
-0.150 1.000 
-0.140 1.000 
-0.130 1.000 
-0.120 1.000 
-0.110 1.000 
-0.100 1.000 
-0.090 1.000 
-0.080 1.000 
-0.070 1.000 
-0.060 1.000 
-0.050 1.000 
-0.040 1.000 
-0.030 1.000 
-0.020 1.000 
-0.010 1.000 
0.000 1.000 
0.010 0.983 
0.020 0.967 
0.030 0.950 
0.040 0.933 
0.050 0.917 
0.060 0.900 
0.070 0.883 
0.080 0.867 
0.090 0.850 
0.100 0.833 
0.110 0.817 
0.120 0.800 
0.130 0.783 
0.140 0.767 
0.150 0.750 
0.160 0.733 
0.170 0.717 
0.180 0.700 
0.190 0.683 
0.200 0.667 
0.210 0.650 
0.220 0.633 
0.230 0.617 
0.240 0.600 
0.250 0.583 
0.260 0.567 
0.270 0.550 
0.280 0.533 
0.290 0.517 
0.300 0.500 
0.310 0.483 
0.320 0.467 
0.330 0.450 
0.340 0.433 
0.350 0.417 
0.360 0.400 
0.370 0.383 
0.380 0.367 
0.390 0.350 
0.400 0.333 
0.410 0.317 
0.420 0.300 
0.430 0.283 
0.440 0.267 
0.450 0.250 
0.460 0.233 
0.470 0.217 
0.480 0.200 
0.490 0.183 
0.500 0.167 
0.510 0.150 
0.520 0.133 
0.530 0.117 
0.540 0.100 
0.550 0.083 
0.560 0.067 
0.570 0.050 
0.580 0.033 
0.590 0.017 
0.600 0.000 
0.610 0.000 
0.620 0.000 
0.630 0.000 
0.640 0.000 
0.650 0.000 
0.660 0.000 
0.670 0.000 
0.680 0.000 
0.690 0.000 
0.700 0.000 
0.710 0.000 
0.720 0.000 
0.730 0.000 
0.740 0.000 
0.750 0.000 
0.760 0.000 
0.770 0.000 
0.780 0.000 
0.790 0.000 
0.800 0.000 
0.810 0.000 
0.820 0.000 
0.830 0.000 
0.840 0.000 
0.850 0.000 
0.860 0.000 
0.870 0.000 
0.880 0.000 
0.890 0.000 
0.900 0.000 
0.910 0.000 
0.920 0.000 
0.930 0.000 
0.940 0.000 
0.950 0.000 
0.960 0.000 
0.970 0.000 
0.980 0.000 
0.990 0.000 
1.000 0.000 
