-1.000 0.000 
-0.990 0.000 
-0.980 0.000 
-0.970 0.000 
-0.960 0.000 
-0.950 0.000 
-0.940 0.000 
-0.930 0.000 
-0.920 0.000 
-0.910 0.000 
-0.900 0.000 
-0.890 0.000 
-0.880 0.000 
-0.870 0.000 
-0.860 0.000 
-0.850 0.000 
-0.840 0.000 
-0.830 0.000 
-0.820 0.000 
-0.810 0.000 
-0.800 0.000 
-0.790 0.000 
-0.780 0.000 
-0.770 0.000 
-0.760 0.000 
-0.750 0.000 
-0.740 0.000 
-0.730 0.000 
-0.720 0.000 
-0.710 0.000 
-0.700 0.000 
-0.690 0.000 
-0.680 0.000 
-0.670 0.000 
-0.660 0.000 
-0.650 0.000 
-0.640 0.000 
-0.630 0.000 
-0.620 0.000 
-0.610 0.000 
-0.600 0.000 
-0.590 0.000 
-0.580 0.000 
-0.570 0.000 
-0.560 0.000 
-0.550 0.000 
-0.540 0.000 
-0.530 0.000 
-0.520 0.000 
-0.510 0.000 
-0.500 0.000 
-0.490 0.000 
-0.480 0.000 
-0.470 0.000 
-0.460 0.000 
-0.450 0.000 
-0.440 0.000 
-0.430 0.000 
-0.420 0.000 
-0.410 0.000 
-0.400 0.000 
-0.390 0.000 
-0.380 0.000 
-0.370 0.000 
-0.360 0.000 
-0.350 0.000 
-0.340 0.000 
-0.330 0.000 
-0.320 0.000 
-0.310 0.000 
-0.300 0.000 
-0.290 0.000 
-0.280 0.000 
-0.270 0.000 
-0.260 0.000 
-0.250 0.000 
-0.240 0.000 
-0.230 0.000 
-0.220 0.000 
-0.210 0.000 
-0.200 0.000 
-0.190 0.050 
-0.180 0.100 
-0.170 0.150 
-0.160 0.200 
-0.150 0.250 
-0.140 0.300 
-0.130 0.350 
-0.120 0.400 
-0.110 0.450 
-0.100 0.500 
-0.090 0.550 
-0.080 0.600 
-0.070 0.650 
-0.060 0.700 
-0.050 0.750 
-0.040 0.800 
-0.030 0.850 
-0.020 0.900 
-0.010 0.950 
0.000 1.000 
0.010 1.000 
0.020 1.000 
0.030 1.000 
0.040 1.000 
0.050 1.000 
0.060 1.000 
0.070 1.000 
0.080 1.000 
0.090 1.000 
0.100 1.000 
0.110 1.000 
0.120 1.000 
0.130 1.000 
0.140 1.000 
0.150 1.000 
0.160 1.000 
0.170 1.000 
0.180 1.000 
0.190 1.000 
0.200 1.000 
0.210 1.000 
0.220 1.000 
0.230 1.000 
0.240 1.000 
0.250 1.000 
0.260 1.000 
0.270 1.000 
0.280 1.000 
0.290 1.000 
0.300 1.000 
0.310 1.000 
0.320 1.000 
0.330 1.000 
0.340 1.000 
0.350 1.000 
0.360 1.000 
0.370 1.000 
0.380 1.000 
0.390 1.000 
0.400 1.000 
0.410 0.950 
0.420 0.900 
0.430 0.850 
0.440 0.800 
0.450 0.750 
0.460 0.700 
0.470 0.650 
0.480 0.600 
0.490 0.550 
0.500 0.500 
0.510 0.450 
0.520 0.400 
0.530 0.350 
0.540 0.300 
0.550 0.250 
0.560 0.200 
0.570 0.150 
0.580 0.100 
0.590 0.050 
0.600 0.000 
0.610 0.000 
0.620 0.000 
0.630 0.000 
0.640 0.000 
0.650 0.000 
0.660 0.000 
0.670 0.000 
0.680 0.000 
0.690 0.000 
0.700 0.000 
0.710 0.000 
0.720 0.000 
0.730 0.000 
0.740 0.000 
0.750 0.000 
0.760 0.000 
0.770 0.000 
0.780 0.000 
0.790 0.000 
0.800 0.000 
0.810 0.000 
0.820 0.000 
0.830 0.000 
0.840 0.000 
0.850 0.000 
0.860 0.000 
0.870 0.000 
0.880 0.000 
0.890 0.000 
0.900 0.000 
0.910 0.000 
0.920 0.000 
0.930 0.000 
0.940 0.000 
0.950 0.000 
0.960 0.000 
0.970 0.000 
0.980 0.000 
0.990 0.000 
1.000 0.000 
