1.000 0.000 
2.000 28.000 
3.000 28.000 
4.000 28.000 
5.000 28.000 
6.000 28.000 
7.000 28.000 
8.000 28.000 
9.000 28.000 
10.000 28.000 
11.000 28.000 
12.000 27.943 
13.000 27.891 
14.000 27.901 
15.000 27.854 
16.000 27.811 
17.000 27.773 
18.000 27.796 
19.000 27.761 
20.000 27.730 
21.000 27.703 
22.000 27.679 
23.000 27.658 
24.000 27.697 
25.000 27.677 
26.000 27.658 
27.000 27.699 
28.000 27.680 
29.000 27.720 
30.000 27.756 
31.000 27.789 
32.000 27.819 
33.000 27.845 
34.000 27.868 
35.000 27.888 
36.000 27.906 
37.000 27.978 
38.000 28.042 
39.000 28.099 
40.000 28.206 
41.000 28.302 
42.000 28.387 
43.000 28.461 
44.000 28.527 
45.000 28.583 
46.000 28.632 
47.000 28.673 
48.000 28.707 
49.000 28.736 
50.000 28.827 
51.000 28.907 
52.000 28.977 
53.000 29.039 
54.000 29.093 
55.000 29.140 
56.000 29.180 
57.000 29.215 
58.000 29.245 
59.000 29.270 
60.000 29.225 
61.000 29.183 
62.000 29.145 
63.000 29.109 
64.000 29.078 
65.000 29.050 
66.000 29.025 
67.000 29.005 
68.000 28.988 
69.000 28.974 
70.000 28.964 
71.000 28.957 
72.000 28.952 
73.000 28.950 
74.000 28.951 
75.000 28.953 
76.000 28.957 
77.000 28.905 
78.000 28.859 
79.000 28.819 
80.000 28.786 
81.000 28.757 
82.000 28.733 
83.000 28.656 
84.000 28.588 
85.000 28.529 
86.000 28.479 
87.000 28.435 
88.000 28.399 
89.000 28.368 
90.000 28.344 
91.000 28.324 
92.000 28.309 
93.000 28.297 
94.000 28.289 
95.000 28.284 
96.000 28.281 
97.000 28.280 
98.000 28.281 
99.000 28.283 
100.000 28.285 
101.000 28.289 
102.000 28.235 
103.000 28.244 
104.000 28.196 
105.000 28.153 
106.000 28.115 
107.000 28.081 
108.000 28.051 
109.000 28.024 
110.000 28.002 
111.000 27.982 
112.000 27.965 
113.000 28.008 
114.000 28.049 
115.000 28.086 
116.000 28.177 
117.000 28.260 
118.000 28.334 
119.000 28.401 
120.000 28.461 
121.000 28.513 
122.000 28.558 
123.000 28.654 
124.000 28.739 
125.000 28.814 
126.000 28.879 
127.000 28.936 
128.000 28.984 
129.000 29.026 
130.000 29.060 
131.000 29.089 
132.000 29.113 
133.000 29.133 
134.000 29.149 
135.000 29.162 
136.000 29.172 
137.000 29.180 
138.000 29.187 
139.000 29.192 
140.000 29.197 
141.000 29.200 
142.000 29.204 
143.000 29.207 
144.000 29.210 
145.000 29.213 
146.000 29.217 
147.000 29.221 
148.000 29.225 
149.000 29.229 
150.000 29.234 
151.000 29.306 
152.000 29.305 
153.000 29.372 
154.000 29.433 
155.000 29.489 
156.000 29.473 
157.000 29.459 
158.000 29.446 
159.000 29.501 
160.000 29.552 
161.000 29.531 
162.000 29.579 
163.000 29.556 
164.000 29.603 
165.000 29.579 
166.000 29.557 
167.000 29.538 
168.000 29.522 
169.000 29.508 
170.000 29.497 
171.000 29.488 
172.000 29.424 
173.000 29.367 
174.000 29.317 
175.000 29.275 
176.000 29.181 
177.000 29.098 
178.000 29.025 
179.000 28.962 
180.000 28.909 
181.000 28.863 
182.000 28.768 
183.000 28.742 
184.000 28.666 
185.000 28.656 
186.000 28.594 
187.000 28.541 
188.000 28.496 
189.000 28.458 
190.000 28.427 
191.000 28.401 
192.000 28.313 
193.000 28.303 
194.000 28.229 
195.000 28.164 
196.000 28.107 
197.000 28.058 
198.000 28.015 
199.000 27.979 
200.000 27.948 
201.000 27.922 
202.000 27.899 
203.000 27.881 
204.000 27.865 
205.000 27.853 
206.000 27.842 
207.000 27.833 
208.000 27.892 
209.000 27.946 
210.000 27.995 
211.000 28.039 
212.000 28.078 
213.000 28.112 
214.000 28.142 
215.000 28.166 
216.000 28.187 
217.000 28.204 
218.000 28.274 
219.000 28.336 
220.000 28.390 
221.000 28.436 
222.000 28.476 
223.000 28.510 
224.000 28.537 
225.000 28.560 
226.000 28.578 
227.000 28.592 
228.000 28.660 
229.000 28.720 
230.000 28.772 
231.000 28.816 
232.000 28.798 
233.000 28.779 
234.000 28.760 
235.000 28.740 
236.000 28.779 
237.000 28.813 
238.000 28.843 
239.000 28.869 
240.000 28.835 
241.000 28.803 
242.000 28.774 
243.000 28.747 
244.000 28.722 
245.000 28.700 
246.000 28.680 
247.000 28.662 
248.000 28.647 
249.000 28.634 
250.000 28.622 
251.000 28.613 
252.000 28.606 
253.000 28.600 
254.000 28.595 
255.000 28.591 
256.000 28.589 
257.000 28.587 
258.000 28.586 
259.000 28.586 
260.000 28.586 
261.000 28.586 
262.000 28.587 
263.000 28.588 
264.000 28.589 
265.000 28.590 
266.000 28.649 
267.000 28.702 
268.000 28.750 
269.000 28.793 
270.000 28.832 
271.000 28.866 
272.000 28.896 
273.000 28.923 
274.000 28.945 
275.000 28.965 
276.000 28.981 
277.000 28.995 
278.000 29.007 
279.000 29.016 
280.000 29.024 
281.000 29.030 
282.000 28.978 
283.000 28.930 
284.000 28.887 
285.000 28.847 
286.000 28.812 
287.000 28.724 
288.000 28.645 
289.000 28.574 
290.000 28.512 
291.000 28.457 
292.000 28.410 
293.000 28.369 
294.000 28.335 
295.000 28.239 
296.000 28.155 
297.000 28.081 
298.000 28.016 
299.000 27.960 
300.000 27.912 
301.000 27.871 
302.000 27.836 
303.000 27.807 
304.000 27.783 
305.000 27.763 
306.000 27.746 
307.000 27.733 
308.000 27.722 
309.000 27.713 
310.000 27.706 
311.000 27.700 
312.000 27.695 
313.000 27.757 
314.000 27.814 
315.000 27.865 
316.000 27.910 
317.000 27.950 
318.000 27.984 
319.000 28.014 
320.000 28.096 
321.000 28.169 
322.000 28.232 
323.000 28.287 
324.000 28.333 
325.000 28.373 
326.000 28.463 
327.000 28.542 
328.000 28.611 
329.000 28.670 
330.000 28.720 
331.000 28.762 
332.000 28.798 
333.000 28.827 
334.000 28.850 
335.000 28.868 
336.000 28.883 
337.000 28.893 
338.000 28.901 
339.000 28.906 
340.000 28.910 
341.000 28.911 
342.000 28.912 
343.000 28.912 
344.000 28.911 
345.000 28.910 
346.000 28.909 
347.000 28.908 
348.000 28.907 
349.000 28.907 
350.000 28.906 
351.000 33.680 
352.000 38.012 
353.000 41.924 
354.000 45.917 
355.000 50.361 
356.000 53.675 
357.000 56.729 
358.000 59.799 
359.000 62.988 
360.000 65.553 
361.000 67.844 
362.000 69.976 
363.000 71.895 
364.000 73.687 
365.000 75.307 
366.000 76.768 
367.000 78.084 
368.000 79.257 
369.000 80.252 
370.000 81.139 
371.000 81.860 
372.000 82.438 
373.000 82.933 
374.000 83.303 
375.000 83.548 
376.000 83.687 
377.000 83.720 
378.000 83.663 
379.000 83.515 
380.000 83.232 
381.000 82.874 
382.000 82.455 
383.000 81.912 
384.000 81.312 
385.000 80.611 
386.000 79.863 
387.000 79.013 
388.000 78.079 
389.000 77.055 
390.000 75.948 
391.000 74.831 
392.000 73.636 
393.000 72.368 
394.000 71.031 
395.000 69.698 
396.000 68.301 
397.000 66.841 
398.000 65.334 
399.000 63.770 
400.000 62.212 
401.000 60.610 
402.000 58.956 
403.000 54.953 
404.000 44.617 
405.000 42.666 
406.000 38.927 
407.000 34.674 
408.000 33.825 
409.000 32.985 
410.000 32.159 
411.000 31.336 
412.000 30.521 
413.000 29.770 
414.000 29.008 
415.000 28.300 
416.000 27.639 
417.000 27.008 
418.000 26.470 
419.000 25.956 
420.000 25.517 
421.000 25.146 
422.000 24.832 
423.000 24.567 
424.000 24.400 
425.000 24.262 
426.000 24.215 
427.000 24.178 
428.000 24.206 
429.000 24.232 
430.000 24.310 
431.000 24.432 
432.000 24.602 
433.000 24.802 
434.000 25.085 
435.000 25.392 
436.000 25.768 
437.000 26.145 
438.000 26.532 
439.000 26.973 
440.000 27.404 
441.000 27.890 
442.000 28.417 
443.000 28.931 
444.000 29.479 
445.000 30.068 
446.000 30.625 
447.000 31.210 
448.000 31.772 
449.000 32.360 
450.000 32.914 
451.000 33.505 
452.000 34.062 
453.000 34.655 
454.000 35.215 
455.000 35.801 
456.000 36.366 
457.000 36.901 
458.000 37.467 
459.000 38.015 
460.000 38.537 
461.000 39.037 
462.000 39.518 
463.000 39.992 
464.000 40.452 
465.000 41.274 
466.000 42.455 
467.000 44.048 
468.000 46.088 
469.000 47.617 
470.000 48.160 
471.000 48.703 
472.000 49.190 
473.000 49.626 
474.000 50.073 
475.000 50.475 
476.000 50.834 
477.000 51.156 
478.000 51.445 
479.000 51.645 
480.000 51.822 
481.000 51.980 
482.000 52.062 
483.000 52.134 
484.000 52.139 
485.000 52.141 
486.000 52.075 
487.000 51.955 
488.000 51.787 
489.000 51.634 
490.000 51.437 
491.000 51.192 
492.000 50.912 
493.000 50.601 
494.000 50.321 
495.000 50.012 
496.000 49.667 
497.000 49.299 
498.000 48.912 
499.000 48.506 
500.000 48.074 
501.000 47.571 
502.000 47.117 
503.000 46.652 
504.000 46.109 
505.000 45.562 
506.000 45.011 
507.000 44.447 
508.000 43.251 
509.000 41.373 
510.000 38.840 
511.000 36.952 
512.000 36.604 
513.000 36.252 
514.000 35.897 
515.000 35.539 
516.000 35.234 
517.000 34.910 
518.000 34.635 
519.000 34.346 
520.000 34.101 
521.000 33.837 
522.000 33.613 
523.000 33.423 
524.000 33.264 
525.000 33.131 
526.000 33.020 
527.000 32.929 
528.000 32.854 
529.000 32.793 
530.000 32.742 
531.000 32.699 
532.000 32.663 
533.000 32.689 
534.000 32.713 
535.000 32.792 
536.000 32.861 
537.000 32.987 
538.000 33.098 
539.000 33.250 
540.000 33.439 
541.000 33.604 
542.000 33.802 
543.000 34.039 
544.000 34.301 
545.000 34.528 
546.000 34.779 
547.000 35.051 
548.000 35.285 
549.000 35.550 
550.000 35.833 
551.000 36.076 
552.000 36.338 
553.000 36.619 
554.000 36.925 
555.000 37.188 
556.000 37.411 
557.000 37.656 
558.000 37.863 
559.000 38.094 
560.000 38.290 
561.000 38.511 
562.000 38.699 
563.000 38.924 
564.000 39.117 
565.000 39.338 
566.000 39.528 
567.000 39.690 
568.000 39.884 
569.000 40.052 
570.000 40.246 
571.000 40.558 
572.000 40.977 
573.000 41.498 
574.000 42.123 
575.000 42.859 
576.000 43.719 
577.000 44.720 
578.000 45.883 
579.000 46.272 
580.000 46.348 
581.000 46.417 
582.000 46.478 
583.000 46.533 
584.000 46.584 
585.000 46.630 
586.000 46.673 
587.000 46.714 
588.000 46.694 
589.000 46.677 
590.000 46.663 
591.000 46.593 
592.000 46.530 
593.000 46.407 
594.000 46.295 
595.000 46.136 
596.000 45.991 
597.000 45.803 
598.000 45.633 
599.000 45.422 
600.000 45.163 
601.000 44.927 
602.000 44.577 
603.000 43.896 
604.000 42.899 
605.000 41.556 
606.000 39.914 
607.000 38.056 
608.000 37.849 
609.000 37.615 
610.000 37.358 
611.000 37.080 
612.000 36.839 
613.000 36.566 
614.000 36.330 
615.000 36.128 
616.000 35.900 
617.000 35.703 
618.000 35.537 
619.000 35.396 
620.000 35.279 
621.000 35.182 
622.000 35.102 
623.000 35.038 
624.000 34.986 
625.000 34.945 
626.000 34.912 
627.000 34.886 
628.000 34.923 
629.000 34.958 
630.000 34.991 
631.000 35.021 
632.000 35.114 
633.000 35.198 
634.000 35.271 
635.000 35.334 
636.000 35.387 
637.000 35.431 
638.000 35.466 
639.000 35.550 
640.000 35.621 
641.000 35.679 
642.000 35.784 
643.000 35.873 
644.000 35.948 
645.000 36.067 
646.000 36.169 
647.000 36.322 
648.000 36.511 
649.000 36.676 
650.000 36.875 
651.000 37.048 
652.000 37.255 
653.000 37.433 
654.000 37.587 
655.000 37.785 
656.000 37.955 
657.000 38.100 
658.000 38.280 
659.000 38.435 
660.000 38.567 
661.000 38.735 
662.000 38.880 
663.000 39.004 
664.000 39.165 
665.000 39.305 
666.000 39.425 
667.000 39.594 
668.000 39.741 
669.000 39.869 
670.000 40.036 
671.000 40.218 
672.000 40.527 
673.000 40.951 
674.000 41.543 
675.000 42.301 
676.000 43.230 
677.000 44.344 
678.000 45.663 
679.000 46.501 
680.000 46.625 
681.000 46.738 
682.000 46.783 
683.000 46.880 
684.000 46.969 
685.000 46.993 
686.000 47.014 
687.000 47.034 
688.000 47.052 
689.000 47.011 
690.000 46.973 
691.000 46.940 
692.000 46.843 
693.000 46.696 
694.000 46.562 
695.000 46.382 
696.000 46.218 
697.000 46.011 
698.000 45.755 
699.000 45.521 
700.000 45.251 
701.000 54.683 
702.000 63.448 
703.000 75.323 
704.000 83.023 
705.000 90.143 
706.000 96.712 
707.000 100.000 
708.000 100.000 
709.000 100.000 
710.000 100.000 
711.000 100.000 
712.000 100.000 
713.000 100.000 
714.000 100.000 
715.000 100.000 
716.000 100.000 
717.000 100.000 
718.000 100.000 
719.000 100.000 
720.000 100.000 
721.000 100.000 
722.000 100.000 
723.000 100.000 
724.000 100.000 
725.000 100.000 
726.000 100.000 
727.000 100.000 
728.000 100.000 
729.000 100.000 
730.000 100.000 
731.000 100.000 
732.000 100.000 
733.000 100.000 
734.000 100.000 
735.000 100.000 
736.000 100.000 
737.000 100.000 
738.000 100.000 
739.000 100.000 
740.000 100.000 
741.000 100.000 
742.000 100.000 
743.000 100.000 
744.000 100.000 
745.000 100.000 
746.000 100.000 
747.000 100.000 
748.000 100.000 
749.000 100.000 
750.000 100.000 
751.000 100.000 
752.000 100.000 
753.000 100.000 
754.000 100.000 
755.000 100.000 
756.000 100.000 
757.000 100.000 
758.000 100.000 
759.000 100.000 
760.000 100.000 
761.000 100.000 
762.000 100.000 
763.000 100.000 
764.000 100.000 
765.000 100.000 
766.000 100.000 
767.000 100.000 
768.000 100.000 
769.000 100.000 
770.000 100.000 
771.000 100.000 
772.000 100.000 
773.000 100.000 
774.000 100.000 
775.000 100.000 
776.000 100.000 
777.000 100.000 
778.000 100.000 
779.000 100.000 
780.000 100.000 
781.000 100.000 
782.000 100.000 
783.000 100.000 
784.000 100.000 
785.000 100.000 
786.000 100.000 
787.000 100.000 
788.000 100.000 
789.000 100.000 
790.000 100.000 
791.000 100.000 
792.000 100.000 
793.000 100.000 
794.000 100.000 
795.000 100.000 
796.000 100.000 
797.000 100.000 
798.000 100.000 
799.000 100.000 
800.000 100.000 
801.000 100.000 
802.000 100.000 
803.000 100.000 
804.000 100.000 
805.000 100.000 
806.000 100.000 
807.000 100.000 
808.000 100.000 
809.000 100.000 
810.000 100.000 
811.000 100.000 
812.000 100.000 
813.000 100.000 
814.000 100.000 
815.000 100.000 
816.000 100.000 
817.000 100.000 
818.000 100.000 
819.000 100.000 
820.000 100.000 
821.000 100.000 
822.000 100.000 
823.000 100.000 
824.000 100.000 
825.000 100.000 
826.000 100.000 
827.000 100.000 
828.000 100.000 
829.000 100.000 
830.000 100.000 
831.000 100.000 
832.000 100.000 
833.000 100.000 
834.000 98.870 
835.000 95.055 
836.000 91.424 
837.000 87.983 
838.000 84.783 
839.000 81.758 
840.000 78.961 
841.000 76.325 
842.000 73.892 
843.000 71.578 
844.000 69.380 
845.000 67.286 
846.000 65.345 
847.000 63.486 
848.000 61.757 
849.000 60.079 
850.000 58.516 
851.000 53.779 
852.000 45.519 
853.000 45.043 
854.000 44.589 
855.000 43.772 
856.000 42.555 
857.000 41.030 
858.000 39.314 
859.000 38.157 
860.000 38.099 
861.000 38.095 
862.000 38.127 
863.000 38.192 
864.000 38.284 
865.000 38.465 
866.000 38.660 
867.000 38.930 
868.000 39.202 
869.000 39.531 
870.000 39.918 
871.000 40.348 
872.000 41.194 
873.000 42.545 
874.000 44.421 
875.000 46.894 
876.000 48.210 
877.000 49.009 
878.000 49.890 
879.000 50.799 
880.000 51.724 
881.000 52.670 
882.000 53.696 
883.000 54.726 
884.000 55.769 
885.000 56.944 
886.000 58.160 
887.000 59.444 
888.000 60.805 
889.000 62.074 
890.000 63.179 
891.000 64.316 
892.000 65.415 
893.000 66.538 
894.000 67.636 
895.000 68.701 
896.000 69.795 
897.000 70.801 
898.000 71.850 
899.000 72.874 
900.000 73.875 
901.000 74.865 
902.000 75.837 
903.000 76.792 
904.000 77.732 
905.000 78.602 
906.000 79.473 
907.000 80.338 
908.000 81.140 
909.000 81.942 
910.000 82.686 
911.000 83.377 
912.000 84.019 
913.000 84.617 
914.000 85.174 
915.000 85.693 
916.000 86.178 
917.000 86.574 
918.000 86.945 
919.000 87.236 
920.000 87.511 
921.000 87.771 
922.000 88.019 
923.000 88.188 
924.000 88.351 
925.000 88.510 
926.000 88.606 
927.000 88.704 
928.000 88.744 
929.000 88.788 
930.000 88.780 
931.000 88.712 
932.000 88.599 
933.000 88.501 
934.000 88.360 
935.000 88.237 
936.000 88.073 
937.000 87.862 
938.000 87.673 
939.000 87.448 
940.000 87.189 
941.000 86.956 
942.000 86.690 
943.000 86.382 
944.000 86.046 
945.000 85.682 
946.000 85.292 
947.000 84.869 
948.000 84.482 
949.000 84.071 
950.000 83.638 
951.000 83.183 
952.000 82.698 
953.000 82.252 
954.000 81.786 
955.000 81.299 
956.000 80.852 
957.000 80.382 
958.000 79.883 
959.000 79.422 
960.000 78.939 
961.000 78.435 
962.000 77.969 
963.000 77.480 
964.000 77.028 
965.000 76.542 
966.000 76.092 
967.000 75.616 
968.000 75.175 
969.000 74.707 
970.000 74.271 
971.000 73.867 
972.000 73.490 
973.000 73.082 
974.000 72.700 
975.000 72.345 
976.000 72.012 
977.000 71.701 
978.000 71.410 
979.000 71.137 
980.000 70.880 
981.000 70.639 
982.000 70.343 
983.000 70.131 
984.000 69.863 
985.000 69.677 
986.000 69.431 
987.000 69.266 
988.000 69.108 
989.000 68.957 
990.000 68.811 
991.000 68.671 
992.000 68.534 
993.000 68.402 
994.000 68.273 
995.000 68.148 
996.000 68.083 
997.000 68.018 
998.000 67.951 
999.000 67.883 
1000.000 67.872 
1001.000 67.856 
1002.000 67.835 
1003.000 67.809 
1004.000 67.779 
1005.000 67.802 
1006.000 67.818 
1007.000 67.827 
1008.000 67.829 
1009.000 67.892 
1010.000 67.945 
1011.000 68.046 
1012.000 68.135 
1013.000 68.212 
1014.000 68.277 
1015.000 68.332 
1016.000 68.377 
1017.000 68.470 
1018.000 68.552 
1019.000 68.622 
1020.000 68.740 
1021.000 68.845 
1022.000 69.005 
1023.000 69.149 
1024.000 69.278 
1025.000 69.452 
1026.000 69.609 
1027.000 69.809 
1028.000 69.990 
1029.000 70.154 
1030.000 70.361 
1031.000 70.549 
1032.000 70.787 
1033.000 71.006 
1034.000 71.205 
1035.000 71.319 
1036.000 71.421 
1037.000 71.511 
1038.000 71.591 
1039.000 71.604 
1040.000 71.612 
1041.000 71.617 
1042.000 71.618 
1043.000 71.617 
1044.000 71.613 
1045.000 71.608 
1046.000 71.660 
1047.000 71.706 
1048.000 71.748 
1049.000 71.786 
1050.000 71.888 
1051.000 57.433 
1052.000 40.075 
1053.000 14.891 
1054.000 4.260 
1055.000 0.000 
1056.000 0.000 
1057.000 0.000 
1058.000 0.000 
1059.000 0.000 
1060.000 0.000 
1061.000 0.000 
1062.000 0.000 
1063.000 0.000 
1064.000 0.000 
1065.000 0.000 
1066.000 0.000 
1067.000 0.000 
1068.000 0.000 
1069.000 0.000 
1070.000 0.000 
1071.000 0.000 
1072.000 0.000 
1073.000 0.000 
1074.000 0.000 
1075.000 0.000 
1076.000 0.000 
1077.000 0.000 
1078.000 0.000 
1079.000 0.000 
1080.000 0.000 
1081.000 0.000 
1082.000 0.000 
1083.000 0.000 
1084.000 0.000 
1085.000 0.000 
1086.000 0.000 
1087.000 0.000 
1088.000 0.000 
1089.000 0.000 
1090.000 0.000 
1091.000 0.000 
1092.000 0.000 
1093.000 0.000 
1094.000 0.000 
1095.000 0.000 
1096.000 0.000 
1097.000 0.000 
1098.000 0.000 
1099.000 0.000 
1100.000 0.000 
1101.000 0.000 
1102.000 0.000 
1103.000 0.000 
1104.000 0.000 
1105.000 0.000 
1106.000 0.000 
1107.000 0.000 
1108.000 0.000 
1109.000 0.000 
1110.000 0.000 
1111.000 0.000 
1112.000 0.000 
1113.000 0.000 
1114.000 0.000 
1115.000 0.000 
1116.000 0.000 
1117.000 0.000 
1118.000 0.000 
1119.000 0.000 
1120.000 0.000 
1121.000 0.000 
1122.000 0.000 
1123.000 0.000 
1124.000 0.000 
1125.000 0.000 
1126.000 0.000 
1127.000 0.000 
1128.000 0.000 
1129.000 0.000 
1130.000 0.000 
1131.000 0.000 
1132.000 0.000 
1133.000 0.000 
1134.000 0.000 
1135.000 0.000 
1136.000 0.000 
1137.000 0.000 
1138.000 0.000 
1139.000 0.000 
1140.000 0.000 
1141.000 0.000 
1142.000 0.000 
1143.000 0.000 
1144.000 0.000 
1145.000 0.000 
1146.000 0.000 
1147.000 0.000 
1148.000 0.000 
1149.000 0.000 
1150.000 0.000 
1151.000 0.000 
1152.000 0.000 
1153.000 0.000 
1154.000 0.000 
1155.000 0.000 
1156.000 0.000 
1157.000 0.000 
1158.000 0.000 
1159.000 0.000 
1160.000 0.000 
1161.000 0.000 
1162.000 0.000 
1163.000 0.000 
1164.000 0.000 
1165.000 0.000 
1166.000 0.000 
1167.000 0.000 
1168.000 0.000 
1169.000 0.000 
1170.000 0.000 
1171.000 0.000 
1172.000 0.000 
1173.000 0.000 
1174.000 0.000 
1175.000 0.000 
1176.000 0.000 
1177.000 0.000 
1178.000 0.000 
1179.000 0.000 
1180.000 0.000 
1181.000 0.000 
1182.000 0.000 
1183.000 0.000 
1184.000 0.000 
1185.000 0.000 
1186.000 0.000 
1187.000 0.000 
1188.000 0.000 
1189.000 0.000 
1190.000 0.000 
1191.000 0.000 
1192.000 0.000 
1193.000 0.000 
1194.000 0.000 
1195.000 0.000 
1196.000 0.000 
1197.000 0.000 
1198.000 0.000 
1199.000 0.000 
1200.000 0.000 
1201.000 0.000 
1202.000 0.000 
1203.000 0.000 
1204.000 0.000 
1205.000 0.177 
1206.000 4.392 
1207.000 8.249 
1208.000 11.754 
1209.000 14.868 
1210.000 17.669 
1211.000 20.117 
1212.000 22.292 
1213.000 24.222 
1214.000 25.861 
1215.000 27.296 
1216.000 28.493 
1217.000 29.537 
1218.000 30.393 
1219.000 31.143 
1220.000 31.751 
1221.000 32.237 
1222.000 32.690 
1223.000 33.054 
1224.000 33.348 
1225.000 33.584 
1226.000 33.778 
1227.000 33.872 
1228.000 33.949 
1229.000 34.017 
1230.000 34.025 
1231.000 33.984 
1232.000 33.960 
1233.000 33.898 
1234.000 33.796 
1235.000 33.670 
1236.000 33.525 
1237.000 33.366 
1238.000 33.187 
1239.000 33.001 
1240.000 32.811 
1241.000 32.551 
1242.000 32.297 
1243.000 32.048 
1244.000 31.806 
1245.000 31.561 
1246.000 31.266 
1247.000 30.984 
1248.000 30.704 
1249.000 30.436 
1250.000 30.122 
1251.000 29.813 
1252.000 29.519 
1253.000 29.238 
1254.000 28.969 
1255.000 28.644 
1256.000 28.333 
1257.000 28.036 
1258.000 27.741 
1259.000 27.458 
1260.000 27.184 
1261.000 26.917 
1262.000 26.715 
1263.000 26.502 
1264.000 26.290 
1265.000 26.076 
1266.000 25.917 
1267.000 25.750 
1268.000 25.565 
1269.000 25.372 
1270.000 25.227 
1271.000 25.068 
1272.000 24.896 
1273.000 24.767 
1274.000 24.611 
1275.000 24.495 
1276.000 24.358 
1277.000 24.258 
1278.000 24.191 
1279.000 24.153 
1280.000 24.083 
1281.000 24.040 
1282.000 24.020 
1283.000 24.021 
1284.000 24.040 
1285.000 24.074 
1286.000 24.121 
1287.000 24.178 
1288.000 24.243 
1289.000 24.315 
1290.000 24.392 
1291.000 24.473 
1292.000 24.557 
1293.000 24.643 
1294.000 24.729 
1295.000 24.816 
1296.000 24.902 
1297.000 24.988 
1298.000 25.073 
1299.000 25.157 
1300.000 25.239 
1301.000 25.320 
1302.000 25.399 
1303.000 25.477 
1304.000 25.554 
1305.000 25.629 
1306.000 25.703 
1307.000 25.776 
1308.000 25.848 
1309.000 25.919 
1310.000 25.989 
1311.000 26.058 
1312.000 26.184 
1313.000 26.304 
1314.000 26.419 
1315.000 26.528 
1316.000 26.633 
1317.000 26.733 
1318.000 26.829 
1319.000 26.921 
1320.000 27.067 
1321.000 27.204 
1322.000 27.276 
1323.000 27.403 
1324.000 27.523 
1325.000 27.637 
1326.000 27.744 
1327.000 27.847 
1328.000 27.945 
1329.000 28.038 
1330.000 28.070 
1331.000 28.104 
1332.000 28.141 
1333.000 28.179 
1334.000 28.221 
1335.000 28.264 
1336.000 28.311 
1337.000 28.360 
1338.000 28.355 
1339.000 28.357 
1340.000 28.367 
1341.000 28.327 
1342.000 28.299 
1343.000 28.282 
1344.000 28.209 
1345.000 28.152 
1346.000 28.110 
1347.000 28.082 
1348.000 28.010 
1349.000 27.955 
1350.000 27.916 
1351.000 27.891 
1352.000 27.880 
1353.000 27.881 
1354.000 27.892 
1355.000 27.913 
1356.000 27.943 
1357.000 27.980 
1358.000 28.022 
1359.000 28.013 
1360.000 28.014 
1361.000 28.023 
1362.000 28.040 
1363.000 28.063 
1364.000 28.092 
1365.000 28.126 
1366.000 28.108 
1367.000 28.099 
1368.000 28.098 
1369.000 28.104 
1370.000 28.051 
1371.000 28.010 
1372.000 27.981 
1373.000 27.904 
1374.000 27.843 
1375.000 27.795 
1376.000 27.703 
1377.000 27.628 
1378.000 27.569 
1379.000 27.524 
1380.000 27.434 
1381.000 27.420 
1382.000 27.416 
1383.000 27.421 
1384.000 27.434 
1385.000 27.454 
1386.000 27.423 
1387.000 27.459 
1388.000 27.500 
1389.000 27.543 
1390.000 27.588 
1391.000 27.635 
1392.000 27.625 
1393.000 27.622 
1394.000 27.623 
1395.000 27.629 
1396.000 27.639 
1397.000 27.653 
1398.000 27.670 
1399.000 27.689 
1400.000 27.712 
