1.000 0.000 
2.000 26.386 
3.000 24.922 
4.000 23.600 
5.000 22.413 
6.000 21.354 
7.000 20.416 
8.000 19.591 
9.000 18.873 
10.000 18.255 
11.000 17.726 
12.000 17.278 
13.000 16.903 
14.000 16.590 
15.000 16.332 
16.000 16.177 
17.000 16.056 
18.000 15.962 
19.000 15.956 
20.000 16.016 
21.000 16.077 
22.000 16.192 
23.000 16.352 
24.000 16.561 
25.000 16.744 
26.000 16.958 
27.000 17.198 
28.000 17.460 
29.000 17.748 
30.000 18.049 
31.000 18.361 
32.000 18.681 
33.000 19.016 
34.000 19.356 
35.000 19.697 
36.000 20.040 
37.000 20.393 
38.000 20.746 
39.000 21.155 
40.000 21.567 
41.000 21.973 
42.000 22.372 
43.000 22.832 
44.000 23.280 
45.000 23.718 
46.000 24.147 
47.000 24.576 
48.000 24.996 
49.000 25.410 
50.000 25.759 
51.000 26.108 
52.000 26.468 
53.000 26.829 
54.000 27.191 
55.000 27.498 
56.000 27.813 
57.000 28.146 
58.000 28.429 
59.000 28.726 
60.000 28.979 
61.000 29.192 
62.000 29.429 
63.000 29.630 
64.000 29.800 
65.000 29.943 
66.000 30.063 
67.000 30.163 
68.000 30.247 
69.000 30.317 
70.000 30.376 
71.000 30.425 
72.000 30.468 
73.000 30.506 
74.000 30.540 
75.000 30.572 
76.000 30.603 
77.000 30.575 
78.000 30.554 
79.000 30.538 
80.000 30.529 
81.000 30.525 
82.000 30.470 
83.000 30.427 
84.000 30.394 
85.000 30.304 
86.000 30.230 
87.000 30.171 
88.000 30.069 
89.000 29.984 
90.000 29.917 
91.000 29.807 
92.000 29.718 
93.000 29.646 
94.000 29.534 
95.000 29.442 
96.000 29.368 
97.000 29.245 
98.000 29.143 
99.000 29.060 
100.000 28.938 
101.000 28.838 
102.000 28.756 
103.000 28.692 
104.000 28.587 
105.000 28.500 
106.000 28.431 
107.000 28.378 
108.000 28.281 
109.000 28.201 
110.000 28.137 
111.000 28.087 
112.000 27.983 
113.000 27.895 
114.000 27.823 
115.000 27.765 
116.000 27.719 
117.000 27.751 
118.000 27.787 
119.000 27.824 
120.000 27.864 
121.000 27.904 
122.000 27.944 
123.000 27.984 
124.000 27.956 
125.000 27.933 
126.000 27.914 
127.000 27.898 
128.000 27.886 
129.000 27.876 
130.000 27.870 
131.000 27.866 
132.000 27.864 
133.000 27.864 
134.000 27.866 
135.000 27.870 
136.000 27.875 
137.000 27.824 
138.000 27.779 
139.000 27.740 
140.000 27.706 
141.000 27.677 
142.000 27.653 
143.000 27.633 
144.000 27.618 
145.000 27.605 
146.000 27.539 
147.000 27.481 
148.000 27.431 
149.000 27.387 
150.000 27.350 
151.000 27.319 
152.000 27.293 
153.000 27.272 
154.000 27.255 
155.000 27.242 
156.000 27.232 
157.000 27.225 
158.000 27.221 
159.000 27.218 
160.000 27.217 
161.000 27.218 
162.000 27.219 
163.000 27.221 
164.000 27.224 
165.000 27.227 
166.000 27.231 
167.000 27.234 
168.000 27.295 
169.000 27.351 
170.000 27.401 
171.000 27.446 
172.000 27.486 
173.000 27.522 
174.000 27.554 
175.000 27.581 
176.000 27.605 
177.000 27.625 
178.000 27.642 
179.000 27.657 
180.000 27.669 
181.000 27.679 
182.000 27.687 
183.000 27.693 
184.000 27.756 
185.000 27.812 
186.000 27.863 
187.000 27.908 
188.000 27.948 
189.000 27.983 
190.000 28.014 
191.000 28.042 
192.000 28.065 
193.000 28.086 
194.000 28.104 
195.000 28.119 
196.000 28.132 
197.000 28.144 
198.000 28.154 
199.000 28.162 
200.000 28.237 
201.000 28.305 
202.000 28.366 
203.000 28.421 
204.000 28.471 
205.000 28.516 
206.000 28.555 
207.000 28.591 
208.000 28.622 
209.000 28.650 
210.000 28.674 
211.000 28.696 
212.000 28.715 
213.000 28.666 
214.000 28.621 
215.000 28.580 
216.000 28.544 
217.000 28.512 
218.000 28.484 
219.000 28.461 
220.000 28.442 
221.000 28.427 
222.000 28.415 
223.000 28.407 
224.000 28.401 
225.000 28.399 
226.000 28.398 
227.000 28.400 
228.000 28.404 
229.000 28.352 
230.000 28.307 
231.000 28.267 
232.000 28.291 
233.000 28.314 
234.000 28.337 
235.000 28.360 
236.000 28.383 
237.000 28.404 
238.000 28.425 
239.000 28.445 
240.000 28.464 
241.000 28.482 
242.000 28.499 
243.000 28.515 
244.000 28.529 
245.000 28.543 
246.000 28.556 
247.000 28.568 
248.000 28.580 
249.000 28.590 
250.000 28.601 
251.000 28.553 
252.000 28.510 
253.000 28.472 
254.000 28.439 
255.000 28.409 
256.000 28.384 
257.000 28.305 
258.000 28.236 
259.000 28.175 
260.000 28.121 
261.000 28.076 
262.000 28.037 
263.000 28.004 
264.000 27.977 
265.000 27.955 
266.000 27.938 
267.000 27.925 
268.000 27.915 
269.000 27.909 
270.000 27.905 
271.000 27.903 
272.000 27.902 
273.000 27.903 
274.000 27.906 
275.000 27.908 
276.000 27.912 
277.000 27.915 
278.000 27.919 
279.000 27.923 
280.000 27.927 
281.000 27.931 
282.000 27.992 
283.000 28.047 
284.000 28.097 
285.000 28.142 
286.000 28.182 
287.000 28.217 
288.000 28.249 
289.000 28.276 
290.000 28.299 
291.000 28.319 
292.000 28.336 
293.000 28.350 
294.000 28.362 
295.000 28.314 
296.000 28.327 
297.000 28.338 
298.000 28.348 
299.000 28.357 
300.000 28.307 
301.000 28.262 
302.000 28.279 
303.000 28.294 
304.000 28.251 
305.000 28.270 
306.000 28.230 
307.000 28.195 
308.000 28.163 
309.000 28.136 
310.000 28.112 
311.000 28.091 
312.000 28.074 
313.000 28.059 
314.000 28.047 
315.000 28.037 
316.000 28.029 
317.000 28.023 
318.000 28.019 
319.000 28.016 
320.000 28.014 
321.000 28.014 
322.000 28.014 
323.000 28.014 
324.000 28.015 
325.000 28.016 
326.000 28.018 
327.000 28.020 
328.000 28.021 
329.000 28.023 
330.000 28.025 
331.000 28.027 
332.000 28.028 
333.000 28.030 
334.000 28.031 
335.000 28.032 
336.000 28.033 
337.000 28.092 
338.000 28.145 
339.000 28.192 
340.000 28.235 
341.000 28.273 
342.000 28.307 
343.000 28.336 
344.000 28.362 
345.000 28.384 
346.000 28.403 
347.000 28.419 
348.000 28.433 
349.000 28.444 
350.000 28.453 
351.000 33.234 
352.000 37.572 
353.000 41.545 
354.000 41.752 
355.000 43.854 
356.000 40.193 
357.000 53.007 
358.000 39.460 
359.000 57.619 
360.000 42.675 
361.000 51.068 
362.000 43.908 
363.000 48.743 
364.000 45.846 
365.000 46.750 
366.000 47.600 
367.000 48.396 
368.000 49.142 
369.000 49.841 
370.000 50.495 
371.000 51.103 
372.000 51.670 
373.000 52.198 
374.000 52.688 
375.000 53.122 
376.000 53.523 
377.000 53.893 
378.000 54.230 
379.000 54.521 
380.000 54.764 
381.000 54.984 
382.000 55.163 
383.000 55.473 
384.000 55.894 
385.000 56.398 
386.000 56.988 
387.000 57.648 
388.000 58.387 
389.000 59.199 
390.000 60.100 
391.000 60.978 
392.000 60.960 
393.000 60.906 
394.000 60.842 
395.000 60.745 
396.000 60.618 
397.000 60.484 
398.000 60.319 
399.000 60.127 
400.000 59.905 
401.000 59.567 
402.000 58.911 
403.000 57.853 
404.000 56.313 
405.000 54.174 
406.000 52.290 
407.000 51.947 
408.000 51.588 
409.000 51.230 
410.000 50.856 
411.000 50.465 
412.000 50.060 
413.000 49.659 
414.000 49.242 
415.000 48.830 
416.000 48.402 
417.000 47.960 
418.000 47.524 
419.000 47.090 
420.000 46.643 
421.000 46.202 
422.000 45.763 
423.000 45.329 
424.000 44.880 
425.000 44.328 
426.000 43.391 
427.000 42.106 
428.000 40.546 
429.000 38.758 
430.000 37.881 
431.000 37.552 
432.000 37.219 
433.000 36.939 
434.000 36.648 
435.000 36.403 
436.000 36.197 
437.000 36.025 
438.000 35.825 
439.000 35.655 
440.000 35.511 
441.000 35.389 
442.000 35.285 
443.000 35.195 
444.000 35.119 
445.000 35.052 
446.000 34.992 
447.000 34.938 
448.000 34.946 
449.000 34.950 
450.000 34.951 
451.000 34.948 
452.000 34.997 
453.000 35.036 
454.000 35.122 
455.000 35.192 
456.000 35.314 
457.000 35.415 
458.000 35.555 
459.000 35.671 
460.000 35.822 
461.000 36.005 
462.000 36.158 
463.000 36.351 
464.000 36.512 
465.000 36.702 
466.000 36.917 
467.000 37.097 
468.000 37.246 
469.000 37.423 
470.000 37.569 
471.000 37.753 
472.000 37.905 
473.000 38.028 
474.000 38.183 
475.000 38.309 
476.000 38.467 
477.000 38.598 
478.000 38.760 
479.000 38.895 
480.000 39.072 
481.000 39.221 
482.000 39.401 
483.000 39.553 
484.000 39.738 
485.000 39.894 
486.000 40.025 
487.000 40.122 
488.000 40.224 
489.000 40.301 
490.000 40.368 
491.000 40.422 
492.000 40.531 
493.000 40.596 
494.000 40.663 
495.000 40.715 
496.000 40.762 
497.000 40.800 
498.000 40.884 
499.000 40.936 
500.000 40.991 
501.000 41.035 
502.000 41.125 
503.000 41.184 
504.000 41.245 
505.000 41.296 
506.000 41.343 
507.000 41.385 
508.000 41.423 
509.000 41.457 
510.000 41.488 
511.000 41.517 
512.000 41.543 
513.000 41.567 
514.000 41.545 
515.000 41.540 
516.000 41.531 
517.000 41.526 
518.000 41.521 
519.000 41.473 
520.000 41.442 
521.000 41.411 
522.000 41.386 
523.000 41.310 
524.000 41.253 
525.000 41.200 
526.000 41.155 
527.000 41.116 
528.000 41.083 
529.000 41.056 
530.000 41.035 
531.000 40.970 
532.000 40.920 
533.000 40.877 
534.000 40.840 
535.000 40.810 
536.000 40.786 
537.000 40.716 
538.000 40.660 
539.000 40.612 
540.000 40.517 
541.000 40.438 
542.000 40.305 
543.000 40.188 
544.000 40.083 
545.000 39.991 
546.000 39.910 
547.000 39.840 
548.000 39.781 
549.000 39.674 
550.000 39.583 
551.000 39.504 
552.000 39.436 
553.000 39.322 
554.000 39.222 
555.000 39.135 
556.000 39.059 
557.000 38.995 
558.000 38.939 
559.000 38.892 
560.000 38.795 
561.000 38.709 
562.000 38.691 
563.000 38.677 
564.000 38.666 
565.000 38.658 
566.000 38.651 
567.000 38.646 
568.000 38.642 
569.000 38.638 
570.000 38.691 
571.000 38.739 
572.000 38.781 
573.000 38.817 
574.000 38.848 
575.000 38.873 
576.000 38.894 
577.000 38.910 
578.000 38.978 
579.000 38.980 
580.000 39.036 
581.000 39.026 
582.000 39.014 
583.000 39.057 
584.000 39.092 
585.000 39.122 
586.000 39.145 
587.000 39.230 
588.000 39.304 
589.000 39.368 
590.000 39.423 
591.000 39.469 
592.000 39.564 
593.000 39.647 
594.000 39.719 
595.000 39.779 
596.000 39.830 
597.000 39.872 
598.000 39.907 
599.000 39.934 
600.000 40.012 
601.000 40.020 
602.000 40.081 
603.000 40.120 
604.000 40.156 
605.000 40.185 
606.000 40.266 
607.000 40.322 
608.000 40.375 
609.000 40.419 
610.000 40.457 
611.000 40.490 
612.000 40.519 
613.000 40.542 
614.000 40.563 
615.000 40.580 
616.000 40.594 
617.000 40.606 
618.000 40.616 
619.000 40.625 
620.000 40.632 
621.000 40.639 
622.000 40.592 
623.000 40.561 
624.000 40.530 
625.000 40.503 
626.000 40.424 
627.000 40.363 
628.000 40.305 
629.000 40.254 
630.000 40.209 
631.000 40.169 
632.000 40.079 
633.000 40.005 
634.000 39.939 
635.000 39.876 
636.000 39.821 
637.000 39.774 
638.000 39.736 
639.000 39.704 
640.000 39.678 
641.000 39.658 
642.000 39.642 
643.000 39.630 
644.000 39.555 
645.000 39.488 
646.000 39.430 
647.000 39.379 
648.000 39.334 
649.000 39.296 
650.000 39.262 
651.000 39.234 
652.000 39.209 
653.000 39.189 
654.000 39.172 
655.000 39.100 
656.000 39.036 
657.000 38.978 
658.000 38.927 
659.000 38.882 
660.000 38.842 
661.000 38.807 
662.000 38.776 
663.000 38.749 
664.000 38.725 
665.000 38.704 
666.000 38.685 
667.000 38.669 
668.000 38.654 
669.000 38.698 
670.000 38.738 
671.000 38.774 
672.000 38.805 
673.000 38.832 
674.000 38.856 
675.000 38.942 
676.000 39.019 
677.000 39.086 
678.000 39.144 
679.000 39.193 
680.000 39.235 
681.000 39.270 
682.000 39.298 
683.000 39.321 
684.000 39.337 
685.000 39.407 
686.000 39.467 
687.000 39.518 
688.000 39.505 
689.000 39.547 
690.000 39.582 
691.000 39.611 
692.000 39.636 
693.000 39.655 
694.000 39.670 
695.000 39.682 
696.000 39.748 
697.000 39.805 
698.000 39.856 
699.000 39.900 
700.000 39.938 
701.000 49.518 
702.000 44.969 
703.000 48.011 
704.000 50.724 
705.000 53.451 
706.000 56.080 
707.000 59.443 
708.000 64.750 
709.000 67.871 
710.000 70.416 
711.000 72.891 
712.000 75.261 
713.000 77.549 
714.000 79.761 
715.000 81.879 
716.000 83.928 
717.000 85.892 
718.000 87.769 
719.000 89.569 
720.000 91.293 
721.000 92.947 
722.000 94.529 
723.000 96.046 
724.000 97.480 
725.000 98.832 
726.000 100.000 
727.000 100.000 
728.000 100.000 
729.000 100.000 
730.000 100.000 
731.000 100.000 
732.000 100.000 
733.000 100.000 
734.000 100.000 
735.000 100.000 
736.000 100.000 
737.000 100.000 
738.000 100.000 
739.000 100.000 
740.000 100.000 
741.000 100.000 
742.000 100.000 
743.000 100.000 
744.000 100.000 
745.000 100.000 
746.000 100.000 
747.000 100.000 
748.000 100.000 
749.000 100.000 
750.000 100.000 
751.000 100.000 
752.000 100.000 
753.000 100.000 
754.000 100.000 
755.000 100.000 
756.000 100.000 
757.000 100.000 
758.000 100.000 
759.000 100.000 
760.000 100.000 
761.000 100.000 
762.000 100.000 
763.000 100.000 
764.000 100.000 
765.000 100.000 
766.000 100.000 
767.000 100.000 
768.000 100.000 
769.000 100.000 
770.000 100.000 
771.000 100.000 
772.000 100.000 
773.000 100.000 
774.000 100.000 
775.000 100.000 
776.000 100.000 
777.000 100.000 
778.000 100.000 
779.000 100.000 
780.000 100.000 
781.000 100.000 
782.000 100.000 
783.000 100.000 
784.000 100.000 
785.000 100.000 
786.000 100.000 
787.000 100.000 
788.000 100.000 
789.000 100.000 
790.000 100.000 
791.000 100.000 
792.000 100.000 
793.000 100.000 
794.000 100.000 
795.000 100.000 
796.000 100.000 
797.000 100.000 
798.000 100.000 
799.000 99.983 
800.000 98.951 
801.000 97.942 
802.000 96.955 
803.000 95.967 
804.000 95.003 
805.000 94.061 
806.000 93.141 
807.000 92.239 
808.000 91.357 
809.000 90.515 
810.000 89.690 
811.000 88.881 
812.000 88.083 
813.000 87.279 
814.000 86.488 
815.000 85.707 
816.000 84.938 
817.000 84.181 
818.000 83.434 
819.000 82.694 
820.000 81.964 
821.000 81.242 
822.000 80.549 
823.000 79.863 
824.000 79.204 
825.000 78.546 
826.000 77.914 
827.000 77.285 
828.000 76.681 
829.000 76.099 
830.000 75.538 
831.000 74.999 
832.000 74.479 
833.000 73.978 
834.000 73.495 
835.000 73.028 
836.000 72.557 
837.000 72.102 
838.000 71.663 
839.000 71.237 
840.000 70.826 
841.000 70.449 
842.000 70.083 
843.000 69.729 
844.000 69.386 
845.000 69.052 
846.000 68.728 
847.000 68.435 
848.000 68.149 
849.000 67.871 
850.000 67.624 
851.000 67.383 
852.000 67.169 
853.000 66.959 
854.000 66.775 
855.000 66.594 
856.000 66.416 
857.000 66.241 
858.000 66.069 
859.000 65.920 
860.000 65.798 
861.000 65.697 
862.000 65.596 
863.000 65.516 
864.000 65.435 
865.000 65.374 
866.000 65.311 
867.000 65.271 
868.000 65.229 
869.000 65.184 
870.000 65.158 
871.000 65.129 
872.000 65.118 
873.000 65.124 
874.000 65.126 
875.000 65.149 
876.000 65.167 
877.000 65.201 
878.000 65.251 
879.000 65.296 
880.000 65.356 
881.000 65.410 
882.000 65.483 
883.000 65.550 
884.000 65.631 
885.000 65.727 
886.000 65.816 
887.000 65.919 
888.000 66.015 
889.000 66.128 
890.000 66.255 
891.000 66.374 
892.000 66.507 
893.000 66.631 
894.000 66.748 
895.000 66.879 
896.000 67.002 
897.000 67.141 
898.000 67.273 
899.000 67.398 
900.000 67.536 
901.000 67.687 
902.000 67.830 
903.000 67.966 
904.000 68.115 
905.000 68.257 
906.000 68.391 
907.000 68.543 
908.000 68.686 
909.000 68.844 
910.000 68.994 
911.000 69.157 
912.000 69.334 
913.000 69.502 
914.000 69.687 
915.000 69.864 
916.000 70.033 
917.000 70.194 
918.000 70.369 
919.000 70.537 
920.000 70.697 
921.000 70.870 
922.000 71.037 
923.000 71.196 
924.000 71.349 
925.000 71.495 
926.000 71.636 
927.000 71.770 
928.000 71.899 
929.000 72.022 
930.000 72.140 
931.000 72.254 
932.000 72.363 
933.000 72.489 
934.000 72.588 
935.000 72.684 
936.000 72.777 
937.000 72.866 
938.000 72.951 
939.000 73.033 
940.000 73.113 
941.000 73.189 
942.000 73.263 
943.000 73.334 
944.000 73.403 
945.000 73.470 
946.000 73.534 
947.000 73.596 
948.000 73.656 
949.000 73.694 
950.000 73.730 
951.000 73.766 
952.000 73.800 
953.000 73.834 
954.000 73.846 
955.000 73.858 
956.000 73.870 
957.000 73.881 
958.000 73.893 
959.000 73.905 
960.000 73.917 
961.000 73.930 
962.000 73.942 
963.000 73.954 
964.000 73.967 
965.000 73.979 
966.000 73.992 
967.000 74.004 
968.000 74.017 
969.000 74.030 
970.000 74.064 
971.000 74.076 
972.000 74.088 
973.000 74.100 
974.000 74.113 
975.000 74.125 
976.000 74.114 
977.000 74.103 
978.000 74.072 
979.000 74.042 
980.000 74.015 
981.000 73.988 
982.000 73.963 
983.000 73.940 
984.000 73.897 
985.000 73.856 
986.000 73.817 
987.000 73.780 
988.000 73.723 
989.000 73.669 
990.000 73.618 
991.000 73.569 
992.000 73.522 
993.000 73.477 
994.000 73.433 
995.000 73.392 
996.000 73.329 
997.000 73.268 
998.000 73.209 
999.000 73.153 
1000.000 73.099 
1001.000 73.026 
1002.000 72.956 
1003.000 72.888 
1004.000 72.824 
1005.000 72.761 
1006.000 72.701 
1007.000 72.644 
1008.000 72.588 
1009.000 72.534 
1010.000 72.483 
1011.000 72.433 
1012.000 72.385 
1013.000 72.339 
1014.000 72.294 
1015.000 72.251 
1016.000 72.230 
1017.000 72.210 
1018.000 72.191 
1019.000 72.172 
1020.000 72.153 
1021.000 72.135 
1022.000 72.118 
1023.000 72.100 
1024.000 72.084 
1025.000 72.067 
1026.000 72.051 
1027.000 72.035 
1028.000 72.020 
1029.000 72.004 
1030.000 71.989 
1031.000 71.975 
1032.000 71.960 
1033.000 71.946 
1034.000 71.932 
1035.000 71.918 
1036.000 71.884 
1037.000 71.850 
1038.000 71.817 
1039.000 71.806 
1040.000 71.774 
1041.000 71.743 
1042.000 71.713 
1043.000 71.684 
1044.000 71.655 
1045.000 71.627 
1046.000 71.600 
1047.000 71.573 
1048.000 71.526 
1049.000 71.480 
1050.000 71.436 
1051.000 66.176 
1052.000 61.090 
1053.000 56.174 
1054.000 48.351 
1055.000 43.320 
1056.000 26.752 
1057.000 0.000 
1058.000 0.000 
1059.000 0.000 
1060.000 0.000 
1061.000 0.000 
1062.000 0.000 
1063.000 0.000 
1064.000 0.000 
1065.000 0.000 
1066.000 0.000 
1067.000 0.000 
1068.000 0.000 
1069.000 0.000 
1070.000 0.000 
1071.000 0.000 
1072.000 0.000 
1073.000 0.000 
1074.000 0.000 
1075.000 0.000 
1076.000 0.000 
1077.000 0.000 
1078.000 0.000 
1079.000 0.000 
1080.000 0.000 
1081.000 0.000 
1082.000 0.000 
1083.000 0.000 
1084.000 0.000 
1085.000 0.000 
1086.000 0.000 
1087.000 0.000 
1088.000 0.000 
1089.000 0.000 
1090.000 0.000 
1091.000 0.000 
1092.000 0.000 
1093.000 0.000 
1094.000 0.000 
1095.000 0.000 
1096.000 0.000 
1097.000 0.000 
1098.000 0.000 
1099.000 0.000 
1100.000 0.000 
1101.000 0.000 
1102.000 0.000 
1103.000 0.000 
1104.000 0.000 
1105.000 0.000 
1106.000 0.000 
1107.000 0.000 
1108.000 0.000 
1109.000 0.000 
1110.000 0.000 
1111.000 0.000 
1112.000 0.000 
1113.000 0.000 
1114.000 0.000 
1115.000 0.000 
1116.000 0.000 
1117.000 0.000 
1118.000 0.000 
1119.000 0.000 
1120.000 0.000 
1121.000 0.000 
1122.000 0.000 
1123.000 0.000 
1124.000 0.000 
1125.000 0.000 
1126.000 0.000 
1127.000 0.000 
1128.000 0.000 
1129.000 0.000 
1130.000 0.000 
1131.000 0.000 
1132.000 0.000 
1133.000 0.000 
1134.000 0.000 
1135.000 0.000 
1136.000 0.000 
1137.000 0.000 
1138.000 0.000 
1139.000 0.000 
1140.000 0.000 
1141.000 0.000 
1142.000 0.000 
1143.000 0.000 
1144.000 0.000 
1145.000 0.000 
1146.000 0.000 
1147.000 0.000 
1148.000 0.000 
1149.000 0.000 
1150.000 0.000 
1151.000 0.000 
1152.000 0.000 
1153.000 0.000 
1154.000 0.000 
1155.000 0.000 
1156.000 0.000 
1157.000 0.000 
1158.000 0.000 
1159.000 0.000 
1160.000 0.000 
1161.000 0.000 
1162.000 0.000 
1163.000 0.000 
1164.000 0.000 
1165.000 0.000 
1166.000 0.000 
1167.000 0.000 
1168.000 0.000 
1169.000 0.000 
1170.000 0.000 
1171.000 0.000 
1172.000 0.000 
1173.000 0.000 
1174.000 0.000 
1175.000 0.000 
1176.000 0.000 
1177.000 0.000 
1178.000 0.000 
1179.000 0.000 
1180.000 2.720 
1181.000 6.719 
1182.000 10.358 
1183.000 13.655 
1184.000 16.637 
1185.000 19.252 
1186.000 21.638 
1187.000 23.692 
1188.000 25.496 
1189.000 27.082 
1190.000 28.462 
1191.000 29.660 
1192.000 30.699 
1193.000 31.543 
1194.000 32.285 
1195.000 32.876 
1196.000 33.398 
1197.000 33.807 
1198.000 34.180 
1199.000 34.471 
1200.000 34.697 
1201.000 34.813 
1202.000 34.894 
1203.000 34.950 
1204.000 34.932 
1205.000 34.909 
1206.000 34.821 
1207.000 34.745 
1208.000 34.627 
1209.000 34.475 
1210.000 34.295 
1211.000 34.083 
1212.000 33.912 
1213.000 33.723 
1214.000 33.520 
1215.000 33.305 
1216.000 33.072 
1217.000 32.832 
1218.000 32.588 
1219.000 32.340 
1220.000 32.023 
1221.000 31.710 
1222.000 31.402 
1223.000 31.090 
1224.000 30.782 
1225.000 30.481 
1226.000 30.184 
1227.000 29.882 
1228.000 29.585 
1229.000 29.292 
1230.000 29.003 
1231.000 28.650 
1232.000 28.362 
1233.000 28.076 
1234.000 27.791 
1235.000 27.498 
1236.000 27.205 
1237.000 26.912 
1238.000 26.619 
1239.000 26.382 
1240.000 26.128 
1241.000 25.868 
1242.000 25.659 
1243.000 25.438 
1244.000 25.205 
1245.000 25.017 
1246.000 24.804 
1247.000 24.632 
1248.000 24.441 
1249.000 24.288 
1250.000 24.168 
1251.000 24.021 
1252.000 23.905 
1253.000 23.816 
1254.000 23.752 
1255.000 23.708 
1256.000 23.681 
1257.000 23.612 
1258.000 23.561 
1259.000 23.525 
1260.000 23.502 
1261.000 23.490 
1262.000 23.487 
1263.000 23.492 
1264.000 23.559 
1265.000 23.569 
1266.000 23.583 
1267.000 23.600 
1268.000 23.677 
1269.000 23.749 
1270.000 23.818 
1271.000 23.882 
1272.000 23.941 
1273.000 23.996 
1274.000 24.104 
1275.000 24.202 
1276.000 24.291 
1277.000 24.371 
1278.000 24.443 
1279.000 24.565 
1280.000 24.674 
1281.000 24.771 
1282.000 24.858 
1283.000 24.935 
1284.000 25.003 
1285.000 25.063 
1286.000 25.183 
1287.000 25.289 
1288.000 25.385 
1289.000 25.469 
1290.000 25.602 
1291.000 25.721 
1292.000 25.827 
1293.000 25.921 
1294.000 26.005 
1295.000 26.138 
1296.000 26.256 
1297.000 26.362 
1298.000 26.457 
1299.000 26.542 
1300.000 26.617 
1301.000 26.685 
1302.000 26.746 
1303.000 26.858 
1304.000 26.959 
1305.000 27.051 
1306.000 27.135 
1307.000 27.211 
1308.000 27.223 
1309.000 27.234 
1310.000 27.246 
1311.000 27.257 
1312.000 27.270 
1313.000 27.283 
1314.000 27.298 
1315.000 27.315 
1316.000 27.333 
1317.000 27.353 
1318.000 27.375 
1319.000 27.399 
1320.000 27.425 
1321.000 27.453 
1322.000 27.482 
1323.000 27.512 
1324.000 27.544 
1325.000 27.577 
1326.000 27.612 
1327.000 27.589 
1328.000 27.573 
1329.000 27.563 
1330.000 27.558 
1331.000 27.558 
1332.000 27.563 
1333.000 27.572 
1334.000 27.585 
1335.000 27.544 
1336.000 27.512 
1337.000 27.488 
1338.000 27.472 
1339.000 27.462 
1340.000 27.459 
1341.000 27.461 
1342.000 27.468 
1343.000 27.480 
1344.000 27.430 
1345.000 27.455 
1346.000 27.417 
1347.000 27.387 
1348.000 27.432 
1349.000 27.478 
1350.000 27.524 
1351.000 27.570 
1352.000 27.617 
1353.000 27.663 
1354.000 27.708 
1355.000 27.753 
1356.000 27.797 
1357.000 27.839 
1358.000 27.881 
1359.000 27.921 
1360.000 27.960 
1361.000 27.998 
1362.000 28.035 
1363.000 28.071 
1364.000 28.106 
1365.000 28.140 
1366.000 28.173 
1367.000 28.206 
1368.000 28.171 
1369.000 28.142 
1370.000 28.118 
1371.000 28.100 
1372.000 28.030 
1373.000 27.969 
1374.000 27.918 
1375.000 27.877 
1376.000 27.843 
1377.000 27.818 
1378.000 27.800 
1379.000 27.789 
1380.000 27.784 
1381.000 27.784 
1382.000 27.790 
1383.000 27.742 
1384.000 27.703 
1385.000 27.672 
1386.000 27.649 
1387.000 27.632 
1388.000 27.621 
1389.000 27.615 
1390.000 27.615 
1391.000 27.561 
1392.000 27.516 
1393.000 27.479 
1394.000 27.450 
1395.000 27.427 
1396.000 27.411 
1397.000 27.400 
1398.000 27.393 
1399.000 27.325 
1400.000 27.266 
