1.000 31.870 
2.000 33.560 
3.000 33.560 
4.000 33.560 
5.000 33.560 
6.000 33.560 
7.000 33.560 
8.000 33.560 
9.000 33.560 
10.000 33.560 
11.000 33.560 
12.000 33.560 
13.000 33.560 
14.000 33.560 
15.000 33.560 
16.000 33.500 
17.000 33.500 
18.000 33.500 
19.000 33.430 
20.000 33.370 
21.000 33.370 
22.000 33.310 
23.000 33.250 
24.000 33.180 
25.000 33.180 
26.000 33.120 
27.000 33.060 
28.000 33.000 
29.000 32.930 
30.000 32.870 
31.000 32.810 
32.000 32.750 
33.000 32.680 
34.000 32.620 
35.000 32.560 
36.000 32.500 
37.000 32.430 
38.000 32.370 
39.000 32.250 
40.000 32.180 
41.000 32.120 
42.000 32.060 
43.000 31.930 
44.000 31.870 
45.000 31.810 
46.000 31.750 
47.000 31.680 
48.000 31.620 
49.000 31.560 
50.000 31.560 
51.000 31.500 
52.000 31.430 
53.000 31.370 
54.000 31.310 
55.000 31.310 
56.000 31.250 
57.000 31.180 
58.000 31.180 
59.000 31.120 
60.000 31.120 
61.000 31.120 
62.000 31.060 
63.000 31.060 
64.000 31.060 
65.000 31.060 
66.000 31.060 
67.000 31.060 
68.000 31.060 
69.000 31.060 
70.000 31.060 
71.000 31.060 
72.000 31.060 
73.000 31.060 
74.000 31.060 
75.000 31.060 
76.000 31.060 
77.000 31.120 
78.000 31.120 
79.000 31.120 
80.000 31.120 
81.000 31.120 
82.000 31.180 
83.000 31.180 
84.000 31.180 
85.000 31.250 
86.000 31.250 
87.000 31.250 
88.000 31.310 
89.000 31.310 
90.000 31.310 
91.000 31.370 
92.000 31.370 
93.000 31.370 
94.000 31.430 
95.000 31.430 
96.000 31.430 
97.000 31.500 
98.000 31.500 
99.000 31.500 
100.000 31.560 
101.000 31.560 
102.000 31.560 
103.000 31.560 
104.000 31.620 
105.000 31.620 
106.000 31.620 
107.000 31.620 
108.000 31.680 
109.000 31.680 
110.000 31.680 
111.000 31.680 
112.000 31.750 
113.000 31.750 
114.000 31.750 
115.000 31.750 
116.000 31.750 
117.000 31.680 
118.000 31.680 
119.000 31.680 
120.000 31.680 
121.000 31.680 
122.000 31.680 
123.000 31.680 
124.000 31.750 
125.000 31.750 
126.000 31.750 
127.000 31.750 
128.000 31.750 
129.000 31.750 
130.000 31.750 
131.000 31.750 
132.000 31.750 
133.000 31.750 
134.000 31.750 
135.000 31.750 
136.000 31.750 
137.000 31.810 
138.000 31.810 
139.000 31.810 
140.000 31.810 
141.000 31.810 
142.000 31.810 
143.000 31.810 
144.000 31.810 
145.000 31.810 
146.000 31.870 
147.000 31.870 
148.000 31.870 
149.000 31.870 
150.000 31.870 
151.000 31.870 
152.000 31.870 
153.000 31.870 
154.000 31.870 
155.000 31.870 
156.000 31.870 
157.000 31.870 
158.000 31.870 
159.000 31.870 
160.000 31.870 
161.000 31.870 
162.000 31.870 
163.000 31.870 
164.000 31.870 
165.000 31.870 
166.000 31.870 
167.000 31.870 
168.000 31.810 
169.000 31.810 
170.000 31.810 
171.000 31.810 
172.000 31.810 
173.000 31.810 
174.000 31.810 
175.000 31.810 
176.000 31.810 
177.000 31.810 
178.000 31.810 
179.000 31.810 
180.000 31.810 
181.000 31.810 
182.000 31.810 
183.000 31.810 
184.000 31.750 
185.000 31.750 
186.000 31.750 
187.000 31.750 
188.000 31.750 
189.000 31.750 
190.000 31.750 
191.000 31.750 
192.000 31.750 
193.000 31.750 
194.000 31.750 
195.000 31.750 
196.000 31.750 
197.000 31.750 
198.000 31.750 
199.000 31.750 
200.000 31.680 
201.000 31.680 
202.000 31.680 
203.000 31.680 
204.000 31.680 
205.000 31.680 
206.000 31.680 
207.000 31.680 
208.000 31.680 
209.000 31.680 
210.000 31.680 
211.000 31.680 
212.000 31.680 
213.000 31.750 
214.000 31.750 
215.000 31.750 
216.000 31.750 
217.000 31.750 
218.000 31.750 
219.000 31.750 
220.000 31.750 
221.000 31.750 
222.000 31.750 
223.000 31.750 
224.000 31.750 
225.000 31.750 
226.000 31.750 
227.000 31.750 
228.000 31.750 
229.000 31.810 
230.000 31.810 
231.000 31.810 
232.000 31.750 
233.000 31.750 
234.000 31.750 
235.000 31.750 
236.000 31.750 
237.000 31.750 
238.000 31.750 
239.000 31.750 
240.000 31.750 
241.000 31.750 
242.000 31.750 
243.000 31.750 
244.000 31.750 
245.000 31.750 
246.000 31.750 
247.000 31.750 
248.000 31.750 
249.000 31.750 
250.000 31.750 
251.000 31.810 
252.000 31.810 
253.000 31.810 
254.000 31.810 
255.000 31.810 
256.000 31.810 
257.000 31.870 
258.000 31.870 
259.000 31.870 
260.000 31.870 
261.000 31.870 
262.000 31.870 
263.000 31.870 
264.000 31.870 
265.000 31.870 
266.000 31.870 
267.000 31.870 
268.000 31.870 
269.000 31.870 
270.000 31.870 
271.000 31.870 
272.000 31.870 
273.000 31.870 
274.000 31.870 
275.000 31.870 
276.000 31.870 
277.000 31.870 
278.000 31.870 
279.000 31.870 
280.000 31.870 
281.000 31.870 
282.000 31.810 
283.000 31.810 
284.000 31.810 
285.000 31.810 
286.000 31.810 
287.000 31.810 
288.000 31.810 
289.000 31.810 
290.000 31.810 
291.000 31.810 
292.000 31.810 
293.000 31.810 
294.000 31.810 
295.000 31.870 
296.000 31.810 
297.000 31.810 
298.000 31.810 
299.000 31.810 
300.000 31.870 
301.000 31.870 
302.000 31.810 
303.000 31.810 
304.000 31.870 
305.000 31.810 
306.000 31.870 
307.000 31.870 
308.000 31.870 
309.000 31.870 
310.000 31.870 
311.000 31.870 
312.000 31.870 
313.000 31.870 
314.000 31.870 
315.000 31.870 
316.000 31.870 
317.000 31.870 
318.000 31.870 
319.000 31.870 
320.000 31.870 
321.000 31.870 
322.000 31.870 
323.000 31.870 
324.000 31.870 
325.000 31.870 
326.000 31.870 
327.000 31.870 
328.000 31.870 
329.000 31.870 
330.000 31.870 
331.000 31.870 
332.000 31.870 
333.000 31.870 
334.000 31.870 
335.000 31.870 
336.000 31.870 
337.000 31.810 
338.000 31.810 
339.000 31.810 
340.000 31.810 
341.000 31.810 
342.000 31.810 
343.000 31.810 
344.000 31.810 
345.000 31.810 
346.000 31.810 
347.000 31.810 
348.000 31.810 
349.000 31.810 
350.000 31.810 
351.000 31.810 
352.000 31.810 
353.000 31.750 
354.000 31.750 
355.000 31.750 
356.000 31.750 
357.000 31.750 
358.000 31.750 
359.000 31.750 
360.000 31.750 
361.000 31.810 
362.000 31.810 
363.000 31.810 
364.000 31.870 
365.000 31.870 
366.000 31.930 
367.000 32.000 
368.000 32.060 
369.000 32.120 
370.000 32.180 
371.000 32.250 
372.000 32.310 
373.000 32.370 
374.000 32.430 
375.000 32.560 
376.000 32.620 
377.000 32.680 
378.000 32.750 
379.000 32.870 
380.000 33.000 
381.000 33.060 
382.000 33.180 
383.000 33.250 
384.000 33.370 
385.000 33.500 
386.000 33.560 
387.000 33.680 
388.000 33.750 
389.000 33.870 
390.000 33.930 
391.000 34.060 
392.000 34.180 
393.000 34.310 
394.000 34.370 
395.000 34.500 
396.000 34.620 
397.000 34.680 
398.000 34.810 
399.000 34.930 
400.000 35.060 
401.000 35.120 
402.000 35.250 
403.000 35.370 
404.000 35.430 
405.000 35.560 
406.000 35.680 
407.000 35.810 
408.000 35.930 
409.000 36.000 
410.000 36.120 
411.000 36.250 
412.000 36.370 
413.000 36.430 
414.000 36.560 
415.000 36.620 
416.000 36.750 
417.000 36.870 
418.000 36.930 
419.000 37.000 
420.000 37.120 
421.000 37.180 
422.000 37.250 
423.000 37.310 
424.000 37.430 
425.000 37.500 
426.000 37.560 
427.000 37.620 
428.000 37.620 
429.000 37.680 
430.000 37.750 
431.000 37.750 
432.000 37.810 
433.000 37.810 
434.000 37.870 
435.000 37.870 
436.000 37.870 
437.000 37.870 
438.000 37.930 
439.000 37.930 
440.000 37.930 
441.000 37.930 
442.000 37.930 
443.000 37.930 
444.000 37.930 
445.000 37.930 
446.000 37.930 
447.000 37.930 
448.000 37.870 
449.000 37.870 
450.000 37.870 
451.000 37.870 
452.000 37.810 
453.000 37.810 
454.000 37.750 
455.000 37.750 
456.000 37.680 
457.000 37.680 
458.000 37.620 
459.000 37.620 
460.000 37.560 
461.000 37.500 
462.000 37.500 
463.000 37.430 
464.000 37.430 
465.000 37.370 
466.000 37.310 
467.000 37.310 
468.000 37.310 
469.000 37.250 
470.000 37.250 
471.000 37.180 
472.000 37.180 
473.000 37.180 
474.000 37.120 
475.000 37.120 
476.000 37.060 
477.000 37.060 
478.000 37.000 
479.000 37.000 
480.000 36.930 
481.000 36.930 
482.000 36.870 
483.000 36.870 
484.000 36.810 
485.000 36.810 
486.000 36.810 
487.000 36.810 
488.000 36.750 
489.000 36.750 
490.000 36.750 
491.000 36.750 
492.000 36.680 
493.000 36.680 
494.000 36.680 
495.000 36.680 
496.000 36.680 
497.000 36.680 
498.000 36.620 
499.000 36.620 
500.000 36.620 
501.000 36.620 
502.000 36.560 
503.000 36.560 
504.000 36.560 
505.000 36.560 
506.000 36.560 
507.000 36.560 
508.000 36.560 
509.000 36.560 
510.000 36.560 
511.000 36.560 
512.000 36.560 
513.000 36.560 
514.000 36.620 
515.000 36.620 
516.000 36.620 
517.000 36.620 
518.000 36.620 
519.000 36.680 
520.000 36.680 
521.000 36.680 
522.000 36.680 
523.000 36.750 
524.000 36.750 
525.000 36.750 
526.000 36.750 
527.000 36.750 
528.000 36.750 
529.000 36.750 
530.000 36.750 
531.000 36.810 
532.000 36.810 
533.000 36.810 
534.000 36.810 
535.000 36.810 
536.000 36.810 
537.000 36.870 
538.000 36.870 
539.000 36.870 
540.000 36.930 
541.000 36.930 
542.000 37.000 
543.000 37.000 
544.000 37.000 
545.000 37.000 
546.000 37.000 
547.000 37.000 
548.000 37.000 
549.000 37.060 
550.000 37.060 
551.000 37.060 
552.000 37.060 
553.000 37.120 
554.000 37.120 
555.000 37.120 
556.000 37.120 
557.000 37.120 
558.000 37.120 
559.000 37.120 
560.000 37.180 
561.000 37.180 
562.000 37.120 
563.000 37.120 
564.000 37.120 
565.000 37.120 
566.000 37.120 
567.000 37.120 
568.000 37.120 
569.000 37.120 
570.000 37.060 
571.000 37.060 
572.000 37.060 
573.000 37.060 
574.000 37.060 
575.000 37.060 
576.000 37.060 
577.000 37.060 
578.000 37.000 
579.000 37.060 
580.000 37.000 
581.000 37.060 
582.000 37.060 
583.000 37.000 
584.000 37.000 
585.000 37.000 
586.000 37.000 
587.000 36.930 
588.000 36.930 
589.000 36.930 
590.000 36.930 
591.000 36.930 
592.000 36.870 
593.000 36.870 
594.000 36.870 
595.000 36.870 
596.000 36.870 
597.000 36.870 
598.000 36.870 
599.000 36.870 
600.000 36.810 
601.000 36.870 
602.000 36.810 
603.000 36.810 
604.000 36.810 
605.000 36.810 
606.000 36.750 
607.000 36.750 
608.000 36.750 
609.000 36.750 
610.000 36.750 
611.000 36.750 
612.000 36.750 
613.000 36.750 
614.000 36.750 
615.000 36.750 
616.000 36.750 
617.000 36.750 
618.000 36.750 
619.000 36.750 
620.000 36.750 
621.000 36.750 
622.000 36.810 
623.000 36.810 
624.000 36.810 
625.000 36.810 
626.000 36.870 
627.000 36.870 
628.000 36.870 
629.000 36.870 
630.000 36.870 
631.000 36.870 
632.000 36.930 
633.000 36.930 
634.000 36.930 
635.000 36.930 
636.000 36.930 
637.000 36.930 
638.000 36.930 
639.000 36.930 
640.000 36.930 
641.000 36.930 
642.000 36.930 
643.000 36.930 
644.000 37.000 
645.000 37.000 
646.000 37.000 
647.000 37.000 
648.000 37.000 
649.000 37.000 
650.000 37.000 
651.000 37.000 
652.000 37.000 
653.000 37.000 
654.000 37.000 
655.000 37.060 
656.000 37.060 
657.000 37.060 
658.000 37.060 
659.000 37.060 
660.000 37.060 
661.000 37.060 
662.000 37.060 
663.000 37.060 
664.000 37.060 
665.000 37.060 
666.000 37.060 
667.000 37.060 
668.000 37.060 
669.000 37.000 
670.000 37.000 
671.000 37.000 
672.000 37.000 
673.000 37.000 
674.000 37.000 
675.000 36.930 
676.000 36.930 
677.000 36.930 
678.000 36.930 
679.000 36.930 
680.000 36.930 
681.000 36.930 
682.000 36.930 
683.000 36.930 
684.000 36.930 
685.000 36.870 
686.000 36.870 
687.000 36.870 
688.000 36.930 
689.000 36.870 
690.000 36.870 
691.000 36.870 
692.000 36.870 
693.000 36.870 
694.000 36.870 
695.000 36.870 
696.000 36.810 
697.000 36.810 
698.000 36.810 
699.000 36.810 
700.000 36.810 
701.000 36.810 
702.000 36.810 
703.000 36.810 
704.000 36.810 
705.000 36.810 
706.000 36.810 
707.000 36.810 
708.000 36.750 
709.000 36.750 
710.000 36.810 
711.000 36.750 
712.000 36.810 
713.000 36.810 
714.000 36.810 
715.000 36.870 
716.000 36.870 
717.000 36.930 
718.000 37.000 
719.000 37.060 
720.000 37.120 
721.000 37.180 
722.000 37.250 
723.000 37.310 
724.000 37.430 
725.000 37.560 
726.000 37.620 
727.000 37.750 
728.000 37.870 
729.000 38.000 
730.000 38.060 
731.000 38.180 
732.000 38.370 
733.000 38.500 
734.000 38.620 
735.000 38.750 
736.000 38.870 
737.000 39.000 
738.000 39.180 
739.000 39.370 
740.000 39.500 
741.000 39.680 
742.000 39.810 
743.000 40.000 
744.000 40.180 
745.000 40.370 
746.000 40.500 
747.000 40.680 
748.000 40.810 
749.000 41.000 
750.000 41.180 
751.000 41.310 
752.000 41.500 
753.000 41.680 
754.000 41.810 
755.000 42.000 
756.000 42.120 
757.000 42.310 
758.000 42.430 
759.000 42.560 
760.000 42.750 
761.000 42.870 
762.000 43.000 
763.000 43.180 
764.000 43.310 
765.000 43.430 
766.000 43.560 
767.000 43.750 
768.000 43.870 
769.000 44.000 
770.000 44.120 
771.000 44.250 
772.000 44.370 
773.000 44.500 
774.000 44.620 
775.000 44.750 
776.000 44.870 
777.000 45.000 
778.000 45.060 
779.000 45.180 
780.000 45.310 
781.000 45.430 
782.000 45.560 
783.000 45.680 
784.000 45.750 
785.000 45.870 
786.000 46.000 
787.000 46.120 
788.000 46.250 
789.000 46.310 
790.000 46.430 
791.000 46.500 
792.000 46.620 
793.000 46.680 
794.000 46.810 
795.000 46.870 
796.000 46.930 
797.000 47.000 
798.000 47.120 
799.000 47.180 
800.000 47.250 
801.000 47.310 
802.000 47.370 
803.000 47.500 
804.000 47.560 
805.000 47.620 
806.000 47.680 
807.000 47.750 
808.000 47.810 
809.000 47.810 
810.000 47.870 
811.000 47.930 
812.000 48.000 
813.000 48.120 
814.000 48.180 
815.000 48.250 
816.000 48.310 
817.000 48.370 
818.000 48.430 
819.000 48.500 
820.000 48.560 
821.000 48.620 
822.000 48.620 
823.000 48.680 
824.000 48.680 
825.000 48.750 
826.000 48.750 
827.000 48.810 
828.000 48.810 
829.000 48.810 
830.000 48.810 
831.000 48.810 
832.000 48.810 
833.000 48.810 
834.000 48.810 
835.000 48.810 
836.000 48.870 
837.000 48.870 
838.000 48.870 
839.000 48.870 
840.000 48.870 
841.000 48.810 
842.000 48.810 
843.000 48.810 
844.000 48.810 
845.000 48.810 
846.000 48.810 
847.000 48.750 
848.000 48.750 
849.000 48.750 
850.000 48.680 
851.000 48.680 
852.000 48.620 
853.000 48.620 
854.000 48.560 
855.000 48.560 
856.000 48.560 
857.000 48.560 
858.000 48.560 
859.000 48.500 
860.000 48.430 
861.000 48.370 
862.000 48.370 
863.000 48.310 
864.000 48.310 
865.000 48.250 
866.000 48.250 
867.000 48.180 
868.000 48.180 
869.000 48.180 
870.000 48.120 
871.000 48.120 
872.000 48.060 
873.000 48.000 
874.000 48.000 
875.000 47.930 
876.000 47.930 
877.000 47.870 
878.000 47.810 
879.000 47.810 
880.000 47.750 
881.000 47.750 
882.000 47.680 
883.000 47.680 
884.000 47.620 
885.000 47.560 
886.000 47.560 
887.000 47.500 
888.000 47.500 
889.000 47.430 
890.000 47.370 
891.000 47.370 
892.000 47.310 
893.000 47.310 
894.000 47.310 
895.000 47.250 
896.000 47.250 
897.000 47.180 
898.000 47.180 
899.000 47.180 
900.000 47.120 
901.000 47.060 
902.000 47.060 
903.000 47.060 
904.000 47.000 
905.000 47.000 
906.000 47.000 
907.000 46.930 
908.000 46.930 
909.000 46.870 
910.000 46.870 
911.000 46.810 
912.000 46.750 
913.000 46.750 
914.000 46.680 
915.000 46.680 
916.000 46.680 
917.000 46.680 
918.000 46.620 
919.000 46.620 
920.000 46.620 
921.000 46.560 
922.000 46.560 
923.000 46.560 
924.000 46.560 
925.000 46.560 
926.000 46.560 
927.000 46.560 
928.000 46.560 
929.000 46.560 
930.000 46.560 
931.000 46.560 
932.000 46.560 
933.000 46.500 
934.000 46.560 
935.000 46.560 
936.000 46.560 
937.000 46.560 
938.000 46.560 
939.000 46.560 
940.000 46.560 
941.000 46.560 
942.000 46.560 
943.000 46.560 
944.000 46.560 
945.000 46.560 
946.000 46.560 
947.000 46.560 
948.000 46.560 
949.000 46.620 
950.000 46.620 
951.000 46.620 
952.000 46.620 
953.000 46.620 
954.000 46.680 
955.000 46.680 
956.000 46.680 
957.000 46.680 
958.000 46.680 
959.000 46.680 
960.000 46.680 
961.000 46.680 
962.000 46.680 
963.000 46.680 
964.000 46.680 
965.000 46.680 
966.000 46.680 
967.000 46.680 
968.000 46.680 
969.000 46.680 
970.000 46.620 
971.000 46.680 
972.000 46.680 
973.000 46.680 
974.000 46.680 
975.000 46.680 
976.000 46.750 
977.000 46.750 
978.000 46.810 
979.000 46.810 
980.000 46.810 
981.000 46.810 
982.000 46.810 
983.000 46.810 
984.000 46.870 
985.000 46.870 
986.000 46.870 
987.000 46.870 
988.000 46.930 
989.000 46.930 
990.000 46.930 
991.000 46.930 
992.000 46.930 
993.000 46.930 
994.000 46.930 
995.000 46.930 
996.000 47.000 
997.000 47.000 
998.000 47.000 
999.000 47.000 
1000.000 47.000 
1001.000 47.060 
1002.000 47.060 
1003.000 47.060 
1004.000 47.060 
1005.000 47.060 
1006.000 47.060 
1007.000 47.060 
1008.000 47.060 
1009.000 47.060 
1010.000 47.060 
1011.000 47.060 
1012.000 47.060 
1013.000 47.060 
1014.000 47.060 
1015.000 47.060 
1016.000 47.000 
1017.000 47.000 
1018.000 47.000 
1019.000 47.000 
1020.000 47.000 
1021.000 47.000 
1022.000 47.000 
1023.000 47.000 
1024.000 47.000 
1025.000 47.000 
1026.000 47.000 
1027.000 47.000 
1028.000 47.000 
1029.000 47.000 
1030.000 47.000 
1031.000 47.000 
1032.000 47.000 
1033.000 47.000 
1034.000 47.000 
1035.000 47.000 
1036.000 47.060 
1037.000 47.060 
1038.000 47.060 
1039.000 47.000 
1040.000 47.060 
1041.000 47.060 
1042.000 47.060 
1043.000 47.060 
1044.000 47.060 
1045.000 47.060 
1046.000 47.060 
1047.000 47.060 
1048.000 47.120 
1049.000 47.120 
1050.000 47.120 
1051.000 47.120 
1052.000 47.120 
1053.000 47.120 
1054.000 47.120 
1055.000 47.120 
1056.000 47.120 
1057.000 47.120 
1058.000 47.120 
1059.000 47.060 
1060.000 47.060 
1061.000 47.000 
1062.000 47.000 
1063.000 46.930 
1064.000 46.930 
1065.000 46.870 
1066.000 46.810 
1067.000 46.680 
1068.000 46.620 
1069.000 46.500 
1070.000 46.370 
1071.000 46.250 
1072.000 46.060 
1073.000 45.930 
1074.000 45.750 
1075.000 45.560 
1076.000 45.370 
1077.000 45.180 
1078.000 45.000 
1079.000 44.750 
1080.000 44.560 
1081.000 44.310 
1082.000 44.120 
1083.000 43.870 
1084.000 43.620 
1085.000 43.430 
1086.000 43.180 
1087.000 43.000 
1088.000 42.750 
1089.000 42.560 
1090.000 42.310 
1091.000 42.060 
1092.000 41.870 
1093.000 41.620 
1094.000 41.430 
1095.000 41.180 
1096.000 40.930 
1097.000 40.750 
1098.000 40.500 
1099.000 40.310 
1100.000 40.060 
1101.000 39.810 
1102.000 39.620 
1103.000 39.430 
1104.000 39.180 
1105.000 39.000 
1106.000 38.750 
1107.000 38.560 
1108.000 38.370 
1109.000 38.120 
1110.000 37.930 
1111.000 37.750 
1112.000 37.560 
1113.000 37.370 
1114.000 37.180 
1115.000 37.000 
1116.000 36.870 
1117.000 36.680 
1118.000 36.500 
1119.000 36.370 
1120.000 36.250 
1121.000 36.060 
1122.000 35.930 
1123.000 35.750 
1124.000 35.620 
1125.000 35.430 
1126.000 35.310 
1127.000 35.180 
1128.000 35.060 
1129.000 34.870 
1130.000 34.750 
1131.000 34.620 
1132.000 34.500 
1133.000 34.370 
1134.000 34.250 
1135.000 34.120 
1136.000 34.000 
1137.000 33.870 
1138.000 33.750 
1139.000 33.680 
1140.000 33.560 
1141.000 33.430 
1142.000 33.310 
1143.000 33.180 
1144.000 33.060 
1145.000 33.000 
1146.000 32.870 
1147.000 32.750 
1148.000 32.620 
1149.000 32.560 
1150.000 32.430 
1151.000 32.370 
1152.000 32.250 
1153.000 32.180 
1154.000 32.060 
1155.000 32.000 
1156.000 31.870 
1157.000 31.810 
1158.000 31.750 
1159.000 31.620 
1160.000 31.560 
1161.000 31.500 
1162.000 31.370 
1163.000 31.310 
1164.000 31.180 
1165.000 31.120 
1166.000 31.000 
1167.000 30.930 
1168.000 30.870 
1169.000 30.750 
1170.000 30.680 
1171.000 30.620 
1172.000 30.560 
1173.000 30.430 
1174.000 30.370 
1175.000 30.310 
1176.000 30.250 
1177.000 30.180 
1178.000 30.120 
1179.000 30.060 
1180.000 30.000 
1181.000 29.870 
1182.000 29.810 
1183.000 29.750 
1184.000 29.680 
1185.000 29.680 
1186.000 29.560 
1187.000 29.560 
1188.000 29.500 
1189.000 29.430 
1190.000 29.370 
1191.000 29.310 
1192.000 29.250 
1193.000 29.250 
1194.000 29.180 
1195.000 29.180 
1196.000 29.120 
1197.000 29.120 
1198.000 29.060 
1199.000 29.060 
1200.000 29.060 
1201.000 29.120 
1202.000 29.120 
1203.000 29.120 
1204.000 29.180 
1205.000 29.180 
1206.000 29.250 
1207.000 29.250 
1208.000 29.310 
1209.000 29.370 
1210.000 29.430 
1211.000 29.500 
1212.000 29.500 
1213.000 29.560 
1214.000 29.620 
1215.000 29.680 
1216.000 29.750 
1217.000 29.810 
1218.000 29.870 
1219.000 29.930 
1220.000 30.060 
1221.000 30.120 
1222.000 30.180 
1223.000 30.250 
1224.000 30.310 
1225.000 30.370 
1226.000 30.430 
1227.000 30.500 
1228.000 30.560 
1229.000 30.620 
1230.000 30.680 
1231.000 30.810 
1232.000 30.810 
1233.000 30.870 
1234.000 30.930 
1235.000 31.000 
1236.000 31.060 
1237.000 31.120 
1238.000 31.180 
1239.000 31.180 
1240.000 31.250 
1241.000 31.310 
1242.000 31.310 
1243.000 31.370 
1244.000 31.430 
1245.000 31.430 
1246.000 31.500 
1247.000 31.500 
1248.000 31.560 
1249.000 31.560 
1250.000 31.560 
1251.000 31.620 
1252.000 31.620 
1253.000 31.620 
1254.000 31.620 
1255.000 31.620 
1256.000 31.620 
1257.000 31.680 
1258.000 31.680 
1259.000 31.680 
1260.000 31.680 
1261.000 31.680 
1262.000 31.680 
1263.000 31.680 
1264.000 31.620 
1265.000 31.680 
1266.000 31.680 
1267.000 31.680 
1268.000 31.620 
1269.000 31.620 
1270.000 31.620 
1271.000 31.620 
1272.000 31.620 
1273.000 31.620 
1274.000 31.560 
1275.000 31.560 
1276.000 31.560 
1277.000 31.560 
1278.000 31.560 
1279.000 31.500 
1280.000 31.500 
1281.000 31.500 
1282.000 31.500 
1283.000 31.500 
1284.000 31.500 
1285.000 31.500 
1286.000 31.430 
1287.000 31.430 
1288.000 31.430 
1289.000 31.430 
1290.000 31.370 
1291.000 31.370 
1292.000 31.370 
1293.000 31.370 
1294.000 31.370 
1295.000 31.310 
1296.000 31.310 
1297.000 31.310 
1298.000 31.310 
1299.000 31.310 
1300.000 31.310 
1301.000 31.310 
1302.000 31.310 
1303.000 31.250 
1304.000 31.250 
1305.000 31.250 
1306.000 31.250 
1307.000 31.250 
1308.000 31.310 
1309.000 31.310 
1310.000 31.310 
1311.000 31.310 
1312.000 31.310 
1313.000 31.310 
1314.000 31.310 
1315.000 31.310 
1316.000 31.310 
1317.000 31.310 
1318.000 31.310 
1319.000 31.310 
1320.000 31.310 
1321.000 31.310 
1322.000 31.310 
1323.000 31.310 
1324.000 31.310 
1325.000 31.310 
1326.000 31.310 
1327.000 31.370 
1328.000 31.370 
1329.000 31.370 
1330.000 31.370 
1331.000 31.370 
1332.000 31.370 
1333.000 31.370 
1334.000 31.370 
1335.000 31.430 
1336.000 31.430 
1337.000 31.430 
1338.000 31.430 
1339.000 31.430 
1340.000 31.430 
1341.000 31.430 
1342.000 31.430 
1343.000 31.430 
1344.000 31.500 
1345.000 31.430 
1346.000 31.500 
1347.000 31.500 
1348.000 31.430 
1349.000 31.430 
1350.000 31.430 
1351.000 31.430 
1352.000 31.430 
1353.000 31.430 
1354.000 31.430 
1355.000 31.430 
1356.000 31.430 
1357.000 31.430 
1358.000 31.430 
1359.000 31.430 
1360.000 31.430 
1361.000 31.430 
1362.000 31.430 
1363.000 31.430 
1364.000 31.430 
1365.000 31.430 
1366.000 31.430 
1367.000 31.430 
1368.000 31.500 
1369.000 31.500 
1370.000 31.500 
1371.000 31.500 
1372.000 31.560 
1373.000 31.560 
1374.000 31.560 
1375.000 31.560 
1376.000 31.560 
1377.000 31.560 
1378.000 31.560 
1379.000 31.560 
1380.000 31.560 
1381.000 31.560 
1382.000 31.560 
1383.000 31.620 
1384.000 31.620 
1385.000 31.620 
1386.000 31.620 
1387.000 31.620 
1388.000 31.620 
1389.000 31.620 
1390.000 31.620 
1391.000 31.680 
1392.000 31.680 
1393.000 31.680 
1394.000 31.680 
1395.000 31.680 
1396.000 31.680 
1397.000 31.680 
1398.000 31.680 
1399.000 31.750 
1400.000 31.750 
