1.000 0.000 
2.000 0.000 
3.000 0.000 
4.000 0.000 
5.000 0.000 
6.000 0.000 
7.000 -0.815 
8.000 -0.432 
9.000 -0.434 
10.000 -0.436 
11.000 -0.438 
12.000 -0.226 
13.000 -0.082 
14.000 -0.088 
15.000 -0.087 
16.000 -0.084 
17.000 -0.077 
18.000 -0.126 
19.000 -0.201 
20.000 -0.247 
21.000 -0.275 
22.000 -0.294 
23.000 -0.294 
24.000 -0.266 
25.000 -0.228 
26.000 -0.196 
27.000 -0.175 
28.000 -0.161 
29.000 -0.155 
30.000 -0.160 
31.000 -0.174 
32.000 -0.191 
33.000 -0.208 
34.000 -0.222 
35.000 -0.231 
36.000 -0.233 
37.000 -0.229 
38.000 -0.221 
39.000 -0.212 
40.000 -0.203 
41.000 -0.197 
42.000 -0.195 
43.000 -0.195 
44.000 -0.198 
45.000 -0.203 
46.000 -0.209 
47.000 -0.214 
48.000 -0.218 
49.000 -0.219 
50.000 -0.220 
51.000 -0.218 
52.000 -0.216 
53.000 -0.214 
54.000 -0.213 
55.000 -0.212 
56.000 -0.212 
57.000 -0.212 
58.000 -0.214 
59.000 -0.216 
60.000 -0.217 
61.000 -0.219 
62.000 -0.220 
63.000 -0.221 
64.000 -0.221 
65.000 -0.221 
66.000 -0.221 
67.000 -0.221 
68.000 -0.221 
69.000 -0.221 
70.000 -0.221 
71.000 -0.222 
72.000 -0.223 
73.000 -0.224 
74.000 -0.225 
75.000 -0.225 
76.000 -0.226 
77.000 -0.226 
78.000 -0.227 
79.000 -0.227 
80.000 -0.227 
81.000 -0.228 
82.000 -0.228 
83.000 -0.229 
84.000 -0.229 
85.000 -0.230 
86.000 -0.230 
87.000 -0.231 
88.000 -0.231 
89.000 -0.232 
90.000 -0.232 
91.000 -0.233 
92.000 -0.233 
93.000 -0.234 
94.000 -0.234 
95.000 -0.235 
96.000 -0.235 
97.000 -0.236 
98.000 -0.236 
99.000 -0.237 
100.000 -0.237 
101.000 -0.238 
102.000 -0.238 
103.000 -0.239 
104.000 -0.239 
105.000 -0.240 
106.000 -0.240 
107.000 -0.241 
108.000 -0.241 
109.000 -0.241 
110.000 -0.242 
111.000 -0.242 
112.000 -0.243 
113.000 -0.243 
114.000 -0.244 
115.000 -0.244 
116.000 -0.245 
117.000 -0.245 
118.000 -0.246 
119.000 -0.246 
120.000 -0.247 
121.000 0.102 
122.000 -0.057 
123.000 -0.062 
124.000 -0.062 
125.000 -0.061 
126.000 -0.097 
127.000 -0.206 
128.000 -0.226 
129.000 -0.235 
130.000 -0.238 
131.000 -0.228 
132.000 -0.187 
133.000 -0.137 
134.000 -0.105 
135.000 -0.087 
136.000 -0.078 
137.000 -0.078 
138.000 -0.093 
139.000 -0.120 
140.000 -0.150 
141.000 -0.175 
142.000 -0.193 
143.000 -0.200 
144.000 -0.193 
145.000 -0.174 
146.000 -0.152 
147.000 -0.131 
148.000 -0.115 
149.000 -0.105 
150.000 -0.104 
151.000 -0.111 
152.000 -0.123 
153.000 -0.139 
154.000 -0.155 
155.000 -0.168 
156.000 -0.174 
157.000 -0.173 
158.000 -0.166 
159.000 -0.154 
160.000 -0.142 
161.000 -0.131 
162.000 -0.124 
163.000 -0.121 
164.000 -0.123 
165.000 -0.129 
166.000 -0.138 
167.000 -0.147 
168.000 -0.155 
169.000 -0.160 
170.000 -0.161 
171.000 -0.159 
172.000 -0.153 
173.000 -0.147 
174.000 -0.140 
175.000 -0.135 
176.000 -0.132 
177.000 -0.133 
178.000 -0.135 
179.000 -0.140 
180.000 -0.145 
181.000 -0.150 
182.000 -0.153 
183.000 -0.155 
184.000 -0.154 
185.000 -0.152 
186.000 -0.148 
187.000 -0.145 
188.000 -0.142 
189.000 -0.140 
190.000 -0.139 
191.000 -0.140 
192.000 -0.142 
193.000 -0.145 
194.000 -0.148 
195.000 -0.150 
196.000 -0.151 
197.000 -0.151 
198.000 -0.151 
199.000 -0.149 
200.000 -0.147 
201.000 -0.145 
202.000 -0.144 
203.000 -0.143 
204.000 -0.143 
205.000 -0.144 
206.000 -0.146 
207.000 -0.147 
208.000 -0.149 
209.000 -0.150 
210.000 -0.150 
211.000 -0.150 
212.000 -0.149 
213.000 -0.149 
214.000 -0.148 
215.000 -0.147 
216.000 -0.146 
217.000 -0.146 
218.000 -0.147 
219.000 -0.147 
220.000 -0.148 
221.000 -0.149 
222.000 -0.150 
223.000 -0.150 
224.000 -0.150 
225.000 -0.150 
226.000 -0.149 
227.000 -0.149 
228.000 -0.149 
229.000 -0.148 
230.000 -0.148 
231.000 -0.148 
232.000 -0.149 
233.000 -0.149 
234.000 -0.150 
235.000 -0.150 
236.000 -0.150 
237.000 -0.151 
238.000 -0.150 
239.000 -0.150 
240.000 -0.150 
241.000 1.000 
242.000 0.078 
243.000 0.798 
244.000 0.081 
245.000 0.802 
246.000 -0.040 
247.000 -0.025 
248.000 -0.671 
249.000 -0.713 
250.000 -1.000 
251.000 -0.817 
252.000 -0.218 
253.000 0.495 
254.000 0.278 
255.000 0.608 
256.000 0.146 
257.000 0.792 
258.000 0.092 
259.000 0.479 
260.000 -0.100 
261.000 -0.298 
262.000 -0.953 
263.000 -0.929 
264.000 -1.000 
265.000 -0.478 
266.000 0.267 
267.000 0.496 
268.000 0.314 
269.000 0.560 
270.000 0.205 
271.000 0.707 
272.000 0.034 
273.000 0.254 
274.000 -0.257 
275.000 -0.593 
276.000 -1.000 
277.000 -0.915 
278.000 -0.750 
279.000 0.034 
280.000 0.592 
281.000 0.184 
282.000 0.745 
283.000 0.154 
284.000 0.787 
285.000 0.076 
286.000 0.450 
287.000 -0.135 
288.000 -0.452 
289.000 -1.000 
290.000 -0.996 
291.000 -1.000 
292.000 -0.383 
293.000 0.406 
294.000 0.400 
295.000 0.457 
296.000 0.369 
297.000 0.485 
298.000 0.303 
299.000 0.366 
300.000 0.013 
301.000 -0.348 
302.000 -0.881 
303.000 -1.000 
304.000 -1.000 
305.000 -0.787 
306.000 0.160 
307.000 0.590 
308.000 0.207 
309.000 0.717 
310.000 0.166 
311.000 0.776 
312.000 0.080 
313.000 0.445 
314.000 -0.132 
315.000 -0.460 
316.000 -1.000 
317.000 -0.999 
318.000 -1.000 
319.000 -0.369 
320.000 0.432 
321.000 0.388 
322.000 0.480 
323.000 0.345 
324.000 0.525 
325.000 0.252 
326.000 0.432 
327.000 -0.007 
328.000 -0.338 
329.000 -0.893 
330.000 -1.000 
331.000 -1.000 
332.000 -0.755 
333.000 0.188 
334.000 0.589 
335.000 0.220 
336.000 0.704 
337.000 0.176 
338.000 0.765 
339.000 0.085 
340.000 0.436 
341.000 -0.130 
342.000 -0.468 
343.000 -1.000 
344.000 -1.000 
345.000 -1.000 
346.000 -0.352 
347.000 0.458 
348.000 0.373 
349.000 0.507 
350.000 0.318 
351.000 0.568 
352.000 0.196 
353.000 0.503 
354.000 -0.029 
355.000 -0.321 
356.000 -0.903 
357.000 -1.000 
358.000 -1.000 
359.000 -0.698 
360.000 0.221 
361.000 1.000 
362.000 0.446 
363.000 0.581 
364.000 0.442 
365.000 0.591 
366.000 0.286 
367.000 0.579 
368.000 0.053 
369.000 0.450 
370.000 -0.109 
371.000 -0.188 
372.000 -0.492 
373.000 0.293 
374.000 0.311 
375.000 0.647 
376.000 0.435 
377.000 0.617 
378.000 0.483 
379.000 0.519 
380.000 0.380 
381.000 0.479 
382.000 0.260 
383.000 0.312 
384.000 -0.010 
385.000 -0.183 
386.000 -0.401 
387.000 -0.163 
388.000 0.118 
389.000 0.860 
390.000 0.446 
391.000 0.630 
392.000 0.508 
393.000 0.566 
394.000 0.394 
395.000 0.486 
396.000 0.276 
397.000 0.363 
398.000 -0.013 
399.000 -0.247 
400.000 -0.495 
401.000 -0.284 
402.000 -0.089 
403.000 0.955 
404.000 0.484 
405.000 0.630 
406.000 0.540 
407.000 0.570 
408.000 0.434 
409.000 0.452 
410.000 0.342 
411.000 0.307 
412.000 -0.009 
413.000 -0.343 
414.000 -0.557 
415.000 -0.464 
416.000 -0.170 
417.000 0.940 
418.000 0.529 
419.000 0.626 
420.000 0.565 
421.000 0.579 
422.000 0.466 
423.000 0.437 
424.000 0.383 
425.000 0.303 
426.000 0.016 
427.000 -0.369 
428.000 -0.589 
429.000 -0.571 
430.000 -0.272 
431.000 0.826 
432.000 0.555 
433.000 0.635 
434.000 0.592 
435.000 0.584 
436.000 0.513 
437.000 0.429 
438.000 0.429 
439.000 0.333 
440.000 0.099 
441.000 -0.278 
442.000 -0.571 
443.000 -0.655 
444.000 -0.450 
445.000 0.458 
446.000 0.650 
447.000 0.628 
448.000 0.622 
449.000 0.603 
450.000 0.589 
451.000 0.455 
452.000 0.465 
453.000 0.353 
454.000 0.290 
455.000 -0.061 
456.000 -0.500 
457.000 -0.722 
458.000 -0.609 
459.000 -0.215 
460.000 1.000 
461.000 0.633 
462.000 0.660 
463.000 0.641 
464.000 0.628 
465.000 0.519 
466.000 0.412 
467.000 0.437 
468.000 0.210 
469.000 -0.140 
470.000 -0.745 
471.000 -0.898 
472.000 -0.913 
473.000 -0.289 
474.000 1.000 
475.000 0.685 
476.000 0.692 
477.000 0.667 
478.000 0.657 
479.000 0.555 
480.000 0.394 
481.000 1.000 
482.000 1.000 
483.000 0.948 
484.000 0.913 
485.000 0.975 
486.000 0.863 
487.000 0.685 
488.000 0.533 
489.000 0.480 
490.000 0.437 
491.000 0.434 
492.000 0.462 
493.000 0.541 
494.000 0.632 
495.000 0.787 
496.000 0.954 
497.000 1.000 
498.000 1.000 
499.000 1.000 
500.000 1.000 
501.000 0.920 
502.000 0.763 
503.000 0.608 
504.000 0.466 
505.000 0.485 
506.000 0.392 
507.000 0.429 
508.000 0.520 
509.000 0.625 
510.000 0.755 
511.000 0.972 
512.000 1.000 
513.000 1.000 
514.000 1.000 
515.000 1.000 
516.000 1.000 
517.000 0.860 
518.000 0.705 
519.000 0.561 
520.000 0.467 
521.000 0.464 
522.000 0.369 
523.000 0.403 
524.000 0.634 
525.000 0.677 
526.000 0.876 
527.000 1.000 
528.000 1.000 
529.000 1.000 
530.000 1.000 
531.000 1.000 
532.000 1.000 
533.000 0.855 
534.000 0.705 
535.000 0.567 
536.000 0.473 
537.000 0.472 
538.000 0.342 
539.000 0.372 
540.000 0.654 
541.000 0.718 
542.000 0.918 
543.000 1.000 
544.000 1.000 
545.000 1.000 
546.000 1.000 
547.000 1.000 
548.000 1.000 
549.000 0.908 
550.000 0.758 
551.000 0.620 
552.000 0.496 
553.000 0.492 
554.000 0.367 
555.000 0.320 
556.000 0.519 
557.000 0.724 
558.000 0.884 
559.000 1.000 
560.000 1.000 
561.000 1.000 
562.000 1.000 
563.000 1.000 
564.000 1.000 
565.000 1.000 
566.000 0.868 
567.000 0.726 
568.000 0.597 
569.000 0.484 
570.000 0.480 
571.000 0.326 
572.000 0.280 
573.000 0.583 
574.000 0.776 
575.000 0.980 
576.000 1.000 
577.000 1.000 
578.000 1.000 
579.000 1.000 
580.000 1.000 
581.000 1.000 
582.000 1.000 
583.000 0.906 
584.000 0.764 
585.000 0.636 
586.000 0.522 
587.000 0.488 
588.000 0.346 
589.000 0.236 
590.000 0.418 
591.000 0.815 
592.000 0.953 
593.000 1.000 
594.000 1.000 
595.000 1.000 
596.000 1.000 
597.000 1.000 
598.000 1.000 
599.000 1.000 
600.000 1.000 
601.000 1.000 
602.000 1.000 
603.000 1.000 
604.000 1.000 
605.000 1.000 
606.000 1.000 
607.000 1.000 
608.000 1.000 
609.000 0.981 
610.000 0.951 
611.000 0.927 
612.000 0.909 
613.000 0.896 
614.000 0.894 
615.000 0.910 
616.000 0.941 
617.000 0.982 
618.000 1.000 
619.000 1.000 
620.000 1.000 
621.000 1.000 
622.000 1.000 
623.000 1.000 
624.000 1.000 
625.000 1.000 
626.000 1.000 
627.000 1.000 
628.000 1.000 
629.000 0.992 
630.000 0.980 
631.000 0.969 
632.000 0.960 
633.000 0.953 
634.000 0.949 
635.000 0.953 
636.000 0.964 
637.000 0.980 
638.000 0.999 
639.000 1.000 
640.000 1.000 
641.000 1.000 
642.000 1.000 
643.000 1.000 
644.000 1.000 
645.000 1.000 
646.000 1.000 
647.000 0.999 
648.000 0.990 
649.000 0.983 
650.000 0.976 
651.000 0.970 
652.000 0.965 
653.000 0.965 
654.000 0.970 
655.000 0.979 
656.000 0.990 
657.000 1.000 
658.000 1.000 
659.000 1.000 
660.000 1.000 
661.000 1.000 
662.000 1.000 
663.000 1.000 
664.000 1.000 
665.000 1.000 
666.000 0.995 
667.000 0.989 
668.000 0.984 
669.000 0.979 
670.000 0.975 
671.000 0.974 
672.000 0.976 
673.000 0.982 
674.000 0.989 
675.000 0.999 
676.000 1.000 
677.000 1.000 
678.000 1.000 
679.000 1.000 
680.000 1.000 
681.000 1.000 
682.000 1.000 
683.000 1.000 
684.000 0.997 
685.000 0.993 
686.000 0.989 
687.000 0.985 
688.000 0.982 
689.000 0.981 
690.000 0.982 
691.000 0.985 
692.000 0.991 
693.000 0.998 
694.000 1.000 
695.000 1.000 
696.000 1.000 
697.000 1.000 
698.000 1.000 
699.000 1.000 
700.000 1.000 
701.000 1.000 
702.000 0.999 
703.000 0.995 
704.000 0.992 
705.000 0.989 
706.000 0.987 
707.000 0.985 
708.000 0.986 
709.000 0.988 
710.000 0.992 
711.000 0.997 
712.000 1.000 
713.000 1.000 
714.000 1.000 
715.000 1.000 
716.000 1.000 
717.000 1.000 
718.000 1.000 
719.000 1.000 
720.000 1.000 
721.000 0.997 
722.000 0.995 
723.000 0.993 
724.000 0.991 
725.000 0.989 
726.000 0.989 
727.000 0.990 
728.000 0.993 
729.000 0.996 
730.000 1.000 
731.000 1.000 
732.000 1.000 
733.000 1.000 
734.000 1.000 
735.000 1.000 
736.000 1.000 
737.000 1.000 
738.000 1.000 
739.000 0.999 
740.000 0.997 
741.000 0.995 
742.000 0.993 
743.000 0.992 
744.000 0.992 
745.000 0.992 
746.000 0.994 
747.000 0.996 
748.000 0.999 
749.000 1.000 
750.000 1.000 
751.000 1.000 
752.000 1.000 
753.000 1.000 
754.000 1.000 
755.000 1.000 
756.000 1.000 
757.000 0.999 
758.000 0.998 
759.000 0.996 
760.000 0.995 
761.000 0.994 
762.000 0.994 
763.000 0.994 
764.000 0.995 
765.000 0.997 
766.000 0.999 
767.000 1.000 
768.000 1.000 
769.000 1.000 
770.000 1.000 
771.000 1.000 
772.000 1.000 
773.000 1.000 
774.000 1.000 
775.000 1.000 
776.000 0.999 
777.000 0.998 
778.000 0.997 
779.000 0.996 
780.000 0.995 
781.000 0.995 
782.000 0.996 
783.000 0.997 
784.000 0.999 
785.000 1.000 
786.000 1.000 
787.000 1.000 
788.000 1.000 
789.000 1.000 
790.000 1.000 
791.000 1.000 
792.000 1.000 
793.000 1.000 
794.000 0.999 
795.000 0.998 
796.000 0.998 
797.000 0.997 
798.000 0.997 
799.000 0.996 
800.000 0.997 
