1.000 0.000 
2.000 0.000 
3.000 0.000 
4.000 0.000 
5.000 0.000 
6.000 0.000 
7.000 -0.860 
8.000 -0.439 
9.000 -0.441 
10.000 -0.443 
11.000 -0.446 
12.000 -0.212 
13.000 -0.062 
14.000 -0.080 
15.000 -0.082 
16.000 -0.081 
17.000 -0.073 
18.000 -0.132 
19.000 -0.218 
20.000 -0.265 
21.000 -0.291 
22.000 -0.308 
23.000 -0.304 
24.000 -0.267 
25.000 -0.222 
26.000 -0.189 
27.000 -0.168 
28.000 -0.155 
29.000 -0.151 
30.000 -0.160 
31.000 -0.177 
32.000 -0.198 
33.000 -0.217 
34.000 -0.231 
35.000 -0.239 
36.000 -0.239 
37.000 -0.232 
38.000 -0.221 
39.000 -0.210 
40.000 -0.201 
41.000 -0.195 
42.000 -0.193 
43.000 -0.195 
44.000 -0.200 
45.000 -0.207 
46.000 -0.213 
47.000 -0.219 
48.000 -0.222 
49.000 -0.223 
50.000 -0.222 
51.000 -0.220 
52.000 -0.217 
53.000 -0.215 
54.000 -0.213 
55.000 -0.212 
56.000 -0.213 
57.000 -0.214 
58.000 -0.216 
59.000 -0.218 
60.000 -0.220 
61.000 -0.222 
62.000 -0.223 
63.000 -0.223 
64.000 -0.223 
65.000 -0.223 
66.000 -0.223 
67.000 -0.222 
68.000 -0.222 
69.000 -0.223 
70.000 -0.223 
71.000 -0.224 
72.000 -0.225 
73.000 -0.226 
74.000 -0.227 
75.000 -0.228 
76.000 -0.228 
77.000 -0.229 
78.000 -0.229 
79.000 -0.229 
80.000 -0.229 
81.000 -0.230 
82.000 -0.230 
83.000 -0.231 
84.000 -0.231 
85.000 -0.232 
86.000 -0.232 
87.000 -0.233 
88.000 -0.234 
89.000 -0.234 
90.000 -0.235 
91.000 -0.235 
92.000 -0.235 
93.000 -0.236 
94.000 -0.236 
95.000 -0.237 
96.000 -0.237 
97.000 -0.238 
98.000 -0.238 
99.000 -0.239 
100.000 -0.239 
101.000 -0.240 
102.000 -0.240 
103.000 -0.241 
104.000 -0.241 
105.000 -0.242 
106.000 -0.242 
107.000 -0.243 
108.000 -0.243 
109.000 -0.244 
110.000 -0.244 
111.000 -0.245 
112.000 -0.245 
113.000 -0.246 
114.000 -0.246 
115.000 -0.247 
116.000 -0.247 
117.000 -0.247 
118.000 -0.248 
119.000 -0.248 
120.000 -0.249 
121.000 0.119 
122.000 -0.056 
123.000 -0.061 
124.000 -0.061 
125.000 -0.060 
126.000 -0.102 
127.000 -0.221 
128.000 -0.239 
129.000 -0.244 
130.000 -0.245 
131.000 -0.232 
132.000 -0.184 
133.000 -0.128 
134.000 -0.096 
135.000 -0.080 
136.000 -0.072 
137.000 -0.075 
138.000 -0.094 
139.000 -0.127 
140.000 -0.160 
141.000 -0.188 
142.000 -0.205 
143.000 -0.209 
144.000 -0.196 
145.000 -0.172 
146.000 -0.146 
147.000 -0.123 
148.000 -0.107 
149.000 -0.099 
150.000 -0.100 
151.000 -0.111 
152.000 -0.128 
153.000 -0.147 
154.000 -0.165 
155.000 -0.178 
156.000 -0.182 
157.000 -0.178 
158.000 -0.166 
159.000 -0.151 
160.000 -0.136 
161.000 -0.124 
162.000 -0.118 
163.000 -0.117 
164.000 -0.122 
165.000 -0.132 
166.000 -0.143 
167.000 -0.155 
168.000 -0.163 
169.000 -0.167 
170.000 -0.166 
171.000 -0.160 
172.000 -0.152 
173.000 -0.143 
174.000 -0.135 
175.000 -0.131 
176.000 -0.129 
177.000 -0.131 
178.000 -0.136 
179.000 -0.143 
180.000 -0.150 
181.000 -0.155 
182.000 -0.158 
183.000 -0.159 
184.000 -0.156 
185.000 -0.152 
186.000 -0.147 
187.000 -0.142 
188.000 -0.139 
189.000 -0.137 
190.000 -0.138 
191.000 -0.140 
192.000 -0.144 
193.000 -0.148 
194.000 -0.151 
195.000 -0.154 
196.000 -0.154 
197.000 -0.153 
198.000 -0.151 
199.000 -0.149 
200.000 -0.146 
201.000 -0.144 
202.000 -0.142 
203.000 -0.143 
204.000 -0.144 
205.000 -0.146 
206.000 -0.148 
207.000 -0.150 
208.000 -0.152 
209.000 -0.152 
210.000 -0.152 
211.000 -0.151 
212.000 -0.150 
213.000 -0.148 
214.000 -0.147 
215.000 -0.146 
216.000 -0.146 
217.000 -0.146 
218.000 -0.147 
219.000 -0.149 
220.000 -0.150 
221.000 -0.151 
222.000 -0.152 
223.000 -0.152 
224.000 -0.151 
225.000 -0.151 
226.000 -0.150 
227.000 -0.149 
228.000 -0.148 
229.000 -0.148 
230.000 -0.148 
231.000 -0.149 
232.000 -0.150 
233.000 -0.150 
234.000 -0.151 
235.000 -0.152 
236.000 -0.152 
237.000 -0.152 
238.000 -0.151 
239.000 -0.151 
240.000 -0.150 
241.000 1.000 
242.000 0.078 
243.000 0.812 
244.000 0.082 
245.000 0.816 
246.000 -0.039 
247.000 -0.050 
248.000 -0.731 
249.000 -0.762 
250.000 -1.000 
251.000 -0.853 
252.000 -0.177 
253.000 0.569 
254.000 0.201 
255.000 0.717 
256.000 0.147 
257.000 0.792 
258.000 0.084 
259.000 0.469 
260.000 -0.127 
261.000 -0.423 
262.000 -1.000 
263.000 -1.000 
264.000 -1.000 
265.000 -0.425 
266.000 0.398 
267.000 0.403 
268.000 0.445 
269.000 0.377 
270.000 0.466 
271.000 0.325 
272.000 0.327 
273.000 0.008 
274.000 -0.399 
275.000 -0.926 
276.000 -1.000 
277.000 -1.000 
278.000 -0.758 
279.000 0.236 
280.000 0.552 
281.000 0.248 
282.000 0.657 
283.000 0.154 
284.000 0.789 
285.000 0.062 
286.000 0.371 
287.000 -0.184 
288.000 -0.498 
289.000 -1.000 
290.000 -0.990 
291.000 -1.000 
292.000 -0.178 
293.000 0.551 
294.000 0.245 
295.000 0.666 
296.000 0.169 
297.000 0.768 
298.000 0.113 
299.000 0.512 
300.000 -0.092 
301.000 -0.359 
302.000 -1.000 
303.000 -1.000 
304.000 -1.000 
305.000 -0.535 
306.000 0.342 
307.000 0.480 
308.000 0.355 
309.000 0.515 
310.000 0.284 
311.000 0.603 
312.000 0.047 
313.000 0.224 
314.000 -0.280 
315.000 -0.722 
316.000 -1.000 
317.000 -0.940 
318.000 -0.704 
319.000 0.148 
320.000 0.613 
321.000 0.195 
322.000 0.736 
323.000 0.171 
324.000 0.769 
325.000 0.078 
326.000 0.406 
327.000 -0.160 
328.000 -0.537 
329.000 -1.000 
330.000 -1.000 
331.000 -1.000 
332.000 -0.252 
333.000 0.560 
334.000 0.255 
335.000 0.660 
336.000 0.188 
337.000 0.746 
338.000 0.132 
339.000 0.527 
340.000 -0.075 
341.000 -0.345 
342.000 -1.000 
343.000 -1.000 
344.000 -1.000 
345.000 -0.584 
346.000 0.335 
347.000 0.509 
348.000 0.331 
349.000 0.556 
350.000 0.241 
351.000 0.672 
352.000 0.065 
353.000 0.275 
354.000 -0.234 
355.000 -0.636 
356.000 -1.000 
357.000 -0.974 
358.000 -0.824 
359.000 0.052 
360.000 0.678 
361.000 1.000 
362.000 0.439 
363.000 0.581 
364.000 0.471 
365.000 0.488 
366.000 0.287 
367.000 0.513 
368.000 -0.036 
369.000 -0.303 
370.000 -0.703 
371.000 -0.559 
372.000 -0.662 
373.000 0.576 
374.000 0.458 
375.000 0.619 
376.000 0.493 
377.000 0.564 
378.000 0.501 
379.000 0.446 
380.000 0.411 
381.000 0.385 
382.000 0.260 
383.000 0.046 
384.000 -0.235 
385.000 -0.416 
386.000 -0.421 
387.000 -0.071 
388.000 0.877 
389.000 0.447 
390.000 0.636 
391.000 0.510 
392.000 0.581 
393.000 0.417 
394.000 0.478 
395.000 0.308 
396.000 0.398 
397.000 0.012 
398.000 -0.245 
399.000 -0.520 
400.000 -0.377 
401.000 -0.266 
402.000 0.801 
403.000 0.477 
404.000 0.640 
405.000 0.545 
406.000 0.568 
407.000 0.479 
408.000 0.442 
409.000 0.394 
410.000 0.366 
411.000 0.089 
412.000 -0.213 
413.000 -0.500 
414.000 -0.537 
415.000 -0.408 
416.000 0.502 
417.000 0.562 
418.000 0.600 
419.000 0.574 
420.000 0.576 
421.000 0.554 
422.000 0.446 
423.000 0.454 
424.000 0.355 
425.000 0.291 
426.000 -0.018 
427.000 -0.384 
428.000 -0.591 
429.000 -0.500 
430.000 -0.138 
431.000 1.000 
432.000 0.568 
433.000 0.631 
434.000 0.597 
435.000 0.591 
436.000 0.478 
437.000 0.430 
438.000 0.398 
439.000 0.233 
440.000 -0.097 
441.000 -0.589 
442.000 -0.757 
443.000 -0.716 
444.000 -0.172 
445.000 1.000 
446.000 0.627 
447.000 0.644 
448.000 0.623 
449.000 0.620 
450.000 0.504 
451.000 0.417 
452.000 0.423 
453.000 0.206 
454.000 -0.165 
455.000 -0.750 
456.000 -0.895 
457.000 -0.881 
458.000 -0.220 
459.000 1.000 
460.000 0.669 
461.000 0.674 
462.000 0.650 
463.000 0.646 
464.000 0.536 
465.000 0.401 
466.000 0.452 
467.000 0.173 
468.000 -0.249 
469.000 -0.926 
470.000 -1.000 
471.000 -1.000 
472.000 -0.249 
473.000 1.000 
474.000 0.707 
475.000 0.702 
476.000 0.674 
477.000 0.669 
478.000 0.562 
479.000 0.389 
480.000 0.474 
481.000 1.000 
482.000 0.931 
483.000 0.893 
484.000 0.961 
485.000 1.000 
486.000 0.889 
487.000 0.728 
488.000 0.600 
489.000 0.470 
490.000 0.478 
491.000 0.398 
492.000 0.502 
493.000 0.455 
494.000 0.654 
495.000 0.722 
496.000 0.923 
497.000 1.000 
498.000 1.000 
499.000 1.000 
500.000 1.000 
501.000 0.966 
502.000 0.811 
503.000 0.654 
504.000 0.508 
505.000 0.471 
506.000 0.424 
507.000 0.383 
508.000 0.465 
509.000 0.605 
510.000 0.697 
511.000 0.907 
512.000 1.000 
513.000 1.000 
514.000 1.000 
515.000 1.000 
516.000 1.000 
517.000 0.938 
518.000 0.778 
519.000 0.627 
520.000 0.489 
521.000 0.482 
522.000 0.406 
523.000 0.343 
524.000 0.503 
525.000 0.649 
526.000 0.783 
527.000 1.000 
528.000 1.000 
529.000 1.000 
530.000 1.000 
531.000 1.000 
532.000 1.000 
533.000 0.947 
534.000 0.789 
535.000 0.644 
536.000 0.510 
537.000 0.482 
538.000 0.396 
539.000 0.311 
540.000 0.449 
541.000 0.699 
542.000 0.809 
543.000 1.000 
544.000 1.000 
545.000 1.000 
546.000 1.000 
547.000 1.000 
548.000 1.000 
549.000 1.000 
550.000 0.866 
551.000 0.719 
552.000 0.584 
553.000 0.478 
554.000 0.475 
555.000 0.307 
556.000 0.271 
557.000 0.618 
558.000 0.748 
559.000 0.958 
560.000 1.000 
561.000 1.000 
562.000 1.000 
563.000 1.000 
564.000 1.000 
565.000 1.000 
566.000 1.000 
567.000 0.880 
568.000 0.736 
569.000 0.605 
570.000 0.489 
571.000 0.464 
572.000 0.298 
573.000 0.202 
574.000 0.511 
575.000 0.798 
576.000 0.991 
577.000 1.000 
578.000 1.000 
579.000 1.000 
580.000 1.000 
581.000 1.000 
582.000 1.000 
583.000 1.000 
584.000 0.992 
585.000 0.842 
586.000 0.706 
587.000 0.584 
588.000 0.491 
589.000 0.383 
590.000 0.183 
591.000 0.073 
592.000 0.579 
593.000 0.854 
594.000 1.000 
595.000 1.000 
596.000 1.000 
597.000 1.000 
598.000 1.000 
599.000 1.000 
600.000 1.000 
601.000 1.000 
602.000 1.000 
603.000 1.000 
604.000 1.000 
605.000 1.000 
606.000 1.000 
607.000 1.000 
608.000 1.000 
609.000 1.000 
610.000 1.000 
611.000 1.000 
612.000 1.000 
613.000 1.000 
614.000 0.987 
615.000 0.973 
616.000 0.963 
617.000 0.956 
618.000 0.952 
619.000 0.955 
620.000 0.967 
621.000 0.985 
622.000 1.000 
623.000 1.000 
624.000 1.000 
625.000 1.000 
626.000 1.000 
627.000 1.000 
628.000 1.000 
629.000 1.000 
630.000 1.000 
631.000 1.000 
632.000 1.000 
633.000 1.000 
634.000 1.000 
635.000 1.000 
636.000 1.000 
637.000 0.999 
638.000 0.996 
639.000 0.994 
640.000 0.992 
641.000 0.991 
642.000 0.990 
643.000 0.990 
644.000 0.993 
645.000 0.996 
646.000 1.000 
647.000 1.000 
648.000 1.000 
649.000 1.000 
650.000 1.000 
651.000 1.000 
652.000 1.000 
653.000 1.000 
654.000 1.000 
655.000 1.000 
656.000 1.000 
657.000 0.998 
658.000 0.997 
659.000 0.996 
660.000 0.995 
661.000 0.994 
662.000 0.994 
663.000 0.995 
664.000 0.996 
665.000 0.999 
666.000 1.000 
667.000 1.000 
668.000 1.000 
669.000 1.000 
670.000 1.000 
671.000 1.000 
672.000 1.000 
673.000 1.000 
674.000 1.000 
675.000 0.999 
676.000 0.998 
677.000 0.997 
678.000 0.997 
679.000 0.996 
680.000 0.996 
681.000 0.996 
682.000 0.997 
683.000 0.998 
684.000 1.000 
685.000 1.000 
686.000 1.000 
687.000 1.000 
688.000 1.000 
689.000 1.000 
690.000 1.000 
691.000 1.000 
692.000 1.000 
693.000 1.000 
694.000 0.999 
695.000 0.998 
696.000 0.998 
697.000 0.997 
698.000 0.997 
699.000 0.997 
700.000 0.997 
701.000 0.998 
702.000 0.999 
703.000 1.000 
704.000 1.000 
705.000 1.000 
706.000 1.000 
707.000 1.000 
708.000 1.000 
709.000 1.000 
710.000 1.000 
711.000 1.000 
712.000 0.999 
713.000 0.999 
714.000 0.998 
715.000 0.998 
716.000 0.998 
717.000 0.998 
718.000 0.998 
719.000 0.998 
720.000 0.999 
721.000 1.000 
722.000 1.000 
723.000 1.000 
724.000 1.000 
725.000 1.000 
726.000 1.000 
727.000 1.000 
728.000 1.000 
729.000 1.000 
730.000 1.000 
731.000 0.999 
732.000 0.999 
733.000 0.999 
734.000 0.998 
735.000 0.998 
736.000 0.998 
737.000 0.999 
738.000 0.999 
739.000 1.000 
740.000 1.000 
741.000 1.000 
742.000 1.000 
743.000 1.000 
744.000 1.000 
745.000 1.000 
746.000 1.000 
747.000 1.000 
748.000 1.000 
749.000 1.000 
750.000 0.999 
751.000 0.999 
752.000 0.999 
753.000 0.999 
754.000 0.999 
755.000 0.999 
756.000 0.999 
757.000 1.000 
758.000 1.000 
759.000 1.000 
760.000 1.000 
761.000 1.000 
762.000 1.000 
763.000 1.000 
764.000 1.000 
765.000 1.000 
766.000 1.000 
767.000 1.000 
768.000 1.000 
769.000 0.999 
770.000 0.999 
771.000 0.999 
772.000 0.999 
773.000 0.999 
774.000 0.999 
775.000 1.000 
776.000 1.000 
777.000 1.000 
778.000 1.000 
779.000 1.000 
780.000 1.000 
781.000 1.000 
782.000 1.000 
783.000 1.000 
784.000 1.000 
785.000 1.000 
786.000 1.000 
787.000 1.000 
788.000 0.999 
789.000 0.999 
790.000 0.999 
791.000 0.999 
792.000 0.999 
793.000 1.000 
794.000 1.000 
795.000 1.000 
796.000 1.000 
797.000 1.000 
798.000 1.000 
799.000 1.000 
800.000 1.000 
