1.000 0.000 
2.000 0.000 
3.000 0.000 
4.000 0.000 
5.000 0.000 
6.000 0.000 
7.000 -0.274 
8.000 -0.086 
9.000 -0.086 
10.000 -0.087 
11.000 -0.087 
12.000 -0.056 
13.000 -0.035 
14.000 -0.046 
15.000 -0.053 
16.000 -0.056 
17.000 -0.061 
18.000 -0.068 
19.000 -0.073 
20.000 -0.073 
21.000 -0.072 
22.000 -0.070 
23.000 -0.068 
24.000 -0.066 
25.000 -0.065 
26.000 -0.065 
27.000 -0.065 
28.000 -0.066 
29.000 -0.067 
30.000 -0.068 
31.000 -0.069 
32.000 -0.069 
33.000 -0.069 
34.000 -0.069 
35.000 -0.069 
36.000 -0.069 
37.000 -0.069 
38.000 -0.069 
39.000 -0.069 
40.000 -0.070 
41.000 -0.070 
42.000 -0.070 
43.000 -0.071 
44.000 -0.071 
45.000 -0.071 
46.000 -0.071 
47.000 -0.071 
48.000 -0.071 
49.000 -0.072 
50.000 -0.072 
51.000 -0.072 
52.000 -0.072 
53.000 -0.072 
54.000 -0.073 
55.000 -0.073 
56.000 -0.073 
57.000 -0.073 
58.000 -0.073 
59.000 -0.074 
60.000 -0.074 
61.000 -0.074 
62.000 -0.074 
63.000 -0.074 
64.000 -0.075 
65.000 -0.075 
66.000 -0.075 
67.000 -0.075 
68.000 -0.075 
69.000 -0.076 
70.000 -0.076 
71.000 -0.076 
72.000 -0.076 
73.000 -0.076 
74.000 -0.076 
75.000 -0.077 
76.000 -0.077 
77.000 -0.077 
78.000 -0.077 
79.000 -0.077 
80.000 -0.078 
81.000 -0.078 
82.000 -0.078 
83.000 -0.078 
84.000 -0.078 
85.000 -0.079 
86.000 -0.079 
87.000 -0.079 
88.000 -0.079 
89.000 -0.079 
90.000 -0.080 
91.000 -0.080 
92.000 -0.080 
93.000 -0.080 
94.000 -0.080 
95.000 -0.080 
96.000 -0.081 
97.000 -0.081 
98.000 -0.081 
99.000 -0.081 
100.000 -0.081 
101.000 -0.082 
102.000 -0.082 
103.000 -0.082 
104.000 -0.082 
105.000 -0.082 
106.000 -0.082 
107.000 -0.083 
108.000 -0.083 
109.000 -0.083 
110.000 -0.083 
111.000 -0.083 
112.000 -0.084 
113.000 -0.084 
114.000 -0.084 
115.000 -0.084 
116.000 -0.084 
117.000 -0.085 
118.000 -0.085 
119.000 -0.085 
120.000 -0.085 
121.000 0.032 
122.000 -0.052 
123.000 -0.049 
124.000 -0.049 
125.000 -0.049 
126.000 -0.060 
127.000 -0.069 
128.000 -0.065 
129.000 -0.062 
130.000 -0.061 
131.000 -0.059 
132.000 -0.056 
133.000 -0.055 
134.000 -0.055 
135.000 -0.055 
136.000 -0.056 
137.000 -0.057 
138.000 -0.058 
139.000 -0.059 
140.000 -0.059 
141.000 -0.059 
142.000 -0.059 
143.000 -0.059 
144.000 -0.058 
145.000 -0.058 
146.000 -0.058 
147.000 -0.058 
148.000 -0.059 
149.000 -0.059 
150.000 -0.059 
151.000 -0.059 
152.000 -0.059 
153.000 -0.059 
154.000 -0.059 
155.000 -0.059 
156.000 -0.060 
157.000 -0.060 
158.000 -0.060 
159.000 -0.060 
160.000 -0.060 
161.000 -0.060 
162.000 -0.060 
163.000 -0.060 
164.000 -0.060 
165.000 -0.060 
166.000 -0.060 
167.000 -0.060 
168.000 -0.061 
169.000 -0.061 
170.000 -0.061 
171.000 -0.061 
172.000 -0.061 
173.000 -0.061 
174.000 -0.061 
175.000 -0.061 
176.000 -0.061 
177.000 -0.061 
178.000 -0.061 
179.000 -0.061 
180.000 -0.062 
181.000 -0.062 
182.000 -0.062 
183.000 -0.062 
184.000 -0.062 
185.000 -0.062 
186.000 -0.062 
187.000 -0.062 
188.000 -0.062 
189.000 -0.062 
190.000 -0.062 
191.000 -0.062 
192.000 -0.063 
193.000 -0.063 
194.000 -0.063 
195.000 -0.063 
196.000 -0.063 
197.000 -0.063 
198.000 -0.063 
199.000 -0.063 
200.000 -0.063 
201.000 -0.063 
202.000 -0.063 
203.000 -0.063 
204.000 -0.064 
205.000 -0.064 
206.000 -0.064 
207.000 -0.064 
208.000 -0.064 
209.000 -0.064 
210.000 -0.064 
211.000 -0.064 
212.000 -0.064 
213.000 -0.064 
214.000 -0.064 
215.000 -0.064 
216.000 -0.065 
217.000 -0.065 
218.000 -0.065 
219.000 -0.065 
220.000 -0.065 
221.000 -0.065 
222.000 -0.065 
223.000 -0.065 
224.000 -0.065 
225.000 -0.065 
226.000 -0.065 
227.000 -0.065 
228.000 -0.066 
229.000 -0.066 
230.000 -0.066 
231.000 -0.066 
232.000 -0.066 
233.000 -0.066 
234.000 -0.066 
235.000 -0.066 
236.000 -0.066 
237.000 -0.066 
238.000 -0.066 
239.000 -0.066 
240.000 -0.066 
241.000 0.598 
242.000 -0.130 
243.000 0.143 
244.000 0.080 
245.000 0.109 
246.000 0.002 
247.000 0.044 
248.000 0.052 
249.000 0.046 
250.000 0.047 
251.000 0.068 
252.000 0.077 
253.000 0.076 
254.000 0.078 
255.000 0.078 
256.000 0.074 
257.000 0.070 
258.000 0.067 
259.000 0.065 
260.000 0.065 
261.000 0.066 
262.000 0.068 
263.000 0.070 
264.000 0.072 
265.000 0.073 
266.000 0.074 
267.000 0.074 
268.000 0.074 
269.000 0.074 
270.000 0.073 
271.000 0.073 
272.000 0.073 
273.000 0.073 
274.000 0.074 
275.000 0.075 
276.000 0.075 
277.000 0.076 
278.000 0.077 
279.000 0.077 
280.000 0.077 
281.000 0.077 
282.000 0.078 
283.000 0.078 
284.000 0.078 
285.000 0.078 
286.000 0.079 
287.000 0.079 
288.000 0.080 
289.000 0.080 
290.000 0.080 
291.000 0.081 
292.000 0.081 
293.000 0.082 
294.000 0.082 
295.000 0.082 
296.000 0.082 
297.000 0.083 
298.000 0.083 
299.000 0.084 
300.000 0.084 
301.000 0.084 
302.000 0.085 
303.000 0.085 
304.000 0.085 
305.000 0.086 
306.000 0.086 
307.000 0.086 
308.000 0.087 
309.000 0.087 
310.000 0.087 
311.000 0.088 
312.000 0.088 
313.000 0.088 
314.000 0.089 
315.000 0.089 
316.000 0.090 
317.000 0.090 
318.000 0.090 
319.000 0.091 
320.000 0.091 
321.000 0.091 
322.000 0.092 
323.000 0.092 
324.000 0.092 
325.000 0.093 
326.000 0.093 
327.000 0.093 
328.000 0.094 
329.000 0.094 
330.000 0.094 
331.000 0.095 
332.000 0.095 
333.000 0.095 
334.000 0.096 
335.000 0.096 
336.000 0.096 
337.000 0.097 
338.000 0.097 
339.000 0.098 
340.000 0.098 
341.000 0.098 
342.000 0.099 
343.000 0.099 
344.000 0.099 
345.000 0.100 
346.000 0.100 
347.000 0.100 
348.000 0.101 
349.000 0.101 
350.000 0.101 
351.000 0.102 
352.000 0.102 
353.000 0.102 
354.000 0.103 
355.000 0.103 
356.000 0.103 
357.000 0.104 
358.000 0.104 
359.000 0.104 
360.000 0.105 
361.000 0.851 
362.000 0.123 
363.000 0.429 
364.000 0.243 
365.000 0.362 
366.000 0.212 
367.000 0.233 
368.000 0.198 
369.000 0.203 
370.000 0.187 
371.000 0.220 
372.000 0.246 
373.000 0.271 
374.000 0.287 
375.000 0.301 
376.000 0.304 
377.000 0.300 
378.000 0.292 
379.000 0.282 
380.000 0.270 
381.000 0.259 
382.000 0.252 
383.000 0.250 
384.000 0.254 
385.000 0.262 
386.000 0.272 
387.000 0.283 
388.000 0.292 
389.000 0.299 
390.000 0.301 
391.000 0.301 
392.000 0.298 
393.000 0.293 
394.000 0.288 
395.000 0.284 
396.000 0.281 
397.000 0.280 
398.000 0.282 
399.000 0.286 
400.000 0.291 
401.000 0.298 
402.000 0.303 
403.000 0.308 
404.000 0.310 
405.000 0.311 
406.000 0.310 
407.000 0.308 
408.000 0.306 
409.000 0.303 
410.000 0.302 
411.000 0.301 
412.000 0.302 
413.000 0.304 
414.000 0.308 
415.000 0.312 
416.000 0.316 
417.000 0.320 
418.000 0.322 
419.000 0.324 
420.000 0.324 
421.000 0.324 
422.000 0.322 
423.000 0.321 
424.000 0.319 
425.000 0.318 
426.000 0.318 
427.000 0.319 
428.000 0.322 
429.000 0.325 
430.000 0.328 
431.000 0.332 
432.000 0.335 
433.000 0.337 
434.000 0.338 
435.000 0.339 
436.000 0.338 
437.000 0.337 
438.000 0.335 
439.000 0.334 
440.000 0.333 
441.000 0.333 
442.000 0.334 
443.000 0.336 
444.000 0.339 
445.000 0.342 
446.000 0.346 
447.000 0.349 
448.000 0.351 
449.000 0.353 
450.000 0.353 
451.000 0.352 
452.000 0.350 
453.000 0.348 
454.000 0.346 
455.000 0.345 
456.000 0.344 
457.000 0.345 
458.000 0.347 
459.000 0.350 
460.000 0.354 
461.000 0.358 
462.000 0.362 
463.000 0.365 
464.000 0.367 
465.000 0.367 
466.000 0.366 
467.000 0.364 
468.000 0.361 
469.000 0.358 
470.000 0.355 
471.000 0.353 
472.000 0.352 
473.000 0.353 
474.000 0.356 
475.000 0.361 
476.000 0.366 
477.000 0.372 
478.000 0.377 
479.000 0.381 
480.000 0.383 
481.000 0.874 
482.000 0.691 
483.000 0.717 
484.000 0.742 
485.000 0.768 
486.000 0.781 
487.000 0.790 
488.000 0.796 
489.000 0.800 
490.000 0.802 
491.000 0.801 
492.000 0.799 
493.000 0.797 
494.000 0.793 
495.000 0.790 
496.000 0.786 
497.000 0.783 
498.000 0.780 
499.000 0.777 
500.000 0.776 
501.000 0.775 
502.000 0.774 
503.000 0.774 
504.000 0.775 
505.000 0.776 
506.000 0.778 
507.000 0.780 
508.000 0.782 
509.000 0.784 
510.000 0.786 
511.000 0.788 
512.000 0.791 
513.000 0.792 
514.000 0.794 
515.000 0.796 
516.000 0.797 
517.000 0.798 
518.000 0.799 
519.000 0.800 
520.000 0.800 
521.000 0.800 
522.000 0.800 
523.000 0.800 
524.000 0.800 
525.000 0.800 
526.000 0.800 
527.000 0.800 
528.000 0.799 
529.000 0.799 
530.000 0.799 
531.000 0.799 
532.000 0.799 
533.000 0.799 
534.000 0.799 
535.000 0.799 
536.000 0.799 
537.000 0.799 
538.000 0.799 
539.000 0.799 
540.000 0.799 
541.000 0.799 
542.000 0.799 
543.000 0.799 
544.000 0.799 
545.000 0.800 
546.000 0.800 
547.000 0.800 
548.000 0.800 
549.000 0.800 
550.000 0.800 
551.000 0.800 
552.000 0.800 
553.000 0.800 
554.000 0.800 
555.000 0.800 
556.000 0.800 
557.000 0.800 
558.000 0.800 
559.000 0.800 
560.000 0.800 
561.000 0.800 
562.000 0.800 
563.000 0.800 
564.000 0.800 
565.000 0.800 
566.000 0.800 
567.000 0.800 
568.000 0.800 
569.000 0.800 
570.000 0.800 
571.000 0.800 
572.000 0.800 
573.000 0.800 
574.000 0.800 
575.000 0.800 
576.000 0.800 
577.000 0.800 
578.000 0.800 
579.000 0.800 
580.000 0.800 
581.000 0.800 
582.000 0.800 
583.000 0.800 
584.000 0.800 
585.000 0.800 
586.000 0.800 
587.000 0.800 
588.000 0.800 
589.000 0.800 
590.000 0.800 
591.000 0.800 
592.000 0.800 
593.000 0.800 
594.000 0.800 
595.000 0.800 
596.000 0.800 
597.000 0.800 
598.000 0.800 
599.000 0.800 
600.000 0.800 
601.000 1.000 
602.000 0.965 
603.000 0.984 
604.000 1.000 
605.000 1.000 
606.000 1.000 
607.000 1.000 
608.000 1.000 
609.000 1.000 
610.000 1.000 
611.000 1.000 
612.000 1.000 
613.000 1.000 
614.000 1.000 
615.000 1.000 
616.000 1.000 
617.000 1.000 
618.000 1.000 
619.000 1.000 
620.000 1.000 
621.000 1.000 
622.000 1.000 
623.000 1.000 
624.000 1.000 
625.000 1.000 
626.000 1.000 
627.000 1.000 
628.000 1.000 
629.000 1.000 
630.000 1.000 
631.000 1.000 
632.000 1.000 
633.000 1.000 
634.000 1.000 
635.000 1.000 
636.000 1.000 
637.000 1.000 
638.000 1.000 
639.000 1.000 
640.000 1.000 
641.000 1.000 
642.000 1.000 
643.000 1.000 
644.000 1.000 
645.000 1.000 
646.000 1.000 
647.000 1.000 
648.000 1.000 
649.000 1.000 
650.000 1.000 
651.000 1.000 
652.000 1.000 
653.000 1.000 
654.000 1.000 
655.000 1.000 
656.000 1.000 
657.000 1.000 
658.000 1.000 
659.000 1.000 
660.000 1.000 
661.000 1.000 
662.000 1.000 
663.000 1.000 
664.000 1.000 
665.000 1.000 
666.000 1.000 
667.000 1.000 
668.000 1.000 
669.000 1.000 
670.000 1.000 
671.000 1.000 
672.000 1.000 
673.000 1.000 
674.000 1.000 
675.000 1.000 
676.000 1.000 
677.000 1.000 
678.000 1.000 
679.000 1.000 
680.000 1.000 
681.000 1.000 
682.000 1.000 
683.000 1.000 
684.000 1.000 
685.000 1.000 
686.000 1.000 
687.000 1.000 
688.000 1.000 
689.000 1.000 
690.000 1.000 
691.000 1.000 
692.000 1.000 
693.000 1.000 
694.000 1.000 
695.000 1.000 
696.000 1.000 
697.000 1.000 
698.000 1.000 
699.000 1.000 
700.000 1.000 
701.000 1.000 
702.000 1.000 
703.000 1.000 
704.000 1.000 
705.000 1.000 
706.000 1.000 
707.000 1.000 
708.000 1.000 
709.000 1.000 
710.000 1.000 
711.000 1.000 
712.000 1.000 
713.000 1.000 
714.000 1.000 
715.000 1.000 
716.000 1.000 
717.000 1.000 
718.000 1.000 
719.000 1.000 
720.000 1.000 
721.000 1.000 
722.000 1.000 
723.000 1.000 
724.000 1.000 
725.000 1.000 
726.000 1.000 
727.000 1.000 
728.000 1.000 
729.000 1.000 
730.000 1.000 
731.000 1.000 
732.000 1.000 
733.000 1.000 
734.000 1.000 
735.000 1.000 
736.000 1.000 
737.000 1.000 
738.000 1.000 
739.000 1.000 
740.000 1.000 
741.000 1.000 
742.000 1.000 
743.000 1.000 
744.000 1.000 
745.000 1.000 
746.000 1.000 
747.000 1.000 
748.000 1.000 
749.000 1.000 
750.000 1.000 
751.000 1.000 
752.000 1.000 
753.000 1.000 
754.000 1.000 
755.000 1.000 
756.000 1.000 
757.000 1.000 
758.000 1.000 
759.000 1.000 
760.000 1.000 
761.000 1.000 
762.000 1.000 
763.000 1.000 
764.000 1.000 
765.000 1.000 
766.000 1.000 
767.000 1.000 
768.000 1.000 
769.000 1.000 
770.000 1.000 
771.000 1.000 
772.000 1.000 
773.000 1.000 
774.000 1.000 
775.000 1.000 
776.000 1.000 
777.000 1.000 
778.000 1.000 
779.000 1.000 
780.000 1.000 
781.000 1.000 
782.000 1.000 
783.000 1.000 
784.000 1.000 
785.000 1.000 
786.000 1.000 
787.000 1.000 
788.000 1.000 
789.000 1.000 
790.000 1.000 
791.000 1.000 
792.000 1.000 
793.000 1.000 
794.000 1.000 
795.000 1.000 
796.000 1.000 
797.000 1.000 
798.000 1.000 
799.000 1.000 
800.000 1.000 
