1.000 0.000 
2.000 0.000 
3.000 0.000 
4.000 0.000 
5.000 0.000 
6.000 0.000 
7.000 -0.070 
8.000 -0.070 
9.000 -0.070 
10.000 -0.071 
11.000 -0.071 
12.000 -0.069 
13.000 -0.065 
14.000 -0.061 
15.000 -0.057 
16.000 -0.055 
17.000 -0.054 
18.000 -0.054 
19.000 -0.054 
20.000 -0.055 
21.000 -0.055 
22.000 -0.056 
23.000 -0.057 
24.000 -0.058 
25.000 -0.058 
26.000 -0.059 
27.000 -0.059 
28.000 -0.059 
29.000 -0.059 
30.000 -0.059 
31.000 -0.059 
32.000 -0.059 
33.000 -0.060 
34.000 -0.060 
35.000 -0.060 
36.000 -0.060 
37.000 -0.060 
38.000 -0.061 
39.000 -0.061 
40.000 -0.061 
41.000 -0.061 
42.000 -0.062 
43.000 -0.062 
44.000 -0.062 
45.000 -0.062 
46.000 -0.062 
47.000 -0.063 
48.000 -0.063 
49.000 -0.063 
50.000 -0.063 
51.000 -0.063 
52.000 -0.064 
53.000 -0.064 
54.000 -0.064 
55.000 -0.064 
56.000 -0.064 
57.000 -0.065 
58.000 -0.065 
59.000 -0.065 
60.000 -0.065 
61.000 -0.065 
62.000 -0.066 
63.000 -0.066 
64.000 -0.066 
65.000 -0.066 
66.000 -0.066 
67.000 -0.067 
68.000 -0.067 
69.000 -0.067 
70.000 -0.067 
71.000 -0.067 
72.000 -0.068 
73.000 -0.068 
74.000 -0.068 
75.000 -0.068 
76.000 -0.068 
77.000 -0.069 
78.000 -0.069 
79.000 -0.069 
80.000 -0.069 
81.000 -0.070 
82.000 -0.070 
83.000 -0.070 
84.000 -0.070 
85.000 -0.070 
86.000 -0.071 
87.000 -0.071 
88.000 -0.071 
89.000 -0.071 
90.000 -0.071 
91.000 -0.072 
92.000 -0.072 
93.000 -0.072 
94.000 -0.072 
95.000 -0.072 
96.000 -0.073 
97.000 -0.073 
98.000 -0.073 
99.000 -0.073 
100.000 -0.073 
101.000 -0.074 
102.000 -0.074 
103.000 -0.074 
104.000 -0.074 
105.000 -0.074 
106.000 -0.074 
107.000 -0.075 
108.000 -0.075 
109.000 -0.075 
110.000 -0.075 
111.000 -0.075 
112.000 -0.076 
113.000 -0.076 
114.000 -0.076 
115.000 -0.076 
116.000 -0.076 
117.000 -0.077 
118.000 -0.077 
119.000 -0.077 
120.000 -0.077 
121.000 -0.048 
122.000 -0.048 
123.000 -0.048 
124.000 -0.048 
125.000 -0.048 
126.000 -0.048 
127.000 -0.050 
128.000 -0.052 
129.000 -0.053 
130.000 -0.054 
131.000 -0.055 
132.000 -0.055 
133.000 -0.055 
134.000 -0.055 
135.000 -0.055 
136.000 -0.055 
137.000 -0.055 
138.000 -0.055 
139.000 -0.055 
140.000 -0.055 
141.000 -0.055 
142.000 -0.055 
143.000 -0.055 
144.000 -0.055 
145.000 -0.055 
146.000 -0.055 
147.000 -0.056 
148.000 -0.056 
149.000 -0.056 
150.000 -0.056 
151.000 -0.056 
152.000 -0.056 
153.000 -0.056 
154.000 -0.056 
155.000 -0.056 
156.000 -0.056 
157.000 -0.056 
158.000 -0.057 
159.000 -0.057 
160.000 -0.057 
161.000 -0.057 
162.000 -0.057 
163.000 -0.057 
164.000 -0.057 
165.000 -0.057 
166.000 -0.057 
167.000 -0.057 
168.000 -0.057 
169.000 -0.058 
170.000 -0.058 
171.000 -0.058 
172.000 -0.058 
173.000 -0.058 
174.000 -0.058 
175.000 -0.058 
176.000 -0.058 
177.000 -0.058 
178.000 -0.058 
179.000 -0.058 
180.000 -0.059 
181.000 -0.059 
182.000 -0.059 
183.000 -0.059 
184.000 -0.059 
185.000 -0.059 
186.000 -0.059 
187.000 -0.059 
188.000 -0.059 
189.000 -0.059 
190.000 -0.059 
191.000 -0.060 
192.000 -0.060 
193.000 -0.060 
194.000 -0.060 
195.000 -0.060 
196.000 -0.060 
197.000 -0.060 
198.000 -0.060 
199.000 -0.060 
200.000 -0.060 
201.000 -0.060 
202.000 -0.060 
203.000 -0.061 
204.000 -0.061 
205.000 -0.061 
206.000 -0.061 
207.000 -0.061 
208.000 -0.061 
209.000 -0.061 
210.000 -0.061 
211.000 -0.061 
212.000 -0.061 
213.000 -0.061 
214.000 -0.062 
215.000 -0.062 
216.000 -0.062 
217.000 -0.062 
218.000 -0.062 
219.000 -0.062 
220.000 -0.062 
221.000 -0.062 
222.000 -0.062 
223.000 -0.062 
224.000 -0.062 
225.000 -0.062 
226.000 -0.063 
227.000 -0.063 
228.000 -0.063 
229.000 -0.063 
230.000 -0.063 
231.000 -0.063 
232.000 -0.063 
233.000 -0.063 
234.000 -0.063 
235.000 -0.063 
236.000 -0.063 
237.000 -0.064 
238.000 -0.064 
239.000 -0.064 
240.000 -0.064 
241.000 0.105 
242.000 0.092 
243.000 0.094 
244.000 0.095 
245.000 0.096 
246.000 0.091 
247.000 0.081 
248.000 0.071 
249.000 0.063 
250.000 0.056 
251.000 0.051 
252.000 0.049 
253.000 0.049 
254.000 0.052 
255.000 0.055 
256.000 0.059 
257.000 0.062 
258.000 0.065 
259.000 0.067 
260.000 0.069 
261.000 0.069 
262.000 0.069 
263.000 0.069 
264.000 0.068 
265.000 0.067 
266.000 0.067 
267.000 0.066 
268.000 0.066 
269.000 0.067 
270.000 0.067 
271.000 0.067 
272.000 0.068 
273.000 0.069 
274.000 0.069 
275.000 0.070 
276.000 0.070 
277.000 0.071 
278.000 0.071 
279.000 0.071 
280.000 0.072 
281.000 0.072 
282.000 0.072 
283.000 0.072 
284.000 0.073 
285.000 0.073 
286.000 0.073 
287.000 0.074 
288.000 0.074 
289.000 0.074 
290.000 0.075 
291.000 0.075 
292.000 0.075 
293.000 0.076 
294.000 0.076 
295.000 0.076 
296.000 0.077 
297.000 0.077 
298.000 0.077 
299.000 0.077 
300.000 0.078 
301.000 0.078 
302.000 0.078 
303.000 0.079 
304.000 0.079 
305.000 0.079 
306.000 0.080 
307.000 0.080 
308.000 0.080 
309.000 0.081 
310.000 0.081 
311.000 0.081 
312.000 0.081 
313.000 0.082 
314.000 0.082 
315.000 0.082 
316.000 0.083 
317.000 0.083 
318.000 0.083 
319.000 0.084 
320.000 0.084 
321.000 0.084 
322.000 0.084 
323.000 0.085 
324.000 0.085 
325.000 0.085 
326.000 0.086 
327.000 0.086 
328.000 0.086 
329.000 0.086 
330.000 0.087 
331.000 0.087 
332.000 0.087 
333.000 0.088 
334.000 0.088 
335.000 0.088 
336.000 0.089 
337.000 0.089 
338.000 0.089 
339.000 0.089 
340.000 0.090 
341.000 0.090 
342.000 0.090 
343.000 0.091 
344.000 0.091 
345.000 0.091 
346.000 0.091 
347.000 0.092 
348.000 0.092 
349.000 0.092 
350.000 0.093 
351.000 0.093 
352.000 0.093 
353.000 0.093 
354.000 0.094 
355.000 0.094 
356.000 0.094 
357.000 0.094 
358.000 0.095 
359.000 0.095 
360.000 0.095 
361.000 0.396 
362.000 0.301 
363.000 0.332 
364.000 0.325 
365.000 0.329 
366.000 0.314 
367.000 0.292 
368.000 0.269 
369.000 0.245 
370.000 0.223 
371.000 0.205 
372.000 0.194 
373.000 0.192 
374.000 0.199 
375.000 0.212 
376.000 0.229 
377.000 0.247 
378.000 0.263 
379.000 0.276 
380.000 0.285 
381.000 0.289 
382.000 0.289 
383.000 0.285 
384.000 0.278 
385.000 0.270 
386.000 0.261 
387.000 0.253 
388.000 0.247 
389.000 0.243 
390.000 0.242 
391.000 0.243 
392.000 0.247 
393.000 0.253 
394.000 0.260 
395.000 0.267 
396.000 0.273 
397.000 0.277 
398.000 0.280 
399.000 0.281 
400.000 0.280 
401.000 0.279 
402.000 0.276 
403.000 0.273 
404.000 0.269 
405.000 0.267 
406.000 0.265 
407.000 0.265 
408.000 0.265 
409.000 0.267 
410.000 0.269 
411.000 0.272 
412.000 0.275 
413.000 0.278 
414.000 0.281 
415.000 0.283 
416.000 0.284 
417.000 0.284 
418.000 0.284 
419.000 0.283 
420.000 0.282 
421.000 0.281 
422.000 0.280 
423.000 0.279 
424.000 0.279 
425.000 0.279 
426.000 0.280 
427.000 0.282 
428.000 0.283 
429.000 0.285 
430.000 0.286 
431.000 0.288 
432.000 0.289 
433.000 0.290 
434.000 0.291 
435.000 0.291 
436.000 0.291 
437.000 0.291 
438.000 0.291 
439.000 0.290 
440.000 0.290 
441.000 0.290 
442.000 0.291 
443.000 0.291 
444.000 0.292 
445.000 0.293 
446.000 0.294 
447.000 0.295 
448.000 0.296 
449.000 0.297 
450.000 0.298 
451.000 0.298 
452.000 0.299 
453.000 0.299 
454.000 0.299 
455.000 0.299 
456.000 0.300 
457.000 0.300 
458.000 0.300 
459.000 0.300 
460.000 0.301 
461.000 0.301 
462.000 0.302 
463.000 0.302 
464.000 0.303 
465.000 0.304 
466.000 0.305 
467.000 0.305 
468.000 0.306 
469.000 0.307 
470.000 0.307 
471.000 0.307 
472.000 0.308 
473.000 0.308 
474.000 0.308 
475.000 0.308 
476.000 0.309 
477.000 0.309 
478.000 0.309 
479.000 0.310 
480.000 0.310 
481.000 1.000 
482.000 1.000 
483.000 1.000 
484.000 1.000 
485.000 1.000 
486.000 1.000 
487.000 0.953 
488.000 0.858 
489.000 0.750 
490.000 0.638 
491.000 0.525 
492.000 0.431 
493.000 0.335 
494.000 0.253 
495.000 0.211 
496.000 0.238 
497.000 0.343 
498.000 0.500 
499.000 0.653 
500.000 0.778 
501.000 0.908 
502.000 1.000 
503.000 1.000 
504.000 1.000 
505.000 1.000 
506.000 1.000 
507.000 0.954 
508.000 0.859 
509.000 0.755 
510.000 0.647 
511.000 0.541 
512.000 0.444 
513.000 0.346 
514.000 0.264 
515.000 0.222 
516.000 0.252 
517.000 0.364 
518.000 0.533 
519.000 0.697 
520.000 0.839 
521.000 0.972 
522.000 1.000 
523.000 1.000 
524.000 1.000 
525.000 1.000 
526.000 1.000 
527.000 1.000 
528.000 0.906 
529.000 0.802 
530.000 0.695 
531.000 0.591 
532.000 0.492 
533.000 0.386 
534.000 0.287 
535.000 0.220 
536.000 0.218 
537.000 0.307 
538.000 0.479 
539.000 0.678 
540.000 0.841 
541.000 0.993 
542.000 1.000 
543.000 1.000 
544.000 1.000 
545.000 1.000 
546.000 1.000 
547.000 1.000 
548.000 1.000 
549.000 0.899 
550.000 0.792 
551.000 0.687 
552.000 0.587 
553.000 0.490 
554.000 0.380 
555.000 0.277 
556.000 0.211 
557.000 0.219 
558.000 0.326 
559.000 0.523 
560.000 0.741 
561.000 0.915 
562.000 1.000 
563.000 1.000 
564.000 1.000 
565.000 1.000 
566.000 1.000 
567.000 1.000 
568.000 1.000 
569.000 1.000 
570.000 0.943 
571.000 0.836 
572.000 0.732 
573.000 0.634 
574.000 0.542 
575.000 0.441 
576.000 0.333 
577.000 0.247 
578.000 0.221 
579.000 0.289 
580.000 0.460 
581.000 0.689 
582.000 0.884 
583.000 1.000 
584.000 1.000 
585.000 1.000 
586.000 1.000 
587.000 1.000 
588.000 1.000 
589.000 1.000 
590.000 1.000 
591.000 1.000 
592.000 0.920 
593.000 0.817 
594.000 0.718 
595.000 0.625 
596.000 0.541 
597.000 0.442 
598.000 0.338 
599.000 0.261 
600.000 0.251 
601.000 1.000 
602.000 1.000 
603.000 1.000 
604.000 1.000 
605.000 1.000 
606.000 1.000 
607.000 1.000 
608.000 1.000 
609.000 1.000 
610.000 1.000 
611.000 1.000 
612.000 1.000 
613.000 1.000 
614.000 1.000 
615.000 1.000 
616.000 1.000 
617.000 1.000 
618.000 1.000 
619.000 1.000 
620.000 0.978 
621.000 0.943 
622.000 0.914 
623.000 0.890 
624.000 0.871 
625.000 0.859 
626.000 0.855 
627.000 0.861 
628.000 0.878 
629.000 0.903 
630.000 0.934 
631.000 0.970 
632.000 1.000 
633.000 1.000 
634.000 1.000 
635.000 1.000 
636.000 1.000 
637.000 1.000 
638.000 1.000 
639.000 1.000 
640.000 1.000 
641.000 1.000 
642.000 1.000 
643.000 0.991 
644.000 0.973 
645.000 0.956 
646.000 0.941 
647.000 0.928 
648.000 0.918 
649.000 0.911 
650.000 0.910 
651.000 0.915 
652.000 0.925 
653.000 0.940 
654.000 0.958 
655.000 0.978 
656.000 0.998 
657.000 1.000 
658.000 1.000 
659.000 1.000 
660.000 1.000 
661.000 1.000 
662.000 1.000 
663.000 1.000 
664.000 1.000 
665.000 1.000 
666.000 0.988 
667.000 0.976 
668.000 0.964 
669.000 0.953 
670.000 0.944 
671.000 0.936 
672.000 0.933 
673.000 0.933 
674.000 0.937 
675.000 0.945 
676.000 0.956 
677.000 0.970 
678.000 0.985 
679.000 1.000 
680.000 1.000 
681.000 1.000 
682.000 1.000 
683.000 1.000 
684.000 1.000 
685.000 1.000 
686.000 1.000 
687.000 1.000 
688.000 0.997 
689.000 0.987 
690.000 0.978 
691.000 0.969 
692.000 0.961 
693.000 0.954 
694.000 0.949 
695.000 0.947 
696.000 0.948 
697.000 0.953 
698.000 0.960 
699.000 0.969 
700.000 0.980 
701.000 0.992 
702.000 1.000 
703.000 1.000 
704.000 1.000 
705.000 1.000 
706.000 1.000 
707.000 1.000 
708.000 1.000 
709.000 1.000 
710.000 1.000 
711.000 0.995 
712.000 0.987 
713.000 0.980 
714.000 0.973 
715.000 0.967 
716.000 0.962 
717.000 0.959 
718.000 0.958 
719.000 0.960 
720.000 0.964 
721.000 0.971 
722.000 0.979 
723.000 0.988 
724.000 0.997 
725.000 1.000 
726.000 1.000 
727.000 1.000 
728.000 1.000 
729.000 1.000 
730.000 1.000 
731.000 1.000 
732.000 1.000 
733.000 1.000 
734.000 0.994 
735.000 0.988 
736.000 0.982 
737.000 0.977 
738.000 0.972 
739.000 0.969 
740.000 0.967 
741.000 0.967 
742.000 0.969 
743.000 0.973 
744.000 0.979 
745.000 0.985 
746.000 0.993 
747.000 1.000 
748.000 1.000 
749.000 1.000 
750.000 1.000 
751.000 1.000 
752.000 1.000 
753.000 1.000 
754.000 1.000 
755.000 1.000 
756.000 0.998 
757.000 0.994 
758.000 0.989 
759.000 0.985 
760.000 0.981 
761.000 0.977 
762.000 0.975 
763.000 0.974 
764.000 0.975 
765.000 0.977 
766.000 0.980 
767.000 0.985 
768.000 0.990 
769.000 0.996 
770.000 1.000 
771.000 1.000 
772.000 1.000 
773.000 1.000 
774.000 1.000 
775.000 1.000 
776.000 1.000 
777.000 1.000 
778.000 1.000 
779.000 0.997 
780.000 0.994 
781.000 0.990 
782.000 0.987 
783.000 0.984 
784.000 0.981 
785.000 0.980 
786.000 0.980 
787.000 0.980 
788.000 0.982 
789.000 0.986 
790.000 0.989 
791.000 0.994 
792.000 0.998 
793.000 1.000 
794.000 1.000 
795.000 1.000 
796.000 1.000 
797.000 1.000 
798.000 1.000 
799.000 1.000 
800.000 1.000 
