1.000 0.000 
2.000 0.000 
3.000 0.000 
4.000 0.000 
5.000 0.000 
6.000 0.000 
7.000 -0.814 
8.000 -0.432 
9.000 -0.434 
10.000 -0.436 
11.000 -0.439 
12.000 -0.227 
13.000 -0.082 
14.000 -0.089 
15.000 -0.087 
16.000 -0.084 
17.000 -0.077 
18.000 -0.126 
19.000 -0.201 
20.000 -0.247 
21.000 -0.275 
22.000 -0.294 
23.000 -0.294 
24.000 -0.267 
25.000 -0.228 
26.000 -0.197 
27.000 -0.175 
28.000 -0.161 
29.000 -0.155 
30.000 -0.160 
31.000 -0.174 
32.000 -0.191 
33.000 -0.208 
34.000 -0.222 
35.000 -0.231 
36.000 -0.233 
37.000 -0.229 
38.000 -0.221 
39.000 -0.212 
40.000 -0.204 
41.000 -0.198 
42.000 -0.195 
43.000 -0.195 
44.000 -0.198 
45.000 -0.203 
46.000 -0.209 
47.000 -0.214 
48.000 -0.218 
49.000 -0.220 
50.000 -0.220 
51.000 -0.219 
52.000 -0.217 
53.000 -0.214 
54.000 -0.213 
55.000 -0.212 
56.000 -0.212 
57.000 -0.212 
58.000 -0.214 
59.000 -0.216 
60.000 -0.218 
61.000 -0.219 
62.000 -0.220 
63.000 -0.221 
64.000 -0.221 
65.000 -0.221 
66.000 -0.221 
67.000 -0.221 
68.000 -0.221 
69.000 -0.221 
70.000 -0.222 
71.000 -0.222 
72.000 -0.223 
73.000 -0.224 
74.000 -0.225 
75.000 -0.225 
76.000 -0.226 
77.000 -0.227 
78.000 -0.227 
79.000 -0.227 
80.000 -0.228 
81.000 -0.228 
82.000 -0.228 
83.000 -0.229 
84.000 -0.229 
85.000 -0.230 
86.000 -0.230 
87.000 -0.231 
88.000 -0.231 
89.000 -0.232 
90.000 -0.233 
91.000 -0.233 
92.000 -0.233 
93.000 -0.234 
94.000 -0.234 
95.000 -0.235 
96.000 -0.235 
97.000 -0.236 
98.000 -0.236 
99.000 -0.237 
100.000 -0.237 
101.000 -0.238 
102.000 -0.238 
103.000 -0.239 
104.000 -0.239 
105.000 -0.240 
106.000 -0.240 
107.000 -0.241 
108.000 -0.241 
109.000 -0.242 
110.000 -0.242 
111.000 -0.243 
112.000 -0.243 
113.000 -0.243 
114.000 -0.244 
115.000 -0.244 
116.000 -0.245 
117.000 -0.245 
118.000 -0.246 
119.000 -0.246 
120.000 -0.247 
121.000 0.102 
122.000 -0.057 
123.000 -0.062 
124.000 -0.062 
125.000 -0.061 
126.000 -0.097 
127.000 -0.205 
128.000 -0.226 
129.000 -0.235 
130.000 -0.238 
131.000 -0.228 
132.000 -0.188 
133.000 -0.137 
134.000 -0.105 
135.000 -0.087 
136.000 -0.078 
137.000 -0.078 
138.000 -0.093 
139.000 -0.120 
140.000 -0.149 
141.000 -0.175 
142.000 -0.193 
143.000 -0.200 
144.000 -0.193 
145.000 -0.175 
146.000 -0.152 
147.000 -0.131 
148.000 -0.115 
149.000 -0.105 
150.000 -0.104 
151.000 -0.110 
152.000 -0.123 
153.000 -0.139 
154.000 -0.155 
155.000 -0.168 
156.000 -0.174 
157.000 -0.173 
158.000 -0.166 
159.000 -0.155 
160.000 -0.142 
161.000 -0.131 
162.000 -0.124 
163.000 -0.121 
164.000 -0.123 
165.000 -0.129 
166.000 -0.138 
167.000 -0.147 
168.000 -0.155 
169.000 -0.160 
170.000 -0.161 
171.000 -0.159 
172.000 -0.154 
173.000 -0.147 
174.000 -0.140 
175.000 -0.135 
176.000 -0.133 
177.000 -0.133 
178.000 -0.135 
179.000 -0.139 
180.000 -0.145 
181.000 -0.149 
182.000 -0.153 
183.000 -0.155 
184.000 -0.154 
185.000 -0.152 
186.000 -0.149 
187.000 -0.145 
188.000 -0.142 
189.000 -0.140 
190.000 -0.139 
191.000 -0.140 
192.000 -0.142 
193.000 -0.145 
194.000 -0.147 
195.000 -0.150 
196.000 -0.151 
197.000 -0.152 
198.000 -0.151 
199.000 -0.149 
200.000 -0.147 
201.000 -0.145 
202.000 -0.144 
203.000 -0.143 
204.000 -0.144 
205.000 -0.144 
206.000 -0.146 
207.000 -0.147 
208.000 -0.149 
209.000 -0.150 
210.000 -0.150 
211.000 -0.150 
212.000 -0.150 
213.000 -0.149 
214.000 -0.148 
215.000 -0.147 
216.000 -0.146 
217.000 -0.146 
218.000 -0.147 
219.000 -0.147 
220.000 -0.148 
221.000 -0.149 
222.000 -0.150 
223.000 -0.150 
224.000 -0.150 
225.000 -0.150 
226.000 -0.150 
227.000 -0.149 
228.000 -0.149 
229.000 -0.148 
230.000 -0.148 
231.000 -0.148 
232.000 -0.149 
233.000 -0.149 
234.000 -0.150 
235.000 -0.150 
236.000 -0.150 
237.000 -0.151 
238.000 -0.151 
239.000 -0.150 
240.000 -0.150 
241.000 1.000 
242.000 0.078 
243.000 0.798 
244.000 0.081 
245.000 0.803 
246.000 -0.038 
247.000 -0.024 
248.000 -0.670 
249.000 -0.714 
250.000 -1.000 
251.000 -0.822 
252.000 -0.225 
253.000 0.491 
254.000 0.280 
255.000 0.604 
256.000 0.145 
257.000 0.793 
258.000 0.093 
259.000 0.484 
260.000 -0.096 
261.000 -0.287 
262.000 -0.943 
263.000 -0.926 
264.000 -1.000 
265.000 -0.492 
266.000 0.252 
267.000 0.505 
268.000 0.301 
269.000 0.578 
270.000 0.178 
271.000 0.745 
272.000 0.038 
273.000 0.272 
274.000 -0.243 
275.000 -0.548 
276.000 -1.000 
277.000 -0.917 
278.000 -0.785 
279.000 -0.003 
280.000 0.592 
281.000 0.182 
282.000 0.748 
283.000 0.154 
284.000 0.787 
285.000 0.081 
286.000 0.467 
287.000 -0.123 
288.000 -0.435 
289.000 -1.000 
290.000 -1.000 
291.000 -1.000 
292.000 -0.429 
293.000 0.377 
294.000 0.425 
295.000 0.421 
296.000 0.418 
297.000 0.416 
298.000 0.407 
299.000 0.261 
300.000 0.080 
301.000 -0.317 
302.000 -0.823 
303.000 -1.000 
304.000 -1.000 
305.000 -0.853 
306.000 0.092 
307.000 0.619 
308.000 0.191 
309.000 0.739 
310.000 0.167 
311.000 0.776 
312.000 0.089 
313.000 0.470 
314.000 -0.119 
315.000 -0.449 
316.000 -1.000 
317.000 -1.000 
318.000 -1.000 
319.000 -0.438 
320.000 0.395 
321.000 0.422 
322.000 0.433 
323.000 0.409 
324.000 0.435 
325.000 0.386 
326.000 0.297 
327.000 0.074 
328.000 -0.306 
329.000 -0.826 
330.000 -1.000 
331.000 -1.000 
332.000 -0.875 
333.000 0.088 
334.000 0.637 
335.000 0.202 
336.000 0.728 
337.000 0.178 
338.000 0.765 
339.000 0.099 
340.000 0.473 
341.000 -0.110 
342.000 -0.447 
343.000 -1.000 
344.000 -1.000 
345.000 -1.000 
346.000 -0.456 
347.000 0.401 
348.000 0.429 
349.000 0.432 
350.000 0.418 
351.000 0.429 
352.000 0.402 
353.000 0.292 
354.000 0.092 
355.000 -0.287 
356.000 -0.810 
357.000 -1.000 
358.000 -1.000 
359.000 -0.905 
360.000 0.066 
361.000 1.000 
362.000 0.443 
363.000 0.583 
364.000 0.442 
365.000 0.601 
366.000 0.311 
367.000 0.559 
368.000 0.112 
369.000 0.535 
370.000 -0.080 
371.000 -0.150 
372.000 -0.471 
373.000 0.123 
374.000 0.131 
375.000 0.841 
376.000 0.413 
377.000 0.635 
378.000 0.487 
379.000 0.543 
380.000 0.376 
381.000 0.489 
382.000 0.249 
383.000 0.339 
384.000 -0.027 
385.000 -0.219 
386.000 -0.457 
387.000 -0.193 
388.000 0.048 
389.000 0.943 
390.000 0.450 
391.000 0.627 
392.000 0.508 
393.000 0.567 
394.000 0.392 
395.000 0.482 
396.000 0.276 
397.000 0.338 
398.000 -0.031 
399.000 -0.285 
400.000 -0.522 
401.000 -0.302 
402.000 -0.054 
403.000 1.000 
404.000 0.489 
405.000 0.623 
406.000 0.535 
407.000 0.572 
408.000 0.422 
409.000 0.458 
410.000 0.325 
411.000 0.293 
412.000 -0.040 
413.000 -0.372 
414.000 -0.580 
415.000 -0.446 
416.000 -0.106 
417.000 1.000 
418.000 0.532 
419.000 0.619 
420.000 0.559 
421.000 0.581 
422.000 0.448 
423.000 0.444 
424.000 0.362 
425.000 0.282 
426.000 -0.033 
427.000 -0.425 
428.000 -0.624 
429.000 -0.552 
430.000 -0.184 
431.000 1.000 
432.000 0.563 
433.000 0.624 
434.000 0.585 
435.000 0.587 
436.000 0.477 
437.000 0.430 
438.000 0.398 
439.000 0.268 
440.000 -0.024 
441.000 -0.477 
442.000 -0.666 
443.000 -0.653 
444.000 -0.249 
445.000 0.992 
446.000 0.593 
447.000 0.631 
448.000 0.610 
449.000 0.600 
450.000 0.498 
451.000 0.427 
452.000 0.417 
453.000 0.269 
454.000 -0.023 
455.000 -0.531 
456.000 -0.726 
457.000 -0.743 
458.000 -0.329 
459.000 0.958 
460.000 0.622 
461.000 0.654 
462.000 0.635 
463.000 0.621 
464.000 0.534 
465.000 0.416 
466.000 0.449 
467.000 0.256 
468.000 -0.025 
469.000 -0.620 
470.000 -0.813 
471.000 -0.880 
472.000 -0.421 
473.000 0.932 
474.000 0.655 
475.000 0.682 
476.000 0.661 
477.000 0.643 
478.000 0.570 
479.000 0.406 
480.000 0.476 
481.000 1.000 
482.000 0.967 
483.000 0.921 
484.000 0.967 
485.000 1.000 
486.000 0.884 
487.000 0.714 
488.000 0.574 
489.000 0.465 
490.000 0.462 
491.000 0.399 
492.000 0.490 
493.000 0.469 
494.000 0.647 
495.000 0.733 
496.000 0.928 
497.000 1.000 
498.000 1.000 
499.000 1.000 
500.000 1.000 
501.000 0.955 
502.000 0.801 
503.000 0.645 
504.000 0.500 
505.000 0.473 
506.000 0.419 
507.000 0.415 
508.000 0.472 
509.000 0.605 
510.000 0.698 
511.000 0.905 
512.000 1.000 
513.000 1.000 
514.000 1.000 
515.000 1.000 
516.000 1.000 
517.000 0.915 
518.000 0.757 
519.000 0.610 
520.000 0.474 
521.000 0.488 
522.000 0.403 
523.000 0.380 
524.000 0.544 
525.000 0.642 
526.000 0.796 
527.000 1.000 
528.000 1.000 
529.000 1.000 
530.000 1.000 
531.000 1.000 
532.000 1.000 
533.000 0.905 
534.000 0.753 
535.000 0.611 
536.000 0.482 
537.000 0.491 
538.000 0.378 
539.000 0.356 
540.000 0.545 
541.000 0.682 
542.000 0.844 
543.000 1.000 
544.000 1.000 
545.000 1.000 
546.000 1.000 
547.000 1.000 
548.000 1.000 
549.000 0.959 
550.000 0.807 
551.000 0.666 
552.000 0.537 
553.000 0.483 
554.000 0.422 
555.000 0.319 
556.000 0.403 
557.000 0.726 
558.000 0.807 
559.000 1.000 
560.000 1.000 
561.000 1.000 
562.000 1.000 
563.000 1.000 
564.000 1.000 
565.000 1.000 
566.000 0.909 
567.000 0.764 
568.000 0.632 
569.000 0.513 
570.000 0.493 
571.000 0.360 
572.000 0.280 
573.000 0.466 
574.000 0.763 
575.000 0.901 
576.000 1.000 
577.000 1.000 
578.000 1.000 
579.000 1.000 
580.000 1.000 
581.000 1.000 
582.000 1.000 
583.000 0.947 
584.000 0.803 
585.000 0.671 
586.000 0.554 
587.000 0.492 
588.000 0.380 
589.000 0.248 
590.000 0.307 
591.000 0.798 
592.000 0.880 
593.000 1.000 
594.000 1.000 
595.000 1.000 
596.000 1.000 
597.000 1.000 
598.000 1.000 
599.000 1.000 
600.000 1.000 
601.000 1.000 
602.000 1.000 
603.000 1.000 
604.000 1.000 
605.000 1.000 
606.000 1.000 
607.000 1.000 
608.000 1.000 
609.000 0.993 
610.000 0.960 
611.000 0.935 
612.000 0.915 
613.000 0.900 
614.000 0.892 
615.000 0.901 
616.000 0.927 
617.000 0.965 
618.000 1.000 
619.000 1.000 
620.000 1.000 
621.000 1.000 
622.000 1.000 
623.000 1.000 
624.000 1.000 
625.000 1.000 
626.000 1.000 
627.000 1.000 
628.000 1.000 
629.000 0.998 
630.000 0.985 
631.000 0.973 
632.000 0.963 
633.000 0.955 
634.000 0.949 
635.000 0.950 
636.000 0.958 
637.000 0.971 
638.000 0.989 
639.000 1.000 
640.000 1.000 
641.000 1.000 
642.000 1.000 
643.000 1.000 
644.000 1.000 
645.000 1.000 
646.000 1.000 
647.000 1.000 
648.000 0.996 
649.000 0.987 
650.000 0.980 
651.000 0.973 
652.000 0.968 
653.000 0.965 
654.000 0.967 
655.000 0.973 
656.000 0.983 
657.000 0.995 
658.000 1.000 
659.000 1.000 
660.000 1.000 
661.000 1.000 
662.000 1.000 
663.000 1.000 
664.000 1.000 
665.000 1.000 
666.000 0.999 
667.000 0.993 
668.000 0.987 
669.000 0.982 
670.000 0.978 
671.000 0.974 
672.000 0.974 
673.000 0.977 
674.000 0.984 
675.000 0.992 
676.000 1.000 
677.000 1.000 
678.000 1.000 
679.000 1.000 
680.000 1.000 
681.000 1.000 
682.000 1.000 
683.000 1.000 
684.000 1.000 
685.000 0.996 
686.000 0.992 
687.000 0.988 
688.000 0.984 
689.000 0.981 
690.000 0.980 
691.000 0.982 
692.000 0.986 
693.000 0.992 
694.000 0.999 
695.000 1.000 
696.000 1.000 
697.000 1.000 
698.000 1.000 
699.000 1.000 
700.000 1.000 
701.000 1.000 
702.000 1.000 
703.000 0.998 
704.000 0.995 
705.000 0.992 
706.000 0.989 
707.000 0.987 
708.000 0.985 
709.000 0.986 
710.000 0.988 
711.000 0.992 
712.000 0.997 
713.000 1.000 
714.000 1.000 
715.000 1.000 
716.000 1.000 
717.000 1.000 
718.000 1.000 
719.000 1.000 
720.000 1.000 
721.000 1.000 
722.000 0.997 
723.000 0.994 
724.000 0.992 
725.000 0.990 
726.000 0.989 
727.000 0.989 
728.000 0.990 
729.000 0.993 
730.000 0.997 
731.000 1.000 
732.000 1.000 
733.000 1.000 
734.000 1.000 
735.000 1.000 
736.000 1.000 
737.000 1.000 
738.000 1.000 
739.000 1.000 
740.000 0.998 
741.000 0.996 
742.000 0.995 
743.000 0.993 
744.000 0.992 
745.000 0.992 
746.000 0.992 
747.000 0.994 
748.000 0.996 
749.000 1.000 
750.000 1.000 
751.000 1.000 
752.000 1.000 
753.000 1.000 
754.000 1.000 
755.000 1.000 
756.000 1.000 
757.000 1.000 
758.000 0.999 
759.000 0.998 
760.000 0.996 
761.000 0.995 
762.000 0.994 
763.000 0.994 
764.000 0.994 
765.000 0.995 
766.000 0.997 
767.000 0.999 
768.000 1.000 
769.000 1.000 
770.000 1.000 
771.000 1.000 
772.000 1.000 
773.000 1.000 
774.000 1.000 
775.000 1.000 
776.000 1.000 
777.000 0.999 
778.000 0.998 
779.000 0.997 
780.000 0.996 
781.000 0.995 
782.000 0.995 
783.000 0.996 
784.000 0.997 
785.000 0.999 
786.000 1.000 
787.000 1.000 
788.000 1.000 
789.000 1.000 
790.000 1.000 
791.000 1.000 
792.000 1.000 
793.000 1.000 
794.000 1.000 
795.000 0.999 
796.000 0.998 
797.000 0.998 
798.000 0.997 
799.000 0.997 
800.000 0.996 
