1.000 0.000 
2.000 0.000 
3.000 0.000 
4.000 0.000 
5.000 0.000 
6.000 0.000 
7.000 -0.794 
8.000 -0.438 
9.000 -0.440 
10.000 -0.442 
11.000 -0.444 
12.000 -0.242 
13.000 -0.098 
14.000 -0.096 
15.000 -0.090 
16.000 -0.085 
17.000 -0.078 
18.000 -0.121 
19.000 -0.191 
20.000 -0.238 
21.000 -0.270 
22.000 -0.292 
23.000 -0.296 
24.000 -0.273 
25.000 -0.237 
26.000 -0.206 
27.000 -0.183 
28.000 -0.167 
29.000 -0.159 
30.000 -0.161 
31.000 -0.172 
32.000 -0.188 
33.000 -0.204 
34.000 -0.219 
35.000 -0.229 
36.000 -0.234 
37.000 -0.232 
38.000 -0.225 
39.000 -0.217 
40.000 -0.209 
41.000 -0.202 
42.000 -0.198 
43.000 -0.197 
44.000 -0.199 
45.000 -0.203 
46.000 -0.208 
47.000 -0.213 
48.000 -0.218 
49.000 -0.220 
50.000 -0.221 
51.000 -0.221 
52.000 -0.219 
53.000 -0.217 
54.000 -0.216 
55.000 -0.214 
56.000 -0.214 
57.000 -0.214 
58.000 -0.215 
59.000 -0.217 
60.000 -0.219 
61.000 -0.220 
62.000 -0.222 
63.000 -0.223 
64.000 -0.223 
65.000 -0.223 
66.000 -0.223 
67.000 -0.223 
68.000 -0.223 
69.000 -0.223 
70.000 -0.223 
71.000 -0.224 
72.000 -0.225 
73.000 -0.225 
74.000 -0.226 
75.000 -0.227 
76.000 -0.228 
77.000 -0.228 
78.000 -0.229 
79.000 -0.229 
80.000 -0.230 
81.000 -0.230 
82.000 -0.230 
83.000 -0.231 
84.000 -0.231 
85.000 -0.232 
86.000 -0.232 
87.000 -0.233 
88.000 -0.233 
89.000 -0.234 
90.000 -0.234 
91.000 -0.235 
92.000 -0.235 
93.000 -0.236 
94.000 -0.236 
95.000 -0.237 
96.000 -0.237 
97.000 -0.238 
98.000 -0.238 
99.000 -0.239 
100.000 -0.239 
101.000 -0.240 
102.000 -0.240 
103.000 -0.241 
104.000 -0.241 
105.000 -0.242 
106.000 -0.242 
107.000 -0.243 
108.000 -0.243 
109.000 -0.243 
110.000 -0.244 
111.000 -0.244 
112.000 -0.245 
113.000 -0.245 
114.000 -0.246 
115.000 -0.246 
116.000 -0.247 
117.000 -0.247 
118.000 -0.248 
119.000 -0.248 
120.000 -0.249 
121.000 0.091 
122.000 -0.058 
123.000 -0.062 
124.000 -0.061 
125.000 -0.061 
126.000 -0.093 
127.000 -0.197 
128.000 -0.222 
129.000 -0.234 
130.000 -0.239 
131.000 -0.232 
132.000 -0.195 
133.000 -0.145 
134.000 -0.112 
135.000 -0.092 
136.000 -0.081 
137.000 -0.078 
138.000 -0.090 
139.000 -0.115 
140.000 -0.143 
141.000 -0.170 
142.000 -0.190 
143.000 -0.200 
144.000 -0.196 
145.000 -0.180 
146.000 -0.159 
147.000 -0.138 
148.000 -0.120 
149.000 -0.109 
150.000 -0.105 
151.000 -0.109 
152.000 -0.120 
153.000 -0.134 
154.000 -0.150 
155.000 -0.164 
156.000 -0.173 
157.000 -0.174 
158.000 -0.169 
159.000 -0.160 
160.000 -0.148 
161.000 -0.137 
162.000 -0.128 
163.000 -0.123 
164.000 -0.123 
165.000 -0.127 
166.000 -0.135 
167.000 -0.144 
168.000 -0.152 
169.000 -0.158 
170.000 -0.161 
171.000 -0.161 
172.000 -0.157 
173.000 -0.151 
174.000 -0.144 
175.000 -0.139 
176.000 -0.135 
177.000 -0.134 
178.000 -0.135 
179.000 -0.138 
180.000 -0.142 
181.000 -0.147 
182.000 -0.152 
183.000 -0.154 
184.000 -0.155 
185.000 -0.154 
186.000 -0.151 
187.000 -0.148 
188.000 -0.145 
189.000 -0.142 
190.000 -0.140 
191.000 -0.140 
192.000 -0.141 
193.000 -0.144 
194.000 -0.146 
195.000 -0.149 
196.000 -0.151 
197.000 -0.152 
198.000 -0.152 
199.000 -0.151 
200.000 -0.149 
201.000 -0.148 
202.000 -0.146 
203.000 -0.145 
204.000 -0.144 
205.000 -0.145 
206.000 -0.146 
207.000 -0.147 
208.000 -0.148 
209.000 -0.150 
210.000 -0.151 
211.000 -0.151 
212.000 -0.151 
213.000 -0.150 
214.000 -0.149 
215.000 -0.148 
216.000 -0.148 
217.000 -0.147 
218.000 -0.147 
219.000 -0.148 
220.000 -0.148 
221.000 -0.149 
222.000 -0.150 
223.000 -0.150 
224.000 -0.151 
225.000 -0.151 
226.000 -0.151 
227.000 -0.150 
228.000 -0.150 
229.000 -0.149 
230.000 -0.149 
231.000 -0.149 
232.000 -0.149 
233.000 -0.149 
234.000 -0.150 
235.000 -0.150 
236.000 -0.151 
237.000 -0.151 
238.000 -0.151 
239.000 -0.151 
240.000 -0.151 
241.000 1.000 
242.000 0.077 
243.000 0.811 
244.000 0.080 
245.000 0.815 
246.000 -0.044 
247.000 0.003 
248.000 -0.646 
249.000 -0.713 
250.000 -1.000 
251.000 -0.840 
252.000 -0.288 
253.000 0.436 
254.000 0.339 
255.000 0.525 
256.000 0.256 
257.000 0.635 
258.000 0.103 
259.000 0.523 
260.000 -0.085 
261.000 -0.335 
262.000 -0.936 
263.000 -0.893 
264.000 -1.000 
265.000 -0.554 
266.000 0.226 
267.000 0.520 
268.000 0.282 
269.000 0.605 
270.000 0.148 
271.000 0.791 
272.000 0.040 
273.000 0.335 
274.000 -0.202 
275.000 -0.469 
276.000 -1.000 
277.000 -0.916 
278.000 -0.885 
279.000 -0.143 
280.000 0.493 
281.000 0.302 
282.000 0.585 
283.000 0.181 
284.000 0.749 
285.000 0.104 
286.000 0.517 
287.000 -0.091 
288.000 -0.291 
289.000 -0.936 
290.000 -0.934 
291.000 -1.000 
292.000 -0.551 
293.000 0.221 
294.000 0.540 
295.000 0.271 
296.000 0.628 
297.000 0.162 
298.000 0.775 
299.000 0.052 
300.000 0.355 
301.000 -0.185 
302.000 -0.483 
303.000 -1.000 
304.000 -0.938 
305.000 -0.933 
306.000 -0.181 
307.000 0.497 
308.000 0.314 
309.000 0.576 
310.000 0.208 
311.000 0.716 
312.000 0.121 
313.000 0.537 
314.000 -0.078 
315.000 -0.285 
316.000 -0.926 
317.000 -0.943 
318.000 -1.000 
319.000 -0.596 
320.000 0.208 
321.000 0.563 
322.000 0.252 
323.000 0.660 
324.000 0.174 
325.000 0.763 
326.000 0.067 
327.000 0.393 
328.000 -0.158 
329.000 -0.482 
330.000 -1.000 
331.000 -0.966 
332.000 -1.000 
333.000 -0.263 
334.000 0.475 
335.000 0.352 
336.000 0.533 
337.000 0.281 
338.000 0.621 
339.000 0.142 
340.000 0.561 
341.000 -0.062 
342.000 -0.300 
343.000 -0.909 
344.000 -0.932 
345.000 -1.000 
346.000 -0.643 
347.000 0.207 
348.000 0.578 
349.000 0.243 
350.000 0.676 
351.000 0.185 
352.000 0.752 
353.000 0.080 
354.000 0.423 
355.000 -0.136 
356.000 -0.475 
357.000 -1.000 
358.000 -0.987 
359.000 -1.000 
360.000 -0.333 
361.000 1.000 
362.000 0.453 
363.000 0.587 
364.000 0.454 
365.000 0.576 
366.000 0.364 
367.000 0.493 
368.000 0.224 
369.000 0.492 
370.000 -0.041 
371.000 -0.136 
372.000 -0.420 
373.000 -0.146 
374.000 -0.159 
375.000 0.846 
376.000 0.417 
377.000 0.644 
378.000 0.495 
379.000 0.560 
380.000 0.412 
381.000 0.470 
382.000 0.304 
383.000 0.432 
384.000 0.028 
385.000 -0.127 
386.000 -0.405 
387.000 -0.304 
388.000 -0.280 
389.000 0.625 
390.000 0.425 
391.000 0.658 
392.000 0.524 
393.000 0.566 
394.000 0.481 
395.000 0.457 
396.000 0.387 
397.000 0.410 
398.000 0.177 
399.000 0.012 
400.000 -0.305 
401.000 -0.413 
402.000 -0.430 
403.000 0.115 
404.000 0.873 
405.000 0.517 
406.000 0.618 
407.000 0.545 
408.000 0.588 
409.000 0.420 
410.000 0.471 
411.000 0.313 
412.000 0.368 
413.000 -0.010 
414.000 -0.321 
415.000 -0.574 
416.000 -0.438 
417.000 -0.258 
418.000 0.832 
419.000 0.544 
420.000 0.633 
421.000 0.584 
422.000 0.574 
423.000 0.501 
424.000 0.423 
425.000 0.420 
426.000 0.326 
427.000 0.092 
428.000 -0.266 
429.000 -0.546 
430.000 -0.623 
431.000 -0.418 
432.000 0.465 
433.000 0.642 
434.000 0.623 
435.000 0.615 
436.000 0.594 
437.000 0.579 
438.000 0.447 
439.000 0.459 
440.000 0.345 
441.000 0.296 
442.000 -0.049 
443.000 -0.461 
444.000 -0.684 
445.000 -0.574 
446.000 -0.216 
447.000 1.000 
448.000 0.627 
449.000 0.656 
450.000 0.635 
451.000 0.620 
452.000 0.507 
453.000 0.412 
454.000 0.425 
455.000 0.218 
456.000 -0.121 
457.000 -0.700 
458.000 -0.868 
459.000 -0.878 
460.000 -0.308 
461.000 1.000 
462.000 0.683 
463.000 0.690 
464.000 0.662 
465.000 0.648 
466.000 0.546 
467.000 0.391 
468.000 0.462 
469.000 0.178 
470.000 -0.192 
471.000 -0.881 
472.000 -1.000 
473.000 -1.000 
474.000 -0.351 
475.000 1.000 
476.000 0.723 
477.000 0.718 
478.000 0.687 
479.000 0.670 
480.000 0.572 
481.000 1.000 
482.000 1.000 
483.000 1.000 
484.000 0.944 
485.000 0.906 
486.000 0.768 
487.000 0.589 
488.000 0.438 
489.000 0.490 
490.000 0.357 
491.000 0.524 
492.000 0.398 
493.000 0.700 
494.000 0.728 
495.000 0.966 
496.000 1.000 
497.000 1.000 
498.000 1.000 
499.000 1.000 
500.000 0.975 
501.000 0.809 
502.000 0.649 
503.000 0.501 
504.000 0.472 
505.000 0.415 
506.000 0.409 
507.000 0.456 
508.000 0.625 
509.000 0.717 
510.000 0.936 
511.000 1.000 
512.000 1.000 
513.000 1.000 
514.000 1.000 
515.000 1.000 
516.000 0.914 
517.000 0.753 
518.000 0.603 
519.000 0.467 
520.000 0.490 
521.000 0.395 
522.000 0.383 
523.000 0.551 
524.000 0.670 
525.000 0.837 
526.000 1.000 
527.000 1.000 
528.000 1.000 
529.000 1.000 
530.000 1.000 
531.000 1.000 
532.000 0.896 
533.000 0.741 
534.000 0.599 
535.000 0.471 
536.000 0.494 
537.000 0.367 
538.000 0.358 
539.000 0.569 
540.000 0.714 
541.000 0.895 
542.000 1.000 
543.000 1.000 
544.000 1.000 
545.000 1.000 
546.000 1.000 
547.000 1.000 
548.000 0.944 
549.000 0.790 
550.000 0.649 
551.000 0.522 
552.000 0.486 
553.000 0.403 
554.000 0.317 
555.000 0.433 
556.000 0.745 
557.000 0.864 
558.000 1.000 
559.000 1.000 
560.000 1.000 
561.000 1.000 
562.000 1.000 
563.000 1.000 
564.000 1.000 
565.000 0.896 
566.000 0.751 
567.000 0.619 
568.000 0.502 
569.000 0.497 
570.000 0.350 
571.000 0.275 
572.000 0.490 
573.000 0.795 
574.000 0.957 
575.000 1.000 
576.000 1.000 
577.000 1.000 
578.000 1.000 
579.000 1.000 
580.000 1.000 
581.000 1.000 
582.000 0.935 
583.000 0.790 
584.000 0.660 
585.000 0.544 
586.000 0.494 
587.000 0.371 
588.000 0.241 
589.000 0.319 
590.000 0.837 
591.000 0.933 
592.000 1.000 
593.000 1.000 
594.000 1.000 
595.000 1.000 
596.000 1.000 
597.000 1.000 
598.000 1.000 
599.000 1.000 
600.000 0.910 
601.000 1.000 
602.000 1.000 
603.000 1.000 
604.000 1.000 
605.000 1.000 
606.000 1.000 
607.000 1.000 
608.000 1.000 
609.000 0.999 
610.000 0.972 
611.000 0.951 
612.000 0.934 
613.000 0.922 
614.000 0.913 
615.000 0.918 
616.000 0.938 
617.000 0.968 
618.000 1.000 
619.000 1.000 
620.000 1.000 
621.000 1.000 
622.000 1.000 
623.000 1.000 
624.000 1.000 
625.000 1.000 
626.000 1.000 
627.000 1.000 
628.000 1.000 
629.000 0.999 
630.000 0.988 
631.000 0.979 
632.000 0.971 
633.000 0.965 
634.000 0.960 
635.000 0.961 
636.000 0.967 
637.000 0.978 
638.000 0.993 
639.000 1.000 
640.000 1.000 
641.000 1.000 
642.000 1.000 
643.000 1.000 
644.000 1.000 
645.000 1.000 
646.000 1.000 
647.000 1.000 
648.000 0.996 
649.000 0.989 
650.000 0.984 
651.000 0.979 
652.000 0.974 
653.000 0.973 
654.000 0.975 
655.000 0.980 
656.000 0.988 
657.000 0.999 
658.000 1.000 
659.000 1.000 
660.000 1.000 
661.000 1.000 
662.000 1.000 
663.000 1.000 
664.000 1.000 
665.000 1.000 
666.000 0.998 
667.000 0.993 
668.000 0.989 
669.000 0.985 
670.000 0.982 
671.000 0.980 
672.000 0.981 
673.000 0.984 
674.000 0.990 
675.000 0.997 
676.000 1.000 
677.000 1.000 
678.000 1.000 
679.000 1.000 
680.000 1.000 
681.000 1.000 
682.000 1.000 
683.000 1.000 
684.000 0.999 
685.000 0.996 
686.000 0.992 
687.000 0.989 
688.000 0.987 
689.000 0.985 
690.000 0.985 
691.000 0.988 
692.000 0.992 
693.000 0.997 
694.000 1.000 
695.000 1.000 
696.000 1.000 
697.000 1.000 
698.000 1.000 
699.000 1.000 
700.000 1.000 
701.000 1.000 
702.000 1.000 
703.000 0.997 
704.000 0.995 
705.000 0.993 
706.000 0.991 
707.000 0.989 
708.000 0.989 
709.000 0.990 
710.000 0.993 
711.000 0.997 
712.000 1.000 
713.000 1.000 
714.000 1.000 
715.000 1.000 
716.000 1.000 
717.000 1.000 
718.000 1.000 
719.000 1.000 
720.000 1.000 
721.000 0.998 
722.000 0.997 
723.000 0.995 
724.000 0.993 
725.000 0.992 
726.000 0.992 
727.000 0.993 
728.000 0.994 
729.000 0.997 
730.000 1.000 
731.000 1.000 
732.000 1.000 
733.000 1.000 
734.000 1.000 
735.000 1.000 
736.000 1.000 
737.000 1.000 
738.000 1.000 
739.000 0.999 
740.000 0.998 
741.000 0.996 
742.000 0.995 
743.000 0.994 
744.000 0.994 
745.000 0.994 
746.000 0.996 
747.000 0.997 
748.000 1.000 
749.000 1.000 
750.000 1.000 
751.000 1.000 
752.000 1.000 
753.000 1.000 
754.000 1.000 
755.000 1.000 
756.000 1.000 
757.000 0.999 
758.000 0.998 
759.000 0.997 
760.000 0.997 
761.000 0.996 
762.000 0.995 
763.000 0.996 
764.000 0.997 
765.000 0.998 
766.000 0.999 
767.000 1.000 
768.000 1.000 
769.000 1.000 
770.000 1.000 
771.000 1.000 
772.000 1.000 
773.000 1.000 
774.000 1.000 
775.000 1.000 
776.000 0.999 
777.000 0.998 
778.000 0.998 
779.000 0.997 
780.000 0.997 
781.000 0.997 
782.000 0.997 
783.000 0.998 
784.000 0.999 
785.000 1.000 
786.000 1.000 
787.000 1.000 
788.000 1.000 
789.000 1.000 
790.000 1.000 
791.000 1.000 
792.000 1.000 
793.000 1.000 
794.000 0.999 
795.000 0.999 
796.000 0.998 
797.000 0.998 
798.000 0.997 
799.000 0.997 
800.000 0.998 
