1.000 0.000 
2.000 0.000 
3.000 0.000 
4.000 0.000 
5.000 0.000 
6.000 0.000 
7.000 -0.830 
8.000 -0.434 
9.000 -0.436 
10.000 -0.438 
11.000 -0.441 
12.000 -0.222 
13.000 -0.075 
14.000 -0.086 
15.000 -0.085 
16.000 -0.083 
17.000 -0.076 
18.000 -0.128 
19.000 -0.206 
20.000 -0.253 
21.000 -0.280 
22.000 -0.298 
23.000 -0.297 
24.000 -0.267 
25.000 -0.226 
26.000 -0.194 
27.000 -0.172 
28.000 -0.159 
29.000 -0.154 
30.000 -0.160 
31.000 -0.175 
32.000 -0.193 
33.000 -0.211 
34.000 -0.225 
35.000 -0.234 
36.000 -0.235 
37.000 -0.230 
38.000 -0.221 
39.000 -0.211 
40.000 -0.203 
41.000 -0.197 
42.000 -0.194 
43.000 -0.195 
44.000 -0.199 
45.000 -0.204 
46.000 -0.210 
47.000 -0.215 
48.000 -0.219 
49.000 -0.221 
50.000 -0.221 
51.000 -0.219 
52.000 -0.217 
53.000 -0.215 
54.000 -0.213 
55.000 -0.212 
56.000 -0.212 
57.000 -0.213 
58.000 -0.215 
59.000 -0.217 
60.000 -0.218 
61.000 -0.220 
62.000 -0.221 
63.000 -0.222 
64.000 -0.222 
65.000 -0.222 
66.000 -0.222 
67.000 -0.221 
68.000 -0.221 
69.000 -0.222 
70.000 -0.222 
71.000 -0.223 
72.000 -0.224 
73.000 -0.225 
74.000 -0.225 
75.000 -0.226 
76.000 -0.227 
77.000 -0.227 
78.000 -0.228 
79.000 -0.228 
80.000 -0.228 
81.000 -0.228 
82.000 -0.229 
83.000 -0.229 
84.000 -0.230 
85.000 -0.230 
86.000 -0.231 
87.000 -0.232 
88.000 -0.232 
89.000 -0.233 
90.000 -0.233 
91.000 -0.234 
92.000 -0.234 
93.000 -0.235 
94.000 -0.235 
95.000 -0.235 
96.000 -0.236 
97.000 -0.236 
98.000 -0.237 
99.000 -0.237 
100.000 -0.238 
101.000 -0.238 
102.000 -0.239 
103.000 -0.239 
104.000 -0.240 
105.000 -0.240 
106.000 -0.241 
107.000 -0.241 
108.000 -0.242 
109.000 -0.242 
110.000 -0.243 
111.000 -0.243 
112.000 -0.244 
113.000 -0.244 
114.000 -0.245 
115.000 -0.245 
116.000 -0.246 
117.000 -0.246 
118.000 -0.246 
119.000 -0.247 
120.000 -0.247 
121.000 0.108 
122.000 -0.057 
123.000 -0.062 
124.000 -0.061 
125.000 -0.061 
126.000 -0.099 
127.000 -0.211 
128.000 -0.230 
129.000 -0.238 
130.000 -0.240 
131.000 -0.229 
132.000 -0.186 
133.000 -0.134 
134.000 -0.102 
135.000 -0.085 
136.000 -0.076 
137.000 -0.077 
138.000 -0.093 
139.000 -0.122 
140.000 -0.153 
141.000 -0.179 
142.000 -0.197 
143.000 -0.203 
144.000 -0.194 
145.000 -0.174 
146.000 -0.150 
147.000 -0.128 
148.000 -0.112 
149.000 -0.103 
150.000 -0.103 
151.000 -0.110 
152.000 -0.125 
153.000 -0.142 
154.000 -0.159 
155.000 -0.171 
156.000 -0.177 
157.000 -0.175 
158.000 -0.166 
159.000 -0.153 
160.000 -0.140 
161.000 -0.129 
162.000 -0.122 
163.000 -0.120 
164.000 -0.123 
165.000 -0.130 
166.000 -0.139 
167.000 -0.149 
168.000 -0.158 
169.000 -0.162 
170.000 -0.163 
171.000 -0.159 
172.000 -0.153 
173.000 -0.146 
174.000 -0.139 
175.000 -0.134 
176.000 -0.131 
177.000 -0.132 
178.000 -0.135 
179.000 -0.140 
180.000 -0.146 
181.000 -0.151 
182.000 -0.155 
183.000 -0.156 
184.000 -0.155 
185.000 -0.152 
186.000 -0.148 
187.000 -0.144 
188.000 -0.141 
189.000 -0.139 
190.000 -0.139 
191.000 -0.140 
192.000 -0.142 
193.000 -0.146 
194.000 -0.149 
195.000 -0.151 
196.000 -0.152 
197.000 -0.152 
198.000 -0.151 
199.000 -0.149 
200.000 -0.147 
201.000 -0.145 
202.000 -0.143 
203.000 -0.143 
204.000 -0.143 
205.000 -0.145 
206.000 -0.146 
207.000 -0.148 
208.000 -0.150 
209.000 -0.151 
210.000 -0.151 
211.000 -0.151 
212.000 -0.150 
213.000 -0.148 
214.000 -0.147 
215.000 -0.146 
216.000 -0.146 
217.000 -0.146 
218.000 -0.147 
219.000 -0.148 
220.000 -0.149 
221.000 -0.150 
222.000 -0.150 
223.000 -0.151 
224.000 -0.151 
225.000 -0.150 
226.000 -0.150 
227.000 -0.149 
228.000 -0.149 
229.000 -0.148 
230.000 -0.148 
231.000 -0.148 
232.000 -0.149 
233.000 -0.149 
234.000 -0.150 
235.000 -0.150 
236.000 -0.151 
237.000 -0.151 
238.000 -0.151 
239.000 -0.151 
240.000 -0.150 
241.000 1.000 
242.000 0.078 
243.000 0.802 
244.000 0.081 
245.000 0.806 
246.000 -0.039 
247.000 -0.033 
248.000 -0.690 
249.000 -0.729 
250.000 -1.000 
251.000 -0.828 
252.000 -0.205 
253.000 0.519 
254.000 0.255 
255.000 0.641 
256.000 0.147 
257.000 0.792 
258.000 0.090 
259.000 0.474 
260.000 -0.109 
261.000 -0.338 
262.000 -1.000 
263.000 -0.958 
264.000 -1.000 
265.000 -0.460 
266.000 0.312 
267.000 0.472 
268.000 0.349 
269.000 0.511 
270.000 0.275 
271.000 0.605 
272.000 0.029 
273.000 0.206 
274.000 -0.295 
275.000 -0.712 
276.000 -1.000 
277.000 -0.905 
278.000 -0.653 
279.000 0.140 
280.000 0.573 
281.000 0.212 
282.000 0.705 
283.000 0.152 
284.000 0.789 
285.000 0.061 
286.000 0.386 
287.000 -0.173 
288.000 -0.495 
289.000 -1.000 
290.000 -0.980 
291.000 -1.000 
292.000 -0.225 
293.000 0.504 
294.000 0.299 
295.000 0.593 
296.000 0.180 
297.000 0.752 
298.000 0.120 
299.000 0.521 
300.000 -0.078 
301.000 -0.285 
302.000 -0.946 
303.000 -0.958 
304.000 -1.000 
305.000 -0.566 
306.000 0.251 
307.000 0.540 
308.000 0.273 
309.000 0.626 
310.000 0.166 
311.000 0.770 
312.000 0.057 
313.000 0.319 
314.000 -0.209 
315.000 -0.517 
316.000 -1.000 
317.000 -0.951 
318.000 -0.888 
319.000 -0.071 
320.000 0.595 
321.000 0.200 
322.000 0.730 
323.000 0.177 
324.000 0.762 
325.000 0.109 
326.000 0.507 
327.000 -0.095 
328.000 -0.405 
329.000 -1.000 
330.000 -1.000 
331.000 -1.000 
332.000 -0.522 
333.000 0.362 
334.000 0.467 
335.000 0.381 
336.000 0.486 
337.000 0.333 
338.000 0.540 
339.000 0.131 
340.000 0.198 
341.000 -0.258 
342.000 -0.733 
343.000 -1.000 
344.000 -1.000 
345.000 -0.845 
346.000 0.054 
347.000 0.663 
348.000 0.209 
349.000 0.722 
350.000 0.186 
351.000 0.755 
352.000 0.102 
353.000 0.450 
354.000 -0.120 
355.000 -0.482 
356.000 -1.000 
357.000 -1.000 
358.000 -1.000 
359.000 -0.401 
360.000 0.465 
361.000 1.000 
362.000 0.445 
363.000 0.581 
364.000 0.447 
365.000 0.556 
366.000 0.264 
367.000 0.587 
368.000 -0.013 
369.000 0.144 
370.000 -0.328 
371.000 -0.313 
372.000 -0.561 
373.000 0.488 
374.000 0.413 
375.000 0.612 
376.000 0.477 
377.000 0.578 
378.000 0.488 
379.000 0.474 
380.000 0.392 
381.000 0.430 
382.000 0.270 
383.000 0.149 
384.000 -0.110 
385.000 -0.300 
386.000 -0.406 
387.000 -0.135 
388.000 0.523 
389.000 0.462 
390.000 0.607 
391.000 0.507 
392.000 0.582 
393.000 0.467 
394.000 0.480 
395.000 0.368 
396.000 0.454 
397.000 0.163 
398.000 0.066 
399.000 -0.250 
400.000 -0.351 
401.000 -0.439 
402.000 0.144 
403.000 0.832 
404.000 0.482 
405.000 0.628 
406.000 0.533 
407.000 0.590 
408.000 0.418 
409.000 0.485 
410.000 0.307 
411.000 0.395 
412.000 0.007 
413.000 -0.274 
414.000 -0.548 
415.000 -0.397 
416.000 -0.265 
417.000 0.812 
418.000 0.513 
419.000 0.639 
420.000 0.572 
421.000 0.572 
422.000 0.499 
423.000 0.433 
424.000 0.417 
425.000 0.342 
426.000 0.101 
427.000 -0.239 
428.000 -0.526 
429.000 -0.597 
430.000 -0.416 
431.000 0.468 
432.000 0.617 
433.000 0.603 
434.000 0.601 
435.000 0.584 
436.000 0.577 
437.000 0.447 
438.000 0.466 
439.000 0.348 
440.000 0.311 
441.000 -0.023 
442.000 -0.414 
443.000 -0.641 
444.000 -0.533 
445.000 -0.207 
446.000 1.000 
447.000 0.598 
448.000 0.639 
449.000 0.622 
450.000 0.609 
451.000 0.499 
452.000 0.424 
453.000 0.418 
454.000 0.237 
455.000 -0.090 
456.000 -0.633 
457.000 -0.804 
458.000 -0.800 
459.000 -0.269 
460.000 1.000 
461.000 0.655 
462.000 0.671 
463.000 0.648 
464.000 0.638 
465.000 0.534 
466.000 0.404 
467.000 0.451 
468.000 0.196 
469.000 -0.169 
470.000 -0.820 
471.000 -0.959 
472.000 -0.991 
473.000 -0.302 
474.000 1.000 
475.000 0.696 
476.000 0.699 
477.000 0.673 
478.000 0.663 
479.000 0.563 
480.000 0.391 
481.000 1.000 
482.000 1.000 
483.000 0.948 
484.000 0.909 
485.000 0.975 
486.000 0.864 
487.000 0.685 
488.000 0.534 
489.000 0.481 
490.000 0.439 
491.000 0.435 
492.000 0.463 
493.000 0.542 
494.000 0.633 
495.000 0.789 
496.000 0.955 
497.000 1.000 
498.000 1.000 
499.000 1.000 
500.000 1.000 
501.000 0.921 
502.000 0.764 
503.000 0.610 
504.000 0.468 
505.000 0.484 
506.000 0.394 
507.000 0.418 
508.000 0.524 
509.000 0.621 
510.000 0.755 
511.000 0.972 
512.000 1.000 
513.000 1.000 
514.000 1.000 
515.000 1.000 
516.000 1.000 
517.000 0.868 
518.000 0.712 
519.000 0.568 
520.000 0.466 
521.000 0.470 
522.000 0.364 
523.000 0.392 
524.000 0.631 
525.000 0.670 
526.000 0.868 
527.000 1.000 
528.000 1.000 
529.000 1.000 
530.000 1.000 
531.000 1.000 
532.000 1.000 
533.000 0.870 
534.000 0.719 
535.000 0.579 
536.000 0.472 
537.000 0.481 
538.000 0.343 
539.000 0.354 
540.000 0.625 
541.000 0.705 
542.000 0.902 
543.000 1.000 
544.000 1.000 
545.000 1.000 
546.000 1.000 
547.000 1.000 
548.000 1.000 
549.000 0.936 
550.000 0.784 
551.000 0.644 
552.000 0.517 
553.000 0.486 
554.000 0.386 
555.000 0.303 
556.000 0.444 
557.000 0.733 
558.000 0.851 
559.000 1.000 
560.000 1.000 
561.000 1.000 
562.000 1.000 
563.000 1.000 
564.000 1.000 
565.000 1.000 
566.000 0.906 
567.000 0.761 
568.000 0.628 
569.000 0.509 
570.000 0.494 
571.000 0.348 
572.000 0.261 
573.000 0.465 
574.000 0.777 
575.000 0.921 
576.000 1.000 
577.000 1.000 
578.000 1.000 
579.000 1.000 
580.000 1.000 
581.000 1.000 
582.000 1.000 
583.000 0.961 
584.000 0.815 
585.000 0.682 
586.000 0.564 
587.000 0.492 
588.000 0.382 
589.000 0.232 
590.000 0.249 
591.000 0.761 
592.000 0.877 
593.000 1.000 
594.000 1.000 
595.000 1.000 
596.000 1.000 
597.000 1.000 
598.000 1.000 
599.000 1.000 
600.000 1.000 
601.000 1.000 
602.000 1.000 
603.000 1.000 
604.000 1.000 
605.000 1.000 
606.000 1.000 
607.000 1.000 
608.000 1.000 
609.000 1.000 
610.000 0.984 
611.000 0.957 
612.000 0.937 
613.000 0.921 
614.000 0.910 
615.000 0.908 
616.000 0.922 
617.000 0.950 
618.000 0.986 
619.000 1.000 
620.000 1.000 
621.000 1.000 
622.000 1.000 
623.000 1.000 
624.000 1.000 
625.000 1.000 
626.000 1.000 
627.000 1.000 
628.000 1.000 
629.000 1.000 
630.000 0.998 
631.000 0.988 
632.000 0.979 
633.000 0.971 
634.000 0.964 
635.000 0.960 
636.000 0.960 
637.000 0.967 
638.000 0.978 
639.000 0.993 
640.000 1.000 
641.000 1.000 
642.000 1.000 
643.000 1.000 
644.000 1.000 
645.000 1.000 
646.000 1.000 
647.000 1.000 
648.000 1.000 
649.000 0.997 
650.000 0.990 
651.000 0.984 
652.000 0.979 
653.000 0.975 
654.000 0.973 
655.000 0.974 
656.000 0.979 
657.000 0.987 
658.000 0.997 
659.000 1.000 
660.000 1.000 
661.000 1.000 
662.000 1.000 
663.000 1.000 
664.000 1.000 
665.000 1.000 
666.000 1.000 
667.000 0.999 
668.000 0.994 
669.000 0.990 
670.000 0.986 
671.000 0.982 
672.000 0.980 
673.000 0.980 
674.000 0.983 
675.000 0.988 
676.000 0.995 
677.000 1.000 
678.000 1.000 
679.000 1.000 
680.000 1.000 
681.000 1.000 
682.000 1.000 
683.000 1.000 
684.000 1.000 
685.000 1.000 
686.000 0.997 
687.000 0.993 
688.000 0.990 
689.000 0.988 
690.000 0.985 
691.000 0.985 
692.000 0.986 
693.000 0.989 
694.000 0.994 
695.000 1.000 
696.000 1.000 
697.000 1.000 
698.000 1.000 
699.000 1.000 
700.000 1.000 
701.000 1.000 
702.000 1.000 
703.000 1.000 
704.000 0.998 
705.000 0.996 
706.000 0.993 
707.000 0.991 
708.000 0.989 
709.000 0.989 
710.000 0.989 
711.000 0.991 
712.000 0.995 
713.000 0.999 
714.000 1.000 
715.000 1.000 
716.000 1.000 
717.000 1.000 
718.000 1.000 
719.000 1.000 
720.000 1.000 
721.000 1.000 
722.000 0.999 
723.000 0.997 
724.000 0.995 
725.000 0.994 
726.000 0.992 
727.000 0.991 
728.000 0.992 
729.000 0.993 
730.000 0.995 
731.000 0.998 
732.000 1.000 
733.000 1.000 
734.000 1.000 
735.000 1.000 
736.000 1.000 
737.000 1.000 
738.000 1.000 
739.000 1.000 
740.000 1.000 
741.000 0.998 
742.000 0.997 
743.000 0.996 
744.000 0.995 
745.000 0.994 
746.000 0.993 
747.000 0.994 
748.000 0.996 
749.000 0.998 
750.000 1.000 
751.000 1.000 
752.000 1.000 
753.000 1.000 
754.000 1.000 
755.000 1.000 
756.000 1.000 
757.000 1.000 
758.000 1.000 
759.000 0.999 
760.000 0.998 
761.000 0.997 
762.000 0.996 
763.000 0.995 
764.000 0.995 
765.000 0.995 
766.000 0.996 
767.000 0.998 
768.000 1.000 
769.000 1.000 
770.000 1.000 
771.000 1.000 
772.000 1.000 
773.000 1.000 
774.000 1.000 
775.000 1.000 
776.000 1.000 
777.000 1.000 
778.000 0.999 
779.000 0.998 
780.000 0.997 
781.000 0.997 
782.000 0.996 
783.000 0.996 
784.000 0.997 
785.000 0.998 
786.000 0.999 
787.000 1.000 
788.000 1.000 
789.000 1.000 
790.000 1.000 
791.000 1.000 
792.000 1.000 
793.000 1.000 
794.000 1.000 
795.000 1.000 
796.000 0.999 
797.000 0.999 
798.000 0.998 
799.000 0.998 
800.000 0.997 
