1.000 0.000 
2.000 0.000 
3.000 0.000 
4.000 0.000 
5.000 0.000 
6.000 0.000 
7.000 -0.952 
8.000 -0.459 
9.000 -0.461 
10.000 -0.464 
11.000 -0.466 
12.000 -0.185 
13.000 -0.023 
14.000 -0.064 
15.000 -0.073 
16.000 -0.075 
17.000 -0.062 
18.000 -0.146 
19.000 -0.255 
20.000 -0.304 
21.000 -0.326 
22.000 -0.341 
23.000 -0.326 
24.000 -0.270 
25.000 -0.212 
26.000 -0.175 
27.000 -0.155 
28.000 -0.144 
29.000 -0.144 
30.000 -0.160 
31.000 -0.187 
32.000 -0.215 
33.000 -0.237 
34.000 -0.253 
35.000 -0.258 
36.000 -0.252 
37.000 -0.238 
38.000 -0.221 
39.000 -0.207 
40.000 -0.197 
41.000 -0.191 
42.000 -0.192 
43.000 -0.198 
44.000 -0.206 
45.000 -0.216 
46.000 -0.225 
47.000 -0.231 
48.000 -0.234 
49.000 -0.233 
50.000 -0.229 
51.000 -0.225 
52.000 -0.220 
53.000 -0.216 
54.000 -0.215 
55.000 -0.215 
56.000 -0.217 
57.000 -0.219 
58.000 -0.223 
59.000 -0.226 
60.000 -0.229 
61.000 -0.230 
62.000 -0.230 
63.000 -0.230 
64.000 -0.229 
65.000 -0.228 
66.000 -0.227 
67.000 -0.227 
68.000 -0.227 
69.000 -0.228 
70.000 -0.229 
71.000 -0.230 
72.000 -0.232 
73.000 -0.233 
74.000 -0.234 
75.000 -0.234 
76.000 -0.234 
77.000 -0.234 
78.000 -0.234 
79.000 -0.235 
80.000 -0.235 
81.000 -0.235 
82.000 -0.236 
83.000 -0.236 
84.000 -0.237 
85.000 -0.238 
86.000 -0.239 
87.000 -0.239 
88.000 -0.240 
89.000 -0.240 
90.000 -0.241 
91.000 -0.241 
92.000 -0.241 
93.000 -0.242 
94.000 -0.242 
95.000 -0.243 
96.000 -0.243 
97.000 -0.244 
98.000 -0.244 
99.000 -0.245 
100.000 -0.245 
101.000 -0.246 
102.000 -0.246 
103.000 -0.247 
104.000 -0.247 
105.000 -0.248 
106.000 -0.248 
107.000 -0.249 
108.000 -0.249 
109.000 -0.250 
110.000 -0.250 
111.000 -0.251 
112.000 -0.251 
113.000 -0.252 
114.000 -0.252 
115.000 -0.253 
116.000 -0.253 
117.000 -0.254 
118.000 -0.254 
119.000 -0.255 
120.000 -0.255 
121.000 0.152 
122.000 -0.052 
123.000 -0.059 
124.000 -0.058 
125.000 -0.058 
126.000 -0.112 
127.000 -0.255 
128.000 -0.266 
129.000 -0.266 
130.000 -0.263 
131.000 -0.242 
132.000 -0.178 
133.000 -0.111 
134.000 -0.079 
135.000 -0.065 
136.000 -0.060 
137.000 -0.067 
138.000 -0.097 
139.000 -0.143 
140.000 -0.185 
141.000 -0.216 
142.000 -0.233 
143.000 -0.230 
144.000 -0.204 
145.000 -0.167 
146.000 -0.132 
147.000 -0.106 
148.000 -0.089 
149.000 -0.084 
150.000 -0.093 
151.000 -0.113 
152.000 -0.140 
153.000 -0.168 
154.000 -0.191 
155.000 -0.203 
156.000 -0.201 
157.000 -0.186 
158.000 -0.164 
159.000 -0.141 
160.000 -0.121 
161.000 -0.109 
162.000 -0.105 
163.000 -0.110 
164.000 -0.123 
165.000 -0.141 
166.000 -0.160 
167.000 -0.175 
168.000 -0.184 
169.000 -0.183 
170.000 -0.175 
171.000 -0.161 
172.000 -0.145 
173.000 -0.132 
174.000 -0.123 
175.000 -0.120 
176.000 -0.123 
177.000 -0.131 
178.000 -0.143 
179.000 -0.155 
180.000 -0.165 
181.000 -0.171 
182.000 -0.172 
183.000 -0.167 
184.000 -0.158 
185.000 -0.148 
186.000 -0.139 
187.000 -0.133 
188.000 -0.131 
189.000 -0.132 
190.000 -0.137 
191.000 -0.145 
192.000 -0.153 
193.000 -0.160 
194.000 -0.164 
195.000 -0.164 
196.000 -0.162 
197.000 -0.157 
198.000 -0.150 
199.000 -0.144 
200.000 -0.140 
201.000 -0.138 
202.000 -0.139 
203.000 -0.142 
204.000 -0.147 
205.000 -0.152 
206.000 -0.156 
207.000 -0.159 
208.000 -0.160 
209.000 -0.159 
210.000 -0.155 
211.000 -0.152 
212.000 -0.148 
213.000 -0.145 
214.000 -0.144 
215.000 -0.144 
216.000 -0.146 
217.000 -0.149 
218.000 -0.152 
219.000 -0.155 
220.000 -0.157 
221.000 -0.158 
222.000 -0.157 
223.000 -0.155 
224.000 -0.153 
225.000 -0.150 
226.000 -0.148 
227.000 -0.147 
228.000 -0.148 
229.000 -0.149 
230.000 -0.150 
231.000 -0.153 
232.000 -0.154 
233.000 -0.156 
234.000 -0.156 
235.000 -0.156 
236.000 -0.155 
237.000 -0.153 
238.000 -0.152 
239.000 -0.151 
240.000 -0.150 
241.000 1.000 
242.000 0.080 
243.000 0.850 
244.000 0.084 
245.000 0.853 
246.000 -0.018 
247.000 -0.095 
248.000 -0.864 
249.000 -0.879 
250.000 -1.000 
251.000 -1.000 
252.000 -0.155 
253.000 0.700 
254.000 0.140 
255.000 0.799 
256.000 0.139 
257.000 0.804 
258.000 0.084 
259.000 0.431 
260.000 -0.153 
261.000 -0.574 
262.000 -1.000 
263.000 -1.000 
264.000 -1.000 
265.000 -0.342 
266.000 0.575 
267.000 0.179 
268.000 0.746 
269.000 0.146 
270.000 0.793 
271.000 0.109 
272.000 0.531 
273.000 -0.079 
274.000 -0.424 
275.000 -1.000 
276.000 -1.000 
277.000 -1.000 
278.000 -0.612 
279.000 0.411 
280.000 0.397 
281.000 0.442 
282.000 0.375 
283.000 0.465 
284.000 0.340 
285.000 0.376 
286.000 0.044 
287.000 -0.355 
288.000 -0.935 
289.000 -1.000 
290.000 -1.000 
291.000 -0.930 
292.000 0.225 
293.000 0.605 
294.000 0.162 
295.000 0.773 
296.000 0.154 
297.000 0.792 
298.000 0.092 
299.000 0.458 
300.000 -0.124 
301.000 -0.554 
302.000 -1.000 
303.000 -1.000 
304.000 -1.000 
305.000 -0.404 
306.000 0.575 
307.000 0.195 
308.000 0.730 
309.000 0.163 
310.000 0.772 
311.000 0.130 
312.000 0.559 
313.000 -0.055 
314.000 -0.389 
315.000 -1.000 
316.000 -1.000 
317.000 -1.000 
318.000 -0.696 
319.000 0.383 
320.000 0.452 
321.000 0.378 
322.000 0.477 
323.000 0.333 
324.000 0.542 
325.000 0.157 
326.000 0.211 
327.000 -0.254 
328.000 -0.783 
329.000 -1.000 
330.000 -1.000 
331.000 -0.971 
332.000 0.083 
333.000 0.737 
334.000 0.175 
335.000 0.760 
336.000 0.172 
337.000 0.773 
338.000 0.108 
339.000 0.417 
340.000 -0.144 
341.000 -0.604 
342.000 -1.000 
343.000 -1.000 
344.000 -1.000 
345.000 -0.318 
346.000 0.653 
347.000 0.177 
348.000 0.759 
349.000 0.179 
350.000 0.756 
351.000 0.133 
352.000 0.520 
353.000 -0.063 
354.000 -0.475 
355.000 -1.000 
356.000 -1.000 
357.000 -1.000 
358.000 -0.626 
359.000 0.490 
360.000 0.330 
361.000 0.931 
362.000 0.420 
363.000 0.591 
364.000 0.427 
365.000 0.523 
366.000 0.290 
367.000 0.553 
368.000 0.019 
369.000 -0.148 
370.000 -0.597 
371.000 -0.472 
372.000 -0.672 
373.000 0.465 
374.000 0.473 
375.000 0.551 
376.000 0.498 
377.000 0.542 
378.000 0.518 
379.000 0.455 
380.000 0.443 
381.000 0.389 
382.000 0.371 
383.000 0.108 
384.000 -0.146 
385.000 -0.434 
386.000 -0.479 
387.000 -0.379 
388.000 0.493 
389.000 0.460 
390.000 0.581 
391.000 0.495 
392.000 0.571 
393.000 0.495 
394.000 0.484 
395.000 0.412 
396.000 0.436 
397.000 0.274 
398.000 0.102 
399.000 -0.226 
400.000 -0.452 
401.000 -0.547 
402.000 -0.198 
403.000 0.735 
404.000 0.404 
405.000 0.659 
406.000 0.511 
407.000 0.591 
408.000 0.473 
409.000 0.493 
410.000 0.384 
411.000 0.459 
412.000 0.147 
413.000 -0.085 
414.000 -0.500 
415.000 -0.558 
416.000 -0.624 
417.000 0.170 
418.000 0.816 
419.000 0.507 
420.000 0.612 
421.000 0.541 
422.000 0.609 
423.000 0.462 
424.000 0.485 
425.000 0.372 
426.000 0.396 
427.000 0.049 
428.000 -0.377 
429.000 -0.717 
430.000 -0.675 
431.000 -0.540 
432.000 0.663 
433.000 0.489 
434.000 0.648 
435.000 0.576 
436.000 0.586 
437.000 0.567 
438.000 0.471 
439.000 0.469 
440.000 0.384 
441.000 0.283 
442.000 -0.049 
443.000 -0.549 
444.000 -0.783 
445.000 -0.719 
446.000 -0.262 
447.000 1.000 
448.000 0.555 
449.000 0.631 
450.000 0.602 
451.000 0.604 
452.000 0.525 
453.000 0.448 
454.000 0.442 
455.000 0.302 
456.000 -0.003 
457.000 -0.636 
458.000 -0.876 
459.000 -0.935 
460.000 -0.538 
461.000 0.958 
462.000 0.578 
463.000 0.643 
464.000 0.631 
465.000 0.624 
466.000 0.579 
467.000 0.443 
468.000 0.484 
469.000 0.332 
470.000 0.080 
471.000 -0.548 
472.000 -0.919 
473.000 -1.000 
474.000 -0.782 
475.000 0.486 
476.000 0.658 
477.000 0.651 
478.000 0.656 
479.000 0.647 
480.000 0.673 
481.000 1.000 
482.000 1.000 
483.000 1.000 
484.000 1.000 
485.000 1.000 
486.000 0.943 
487.000 0.765 
488.000 0.597 
489.000 0.446 
490.000 0.483 
491.000 0.270 
492.000 0.102 
493.000 0.308 
494.000 0.721 
495.000 0.634 
496.000 0.931 
497.000 1.000 
498.000 1.000 
499.000 1.000 
500.000 1.000 
501.000 1.000 
502.000 1.000 
503.000 0.990 
504.000 0.827 
505.000 0.672 
506.000 0.528 
507.000 0.469 
508.000 0.357 
509.000 0.128 
510.000 0.062 
511.000 0.776 
512.000 0.628 
513.000 0.883 
514.000 1.000 
515.000 1.000 
516.000 1.000 
517.000 1.000 
518.000 1.000 
519.000 1.000 
520.000 1.000 
521.000 1.000 
522.000 0.846 
523.000 0.696 
524.000 0.559 
525.000 0.474 
526.000 0.321 
527.000 -0.002 
528.000 -0.302 
529.000 0.464 
530.000 0.743 
531.000 0.969 
532.000 1.000 
533.000 1.000 
534.000 1.000 
535.000 1.000 
536.000 1.000 
537.000 1.000 
538.000 1.000 
539.000 1.000 
540.000 1.000 
541.000 0.946 
542.000 0.791 
543.000 0.651 
544.000 0.526 
545.000 0.412 
546.000 0.087 
547.000 -0.613 
548.000 -0.390 
549.000 0.712 
550.000 0.867 
551.000 1.000 
552.000 1.000 
553.000 1.000 
554.000 1.000 
555.000 1.000 
556.000 1.000 
557.000 1.000 
558.000 1.000 
559.000 1.000 
560.000 1.000 
561.000 1.000 
562.000 0.891 
563.000 0.753 
564.000 0.631 
565.000 0.525 
566.000 0.326 
567.000 -0.240 
568.000 -0.983 
569.000 -0.329 
570.000 0.945 
571.000 1.000 
572.000 1.000 
573.000 1.000 
574.000 1.000 
575.000 1.000 
576.000 1.000 
577.000 1.000 
578.000 1.000 
579.000 1.000 
580.000 1.000 
581.000 1.000 
582.000 1.000 
583.000 0.959 
584.000 0.828 
585.000 0.713 
586.000 0.613 
587.000 0.527 
588.000 0.289 
589.000 -0.292 
590.000 -0.909 
591.000 0.008 
592.000 0.999 
593.000 1.000 
594.000 1.000 
595.000 1.000 
596.000 1.000 
597.000 1.000 
598.000 1.000 
599.000 1.000 
600.000 1.000 
601.000 1.000 
602.000 1.000 
603.000 1.000 
604.000 1.000 
605.000 1.000 
606.000 1.000 
607.000 1.000 
608.000 1.000 
609.000 1.000 
610.000 1.000 
611.000 1.000 
612.000 1.000 
613.000 1.000 
614.000 1.000 
615.000 1.000 
616.000 1.000 
617.000 1.000 
618.000 1.000 
619.000 1.000 
620.000 1.000 
621.000 1.000 
622.000 1.000 
623.000 1.000 
624.000 1.000 
625.000 1.000 
626.000 1.000 
627.000 1.000 
628.000 1.000 
629.000 1.000 
630.000 1.000 
631.000 1.000 
632.000 1.000 
633.000 1.000 
634.000 1.000 
635.000 1.000 
636.000 1.000 
637.000 1.000 
638.000 1.000 
639.000 1.000 
640.000 1.000 
641.000 1.000 
642.000 1.000 
643.000 1.000 
644.000 1.000 
645.000 1.000 
646.000 1.000 
647.000 1.000 
648.000 1.000 
649.000 1.000 
650.000 1.000 
651.000 1.000 
652.000 1.000 
653.000 1.000 
654.000 1.000 
655.000 1.000 
656.000 1.000 
657.000 1.000 
658.000 1.000 
659.000 1.000 
660.000 1.000 
661.000 1.000 
662.000 1.000 
663.000 1.000 
664.000 1.000 
665.000 1.000 
666.000 1.000 
667.000 1.000 
668.000 1.000 
669.000 1.000 
670.000 1.000 
671.000 1.000 
672.000 1.000 
673.000 1.000 
674.000 1.000 
675.000 1.000 
676.000 1.000 
677.000 1.000 
678.000 1.000 
679.000 1.000 
680.000 1.000 
681.000 1.000 
682.000 1.000 
683.000 1.000 
684.000 1.000 
685.000 1.000 
686.000 1.000 
687.000 1.000 
688.000 1.000 
689.000 1.000 
690.000 1.000 
691.000 1.000 
692.000 1.000 
693.000 1.000 
694.000 1.000 
695.000 1.000 
696.000 1.000 
697.000 1.000 
698.000 1.000 
699.000 1.000 
700.000 1.000 
701.000 1.000 
702.000 1.000 
703.000 1.000 
704.000 1.000 
705.000 1.000 
706.000 1.000 
707.000 1.000 
708.000 1.000 
709.000 1.000 
710.000 1.000 
711.000 1.000 
712.000 1.000 
713.000 1.000 
714.000 1.000 
715.000 1.000 
716.000 1.000 
717.000 1.000 
718.000 1.000 
719.000 1.000 
720.000 1.000 
721.000 1.000 
722.000 1.000 
723.000 1.000 
724.000 1.000 
725.000 1.000 
726.000 1.000 
727.000 1.000 
728.000 1.000 
729.000 1.000 
730.000 1.000 
731.000 1.000 
732.000 1.000 
733.000 1.000 
734.000 1.000 
735.000 1.000 
736.000 1.000 
737.000 1.000 
738.000 1.000 
739.000 1.000 
740.000 1.000 
741.000 1.000 
742.000 1.000 
743.000 1.000 
744.000 1.000 
745.000 1.000 
746.000 1.000 
747.000 1.000 
748.000 1.000 
749.000 1.000 
750.000 1.000 
751.000 1.000 
752.000 1.000 
753.000 1.000 
754.000 1.000 
755.000 1.000 
756.000 1.000 
757.000 1.000 
758.000 1.000 
759.000 1.000 
760.000 1.000 
761.000 1.000 
762.000 1.000 
763.000 1.000 
764.000 1.000 
765.000 1.000 
766.000 1.000 
767.000 1.000 
768.000 1.000 
769.000 1.000 
770.000 1.000 
771.000 1.000 
772.000 1.000 
773.000 1.000 
774.000 1.000 
775.000 1.000 
776.000 1.000 
777.000 1.000 
778.000 1.000 
779.000 1.000 
780.000 1.000 
781.000 1.000 
782.000 1.000 
783.000 1.000 
784.000 1.000 
785.000 1.000 
786.000 1.000 
787.000 1.000 
788.000 1.000 
789.000 1.000 
790.000 1.000 
791.000 1.000 
792.000 1.000 
793.000 1.000 
794.000 1.000 
795.000 1.000 
796.000 1.000 
797.000 1.000 
798.000 1.000 
799.000 1.000 
800.000 1.000 
