1.000 0.000 
2.000 0.000 
3.000 0.000 
4.000 0.000 
5.000 0.000 
6.000 0.000 
7.000 -0.216 
8.000 -0.071 
9.000 -0.071 
10.000 -0.071 
11.000 -0.072 
12.000 -0.051 
13.000 -0.037 
14.000 -0.043 
15.000 -0.047 
16.000 -0.050 
17.000 -0.053 
18.000 -0.057 
19.000 -0.060 
20.000 -0.060 
21.000 -0.060 
22.000 -0.059 
23.000 -0.058 
24.000 -0.057 
25.000 -0.057 
26.000 -0.057 
27.000 -0.057 
28.000 -0.057 
29.000 -0.058 
30.000 -0.058 
31.000 -0.059 
32.000 -0.059 
33.000 -0.059 
34.000 -0.059 
35.000 -0.059 
36.000 -0.059 
37.000 -0.060 
38.000 -0.060 
39.000 -0.060 
40.000 -0.060 
41.000 -0.060 
42.000 -0.060 
43.000 -0.061 
44.000 -0.061 
45.000 -0.061 
46.000 -0.061 
47.000 -0.061 
48.000 -0.061 
49.000 -0.062 
50.000 -0.062 
51.000 -0.062 
52.000 -0.062 
53.000 -0.062 
54.000 -0.062 
55.000 -0.063 
56.000 -0.063 
57.000 -0.063 
58.000 -0.063 
59.000 -0.063 
60.000 -0.064 
61.000 -0.064 
62.000 -0.064 
63.000 -0.064 
64.000 -0.064 
65.000 -0.064 
66.000 -0.065 
67.000 -0.065 
68.000 -0.065 
69.000 -0.065 
70.000 -0.065 
71.000 -0.065 
72.000 -0.066 
73.000 -0.066 
74.000 -0.066 
75.000 -0.066 
76.000 -0.066 
77.000 -0.066 
78.000 -0.067 
79.000 -0.067 
80.000 -0.067 
81.000 -0.067 
82.000 -0.067 
83.000 -0.067 
84.000 -0.068 
85.000 -0.068 
86.000 -0.068 
87.000 -0.068 
88.000 -0.068 
89.000 -0.068 
90.000 -0.069 
91.000 -0.069 
92.000 -0.069 
93.000 -0.069 
94.000 -0.069 
95.000 -0.069 
96.000 -0.070 
97.000 -0.070 
98.000 -0.070 
99.000 -0.070 
100.000 -0.070 
101.000 -0.070 
102.000 -0.071 
103.000 -0.071 
104.000 -0.071 
105.000 -0.071 
106.000 -0.071 
107.000 -0.071 
108.000 -0.072 
109.000 -0.072 
110.000 -0.072 
111.000 -0.072 
112.000 -0.072 
113.000 -0.072 
114.000 -0.073 
115.000 -0.073 
116.000 -0.073 
117.000 -0.073 
118.000 -0.073 
119.000 -0.073 
120.000 -0.074 
121.000 0.019 
122.000 -0.047 
123.000 -0.044 
124.000 -0.044 
125.000 -0.044 
126.000 -0.051 
127.000 -0.057 
128.000 -0.055 
129.000 -0.053 
130.000 -0.052 
131.000 -0.051 
132.000 -0.050 
133.000 -0.049 
134.000 -0.049 
135.000 -0.049 
136.000 -0.050 
137.000 -0.050 
138.000 -0.051 
139.000 -0.051 
140.000 -0.051 
141.000 -0.051 
142.000 -0.051 
143.000 -0.051 
144.000 -0.051 
145.000 -0.051 
146.000 -0.051 
147.000 -0.051 
148.000 -0.051 
149.000 -0.052 
150.000 -0.052 
151.000 -0.052 
152.000 -0.052 
153.000 -0.052 
154.000 -0.052 
155.000 -0.052 
156.000 -0.052 
157.000 -0.052 
158.000 -0.052 
159.000 -0.052 
160.000 -0.052 
161.000 -0.053 
162.000 -0.053 
163.000 -0.053 
164.000 -0.053 
165.000 -0.053 
166.000 -0.053 
167.000 -0.053 
168.000 -0.053 
169.000 -0.053 
170.000 -0.053 
171.000 -0.053 
172.000 -0.053 
173.000 -0.053 
174.000 -0.054 
175.000 -0.054 
176.000 -0.054 
177.000 -0.054 
178.000 -0.054 
179.000 -0.054 
180.000 -0.054 
181.000 -0.054 
182.000 -0.054 
183.000 -0.054 
184.000 -0.054 
185.000 -0.054 
186.000 -0.054 
187.000 -0.055 
188.000 -0.055 
189.000 -0.055 
190.000 -0.055 
191.000 -0.055 
192.000 -0.055 
193.000 -0.055 
194.000 -0.055 
195.000 -0.055 
196.000 -0.055 
197.000 -0.055 
198.000 -0.055 
199.000 -0.055 
200.000 -0.056 
201.000 -0.056 
202.000 -0.056 
203.000 -0.056 
204.000 -0.056 
205.000 -0.056 
206.000 -0.056 
207.000 -0.056 
208.000 -0.056 
209.000 -0.056 
210.000 -0.056 
211.000 -0.056 
212.000 -0.056 
213.000 -0.057 
214.000 -0.057 
215.000 -0.057 
216.000 -0.057 
217.000 -0.057 
218.000 -0.057 
219.000 -0.057 
220.000 -0.057 
221.000 -0.057 
222.000 -0.057 
223.000 -0.057 
224.000 -0.057 
225.000 -0.057 
226.000 -0.058 
227.000 -0.058 
228.000 -0.058 
229.000 -0.058 
230.000 -0.058 
231.000 -0.058 
232.000 -0.058 
233.000 -0.058 
234.000 -0.058 
235.000 -0.058 
236.000 -0.058 
237.000 -0.058 
238.000 -0.058 
239.000 -0.058 
240.000 -0.059 
241.000 0.466 
242.000 -0.130 
243.000 0.114 
244.000 0.056 
245.000 0.086 
246.000 0.012 
247.000 0.050 
248.000 0.049 
249.000 0.046 
250.000 0.046 
251.000 0.055 
252.000 0.058 
253.000 0.058 
254.000 0.059 
255.000 0.059 
256.000 0.058 
257.000 0.057 
258.000 0.057 
259.000 0.057 
260.000 0.057 
261.000 0.057 
262.000 0.058 
263.000 0.059 
264.000 0.059 
265.000 0.060 
266.000 0.061 
267.000 0.061 
268.000 0.061 
269.000 0.061 
270.000 0.062 
271.000 0.062 
272.000 0.062 
273.000 0.063 
274.000 0.063 
275.000 0.063 
276.000 0.064 
277.000 0.064 
278.000 0.065 
279.000 0.065 
280.000 0.065 
281.000 0.066 
282.000 0.066 
283.000 0.067 
284.000 0.067 
285.000 0.067 
286.000 0.068 
287.000 0.068 
288.000 0.069 
289.000 0.069 
290.000 0.069 
291.000 0.070 
292.000 0.070 
293.000 0.070 
294.000 0.071 
295.000 0.071 
296.000 0.072 
297.000 0.072 
298.000 0.072 
299.000 0.073 
300.000 0.073 
301.000 0.074 
302.000 0.074 
303.000 0.074 
304.000 0.075 
305.000 0.075 
306.000 0.076 
307.000 0.076 
308.000 0.076 
309.000 0.077 
310.000 0.077 
311.000 0.078 
312.000 0.078 
313.000 0.078 
314.000 0.079 
315.000 0.079 
316.000 0.080 
317.000 0.080 
318.000 0.081 
319.000 0.081 
320.000 0.081 
321.000 0.082 
322.000 0.082 
323.000 0.083 
324.000 0.083 
325.000 0.083 
326.000 0.084 
327.000 0.084 
328.000 0.085 
329.000 0.085 
330.000 0.086 
331.000 0.086 
332.000 0.086 
333.000 0.087 
334.000 0.087 
335.000 0.088 
336.000 0.088 
337.000 0.088 
338.000 0.089 
339.000 0.089 
340.000 0.090 
341.000 0.090 
342.000 0.091 
343.000 0.091 
344.000 0.091 
345.000 0.092 
346.000 0.092 
347.000 0.093 
348.000 0.093 
349.000 0.094 
350.000 0.094 
351.000 0.094 
352.000 0.095 
353.000 0.095 
354.000 0.096 
355.000 0.096 
356.000 0.097 
357.000 0.097 
358.000 0.097 
359.000 0.098 
360.000 0.098 
361.000 0.871 
362.000 0.180 
363.000 0.351 
364.000 0.293 
365.000 0.320 
366.000 0.236 
367.000 0.209 
368.000 0.196 
369.000 0.189 
370.000 0.184 
371.000 0.205 
372.000 0.239 
373.000 0.268 
374.000 0.289 
375.000 0.305 
376.000 0.312 
377.000 0.312 
378.000 0.306 
379.000 0.296 
380.000 0.284 
381.000 0.272 
382.000 0.261 
383.000 0.255 
384.000 0.254 
385.000 0.259 
386.000 0.270 
387.000 0.283 
388.000 0.297 
389.000 0.309 
390.000 0.317 
391.000 0.322 
392.000 0.324 
393.000 0.321 
394.000 0.317 
395.000 0.310 
396.000 0.303 
397.000 0.297 
398.000 0.293 
399.000 0.292 
400.000 0.295 
401.000 0.301 
402.000 0.310 
403.000 0.321 
404.000 0.331 
405.000 0.339 
406.000 0.345 
407.000 0.348 
408.000 0.348 
409.000 0.345 
410.000 0.340 
411.000 0.333 
412.000 0.327 
413.000 0.321 
414.000 0.317 
415.000 0.316 
416.000 0.319 
417.000 0.326 
418.000 0.335 
419.000 0.347 
420.000 0.358 
421.000 0.368 
422.000 0.375 
423.000 0.379 
424.000 0.379 
425.000 0.376 
426.000 0.369 
427.000 0.359 
428.000 0.348 
429.000 0.336 
430.000 0.326 
431.000 0.320 
432.000 0.319 
433.000 0.326 
434.000 0.339 
435.000 0.357 
436.000 0.377 
437.000 0.396 
438.000 0.412 
439.000 0.423 
440.000 0.427 
441.000 0.426 
442.000 0.417 
443.000 0.402 
444.000 0.380 
445.000 0.352 
446.000 0.321 
447.000 0.290 
448.000 0.265 
449.000 0.254 
450.000 0.262 
451.000 0.294 
452.000 0.345 
453.000 0.403 
454.000 0.454 
455.000 0.491 
456.000 0.515 
457.000 0.526 
458.000 0.526 
459.000 0.516 
460.000 0.494 
461.000 0.457 
462.000 0.399 
463.000 0.316 
464.000 0.201 
465.000 0.056 
466.000 -0.101 
467.000 -0.118 
468.000 -0.022 
469.000 0.136 
470.000 0.385 
471.000 0.550 
472.000 0.594 
473.000 0.614 
474.000 0.629 
475.000 0.636 
476.000 0.633 
477.000 0.621 
478.000 0.605 
479.000 0.584 
480.000 0.542 
481.000 0.996 
482.000 0.824 
483.000 0.837 
484.000 0.852 
485.000 0.871 
486.000 0.874 
487.000 0.871 
488.000 0.867 
489.000 0.859 
490.000 0.850 
491.000 0.838 
492.000 0.825 
493.000 0.813 
494.000 0.800 
495.000 0.789 
496.000 0.778 
497.000 0.770 
498.000 0.764 
499.000 0.760 
500.000 0.757 
501.000 0.757 
502.000 0.759 
503.000 0.763 
504.000 0.768 
505.000 0.773 
506.000 0.779 
507.000 0.786 
508.000 0.792 
509.000 0.798 
510.000 0.803 
511.000 0.808 
512.000 0.811 
513.000 0.814 
514.000 0.816 
515.000 0.816 
516.000 0.816 
517.000 0.815 
518.000 0.814 
519.000 0.812 
520.000 0.810 
521.000 0.807 
522.000 0.804 
523.000 0.802 
524.000 0.799 
525.000 0.797 
526.000 0.796 
527.000 0.794 
528.000 0.793 
529.000 0.793 
530.000 0.792 
531.000 0.793 
532.000 0.793 
533.000 0.794 
534.000 0.795 
535.000 0.796 
536.000 0.797 
537.000 0.798 
538.000 0.799 
539.000 0.800 
540.000 0.801 
541.000 0.802 
542.000 0.803 
543.000 0.803 
544.000 0.803 
545.000 0.803 
546.000 0.803 
547.000 0.803 
548.000 0.803 
549.000 0.802 
550.000 0.802 
551.000 0.801 
552.000 0.801 
553.000 0.800 
554.000 0.800 
555.000 0.799 
556.000 0.799 
557.000 0.799 
558.000 0.799 
559.000 0.799 
560.000 0.799 
561.000 0.799 
562.000 0.799 
563.000 0.799 
564.000 0.799 
565.000 0.799 
566.000 0.800 
567.000 0.800 
568.000 0.800 
569.000 0.800 
570.000 0.800 
571.000 0.800 
572.000 0.801 
573.000 0.801 
574.000 0.801 
575.000 0.801 
576.000 0.801 
577.000 0.801 
578.000 0.800 
579.000 0.800 
580.000 0.800 
581.000 0.800 
582.000 0.800 
583.000 0.800 
584.000 0.800 
585.000 0.800 
586.000 0.800 
587.000 0.800 
588.000 0.800 
589.000 0.800 
590.000 0.800 
591.000 0.800 
592.000 0.800 
593.000 0.800 
594.000 0.800 
595.000 0.800 
596.000 0.800 
597.000 0.800 
598.000 0.800 
599.000 0.800 
600.000 0.800 
601.000 1.000 
602.000 1.000 
603.000 1.000 
604.000 1.000 
605.000 1.000 
606.000 1.000 
607.000 1.000 
608.000 1.000 
609.000 1.000 
610.000 1.000 
611.000 1.000 
612.000 1.000 
613.000 1.000 
614.000 1.000 
615.000 1.000 
616.000 1.000 
617.000 1.000 
618.000 1.000 
619.000 1.000 
620.000 1.000 
621.000 1.000 
622.000 1.000 
623.000 1.000 
624.000 1.000 
625.000 1.000 
626.000 1.000 
627.000 1.000 
628.000 1.000 
629.000 1.000 
630.000 1.000 
631.000 1.000 
632.000 1.000 
633.000 1.000 
634.000 1.000 
635.000 1.000 
636.000 1.000 
637.000 1.000 
638.000 1.000 
639.000 1.000 
640.000 1.000 
641.000 1.000 
642.000 1.000 
643.000 1.000 
644.000 1.000 
645.000 1.000 
646.000 1.000 
647.000 1.000 
648.000 1.000 
649.000 1.000 
650.000 1.000 
651.000 1.000 
652.000 1.000 
653.000 1.000 
654.000 1.000 
655.000 1.000 
656.000 1.000 
657.000 1.000 
658.000 1.000 
659.000 1.000 
660.000 1.000 
661.000 1.000 
662.000 1.000 
663.000 1.000 
664.000 1.000 
665.000 1.000 
666.000 1.000 
667.000 1.000 
668.000 1.000 
669.000 1.000 
670.000 1.000 
671.000 1.000 
672.000 1.000 
673.000 1.000 
674.000 1.000 
675.000 1.000 
676.000 1.000 
677.000 1.000 
678.000 1.000 
679.000 1.000 
680.000 1.000 
681.000 1.000 
682.000 1.000 
683.000 1.000 
684.000 1.000 
685.000 1.000 
686.000 1.000 
687.000 1.000 
688.000 1.000 
689.000 1.000 
690.000 1.000 
691.000 1.000 
692.000 1.000 
693.000 1.000 
694.000 1.000 
695.000 1.000 
696.000 1.000 
697.000 1.000 
698.000 1.000 
699.000 1.000 
700.000 1.000 
701.000 1.000 
702.000 1.000 
703.000 1.000 
704.000 1.000 
705.000 1.000 
706.000 1.000 
707.000 1.000 
708.000 1.000 
709.000 1.000 
710.000 1.000 
711.000 1.000 
712.000 1.000 
713.000 1.000 
714.000 1.000 
715.000 1.000 
716.000 1.000 
717.000 1.000 
718.000 1.000 
719.000 1.000 
720.000 1.000 
721.000 1.000 
722.000 1.000 
723.000 1.000 
724.000 1.000 
725.000 1.000 
726.000 1.000 
727.000 1.000 
728.000 1.000 
729.000 1.000 
730.000 1.000 
731.000 1.000 
732.000 1.000 
733.000 1.000 
734.000 1.000 
735.000 1.000 
736.000 1.000 
737.000 1.000 
738.000 1.000 
739.000 1.000 
740.000 1.000 
741.000 1.000 
742.000 1.000 
743.000 1.000 
744.000 1.000 
745.000 1.000 
746.000 1.000 
747.000 1.000 
748.000 1.000 
749.000 1.000 
750.000 1.000 
751.000 1.000 
752.000 1.000 
753.000 1.000 
754.000 1.000 
755.000 1.000 
756.000 1.000 
757.000 1.000 
758.000 1.000 
759.000 1.000 
760.000 1.000 
761.000 1.000 
762.000 1.000 
763.000 1.000 
764.000 1.000 
765.000 1.000 
766.000 1.000 
767.000 1.000 
768.000 1.000 
769.000 1.000 
770.000 1.000 
771.000 1.000 
772.000 1.000 
773.000 1.000 
774.000 1.000 
775.000 1.000 
776.000 1.000 
777.000 1.000 
778.000 1.000 
779.000 1.000 
780.000 1.000 
781.000 1.000 
782.000 1.000 
783.000 1.000 
784.000 1.000 
785.000 1.000 
786.000 1.000 
787.000 1.000 
788.000 1.000 
789.000 1.000 
790.000 1.000 
791.000 1.000 
792.000 1.000 
793.000 1.000 
794.000 1.000 
795.000 1.000 
796.000 1.000 
797.000 1.000 
798.000 1.000 
799.000 1.000 
800.000 1.000 
