1.000 0.000 
2.000 0.000 
3.000 0.000 
4.000 0.000 
5.000 0.000 
6.000 0.000 
7.000 -0.776 
8.000 -0.445 
9.000 -0.447 
10.000 -0.449 
11.000 -0.451 
12.000 -0.258 
13.000 -0.114 
14.000 -0.102 
15.000 -0.093 
16.000 -0.086 
17.000 -0.079 
18.000 -0.116 
19.000 -0.182 
20.000 -0.231 
21.000 -0.265 
22.000 -0.290 
23.000 -0.298 
24.000 -0.280 
25.000 -0.246 
26.000 -0.215 
27.000 -0.190 
28.000 -0.173 
29.000 -0.163 
30.000 -0.163 
31.000 -0.171 
32.000 -0.186 
33.000 -0.202 
34.000 -0.217 
35.000 -0.228 
36.000 -0.234 
37.000 -0.234 
38.000 -0.229 
39.000 -0.222 
40.000 -0.214 
41.000 -0.207 
42.000 -0.202 
43.000 -0.200 
44.000 -0.201 
45.000 -0.204 
46.000 -0.209 
47.000 -0.214 
48.000 -0.218 
49.000 -0.221 
50.000 -0.223 
51.000 -0.223 
52.000 -0.222 
53.000 -0.221 
54.000 -0.219 
55.000 -0.217 
56.000 -0.216 
57.000 -0.216 
58.000 -0.217 
59.000 -0.218 
60.000 -0.220 
61.000 -0.222 
62.000 -0.223 
63.000 -0.224 
64.000 -0.225 
65.000 -0.225 
66.000 -0.226 
67.000 -0.226 
68.000 -0.226 
69.000 -0.226 
70.000 -0.226 
71.000 -0.226 
72.000 -0.227 
73.000 -0.227 
74.000 -0.228 
75.000 -0.229 
76.000 -0.230 
77.000 -0.230 
78.000 -0.231 
79.000 -0.231 
80.000 -0.232 
81.000 -0.232 
82.000 -0.232 
83.000 -0.233 
84.000 -0.233 
85.000 -0.234 
86.000 -0.234 
87.000 -0.235 
88.000 -0.235 
89.000 -0.236 
90.000 -0.237 
91.000 -0.237 
92.000 -0.238 
93.000 -0.238 
94.000 -0.239 
95.000 -0.239 
96.000 -0.239 
97.000 -0.240 
98.000 -0.240 
99.000 -0.241 
100.000 -0.241 
101.000 -0.242 
102.000 -0.242 
103.000 -0.243 
104.000 -0.243 
105.000 -0.244 
106.000 -0.244 
107.000 -0.245 
108.000 -0.245 
109.000 -0.246 
110.000 -0.246 
111.000 -0.247 
112.000 -0.247 
113.000 -0.248 
114.000 -0.248 
115.000 -0.249 
116.000 -0.249 
117.000 -0.250 
118.000 -0.250 
119.000 -0.251 
120.000 -0.251 
121.000 0.081 
122.000 -0.058 
123.000 -0.061 
124.000 -0.060 
125.000 -0.060 
126.000 -0.089 
127.000 -0.189 
128.000 -0.218 
129.000 -0.233 
130.000 -0.241 
131.000 -0.236 
132.000 -0.202 
133.000 -0.154 
134.000 -0.119 
135.000 -0.096 
136.000 -0.083 
137.000 -0.079 
138.000 -0.088 
139.000 -0.110 
140.000 -0.138 
141.000 -0.164 
142.000 -0.186 
143.000 -0.199 
144.000 -0.199 
145.000 -0.186 
146.000 -0.166 
147.000 -0.145 
148.000 -0.126 
149.000 -0.113 
150.000 -0.107 
151.000 -0.108 
152.000 -0.117 
153.000 -0.130 
154.000 -0.146 
155.000 -0.160 
156.000 -0.171 
157.000 -0.175 
158.000 -0.173 
159.000 -0.165 
160.000 -0.154 
161.000 -0.142 
162.000 -0.132 
163.000 -0.126 
164.000 -0.124 
165.000 -0.126 
166.000 -0.132 
167.000 -0.140 
168.000 -0.149 
169.000 -0.157 
170.000 -0.161 
171.000 -0.162 
172.000 -0.160 
173.000 -0.155 
174.000 -0.149 
175.000 -0.143 
176.000 -0.138 
177.000 -0.135 
178.000 -0.135 
179.000 -0.137 
180.000 -0.141 
181.000 -0.145 
182.000 -0.150 
183.000 -0.154 
184.000 -0.156 
185.000 -0.156 
186.000 -0.154 
187.000 -0.151 
188.000 -0.148 
189.000 -0.145 
190.000 -0.142 
191.000 -0.141 
192.000 -0.142 
193.000 -0.143 
194.000 -0.145 
195.000 -0.148 
196.000 -0.150 
197.000 -0.152 
198.000 -0.153 
199.000 -0.153 
200.000 -0.152 
201.000 -0.150 
202.000 -0.148 
203.000 -0.147 
204.000 -0.146 
205.000 -0.145 
206.000 -0.146 
207.000 -0.147 
208.000 -0.148 
209.000 -0.150 
210.000 -0.151 
211.000 -0.152 
212.000 -0.152 
213.000 -0.152 
214.000 -0.151 
215.000 -0.150 
216.000 -0.149 
217.000 -0.148 
218.000 -0.148 
219.000 -0.148 
220.000 -0.149 
221.000 -0.149 
222.000 -0.150 
223.000 -0.151 
224.000 -0.151 
225.000 -0.152 
226.000 -0.152 
227.000 -0.152 
228.000 -0.151 
229.000 -0.151 
230.000 -0.150 
231.000 -0.150 
232.000 -0.150 
233.000 -0.150 
234.000 -0.150 
235.000 -0.151 
236.000 -0.151 
237.000 -0.152 
238.000 -0.152 
239.000 -0.152 
240.000 -0.152 
241.000 1.000 
242.000 0.075 
243.000 0.827 
244.000 0.079 
245.000 0.832 
246.000 -0.050 
247.000 0.032 
248.000 -0.607 
249.000 -0.713 
250.000 -1.000 
251.000 -0.862 
252.000 -0.355 
253.000 0.374 
254.000 0.394 
255.000 0.446 
256.000 0.368 
257.000 0.472 
258.000 0.302 
259.000 0.351 
260.000 0.010 
261.000 -0.329 
262.000 -0.853 
263.000 -1.000 
264.000 -1.000 
265.000 -0.831 
266.000 0.044 
267.000 0.591 
268.000 0.194 
269.000 0.731 
270.000 0.151 
271.000 0.792 
272.000 0.069 
273.000 0.513 
274.000 -0.137 
275.000 -0.400 
276.000 -1.000 
277.000 -0.988 
278.000 -1.000 
279.000 -0.501 
280.000 0.277 
281.000 0.497 
282.000 0.326 
283.000 0.549 
284.000 0.226 
285.000 0.679 
286.000 0.032 
287.000 0.318 
288.000 -0.211 
289.000 -0.580 
290.000 -1.000 
291.000 -0.922 
292.000 -0.849 
293.000 -0.123 
294.000 0.522 
295.000 0.284 
296.000 0.614 
297.000 0.166 
298.000 0.772 
299.000 0.102 
300.000 0.532 
301.000 -0.102 
302.000 -0.280 
303.000 -0.932 
304.000 -0.943 
305.000 -1.000 
306.000 -0.568 
307.000 0.194 
308.000 0.558 
309.000 0.257 
310.000 0.651 
311.000 0.169 
312.000 0.767 
313.000 0.057 
314.000 0.408 
315.000 -0.161 
316.000 -0.468 
317.000 -1.000 
318.000 -0.956 
319.000 -1.000 
320.000 -0.300 
321.000 0.426 
322.000 0.398 
323.000 0.471 
324.000 0.361 
325.000 0.509 
326.000 0.273 
327.000 0.426 
328.000 -0.001 
329.000 -0.311 
330.000 -0.868 
331.000 -1.000 
332.000 -1.000 
333.000 -0.848 
334.000 0.065 
335.000 0.628 
336.000 0.218 
337.000 0.710 
338.000 0.184 
339.000 0.758 
340.000 0.097 
341.000 0.518 
342.000 -0.114 
343.000 -0.407 
344.000 -1.000 
345.000 -1.000 
346.000 -1.000 
347.000 -0.543 
348.000 0.297 
349.000 0.521 
350.000 0.323 
351.000 0.571 
352.000 0.225 
353.000 0.695 
354.000 0.060 
355.000 0.358 
356.000 -0.173 
357.000 -0.541 
358.000 -1.000 
359.000 -0.954 
360.000 -0.942 
361.000 1.000 
362.000 0.434 
363.000 0.611 
364.000 0.458 
365.000 0.576 
366.000 0.444 
367.000 0.432 
368.000 0.358 
369.000 0.416 
370.000 0.118 
371.000 0.000 
372.000 -0.283 
373.000 -0.343 
374.000 -0.375 
375.000 0.257 
376.000 0.711 
377.000 0.474 
378.000 0.609 
379.000 0.491 
380.000 0.578 
381.000 0.370 
382.000 0.511 
383.000 0.226 
384.000 0.526 
385.000 -0.034 
386.000 -0.108 
387.000 -0.417 
388.000 -0.156 
389.000 -0.203 
390.000 0.791 
391.000 0.453 
392.000 0.648 
393.000 0.541 
394.000 0.557 
395.000 0.462 
396.000 0.438 
397.000 0.375 
398.000 0.389 
399.000 0.084 
400.000 -0.145 
401.000 -0.429 
402.000 -0.465 
403.000 -0.408 
404.000 0.395 
405.000 0.647 
406.000 0.573 
407.000 0.594 
408.000 0.557 
409.000 0.571 
410.000 0.421 
411.000 0.468 
412.000 0.313 
413.000 0.376 
414.000 -0.002 
415.000 -0.297 
416.000 -0.553 
417.000 -0.429 
418.000 -0.267 
419.000 0.778 
420.000 0.563 
421.000 0.641 
422.000 0.603 
423.000 0.578 
424.000 0.517 
425.000 0.419 
426.000 0.432 
427.000 0.328 
428.000 0.111 
429.000 -0.262 
430.000 -0.571 
431.000 -0.682 
432.000 -0.495 
433.000 0.333 
434.000 0.756 
435.000 0.651 
436.000 0.640 
437.000 0.615 
438.000 0.613 
439.000 0.455 
440.000 0.450 
441.000 0.350 
442.000 0.272 
443.000 -0.120 
444.000 -0.622 
445.000 -0.846 
446.000 -0.738 
447.000 -0.308 
448.000 1.000 
449.000 0.683 
450.000 0.690 
451.000 0.660 
452.000 0.639 
453.000 0.532 
454.000 0.388 
455.000 0.451 
456.000 0.166 
457.000 -0.213 
458.000 -0.882 
459.000 -1.000 
460.000 -1.000 
461.000 -0.333 
462.000 1.000 
463.000 0.733 
464.000 0.722 
465.000 0.687 
466.000 0.669 
467.000 0.564 
468.000 0.371 
469.000 0.480 
470.000 0.129 
471.000 -0.314 
472.000 -1.000 
473.000 -1.000 
474.000 -1.000 
475.000 -0.356 
476.000 1.000 
477.000 0.768 
478.000 0.745 
479.000 0.705 
480.000 0.686 
481.000 1.000 
482.000 1.000 
483.000 1.000 
484.000 1.000 
485.000 0.935 
486.000 0.774 
487.000 0.587 
488.000 0.434 
489.000 0.476 
490.000 0.342 
491.000 0.513 
492.000 0.388 
493.000 0.708 
494.000 0.751 
495.000 1.000 
496.000 1.000 
497.000 1.000 
498.000 1.000 
499.000 1.000 
500.000 0.999 
501.000 0.823 
502.000 0.659 
503.000 0.509 
504.000 0.469 
505.000 0.418 
506.000 0.389 
507.000 0.430 
508.000 0.649 
509.000 0.734 
510.000 0.963 
511.000 1.000 
512.000 1.000 
513.000 1.000 
514.000 1.000 
515.000 1.000 
516.000 0.932 
517.000 0.767 
518.000 0.616 
519.000 0.479 
520.000 0.487 
521.000 0.406 
522.000 0.360 
523.000 0.515 
524.000 0.698 
525.000 0.856 
526.000 1.000 
527.000 1.000 
528.000 1.000 
529.000 1.000 
530.000 1.000 
531.000 1.000 
532.000 0.924 
533.000 0.766 
534.000 0.621 
535.000 0.492 
536.000 0.489 
537.000 0.385 
538.000 0.330 
539.000 0.492 
540.000 0.744 
541.000 0.901 
542.000 1.000 
543.000 1.000 
544.000 1.000 
545.000 1.000 
546.000 1.000 
547.000 1.000 
548.000 0.991 
549.000 0.832 
550.000 0.688 
551.000 0.558 
552.000 0.482 
553.000 0.437 
554.000 0.299 
555.000 0.295 
556.000 0.683 
557.000 0.844 
558.000 1.000 
559.000 1.000 
560.000 1.000 
561.000 1.000 
562.000 1.000 
563.000 1.000 
564.000 1.000 
565.000 1.000 
566.000 0.849 
567.000 0.708 
568.000 0.583 
569.000 0.488 
570.000 0.432 
571.000 0.274 
572.000 0.190 
573.000 0.539 
574.000 0.872 
575.000 1.000 
576.000 1.000 
577.000 1.000 
578.000 1.000 
579.000 1.000 
580.000 1.000 
581.000 1.000 
582.000 1.000 
583.000 1.000 
584.000 0.857 
585.000 0.721 
586.000 0.601 
587.000 0.497 
588.000 0.418 
589.000 0.233 
590.000 0.056 
591.000 0.329 
592.000 0.938 
593.000 1.000 
594.000 1.000 
595.000 1.000 
596.000 1.000 
597.000 1.000 
598.000 1.000 
599.000 1.000 
600.000 1.000 
601.000 1.000 
602.000 1.000 
603.000 1.000 
604.000 1.000 
605.000 1.000 
606.000 1.000 
607.000 1.000 
608.000 1.000 
609.000 1.000 
610.000 1.000 
611.000 1.000 
612.000 1.000 
613.000 1.000 
614.000 1.000 
615.000 1.000 
616.000 1.000 
617.000 1.000 
618.000 1.000 
619.000 1.000 
620.000 1.000 
621.000 1.000 
622.000 1.000 
623.000 1.000 
624.000 1.000 
625.000 1.000 
626.000 1.000 
627.000 1.000 
628.000 1.000 
629.000 1.000 
630.000 1.000 
631.000 1.000 
632.000 1.000 
633.000 1.000 
634.000 1.000 
635.000 1.000 
636.000 1.000 
637.000 1.000 
638.000 1.000 
639.000 1.000 
640.000 1.000 
641.000 1.000 
642.000 1.000 
643.000 1.000 
644.000 1.000 
645.000 1.000 
646.000 1.000 
647.000 1.000 
648.000 1.000 
649.000 1.000 
650.000 1.000 
651.000 1.000 
652.000 1.000 
653.000 1.000 
654.000 1.000 
655.000 1.000 
656.000 1.000 
657.000 1.000 
658.000 1.000 
659.000 1.000 
660.000 1.000 
661.000 1.000 
662.000 1.000 
663.000 1.000 
664.000 1.000 
665.000 1.000 
666.000 1.000 
667.000 1.000 
668.000 1.000 
669.000 1.000 
670.000 1.000 
671.000 1.000 
672.000 1.000 
673.000 1.000 
674.000 1.000 
675.000 1.000 
676.000 1.000 
677.000 1.000 
678.000 1.000 
679.000 1.000 
680.000 1.000 
681.000 1.000 
682.000 1.000 
683.000 1.000 
684.000 1.000 
685.000 1.000 
686.000 1.000 
687.000 1.000 
688.000 1.000 
689.000 1.000 
690.000 1.000 
691.000 1.000 
692.000 1.000 
693.000 1.000 
694.000 1.000 
695.000 1.000 
696.000 1.000 
697.000 1.000 
698.000 1.000 
699.000 1.000 
700.000 1.000 
701.000 1.000 
702.000 1.000 
703.000 1.000 
704.000 1.000 
705.000 1.000 
706.000 1.000 
707.000 1.000 
708.000 1.000 
709.000 1.000 
710.000 1.000 
711.000 1.000 
712.000 1.000 
713.000 1.000 
714.000 1.000 
715.000 1.000 
716.000 1.000 
717.000 1.000 
718.000 1.000 
719.000 1.000 
720.000 1.000 
721.000 1.000 
722.000 1.000 
723.000 1.000 
724.000 1.000 
725.000 1.000 
726.000 1.000 
727.000 1.000 
728.000 1.000 
729.000 1.000 
730.000 1.000 
731.000 1.000 
732.000 1.000 
733.000 1.000 
734.000 1.000 
735.000 1.000 
736.000 1.000 
737.000 1.000 
738.000 1.000 
739.000 1.000 
740.000 1.000 
741.000 1.000 
742.000 1.000 
743.000 1.000 
744.000 1.000 
745.000 1.000 
746.000 1.000 
747.000 1.000 
748.000 1.000 
749.000 1.000 
750.000 1.000 
751.000 1.000 
752.000 1.000 
753.000 1.000 
754.000 1.000 
755.000 1.000 
756.000 1.000 
757.000 1.000 
758.000 1.000 
759.000 1.000 
760.000 1.000 
761.000 1.000 
762.000 1.000 
763.000 1.000 
764.000 1.000 
765.000 1.000 
766.000 1.000 
767.000 1.000 
768.000 1.000 
769.000 1.000 
770.000 1.000 
771.000 1.000 
772.000 1.000 
773.000 1.000 
774.000 1.000 
775.000 1.000 
776.000 1.000 
777.000 1.000 
778.000 1.000 
779.000 1.000 
780.000 1.000 
781.000 1.000 
782.000 1.000 
783.000 1.000 
784.000 1.000 
785.000 1.000 
786.000 1.000 
787.000 1.000 
788.000 1.000 
789.000 1.000 
790.000 1.000 
791.000 1.000 
792.000 1.000 
793.000 1.000 
794.000 1.000 
795.000 1.000 
796.000 1.000 
797.000 1.000 
798.000 1.000 
799.000 1.000 
800.000 1.000 
