1.000 0.000 
2.000 0.000 
3.000 0.000 
4.000 0.000 
5.000 0.000 
6.000 0.000 
7.000 -0.886 
8.000 -0.443 
9.000 -0.445 
10.000 -0.448 
11.000 -0.450 
12.000 -0.203 
13.000 -0.050 
14.000 -0.075 
15.000 -0.080 
16.000 -0.079 
17.000 -0.070 
18.000 -0.136 
19.000 -0.228 
20.000 -0.275 
21.000 -0.300 
22.000 -0.316 
23.000 -0.309 
24.000 -0.267 
25.000 -0.219 
26.000 -0.184 
27.000 -0.164 
28.000 -0.151 
29.000 -0.149 
30.000 -0.160 
31.000 -0.180 
32.000 -0.202 
33.000 -0.222 
34.000 -0.237 
35.000 -0.244 
36.000 -0.242 
37.000 -0.233 
38.000 -0.221 
39.000 -0.209 
40.000 -0.199 
41.000 -0.194 
42.000 -0.193 
43.000 -0.196 
44.000 -0.202 
45.000 -0.209 
46.000 -0.216 
47.000 -0.222 
48.000 -0.225 
49.000 -0.225 
50.000 -0.224 
51.000 -0.221 
52.000 -0.218 
53.000 -0.215 
54.000 -0.213 
55.000 -0.212 
56.000 -0.213 
57.000 -0.215 
58.000 -0.218 
59.000 -0.220 
60.000 -0.222 
61.000 -0.224 
62.000 -0.225 
63.000 -0.225 
64.000 -0.224 
65.000 -0.224 
66.000 -0.223 
67.000 -0.223 
68.000 -0.223 
69.000 -0.224 
70.000 -0.224 
71.000 -0.225 
72.000 -0.226 
73.000 -0.227 
74.000 -0.228 
75.000 -0.229 
76.000 -0.229 
77.000 -0.230 
78.000 -0.230 
79.000 -0.230 
80.000 -0.230 
81.000 -0.231 
82.000 -0.231 
83.000 -0.232 
84.000 -0.232 
85.000 -0.233 
86.000 -0.234 
87.000 -0.234 
88.000 -0.235 
89.000 -0.235 
90.000 -0.236 
91.000 -0.236 
92.000 -0.237 
93.000 -0.237 
94.000 -0.237 
95.000 -0.238 
96.000 -0.238 
97.000 -0.239 
98.000 -0.239 
99.000 -0.240 
100.000 -0.241 
101.000 -0.241 
102.000 -0.242 
103.000 -0.242 
104.000 -0.242 
105.000 -0.243 
106.000 -0.243 
107.000 -0.244 
108.000 -0.244 
109.000 -0.245 
110.000 -0.245 
111.000 -0.246 
112.000 -0.246 
113.000 -0.247 
114.000 -0.247 
115.000 -0.248 
116.000 -0.248 
117.000 -0.249 
118.000 -0.249 
119.000 -0.250 
120.000 -0.250 
121.000 0.129 
122.000 -0.055 
123.000 -0.061 
124.000 -0.060 
125.000 -0.060 
126.000 -0.105 
127.000 -0.231 
128.000 -0.246 
129.000 -0.249 
130.000 -0.249 
131.000 -0.234 
132.000 -0.182 
133.000 -0.123 
134.000 -0.091 
135.000 -0.076 
136.000 -0.069 
137.000 -0.073 
138.000 -0.095 
139.000 -0.131 
140.000 -0.167 
141.000 -0.195 
142.000 -0.212 
143.000 -0.214 
144.000 -0.198 
145.000 -0.170 
146.000 -0.142 
147.000 -0.118 
148.000 -0.102 
149.000 -0.095 
150.000 -0.098 
151.000 -0.111 
152.000 -0.131 
153.000 -0.153 
154.000 -0.172 
155.000 -0.184 
156.000 -0.187 
157.000 -0.179 
158.000 -0.165 
159.000 -0.148 
160.000 -0.132 
161.000 -0.120 
162.000 -0.115 
163.000 -0.115 
164.000 -0.122 
165.000 -0.134 
166.000 -0.147 
167.000 -0.160 
168.000 -0.168 
169.000 -0.171 
170.000 -0.168 
171.000 -0.160 
172.000 -0.150 
173.000 -0.140 
174.000 -0.132 
175.000 -0.128 
176.000 -0.128 
177.000 -0.131 
178.000 -0.138 
179.000 -0.146 
180.000 -0.153 
181.000 -0.159 
182.000 -0.161 
183.000 -0.161 
184.000 -0.157 
185.000 -0.151 
186.000 -0.145 
187.000 -0.140 
188.000 -0.137 
189.000 -0.136 
190.000 -0.138 
191.000 -0.141 
192.000 -0.146 
193.000 -0.151 
194.000 -0.154 
195.000 -0.156 
196.000 -0.156 
197.000 -0.154 
198.000 -0.151 
199.000 -0.148 
200.000 -0.144 
201.000 -0.142 
202.000 -0.141 
203.000 -0.142 
204.000 -0.144 
205.000 -0.147 
206.000 -0.150 
207.000 -0.152 
208.000 -0.154 
209.000 -0.154 
210.000 -0.153 
211.000 -0.151 
212.000 -0.149 
213.000 -0.147 
214.000 -0.146 
215.000 -0.145 
216.000 -0.146 
217.000 -0.147 
218.000 -0.148 
219.000 -0.150 
220.000 -0.151 
221.000 -0.152 
222.000 -0.153 
223.000 -0.152 
224.000 -0.152 
225.000 -0.151 
226.000 -0.149 
227.000 -0.149 
228.000 -0.148 
229.000 -0.148 
230.000 -0.149 
231.000 -0.150 
232.000 -0.151 
233.000 -0.151 
234.000 -0.152 
235.000 -0.152 
236.000 -0.152 
237.000 -0.152 
238.000 -0.152 
239.000 -0.151 
240.000 -0.150 
241.000 1.000 
242.000 0.079 
243.000 0.819 
244.000 0.082 
245.000 0.823 
246.000 -0.039 
247.000 -0.065 
248.000 -0.766 
249.000 -0.790 
250.000 -1.000 
251.000 -0.873 
252.000 -0.150 
253.000 0.613 
254.000 0.164 
255.000 0.769 
256.000 0.148 
257.000 0.792 
258.000 0.080 
259.000 0.459 
260.000 -0.144 
261.000 -0.493 
262.000 -1.000 
263.000 -1.000 
264.000 -1.000 
265.000 -0.382 
266.000 0.470 
267.000 0.333 
268.000 0.541 
269.000 0.242 
270.000 0.658 
271.000 0.120 
272.000 0.519 
273.000 -0.078 
274.000 -0.370 
275.000 -1.000 
276.000 -0.974 
277.000 -1.000 
278.000 -0.554 
279.000 0.345 
280.000 0.472 
281.000 0.356 
282.000 0.506 
283.000 0.287 
284.000 0.595 
285.000 0.044 
286.000 0.195 
287.000 -0.317 
288.000 -0.759 
289.000 -1.000 
290.000 -0.954 
291.000 -0.666 
292.000 0.212 
293.000 0.572 
294.000 0.222 
295.000 0.695 
296.000 0.160 
297.000 0.780 
298.000 0.062 
299.000 0.353 
300.000 -0.206 
301.000 -0.559 
302.000 -1.000 
303.000 -1.000 
304.000 -1.000 
305.000 -0.102 
306.000 0.633 
307.000 0.191 
308.000 0.742 
309.000 0.176 
310.000 0.763 
311.000 0.109 
312.000 0.492 
313.000 -0.110 
314.000 -0.471 
315.000 -1.000 
316.000 -1.000 
317.000 -1.000 
318.000 -0.479 
319.000 0.460 
320.000 0.373 
321.000 0.502 
322.000 0.319 
323.000 0.560 
324.000 0.210 
325.000 0.491 
326.000 -0.031 
327.000 -0.363 
328.000 -0.964 
329.000 -1.000 
330.000 -1.000 
331.000 -0.708 
332.000 0.304 
333.000 0.540 
334.000 0.287 
335.000 0.614 
336.000 0.177 
337.000 0.762 
338.000 0.074 
339.000 0.331 
340.000 -0.202 
341.000 -0.536 
342.000 -1.000 
343.000 -1.000 
344.000 -0.957 
345.000 -0.058 
346.000 0.670 
347.000 0.206 
348.000 0.726 
349.000 0.191 
350.000 0.749 
351.000 0.117 
352.000 0.468 
353.000 -0.111 
354.000 -0.499 
355.000 -1.000 
356.000 -1.000 
357.000 -1.000 
358.000 -0.438 
359.000 0.514 
360.000 0.328 
361.000 1.000 
362.000 0.435 
363.000 0.585 
364.000 0.417 
365.000 0.511 
366.000 0.250 
367.000 0.513 
368.000 -0.049 
369.000 -0.273 
370.000 -0.656 
371.000 -0.403 
372.000 -0.477 
373.000 0.771 
374.000 0.432 
375.000 0.637 
376.000 0.493 
377.000 0.560 
378.000 0.458 
379.000 0.448 
380.000 0.369 
381.000 0.421 
382.000 0.094 
383.000 -0.098 
384.000 -0.397 
385.000 -0.424 
386.000 -0.435 
387.000 0.406 
388.000 0.577 
389.000 0.519 
390.000 0.581 
391.000 0.517 
392.000 0.563 
393.000 0.405 
394.000 0.489 
395.000 0.291 
396.000 0.404 
397.000 0.010 
398.000 -0.218 
399.000 -0.496 
400.000 -0.305 
401.000 -0.192 
402.000 0.884 
403.000 0.473 
404.000 0.642 
405.000 0.548 
406.000 0.569 
407.000 0.462 
408.000 0.443 
409.000 0.377 
410.000 0.315 
411.000 0.023 
412.000 -0.347 
413.000 -0.583 
414.000 -0.554 
415.000 -0.272 
416.000 0.864 
417.000 0.528 
418.000 0.634 
419.000 0.575 
420.000 0.580 
421.000 0.496 
422.000 0.431 
423.000 0.413 
424.000 0.310 
425.000 0.046 
426.000 -0.378 
427.000 -0.628 
428.000 -0.667 
429.000 -0.372 
430.000 0.750 
431.000 0.556 
432.000 0.644 
433.000 0.604 
434.000 0.588 
435.000 0.542 
436.000 0.432 
437.000 0.448 
438.000 0.337 
439.000 0.123 
440.000 -0.295 
441.000 -0.635 
442.000 -0.758 
443.000 -0.547 
444.000 0.378 
445.000 0.714 
446.000 0.642 
447.000 0.637 
448.000 0.616 
449.000 0.619 
450.000 0.474 
451.000 0.455 
452.000 0.373 
453.000 0.245 
454.000 -0.160 
455.000 -0.706 
456.000 -0.906 
457.000 -0.793 
458.000 -0.218 
459.000 1.000 
460.000 0.669 
461.000 0.678 
462.000 0.654 
463.000 0.647 
464.000 0.536 
465.000 0.401 
466.000 0.453 
467.000 0.157 
468.000 -0.309 
469.000 -0.996 
470.000 -1.000 
471.000 -1.000 
472.000 -0.194 
473.000 1.000 
474.000 0.717 
475.000 0.707 
476.000 0.677 
477.000 0.679 
478.000 0.565 
479.000 0.387 
480.000 0.476 
481.000 1.000 
482.000 0.930 
483.000 0.890 
484.000 0.962 
485.000 1.000 
486.000 0.891 
487.000 0.731 
488.000 0.604 
489.000 0.475 
490.000 0.477 
491.000 0.403 
492.000 0.497 
493.000 0.459 
494.000 0.648 
495.000 0.721 
496.000 0.921 
497.000 1.000 
498.000 1.000 
499.000 1.000 
500.000 1.000 
501.000 0.973 
502.000 0.818 
503.000 0.661 
504.000 0.515 
505.000 0.469 
506.000 0.429 
507.000 0.364 
508.000 0.452 
509.000 0.609 
510.000 0.691 
511.000 0.901 
512.000 1.000 
513.000 1.000 
514.000 1.000 
515.000 1.000 
516.000 1.000 
517.000 0.959 
518.000 0.797 
519.000 0.645 
520.000 0.505 
521.000 0.477 
522.000 0.417 
523.000 0.318 
524.000 0.453 
525.000 0.662 
526.000 0.761 
527.000 0.982 
528.000 1.000 
529.000 1.000 
530.000 1.000 
531.000 1.000 
532.000 1.000 
533.000 0.988 
534.000 0.828 
535.000 0.679 
536.000 0.542 
537.000 0.475 
538.000 0.427 
539.000 0.284 
540.000 0.333 
541.000 0.743 
542.000 0.761 
543.000 0.991 
544.000 1.000 
545.000 1.000 
546.000 1.000 
547.000 1.000 
548.000 1.000 
549.000 1.000 
550.000 0.926 
551.000 0.774 
552.000 0.634 
553.000 0.508 
554.000 0.489 
555.000 0.340 
556.000 0.229 
557.000 0.414 
558.000 0.768 
559.000 0.876 
560.000 1.000 
561.000 1.000 
562.000 1.000 
563.000 1.000 
564.000 1.000 
565.000 1.000 
566.000 1.000 
567.000 0.975 
568.000 0.822 
569.000 0.683 
570.000 0.558 
571.000 0.486 
572.000 0.365 
573.000 0.180 
574.000 0.165 
575.000 0.766 
576.000 0.848 
577.000 1.000 
578.000 1.000 
579.000 1.000 
580.000 1.000 
581.000 1.000 
582.000 1.000 
583.000 1.000 
584.000 1.000 
585.000 1.000 
586.000 0.859 
587.000 0.721 
588.000 0.599 
589.000 0.492 
590.000 0.381 
591.000 0.145 
592.000 -0.075 
593.000 0.394 
594.000 0.894 
595.000 1.000 
596.000 1.000 
597.000 1.000 
598.000 1.000 
599.000 1.000 
600.000 1.000 
601.000 1.000 
602.000 1.000 
603.000 1.000 
604.000 1.000 
605.000 1.000 
606.000 1.000 
607.000 1.000 
608.000 1.000 
609.000 1.000 
610.000 1.000 
611.000 1.000 
612.000 1.000 
613.000 1.000 
614.000 1.000 
615.000 1.000 
616.000 1.000 
617.000 1.000 
618.000 1.000 
619.000 1.000 
620.000 1.000 
621.000 1.000 
622.000 1.000 
623.000 1.000 
624.000 1.000 
625.000 1.000 
626.000 1.000 
627.000 1.000 
628.000 1.000 
629.000 1.000 
630.000 1.000 
631.000 1.000 
632.000 1.000 
633.000 1.000 
634.000 1.000 
635.000 1.000 
636.000 1.000 
637.000 1.000 
638.000 1.000 
639.000 1.000 
640.000 1.000 
641.000 1.000 
642.000 1.000 
643.000 1.000 
644.000 1.000 
645.000 1.000 
646.000 1.000 
647.000 1.000 
648.000 1.000 
649.000 1.000 
650.000 1.000 
651.000 1.000 
652.000 1.000 
653.000 1.000 
654.000 1.000 
655.000 1.000 
656.000 1.000 
657.000 1.000 
658.000 1.000 
659.000 1.000 
660.000 1.000 
661.000 1.000 
662.000 1.000 
663.000 1.000 
664.000 1.000 
665.000 1.000 
666.000 1.000 
667.000 1.000 
668.000 1.000 
669.000 1.000 
670.000 1.000 
671.000 1.000 
672.000 1.000 
673.000 1.000 
674.000 1.000 
675.000 1.000 
676.000 1.000 
677.000 1.000 
678.000 1.000 
679.000 1.000 
680.000 1.000 
681.000 1.000 
682.000 1.000 
683.000 1.000 
684.000 1.000 
685.000 1.000 
686.000 1.000 
687.000 1.000 
688.000 1.000 
689.000 1.000 
690.000 1.000 
691.000 1.000 
692.000 1.000 
693.000 1.000 
694.000 1.000 
695.000 1.000 
696.000 1.000 
697.000 1.000 
698.000 1.000 
699.000 1.000 
700.000 1.000 
701.000 1.000 
702.000 1.000 
703.000 1.000 
704.000 1.000 
705.000 1.000 
706.000 1.000 
707.000 1.000 
708.000 1.000 
709.000 1.000 
710.000 1.000 
711.000 1.000 
712.000 1.000 
713.000 1.000 
714.000 1.000 
715.000 1.000 
716.000 1.000 
717.000 1.000 
718.000 1.000 
719.000 1.000 
720.000 1.000 
721.000 1.000 
722.000 1.000 
723.000 1.000 
724.000 1.000 
725.000 1.000 
726.000 1.000 
727.000 1.000 
728.000 1.000 
729.000 1.000 
730.000 1.000 
731.000 1.000 
732.000 1.000 
733.000 1.000 
734.000 1.000 
735.000 1.000 
736.000 1.000 
737.000 1.000 
738.000 1.000 
739.000 1.000 
740.000 1.000 
741.000 1.000 
742.000 1.000 
743.000 1.000 
744.000 1.000 
745.000 1.000 
746.000 1.000 
747.000 1.000 
748.000 1.000 
749.000 1.000 
750.000 1.000 
751.000 1.000 
752.000 1.000 
753.000 1.000 
754.000 1.000 
755.000 1.000 
756.000 1.000 
757.000 1.000 
758.000 1.000 
759.000 1.000 
760.000 1.000 
761.000 1.000 
762.000 1.000 
763.000 1.000 
764.000 1.000 
765.000 1.000 
766.000 1.000 
767.000 1.000 
768.000 1.000 
769.000 1.000 
770.000 1.000 
771.000 1.000 
772.000 1.000 
773.000 1.000 
774.000 1.000 
775.000 1.000 
776.000 1.000 
777.000 1.000 
778.000 1.000 
779.000 1.000 
780.000 1.000 
781.000 1.000 
782.000 1.000 
783.000 1.000 
784.000 1.000 
785.000 1.000 
786.000 1.000 
787.000 1.000 
788.000 1.000 
789.000 1.000 
790.000 1.000 
791.000 1.000 
792.000 1.000 
793.000 1.000 
794.000 1.000 
795.000 1.000 
796.000 1.000 
797.000 1.000 
798.000 1.000 
799.000 1.000 
800.000 1.000 
