1.000 0.000 
2.000 0.000 
3.000 0.000 
4.000 0.000 
5.000 0.000 
6.000 0.000 
7.000 -0.906 
8.000 -0.450 
9.000 -0.453 
10.000 -0.455 
11.000 -0.457 
12.000 -0.200 
13.000 -0.044 
14.000 -0.072 
15.000 -0.078 
16.000 -0.078 
17.000 -0.068 
18.000 -0.138 
19.000 -0.235 
20.000 -0.283 
21.000 -0.308 
22.000 -0.324 
23.000 -0.316 
24.000 -0.270 
25.000 -0.219 
26.000 -0.184 
27.000 -0.162 
28.000 -0.150 
29.000 -0.148 
30.000 -0.159 
31.000 -0.181 
32.000 -0.205 
33.000 -0.226 
34.000 -0.242 
35.000 -0.249 
36.000 -0.246 
37.000 -0.236 
38.000 -0.222 
39.000 -0.210 
40.000 -0.200 
41.000 -0.194 
42.000 -0.193 
43.000 -0.197 
44.000 -0.203 
45.000 -0.211 
46.000 -0.219 
47.000 -0.225 
48.000 -0.228 
49.000 -0.228 
50.000 -0.226 
51.000 -0.223 
52.000 -0.219 
53.000 -0.216 
54.000 -0.214 
55.000 -0.214 
56.000 -0.215 
57.000 -0.217 
58.000 -0.220 
59.000 -0.222 
60.000 -0.225 
61.000 -0.226 
62.000 -0.227 
63.000 -0.227 
64.000 -0.227 
65.000 -0.226 
66.000 -0.225 
67.000 -0.225 
68.000 -0.225 
69.000 -0.226 
70.000 -0.226 
71.000 -0.227 
72.000 -0.229 
73.000 -0.230 
74.000 -0.231 
75.000 -0.231 
76.000 -0.232 
77.000 -0.232 
78.000 -0.232 
79.000 -0.232 
80.000 -0.233 
81.000 -0.233 
82.000 -0.233 
83.000 -0.234 
84.000 -0.235 
85.000 -0.235 
86.000 -0.236 
87.000 -0.236 
88.000 -0.237 
89.000 -0.238 
90.000 -0.238 
91.000 -0.238 
92.000 -0.239 
93.000 -0.239 
94.000 -0.240 
95.000 -0.240 
96.000 -0.241 
97.000 -0.241 
98.000 -0.242 
99.000 -0.242 
100.000 -0.243 
101.000 -0.243 
102.000 -0.244 
103.000 -0.244 
104.000 -0.245 
105.000 -0.245 
106.000 -0.246 
107.000 -0.246 
108.000 -0.247 
109.000 -0.247 
110.000 -0.248 
111.000 -0.248 
112.000 -0.249 
113.000 -0.249 
114.000 -0.250 
115.000 -0.250 
116.000 -0.250 
117.000 -0.251 
118.000 -0.251 
119.000 -0.252 
120.000 -0.252 
121.000 0.135 
122.000 -0.054 
123.000 -0.060 
124.000 -0.059 
125.000 -0.059 
126.000 -0.106 
127.000 -0.237 
128.000 -0.252 
129.000 -0.255 
130.000 -0.255 
131.000 -0.238 
132.000 -0.183 
133.000 -0.121 
134.000 -0.088 
135.000 -0.073 
136.000 -0.066 
137.000 -0.071 
138.000 -0.095 
139.000 -0.134 
140.000 -0.172 
141.000 -0.201 
142.000 -0.219 
143.000 -0.220 
144.000 -0.202 
145.000 -0.172 
146.000 -0.141 
147.000 -0.115 
148.000 -0.099 
149.000 -0.092 
150.000 -0.096 
151.000 -0.111 
152.000 -0.132 
153.000 -0.156 
154.000 -0.177 
155.000 -0.190 
156.000 -0.192 
157.000 -0.183 
158.000 -0.167 
159.000 -0.147 
160.000 -0.130 
161.000 -0.118 
162.000 -0.112 
163.000 -0.114 
164.000 -0.122 
165.000 -0.135 
166.000 -0.150 
167.000 -0.163 
168.000 -0.173 
169.000 -0.175 
170.000 -0.171 
171.000 -0.162 
172.000 -0.150 
173.000 -0.139 
174.000 -0.130 
175.000 -0.126 
176.000 -0.126 
177.000 -0.131 
178.000 -0.138 
179.000 -0.148 
180.000 -0.156 
181.000 -0.162 
182.000 -0.165 
183.000 -0.163 
184.000 -0.158 
185.000 -0.152 
186.000 -0.144 
187.000 -0.139 
188.000 -0.135 
189.000 -0.135 
190.000 -0.137 
191.000 -0.142 
192.000 -0.147 
193.000 -0.153 
194.000 -0.157 
195.000 -0.159 
196.000 -0.159 
197.000 -0.156 
198.000 -0.152 
199.000 -0.148 
200.000 -0.144 
201.000 -0.142 
202.000 -0.141 
203.000 -0.142 
204.000 -0.145 
205.000 -0.148 
206.000 -0.151 
207.000 -0.154 
208.000 -0.156 
209.000 -0.156 
210.000 -0.155 
211.000 -0.152 
212.000 -0.150 
213.000 -0.147 
214.000 -0.146 
215.000 -0.145 
216.000 -0.146 
217.000 -0.147 
218.000 -0.149 
219.000 -0.151 
220.000 -0.153 
221.000 -0.154 
222.000 -0.154 
223.000 -0.154 
224.000 -0.153 
225.000 -0.151 
226.000 -0.150 
227.000 -0.149 
228.000 -0.148 
229.000 -0.148 
230.000 -0.149 
231.000 -0.150 
232.000 -0.152 
233.000 -0.153 
234.000 -0.154 
235.000 -0.154 
236.000 -0.154 
237.000 -0.153 
238.000 -0.152 
239.000 -0.151 
240.000 -0.151 
241.000 1.000 
242.000 0.080 
243.000 0.833 
244.000 0.083 
245.000 0.837 
246.000 -0.024 
247.000 -0.070 
248.000 -0.797 
249.000 -0.823 
250.000 -1.000 
251.000 -0.952 
252.000 -0.186 
253.000 0.626 
254.000 0.146 
255.000 0.791 
256.000 0.141 
257.000 0.800 
258.000 0.088 
259.000 0.483 
260.000 -0.118 
261.000 -0.487 
262.000 -1.000 
263.000 -1.000 
264.000 -1.000 
265.000 -0.476 
266.000 0.445 
267.000 0.348 
268.000 0.511 
269.000 0.276 
270.000 0.605 
271.000 0.129 
272.000 0.560 
273.000 -0.051 
274.000 -0.355 
275.000 -0.988 
276.000 -0.951 
277.000 -1.000 
278.000 -0.650 
279.000 0.306 
280.000 0.504 
281.000 0.297 
282.000 0.583 
283.000 0.172 
284.000 0.759 
285.000 0.058 
286.000 0.281 
287.000 -0.243 
288.000 -0.567 
289.000 -1.000 
290.000 -1.000 
291.000 -0.874 
292.000 0.032 
293.000 0.664 
294.000 0.162 
295.000 0.774 
296.000 0.158 
297.000 0.784 
298.000 0.092 
299.000 0.446 
300.000 -0.132 
301.000 -0.539 
302.000 -1.000 
303.000 -1.000 
304.000 -1.000 
305.000 -0.386 
306.000 0.532 
307.000 0.262 
308.000 0.639 
309.000 0.168 
310.000 0.766 
311.000 0.133 
312.000 0.549 
313.000 -0.055 
314.000 -0.302 
315.000 -1.000 
316.000 -1.000 
317.000 -1.000 
318.000 -0.662 
319.000 0.289 
320.000 0.544 
321.000 0.258 
322.000 0.645 
323.000 0.165 
324.000 0.774 
325.000 0.075 
326.000 0.329 
327.000 -0.203 
328.000 -0.553 
329.000 -1.000 
330.000 -1.000 
331.000 -0.988 
332.000 -0.067 
333.000 0.679 
334.000 0.180 
335.000 0.755 
336.000 0.178 
337.000 0.763 
338.000 0.118 
339.000 0.484 
340.000 -0.093 
341.000 -0.500 
342.000 -1.000 
343.000 -1.000 
344.000 -1.000 
345.000 -0.513 
346.000 0.494 
347.000 0.330 
348.000 0.556 
349.000 0.245 
350.000 0.664 
351.000 0.162 
352.000 0.589 
353.000 -0.031 
354.000 -0.276 
355.000 -0.946 
356.000 -1.000 
357.000 -1.000 
358.000 -0.748 
359.000 0.247 
360.000 0.602 
361.000 0.923 
362.000 0.426 
363.000 0.588 
364.000 0.457 
365.000 0.499 
366.000 0.302 
367.000 0.521 
368.000 0.011 
369.000 -0.230 
370.000 -0.652 
371.000 -0.550 
372.000 -0.692 
373.000 0.447 
374.000 0.526 
375.000 0.524 
376.000 0.535 
377.000 0.515 
378.000 0.550 
379.000 0.419 
380.000 0.480 
381.000 0.323 
382.000 0.449 
383.000 0.056 
384.000 -0.129 
385.000 -0.443 
386.000 -0.362 
387.000 -0.383 
388.000 0.576 
389.000 0.390 
390.000 0.656 
391.000 0.492 
392.000 0.576 
393.000 0.482 
394.000 0.486 
395.000 0.391 
396.000 0.446 
397.000 0.216 
398.000 0.070 
399.000 -0.273 
400.000 -0.433 
401.000 -0.525 
402.000 -0.033 
403.000 0.941 
404.000 0.444 
405.000 0.639 
406.000 0.519 
407.000 0.595 
408.000 0.433 
409.000 0.488 
410.000 0.335 
411.000 0.397 
412.000 0.033 
413.000 -0.302 
414.000 -0.611 
415.000 -0.505 
416.000 -0.380 
417.000 0.745 
418.000 0.472 
419.000 0.644 
420.000 0.553 
421.000 0.578 
422.000 0.518 
423.000 0.458 
424.000 0.432 
425.000 0.388 
426.000 0.187 
427.000 -0.117 
428.000 -0.510 
429.000 -0.647 
430.000 -0.582 
431.000 0.102 
432.000 0.897 
433.000 0.554 
434.000 0.613 
435.000 0.575 
436.000 0.610 
437.000 0.477 
438.000 0.463 
439.000 0.390 
440.000 0.323 
441.000 -0.011 
442.000 -0.528 
443.000 -0.776 
444.000 -0.745 
445.000 -0.426 
446.000 0.953 
447.000 0.565 
448.000 0.636 
449.000 0.609 
450.000 0.599 
451.000 0.538 
452.000 0.439 
453.000 0.452 
454.000 0.322 
455.000 0.065 
456.000 -0.462 
457.000 -0.772 
458.000 -0.874 
459.000 -0.578 
460.000 0.611 
461.000 0.568 
462.000 0.655 
463.000 0.635 
464.000 0.624 
465.000 0.617 
466.000 0.485 
467.000 0.476 
468.000 0.385 
469.000 0.277 
470.000 -0.117 
471.000 -0.715 
472.000 -0.962 
473.000 -0.875 
474.000 -0.367 
475.000 1.000 
476.000 0.639 
477.000 0.669 
478.000 0.659 
479.000 0.650 
480.000 0.575 
481.000 1.000 
482.000 1.000 
483.000 1.000 
484.000 1.000 
485.000 1.000 
486.000 0.866 
487.000 0.694 
488.000 0.533 
489.000 0.454 
490.000 0.434 
491.000 0.300 
492.000 0.283 
493.000 0.645 
494.000 0.542 
495.000 0.766 
496.000 1.000 
497.000 1.000 
498.000 1.000 
499.000 1.000 
500.000 1.000 
501.000 1.000 
502.000 0.925 
503.000 0.769 
504.000 0.620 
505.000 0.481 
506.000 0.482 
507.000 0.364 
508.000 0.285 
509.000 0.456 
510.000 0.638 
511.000 0.707 
512.000 0.942 
513.000 1.000 
514.000 1.000 
515.000 1.000 
516.000 1.000 
517.000 1.000 
518.000 1.000 
519.000 0.877 
520.000 0.729 
521.000 0.590 
522.000 0.471 
523.000 0.487 
524.000 0.293 
525.000 0.220 
526.000 0.541 
527.000 0.663 
528.000 0.810 
529.000 1.000 
530.000 1.000 
531.000 1.000 
532.000 1.000 
533.000 1.000 
534.000 1.000 
535.000 1.000 
536.000 0.936 
537.000 0.787 
538.000 0.648 
539.000 0.521 
540.000 0.485 
541.000 0.318 
542.000 0.128 
543.000 0.217 
544.000 0.849 
545.000 0.781 
546.000 1.000 
547.000 1.000 
548.000 1.000 
549.000 1.000 
550.000 1.000 
551.000 1.000 
552.000 1.000 
553.000 1.000 
554.000 0.966 
555.000 0.816 
556.000 0.679 
557.000 0.555 
558.000 0.484 
559.000 0.306 
560.000 0.002 
561.000 -0.169 
562.000 0.671 
563.000 0.793 
564.000 1.000 
565.000 1.000 
566.000 1.000 
567.000 1.000 
568.000 1.000 
569.000 1.000 
570.000 1.000 
571.000 1.000 
572.000 1.000 
573.000 1.000 
574.000 0.949 
575.000 0.803 
576.000 0.672 
577.000 0.557 
578.000 0.452 
579.000 0.192 
580.000 -0.352 
581.000 -0.385 
582.000 0.570 
583.000 0.911 
584.000 1.000 
585.000 1.000 
586.000 1.000 
587.000 1.000 
588.000 1.000 
589.000 1.000 
590.000 1.000 
591.000 1.000 
592.000 1.000 
593.000 1.000 
594.000 1.000 
595.000 0.963 
596.000 0.826 
597.000 0.705 
598.000 0.600 
599.000 0.510 
600.000 0.274 
601.000 1.000 
602.000 1.000 
603.000 1.000 
604.000 1.000 
605.000 1.000 
606.000 1.000 
607.000 1.000 
608.000 1.000 
609.000 1.000 
610.000 1.000 
611.000 1.000 
612.000 1.000 
613.000 1.000 
614.000 1.000 
615.000 1.000 
616.000 1.000 
617.000 1.000 
618.000 1.000 
619.000 1.000 
620.000 1.000 
621.000 1.000 
622.000 1.000 
623.000 1.000 
624.000 1.000 
625.000 1.000 
626.000 1.000 
627.000 1.000 
628.000 1.000 
629.000 1.000 
630.000 1.000 
631.000 1.000 
632.000 1.000 
633.000 1.000 
634.000 1.000 
635.000 1.000 
636.000 1.000 
637.000 1.000 
638.000 1.000 
639.000 1.000 
640.000 1.000 
641.000 1.000 
642.000 1.000 
643.000 1.000 
644.000 1.000 
645.000 1.000 
646.000 1.000 
647.000 1.000 
648.000 1.000 
649.000 1.000 
650.000 1.000 
651.000 1.000 
652.000 1.000 
653.000 1.000 
654.000 1.000 
655.000 1.000 
656.000 1.000 
657.000 1.000 
658.000 1.000 
659.000 1.000 
660.000 1.000 
661.000 1.000 
662.000 1.000 
663.000 1.000 
664.000 1.000 
665.000 1.000 
666.000 1.000 
667.000 1.000 
668.000 1.000 
669.000 1.000 
670.000 1.000 
671.000 1.000 
672.000 1.000 
673.000 1.000 
674.000 1.000 
675.000 1.000 
676.000 1.000 
677.000 1.000 
678.000 1.000 
679.000 1.000 
680.000 1.000 
681.000 1.000 
682.000 1.000 
683.000 1.000 
684.000 1.000 
685.000 1.000 
686.000 1.000 
687.000 1.000 
688.000 1.000 
689.000 1.000 
690.000 1.000 
691.000 1.000 
692.000 1.000 
693.000 1.000 
694.000 1.000 
695.000 1.000 
696.000 1.000 
697.000 1.000 
698.000 1.000 
699.000 1.000 
700.000 1.000 
701.000 1.000 
702.000 1.000 
703.000 1.000 
704.000 1.000 
705.000 1.000 
706.000 1.000 
707.000 1.000 
708.000 1.000 
709.000 1.000 
710.000 1.000 
711.000 1.000 
712.000 1.000 
713.000 1.000 
714.000 1.000 
715.000 1.000 
716.000 1.000 
717.000 1.000 
718.000 1.000 
719.000 1.000 
720.000 1.000 
721.000 1.000 
722.000 1.000 
723.000 1.000 
724.000 1.000 
725.000 1.000 
726.000 1.000 
727.000 1.000 
728.000 1.000 
729.000 1.000 
730.000 1.000 
731.000 1.000 
732.000 1.000 
733.000 1.000 
734.000 1.000 
735.000 1.000 
736.000 1.000 
737.000 1.000 
738.000 1.000 
739.000 1.000 
740.000 1.000 
741.000 1.000 
742.000 1.000 
743.000 1.000 
744.000 1.000 
745.000 1.000 
746.000 1.000 
747.000 1.000 
748.000 1.000 
749.000 1.000 
750.000 1.000 
751.000 1.000 
752.000 1.000 
753.000 1.000 
754.000 1.000 
755.000 1.000 
756.000 1.000 
757.000 1.000 
758.000 1.000 
759.000 1.000 
760.000 1.000 
761.000 1.000 
762.000 1.000 
763.000 1.000 
764.000 1.000 
765.000 1.000 
766.000 1.000 
767.000 1.000 
768.000 1.000 
769.000 1.000 
770.000 1.000 
771.000 1.000 
772.000 1.000 
773.000 1.000 
774.000 1.000 
775.000 1.000 
776.000 1.000 
777.000 1.000 
778.000 1.000 
779.000 1.000 
780.000 1.000 
781.000 1.000 
782.000 1.000 
783.000 1.000 
784.000 1.000 
785.000 1.000 
786.000 1.000 
787.000 1.000 
788.000 1.000 
789.000 1.000 
790.000 1.000 
791.000 1.000 
792.000 1.000 
793.000 1.000 
794.000 1.000 
795.000 1.000 
796.000 1.000 
797.000 1.000 
798.000 1.000 
799.000 1.000 
800.000 1.000 
