1.000 0.000 
2.000 0.000 
3.000 0.000 
4.000 0.000 
5.000 0.000 
6.000 0.000 
7.000 -1.000 
8.000 -1.000 
9.000 -1.000 
10.000 -1.000 
11.000 -1.000 
12.000 1.000 
13.000 -0.028 
14.000 1.000 
15.000 -0.009 
16.000 0.964 
17.000 -0.019 
18.000 -1.000 
19.000 -1.000 
20.000 -1.000 
21.000 -1.000 
22.000 -1.000 
23.000 1.000 
24.000 -0.153 
25.000 1.000 
26.000 -0.104 
27.000 1.000 
28.000 -0.100 
29.000 -1.000 
30.000 -1.000 
31.000 -1.000 
32.000 -1.000 
33.000 -1.000 
34.000 1.000 
35.000 -0.205 
36.000 1.000 
37.000 -0.165 
38.000 1.000 
39.000 -0.164 
40.000 -1.000 
41.000 -1.000 
42.000 -1.000 
43.000 -1.000 
44.000 -1.000 
45.000 1.000 
46.000 -0.256 
47.000 1.000 
48.000 -0.219 
49.000 1.000 
50.000 -0.221 
51.000 -1.000 
52.000 -1.000 
53.000 -1.000 
54.000 -1.000 
55.000 -1.000 
56.000 1.000 
57.000 -0.302 
58.000 1.000 
59.000 -0.269 
60.000 1.000 
61.000 -0.272 
62.000 -1.000 
63.000 -1.000 
64.000 -1.000 
65.000 -1.000 
66.000 -1.000 
67.000 1.000 
68.000 -0.344 
69.000 1.000 
70.000 -0.314 
71.000 1.000 
72.000 -0.318 
73.000 -1.000 
74.000 -1.000 
75.000 -1.000 
76.000 -1.000 
77.000 -1.000 
78.000 1.000 
79.000 -0.384 
80.000 1.000 
81.000 -0.355 
82.000 0.950 
83.000 -0.361 
84.000 -1.000 
85.000 -1.000 
86.000 -1.000 
87.000 -1.000 
88.000 -1.000 
89.000 1.000 
90.000 -0.419 
91.000 1.000 
92.000 -0.392 
93.000 0.812 
94.000 -0.399 
95.000 -1.000 
96.000 -1.000 
97.000 -1.000 
98.000 -1.000 
99.000 -1.000 
100.000 1.000 
101.000 -0.448 
102.000 1.000 
103.000 -0.425 
104.000 0.659 
105.000 -0.433 
106.000 -1.000 
107.000 -1.000 
108.000 -1.000 
109.000 -1.000 
110.000 -1.000 
111.000 1.000 
112.000 -0.474 
113.000 1.000 
114.000 -0.453 
115.000 0.520 
116.000 -0.515 
117.000 -1.000 
118.000 -1.000 
119.000 -1.000 
120.000 -1.000 
121.000 1.000 
122.000 -0.484 
123.000 1.000 
124.000 -0.440 
125.000 1.000 
126.000 -0.441 
127.000 -1.000 
128.000 -1.000 
129.000 -1.000 
130.000 -1.000 
131.000 -1.000 
132.000 1.000 
133.000 -0.477 
134.000 1.000 
135.000 -0.449 
136.000 1.000 
137.000 -0.453 
138.000 -1.000 
139.000 -1.000 
140.000 -1.000 
141.000 -1.000 
142.000 -1.000 
143.000 1.000 
144.000 -0.489 
145.000 1.000 
146.000 -0.461 
147.000 1.000 
148.000 -0.465 
149.000 -1.000 
150.000 -1.000 
151.000 -1.000 
152.000 -1.000 
153.000 -1.000 
154.000 1.000 
155.000 -0.499 
156.000 1.000 
157.000 -0.472 
158.000 1.000 
159.000 -0.476 
160.000 -1.000 
161.000 -1.000 
162.000 -1.000 
163.000 -1.000 
164.000 -1.000 
165.000 1.000 
166.000 -0.509 
167.000 1.000 
168.000 -0.483 
169.000 0.986 
170.000 -0.487 
171.000 -1.000 
172.000 -1.000 
173.000 -1.000 
174.000 -1.000 
175.000 -1.000 
176.000 1.000 
177.000 -0.518 
178.000 1.000 
179.000 -0.492 
180.000 0.956 
181.000 -0.497 
182.000 -1.000 
183.000 -1.000 
184.000 -1.000 
185.000 -1.000 
186.000 -1.000 
187.000 1.000 
188.000 -0.526 
189.000 1.000 
190.000 -0.501 
191.000 0.923 
192.000 -0.505 
193.000 -1.000 
194.000 -1.000 
195.000 -1.000 
196.000 -1.000 
197.000 -0.984 
198.000 1.000 
199.000 -0.533 
200.000 1.000 
201.000 -0.508 
202.000 0.868 
203.000 -0.515 
204.000 -1.000 
205.000 -1.000 
206.000 -1.000 
207.000 -1.000 
208.000 -0.863 
209.000 1.000 
210.000 -0.539 
211.000 1.000 
212.000 -0.515 
213.000 0.681 
214.000 -0.538 
215.000 -1.000 
216.000 -1.000 
217.000 -1.000 
218.000 -1.000 
219.000 -0.416 
220.000 1.000 
221.000 -0.542 
222.000 1.000 
223.000 -0.519 
224.000 0.647 
225.000 -0.592 
226.000 -1.000 
227.000 -1.000 
228.000 -1.000 
229.000 -1.000 
230.000 0.072 
231.000 0.810 
232.000 -0.551 
233.000 1.000 
234.000 -0.529 
235.000 1.000 
236.000 -0.586 
237.000 -1.000 
238.000 -1.000 
239.000 -1.000 
240.000 -1.000 
241.000 1.000 
242.000 -0.370 
243.000 1.000 
244.000 -0.301 
245.000 1.000 
246.000 -0.279 
247.000 -1.000 
248.000 -1.000 
249.000 -1.000 
250.000 -1.000 
251.000 0.133 
252.000 0.708 
253.000 -0.258 
254.000 1.000 
255.000 -0.203 
256.000 1.000 
257.000 -0.222 
258.000 -1.000 
259.000 -1.000 
260.000 -1.000 
261.000 -1.000 
262.000 -0.175 
263.000 1.000 
264.000 -0.179 
265.000 1.000 
266.000 -0.120 
267.000 1.000 
268.000 -0.170 
269.000 -1.000 
270.000 -1.000 
271.000 -1.000 
272.000 -1.000 
273.000 -0.398 
274.000 1.000 
275.000 -0.120 
276.000 1.000 
277.000 -0.055 
278.000 1.000 
279.000 -0.097 
280.000 -1.000 
281.000 -1.000 
282.000 -1.000 
283.000 -1.000 
284.000 -1.000 
285.000 1.000 
286.000 -0.070 
287.000 1.000 
288.000 -0.000 
289.000 1.000 
290.000 0.027 
291.000 -0.957 
292.000 -1.000 
293.000 -1.000 
294.000 -1.000 
295.000 -1.000 
296.000 1.000 
297.000 -0.022 
298.000 1.000 
299.000 0.055 
300.000 0.916 
301.000 0.085 
302.000 -0.857 
303.000 -1.000 
304.000 -1.000 
305.000 -1.000 
306.000 -1.000 
307.000 1.000 
308.000 0.018 
309.000 0.972 
310.000 0.102 
311.000 0.851 
312.000 0.135 
313.000 -0.763 
314.000 -1.000 
315.000 -1.000 
316.000 -1.000 
317.000 -1.000 
318.000 1.000 
319.000 0.054 
320.000 0.920 
321.000 0.144 
322.000 0.800 
323.000 0.179 
324.000 -0.674 
325.000 -1.000 
326.000 -1.000 
327.000 -1.000 
328.000 -1.000 
329.000 1.000 
330.000 0.086 
331.000 0.878 
332.000 0.182 
333.000 0.760 
334.000 0.219 
335.000 -0.589 
336.000 -1.000 
337.000 -1.000 
338.000 -1.000 
339.000 -1.000 
340.000 1.000 
341.000 0.114 
342.000 0.844 
343.000 0.216 
344.000 0.728 
345.000 0.254 
346.000 -0.509 
347.000 -1.000 
348.000 -1.000 
349.000 -1.000 
350.000 -1.000 
351.000 1.000 
352.000 0.137 
353.000 0.819 
354.000 0.246 
355.000 0.703 
356.000 0.286 
357.000 -0.434 
358.000 -1.000 
359.000 -1.000 
360.000 -1.000 
361.000 1.000 
362.000 0.425 
363.000 0.717 
364.000 0.694 
365.000 0.755 
366.000 0.801 
367.000 0.692 
368.000 0.562 
369.000 0.300 
370.000 -0.407 
371.000 -1.000 
372.000 -1.000 
373.000 -1.000 
374.000 -1.000 
375.000 1.000 
376.000 0.542 
377.000 0.718 
378.000 0.776 
379.000 0.841 
380.000 0.896 
381.000 0.777 
382.000 0.635 
383.000 0.442 
384.000 -0.106 
385.000 -1.000 
386.000 -1.000 
387.000 -1.000 
388.000 -1.000 
389.000 1.000 
390.000 0.459 
391.000 0.741 
392.000 0.771 
393.000 0.847 
394.000 0.917 
395.000 0.819 
396.000 0.692 
397.000 0.506 
398.000 0.079 
399.000 -0.866 
400.000 -1.000 
401.000 -1.000 
402.000 -1.000 
403.000 1.000 
404.000 0.386 
405.000 0.764 
406.000 0.761 
407.000 0.844 
408.000 0.924 
409.000 0.841 
410.000 0.725 
411.000 0.544 
412.000 0.198 
413.000 -0.650 
414.000 -1.000 
415.000 -1.000 
416.000 -1.000 
417.000 -1.000 
418.000 1.000 
419.000 0.601 
420.000 0.746 
421.000 0.836 
422.000 0.902 
423.000 0.960 
424.000 0.835 
425.000 0.683 
426.000 0.474 
427.000 -0.035 
428.000 -1.000 
429.000 -1.000 
430.000 -1.000 
431.000 -1.000 
432.000 1.000 
433.000 0.426 
434.000 0.756 
435.000 0.777 
436.000 0.859 
437.000 0.937 
438.000 0.847 
439.000 0.727 
440.000 0.542 
441.000 0.186 
442.000 -0.675 
443.000 -1.000 
444.000 -1.000 
445.000 -1.000 
446.000 -1.000 
447.000 1.000 
448.000 0.605 
449.000 0.749 
450.000 0.839 
451.000 0.906 
452.000 0.964 
453.000 0.839 
454.000 0.685 
455.000 0.475 
456.000 -0.032 
457.000 -1.000 
458.000 -1.000 
459.000 -1.000 
460.000 -1.000 
461.000 1.000 
462.000 0.424 
463.000 0.757 
464.000 0.777 
465.000 0.859 
466.000 0.938 
467.000 0.849 
468.000 0.729 
469.000 0.544 
470.000 0.193 
471.000 -0.664 
472.000 -1.000 
473.000 -1.000 
474.000 -1.000 
475.000 -1.000 
476.000 1.000 
477.000 0.603 
478.000 0.748 
479.000 0.839 
480.000 0.906 
481.000 1.000 
482.000 1.000 
483.000 1.000 
484.000 1.000 
485.000 1.000 
486.000 1.000 
487.000 1.000 
488.000 1.000 
489.000 1.000 
490.000 1.000 
491.000 0.877 
492.000 0.671 
493.000 0.480 
494.000 0.045 
495.000 -0.914 
496.000 -1.000 
497.000 -1.000 
498.000 1.000 
499.000 1.000 
500.000 1.000 
501.000 1.000 
502.000 1.000 
503.000 1.000 
504.000 1.000 
505.000 1.000 
506.000 1.000 
507.000 1.000 
508.000 1.000 
509.000 1.000 
510.000 1.000 
511.000 1.000 
512.000 1.000 
513.000 1.000 
514.000 1.000 
515.000 1.000 
516.000 0.946 
517.000 0.789 
518.000 0.646 
519.000 0.516 
520.000 0.202 
521.000 -0.559 
522.000 -1.000 
523.000 -1.000 
524.000 1.000 
525.000 1.000 
526.000 1.000 
527.000 1.000 
528.000 1.000 
529.000 1.000 
530.000 1.000 
531.000 1.000 
532.000 1.000 
533.000 1.000 
534.000 1.000 
535.000 1.000 
536.000 1.000 
537.000 1.000 
538.000 1.000 
539.000 1.000 
540.000 1.000 
541.000 1.000 
542.000 1.000 
543.000 1.000 
544.000 1.000 
545.000 0.953 
546.000 0.833 
547.000 0.724 
548.000 0.624 
549.000 0.532 
550.000 0.296 
551.000 -0.281 
552.000 -1.000 
553.000 1.000 
554.000 0.977 
555.000 1.000 
556.000 1.000 
557.000 1.000 
558.000 1.000 
559.000 1.000 
560.000 1.000 
561.000 1.000 
562.000 1.000 
563.000 1.000 
564.000 1.000 
565.000 1.000 
566.000 1.000 
567.000 1.000 
568.000 1.000 
569.000 1.000 
570.000 1.000 
571.000 1.000 
572.000 1.000 
573.000 1.000 
574.000 1.000 
575.000 1.000 
576.000 0.938 
577.000 0.832 
578.000 0.734 
579.000 0.644 
580.000 0.560 
581.000 0.403 
582.000 0.013 
583.000 -0.966 
584.000 1.000 
585.000 0.998 
586.000 1.000 
587.000 1.000 
588.000 1.000 
589.000 1.000 
590.000 1.000 
591.000 1.000 
592.000 1.000 
593.000 1.000 
594.000 1.000 
595.000 1.000 
596.000 1.000 
597.000 1.000 
598.000 1.000 
599.000 1.000 
600.000 1.000 
601.000 1.000 
602.000 1.000 
603.000 1.000 
604.000 1.000 
605.000 1.000 
606.000 1.000 
607.000 1.000 
608.000 1.000 
609.000 1.000 
610.000 1.000 
611.000 1.000 
612.000 1.000 
613.000 1.000 
614.000 1.000 
615.000 1.000 
616.000 1.000 
617.000 1.000 
618.000 1.000 
619.000 1.000 
620.000 1.000 
621.000 1.000 
622.000 1.000 
623.000 1.000 
624.000 1.000 
625.000 1.000 
626.000 1.000 
627.000 1.000 
628.000 1.000 
629.000 1.000 
630.000 1.000 
631.000 1.000 
632.000 1.000 
633.000 1.000 
634.000 1.000 
635.000 1.000 
636.000 1.000 
637.000 1.000 
638.000 1.000 
639.000 1.000 
640.000 1.000 
641.000 1.000 
642.000 1.000 
643.000 1.000 
644.000 1.000 
645.000 1.000 
646.000 1.000 
647.000 1.000 
648.000 1.000 
649.000 1.000 
650.000 1.000 
651.000 1.000 
652.000 1.000 
653.000 1.000 
654.000 1.000 
655.000 1.000 
656.000 1.000 
657.000 1.000 
658.000 1.000 
659.000 1.000 
660.000 1.000 
661.000 1.000 
662.000 1.000 
663.000 1.000 
664.000 1.000 
665.000 1.000 
666.000 1.000 
667.000 1.000 
668.000 1.000 
669.000 1.000 
670.000 1.000 
671.000 1.000 
672.000 1.000 
673.000 1.000 
674.000 1.000 
675.000 1.000 
676.000 1.000 
677.000 1.000 
678.000 1.000 
679.000 1.000 
680.000 1.000 
681.000 1.000 
682.000 1.000 
683.000 1.000 
684.000 1.000 
685.000 1.000 
686.000 1.000 
687.000 1.000 
688.000 1.000 
689.000 1.000 
690.000 1.000 
691.000 1.000 
692.000 1.000 
693.000 1.000 
694.000 1.000 
695.000 1.000 
696.000 1.000 
697.000 1.000 
698.000 1.000 
699.000 1.000 
700.000 1.000 
701.000 1.000 
702.000 1.000 
703.000 1.000 
704.000 1.000 
705.000 1.000 
706.000 1.000 
707.000 1.000 
708.000 1.000 
709.000 1.000 
710.000 1.000 
711.000 1.000 
712.000 1.000 
713.000 1.000 
714.000 1.000 
715.000 1.000 
716.000 1.000 
717.000 1.000 
718.000 1.000 
719.000 1.000 
720.000 1.000 
721.000 1.000 
722.000 1.000 
723.000 1.000 
724.000 1.000 
725.000 1.000 
726.000 1.000 
727.000 1.000 
728.000 1.000 
729.000 1.000 
730.000 1.000 
731.000 1.000 
732.000 1.000 
733.000 1.000 
734.000 1.000 
735.000 1.000 
736.000 1.000 
737.000 1.000 
738.000 1.000 
739.000 1.000 
740.000 1.000 
741.000 1.000 
742.000 1.000 
743.000 1.000 
744.000 1.000 
745.000 1.000 
746.000 1.000 
747.000 1.000 
748.000 1.000 
749.000 1.000 
750.000 1.000 
751.000 1.000 
752.000 1.000 
753.000 1.000 
754.000 1.000 
755.000 1.000 
756.000 1.000 
757.000 1.000 
758.000 1.000 
759.000 1.000 
760.000 1.000 
761.000 1.000 
762.000 1.000 
763.000 1.000 
764.000 1.000 
765.000 1.000 
766.000 1.000 
767.000 1.000 
768.000 1.000 
769.000 1.000 
770.000 1.000 
771.000 1.000 
772.000 1.000 
773.000 1.000 
774.000 1.000 
775.000 1.000 
776.000 1.000 
777.000 1.000 
778.000 1.000 
779.000 1.000 
780.000 1.000 
781.000 1.000 
782.000 1.000 
783.000 1.000 
784.000 1.000 
785.000 1.000 
786.000 1.000 
787.000 1.000 
788.000 1.000 
789.000 1.000 
790.000 1.000 
791.000 1.000 
792.000 1.000 
793.000 1.000 
794.000 1.000 
795.000 1.000 
796.000 1.000 
797.000 1.000 
798.000 1.000 
799.000 1.000 
800.000 1.000 
