1.000 0.000 
2.000 0.000 
3.000 0.000 
4.000 0.000 
5.000 0.000 
6.000 0.000 
7.000 -0.070 
8.000 -0.071 
9.000 -0.071 
10.000 -0.071 
11.000 -0.072 
12.000 -0.069 
13.000 -0.065 
14.000 -0.061 
15.000 -0.058 
16.000 -0.056 
17.000 -0.054 
18.000 -0.054 
19.000 -0.054 
20.000 -0.055 
21.000 -0.056 
22.000 -0.057 
23.000 -0.057 
24.000 -0.058 
25.000 -0.059 
26.000 -0.059 
27.000 -0.059 
28.000 -0.059 
29.000 -0.060 
30.000 -0.060 
31.000 -0.060 
32.000 -0.060 
33.000 -0.060 
34.000 -0.060 
35.000 -0.060 
36.000 -0.061 
37.000 -0.061 
38.000 -0.061 
39.000 -0.061 
40.000 -0.061 
41.000 -0.062 
42.000 -0.062 
43.000 -0.062 
44.000 -0.062 
45.000 -0.063 
46.000 -0.063 
47.000 -0.063 
48.000 -0.063 
49.000 -0.063 
50.000 -0.064 
51.000 -0.064 
52.000 -0.064 
53.000 -0.064 
54.000 -0.064 
55.000 -0.065 
56.000 -0.065 
57.000 -0.065 
58.000 -0.065 
59.000 -0.065 
60.000 -0.066 
61.000 -0.066 
62.000 -0.066 
63.000 -0.066 
64.000 -0.066 
65.000 -0.067 
66.000 -0.067 
67.000 -0.067 
68.000 -0.067 
69.000 -0.067 
70.000 -0.068 
71.000 -0.068 
72.000 -0.068 
73.000 -0.068 
74.000 -0.068 
75.000 -0.069 
76.000 -0.069 
77.000 -0.069 
78.000 -0.069 
79.000 -0.069 
80.000 -0.070 
81.000 -0.070 
82.000 -0.070 
83.000 -0.070 
84.000 -0.070 
85.000 -0.071 
86.000 -0.071 
87.000 -0.071 
88.000 -0.071 
89.000 -0.071 
90.000 -0.072 
91.000 -0.072 
92.000 -0.072 
93.000 -0.072 
94.000 -0.072 
95.000 -0.073 
96.000 -0.073 
97.000 -0.073 
98.000 -0.073 
99.000 -0.073 
100.000 -0.074 
101.000 -0.074 
102.000 -0.074 
103.000 -0.074 
104.000 -0.074 
105.000 -0.075 
106.000 -0.075 
107.000 -0.075 
108.000 -0.075 
109.000 -0.075 
110.000 -0.076 
111.000 -0.076 
112.000 -0.076 
113.000 -0.076 
114.000 -0.076 
115.000 -0.077 
116.000 -0.077 
117.000 -0.077 
118.000 -0.077 
119.000 -0.077 
120.000 -0.078 
121.000 -0.048 
122.000 -0.048 
123.000 -0.048 
124.000 -0.048 
125.000 -0.048 
126.000 -0.049 
127.000 -0.050 
128.000 -0.052 
129.000 -0.053 
130.000 -0.054 
131.000 -0.055 
132.000 -0.055 
133.000 -0.056 
134.000 -0.056 
135.000 -0.055 
136.000 -0.055 
137.000 -0.055 
138.000 -0.055 
139.000 -0.055 
140.000 -0.055 
141.000 -0.055 
142.000 -0.055 
143.000 -0.055 
144.000 -0.055 
145.000 -0.056 
146.000 -0.056 
147.000 -0.056 
148.000 -0.056 
149.000 -0.056 
150.000 -0.056 
151.000 -0.056 
152.000 -0.056 
153.000 -0.056 
154.000 -0.056 
155.000 -0.057 
156.000 -0.057 
157.000 -0.057 
158.000 -0.057 
159.000 -0.057 
160.000 -0.057 
161.000 -0.057 
162.000 -0.057 
163.000 -0.057 
164.000 -0.057 
165.000 -0.057 
166.000 -0.058 
167.000 -0.058 
168.000 -0.058 
169.000 -0.058 
170.000 -0.058 
171.000 -0.058 
172.000 -0.058 
173.000 -0.058 
174.000 -0.058 
175.000 -0.058 
176.000 -0.058 
177.000 -0.059 
178.000 -0.059 
179.000 -0.059 
180.000 -0.059 
181.000 -0.059 
182.000 -0.059 
183.000 -0.059 
184.000 -0.059 
185.000 -0.059 
186.000 -0.059 
187.000 -0.059 
188.000 -0.060 
189.000 -0.060 
190.000 -0.060 
191.000 -0.060 
192.000 -0.060 
193.000 -0.060 
194.000 -0.060 
195.000 -0.060 
196.000 -0.060 
197.000 -0.060 
198.000 -0.060 
199.000 -0.060 
200.000 -0.061 
201.000 -0.061 
202.000 -0.061 
203.000 -0.061 
204.000 -0.061 
205.000 -0.061 
206.000 -0.061 
207.000 -0.061 
208.000 -0.061 
209.000 -0.061 
210.000 -0.061 
211.000 -0.062 
212.000 -0.062 
213.000 -0.062 
214.000 -0.062 
215.000 -0.062 
216.000 -0.062 
217.000 -0.062 
218.000 -0.062 
219.000 -0.062 
220.000 -0.062 
221.000 -0.062 
222.000 -0.062 
223.000 -0.063 
224.000 -0.063 
225.000 -0.063 
226.000 -0.063 
227.000 -0.063 
228.000 -0.063 
229.000 -0.063 
230.000 -0.063 
231.000 -0.063 
232.000 -0.063 
233.000 -0.063 
234.000 -0.064 
235.000 -0.064 
236.000 -0.064 
237.000 -0.064 
238.000 -0.064 
239.000 -0.064 
240.000 -0.064 
241.000 0.106 
242.000 0.091 
243.000 0.094 
244.000 0.095 
245.000 0.095 
246.000 0.091 
247.000 0.082 
248.000 0.072 
249.000 0.063 
250.000 0.056 
251.000 0.052 
252.000 0.050 
253.000 0.050 
254.000 0.052 
255.000 0.055 
256.000 0.059 
257.000 0.062 
258.000 0.065 
259.000 0.067 
260.000 0.069 
261.000 0.069 
262.000 0.069 
263.000 0.069 
264.000 0.068 
265.000 0.067 
266.000 0.067 
267.000 0.066 
268.000 0.066 
269.000 0.067 
270.000 0.067 
271.000 0.067 
272.000 0.068 
273.000 0.069 
274.000 0.069 
275.000 0.070 
276.000 0.070 
277.000 0.071 
278.000 0.071 
279.000 0.071 
280.000 0.072 
281.000 0.072 
282.000 0.072 
283.000 0.072 
284.000 0.072 
285.000 0.073 
286.000 0.073 
287.000 0.073 
288.000 0.074 
289.000 0.074 
290.000 0.074 
291.000 0.075 
292.000 0.075 
293.000 0.075 
294.000 0.076 
295.000 0.076 
296.000 0.076 
297.000 0.076 
298.000 0.077 
299.000 0.077 
300.000 0.077 
301.000 0.078 
302.000 0.078 
303.000 0.078 
304.000 0.079 
305.000 0.079 
306.000 0.079 
307.000 0.079 
308.000 0.080 
309.000 0.080 
310.000 0.080 
311.000 0.081 
312.000 0.081 
313.000 0.081 
314.000 0.081 
315.000 0.082 
316.000 0.082 
317.000 0.082 
318.000 0.083 
319.000 0.083 
320.000 0.083 
321.000 0.083 
322.000 0.084 
323.000 0.084 
324.000 0.084 
325.000 0.085 
326.000 0.085 
327.000 0.085 
328.000 0.085 
329.000 0.086 
330.000 0.086 
331.000 0.086 
332.000 0.087 
333.000 0.087 
334.000 0.087 
335.000 0.087 
336.000 0.088 
337.000 0.088 
338.000 0.088 
339.000 0.089 
340.000 0.089 
341.000 0.089 
342.000 0.089 
343.000 0.090 
344.000 0.090 
345.000 0.090 
346.000 0.090 
347.000 0.091 
348.000 0.091 
349.000 0.091 
350.000 0.092 
351.000 0.092 
352.000 0.092 
353.000 0.092 
354.000 0.093 
355.000 0.093 
356.000 0.093 
357.000 0.093 
358.000 0.094 
359.000 0.094 
360.000 0.094 
361.000 0.383 
362.000 0.268 
363.000 0.317 
364.000 0.299 
365.000 0.308 
366.000 0.293 
367.000 0.278 
368.000 0.259 
369.000 0.241 
370.000 0.225 
371.000 0.212 
372.000 0.204 
373.000 0.202 
374.000 0.206 
375.000 0.215 
376.000 0.226 
377.000 0.238 
378.000 0.249 
379.000 0.258 
380.000 0.264 
381.000 0.267 
382.000 0.268 
383.000 0.266 
384.000 0.263 
385.000 0.259 
386.000 0.254 
387.000 0.250 
388.000 0.246 
389.000 0.244 
390.000 0.243 
391.000 0.244 
392.000 0.246 
393.000 0.249 
394.000 0.252 
395.000 0.255 
396.000 0.258 
397.000 0.261 
398.000 0.263 
399.000 0.264 
400.000 0.264 
401.000 0.264 
402.000 0.263 
403.000 0.262 
404.000 0.262 
405.000 0.261 
406.000 0.260 
407.000 0.260 
408.000 0.261 
409.000 0.261 
410.000 0.262 
411.000 0.264 
412.000 0.265 
413.000 0.266 
414.000 0.267 
415.000 0.268 
416.000 0.269 
417.000 0.270 
418.000 0.270 
419.000 0.271 
420.000 0.271 
421.000 0.271 
422.000 0.271 
423.000 0.271 
424.000 0.271 
425.000 0.272 
426.000 0.272 
427.000 0.273 
428.000 0.273 
429.000 0.274 
430.000 0.275 
431.000 0.276 
432.000 0.276 
433.000 0.277 
434.000 0.278 
435.000 0.278 
436.000 0.278 
437.000 0.279 
438.000 0.279 
439.000 0.280 
440.000 0.280 
441.000 0.280 
442.000 0.281 
443.000 0.281 
444.000 0.282 
445.000 0.282 
446.000 0.283 
447.000 0.283 
448.000 0.284 
449.000 0.284 
450.000 0.285 
451.000 0.285 
452.000 0.286 
453.000 0.286 
454.000 0.287 
455.000 0.287 
456.000 0.288 
457.000 0.288 
458.000 0.288 
459.000 0.289 
460.000 0.289 
461.000 0.290 
462.000 0.290 
463.000 0.291 
464.000 0.291 
465.000 0.292 
466.000 0.292 
467.000 0.293 
468.000 0.293 
469.000 0.293 
470.000 0.294 
471.000 0.294 
472.000 0.295 
473.000 0.295 
474.000 0.296 
475.000 0.296 
476.000 0.296 
477.000 0.297 
478.000 0.297 
479.000 0.298 
480.000 0.298 
481.000 0.890 
482.000 0.787 
483.000 0.794 
484.000 0.801 
485.000 0.809 
486.000 0.795 
487.000 0.760 
488.000 0.712 
489.000 0.658 
490.000 0.602 
491.000 0.546 
492.000 0.532 
493.000 0.494 
494.000 0.481 
495.000 0.473 
496.000 0.483 
497.000 0.502 
498.000 0.530 
499.000 0.557 
500.000 0.583 
501.000 0.602 
502.000 0.625 
503.000 0.653 
504.000 0.673 
505.000 0.684 
506.000 0.689 
507.000 0.687 
508.000 0.679 
509.000 0.666 
510.000 0.650 
511.000 0.632 
512.000 0.613 
513.000 0.597 
514.000 0.585 
515.000 0.583 
516.000 0.579 
517.000 0.582 
518.000 0.586 
519.000 0.594 
520.000 0.602 
521.000 0.613 
522.000 0.628 
523.000 0.643 
524.000 0.655 
525.000 0.666 
526.000 0.674 
527.000 0.678 
528.000 0.680 
529.000 0.678 
530.000 0.674 
531.000 0.667 
532.000 0.659 
533.000 0.651 
534.000 0.643 
535.000 0.636 
536.000 0.631 
537.000 0.628 
538.000 0.628 
539.000 0.629 
540.000 0.634 
541.000 0.640 
542.000 0.648 
543.000 0.656 
544.000 0.665 
545.000 0.673 
546.000 0.680 
547.000 0.686 
548.000 0.690 
549.000 0.691 
550.000 0.691 
551.000 0.690 
552.000 0.686 
553.000 0.682 
554.000 0.677 
555.000 0.673 
556.000 0.668 
557.000 0.665 
558.000 0.663 
559.000 0.662 
560.000 0.663 
561.000 0.666 
562.000 0.669 
563.000 0.674 
564.000 0.679 
565.000 0.685 
566.000 0.690 
567.000 0.695 
568.000 0.700 
569.000 0.703 
570.000 0.705 
571.000 0.705 
572.000 0.705 
573.000 0.704 
574.000 0.701 
575.000 0.699 
576.000 0.696 
577.000 0.693 
578.000 0.691 
579.000 0.689 
580.000 0.689 
581.000 0.689 
582.000 0.690 
583.000 0.692 
584.000 0.695 
585.000 0.699 
586.000 0.702 
587.000 0.706 
588.000 0.710 
589.000 0.713 
590.000 0.716 
591.000 0.717 
592.000 0.719 
593.000 0.719 
594.000 0.718 
595.000 0.717 
596.000 0.716 
597.000 0.714 
598.000 0.713 
599.000 0.711 
600.000 0.710 
601.000 1.000 
602.000 1.000 
603.000 1.000 
604.000 1.000 
605.000 1.000 
606.000 1.000 
607.000 1.000 
608.000 1.000 
609.000 1.000 
610.000 0.990 
611.000 0.947 
612.000 0.905 
613.000 0.866 
614.000 0.829 
615.000 0.797 
616.000 0.773 
617.000 0.757 
618.000 0.753 
619.000 0.760 
620.000 0.779 
621.000 0.806 
622.000 0.841 
623.000 0.880 
624.000 0.920 
625.000 0.958 
626.000 0.990 
627.000 1.000 
628.000 1.000 
629.000 1.000 
630.000 1.000 
631.000 1.000 
632.000 0.995 
633.000 0.970 
634.000 0.942 
635.000 0.914 
636.000 0.886 
637.000 0.861 
638.000 0.839 
639.000 0.823 
640.000 0.814 
641.000 0.813 
642.000 0.820 
643.000 0.835 
644.000 0.856 
645.000 0.882 
646.000 0.910 
647.000 0.939 
648.000 0.965 
649.000 0.987 
650.000 1.000 
651.000 1.000 
652.000 1.000 
653.000 1.000 
654.000 1.000 
655.000 0.985 
656.000 0.965 
657.000 0.944 
658.000 0.922 
659.000 0.900 
660.000 0.881 
661.000 0.865 
662.000 0.855 
663.000 0.850 
664.000 0.851 
665.000 0.859 
666.000 0.873 
667.000 0.891 
668.000 0.912 
669.000 0.934 
670.000 0.957 
671.000 0.977 
672.000 0.993 
673.000 1.000 
674.000 1.000 
675.000 1.000 
676.000 1.000 
677.000 0.996 
678.000 0.982 
679.000 0.966 
680.000 0.948 
681.000 0.930 
682.000 0.913 
683.000 0.899 
684.000 0.887 
685.000 0.880 
686.000 0.878 
687.000 0.881 
688.000 0.889 
689.000 0.901 
690.000 0.916 
691.000 0.934 
692.000 0.952 
693.000 0.970 
694.000 0.985 
695.000 0.998 
696.000 1.000 
697.000 1.000 
698.000 1.000 
699.000 1.000 
700.000 0.994 
701.000 0.982 
702.000 0.968 
703.000 0.953 
704.000 0.939 
705.000 0.926 
706.000 0.914 
707.000 0.906 
708.000 0.901 
709.000 0.901 
710.000 0.904 
711.000 0.912 
712.000 0.922 
713.000 0.936 
714.000 0.950 
715.000 0.965 
716.000 0.979 
717.000 0.991 
718.000 1.000 
719.000 1.000 
720.000 1.000 
721.000 1.000 
722.000 1.000 
723.000 0.993 
724.000 0.983 
725.000 0.971 
726.000 0.959 
727.000 0.947 
728.000 0.937 
729.000 0.928 
730.000 0.922 
731.000 0.919 
732.000 0.919 
733.000 0.923 
734.000 0.930 
735.000 0.939 
736.000 0.950 
737.000 0.962 
738.000 0.974 
739.000 0.986 
740.000 0.995 
741.000 1.000 
742.000 1.000 
743.000 1.000 
744.000 1.000 
745.000 1.000 
746.000 0.993 
747.000 0.984 
748.000 0.975 
749.000 0.965 
750.000 0.955 
751.000 0.947 
752.000 0.940 
753.000 0.935 
754.000 0.933 
755.000 0.934 
756.000 0.938 
757.000 0.944 
758.000 0.952 
759.000 0.961 
760.000 0.971 
761.000 0.981 
762.000 0.990 
763.000 0.998 
764.000 1.000 
765.000 1.000 
766.000 1.000 
767.000 1.000 
768.000 1.000 
769.000 0.993 
770.000 0.986 
771.000 0.978 
772.000 0.970 
773.000 0.962 
774.000 0.956 
775.000 0.950 
776.000 0.947 
777.000 0.946 
778.000 0.947 
779.000 0.950 
780.000 0.955 
781.000 0.962 
782.000 0.969 
783.000 0.978 
784.000 0.986 
785.000 0.993 
786.000 0.999 
787.000 1.000 
788.000 1.000 
789.000 1.000 
790.000 1.000 
791.000 0.999 
792.000 0.994 
793.000 0.988 
794.000 0.981 
795.000 0.975 
796.000 0.969 
797.000 0.963 
798.000 0.959 
799.000 0.956 
800.000 0.956 
