1.000 0.000 
2.000 0.000 
3.000 0.000 
4.000 0.000 
5.000 0.000 
6.000 0.000 
7.000 -0.804 
8.000 -0.438 
9.000 -0.440 
10.000 -0.442 
11.000 -0.444 
12.000 -0.237 
13.000 -0.093 
14.000 -0.093 
15.000 -0.089 
16.000 -0.085 
17.000 -0.078 
18.000 -0.122 
19.000 -0.195 
20.000 -0.242 
21.000 -0.273 
22.000 -0.294 
23.000 -0.297 
24.000 -0.272 
25.000 -0.235 
26.000 -0.203 
27.000 -0.180 
28.000 -0.165 
29.000 -0.158 
30.000 -0.161 
31.000 -0.173 
32.000 -0.189 
33.000 -0.206 
34.000 -0.221 
35.000 -0.231 
36.000 -0.234 
37.000 -0.232 
38.000 -0.225 
39.000 -0.216 
40.000 -0.207 
41.000 -0.201 
42.000 -0.197 
43.000 -0.197 
44.000 -0.199 
45.000 -0.204 
46.000 -0.209 
47.000 -0.214 
48.000 -0.218 
49.000 -0.221 
50.000 -0.221 
51.000 -0.221 
52.000 -0.219 
53.000 -0.217 
54.000 -0.215 
55.000 -0.214 
56.000 -0.214 
57.000 -0.214 
58.000 -0.215 
59.000 -0.217 
60.000 -0.219 
61.000 -0.220 
62.000 -0.222 
63.000 -0.223 
64.000 -0.223 
65.000 -0.223 
66.000 -0.223 
67.000 -0.223 
68.000 -0.223 
69.000 -0.223 
70.000 -0.223 
71.000 -0.224 
72.000 -0.225 
73.000 -0.225 
74.000 -0.226 
75.000 -0.227 
76.000 -0.228 
77.000 -0.228 
78.000 -0.229 
79.000 -0.229 
80.000 -0.229 
81.000 -0.230 
82.000 -0.230 
83.000 -0.231 
84.000 -0.231 
85.000 -0.232 
86.000 -0.232 
87.000 -0.233 
88.000 -0.233 
89.000 -0.234 
90.000 -0.234 
91.000 -0.235 
92.000 -0.235 
93.000 -0.236 
94.000 -0.236 
95.000 -0.237 
96.000 -0.237 
97.000 -0.238 
98.000 -0.238 
99.000 -0.239 
100.000 -0.239 
101.000 -0.240 
102.000 -0.240 
103.000 -0.241 
104.000 -0.241 
105.000 -0.242 
106.000 -0.242 
107.000 -0.243 
108.000 -0.243 
109.000 -0.243 
110.000 -0.244 
111.000 -0.244 
112.000 -0.245 
113.000 -0.245 
114.000 -0.246 
115.000 -0.246 
116.000 -0.247 
117.000 -0.247 
118.000 -0.248 
119.000 -0.248 
120.000 -0.249 
121.000 0.095 
122.000 -0.057 
123.000 -0.062 
124.000 -0.061 
125.000 -0.061 
126.000 -0.094 
127.000 -0.201 
128.000 -0.225 
129.000 -0.235 
130.000 -0.240 
131.000 -0.232 
132.000 -0.193 
133.000 -0.143 
134.000 -0.110 
135.000 -0.090 
136.000 -0.080 
137.000 -0.078 
138.000 -0.091 
139.000 -0.117 
140.000 -0.146 
141.000 -0.172 
142.000 -0.192 
143.000 -0.201 
144.000 -0.196 
145.000 -0.179 
146.000 -0.157 
147.000 -0.136 
148.000 -0.118 
149.000 -0.108 
150.000 -0.104 
151.000 -0.109 
152.000 -0.121 
153.000 -0.136 
154.000 -0.153 
155.000 -0.166 
156.000 -0.174 
157.000 -0.175 
158.000 -0.169 
159.000 -0.159 
160.000 -0.146 
161.000 -0.135 
162.000 -0.126 
163.000 -0.122 
164.000 -0.123 
165.000 -0.128 
166.000 -0.136 
167.000 -0.145 
168.000 -0.154 
169.000 -0.160 
170.000 -0.162 
171.000 -0.161 
172.000 -0.156 
173.000 -0.150 
174.000 -0.143 
175.000 -0.138 
176.000 -0.134 
177.000 -0.133 
178.000 -0.135 
179.000 -0.139 
180.000 -0.143 
181.000 -0.148 
182.000 -0.153 
183.000 -0.155 
184.000 -0.155 
185.000 -0.154 
186.000 -0.151 
187.000 -0.147 
188.000 -0.144 
189.000 -0.141 
190.000 -0.140 
191.000 -0.140 
192.000 -0.142 
193.000 -0.144 
194.000 -0.147 
195.000 -0.150 
196.000 -0.152 
197.000 -0.152 
198.000 -0.152 
199.000 -0.151 
200.000 -0.149 
201.000 -0.147 
202.000 -0.145 
203.000 -0.144 
204.000 -0.144 
205.000 -0.145 
206.000 -0.146 
207.000 -0.147 
208.000 -0.149 
209.000 -0.150 
210.000 -0.151 
211.000 -0.151 
212.000 -0.151 
213.000 -0.150 
214.000 -0.149 
215.000 -0.148 
216.000 -0.147 
217.000 -0.147 
218.000 -0.147 
219.000 -0.148 
220.000 -0.148 
221.000 -0.149 
222.000 -0.150 
223.000 -0.151 
224.000 -0.151 
225.000 -0.151 
226.000 -0.151 
227.000 -0.150 
228.000 -0.150 
229.000 -0.149 
230.000 -0.149 
231.000 -0.149 
232.000 -0.149 
233.000 -0.150 
234.000 -0.150 
235.000 -0.151 
236.000 -0.151 
237.000 -0.151 
238.000 -0.151 
239.000 -0.151 
240.000 -0.151 
241.000 1.000 
242.000 0.078 
243.000 0.809 
244.000 0.082 
245.000 0.813 
246.000 -0.041 
247.000 -0.007 
248.000 -0.662 
249.000 -0.721 
250.000 -1.000 
251.000 -0.845 
252.000 -0.272 
253.000 0.457 
254.000 0.319 
255.000 0.551 
256.000 0.218 
257.000 0.689 
258.000 0.101 
259.000 0.511 
260.000 -0.088 
261.000 -0.324 
262.000 -0.949 
263.000 -0.916 
264.000 -1.000 
265.000 -0.545 
266.000 0.234 
267.000 0.519 
268.000 0.285 
269.000 0.602 
270.000 0.148 
271.000 0.790 
272.000 0.040 
273.000 0.318 
274.000 -0.213 
275.000 -0.482 
276.000 -1.000 
277.000 -0.921 
278.000 -0.864 
279.000 -0.104 
280.000 0.523 
281.000 0.269 
282.000 0.630 
283.000 0.159 
284.000 0.780 
285.000 0.099 
286.000 0.504 
287.000 -0.098 
288.000 -0.312 
289.000 -0.972 
290.000 -0.956 
291.000 -1.000 
292.000 -0.524 
293.000 0.258 
294.000 0.521 
295.000 0.295 
296.000 0.594 
297.000 0.169 
298.000 0.763 
299.000 0.048 
300.000 0.316 
301.000 -0.209 
302.000 -0.508 
303.000 -1.000 
304.000 -0.931 
305.000 -0.865 
306.000 -0.093 
307.000 0.552 
308.000 0.249 
309.000 0.663 
310.000 0.172 
311.000 0.766 
312.000 0.108 
313.000 0.513 
314.000 -0.093 
315.000 -0.337 
316.000 -0.997 
317.000 -0.983 
318.000 -1.000 
319.000 -0.547 
320.000 0.277 
321.000 0.526 
322.000 0.301 
323.000 0.593 
324.000 0.183 
325.000 0.749 
326.000 0.058 
327.000 0.327 
328.000 -0.194 
329.000 -0.511 
330.000 -1.000 
331.000 -0.942 
332.000 -0.893 
333.000 -0.115 
334.000 0.560 
335.000 0.253 
336.000 0.662 
337.000 0.185 
338.000 0.753 
339.000 0.121 
340.000 0.529 
341.000 -0.081 
342.000 -0.326 
343.000 -0.986 
344.000 -0.993 
345.000 -1.000 
346.000 -0.586 
347.000 0.266 
348.000 0.548 
349.000 0.282 
350.000 0.623 
351.000 0.184 
352.000 0.752 
353.000 0.071 
354.000 0.363 
355.000 -0.167 
356.000 -0.496 
357.000 -1.000 
358.000 -0.964 
359.000 -0.968 
360.000 -0.192 
361.000 1.000 
362.000 0.448 
363.000 0.588 
364.000 0.449 
365.000 0.587 
366.000 0.344 
367.000 0.519 
368.000 0.181 
369.000 0.518 
370.000 -0.061 
371.000 -0.143 
372.000 -0.444 
373.000 -0.055 
374.000 -0.066 
375.000 0.963 
376.000 0.419 
377.000 0.639 
378.000 0.496 
379.000 0.555 
380.000 0.387 
381.000 0.477 
382.000 0.267 
383.000 0.346 
384.000 -0.028 
385.000 -0.250 
386.000 -0.487 
387.000 -0.268 
388.000 -0.048 
389.000 0.989 
390.000 0.470 
391.000 0.625 
392.000 0.519 
393.000 0.568 
394.000 0.404 
395.000 0.466 
396.000 0.296 
397.000 0.322 
398.000 -0.037 
399.000 -0.323 
400.000 -0.546 
401.000 -0.369 
402.000 -0.097 
403.000 1.000 
404.000 0.513 
405.000 0.619 
406.000 0.546 
407.000 0.574 
408.000 0.431 
409.000 0.446 
410.000 0.340 
411.000 0.290 
412.000 -0.037 
413.000 -0.391 
414.000 -0.594 
415.000 -0.492 
416.000 -0.153 
417.000 1.000 
418.000 0.551 
419.000 0.620 
420.000 0.571 
421.000 0.581 
422.000 0.458 
423.000 0.432 
424.000 0.376 
425.000 0.273 
426.000 -0.032 
427.000 -0.448 
428.000 -0.641 
429.000 -0.598 
430.000 -0.217 
431.000 0.995 
432.000 0.584 
433.000 0.626 
434.000 0.598 
435.000 0.588 
436.000 0.486 
437.000 0.420 
438.000 0.409 
439.000 0.258 
440.000 -0.027 
441.000 -0.504 
442.000 -0.689 
443.000 -0.697 
444.000 -0.274 
445.000 0.975 
446.000 0.615 
447.000 0.644 
448.000 0.623 
449.000 0.611 
450.000 0.510 
451.000 0.416 
452.000 0.428 
453.000 0.254 
454.000 -0.040 
455.000 -0.590 
456.000 -0.781 
457.000 -0.815 
458.000 -0.365 
459.000 0.974 
460.000 0.650 
461.000 0.673 
462.000 0.650 
463.000 0.632 
464.000 0.543 
465.000 0.402 
466.000 0.458 
467.000 0.222 
468.000 -0.080 
469.000 -0.726 
470.000 -0.900 
471.000 -0.970 
472.000 -0.407 
473.000 1.000 
474.000 0.688 
475.000 0.701 
476.000 0.675 
477.000 0.656 
478.000 0.568 
479.000 0.388 
480.000 0.479 
481.000 1.000 
482.000 0.934 
483.000 0.893 
484.000 0.961 
485.000 1.000 
486.000 0.882 
487.000 0.718 
488.000 0.589 
489.000 0.469 
490.000 0.471 
491.000 0.401 
492.000 0.497 
493.000 0.467 
494.000 0.654 
495.000 0.739 
496.000 0.936 
497.000 1.000 
498.000 1.000 
499.000 1.000 
500.000 1.000 
501.000 0.949 
502.000 0.791 
503.000 0.633 
504.000 0.487 
505.000 0.476 
506.000 0.407 
507.000 0.429 
508.000 0.481 
509.000 0.621 
510.000 0.728 
511.000 0.945 
512.000 1.000 
513.000 1.000 
514.000 1.000 
515.000 1.000 
516.000 1.000 
517.000 0.887 
518.000 0.728 
519.000 0.580 
520.000 0.464 
521.000 0.478 
522.000 0.387 
523.000 0.397 
524.000 0.600 
525.000 0.658 
526.000 0.855 
527.000 1.000 
528.000 1.000 
529.000 1.000 
530.000 1.000 
531.000 1.000 
532.000 1.000 
533.000 0.870 
534.000 0.717 
535.000 0.576 
536.000 0.471 
537.000 0.479 
538.000 0.357 
539.000 0.374 
540.000 0.626 
541.000 0.712 
542.000 0.912 
543.000 1.000 
544.000 1.000 
545.000 1.000 
546.000 1.000 
547.000 1.000 
548.000 1.000 
549.000 0.912 
550.000 0.760 
551.000 0.621 
552.000 0.496 
553.000 0.491 
554.000 0.375 
555.000 0.328 
556.000 0.516 
557.000 0.729 
558.000 0.891 
559.000 1.000 
560.000 1.000 
561.000 1.000 
562.000 1.000 
563.000 1.000 
564.000 1.000 
565.000 1.000 
566.000 0.860 
567.000 0.717 
568.000 0.588 
569.000 0.483 
570.000 0.473 
571.000 0.323 
572.000 0.290 
573.000 0.610 
574.000 0.789 
575.000 1.000 
576.000 1.000 
577.000 1.000 
578.000 1.000 
579.000 1.000 
580.000 1.000 
581.000 1.000 
582.000 1.000 
583.000 0.887 
584.000 0.746 
585.000 0.619 
586.000 0.507 
587.000 0.479 
588.000 0.333 
589.000 0.240 
590.000 0.476 
591.000 0.822 
592.000 0.999 
593.000 1.000 
594.000 1.000 
595.000 1.000 
596.000 1.000 
597.000 1.000 
598.000 1.000 
599.000 1.000 
600.000 0.993 
601.000 1.000 
602.000 1.000 
603.000 1.000 
604.000 1.000 
605.000 1.000 
606.000 1.000 
607.000 1.000 
608.000 1.000 
609.000 0.977 
610.000 0.948 
611.000 0.926 
612.000 0.909 
613.000 0.897 
614.000 0.897 
615.000 0.915 
616.000 0.948 
617.000 0.990 
618.000 1.000 
619.000 1.000 
620.000 1.000 
621.000 1.000 
622.000 1.000 
623.000 1.000 
624.000 1.000 
625.000 1.000 
626.000 1.000 
627.000 1.000 
628.000 1.000 
629.000 0.991 
630.000 0.979 
631.000 0.969 
632.000 0.960 
633.000 0.953 
634.000 0.951 
635.000 0.956 
636.000 0.967 
637.000 0.984 
638.000 1.000 
639.000 1.000 
640.000 1.000 
641.000 1.000 
642.000 1.000 
643.000 1.000 
644.000 1.000 
645.000 1.000 
646.000 1.000 
647.000 0.998 
648.000 0.990 
649.000 0.982 
650.000 0.976 
651.000 0.970 
652.000 0.967 
653.000 0.967 
654.000 0.972 
655.000 0.981 
656.000 0.993 
657.000 1.000 
658.000 1.000 
659.000 1.000 
660.000 1.000 
661.000 1.000 
662.000 1.000 
663.000 1.000 
664.000 1.000 
665.000 1.000 
666.000 0.994 
667.000 0.989 
668.000 0.984 
669.000 0.979 
670.000 0.976 
671.000 0.975 
672.000 0.978 
673.000 0.984 
674.000 0.992 
675.000 1.000 
676.000 1.000 
677.000 1.000 
678.000 1.000 
679.000 1.000 
680.000 1.000 
681.000 1.000 
682.000 1.000 
683.000 1.000 
684.000 0.997 
685.000 0.993 
686.000 0.989 
687.000 0.985 
688.000 0.983 
689.000 0.981 
690.000 0.983 
691.000 0.987 
692.000 0.992 
693.000 0.999 
694.000 1.000 
695.000 1.000 
696.000 1.000 
697.000 1.000 
698.000 1.000 
699.000 1.000 
700.000 1.000 
701.000 1.000 
702.000 0.998 
703.000 0.995 
704.000 0.992 
705.000 0.990 
706.000 0.987 
707.000 0.986 
708.000 0.987 
709.000 0.989 
710.000 0.993 
711.000 0.998 
712.000 1.000 
713.000 1.000 
714.000 1.000 
715.000 1.000 
716.000 1.000 
717.000 1.000 
718.000 1.000 
719.000 1.000 
720.000 0.999 
721.000 0.997 
722.000 0.995 
723.000 0.993 
724.000 0.991 
725.000 0.990 
726.000 0.990 
727.000 0.991 
728.000 0.994 
729.000 0.998 
730.000 1.000 
731.000 1.000 
732.000 1.000 
733.000 1.000 
734.000 1.000 
735.000 1.000 
736.000 1.000 
737.000 1.000 
738.000 1.000 
739.000 0.998 
740.000 0.996 
741.000 0.995 
742.000 0.993 
743.000 0.992 
744.000 0.992 
745.000 0.993 
746.000 0.995 
747.000 0.997 
748.000 1.000 
749.000 1.000 
750.000 1.000 
751.000 1.000 
752.000 1.000 
753.000 1.000 
754.000 1.000 
755.000 1.000 
756.000 1.000 
757.000 0.999 
758.000 0.998 
759.000 0.996 
760.000 0.995 
761.000 0.994 
762.000 0.994 
763.000 0.995 
764.000 0.996 
765.000 0.998 
766.000 1.000 
767.000 1.000 
768.000 1.000 
769.000 1.000 
770.000 1.000 
771.000 1.000 
772.000 1.000 
773.000 1.000 
774.000 1.000 
775.000 0.999 
776.000 0.998 
777.000 0.997 
778.000 0.997 
779.000 0.996 
780.000 0.996 
781.000 0.996 
782.000 0.997 
783.000 0.998 
784.000 0.999 
785.000 1.000 
786.000 1.000 
787.000 1.000 
788.000 1.000 
789.000 1.000 
790.000 1.000 
791.000 1.000 
792.000 1.000 
793.000 1.000 
794.000 0.999 
795.000 0.998 
796.000 0.998 
797.000 0.997 
798.000 0.997 
799.000 0.997 
800.000 0.997 
