1.000 0.000 
2.000 0.000 
3.000 0.000 
4.000 0.000 
5.000 0.000 
6.000 0.000 
7.000 -0.924 
8.000 -0.449 
9.000 -0.451 
10.000 -0.453 
11.000 -0.456 
12.000 -0.189 
13.000 -0.032 
14.000 -0.067 
15.000 -0.076 
16.000 -0.077 
17.000 -0.066 
18.000 -0.143 
19.000 -0.245 
20.000 -0.292 
21.000 -0.314 
22.000 -0.328 
23.000 -0.316 
24.000 -0.266 
25.000 -0.212 
26.000 -0.177 
27.000 -0.157 
28.000 -0.146 
29.000 -0.146 
30.000 -0.160 
31.000 -0.184 
32.000 -0.209 
33.000 -0.231 
34.000 -0.245 
35.000 -0.251 
36.000 -0.246 
37.000 -0.234 
38.000 -0.219 
39.000 -0.206 
40.000 -0.197 
41.000 -0.191 
42.000 -0.192 
43.000 -0.196 
44.000 -0.204 
45.000 -0.212 
46.000 -0.220 
47.000 -0.226 
48.000 -0.229 
49.000 -0.228 
50.000 -0.226 
51.000 -0.222 
52.000 -0.218 
53.000 -0.215 
54.000 -0.213 
55.000 -0.213 
56.000 -0.214 
57.000 -0.217 
58.000 -0.220 
59.000 -0.223 
60.000 -0.225 
61.000 -0.226 
62.000 -0.227 
63.000 -0.227 
64.000 -0.226 
65.000 -0.225 
66.000 -0.224 
67.000 -0.224 
68.000 -0.224 
69.000 -0.225 
70.000 -0.226 
71.000 -0.227 
72.000 -0.228 
73.000 -0.229 
74.000 -0.230 
75.000 -0.231 
76.000 -0.231 
77.000 -0.231 
78.000 -0.232 
79.000 -0.232 
80.000 -0.232 
81.000 -0.232 
82.000 -0.233 
83.000 -0.233 
84.000 -0.234 
85.000 -0.235 
86.000 -0.235 
87.000 -0.236 
88.000 -0.237 
89.000 -0.237 
90.000 -0.237 
91.000 -0.238 
92.000 -0.238 
93.000 -0.239 
94.000 -0.239 
95.000 -0.240 
96.000 -0.240 
97.000 -0.241 
98.000 -0.241 
99.000 -0.242 
100.000 -0.242 
101.000 -0.243 
102.000 -0.243 
103.000 -0.244 
104.000 -0.244 
105.000 -0.245 
106.000 -0.245 
107.000 -0.246 
108.000 -0.246 
109.000 -0.247 
110.000 -0.247 
111.000 -0.248 
112.000 -0.248 
113.000 -0.249 
114.000 -0.249 
115.000 -0.249 
116.000 -0.250 
117.000 -0.250 
118.000 -0.251 
119.000 -0.251 
120.000 -0.252 
121.000 0.144 
122.000 -0.053 
123.000 -0.060 
124.000 -0.059 
125.000 -0.059 
126.000 -0.110 
127.000 -0.245 
128.000 -0.257 
129.000 -0.257 
130.000 -0.255 
131.000 -0.236 
132.000 -0.178 
133.000 -0.115 
134.000 -0.083 
135.000 -0.069 
136.000 -0.064 
137.000 -0.071 
138.000 -0.097 
139.000 -0.139 
140.000 -0.178 
141.000 -0.207 
142.000 -0.223 
143.000 -0.221 
144.000 -0.199 
145.000 -0.167 
146.000 -0.135 
147.000 -0.110 
148.000 -0.094 
149.000 -0.089 
150.000 -0.096 
151.000 -0.113 
152.000 -0.137 
153.000 -0.162 
154.000 -0.183 
155.000 -0.194 
156.000 -0.193 
157.000 -0.182 
158.000 -0.163 
159.000 -0.142 
160.000 -0.125 
161.000 -0.113 
162.000 -0.109 
163.000 -0.113 
164.000 -0.123 
165.000 -0.138 
166.000 -0.154 
167.000 -0.168 
168.000 -0.176 
169.000 -0.177 
170.000 -0.170 
171.000 -0.159 
172.000 -0.146 
173.000 -0.135 
174.000 -0.127 
175.000 -0.123 
176.000 -0.125 
177.000 -0.132 
178.000 -0.141 
179.000 -0.151 
180.000 -0.160 
181.000 -0.165 
182.000 -0.166 
183.000 -0.163 
184.000 -0.156 
185.000 -0.149 
186.000 -0.141 
187.000 -0.136 
188.000 -0.133 
189.000 -0.134 
190.000 -0.138 
191.000 -0.143 
192.000 -0.150 
193.000 -0.155 
194.000 -0.159 
195.000 -0.160 
196.000 -0.158 
197.000 -0.155 
198.000 -0.150 
199.000 -0.145 
200.000 -0.142 
201.000 -0.140 
202.000 -0.140 
203.000 -0.142 
204.000 -0.146 
205.000 -0.150 
206.000 -0.153 
207.000 -0.156 
208.000 -0.156 
209.000 -0.156 
210.000 -0.154 
211.000 -0.151 
212.000 -0.148 
213.000 -0.146 
214.000 -0.144 
215.000 -0.144 
216.000 -0.146 
217.000 -0.148 
218.000 -0.150 
219.000 -0.152 
220.000 -0.154 
221.000 -0.155 
222.000 -0.154 
223.000 -0.153 
224.000 -0.152 
225.000 -0.150 
226.000 -0.149 
227.000 -0.148 
228.000 -0.148 
229.000 -0.148 
230.000 -0.149 
231.000 -0.151 
232.000 -0.152 
233.000 -0.153 
234.000 -0.154 
235.000 -0.154 
236.000 -0.153 
237.000 -0.152 
238.000 -0.151 
239.000 -0.151 
240.000 -0.150 
241.000 1.000 
242.000 0.079 
243.000 0.830 
244.000 0.083 
245.000 0.834 
246.000 -0.038 
247.000 -0.087 
248.000 -0.818 
249.000 -0.831 
250.000 -1.000 
251.000 -0.903 
252.000 -0.108 
253.000 0.677 
254.000 0.167 
255.000 0.765 
256.000 0.149 
257.000 0.792 
258.000 0.073 
259.000 0.401 
260.000 -0.190 
261.000 -0.576 
262.000 -1.000 
263.000 -1.000 
264.000 -1.000 
265.000 -0.221 
266.000 0.597 
267.000 0.178 
268.000 0.754 
269.000 0.159 
270.000 0.779 
271.000 0.098 
272.000 0.493 
273.000 -0.122 
274.000 -0.480 
275.000 -1.000 
276.000 -1.000 
277.000 -1.000 
278.000 -0.458 
279.000 0.481 
280.000 0.334 
281.000 0.544 
282.000 0.245 
283.000 0.656 
284.000 0.133 
285.000 0.530 
286.000 -0.071 
287.000 -0.376 
288.000 -1.000 
289.000 -1.000 
290.000 -1.000 
291.000 -0.580 
292.000 0.381 
293.000 0.453 
294.000 0.386 
295.000 0.468 
296.000 0.344 
297.000 0.518 
298.000 0.143 
299.000 0.128 
300.000 -0.362 
301.000 -0.853 
302.000 -1.000 
303.000 -1.000 
304.000 -0.774 
305.000 0.263 
306.000 0.568 
307.000 0.236 
308.000 0.678 
309.000 0.168 
310.000 0.774 
311.000 0.072 
312.000 0.362 
313.000 -0.201 
314.000 -0.570 
315.000 -1.000 
316.000 -1.000 
317.000 -1.000 
318.000 -0.100 
319.000 0.680 
320.000 0.197 
321.000 0.735 
322.000 0.182 
323.000 0.757 
324.000 0.109 
325.000 0.451 
326.000 -0.132 
327.000 -0.540 
328.000 -1.000 
329.000 -1.000 
330.000 -1.000 
331.000 -0.372 
332.000 0.577 
333.000 0.237 
334.000 0.686 
335.000 0.190 
336.000 0.742 
337.000 0.138 
338.000 0.529 
339.000 -0.076 
340.000 -0.397 
341.000 -1.000 
342.000 -1.000 
343.000 -1.000 
344.000 -0.586 
345.000 0.429 
346.000 0.428 
347.000 0.438 
348.000 0.414 
349.000 0.435 
350.000 0.404 
351.000 0.304 
352.000 0.072 
353.000 -0.354 
354.000 -0.911 
355.000 -1.000 
356.000 -1.000 
357.000 -0.897 
358.000 0.253 
359.000 0.615 
360.000 0.218 
361.000 1.000 
362.000 0.427 
363.000 0.621 
364.000 0.344 
365.000 0.575 
366.000 0.134 
367.000 0.544 
368.000 -0.100 
369.000 -0.316 
370.000 -0.728 
371.000 -0.084 
372.000 -0.101 
373.000 1.000 
374.000 0.449 
375.000 0.622 
376.000 0.513 
377.000 0.543 
378.000 0.404 
379.000 0.449 
380.000 0.305 
381.000 0.206 
382.000 -0.143 
383.000 -0.450 
384.000 -0.623 
385.000 -0.408 
386.000 0.186 
387.000 0.805 
388.000 0.507 
389.000 0.597 
390.000 0.514 
391.000 0.580 
392.000 0.397 
393.000 0.488 
394.000 0.278 
395.000 0.340 
396.000 -0.058 
397.000 -0.361 
398.000 -0.615 
399.000 -0.350 
400.000 -0.073 
401.000 1.000 
402.000 0.514 
403.000 0.618 
404.000 0.548 
405.000 0.573 
406.000 0.432 
407.000 0.447 
408.000 0.341 
409.000 0.217 
410.000 -0.150 
411.000 -0.546 
412.000 -0.716 
413.000 -0.556 
414.000 0.050 
415.000 0.951 
416.000 0.574 
417.000 0.605 
418.000 0.570 
419.000 0.598 
420.000 0.441 
421.000 0.454 
422.000 0.346 
423.000 0.238 
424.000 -0.157 
425.000 -0.609 
426.000 -0.796 
427.000 -0.635 
428.000 -0.059 
429.000 1.000 
430.000 0.608 
431.000 0.620 
432.000 0.600 
433.000 0.602 
434.000 0.472 
435.000 0.432 
436.000 0.387 
437.000 0.192 
438.000 -0.222 
439.000 -0.743 
440.000 -0.886 
441.000 -0.790 
442.000 -0.047 
443.000 1.000 
444.000 0.647 
445.000 0.650 
446.000 0.626 
447.000 0.638 
448.000 0.506 
449.000 0.412 
450.000 0.424 
451.000 0.158 
452.000 -0.325 
453.000 -0.952 
454.000 -1.000 
455.000 -1.000 
456.000 -0.093 
457.000 1.000 
458.000 0.690 
459.000 0.682 
460.000 0.655 
461.000 0.671 
462.000 0.543 
463.000 0.394 
464.000 0.459 
465.000 0.134 
466.000 -0.418 
467.000 -1.000 
468.000 -1.000 
469.000 -1.000 
470.000 -0.157 
471.000 1.000 
472.000 0.721 
473.000 0.706 
474.000 0.676 
475.000 0.684 
476.000 0.564 
477.000 0.386 
478.000 0.476 
479.000 0.111 
480.000 -0.518 
481.000 1.000 
482.000 0.935 
483.000 0.983 
484.000 1.000 
485.000 1.000 
486.000 1.000 
487.000 1.000 
488.000 1.000 
489.000 1.000 
490.000 0.839 
491.000 0.653 
492.000 0.486 
493.000 0.463 
494.000 0.387 
495.000 0.266 
496.000 0.314 
497.000 0.704 
498.000 0.656 
499.000 0.902 
500.000 1.000 
501.000 1.000 
502.000 1.000 
503.000 1.000 
504.000 1.000 
505.000 1.000 
506.000 0.870 
507.000 0.706 
508.000 0.556 
509.000 0.463 
510.000 0.460 
511.000 0.298 
512.000 0.304 
513.000 0.670 
514.000 0.673 
515.000 0.881 
516.000 1.000 
517.000 1.000 
518.000 1.000 
519.000 1.000 
520.000 1.000 
521.000 1.000 
522.000 0.937 
523.000 0.777 
524.000 0.630 
525.000 0.497 
526.000 0.485 
527.000 0.341 
528.000 0.238 
529.000 0.429 
530.000 0.729 
531.000 0.832 
532.000 1.000 
533.000 1.000 
534.000 1.000 
535.000 1.000 
536.000 1.000 
537.000 1.000 
538.000 1.000 
539.000 0.927 
540.000 0.772 
541.000 0.631 
542.000 0.505 
543.000 0.489 
544.000 0.313 
545.000 0.164 
546.000 0.362 
547.000 0.802 
548.000 0.884 
549.000 1.000 
550.000 1.000 
551.000 1.000 
552.000 1.000 
553.000 1.000 
554.000 1.000 
555.000 1.000 
556.000 1.000 
557.000 0.880 
558.000 0.734 
559.000 0.604 
560.000 0.488 
561.000 0.414 
562.000 0.203 
563.000 0.007 
564.000 0.390 
565.000 0.859 
566.000 1.000 
567.000 1.000 
568.000 1.000 
569.000 1.000 
570.000 1.000 
571.000 1.000 
572.000 1.000 
573.000 1.000 
574.000 1.000 
575.000 1.000 
576.000 0.866 
577.000 0.727 
578.000 0.605 
579.000 0.498 
580.000 0.359 
581.000 0.053 
582.000 -0.328 
583.000 0.264 
584.000 0.932 
585.000 1.000 
586.000 1.000 
587.000 1.000 
588.000 1.000 
589.000 1.000 
590.000 1.000 
591.000 1.000 
592.000 1.000 
593.000 1.000 
594.000 1.000 
595.000 1.000 
596.000 0.933 
597.000 0.796 
598.000 0.676 
599.000 0.573 
600.000 0.469 
601.000 1.000 
602.000 1.000 
603.000 1.000 
604.000 1.000 
605.000 1.000 
606.000 1.000 
607.000 1.000 
608.000 1.000 
609.000 1.000 
610.000 1.000 
611.000 1.000 
612.000 1.000 
613.000 1.000 
614.000 1.000 
615.000 1.000 
616.000 1.000 
617.000 1.000 
618.000 1.000 
619.000 1.000 
620.000 1.000 
621.000 1.000 
622.000 1.000 
623.000 1.000 
624.000 1.000 
625.000 1.000 
626.000 1.000 
627.000 1.000 
628.000 1.000 
629.000 1.000 
630.000 1.000 
631.000 1.000 
632.000 1.000 
633.000 1.000 
634.000 1.000 
635.000 1.000 
636.000 1.000 
637.000 1.000 
638.000 1.000 
639.000 1.000 
640.000 1.000 
641.000 1.000 
642.000 1.000 
643.000 1.000 
644.000 1.000 
645.000 1.000 
646.000 1.000 
647.000 1.000 
648.000 1.000 
649.000 1.000 
650.000 1.000 
651.000 1.000 
652.000 1.000 
653.000 1.000 
654.000 1.000 
655.000 1.000 
656.000 1.000 
657.000 1.000 
658.000 1.000 
659.000 1.000 
660.000 1.000 
661.000 1.000 
662.000 1.000 
663.000 1.000 
664.000 1.000 
665.000 1.000 
666.000 1.000 
667.000 1.000 
668.000 1.000 
669.000 1.000 
670.000 1.000 
671.000 1.000 
672.000 1.000 
673.000 1.000 
674.000 1.000 
675.000 1.000 
676.000 1.000 
677.000 1.000 
678.000 1.000 
679.000 1.000 
680.000 1.000 
681.000 1.000 
682.000 1.000 
683.000 1.000 
684.000 1.000 
685.000 1.000 
686.000 1.000 
687.000 1.000 
688.000 1.000 
689.000 1.000 
690.000 1.000 
691.000 1.000 
692.000 1.000 
693.000 1.000 
694.000 1.000 
695.000 1.000 
696.000 1.000 
697.000 1.000 
698.000 1.000 
699.000 1.000 
700.000 1.000 
701.000 1.000 
702.000 1.000 
703.000 1.000 
704.000 1.000 
705.000 1.000 
706.000 1.000 
707.000 1.000 
708.000 1.000 
709.000 1.000 
710.000 1.000 
711.000 1.000 
712.000 1.000 
713.000 1.000 
714.000 1.000 
715.000 1.000 
716.000 1.000 
717.000 1.000 
718.000 1.000 
719.000 1.000 
720.000 1.000 
721.000 1.000 
722.000 1.000 
723.000 1.000 
724.000 1.000 
725.000 1.000 
726.000 1.000 
727.000 1.000 
728.000 1.000 
729.000 1.000 
730.000 1.000 
731.000 1.000 
732.000 1.000 
733.000 1.000 
734.000 1.000 
735.000 1.000 
736.000 1.000 
737.000 1.000 
738.000 1.000 
739.000 1.000 
740.000 1.000 
741.000 1.000 
742.000 1.000 
743.000 1.000 
744.000 1.000 
745.000 1.000 
746.000 1.000 
747.000 1.000 
748.000 1.000 
749.000 1.000 
750.000 1.000 
751.000 1.000 
752.000 1.000 
753.000 1.000 
754.000 1.000 
755.000 1.000 
756.000 1.000 
757.000 1.000 
758.000 1.000 
759.000 1.000 
760.000 1.000 
761.000 1.000 
762.000 1.000 
763.000 1.000 
764.000 1.000 
765.000 1.000 
766.000 1.000 
767.000 1.000 
768.000 1.000 
769.000 1.000 
770.000 1.000 
771.000 1.000 
772.000 1.000 
773.000 1.000 
774.000 1.000 
775.000 1.000 
776.000 1.000 
777.000 1.000 
778.000 1.000 
779.000 1.000 
780.000 1.000 
781.000 1.000 
782.000 1.000 
783.000 1.000 
784.000 1.000 
785.000 1.000 
786.000 1.000 
787.000 1.000 
788.000 1.000 
789.000 1.000 
790.000 1.000 
791.000 1.000 
792.000 1.000 
793.000 1.000 
794.000 1.000 
795.000 1.000 
796.000 1.000 
797.000 1.000 
798.000 1.000 
799.000 1.000 
800.000 1.000 
