1.000 0.000 
2.000 0.000 
3.000 0.000 
4.000 0.000 
5.000 0.000 
6.000 0.000 
7.000 -0.669 
8.000 -0.493 
9.000 -0.495 
10.000 -0.498 
11.000 -0.500 
12.000 -0.352 
13.000 -0.208 
14.000 -0.149 
15.000 -0.114 
16.000 -0.094 
17.000 -0.082 
18.000 -0.097 
19.000 -0.139 
20.000 -0.188 
21.000 -0.236 
22.000 -0.277 
23.000 -0.306 
24.000 -0.313 
25.000 -0.299 
26.000 -0.272 
27.000 -0.243 
28.000 -0.215 
29.000 -0.194 
30.000 -0.180 
31.000 -0.175 
32.000 -0.179 
33.000 -0.188 
34.000 -0.202 
35.000 -0.218 
36.000 -0.232 
37.000 -0.243 
38.000 -0.248 
39.000 -0.248 
40.000 -0.244 
41.000 -0.237 
42.000 -0.230 
43.000 -0.223 
44.000 -0.218 
45.000 -0.215 
46.000 -0.215 
47.000 -0.217 
48.000 -0.221 
49.000 -0.225 
50.000 -0.230 
51.000 -0.234 
52.000 -0.236 
53.000 -0.238 
54.000 -0.238 
55.000 -0.237 
56.000 -0.236 
57.000 -0.234 
58.000 -0.233 
59.000 -0.232 
60.000 -0.232 
61.000 -0.233 
62.000 -0.234 
63.000 -0.235 
64.000 -0.237 
65.000 -0.238 
66.000 -0.239 
67.000 -0.240 
68.000 -0.241 
69.000 -0.241 
70.000 -0.241 
71.000 -0.242 
72.000 -0.242 
73.000 -0.242 
74.000 -0.242 
75.000 -0.242 
76.000 -0.243 
77.000 -0.244 
78.000 -0.244 
79.000 -0.245 
80.000 -0.246 
81.000 -0.247 
82.000 -0.247 
83.000 -0.248 
84.000 -0.248 
85.000 -0.249 
86.000 -0.249 
87.000 -0.249 
88.000 -0.250 
89.000 -0.250 
90.000 -0.251 
91.000 -0.251 
92.000 -0.252 
93.000 -0.253 
94.000 -0.253 
95.000 -0.254 
96.000 -0.254 
97.000 -0.255 
98.000 -0.255 
99.000 -0.256 
100.000 -0.256 
101.000 -0.257 
102.000 -0.257 
103.000 -0.258 
104.000 -0.258 
105.000 -0.259 
106.000 -0.259 
107.000 -0.260 
108.000 -0.260 
109.000 -0.261 
110.000 -0.261 
111.000 -0.262 
112.000 -0.262 
113.000 -0.263 
114.000 -0.263 
115.000 -0.264 
116.000 -0.264 
117.000 -0.265 
118.000 -0.265 
119.000 -0.266 
120.000 -0.266 
121.000 0.020 
122.000 -0.056 
123.000 -0.056 
124.000 -0.055 
125.000 -0.055 
126.000 -0.068 
127.000 -0.147 
128.000 -0.197 
129.000 -0.230 
130.000 -0.252 
131.000 -0.261 
132.000 -0.245 
133.000 -0.206 
134.000 -0.164 
135.000 -0.129 
136.000 -0.102 
137.000 -0.085 
138.000 -0.079 
139.000 -0.086 
140.000 -0.105 
141.000 -0.131 
142.000 -0.160 
143.000 -0.187 
144.000 -0.206 
145.000 -0.213 
146.000 -0.207 
147.000 -0.191 
148.000 -0.169 
149.000 -0.146 
150.000 -0.127 
151.000 -0.114 
152.000 -0.108 
153.000 -0.110 
154.000 -0.119 
155.000 -0.133 
156.000 -0.150 
157.000 -0.167 
158.000 -0.179 
159.000 -0.186 
160.000 -0.185 
161.000 -0.178 
162.000 -0.167 
163.000 -0.154 
164.000 -0.142 
165.000 -0.132 
166.000 -0.127 
167.000 -0.127 
168.000 -0.131 
169.000 -0.138 
170.000 -0.148 
171.000 -0.157 
172.000 -0.166 
173.000 -0.171 
174.000 -0.172 
175.000 -0.169 
176.000 -0.164 
177.000 -0.157 
178.000 -0.149 
179.000 -0.143 
180.000 -0.139 
181.000 -0.138 
182.000 -0.139 
183.000 -0.143 
184.000 -0.148 
185.000 -0.154 
186.000 -0.159 
187.000 -0.163 
188.000 -0.164 
189.000 -0.164 
190.000 -0.161 
191.000 -0.157 
192.000 -0.153 
193.000 -0.150 
194.000 -0.147 
195.000 -0.145 
196.000 -0.146 
197.000 -0.147 
198.000 -0.150 
199.000 -0.153 
200.000 -0.156 
201.000 -0.159 
202.000 -0.160 
203.000 -0.160 
204.000 -0.159 
205.000 -0.158 
206.000 -0.155 
207.000 -0.153 
208.000 -0.151 
209.000 -0.150 
210.000 -0.150 
211.000 -0.151 
212.000 -0.152 
213.000 -0.154 
214.000 -0.156 
215.000 -0.157 
216.000 -0.158 
217.000 -0.159 
218.000 -0.158 
219.000 -0.158 
220.000 -0.157 
221.000 -0.155 
222.000 -0.154 
223.000 -0.154 
224.000 -0.153 
225.000 -0.153 
226.000 -0.154 
227.000 -0.155 
228.000 -0.156 
229.000 -0.157 
230.000 -0.158 
231.000 -0.158 
232.000 -0.158 
233.000 -0.158 
234.000 -0.157 
235.000 -0.157 
236.000 -0.156 
237.000 -0.156 
238.000 -0.155 
239.000 -0.156 
240.000 -0.156 
241.000 1.000 
242.000 0.057 
243.000 0.910 
244.000 0.064 
245.000 0.901 
246.000 -0.090 
247.000 0.217 
248.000 -0.408 
249.000 -0.682 
250.000 -1.000 
251.000 -0.961 
252.000 -0.690 
253.000 -0.009 
254.000 0.529 
255.000 0.266 
256.000 0.630 
257.000 0.140 
258.000 0.801 
259.000 0.041 
260.000 0.666 
261.000 -0.202 
262.000 -0.238 
263.000 -0.884 
264.000 -0.906 
265.000 -1.000 
266.000 -0.634 
267.000 0.034 
268.000 0.551 
269.000 0.257 
270.000 0.646 
271.000 0.153 
272.000 0.786 
273.000 0.042 
274.000 0.648 
275.000 -0.199 
276.000 -0.285 
277.000 -0.932 
278.000 -0.935 
279.000 -1.000 
280.000 -0.627 
281.000 0.067 
282.000 0.566 
283.000 0.254 
284.000 0.656 
285.000 0.163 
286.000 0.774 
287.000 0.046 
288.000 0.641 
289.000 -0.194 
290.000 -0.313 
291.000 -0.962 
292.000 -0.960 
293.000 -1.000 
294.000 -0.636 
295.000 0.081 
296.000 0.578 
297.000 0.251 
298.000 0.664 
299.000 0.174 
300.000 0.763 
301.000 0.054 
302.000 0.641 
303.000 -0.188 
304.000 -0.327 
305.000 -0.980 
306.000 -0.984 
307.000 -1.000 
308.000 -0.658 
309.000 0.079 
310.000 0.591 
311.000 0.248 
312.000 0.673 
313.000 0.184 
314.000 0.753 
315.000 0.064 
316.000 0.646 
317.000 -0.180 
318.000 -0.332 
319.000 -0.990 
320.000 -1.000 
321.000 -1.000 
322.000 -0.691 
323.000 0.067 
324.000 0.602 
325.000 0.248 
326.000 0.677 
327.000 0.194 
328.000 0.744 
329.000 0.076 
330.000 0.654 
331.000 -0.172 
332.000 -0.329 
333.000 -0.992 
334.000 -1.000 
335.000 -1.000 
336.000 -0.729 
337.000 0.047 
338.000 0.612 
339.000 0.259 
340.000 0.667 
341.000 0.204 
342.000 0.735 
343.000 0.089 
344.000 0.656 
345.000 -0.163 
346.000 -0.321 
347.000 -0.987 
348.000 -1.000 
349.000 -1.000 
350.000 -0.762 
351.000 0.027 
352.000 0.620 
353.000 0.269 
354.000 0.659 
355.000 0.213 
356.000 0.727 
357.000 0.101 
358.000 0.658 
359.000 -0.155 
360.000 -0.313 
361.000 1.000 
362.000 0.080 
363.000 0.716 
364.000 0.313 
365.000 0.741 
366.000 0.378 
367.000 0.557 
368.000 0.244 
369.000 0.642 
370.000 -0.007 
371.000 0.564 
372.000 -0.082 
373.000 0.044 
374.000 -0.220 
375.000 0.446 
376.000 0.330 
377.000 0.673 
378.000 0.487 
379.000 0.625 
380.000 0.492 
381.000 0.491 
382.000 0.370 
383.000 0.447 
384.000 0.247 
385.000 0.222 
386.000 -0.095 
387.000 -0.335 
388.000 -0.499 
389.000 -0.272 
390.000 0.182 
391.000 0.846 
392.000 0.637 
393.000 0.640 
394.000 0.615 
395.000 0.585 
396.000 0.416 
397.000 0.431 
398.000 0.301 
399.000 0.292 
400.000 -0.161 
401.000 -0.648 
402.000 -0.904 
403.000 -0.775 
404.000 -0.432 
405.000 0.868 
406.000 0.742 
407.000 0.726 
408.000 0.677 
409.000 0.636 
410.000 0.545 
411.000 0.347 
412.000 0.466 
413.000 0.135 
414.000 -0.138 
415.000 -0.912 
416.000 -1.000 
417.000 -1.000 
418.000 -0.630 
419.000 0.779 
420.000 0.815 
421.000 0.784 
422.000 0.724 
423.000 0.678 
424.000 0.632 
425.000 0.361 
426.000 0.473 
427.000 0.169 
428.000 -0.117 
429.000 -1.000 
430.000 -1.000 
431.000 -1.000 
432.000 -1.000 
433.000 0.478 
434.000 0.902 
435.000 0.838 
436.000 0.768 
437.000 0.722 
438.000 0.770 
439.000 0.519 
440.000 0.343 
441.000 0.443 
442.000 -0.004 
443.000 -0.869 
444.000 -1.000 
445.000 -1.000 
446.000 -1.000 
447.000 -0.578 
448.000 1.000 
449.000 0.916 
450.000 0.833 
451.000 0.773 
452.000 0.734 
453.000 0.643 
454.000 0.323 
455.000 0.501 
456.000 -0.017 
457.000 -0.775 
458.000 -1.000 
459.000 -1.000 
460.000 -1.000 
461.000 -0.753 
462.000 1.000 
463.000 0.950 
464.000 0.866 
465.000 0.803 
466.000 0.761 
467.000 0.699 
468.000 0.368 
469.000 0.448 
470.000 0.059 
471.000 -0.724 
472.000 -1.000 
473.000 -1.000 
474.000 -1.000 
475.000 -1.000 
476.000 1.000 
477.000 0.991 
478.000 0.903 
479.000 0.833 
480.000 0.792 
481.000 1.000 
482.000 1.000 
483.000 1.000 
484.000 0.988 
485.000 0.853 
486.000 0.681 
487.000 0.500 
488.000 0.455 
489.000 0.409 
490.000 0.440 
491.000 0.467 
492.000 0.639 
493.000 0.825 
494.000 1.000 
495.000 1.000 
496.000 1.000 
497.000 1.000 
498.000 1.000 
499.000 1.000 
500.000 0.901 
501.000 0.725 
502.000 0.570 
503.000 0.463 
504.000 0.473 
505.000 0.344 
506.000 0.273 
507.000 0.462 
508.000 0.884 
509.000 1.000 
510.000 1.000 
511.000 1.000 
512.000 1.000 
513.000 1.000 
514.000 1.000 
515.000 1.000 
516.000 0.990 
517.000 0.814 
518.000 0.660 
519.000 0.526 
520.000 0.484 
521.000 0.391 
522.000 0.202 
523.000 0.035 
524.000 0.379 
525.000 1.000 
526.000 1.000 
527.000 1.000 
528.000 1.000 
529.000 1.000 
530.000 1.000 
531.000 1.000 
532.000 1.000 
533.000 1.000 
534.000 1.000 
535.000 0.932 
536.000 0.779 
537.000 0.647 
538.000 0.536 
539.000 0.493 
540.000 0.314 
541.000 -0.049 
542.000 -0.557 
543.000 0.128 
544.000 1.000 
545.000 1.000 
546.000 1.000 
547.000 1.000 
548.000 1.000 
549.000 1.000 
550.000 1.000 
551.000 1.000 
552.000 1.000 
553.000 1.000 
554.000 1.000 
555.000 1.000 
556.000 0.967 
557.000 0.837 
558.000 0.727 
559.000 0.636 
560.000 0.560 
561.000 0.429 
562.000 0.110 
563.000 -0.692 
564.000 -0.979 
565.000 -0.061 
566.000 1.000 
567.000 1.000 
568.000 1.000 
569.000 1.000 
570.000 1.000 
571.000 1.000 
572.000 1.000 
573.000 1.000 
574.000 1.000 
575.000 1.000 
576.000 1.000 
577.000 1.000 
578.000 1.000 
579.000 1.000 
580.000 0.936 
581.000 0.846 
582.000 0.772 
583.000 0.710 
584.000 0.660 
585.000 0.651 
586.000 0.708 
587.000 0.823 
588.000 0.979 
589.000 1.000 
590.000 1.000 
591.000 1.000 
592.000 1.000 
593.000 1.000 
594.000 1.000 
595.000 1.000 
596.000 0.994 
597.000 0.902 
598.000 0.821 
599.000 0.750 
600.000 0.687 
601.000 1.000 
602.000 1.000 
603.000 1.000 
604.000 1.000 
605.000 1.000 
606.000 1.000 
607.000 1.000 
608.000 1.000 
609.000 1.000 
610.000 1.000 
611.000 1.000 
612.000 1.000 
613.000 1.000 
614.000 1.000 
615.000 1.000 
616.000 1.000 
617.000 1.000 
618.000 1.000 
619.000 1.000 
620.000 1.000 
621.000 1.000 
622.000 1.000 
623.000 1.000 
624.000 1.000 
625.000 1.000 
626.000 1.000 
627.000 1.000 
628.000 1.000 
629.000 1.000 
630.000 1.000 
631.000 1.000 
632.000 1.000 
633.000 1.000 
634.000 1.000 
635.000 1.000 
636.000 1.000 
637.000 1.000 
638.000 1.000 
639.000 1.000 
640.000 1.000 
641.000 1.000 
642.000 1.000 
643.000 1.000 
644.000 1.000 
645.000 1.000 
646.000 1.000 
647.000 1.000 
648.000 1.000 
649.000 1.000 
650.000 1.000 
651.000 1.000 
652.000 1.000 
653.000 1.000 
654.000 1.000 
655.000 1.000 
656.000 1.000 
657.000 1.000 
658.000 1.000 
659.000 1.000 
660.000 1.000 
661.000 1.000 
662.000 1.000 
663.000 1.000 
664.000 1.000 
665.000 1.000 
666.000 1.000 
667.000 1.000 
668.000 1.000 
669.000 1.000 
670.000 1.000 
671.000 1.000 
672.000 1.000 
673.000 1.000 
674.000 1.000 
675.000 1.000 
676.000 1.000 
677.000 1.000 
678.000 1.000 
679.000 1.000 
680.000 1.000 
681.000 1.000 
682.000 1.000 
683.000 1.000 
684.000 1.000 
685.000 1.000 
686.000 1.000 
687.000 1.000 
688.000 1.000 
689.000 1.000 
690.000 1.000 
691.000 1.000 
692.000 1.000 
693.000 1.000 
694.000 1.000 
695.000 1.000 
696.000 1.000 
697.000 1.000 
698.000 1.000 
699.000 1.000 
700.000 1.000 
701.000 1.000 
702.000 1.000 
703.000 1.000 
704.000 1.000 
705.000 1.000 
706.000 1.000 
707.000 1.000 
708.000 1.000 
709.000 1.000 
710.000 1.000 
711.000 1.000 
712.000 1.000 
713.000 1.000 
714.000 1.000 
715.000 1.000 
716.000 1.000 
717.000 1.000 
718.000 1.000 
719.000 1.000 
720.000 1.000 
721.000 1.000 
722.000 1.000 
723.000 1.000 
724.000 1.000 
725.000 1.000 
726.000 1.000 
727.000 1.000 
728.000 1.000 
729.000 1.000 
730.000 1.000 
731.000 1.000 
732.000 1.000 
733.000 1.000 
734.000 1.000 
735.000 1.000 
736.000 1.000 
737.000 1.000 
738.000 1.000 
739.000 1.000 
740.000 1.000 
741.000 1.000 
742.000 1.000 
743.000 1.000 
744.000 1.000 
745.000 1.000 
746.000 1.000 
747.000 1.000 
748.000 1.000 
749.000 1.000 
750.000 1.000 
751.000 1.000 
752.000 1.000 
753.000 1.000 
754.000 1.000 
755.000 1.000 
756.000 1.000 
757.000 1.000 
758.000 1.000 
759.000 1.000 
760.000 1.000 
761.000 1.000 
762.000 1.000 
763.000 1.000 
764.000 1.000 
765.000 1.000 
766.000 1.000 
767.000 1.000 
768.000 1.000 
769.000 1.000 
770.000 1.000 
771.000 1.000 
772.000 1.000 
773.000 1.000 
774.000 1.000 
775.000 1.000 
776.000 1.000 
777.000 1.000 
778.000 1.000 
779.000 1.000 
780.000 1.000 
781.000 1.000 
782.000 1.000 
783.000 1.000 
784.000 1.000 
785.000 1.000 
786.000 1.000 
787.000 1.000 
788.000 1.000 
789.000 1.000 
790.000 1.000 
791.000 1.000 
792.000 1.000 
793.000 1.000 
794.000 1.000 
795.000 1.000 
796.000 1.000 
797.000 1.000 
798.000 1.000 
799.000 1.000 
800.000 1.000 
