1.000 0.000 
2.000 0.000 
3.000 0.000 
4.000 0.000 
5.000 0.000 
6.000 0.000 
7.000 -0.147 
8.000 -0.148 
9.000 -0.148 
10.000 -0.149 
11.000 -0.150 
12.000 -0.140 
13.000 -0.123 
14.000 -0.108 
15.000 -0.096 
16.000 -0.089 
17.000 -0.085 
18.000 -0.084 
19.000 -0.085 
20.000 -0.089 
21.000 -0.093 
22.000 -0.097 
23.000 -0.100 
24.000 -0.103 
25.000 -0.105 
26.000 -0.106 
27.000 -0.106 
28.000 -0.105 
29.000 -0.104 
30.000 -0.104 
31.000 -0.103 
32.000 -0.103 
33.000 -0.103 
34.000 -0.103 
35.000 -0.103 
36.000 -0.104 
37.000 -0.104 
38.000 -0.105 
39.000 -0.105 
40.000 -0.106 
41.000 -0.106 
42.000 -0.107 
43.000 -0.107 
44.000 -0.107 
45.000 -0.108 
46.000 -0.108 
47.000 -0.108 
48.000 -0.108 
49.000 -0.109 
50.000 -0.109 
51.000 -0.109 
52.000 -0.110 
53.000 -0.110 
54.000 -0.110 
55.000 -0.111 
56.000 -0.111 
57.000 -0.111 
58.000 -0.112 
59.000 -0.112 
60.000 -0.112 
61.000 -0.112 
62.000 -0.113 
63.000 -0.113 
64.000 -0.113 
65.000 -0.114 
66.000 -0.114 
67.000 -0.114 
68.000 -0.115 
69.000 -0.115 
70.000 -0.115 
71.000 -0.116 
72.000 -0.116 
73.000 -0.116 
74.000 -0.117 
75.000 -0.117 
76.000 -0.117 
77.000 -0.117 
78.000 -0.118 
79.000 -0.118 
80.000 -0.118 
81.000 -0.119 
82.000 -0.119 
83.000 -0.119 
84.000 -0.120 
85.000 -0.120 
86.000 -0.120 
87.000 -0.120 
88.000 -0.121 
89.000 -0.121 
90.000 -0.121 
91.000 -0.122 
92.000 -0.122 
93.000 -0.122 
94.000 -0.123 
95.000 -0.123 
96.000 -0.123 
97.000 -0.124 
98.000 -0.124 
99.000 -0.124 
100.000 -0.124 
101.000 -0.125 
102.000 -0.125 
103.000 -0.125 
104.000 -0.126 
105.000 -0.126 
106.000 -0.126 
107.000 -0.127 
108.000 -0.127 
109.000 -0.127 
110.000 -0.127 
111.000 -0.128 
112.000 -0.128 
113.000 -0.128 
114.000 -0.129 
115.000 -0.129 
116.000 -0.129 
117.000 -0.130 
118.000 -0.130 
119.000 -0.130 
120.000 -0.130 
121.000 -0.068 
122.000 -0.068 
123.000 -0.068 
124.000 -0.068 
125.000 -0.068 
126.000 -0.070 
127.000 -0.076 
128.000 -0.081 
129.000 -0.086 
130.000 -0.090 
131.000 -0.092 
132.000 -0.093 
133.000 -0.092 
134.000 -0.091 
135.000 -0.090 
136.000 -0.088 
137.000 -0.087 
138.000 -0.086 
139.000 -0.085 
140.000 -0.085 
141.000 -0.085 
142.000 -0.086 
143.000 -0.086 
144.000 -0.087 
145.000 -0.088 
146.000 -0.088 
147.000 -0.088 
148.000 -0.089 
149.000 -0.089 
150.000 -0.089 
151.000 -0.089 
152.000 -0.089 
153.000 -0.089 
154.000 -0.089 
155.000 -0.089 
156.000 -0.089 
157.000 -0.089 
158.000 -0.089 
159.000 -0.089 
160.000 -0.089 
161.000 -0.090 
162.000 -0.090 
163.000 -0.090 
164.000 -0.090 
165.000 -0.090 
166.000 -0.090 
167.000 -0.090 
168.000 -0.090 
169.000 -0.090 
170.000 -0.091 
171.000 -0.091 
172.000 -0.091 
173.000 -0.091 
174.000 -0.091 
175.000 -0.091 
176.000 -0.091 
177.000 -0.091 
178.000 -0.091 
179.000 -0.092 
180.000 -0.092 
181.000 -0.092 
182.000 -0.092 
183.000 -0.092 
184.000 -0.092 
185.000 -0.092 
186.000 -0.092 
187.000 -0.092 
188.000 -0.093 
189.000 -0.093 
190.000 -0.093 
191.000 -0.093 
192.000 -0.093 
193.000 -0.093 
194.000 -0.093 
195.000 -0.093 
196.000 -0.093 
197.000 -0.093 
198.000 -0.094 
199.000 -0.094 
200.000 -0.094 
201.000 -0.094 
202.000 -0.094 
203.000 -0.094 
204.000 -0.094 
205.000 -0.094 
206.000 -0.094 
207.000 -0.095 
208.000 -0.095 
209.000 -0.095 
210.000 -0.095 
211.000 -0.095 
212.000 -0.095 
213.000 -0.095 
214.000 -0.095 
215.000 -0.095 
216.000 -0.096 
217.000 -0.096 
218.000 -0.096 
219.000 -0.096 
220.000 -0.096 
221.000 -0.096 
222.000 -0.096 
223.000 -0.096 
224.000 -0.096 
225.000 -0.096 
226.000 -0.097 
227.000 -0.097 
228.000 -0.097 
229.000 -0.097 
230.000 -0.097 
231.000 -0.097 
232.000 -0.097 
233.000 -0.097 
234.000 -0.097 
235.000 -0.097 
236.000 -0.098 
237.000 -0.098 
238.000 -0.098 
239.000 -0.098 
240.000 -0.098 
241.000 0.258 
242.000 0.163 
243.000 0.200 
244.000 0.188 
245.000 0.194 
246.000 0.163 
247.000 0.124 
248.000 0.093 
249.000 0.060 
250.000 0.030 
251.000 0.011 
252.000 0.008 
253.000 0.022 
254.000 0.049 
255.000 0.083 
256.000 0.115 
257.000 0.138 
258.000 0.151 
259.000 0.154 
260.000 0.149 
261.000 0.137 
262.000 0.121 
263.000 0.104 
264.000 0.087 
265.000 0.073 
266.000 0.065 
267.000 0.064 
268.000 0.070 
269.000 0.082 
270.000 0.097 
271.000 0.112 
272.000 0.124 
273.000 0.131 
274.000 0.134 
275.000 0.132 
276.000 0.126 
277.000 0.118 
278.000 0.109 
279.000 0.101 
280.000 0.094 
281.000 0.090 
282.000 0.090 
283.000 0.093 
284.000 0.098 
285.000 0.106 
286.000 0.113 
287.000 0.120 
288.000 0.124 
289.000 0.126 
290.000 0.125 
291.000 0.123 
292.000 0.118 
293.000 0.114 
294.000 0.109 
295.000 0.106 
296.000 0.104 
297.000 0.104 
298.000 0.105 
299.000 0.109 
300.000 0.113 
301.000 0.117 
302.000 0.120 
303.000 0.123 
304.000 0.124 
305.000 0.124 
306.000 0.122 
307.000 0.120 
308.000 0.118 
309.000 0.116 
310.000 0.114 
311.000 0.113 
312.000 0.113 
313.000 0.114 
314.000 0.116 
315.000 0.118 
316.000 0.120 
317.000 0.122 
318.000 0.124 
319.000 0.125 
320.000 0.125 
321.000 0.124 
322.000 0.123 
323.000 0.122 
324.000 0.121 
325.000 0.120 
326.000 0.119 
327.000 0.119 
328.000 0.120 
329.000 0.121 
330.000 0.123 
331.000 0.124 
332.000 0.125 
333.000 0.126 
334.000 0.127 
335.000 0.127 
336.000 0.127 
337.000 0.126 
338.000 0.126 
339.000 0.125 
340.000 0.125 
341.000 0.124 
342.000 0.125 
343.000 0.125 
344.000 0.126 
345.000 0.127 
346.000 0.128 
347.000 0.129 
348.000 0.129 
349.000 0.130 
350.000 0.130 
351.000 0.130 
352.000 0.130 
353.000 0.129 
354.000 0.129 
355.000 0.129 
356.000 0.129 
357.000 0.129 
358.000 0.129 
359.000 0.130 
360.000 0.131 
361.000 0.861 
362.000 0.208 
363.000 0.615 
364.000 0.212 
365.000 0.617 
366.000 0.014 
367.000 0.611 
368.000 -0.106 
369.000 0.406 
370.000 0.032 
371.000 0.333 
372.000 0.209 
373.000 0.423 
374.000 0.377 
375.000 0.445 
376.000 0.384 
377.000 0.405 
378.000 0.322 
379.000 0.327 
380.000 0.244 
381.000 0.253 
382.000 0.192 
383.000 0.209 
384.000 0.203 
385.000 0.248 
386.000 0.289 
387.000 0.348 
388.000 0.381 
389.000 0.399 
390.000 0.393 
391.000 0.376 
392.000 0.347 
393.000 0.317 
394.000 0.284 
395.000 0.257 
396.000 0.236 
397.000 0.229 
398.000 0.235 
399.000 0.260 
400.000 0.297 
401.000 0.337 
402.000 0.369 
403.000 0.385 
404.000 0.385 
405.000 0.372 
406.000 0.350 
407.000 0.324 
408.000 0.297 
409.000 0.274 
410.000 0.257 
411.000 0.249 
412.000 0.255 
413.000 0.273 
414.000 0.302 
415.000 0.335 
416.000 0.362 
417.000 0.377 
418.000 0.379 
419.000 0.370 
420.000 0.352 
421.000 0.330 
422.000 0.307 
423.000 0.287 
424.000 0.272 
425.000 0.265 
426.000 0.269 
427.000 0.284 
428.000 0.308 
429.000 0.336 
430.000 0.359 
431.000 0.373 
432.000 0.376 
433.000 0.369 
434.000 0.354 
435.000 0.335 
436.000 0.315 
437.000 0.296 
438.000 0.283 
439.000 0.277 
440.000 0.280 
441.000 0.294 
442.000 0.314 
443.000 0.338 
444.000 0.359 
445.000 0.372 
446.000 0.375 
447.000 0.369 
448.000 0.356 
449.000 0.339 
450.000 0.321 
451.000 0.304 
452.000 0.292 
453.000 0.287 
454.000 0.290 
455.000 0.301 
456.000 0.320 
457.000 0.341 
458.000 0.360 
459.000 0.372 
460.000 0.376 
461.000 0.370 
462.000 0.359 
463.000 0.343 
464.000 0.326 
465.000 0.311 
466.000 0.299 
467.000 0.294 
468.000 0.297 
469.000 0.308 
470.000 0.325 
471.000 0.345 
472.000 0.363 
473.000 0.374 
474.000 0.377 
475.000 0.372 
476.000 0.361 
477.000 0.346 
478.000 0.330 
479.000 0.316 
480.000 0.305 
481.000 1.000 
482.000 0.847 
483.000 0.880 
484.000 0.916 
485.000 0.950 
486.000 0.721 
487.000 0.453 
488.000 0.447 
489.000 0.336 
490.000 0.423 
491.000 0.284 
492.000 0.658 
493.000 0.556 
494.000 0.883 
495.000 1.000 
496.000 1.000 
497.000 1.000 
498.000 0.975 
499.000 0.766 
500.000 0.494 
501.000 0.387 
502.000 0.400 
503.000 0.294 
504.000 0.494 
505.000 0.400 
506.000 0.784 
507.000 0.953 
508.000 1.000 
509.000 1.000 
510.000 1.000 
511.000 1.000 
512.000 0.792 
513.000 0.514 
514.000 0.388 
515.000 0.424 
516.000 0.275 
517.000 0.536 
518.000 0.357 
519.000 0.826 
520.000 0.975 
521.000 1.000 
522.000 1.000 
523.000 1.000 
524.000 1.000 
525.000 0.848 
526.000 0.566 
527.000 0.376 
528.000 0.475 
529.000 0.231 
530.000 0.619 
531.000 0.250 
532.000 0.882 
533.000 0.953 
534.000 1.000 
535.000 1.000 
536.000 1.000 
537.000 1.000 
538.000 0.952 
539.000 0.664 
540.000 0.427 
541.000 0.461 
542.000 0.310 
543.000 0.494 
544.000 0.309 
545.000 0.786 
546.000 0.886 
547.000 1.000 
548.000 1.000 
549.000 1.000 
550.000 1.000 
551.000 1.000 
552.000 0.768 
553.000 0.523 
554.000 0.417 
555.000 0.432 
556.000 0.331 
557.000 0.518 
558.000 0.515 
559.000 0.866 
560.000 1.000 
561.000 1.000 
562.000 1.000 
563.000 1.000 
564.000 1.000 
565.000 0.887 
566.000 0.629 
567.000 0.425 
568.000 0.481 
569.000 0.317 
570.000 0.536 
571.000 0.390 
572.000 0.836 
573.000 1.000 
574.000 1.000 
575.000 1.000 
576.000 1.000 
577.000 1.000 
578.000 1.000 
579.000 0.741 
580.000 0.523 
581.000 0.436 
582.000 0.436 
583.000 0.366 
584.000 0.521 
585.000 0.604 
586.000 0.931 
587.000 1.000 
588.000 1.000 
589.000 1.000 
590.000 1.000 
591.000 1.000 
592.000 0.890 
593.000 0.651 
594.000 0.463 
595.000 0.474 
596.000 0.375 
597.000 0.492 
598.000 0.486 
599.000 0.811 
600.000 1.000 
601.000 1.000 
602.000 1.000 
603.000 1.000 
604.000 1.000 
605.000 1.000 
606.000 1.000 
607.000 1.000 
608.000 0.965 
609.000 0.848 
610.000 0.761 
611.000 0.701 
612.000 0.661 
613.000 0.656 
614.000 0.743 
615.000 0.908 
616.000 1.000 
617.000 1.000 
618.000 1.000 
619.000 1.000 
620.000 1.000 
621.000 1.000 
622.000 1.000 
623.000 1.000 
624.000 0.951 
625.000 0.886 
626.000 0.839 
627.000 0.805 
628.000 0.782 
629.000 0.799 
630.000 0.869 
631.000 0.974 
632.000 1.000 
633.000 1.000 
634.000 1.000 
635.000 1.000 
636.000 1.000 
637.000 1.000 
638.000 1.000 
639.000 0.987 
640.000 0.937 
641.000 0.900 
642.000 0.873 
643.000 0.854 
644.000 0.850 
645.000 0.883 
646.000 0.947 
647.000 1.000 
648.000 1.000 
649.000 1.000 
650.000 1.000 
651.000 1.000 
652.000 1.000 
653.000 1.000 
654.000 1.000 
655.000 0.964 
656.000 0.934 
657.000 0.912 
658.000 0.896 
659.000 0.885 
660.000 0.901 
661.000 0.943 
662.000 0.998 
663.000 1.000 
664.000 1.000 
665.000 1.000 
666.000 1.000 
667.000 1.000 
668.000 1.000 
669.000 1.000 
670.000 0.979 
671.000 0.955 
672.000 0.936 
673.000 0.923 
674.000 0.914 
675.000 0.922 
676.000 0.949 
677.000 0.988 
678.000 1.000 
679.000 1.000 
680.000 1.000 
681.000 1.000 
682.000 1.000 
683.000 1.000 
684.000 1.000 
685.000 0.989 
686.000 0.969 
687.000 0.954 
688.000 0.943 
689.000 0.935 
690.000 0.937 
691.000 0.955 
692.000 0.984 
693.000 1.000 
694.000 1.000 
695.000 1.000 
696.000 1.000 
697.000 1.000 
698.000 1.000 
699.000 1.000 
700.000 0.995 
701.000 0.979 
702.000 0.966 
703.000 0.957 
704.000 0.951 
705.000 0.949 
706.000 0.961 
707.000 0.982 
708.000 1.000 
709.000 1.000 
710.000 1.000 
711.000 1.000 
712.000 1.000 
713.000 1.000 
714.000 1.000 
715.000 0.999 
716.000 0.986 
717.000 0.975 
718.000 0.968 
719.000 0.962 
720.000 0.959 
721.000 0.966 
722.000 0.982 
723.000 1.000 
724.000 1.000 
725.000 1.000 
726.000 1.000 
727.000 1.000 
728.000 1.000 
729.000 1.000 
730.000 1.000 
731.000 0.990 
732.000 0.982 
733.000 0.976 
734.000 0.971 
735.000 0.968 
736.000 0.972 
737.000 0.983 
738.000 0.998 
739.000 1.000 
740.000 1.000 
741.000 1.000 
742.000 1.000 
743.000 1.000 
744.000 1.000 
745.000 1.000 
746.000 0.994 
747.000 0.987 
748.000 0.982 
749.000 0.978 
750.000 0.975 
751.000 0.977 
752.000 0.985 
753.000 0.996 
754.000 1.000 
755.000 1.000 
756.000 1.000 
757.000 1.000 
758.000 1.000 
759.000 1.000 
760.000 1.000 
761.000 0.997 
762.000 0.991 
763.000 0.987 
764.000 0.983 
765.000 0.981 
766.000 0.982 
767.000 0.987 
768.000 0.995 
769.000 1.000 
770.000 1.000 
771.000 1.000 
772.000 1.000 
773.000 1.000 
774.000 1.000 
775.000 1.000 
776.000 0.999 
777.000 0.994 
778.000 0.990 
779.000 0.987 
780.000 0.986 
781.000 0.985 
782.000 0.989 
783.000 0.995 
784.000 1.000 
785.000 1.000 
786.000 1.000 
787.000 1.000 
788.000 1.000 
789.000 1.000 
790.000 1.000 
791.000 1.000 
792.000 0.996 
793.000 0.993 
794.000 0.991 
795.000 0.989 
796.000 0.988 
797.000 0.990 
798.000 0.995 
799.000 1.000 
800.000 1.000 
