1.000 0.000 
2.000 0.000 
3.000 0.000 
4.000 0.000 
5.000 0.000 
6.000 0.000 
7.000 -0.795 
8.000 -0.436 
9.000 -0.438 
10.000 -0.440 
11.000 -0.442 
12.000 -0.239 
13.000 -0.096 
14.000 -0.094 
15.000 -0.090 
16.000 -0.085 
17.000 -0.078 
18.000 -0.122 
19.000 -0.192 
20.000 -0.239 
21.000 -0.270 
22.000 -0.291 
23.000 -0.295 
24.000 -0.271 
25.000 -0.235 
26.000 -0.204 
27.000 -0.181 
28.000 -0.166 
29.000 -0.158 
30.000 -0.161 
31.000 -0.172 
32.000 -0.188 
33.000 -0.205 
34.000 -0.219 
35.000 -0.229 
36.000 -0.233 
37.000 -0.231 
38.000 -0.224 
39.000 -0.216 
40.000 -0.207 
41.000 -0.201 
42.000 -0.197 
43.000 -0.197 
44.000 -0.199 
45.000 -0.203 
46.000 -0.208 
47.000 -0.213 
48.000 -0.217 
49.000 -0.220 
50.000 -0.221 
51.000 -0.220 
52.000 -0.218 
53.000 -0.217 
54.000 -0.215 
55.000 -0.214 
56.000 -0.213 
57.000 -0.214 
58.000 -0.215 
59.000 -0.216 
60.000 -0.218 
61.000 -0.220 
62.000 -0.221 
63.000 -0.222 
64.000 -0.222 
65.000 -0.223 
66.000 -0.222 
67.000 -0.222 
68.000 -0.222 
69.000 -0.222 
70.000 -0.223 
71.000 -0.223 
72.000 -0.224 
73.000 -0.225 
74.000 -0.226 
75.000 -0.226 
76.000 -0.227 
77.000 -0.228 
78.000 -0.228 
79.000 -0.228 
80.000 -0.229 
81.000 -0.229 
82.000 -0.230 
83.000 -0.230 
84.000 -0.230 
85.000 -0.231 
86.000 -0.231 
87.000 -0.232 
88.000 -0.233 
89.000 -0.233 
90.000 -0.234 
91.000 -0.234 
92.000 -0.235 
93.000 -0.235 
94.000 -0.236 
95.000 -0.236 
96.000 -0.236 
97.000 -0.237 
98.000 -0.237 
99.000 -0.238 
100.000 -0.238 
101.000 -0.239 
102.000 -0.239 
103.000 -0.240 
104.000 -0.240 
105.000 -0.241 
106.000 -0.241 
107.000 -0.242 
108.000 -0.242 
109.000 -0.243 
110.000 -0.243 
111.000 -0.244 
112.000 -0.244 
113.000 -0.245 
114.000 -0.245 
115.000 -0.246 
116.000 -0.246 
117.000 -0.247 
118.000 -0.247 
119.000 -0.248 
120.000 -0.248 
121.000 0.092 
122.000 -0.058 
123.000 -0.062 
124.000 -0.061 
125.000 -0.061 
126.000 -0.093 
127.000 -0.198 
128.000 -0.222 
129.000 -0.233 
130.000 -0.238 
131.000 -0.230 
132.000 -0.193 
133.000 -0.144 
134.000 -0.111 
135.000 -0.091 
136.000 -0.080 
137.000 -0.079 
138.000 -0.091 
139.000 -0.116 
140.000 -0.144 
141.000 -0.170 
142.000 -0.190 
143.000 -0.199 
144.000 -0.195 
145.000 -0.179 
146.000 -0.158 
147.000 -0.137 
148.000 -0.120 
149.000 -0.109 
150.000 -0.105 
151.000 -0.110 
152.000 -0.120 
153.000 -0.135 
154.000 -0.151 
155.000 -0.164 
156.000 -0.172 
157.000 -0.174 
158.000 -0.168 
159.000 -0.158 
160.000 -0.147 
161.000 -0.136 
162.000 -0.127 
163.000 -0.123 
164.000 -0.123 
165.000 -0.128 
166.000 -0.135 
167.000 -0.144 
168.000 -0.152 
169.000 -0.158 
170.000 -0.161 
171.000 -0.160 
172.000 -0.156 
173.000 -0.150 
174.000 -0.144 
175.000 -0.138 
176.000 -0.135 
177.000 -0.133 
178.000 -0.135 
179.000 -0.138 
180.000 -0.143 
181.000 -0.148 
182.000 -0.152 
183.000 -0.154 
184.000 -0.155 
185.000 -0.153 
186.000 -0.151 
187.000 -0.147 
188.000 -0.144 
189.000 -0.141 
190.000 -0.140 
191.000 -0.140 
192.000 -0.141 
193.000 -0.144 
194.000 -0.146 
195.000 -0.149 
196.000 -0.151 
197.000 -0.152 
198.000 -0.151 
199.000 -0.150 
200.000 -0.149 
201.000 -0.147 
202.000 -0.145 
203.000 -0.144 
204.000 -0.144 
205.000 -0.145 
206.000 -0.146 
207.000 -0.147 
208.000 -0.148 
209.000 -0.150 
210.000 -0.150 
211.000 -0.151 
212.000 -0.150 
213.000 -0.150 
214.000 -0.149 
215.000 -0.148 
216.000 -0.147 
217.000 -0.147 
218.000 -0.147 
219.000 -0.147 
220.000 -0.148 
221.000 -0.149 
222.000 -0.150 
223.000 -0.150 
224.000 -0.150 
225.000 -0.151 
226.000 -0.150 
227.000 -0.150 
228.000 -0.150 
229.000 -0.149 
230.000 -0.149 
231.000 -0.149 
232.000 -0.149 
233.000 -0.149 
234.000 -0.150 
235.000 -0.150 
236.000 -0.151 
237.000 -0.151 
238.000 -0.151 
239.000 -0.151 
240.000 -0.151 
241.000 1.000 
242.000 0.077 
243.000 0.806 
244.000 0.080 
245.000 0.810 
246.000 -0.043 
247.000 -0.002 
248.000 -0.649 
249.000 -0.708 
250.000 -1.000 
251.000 -0.830 
252.000 -0.273 
253.000 0.446 
254.000 0.328 
255.000 0.538 
256.000 0.236 
257.000 0.663 
258.000 0.100 
259.000 0.513 
260.000 -0.086 
261.000 -0.330 
262.000 -0.940 
263.000 -0.899 
264.000 -1.000 
265.000 -0.541 
266.000 0.232 
267.000 0.516 
268.000 0.287 
269.000 0.598 
270.000 0.151 
271.000 0.786 
272.000 0.039 
273.000 0.321 
274.000 -0.209 
275.000 -0.477 
276.000 -1.000 
277.000 -0.911 
278.000 -0.860 
279.000 -0.114 
280.000 0.510 
281.000 0.282 
282.000 0.611 
283.000 0.159 
284.000 0.781 
285.000 0.100 
286.000 0.504 
287.000 -0.096 
288.000 -0.290 
289.000 -0.943 
290.000 -0.936 
291.000 -1.000 
292.000 -0.524 
293.000 0.237 
294.000 0.529 
295.000 0.284 
296.000 0.609 
297.000 0.162 
298.000 0.774 
299.000 0.049 
300.000 0.332 
301.000 -0.198 
302.000 -0.486 
303.000 -1.000 
304.000 -0.925 
305.000 -0.886 
306.000 -0.129 
307.000 0.523 
308.000 0.283 
309.000 0.617 
310.000 0.173 
311.000 0.765 
312.000 0.113 
313.000 0.520 
314.000 -0.085 
315.000 -0.287 
316.000 -0.939 
317.000 -0.951 
318.000 -1.000 
319.000 -0.561 
320.000 0.231 
321.000 0.549 
322.000 0.269 
323.000 0.635 
324.000 0.173 
325.000 0.762 
326.000 0.063 
327.000 0.364 
328.000 -0.172 
329.000 -0.488 
330.000 -1.000 
331.000 -0.950 
332.000 -0.956 
333.000 -0.197 
334.000 0.508 
335.000 0.313 
336.000 0.583 
337.000 0.210 
338.000 0.717 
339.000 0.133 
340.000 0.544 
341.000 -0.068 
342.000 -0.271 
343.000 -0.912 
344.000 -0.950 
345.000 -1.000 
346.000 -0.619 
347.000 0.202 
348.000 0.580 
349.000 0.240 
350.000 0.680 
351.000 0.185 
352.000 0.752 
353.000 0.079 
354.000 0.413 
355.000 -0.141 
356.000 -0.484 
357.000 -1.000 
358.000 -0.983 
359.000 -1.000 
360.000 -0.307 
361.000 1.000 
362.000 0.451 
363.000 0.587 
364.000 0.452 
365.000 0.578 
366.000 0.359 
367.000 0.500 
368.000 0.214 
369.000 0.496 
370.000 -0.044 
371.000 -0.135 
372.000 -0.422 
373.000 -0.124 
374.000 -0.135 
375.000 0.870 
376.000 0.414 
377.000 0.644 
378.000 0.493 
379.000 0.559 
380.000 0.405 
381.000 0.473 
382.000 0.293 
383.000 0.418 
384.000 0.020 
385.000 -0.148 
386.000 -0.418 
387.000 -0.288 
388.000 -0.228 
389.000 0.695 
390.000 0.432 
391.000 0.651 
392.000 0.521 
393.000 0.566 
394.000 0.465 
395.000 0.457 
396.000 0.371 
397.000 0.425 
398.000 0.123 
399.000 -0.036 
400.000 -0.350 
401.000 -0.404 
402.000 -0.425 
403.000 0.267 
404.000 0.724 
405.000 0.528 
406.000 0.606 
407.000 0.537 
408.000 0.584 
409.000 0.417 
410.000 0.483 
411.000 0.305 
412.000 0.415 
413.000 0.014 
414.000 -0.237 
415.000 -0.516 
416.000 -0.380 
417.000 -0.289 
418.000 0.723 
419.000 0.515 
420.000 0.645 
421.000 0.582 
422.000 0.572 
423.000 0.518 
424.000 0.432 
425.000 0.431 
426.000 0.349 
427.000 0.165 
428.000 -0.142 
429.000 -0.468 
430.000 -0.593 
431.000 -0.463 
432.000 0.207 
433.000 0.818 
434.000 0.607 
435.000 0.615 
436.000 0.596 
437.000 0.600 
438.000 0.456 
439.000 0.455 
440.000 0.359 
441.000 0.309 
442.000 -0.039 
443.000 -0.478 
444.000 -0.706 
445.000 -0.627 
446.000 -0.303 
447.000 0.963 
448.000 0.625 
449.000 0.656 
450.000 0.634 
451.000 0.616 
452.000 0.520 
453.000 0.413 
454.000 0.437 
455.000 0.243 
456.000 -0.052 
457.000 -0.629 
458.000 -0.816 
459.000 -0.861 
460.000 -0.378 
461.000 1.000 
462.000 0.668 
463.000 0.687 
464.000 0.661 
465.000 0.643 
466.000 0.551 
467.000 0.394 
468.000 0.466 
469.000 0.194 
470.000 -0.140 
471.000 -0.820 
472.000 -0.972 
473.000 -1.000 
474.000 -0.381 
475.000 1.000 
476.000 0.712 
477.000 0.714 
478.000 0.685 
479.000 0.666 
480.000 0.574 
481.000 1.000 
482.000 1.000 
483.000 1.000 
484.000 0.951 
485.000 0.911 
486.000 0.772 
487.000 0.593 
488.000 0.438 
489.000 0.491 
490.000 0.354 
491.000 0.525 
492.000 0.389 
493.000 0.700 
494.000 0.718 
495.000 0.958 
496.000 1.000 
497.000 1.000 
498.000 1.000 
499.000 1.000 
500.000 0.982 
501.000 0.817 
502.000 0.657 
503.000 0.508 
504.000 0.470 
505.000 0.421 
506.000 0.407 
507.000 0.447 
508.000 0.620 
509.000 0.702 
510.000 0.918 
511.000 1.000 
512.000 1.000 
513.000 1.000 
514.000 1.000 
515.000 1.000 
516.000 0.926 
517.000 0.764 
518.000 0.614 
519.000 0.477 
520.000 0.486 
521.000 0.409 
522.000 0.376 
523.000 0.533 
524.000 0.659 
525.000 0.815 
526.000 1.000 
527.000 1.000 
528.000 1.000 
529.000 1.000 
530.000 1.000 
531.000 1.000 
532.000 0.906 
533.000 0.751 
534.000 0.609 
535.000 0.479 
536.000 0.492 
537.000 0.378 
538.000 0.358 
539.000 0.548 
540.000 0.704 
541.000 0.875 
542.000 1.000 
543.000 1.000 
544.000 1.000 
545.000 1.000 
546.000 1.000 
547.000 1.000 
548.000 0.951 
549.000 0.797 
550.000 0.656 
551.000 0.528 
552.000 0.485 
553.000 0.412 
554.000 0.321 
555.000 0.421 
556.000 0.740 
557.000 0.848 
558.000 1.000 
559.000 1.000 
560.000 1.000 
561.000 1.000 
562.000 1.000 
563.000 1.000 
564.000 1.000 
565.000 0.898 
566.000 0.753 
567.000 0.621 
568.000 0.503 
569.000 0.496 
570.000 0.353 
571.000 0.281 
572.000 0.492 
573.000 0.787 
574.000 0.948 
575.000 1.000 
576.000 1.000 
577.000 1.000 
578.000 1.000 
579.000 1.000 
580.000 1.000 
581.000 1.000 
582.000 0.930 
583.000 0.787 
584.000 0.657 
585.000 0.541 
586.000 0.495 
587.000 0.370 
588.000 0.246 
589.000 0.341 
590.000 0.836 
591.000 0.932 
592.000 1.000 
593.000 1.000 
594.000 1.000 
595.000 1.000 
596.000 1.000 
597.000 1.000 
598.000 1.000 
599.000 1.000 
600.000 0.895 
601.000 1.000 
602.000 1.000 
603.000 1.000 
604.000 1.000 
605.000 1.000 
606.000 1.000 
607.000 1.000 
608.000 1.000 
609.000 0.996 
610.000 0.969 
611.000 0.947 
612.000 0.930 
613.000 0.917 
614.000 0.909 
615.000 0.915 
616.000 0.936 
617.000 0.968 
618.000 1.000 
619.000 1.000 
620.000 1.000 
621.000 1.000 
622.000 1.000 
623.000 1.000 
624.000 1.000 
625.000 1.000 
626.000 1.000 
627.000 1.000 
628.000 1.000 
629.000 0.995 
630.000 0.984 
631.000 0.974 
632.000 0.966 
633.000 0.959 
634.000 0.955 
635.000 0.958 
636.000 0.967 
637.000 0.981 
638.000 0.997 
639.000 1.000 
640.000 1.000 
641.000 1.000 
642.000 1.000 
643.000 1.000 
644.000 1.000 
645.000 1.000 
646.000 1.000 
647.000 1.000 
648.000 0.992 
649.000 0.985 
650.000 0.979 
651.000 0.974 
652.000 0.969 
653.000 0.969 
654.000 0.973 
655.000 0.981 
656.000 0.991 
657.000 1.000 
658.000 1.000 
659.000 1.000 
660.000 1.000 
661.000 1.000 
662.000 1.000 
663.000 1.000 
664.000 1.000 
665.000 1.000 
666.000 0.996 
667.000 0.990 
668.000 0.986 
669.000 0.982 
670.000 0.978 
671.000 0.977 
672.000 0.979 
673.000 0.984 
674.000 0.991 
675.000 1.000 
676.000 1.000 
677.000 1.000 
678.000 1.000 
679.000 1.000 
680.000 1.000 
681.000 1.000 
682.000 1.000 
683.000 1.000 
684.000 0.997 
685.000 0.993 
686.000 0.990 
687.000 0.987 
688.000 0.984 
689.000 0.983 
690.000 0.984 
691.000 0.988 
692.000 0.993 
693.000 0.999 
694.000 1.000 
695.000 1.000 
696.000 1.000 
697.000 1.000 
698.000 1.000 
699.000 1.000 
700.000 1.000 
701.000 1.000 
702.000 0.999 
703.000 0.996 
704.000 0.993 
705.000 0.991 
706.000 0.989 
707.000 0.987 
708.000 0.988 
709.000 0.990 
710.000 0.994 
711.000 0.998 
712.000 1.000 
713.000 1.000 
714.000 1.000 
715.000 1.000 
716.000 1.000 
717.000 1.000 
718.000 1.000 
719.000 1.000 
720.000 0.999 
721.000 0.997 
722.000 0.995 
723.000 0.993 
724.000 0.992 
725.000 0.991 
726.000 0.991 
727.000 0.992 
728.000 0.995 
729.000 0.998 
730.000 1.000 
731.000 1.000 
732.000 1.000 
733.000 1.000 
734.000 1.000 
735.000 1.000 
736.000 1.000 
737.000 1.000 
738.000 1.000 
739.000 0.998 
740.000 0.997 
741.000 0.995 
742.000 0.994 
743.000 0.993 
744.000 0.993 
745.000 0.994 
746.000 0.996 
747.000 0.998 
748.000 1.000 
749.000 1.000 
750.000 1.000 
751.000 1.000 
752.000 1.000 
753.000 1.000 
754.000 1.000 
755.000 1.000 
756.000 1.000 
757.000 0.999 
758.000 0.998 
759.000 0.997 
760.000 0.996 
761.000 0.995 
762.000 0.995 
763.000 0.995 
764.000 0.996 
765.000 0.998 
766.000 1.000 
767.000 1.000 
768.000 1.000 
769.000 1.000 
770.000 1.000 
771.000 1.000 
772.000 1.000 
773.000 1.000 
774.000 1.000 
775.000 0.999 
776.000 0.998 
777.000 0.998 
778.000 0.997 
779.000 0.996 
780.000 0.996 
781.000 0.996 
782.000 0.997 
783.000 0.998 
784.000 1.000 
785.000 1.000 
786.000 1.000 
787.000 1.000 
788.000 1.000 
789.000 1.000 
790.000 1.000 
791.000 1.000 
792.000 1.000 
793.000 1.000 
794.000 0.999 
795.000 0.998 
796.000 0.998 
797.000 0.997 
798.000 0.997 
799.000 0.997 
800.000 0.998 
