1.000 0.000 
2.000 0.000 
3.000 0.000 
4.000 0.000 
5.000 0.000 
6.000 0.000 
7.000 -1.000 
8.000 -0.594 
9.000 -0.597 
10.000 -0.600 
11.000 -0.603 
12.000 0.040 
13.000 0.245 
14.000 0.052 
15.000 0.026 
16.000 0.003 
17.000 0.150 
18.000 -0.397 
19.000 -0.943 
20.000 -0.935 
21.000 -0.839 
22.000 -0.970 
23.000 -0.435 
24.000 0.142 
25.000 0.235 
26.000 0.143 
27.000 0.142 
28.000 0.119 
29.000 0.048 
30.000 -0.652 
31.000 -1.000 
32.000 -1.000 
33.000 -1.000 
34.000 -1.000 
35.000 -0.184 
36.000 0.293 
37.000 0.186 
38.000 0.196 
39.000 0.151 
40.000 0.260 
41.000 -0.107 
42.000 -0.991 
43.000 -1.000 
44.000 -1.000 
45.000 -1.000 
46.000 -1.000 
47.000 0.113 
48.000 0.337 
49.000 0.149 
50.000 0.188 
51.000 0.131 
52.000 0.516 
53.000 -0.089 
54.000 -1.000 
55.000 -1.000 
56.000 -1.000 
57.000 -1.000 
58.000 -1.000 
59.000 0.107 
60.000 0.364 
61.000 0.134 
62.000 0.190 
63.000 0.119 
64.000 0.512 
65.000 -0.106 
66.000 -1.000 
67.000 -1.000 
68.000 -1.000 
69.000 -1.000 
70.000 -1.000 
71.000 0.083 
72.000 0.350 
73.000 0.122 
74.000 0.168 
75.000 0.102 
76.000 0.486 
77.000 -0.126 
78.000 -1.000 
79.000 -1.000 
80.000 -1.000 
81.000 -1.000 
82.000 -1.000 
83.000 0.047 
84.000 0.329 
85.000 0.109 
86.000 0.142 
87.000 0.084 
88.000 0.445 
89.000 -0.150 
90.000 -1.000 
91.000 -1.000 
92.000 -1.000 
93.000 -1.000 
94.000 -1.000 
95.000 0.012 
96.000 0.302 
97.000 0.097 
98.000 0.116 
99.000 0.065 
100.000 0.400 
101.000 -0.174 
102.000 -1.000 
103.000 -1.000 
104.000 -1.000 
105.000 -1.000 
106.000 -1.000 
107.000 -0.021 
108.000 0.261 
109.000 0.090 
110.000 0.091 
111.000 0.047 
112.000 0.353 
113.000 -0.192 
114.000 -1.000 
115.000 -1.000 
116.000 -1.000 
117.000 -1.000 
118.000 -1.000 
119.000 -0.053 
120.000 0.220 
121.000 0.645 
122.000 -0.028 
123.000 0.297 
124.000 0.292 
125.000 -0.069 
126.000 -1.000 
127.000 -1.000 
128.000 -1.000 
129.000 -1.000 
130.000 -1.000 
131.000 0.262 
132.000 0.318 
133.000 0.213 
134.000 0.234 
135.000 0.178 
136.000 0.588 
137.000 -0.093 
138.000 -1.000 
139.000 -1.000 
140.000 -1.000 
141.000 -1.000 
142.000 -1.000 
143.000 0.273 
144.000 0.324 
145.000 0.214 
146.000 0.233 
147.000 0.172 
148.000 0.590 
149.000 -0.099 
150.000 -1.000 
151.000 -1.000 
152.000 -1.000 
153.000 -1.000 
154.000 -1.000 
155.000 0.256 
156.000 0.326 
157.000 0.199 
158.000 0.228 
159.000 0.160 
160.000 0.590 
161.000 -0.105 
162.000 -1.000 
163.000 -1.000 
164.000 -1.000 
165.000 -1.000 
166.000 -1.000 
167.000 0.231 
168.000 0.332 
169.000 0.178 
170.000 0.225 
171.000 0.147 
172.000 0.588 
173.000 -0.110 
174.000 -1.000 
175.000 -1.000 
176.000 -1.000 
177.000 -1.000 
178.000 -1.000 
179.000 0.205 
180.000 0.337 
181.000 0.160 
182.000 0.220 
183.000 0.136 
184.000 0.582 
185.000 -0.116 
186.000 -1.000 
187.000 -1.000 
188.000 -1.000 
189.000 -1.000 
190.000 -1.000 
191.000 0.181 
192.000 0.339 
193.000 0.145 
194.000 0.212 
195.000 0.126 
196.000 0.573 
197.000 -0.123 
198.000 -1.000 
199.000 -1.000 
200.000 -1.000 
201.000 -1.000 
202.000 -1.000 
203.000 0.160 
204.000 0.338 
205.000 0.133 
206.000 0.204 
207.000 0.118 
208.000 0.560 
209.000 -0.131 
210.000 -1.000 
211.000 -1.000 
212.000 -1.000 
213.000 -1.000 
214.000 -1.000 
215.000 0.141 
216.000 0.336 
217.000 0.123 
218.000 0.195 
219.000 0.110 
220.000 0.547 
221.000 -0.139 
222.000 -1.000 
223.000 -1.000 
224.000 -1.000 
225.000 -1.000 
226.000 -1.000 
227.000 0.123 
228.000 0.332 
229.000 0.114 
230.000 0.186 
231.000 0.103 
232.000 0.532 
233.000 -0.147 
234.000 -1.000 
235.000 -1.000 
236.000 -1.000 
237.000 -1.000 
238.000 -1.000 
239.000 0.107 
240.000 0.327 
241.000 0.660 
242.000 0.067 
243.000 0.896 
244.000 0.110 
245.000 0.822 
246.000 -0.112 
247.000 -0.740 
248.000 -1.000 
249.000 -1.000 
250.000 -1.000 
251.000 -0.949 
252.000 1.000 
253.000 0.100 
254.000 0.849 
255.000 0.091 
256.000 0.861 
257.000 0.062 
258.000 -0.019 
259.000 -1.000 
260.000 -1.000 
261.000 -1.000 
262.000 -1.000 
263.000 -0.251 
264.000 1.000 
265.000 0.115 
266.000 0.829 
267.000 0.100 
268.000 0.851 
269.000 -0.009 
270.000 -0.590 
271.000 -1.000 
272.000 -1.000 
273.000 -1.000 
274.000 -1.000 
275.000 1.000 
276.000 0.116 
277.000 0.830 
278.000 0.112 
279.000 0.833 
280.000 0.091 
281.000 0.061 
282.000 -0.916 
283.000 -1.000 
284.000 -1.000 
285.000 -1.000 
286.000 -0.672 
287.000 1.000 
288.000 0.133 
289.000 0.806 
290.000 0.120 
291.000 0.822 
292.000 0.051 
293.000 -0.268 
294.000 -1.000 
295.000 -1.000 
296.000 -1.000 
297.000 -1.000 
298.000 0.814 
299.000 0.123 
300.000 0.824 
301.000 0.134 
302.000 0.805 
303.000 0.136 
304.000 0.393 
305.000 -0.428 
306.000 -1.000 
307.000 -1.000 
308.000 -1.000 
309.000 -1.000 
310.000 1.000 
311.000 0.139 
312.000 0.804 
313.000 0.143 
314.000 0.794 
315.000 0.121 
316.000 0.111 
317.000 -0.842 
318.000 -1.000 
319.000 -1.000 
320.000 -1.000 
321.000 -0.961 
322.000 1.000 
323.000 0.159 
324.000 0.776 
325.000 0.147 
326.000 0.789 
327.000 0.120 
328.000 0.028 
329.000 -0.960 
330.000 -1.000 
331.000 -1.000 
332.000 -1.000 
333.000 -0.525 
334.000 1.000 
335.000 0.171 
336.000 0.761 
337.000 0.156 
338.000 0.779 
339.000 0.069 
340.000 -0.372 
341.000 -1.000 
342.000 -1.000 
343.000 -1.000 
344.000 -1.000 
345.000 1.000 
346.000 0.163 
347.000 0.776 
348.000 0.168 
349.000 0.765 
350.000 0.146 
351.000 0.127 
352.000 -0.814 
353.000 -1.000 
354.000 -1.000 
355.000 -1.000 
356.000 -1.000 
357.000 1.000 
358.000 0.185 
359.000 0.748 
360.000 0.173 
361.000 1.000 
362.000 0.425 
363.000 0.495 
364.000 0.308 
365.000 0.555 
366.000 -0.057 
367.000 -1.000 
368.000 -1.000 
369.000 -1.000 
370.000 -1.000 
371.000 1.000 
372.000 0.488 
373.000 0.616 
374.000 0.513 
375.000 0.574 
376.000 0.518 
377.000 0.402 
378.000 0.445 
379.000 0.031 
380.000 -0.949 
381.000 -1.000 
382.000 -1.000 
383.000 -1.000 
384.000 1.000 
385.000 0.522 
386.000 0.628 
387.000 0.560 
388.000 0.578 
389.000 0.560 
390.000 0.393 
391.000 0.481 
392.000 0.034 
393.000 -0.944 
394.000 -1.000 
395.000 -1.000 
396.000 -1.000 
397.000 1.000 
398.000 0.566 
399.000 0.640 
400.000 0.604 
401.000 0.591 
402.000 0.593 
403.000 0.393 
404.000 0.500 
405.000 0.036 
406.000 -0.941 
407.000 -1.000 
408.000 -1.000 
409.000 -1.000 
410.000 1.000 
411.000 0.606 
412.000 0.659 
413.000 0.644 
414.000 0.630 
415.000 0.627 
416.000 0.420 
417.000 0.484 
418.000 0.007 
419.000 -0.988 
420.000 -1.000 
421.000 -1.000 
422.000 -1.000 
423.000 1.000 
424.000 0.651 
425.000 0.699 
426.000 0.680 
427.000 0.665 
428.000 0.662 
429.000 0.449 
430.000 0.461 
431.000 -0.067 
432.000 -1.000 
433.000 -1.000 
434.000 -1.000 
435.000 -1.000 
436.000 1.000 
437.000 0.694 
438.000 0.732 
439.000 0.712 
440.000 0.696 
441.000 0.693 
442.000 0.473 
443.000 0.425 
444.000 -0.177 
445.000 -1.000 
446.000 -1.000 
447.000 -1.000 
448.000 -1.000 
449.000 1.000 
450.000 0.735 
451.000 0.761 
452.000 0.739 
453.000 0.724 
454.000 0.720 
455.000 0.494 
456.000 0.390 
457.000 -0.269 
458.000 -1.000 
459.000 -1.000 
460.000 -1.000 
461.000 -1.000 
462.000 1.000 
463.000 0.772 
464.000 0.787 
465.000 0.765 
466.000 0.749 
467.000 0.746 
468.000 0.514 
469.000 0.367 
470.000 -0.311 
471.000 -1.000 
472.000 -1.000 
473.000 -1.000 
474.000 -1.000 
475.000 1.000 
476.000 0.802 
477.000 0.813 
478.000 0.789 
479.000 0.773 
480.000 0.770 
481.000 1.000 
482.000 1.000 
483.000 1.000 
484.000 1.000 
485.000 1.000 
486.000 0.847 
487.000 0.657 
488.000 0.483 
489.000 0.145 
490.000 -0.712 
491.000 -1.000 
492.000 -1.000 
493.000 1.000 
494.000 1.000 
495.000 1.000 
496.000 1.000 
497.000 1.000 
498.000 1.000 
499.000 1.000 
500.000 1.000 
501.000 1.000 
502.000 1.000 
503.000 1.000 
504.000 0.913 
505.000 0.728 
506.000 0.562 
507.000 0.327 
508.000 -0.298 
509.000 -1.000 
510.000 -1.000 
511.000 -0.447 
512.000 1.000 
513.000 1.000 
514.000 1.000 
515.000 1.000 
516.000 1.000 
517.000 1.000 
518.000 1.000 
519.000 1.000 
520.000 1.000 
521.000 1.000 
522.000 1.000 
523.000 1.000 
524.000 0.866 
525.000 0.708 
526.000 0.570 
527.000 0.377 
528.000 -0.154 
529.000 -1.000 
530.000 -1.000 
531.000 -0.167 
532.000 1.000 
533.000 1.000 
534.000 1.000 
535.000 1.000 
536.000 1.000 
537.000 1.000 
538.000 1.000 
539.000 1.000 
540.000 1.000 
541.000 1.000 
542.000 1.000 
543.000 1.000 
544.000 1.000 
545.000 0.918 
546.000 0.778 
547.000 0.655 
548.000 0.550 
549.000 0.338 
550.000 -0.202 
551.000 -1.000 
552.000 -1.000 
553.000 1.000 
554.000 1.000 
555.000 1.000 
556.000 1.000 
557.000 1.000 
558.000 1.000 
559.000 1.000 
560.000 1.000 
561.000 1.000 
562.000 1.000 
563.000 1.000 
564.000 1.000 
565.000 1.000 
566.000 1.000 
567.000 1.000 
568.000 0.901 
569.000 0.785 
570.000 0.685 
571.000 0.600 
572.000 0.527 
573.000 0.324 
574.000 -0.151 
575.000 -1.000 
576.000 0.871 
577.000 1.000 
578.000 1.000 
579.000 1.000 
580.000 1.000 
581.000 1.000 
582.000 1.000 
583.000 1.000 
584.000 1.000 
585.000 1.000 
586.000 1.000 
587.000 1.000 
588.000 1.000 
589.000 1.000 
590.000 1.000 
591.000 1.000 
592.000 0.982 
593.000 0.874 
594.000 0.781 
595.000 0.702 
596.000 0.634 
597.000 0.585 
598.000 0.555 
599.000 0.548 
600.000 0.653 
601.000 1.000 
602.000 1.000 
603.000 1.000 
604.000 1.000 
605.000 1.000 
606.000 1.000 
607.000 1.000 
608.000 1.000 
609.000 1.000 
610.000 1.000 
611.000 1.000 
612.000 1.000 
613.000 1.000 
614.000 1.000 
615.000 1.000 
616.000 1.000 
617.000 1.000 
618.000 1.000 
619.000 1.000 
620.000 1.000 
621.000 1.000 
622.000 1.000 
623.000 1.000 
624.000 1.000 
625.000 1.000 
626.000 1.000 
627.000 1.000 
628.000 1.000 
629.000 1.000 
630.000 1.000 
631.000 1.000 
632.000 1.000 
633.000 1.000 
634.000 1.000 
635.000 1.000 
636.000 1.000 
637.000 1.000 
638.000 1.000 
639.000 1.000 
640.000 1.000 
641.000 1.000 
642.000 1.000 
643.000 1.000 
644.000 1.000 
645.000 1.000 
646.000 1.000 
647.000 1.000 
648.000 1.000 
649.000 1.000 
650.000 1.000 
651.000 1.000 
652.000 1.000 
653.000 1.000 
654.000 1.000 
655.000 1.000 
656.000 1.000 
657.000 1.000 
658.000 1.000 
659.000 1.000 
660.000 1.000 
661.000 1.000 
662.000 1.000 
663.000 1.000 
664.000 1.000 
665.000 1.000 
666.000 1.000 
667.000 1.000 
668.000 1.000 
669.000 1.000 
670.000 1.000 
671.000 1.000 
672.000 1.000 
673.000 1.000 
674.000 1.000 
675.000 1.000 
676.000 1.000 
677.000 1.000 
678.000 1.000 
679.000 1.000 
680.000 1.000 
681.000 1.000 
682.000 1.000 
683.000 1.000 
684.000 1.000 
685.000 1.000 
686.000 1.000 
687.000 1.000 
688.000 1.000 
689.000 1.000 
690.000 1.000 
691.000 1.000 
692.000 1.000 
693.000 1.000 
694.000 1.000 
695.000 1.000 
696.000 1.000 
697.000 1.000 
698.000 1.000 
699.000 1.000 
700.000 1.000 
701.000 1.000 
702.000 1.000 
703.000 1.000 
704.000 1.000 
705.000 1.000 
706.000 1.000 
707.000 1.000 
708.000 1.000 
709.000 1.000 
710.000 1.000 
711.000 1.000 
712.000 1.000 
713.000 1.000 
714.000 1.000 
715.000 1.000 
716.000 1.000 
717.000 1.000 
718.000 1.000 
719.000 1.000 
720.000 1.000 
721.000 1.000 
722.000 1.000 
723.000 1.000 
724.000 1.000 
725.000 1.000 
726.000 1.000 
727.000 1.000 
728.000 1.000 
729.000 1.000 
730.000 1.000 
731.000 1.000 
732.000 1.000 
733.000 1.000 
734.000 1.000 
735.000 1.000 
736.000 1.000 
737.000 1.000 
738.000 1.000 
739.000 1.000 
740.000 1.000 
741.000 1.000 
742.000 1.000 
743.000 1.000 
744.000 1.000 
745.000 1.000 
746.000 1.000 
747.000 1.000 
748.000 1.000 
749.000 1.000 
750.000 1.000 
751.000 1.000 
752.000 1.000 
753.000 1.000 
754.000 1.000 
755.000 1.000 
756.000 1.000 
757.000 1.000 
758.000 1.000 
759.000 1.000 
760.000 1.000 
761.000 1.000 
762.000 1.000 
763.000 1.000 
764.000 1.000 
765.000 1.000 
766.000 1.000 
767.000 1.000 
768.000 1.000 
769.000 1.000 
770.000 1.000 
771.000 1.000 
772.000 1.000 
773.000 1.000 
774.000 1.000 
775.000 1.000 
776.000 1.000 
777.000 1.000 
778.000 1.000 
779.000 1.000 
780.000 1.000 
781.000 1.000 
782.000 1.000 
783.000 1.000 
784.000 1.000 
785.000 1.000 
786.000 1.000 
787.000 1.000 
788.000 1.000 
789.000 1.000 
790.000 1.000 
791.000 1.000 
792.000 1.000 
793.000 1.000 
794.000 1.000 
795.000 1.000 
796.000 1.000 
797.000 1.000 
798.000 1.000 
799.000 1.000 
800.000 1.000 
