1.000 0.000 
2.000 0.000 
3.000 0.000 
4.000 0.000 
5.000 0.000 
6.000 0.000 
7.000 -0.589 
8.000 -0.592 
9.000 -0.595 
10.000 -0.598 
11.000 -0.602 
12.000 -0.485 
13.000 -0.326 
14.000 -0.211 
15.000 -0.139 
16.000 -0.095 
17.000 -0.072 
18.000 -0.071 
19.000 -0.097 
20.000 -0.146 
21.000 -0.209 
22.000 -0.275 
23.000 -0.335 
24.000 -0.374 
25.000 -0.385 
26.000 -0.369 
27.000 -0.334 
28.000 -0.292 
29.000 -0.250 
30.000 -0.216 
31.000 -0.191 
32.000 -0.179 
33.000 -0.178 
34.000 -0.187 
35.000 -0.205 
36.000 -0.227 
37.000 -0.250 
38.000 -0.271 
39.000 -0.285 
40.000 -0.292 
41.000 -0.291 
42.000 -0.283 
43.000 -0.272 
44.000 -0.259 
45.000 -0.247 
46.000 -0.238 
47.000 -0.233 
48.000 -0.232 
49.000 -0.234 
50.000 -0.239 
51.000 -0.246 
52.000 -0.254 
53.000 -0.261 
54.000 -0.267 
55.000 -0.270 
56.000 -0.271 
57.000 -0.270 
58.000 -0.268 
59.000 -0.264 
60.000 -0.261 
61.000 -0.259 
62.000 -0.257 
63.000 -0.256 
64.000 -0.257 
65.000 -0.259 
66.000 -0.261 
67.000 -0.264 
68.000 -0.266 
69.000 -0.268 
70.000 -0.270 
71.000 -0.271 
72.000 -0.271 
73.000 -0.271 
74.000 -0.271 
75.000 -0.270 
76.000 -0.270 
77.000 -0.270 
78.000 -0.270 
79.000 -0.270 
80.000 -0.271 
81.000 -0.272 
82.000 -0.273 
83.000 -0.274 
84.000 -0.275 
85.000 -0.276 
86.000 -0.277 
87.000 -0.278 
88.000 -0.278 
89.000 -0.278 
90.000 -0.279 
91.000 -0.279 
92.000 -0.279 
93.000 -0.280 
94.000 -0.280 
95.000 -0.281 
96.000 -0.282 
97.000 -0.282 
98.000 -0.283 
99.000 -0.284 
100.000 -0.284 
101.000 -0.285 
102.000 -0.285 
103.000 -0.286 
104.000 -0.287 
105.000 -0.287 
106.000 -0.288 
107.000 -0.288 
108.000 -0.289 
109.000 -0.289 
110.000 -0.290 
111.000 -0.290 
112.000 -0.291 
113.000 -0.291 
114.000 -0.292 
115.000 -0.293 
116.000 -0.293 
117.000 -0.294 
118.000 -0.294 
119.000 -0.295 
120.000 -0.295 
121.000 -0.043 
122.000 -0.043 
123.000 -0.042 
124.000 -0.041 
125.000 -0.040 
126.000 -0.044 
127.000 -0.107 
128.000 -0.180 
129.000 -0.242 
130.000 -0.288 
131.000 -0.319 
132.000 -0.322 
133.000 -0.290 
134.000 -0.238 
135.000 -0.181 
136.000 -0.131 
137.000 -0.092 
138.000 -0.065 
139.000 -0.055 
140.000 -0.061 
141.000 -0.084 
142.000 -0.120 
143.000 -0.166 
144.000 -0.213 
145.000 -0.253 
146.000 -0.275 
147.000 -0.275 
148.000 -0.255 
149.000 -0.220 
150.000 -0.179 
151.000 -0.141 
152.000 -0.110 
153.000 -0.090 
154.000 -0.081 
155.000 -0.086 
156.000 -0.102 
157.000 -0.130 
158.000 -0.163 
159.000 -0.197 
160.000 -0.226 
161.000 -0.242 
162.000 -0.243 
163.000 -0.230 
164.000 -0.206 
165.000 -0.177 
166.000 -0.149 
167.000 -0.125 
168.000 -0.109 
169.000 -0.102 
170.000 -0.106 
171.000 -0.118 
172.000 -0.138 
173.000 -0.162 
174.000 -0.187 
175.000 -0.207 
176.000 -0.219 
177.000 -0.220 
178.000 -0.212 
179.000 -0.195 
180.000 -0.175 
181.000 -0.154 
182.000 -0.137 
183.000 -0.125 
184.000 -0.119 
185.000 -0.121 
186.000 -0.130 
187.000 -0.145 
188.000 -0.162 
189.000 -0.180 
190.000 -0.194 
191.000 -0.203 
192.000 -0.204 
193.000 -0.199 
194.000 -0.187 
195.000 -0.173 
196.000 -0.158 
197.000 -0.145 
198.000 -0.136 
199.000 -0.132 
200.000 -0.134 
201.000 -0.140 
202.000 -0.150 
203.000 -0.163 
204.000 -0.175 
205.000 -0.185 
206.000 -0.192 
207.000 -0.193 
208.000 -0.189 
209.000 -0.182 
210.000 -0.172 
211.000 -0.161 
212.000 -0.152 
213.000 -0.145 
214.000 -0.142 
215.000 -0.143 
216.000 -0.148 
217.000 -0.155 
218.000 -0.163 
219.000 -0.172 
220.000 -0.180 
221.000 -0.184 
222.000 -0.185 
223.000 -0.183 
224.000 -0.178 
225.000 -0.171 
226.000 -0.163 
227.000 -0.157 
228.000 -0.152 
229.000 -0.150 
230.000 -0.150 
231.000 -0.153 
232.000 -0.158 
233.000 -0.164 
234.000 -0.171 
235.000 -0.176 
236.000 -0.179 
237.000 -0.180 
238.000 -0.178 
239.000 -0.175 
240.000 -0.170 
241.000 1.000 
242.000 0.052 
243.000 0.918 
244.000 0.061 
245.000 0.904 
246.000 -0.120 
247.000 0.470 
248.000 -0.333 
249.000 -0.642 
250.000 -1.000 
251.000 -1.000 
252.000 -1.000 
253.000 -0.424 
254.000 0.265 
255.000 0.547 
256.000 0.265 
257.000 0.632 
258.000 0.149 
259.000 0.784 
260.000 -0.049 
261.000 0.778 
262.000 -0.297 
263.000 -0.393 
264.000 -1.000 
265.000 -1.000 
266.000 -1.000 
267.000 -0.739 
268.000 0.001 
269.000 0.625 
270.000 0.229 
271.000 0.693 
272.000 0.168 
273.000 0.772 
274.000 0.034 
275.000 0.939 
276.000 -0.258 
277.000 -0.214 
278.000 -0.941 
279.000 -1.000 
280.000 -1.000 
281.000 -1.000 
282.000 -0.318 
283.000 0.404 
284.000 0.485 
285.000 0.373 
286.000 0.502 
287.000 0.322 
288.000 0.535 
289.000 0.065 
290.000 0.566 
291.000 -0.266 
292.000 -0.664 
293.000 -1.000 
294.000 -1.000 
295.000 -1.000 
296.000 -0.899 
297.000 -0.031 
298.000 0.655 
299.000 0.262 
300.000 0.663 
301.000 0.201 
302.000 0.742 
303.000 0.076 
304.000 0.864 
305.000 -0.232 
306.000 -0.188 
307.000 -0.937 
308.000 -1.000 
309.000 -1.000 
310.000 -1.000 
311.000 -0.380 
312.000 0.377 
313.000 0.537 
314.000 0.334 
315.000 0.571 
316.000 0.252 
317.000 0.654 
318.000 -0.018 
319.000 0.720 
320.000 -0.263 
321.000 -0.583 
322.000 -1.000 
323.000 -1.000 
324.000 -1.000 
325.000 -0.811 
326.000 0.021 
327.000 0.681 
328.000 0.290 
329.000 0.640 
330.000 0.227 
331.000 0.718 
332.000 0.086 
333.000 0.847 
334.000 -0.222 
335.000 -0.277 
336.000 -1.000 
337.000 -1.000 
338.000 -1.000 
339.000 -1.000 
340.000 -0.358 
341.000 0.427 
342.000 0.518 
343.000 0.378 
344.000 0.529 
345.000 0.330 
346.000 0.555 
347.000 0.070 
348.000 0.591 
349.000 -0.245 
350.000 -0.697 
351.000 -1.000 
352.000 -1.000 
353.000 -1.000 
354.000 -0.970 
355.000 -0.047 
356.000 0.678 
357.000 0.316 
358.000 0.620 
359.000 0.254 
360.000 0.698 
361.000 1.000 
362.000 0.225 
363.000 0.656 
364.000 0.072 
365.000 0.875 
366.000 -0.325 
367.000 -0.117 
368.000 -0.726 
369.000 -0.439 
370.000 -0.484 
371.000 0.696 
372.000 0.717 
373.000 0.716 
374.000 0.682 
375.000 0.622 
376.000 0.558 
377.000 0.328 
378.000 0.474 
379.000 0.094 
380.000 0.299 
381.000 -0.461 
382.000 -1.000 
383.000 -1.000 
384.000 -0.820 
385.000 -0.159 
386.000 1.000 
387.000 0.859 
388.000 0.797 
389.000 0.728 
390.000 0.715 
391.000 0.521 
392.000 0.271 
393.000 0.502 
394.000 -0.130 
395.000 -0.744 
396.000 -1.000 
397.000 -1.000 
398.000 -1.000 
399.000 -0.801 
400.000 1.000 
401.000 0.952 
402.000 0.855 
403.000 0.784 
404.000 0.739 
405.000 0.673 
406.000 0.276 
407.000 0.525 
408.000 -0.104 
409.000 -0.595 
410.000 -1.000 
411.000 -1.000 
412.000 -1.000 
413.000 -1.000 
414.000 0.781 
415.000 1.000 
416.000 0.919 
417.000 0.840 
418.000 0.794 
419.000 0.807 
420.000 0.430 
421.000 0.339 
422.000 0.331 
423.000 -0.311 
424.000 -1.000 
425.000 -1.000 
426.000 -1.000 
427.000 -1.000 
428.000 -0.771 
429.000 1.000 
430.000 1.000 
431.000 0.926 
432.000 0.855 
433.000 0.812 
434.000 0.740 
435.000 0.332 
436.000 0.443 
437.000 0.013 
438.000 -0.919 
439.000 -1.000 
440.000 -1.000 
441.000 -1.000 
442.000 -1.000 
443.000 0.292 
444.000 1.000 
445.000 1.000 
446.000 0.916 
447.000 0.863 
448.000 0.930 
449.000 0.641 
450.000 0.248 
451.000 0.557 
452.000 -0.264 
453.000 -1.000 
454.000 -1.000 
455.000 -1.000 
456.000 -1.000 
457.000 -1.000 
458.000 0.876 
459.000 1.000 
460.000 1.000 
461.000 0.927 
462.000 0.882 
463.000 0.878 
464.000 0.484 
465.000 0.285 
466.000 0.437 
467.000 -0.473 
468.000 -1.000 
469.000 -1.000 
470.000 -1.000 
471.000 -1.000 
472.000 -1.000 
473.000 1.000 
474.000 1.000 
475.000 1.000 
476.000 0.934 
477.000 0.893 
478.000 0.865 
479.000 0.451 
480.000 0.313 
481.000 1.000 
482.000 0.690 
483.000 0.558 
484.000 0.760 
485.000 1.000 
486.000 1.000 
487.000 0.954 
488.000 1.000 
489.000 1.000 
490.000 0.855 
491.000 0.666 
492.000 0.525 
493.000 0.468 
494.000 0.430 
495.000 0.298 
496.000 0.184 
497.000 0.398 
498.000 1.000 
499.000 1.000 
500.000 1.000 
501.000 1.000 
502.000 1.000 
503.000 1.000 
504.000 1.000 
505.000 1.000 
506.000 1.000 
507.000 0.930 
508.000 0.751 
509.000 0.599 
510.000 0.472 
511.000 0.499 
512.000 0.301 
513.000 -0.066 
514.000 -0.627 
515.000 0.133 
516.000 1.000 
517.000 1.000 
518.000 1.000 
519.000 1.000 
520.000 1.000 
521.000 1.000 
522.000 1.000 
523.000 1.000 
524.000 1.000 
525.000 1.000 
526.000 1.000 
527.000 1.000 
528.000 0.947 
529.000 0.813 
530.000 0.702 
531.000 0.611 
532.000 0.535 
533.000 0.342 
534.000 -0.098 
535.000 -1.000 
536.000 -1.000 
537.000 -0.650 
538.000 1.000 
539.000 1.000 
540.000 1.000 
541.000 1.000 
542.000 1.000 
543.000 1.000 
544.000 1.000 
545.000 1.000 
546.000 1.000 
547.000 1.000 
548.000 1.000 
549.000 1.000 
550.000 1.000 
551.000 1.000 
552.000 1.000 
553.000 0.932 
554.000 0.859 
555.000 0.799 
556.000 0.750 
557.000 0.708 
558.000 0.716 
559.000 0.787 
560.000 0.908 
561.000 1.000 
562.000 1.000 
563.000 1.000 
564.000 1.000 
565.000 1.000 
566.000 1.000 
567.000 1.000 
568.000 1.000 
569.000 0.934 
570.000 0.846 
571.000 0.768 
572.000 0.699 
573.000 0.638 
574.000 0.625 
575.000 0.687 
576.000 0.815 
577.000 0.995 
578.000 1.000 
579.000 1.000 
580.000 1.000 
581.000 1.000 
582.000 1.000 
583.000 1.000 
584.000 1.000 
585.000 0.914 
586.000 0.801 
587.000 0.703 
588.000 0.617 
589.000 0.542 
590.000 0.383 
591.000 0.029 
592.000 -0.912 
593.000 -1.000 
594.000 -0.726 
595.000 1.000 
596.000 1.000 
597.000 1.000 
598.000 1.000 
599.000 1.000 
600.000 1.000 
601.000 1.000 
602.000 1.000 
603.000 1.000 
604.000 1.000 
605.000 1.000 
606.000 1.000 
607.000 1.000 
608.000 1.000 
609.000 1.000 
610.000 1.000 
611.000 1.000 
612.000 1.000 
613.000 1.000 
614.000 1.000 
615.000 1.000 
616.000 1.000 
617.000 1.000 
618.000 1.000 
619.000 1.000 
620.000 1.000 
621.000 1.000 
622.000 1.000 
623.000 1.000 
624.000 1.000 
625.000 1.000 
626.000 1.000 
627.000 1.000 
628.000 1.000 
629.000 1.000 
630.000 1.000 
631.000 1.000 
632.000 1.000 
633.000 1.000 
634.000 1.000 
635.000 1.000 
636.000 1.000 
637.000 1.000 
638.000 1.000 
639.000 1.000 
640.000 1.000 
641.000 1.000 
642.000 1.000 
643.000 1.000 
644.000 1.000 
645.000 1.000 
646.000 1.000 
647.000 1.000 
648.000 1.000 
649.000 1.000 
650.000 1.000 
651.000 1.000 
652.000 1.000 
653.000 1.000 
654.000 1.000 
655.000 1.000 
656.000 1.000 
657.000 1.000 
658.000 1.000 
659.000 1.000 
660.000 1.000 
661.000 1.000 
662.000 1.000 
663.000 1.000 
664.000 1.000 
665.000 1.000 
666.000 1.000 
667.000 1.000 
668.000 1.000 
669.000 1.000 
670.000 1.000 
671.000 1.000 
672.000 1.000 
673.000 1.000 
674.000 1.000 
675.000 1.000 
676.000 1.000 
677.000 1.000 
678.000 1.000 
679.000 1.000 
680.000 1.000 
681.000 1.000 
682.000 1.000 
683.000 1.000 
684.000 1.000 
685.000 1.000 
686.000 1.000 
687.000 1.000 
688.000 1.000 
689.000 1.000 
690.000 1.000 
691.000 1.000 
692.000 1.000 
693.000 1.000 
694.000 1.000 
695.000 1.000 
696.000 1.000 
697.000 1.000 
698.000 1.000 
699.000 1.000 
700.000 1.000 
701.000 1.000 
702.000 1.000 
703.000 1.000 
704.000 1.000 
705.000 1.000 
706.000 1.000 
707.000 1.000 
708.000 1.000 
709.000 1.000 
710.000 1.000 
711.000 1.000 
712.000 1.000 
713.000 1.000 
714.000 1.000 
715.000 1.000 
716.000 1.000 
717.000 1.000 
718.000 1.000 
719.000 1.000 
720.000 1.000 
721.000 1.000 
722.000 1.000 
723.000 1.000 
724.000 1.000 
725.000 1.000 
726.000 1.000 
727.000 1.000 
728.000 1.000 
729.000 1.000 
730.000 1.000 
731.000 1.000 
732.000 1.000 
733.000 1.000 
734.000 1.000 
735.000 1.000 
736.000 1.000 
737.000 1.000 
738.000 1.000 
739.000 1.000 
740.000 1.000 
741.000 1.000 
742.000 1.000 
743.000 1.000 
744.000 1.000 
745.000 1.000 
746.000 1.000 
747.000 1.000 
748.000 1.000 
749.000 1.000 
750.000 1.000 
751.000 1.000 
752.000 1.000 
753.000 1.000 
754.000 1.000 
755.000 1.000 
756.000 1.000 
757.000 1.000 
758.000 1.000 
759.000 1.000 
760.000 1.000 
761.000 1.000 
762.000 1.000 
763.000 1.000 
764.000 1.000 
765.000 1.000 
766.000 1.000 
767.000 1.000 
768.000 1.000 
769.000 1.000 
770.000 1.000 
771.000 1.000 
772.000 1.000 
773.000 1.000 
774.000 1.000 
775.000 1.000 
776.000 1.000 
777.000 1.000 
778.000 1.000 
779.000 1.000 
780.000 1.000 
781.000 1.000 
782.000 1.000 
783.000 1.000 
784.000 1.000 
785.000 1.000 
786.000 1.000 
787.000 1.000 
788.000 1.000 
789.000 1.000 
790.000 1.000 
791.000 1.000 
792.000 1.000 
793.000 1.000 
794.000 1.000 
795.000 1.000 
796.000 1.000 
797.000 1.000 
798.000 1.000 
799.000 1.000 
800.000 1.000 
