1.000 0.000 
2.000 0.000 
3.000 0.000 
4.000 0.000 
5.000 0.000 
6.000 0.000 
7.000 -0.821 
8.000 -0.433 
9.000 -0.435 
10.000 -0.437 
11.000 -0.439 
12.000 -0.224 
13.000 -0.079 
14.000 -0.087 
15.000 -0.086 
16.000 -0.084 
17.000 -0.077 
18.000 -0.127 
19.000 -0.203 
20.000 -0.249 
21.000 -0.278 
22.000 -0.296 
23.000 -0.295 
24.000 -0.266 
25.000 -0.227 
26.000 -0.195 
27.000 -0.174 
28.000 -0.160 
29.000 -0.155 
30.000 -0.160 
31.000 -0.174 
32.000 -0.192 
33.000 -0.209 
34.000 -0.223 
35.000 -0.232 
36.000 -0.234 
37.000 -0.229 
38.000 -0.221 
39.000 -0.212 
40.000 -0.203 
41.000 -0.197 
42.000 -0.194 
43.000 -0.195 
44.000 -0.198 
45.000 -0.204 
46.000 -0.209 
47.000 -0.214 
48.000 -0.218 
49.000 -0.220 
50.000 -0.220 
51.000 -0.219 
52.000 -0.217 
53.000 -0.214 
54.000 -0.213 
55.000 -0.212 
56.000 -0.212 
57.000 -0.213 
58.000 -0.214 
59.000 -0.216 
60.000 -0.218 
61.000 -0.219 
62.000 -0.221 
63.000 -0.221 
64.000 -0.222 
65.000 -0.221 
66.000 -0.221 
67.000 -0.221 
68.000 -0.221 
69.000 -0.221 
70.000 -0.222 
71.000 -0.222 
72.000 -0.223 
73.000 -0.224 
74.000 -0.225 
75.000 -0.226 
76.000 -0.226 
77.000 -0.227 
78.000 -0.227 
79.000 -0.227 
80.000 -0.228 
81.000 -0.228 
82.000 -0.228 
83.000 -0.229 
84.000 -0.229 
85.000 -0.230 
86.000 -0.231 
87.000 -0.231 
88.000 -0.232 
89.000 -0.232 
90.000 -0.233 
91.000 -0.233 
92.000 -0.234 
93.000 -0.234 
94.000 -0.235 
95.000 -0.235 
96.000 -0.235 
97.000 -0.236 
98.000 -0.236 
99.000 -0.237 
100.000 -0.237 
101.000 -0.238 
102.000 -0.238 
103.000 -0.239 
104.000 -0.239 
105.000 -0.240 
106.000 -0.240 
107.000 -0.241 
108.000 -0.241 
109.000 -0.242 
110.000 -0.242 
111.000 -0.243 
112.000 -0.243 
113.000 -0.244 
114.000 -0.244 
115.000 -0.245 
116.000 -0.245 
117.000 -0.246 
118.000 -0.246 
119.000 -0.247 
120.000 -0.247 
121.000 0.104 
122.000 -0.057 
123.000 -0.062 
124.000 -0.062 
125.000 -0.061 
126.000 -0.098 
127.000 -0.208 
128.000 -0.228 
129.000 -0.236 
130.000 -0.239 
131.000 -0.228 
132.000 -0.187 
133.000 -0.135 
134.000 -0.104 
135.000 -0.086 
136.000 -0.077 
137.000 -0.078 
138.000 -0.093 
139.000 -0.121 
140.000 -0.151 
141.000 -0.177 
142.000 -0.195 
143.000 -0.201 
144.000 -0.193 
145.000 -0.174 
146.000 -0.151 
147.000 -0.130 
148.000 -0.114 
149.000 -0.104 
150.000 -0.103 
151.000 -0.110 
152.000 -0.124 
153.000 -0.140 
154.000 -0.157 
155.000 -0.169 
156.000 -0.175 
157.000 -0.174 
158.000 -0.166 
159.000 -0.154 
160.000 -0.141 
161.000 -0.130 
162.000 -0.123 
163.000 -0.121 
164.000 -0.123 
165.000 -0.130 
166.000 -0.139 
167.000 -0.148 
168.000 -0.156 
169.000 -0.161 
170.000 -0.162 
171.000 -0.159 
172.000 -0.153 
173.000 -0.146 
174.000 -0.140 
175.000 -0.134 
176.000 -0.132 
177.000 -0.132 
178.000 -0.135 
179.000 -0.140 
180.000 -0.145 
181.000 -0.150 
182.000 -0.154 
183.000 -0.155 
184.000 -0.154 
185.000 -0.152 
186.000 -0.148 
187.000 -0.144 
188.000 -0.141 
189.000 -0.139 
190.000 -0.139 
191.000 -0.140 
192.000 -0.142 
193.000 -0.145 
194.000 -0.148 
195.000 -0.150 
196.000 -0.152 
197.000 -0.152 
198.000 -0.151 
199.000 -0.149 
200.000 -0.147 
201.000 -0.145 
202.000 -0.144 
203.000 -0.143 
204.000 -0.143 
205.000 -0.145 
206.000 -0.146 
207.000 -0.148 
208.000 -0.149 
209.000 -0.150 
210.000 -0.151 
211.000 -0.150 
212.000 -0.150 
213.000 -0.149 
214.000 -0.147 
215.000 -0.147 
216.000 -0.146 
217.000 -0.146 
218.000 -0.147 
219.000 -0.147 
220.000 -0.148 
221.000 -0.149 
222.000 -0.150 
223.000 -0.150 
224.000 -0.150 
225.000 -0.150 
226.000 -0.150 
227.000 -0.149 
228.000 -0.149 
229.000 -0.148 
230.000 -0.148 
231.000 -0.148 
232.000 -0.149 
233.000 -0.149 
234.000 -0.150 
235.000 -0.150 
236.000 -0.151 
237.000 -0.151 
238.000 -0.151 
239.000 -0.150 
240.000 -0.150 
241.000 1.000 
242.000 0.078 
243.000 0.799 
244.000 0.081 
245.000 0.804 
246.000 -0.039 
247.000 -0.028 
248.000 -0.679 
249.000 -0.720 
250.000 -1.000 
251.000 -0.821 
252.000 -0.213 
253.000 0.505 
254.000 0.269 
255.000 0.621 
256.000 0.146 
257.000 0.792 
258.000 0.091 
259.000 0.477 
260.000 -0.104 
261.000 -0.314 
262.000 -0.974 
263.000 -0.941 
264.000 -1.000 
265.000 -0.471 
266.000 0.285 
267.000 0.487 
268.000 0.328 
269.000 0.541 
270.000 0.232 
271.000 0.668 
272.000 0.032 
273.000 0.235 
274.000 -0.273 
275.000 -0.642 
276.000 -1.000 
277.000 -0.914 
278.000 -0.714 
279.000 0.077 
280.000 0.588 
281.000 0.190 
282.000 0.736 
283.000 0.153 
284.000 0.788 
285.000 0.070 
286.000 0.429 
287.000 -0.147 
288.000 -0.471 
289.000 -1.000 
290.000 -0.993 
291.000 -1.000 
292.000 -0.331 
293.000 0.442 
294.000 0.365 
295.000 0.503 
296.000 0.305 
297.000 0.576 
298.000 0.166 
299.000 0.500 
300.000 -0.050 
301.000 -0.347 
302.000 -0.931 
303.000 -0.974 
304.000 -1.000 
305.000 -0.636 
306.000 0.247 
307.000 0.540 
308.000 0.273 
309.000 0.627 
310.000 0.165 
311.000 0.773 
312.000 0.063 
313.000 0.349 
314.000 -0.183 
315.000 -0.486 
316.000 -1.000 
317.000 -0.951 
318.000 -0.938 
319.000 -0.149 
320.000 0.544 
321.000 0.262 
322.000 0.646 
323.000 0.178 
324.000 0.759 
325.000 0.121 
326.000 0.516 
327.000 -0.080 
328.000 -0.319 
329.000 -0.981 
330.000 -0.983 
331.000 -1.000 
332.000 -0.558 
333.000 0.287 
334.000 0.527 
335.000 0.301 
336.000 0.594 
337.000 0.185 
338.000 0.747 
339.000 0.063 
340.000 0.311 
341.000 -0.203 
342.000 -0.522 
343.000 -1.000 
344.000 -0.944 
345.000 -0.868 
346.000 -0.058 
347.000 0.610 
348.000 0.205 
349.000 0.727 
350.000 0.187 
351.000 0.752 
352.000 0.116 
353.000 0.505 
354.000 -0.089 
355.000 -0.407 
356.000 -1.000 
357.000 -1.000 
358.000 -1.000 
359.000 -0.530 
360.000 0.366 
361.000 1.000 
362.000 0.447 
363.000 0.580 
364.000 0.445 
365.000 0.572 
366.000 0.272 
367.000 0.586 
368.000 0.013 
369.000 0.294 
370.000 -0.196 
371.000 -0.255 
372.000 -0.529 
373.000 0.412 
374.000 0.414 
375.000 0.576 
376.000 0.483 
377.000 0.575 
378.000 0.498 
379.000 0.477 
380.000 0.405 
381.000 0.425 
382.000 0.327 
383.000 0.176 
384.000 -0.043 
385.000 -0.257 
386.000 -0.379 
387.000 -0.250 
388.000 0.316 
389.000 0.651 
390.000 0.474 
391.000 0.611 
392.000 0.503 
393.000 0.566 
394.000 0.394 
395.000 0.498 
396.000 0.272 
397.000 0.433 
398.000 0.016 
399.000 -0.153 
400.000 -0.436 
401.000 -0.234 
402.000 -0.171 
403.000 0.796 
404.000 0.452 
405.000 0.650 
406.000 0.543 
407.000 0.567 
408.000 0.468 
409.000 0.450 
410.000 0.380 
411.000 0.383 
412.000 0.088 
413.000 -0.173 
414.000 -0.461 
415.000 -0.481 
416.000 -0.390 
417.000 0.472 
418.000 0.579 
419.000 0.584 
420.000 0.584 
421.000 0.567 
422.000 0.560 
423.000 0.440 
424.000 0.462 
425.000 0.345 
426.000 0.329 
427.000 0.013 
428.000 -0.311 
429.000 -0.546 
430.000 -0.454 
431.000 -0.195 
432.000 0.890 
433.000 0.549 
434.000 0.639 
435.000 0.597 
436.000 0.585 
437.000 0.500 
438.000 0.430 
439.000 0.417 
440.000 0.300 
441.000 0.041 
442.000 -0.388 
443.000 -0.632 
444.000 -0.672 
445.000 -0.363 
446.000 0.725 
447.000 0.584 
448.000 0.649 
449.000 0.625 
450.000 0.609 
451.000 0.555 
452.000 0.438 
453.000 0.453 
454.000 0.339 
455.000 0.152 
456.000 -0.254 
457.000 -0.631 
458.000 -0.774 
459.000 -0.583 
460.000 0.217 
461.000 0.837 
462.000 0.662 
463.000 0.659 
464.000 0.637 
465.000 0.649 
466.000 0.506 
467.000 0.429 
468.000 0.414 
469.000 0.226 
470.000 -0.169 
471.000 -0.787 
472.000 -0.962 
473.000 -0.930 
474.000 -0.325 
475.000 1.000 
476.000 0.697 
477.000 0.702 
478.000 0.675 
479.000 0.661 
480.000 0.564 
481.000 1.000 
482.000 1.000 
483.000 1.000 
484.000 0.962 
485.000 0.924 
486.000 0.787 
487.000 0.609 
488.000 0.447 
489.000 0.488 
490.000 0.359 
491.000 0.513 
492.000 0.384 
493.000 0.682 
494.000 0.685 
495.000 0.923 
496.000 1.000 
497.000 1.000 
498.000 1.000 
499.000 1.000 
500.000 1.000 
501.000 0.846 
502.000 0.686 
503.000 0.536 
504.000 0.464 
505.000 0.442 
506.000 0.391 
507.000 0.420 
508.000 0.607 
509.000 0.654 
510.000 0.859 
511.000 1.000 
512.000 1.000 
513.000 1.000 
514.000 1.000 
515.000 1.000 
516.000 0.970 
517.000 0.808 
518.000 0.656 
519.000 0.516 
520.000 0.475 
521.000 0.435 
522.000 0.354 
523.000 0.456 
524.000 0.644 
525.000 0.742 
526.000 0.951 
527.000 1.000 
528.000 1.000 
529.000 1.000 
530.000 1.000 
531.000 1.000 
532.000 0.972 
533.000 0.815 
534.000 0.667 
535.000 0.533 
536.000 0.478 
537.000 0.449 
538.000 0.330 
539.000 0.418 
540.000 0.691 
541.000 0.773 
542.000 0.981 
543.000 1.000 
544.000 1.000 
545.000 1.000 
546.000 1.000 
547.000 1.000 
548.000 1.000 
549.000 0.864 
550.000 0.718 
551.000 0.585 
552.000 0.478 
553.000 0.488 
554.000 0.329 
555.000 0.318 
556.000 0.624 
557.000 0.746 
558.000 0.944 
559.000 1.000 
560.000 1.000 
561.000 1.000 
562.000 1.000 
563.000 1.000 
564.000 1.000 
565.000 0.993 
566.000 0.841 
567.000 0.701 
568.000 0.574 
569.000 0.485 
570.000 0.431 
571.000 0.290 
572.000 0.277 
573.000 0.671 
574.000 0.806 
575.000 1.000 
576.000 1.000 
577.000 1.000 
578.000 1.000 
579.000 1.000 
580.000 1.000 
581.000 1.000 
582.000 1.000 
583.000 0.901 
584.000 0.760 
585.000 0.632 
586.000 0.519 
587.000 0.479 
588.000 0.332 
589.000 0.214 
590.000 0.410 
591.000 0.827 
592.000 0.972 
593.000 1.000 
594.000 1.000 
595.000 1.000 
596.000 1.000 
597.000 1.000 
598.000 1.000 
599.000 1.000 
600.000 1.000 
601.000 1.000 
602.000 1.000 
603.000 1.000 
604.000 1.000 
605.000 1.000 
606.000 1.000 
607.000 1.000 
608.000 1.000 
609.000 0.993 
610.000 0.963 
611.000 0.939 
612.000 0.921 
613.000 0.908 
614.000 0.901 
615.000 0.910 
616.000 0.935 
617.000 0.971 
618.000 1.000 
619.000 1.000 
620.000 1.000 
621.000 1.000 
622.000 1.000 
623.000 1.000 
624.000 1.000 
625.000 1.000 
626.000 1.000 
627.000 1.000 
628.000 1.000 
629.000 1.000 
630.000 0.988 
631.000 0.978 
632.000 0.969 
633.000 0.962 
634.000 0.956 
635.000 0.956 
636.000 0.962 
637.000 0.973 
638.000 0.989 
639.000 1.000 
640.000 1.000 
641.000 1.000 
642.000 1.000 
643.000 1.000 
644.000 1.000 
645.000 1.000 
646.000 1.000 
647.000 1.000 
648.000 0.998 
649.000 0.990 
650.000 0.983 
651.000 0.978 
652.000 0.973 
653.000 0.970 
654.000 0.971 
655.000 0.975 
656.000 0.984 
657.000 0.994 
658.000 1.000 
659.000 1.000 
660.000 1.000 
661.000 1.000 
662.000 1.000 
663.000 1.000 
664.000 1.000 
665.000 1.000 
666.000 1.000 
667.000 0.995 
668.000 0.989 
669.000 0.985 
670.000 0.981 
671.000 0.978 
672.000 0.977 
673.000 0.980 
674.000 0.985 
675.000 0.992 
676.000 1.000 
677.000 1.000 
678.000 1.000 
679.000 1.000 
680.000 1.000 
681.000 1.000 
682.000 1.000 
683.000 1.000 
684.000 1.000 
685.000 0.997 
686.000 0.993 
687.000 0.990 
688.000 0.987 
689.000 0.984 
690.000 0.983 
691.000 0.984 
692.000 0.988 
693.000 0.993 
694.000 0.999 
695.000 1.000 
696.000 1.000 
697.000 1.000 
698.000 1.000 
699.000 1.000 
700.000 1.000 
701.000 1.000 
702.000 1.000 
703.000 0.999 
704.000 0.996 
705.000 0.993 
706.000 0.991 
707.000 0.989 
708.000 0.987 
709.000 0.988 
710.000 0.990 
711.000 0.993 
712.000 0.998 
713.000 1.000 
714.000 1.000 
715.000 1.000 
716.000 1.000 
717.000 1.000 
718.000 1.000 
719.000 1.000 
720.000 1.000 
721.000 1.000 
722.000 0.997 
723.000 0.995 
724.000 0.993 
725.000 0.992 
726.000 0.991 
727.000 0.991 
728.000 0.992 
729.000 0.994 
730.000 0.997 
731.000 1.000 
732.000 1.000 
733.000 1.000 
734.000 1.000 
735.000 1.000 
736.000 1.000 
737.000 1.000 
738.000 1.000 
739.000 1.000 
740.000 0.999 
741.000 0.997 
742.000 0.995 
743.000 0.994 
744.000 0.993 
745.000 0.993 
746.000 0.993 
747.000 0.995 
748.000 0.997 
749.000 1.000 
750.000 1.000 
751.000 1.000 
752.000 1.000 
753.000 1.000 
754.000 1.000 
755.000 1.000 
756.000 1.000 
757.000 1.000 
758.000 0.999 
759.000 0.998 
760.000 0.997 
761.000 0.996 
762.000 0.995 
763.000 0.995 
764.000 0.995 
765.000 0.996 
766.000 0.997 
767.000 0.999 
768.000 1.000 
769.000 1.000 
770.000 1.000 
771.000 1.000 
772.000 1.000 
773.000 1.000 
774.000 1.000 
775.000 1.000 
776.000 1.000 
777.000 0.999 
778.000 0.998 
779.000 0.997 
780.000 0.996 
781.000 0.996 
782.000 0.996 
783.000 0.997 
784.000 0.998 
785.000 0.999 
786.000 1.000 
787.000 1.000 
788.000 1.000 
789.000 1.000 
790.000 1.000 
791.000 1.000 
792.000 1.000 
793.000 1.000 
794.000 1.000 
795.000 0.999 
796.000 0.999 
797.000 0.998 
798.000 0.997 
799.000 0.997 
800.000 0.997 
