1.000 0.000 
2.000 0.000 
3.000 0.000 
4.000 0.000 
5.000 0.000 
6.000 0.000 
7.000 -0.978 
8.000 -0.457 
9.000 -0.460 
10.000 -0.462 
11.000 -0.464 
12.000 -0.168 
13.000 -0.005 
14.000 -0.057 
15.000 -0.071 
16.000 -0.073 
17.000 -0.060 
18.000 -0.155 
19.000 -0.272 
20.000 -0.317 
21.000 -0.335 
22.000 -0.347 
23.000 -0.326 
24.000 -0.262 
25.000 -0.201 
26.000 -0.165 
27.000 -0.147 
28.000 -0.138 
29.000 -0.141 
30.000 -0.161 
31.000 -0.192 
32.000 -0.222 
33.000 -0.245 
34.000 -0.259 
35.000 -0.261 
36.000 -0.252 
37.000 -0.234 
38.000 -0.216 
39.000 -0.201 
40.000 -0.191 
41.000 -0.188 
42.000 -0.190 
43.000 -0.198 
44.000 -0.208 
45.000 -0.219 
46.000 -0.228 
47.000 -0.233 
48.000 -0.235 
49.000 -0.232 
50.000 -0.227 
51.000 -0.222 
52.000 -0.217 
53.000 -0.214 
54.000 -0.212 
55.000 -0.213 
56.000 -0.216 
57.000 -0.220 
58.000 -0.224 
59.000 -0.227 
60.000 -0.229 
61.000 -0.230 
62.000 -0.230 
63.000 -0.229 
64.000 -0.228 
65.000 -0.226 
66.000 -0.225 
67.000 -0.225 
68.000 -0.226 
69.000 -0.227 
70.000 -0.228 
71.000 -0.230 
72.000 -0.231 
73.000 -0.233 
74.000 -0.233 
75.000 -0.234 
76.000 -0.234 
77.000 -0.234 
78.000 -0.234 
79.000 -0.234 
80.000 -0.234 
81.000 -0.234 
82.000 -0.235 
83.000 -0.236 
84.000 -0.237 
85.000 -0.237 
86.000 -0.238 
87.000 -0.239 
88.000 -0.239 
89.000 -0.239 
90.000 -0.240 
91.000 -0.240 
92.000 -0.241 
93.000 -0.241 
94.000 -0.241 
95.000 -0.242 
96.000 -0.243 
97.000 -0.243 
98.000 -0.244 
99.000 -0.244 
100.000 -0.245 
101.000 -0.245 
102.000 -0.246 
103.000 -0.246 
104.000 -0.247 
105.000 -0.247 
106.000 -0.248 
107.000 -0.248 
108.000 -0.248 
109.000 -0.249 
110.000 -0.249 
111.000 -0.250 
112.000 -0.251 
113.000 -0.251 
114.000 -0.251 
115.000 -0.252 
116.000 -0.252 
117.000 -0.253 
118.000 -0.253 
119.000 -0.254 
120.000 -0.254 
121.000 0.165 
122.000 -0.052 
123.000 -0.059 
124.000 -0.058 
125.000 -0.058 
126.000 -0.119 
127.000 -0.267 
128.000 -0.273 
129.000 -0.269 
130.000 -0.264 
131.000 -0.239 
132.000 -0.171 
133.000 -0.101 
134.000 -0.071 
135.000 -0.060 
136.000 -0.058 
137.000 -0.067 
138.000 -0.102 
139.000 -0.152 
140.000 -0.196 
141.000 -0.226 
142.000 -0.240 
143.000 -0.231 
144.000 -0.200 
145.000 -0.159 
146.000 -0.123 
147.000 -0.097 
148.000 -0.083 
149.000 -0.081 
150.000 -0.093 
151.000 -0.118 
152.000 -0.148 
153.000 -0.178 
154.000 -0.200 
155.000 -0.209 
156.000 -0.202 
157.000 -0.182 
158.000 -0.157 
159.000 -0.132 
160.000 -0.113 
161.000 -0.102 
162.000 -0.102 
163.000 -0.111 
164.000 -0.127 
165.000 -0.148 
166.000 -0.168 
167.000 -0.183 
168.000 -0.189 
169.000 -0.184 
170.000 -0.171 
171.000 -0.155 
172.000 -0.138 
173.000 -0.125 
174.000 -0.117 
175.000 -0.117 
176.000 -0.123 
177.000 -0.135 
178.000 -0.149 
179.000 -0.162 
180.000 -0.172 
181.000 -0.175 
182.000 -0.173 
183.000 -0.164 
184.000 -0.153 
185.000 -0.142 
186.000 -0.133 
187.000 -0.128 
188.000 -0.128 
189.000 -0.132 
190.000 -0.140 
191.000 -0.149 
192.000 -0.158 
193.000 -0.164 
194.000 -0.167 
195.000 -0.165 
196.000 -0.160 
197.000 -0.153 
198.000 -0.145 
199.000 -0.140 
200.000 -0.136 
201.000 -0.136 
202.000 -0.139 
203.000 -0.144 
204.000 -0.150 
205.000 -0.156 
206.000 -0.160 
207.000 -0.162 
208.000 -0.161 
209.000 -0.157 
210.000 -0.153 
211.000 -0.148 
212.000 -0.144 
213.000 -0.142 
214.000 -0.142 
215.000 -0.144 
216.000 -0.147 
217.000 -0.151 
218.000 -0.155 
219.000 -0.158 
220.000 -0.159 
221.000 -0.158 
222.000 -0.156 
223.000 -0.153 
224.000 -0.150 
225.000 -0.147 
226.000 -0.146 
227.000 -0.146 
228.000 -0.147 
229.000 -0.149 
230.000 -0.152 
231.000 -0.154 
232.000 -0.156 
233.000 -0.157 
234.000 -0.157 
235.000 -0.155 
236.000 -0.153 
237.000 -0.152 
238.000 -0.150 
239.000 -0.149 
240.000 -0.149 
241.000 1.000 
242.000 0.080 
243.000 0.845 
244.000 0.083 
245.000 0.848 
246.000 -0.038 
247.000 -0.121 
248.000 -0.895 
249.000 -0.890 
250.000 -1.000 
251.000 -0.944 
252.000 -0.039 
253.000 0.774 
254.000 0.171 
255.000 0.760 
256.000 0.150 
257.000 0.793 
258.000 0.062 
259.000 0.303 
260.000 -0.302 
261.000 -0.704 
262.000 -1.000 
263.000 -1.000 
264.000 -1.000 
265.000 0.078 
266.000 0.709 
267.000 0.174 
268.000 0.758 
269.000 0.157 
270.000 0.789 
271.000 0.078 
272.000 0.383 
273.000 -0.217 
274.000 -0.644 
275.000 -1.000 
276.000 -1.000 
277.000 -1.000 
278.000 -0.128 
279.000 0.716 
280.000 0.183 
281.000 0.749 
282.000 0.166 
283.000 0.774 
284.000 0.089 
285.000 0.388 
286.000 -0.200 
287.000 -0.630 
288.000 -1.000 
289.000 -1.000 
290.000 -1.000 
291.000 -0.159 
292.000 0.711 
293.000 0.189 
294.000 0.743 
295.000 0.172 
296.000 0.766 
297.000 0.096 
298.000 0.398 
299.000 -0.186 
300.000 -0.620 
301.000 -1.000 
302.000 -1.000 
303.000 -1.000 
304.000 -0.191 
305.000 0.707 
306.000 0.195 
307.000 0.737 
308.000 0.177 
309.000 0.759 
310.000 0.103 
311.000 0.407 
312.000 -0.173 
313.000 -0.610 
314.000 -1.000 
315.000 -1.000 
316.000 -1.000 
317.000 -0.223 
318.000 0.702 
319.000 0.200 
320.000 0.732 
321.000 0.183 
322.000 0.753 
323.000 0.110 
324.000 0.418 
325.000 -0.159 
326.000 -0.599 
327.000 -1.000 
328.000 -1.000 
329.000 -1.000 
330.000 -0.258 
331.000 0.694 
332.000 0.205 
333.000 0.726 
334.000 0.188 
335.000 0.746 
336.000 0.117 
337.000 0.430 
338.000 -0.144 
339.000 -0.584 
340.000 -1.000 
341.000 -1.000 
342.000 -1.000 
343.000 -0.302 
344.000 0.682 
345.000 0.210 
346.000 0.721 
347.000 0.193 
348.000 0.740 
349.000 0.125 
350.000 0.449 
351.000 -0.126 
352.000 -0.562 
353.000 -1.000 
354.000 -1.000 
355.000 -1.000 
356.000 -0.364 
357.000 0.660 
358.000 0.215 
359.000 0.717 
360.000 0.198 
361.000 1.000 
362.000 0.375 
363.000 0.548 
364.000 0.232 
365.000 0.664 
366.000 -0.016 
367.000 -0.057 
368.000 -0.549 
369.000 -0.280 
370.000 -0.625 
371.000 0.599 
372.000 0.345 
373.000 0.697 
374.000 0.491 
375.000 0.562 
376.000 0.494 
377.000 0.458 
378.000 0.399 
379.000 0.401 
380.000 0.197 
381.000 -0.024 
382.000 -0.389 
383.000 -0.511 
384.000 -0.512 
385.000 0.084 
386.000 0.902 
387.000 0.485 
388.000 0.613 
389.000 0.510 
390.000 0.591 
391.000 0.394 
392.000 0.492 
393.000 0.271 
394.000 0.313 
395.000 -0.102 
396.000 -0.438 
397.000 -0.693 
398.000 -0.375 
399.000 -0.008 
400.000 1.000 
401.000 0.529 
402.000 0.610 
403.000 0.549 
404.000 0.577 
405.000 0.425 
406.000 0.451 
407.000 0.329 
408.000 0.177 
409.000 -0.245 
410.000 -0.637 
411.000 -0.794 
412.000 -0.574 
413.000 0.209 
414.000 0.814 
415.000 0.586 
416.000 0.599 
417.000 0.572 
418.000 0.603 
419.000 0.444 
420.000 0.464 
421.000 0.343 
422.000 0.260 
423.000 -0.148 
424.000 -0.626 
425.000 -0.836 
426.000 -0.659 
427.000 -0.117 
428.000 1.000 
429.000 0.610 
430.000 0.625 
431.000 0.605 
432.000 0.604 
433.000 0.481 
434.000 0.427 
435.000 0.397 
436.000 0.166 
437.000 -0.292 
438.000 -0.841 
439.000 -0.962 
440.000 -0.866 
441.000 0.025 
442.000 0.980 
443.000 0.659 
444.000 0.656 
445.000 0.632 
446.000 0.656 
447.000 0.516 
448.000 0.408 
449.000 0.433 
450.000 0.136 
451.000 -0.430 
452.000 -1.000 
453.000 -1.000 
454.000 -1.000 
455.000 -0.047 
456.000 1.000 
457.000 0.700 
458.000 0.686 
459.000 0.658 
460.000 0.682 
461.000 0.548 
462.000 0.391 
463.000 0.463 
464.000 0.105 
465.000 -0.564 
466.000 -1.000 
467.000 -1.000 
468.000 -1.000 
469.000 -0.044 
470.000 1.000 
471.000 0.730 
472.000 0.708 
473.000 0.680 
474.000 0.704 
475.000 0.569 
476.000 0.383 
477.000 0.480 
478.000 0.086 
479.000 -0.682 
480.000 -1.000 
481.000 1.000 
482.000 0.969 
483.000 1.000 
484.000 1.000 
485.000 1.000 
486.000 1.000 
487.000 1.000 
488.000 1.000 
489.000 1.000 
490.000 0.912 
491.000 0.715 
492.000 0.539 
493.000 0.445 
494.000 0.440 
495.000 0.240 
496.000 0.147 
497.000 0.623 
498.000 0.599 
499.000 0.824 
500.000 1.000 
501.000 1.000 
502.000 1.000 
503.000 1.000 
504.000 1.000 
505.000 1.000 
506.000 1.000 
507.000 0.864 
508.000 0.699 
509.000 0.549 
510.000 0.464 
511.000 0.444 
512.000 0.232 
513.000 0.188 
514.000 0.715 
515.000 0.700 
516.000 0.923 
517.000 1.000 
518.000 1.000 
519.000 1.000 
520.000 1.000 
521.000 1.000 
522.000 1.000 
523.000 1.000 
524.000 0.869 
525.000 0.714 
526.000 0.573 
527.000 0.472 
528.000 0.413 
529.000 0.202 
530.000 0.083 
531.000 0.614 
532.000 0.741 
533.000 1.000 
534.000 1.000 
535.000 1.000 
536.000 1.000 
537.000 1.000 
538.000 1.000 
539.000 1.000 
540.000 1.000 
541.000 1.000 
542.000 0.856 
543.000 0.708 
544.000 0.575 
545.000 0.481 
546.000 0.343 
547.000 0.054 
548.000 -0.197 
549.000 0.513 
550.000 0.834 
551.000 1.000 
552.000 1.000 
553.000 1.000 
554.000 1.000 
555.000 1.000 
556.000 1.000 
557.000 1.000 
558.000 1.000 
559.000 1.000 
560.000 1.000 
561.000 0.934 
562.000 0.784 
563.000 0.652 
564.000 0.537 
565.000 0.427 
566.000 0.144 
567.000 -0.393 
568.000 -0.190 
569.000 0.934 
570.000 1.000 
571.000 1.000 
572.000 1.000 
573.000 1.000 
574.000 1.000 
575.000 1.000 
576.000 1.000 
577.000 1.000 
578.000 1.000 
579.000 1.000 
580.000 1.000 
581.000 1.000 
582.000 0.858 
583.000 0.731 
584.000 0.621 
585.000 0.527 
586.000 0.329 
587.000 -0.189 
588.000 -0.772 
589.000 0.013 
590.000 0.998 
591.000 1.000 
592.000 1.000 
593.000 1.000 
594.000 1.000 
595.000 1.000 
596.000 1.000 
597.000 1.000 
598.000 1.000 
599.000 1.000 
600.000 1.000 
601.000 1.000 
602.000 1.000 
603.000 1.000 
604.000 1.000 
605.000 1.000 
606.000 1.000 
607.000 1.000 
608.000 1.000 
609.000 1.000 
610.000 1.000 
611.000 1.000 
612.000 1.000 
613.000 1.000 
614.000 1.000 
615.000 1.000 
616.000 1.000 
617.000 1.000 
618.000 1.000 
619.000 1.000 
620.000 1.000 
621.000 1.000 
622.000 1.000 
623.000 1.000 
624.000 1.000 
625.000 1.000 
626.000 1.000 
627.000 1.000 
628.000 1.000 
629.000 1.000 
630.000 1.000 
631.000 1.000 
632.000 1.000 
633.000 1.000 
634.000 1.000 
635.000 1.000 
636.000 1.000 
637.000 1.000 
638.000 1.000 
639.000 1.000 
640.000 1.000 
641.000 1.000 
642.000 1.000 
643.000 1.000 
644.000 1.000 
645.000 1.000 
646.000 1.000 
647.000 1.000 
648.000 1.000 
649.000 1.000 
650.000 1.000 
651.000 1.000 
652.000 1.000 
653.000 1.000 
654.000 1.000 
655.000 1.000 
656.000 1.000 
657.000 1.000 
658.000 1.000 
659.000 1.000 
660.000 1.000 
661.000 1.000 
662.000 1.000 
663.000 1.000 
664.000 1.000 
665.000 1.000 
666.000 1.000 
667.000 1.000 
668.000 1.000 
669.000 1.000 
670.000 1.000 
671.000 1.000 
672.000 1.000 
673.000 1.000 
674.000 1.000 
675.000 1.000 
676.000 1.000 
677.000 1.000 
678.000 1.000 
679.000 1.000 
680.000 1.000 
681.000 1.000 
682.000 1.000 
683.000 1.000 
684.000 1.000 
685.000 1.000 
686.000 1.000 
687.000 1.000 
688.000 1.000 
689.000 1.000 
690.000 1.000 
691.000 1.000 
692.000 1.000 
693.000 1.000 
694.000 1.000 
695.000 1.000 
696.000 1.000 
697.000 1.000 
698.000 1.000 
699.000 1.000 
700.000 1.000 
701.000 1.000 
702.000 1.000 
703.000 1.000 
704.000 1.000 
705.000 1.000 
706.000 1.000 
707.000 1.000 
708.000 1.000 
709.000 1.000 
710.000 1.000 
711.000 1.000 
712.000 1.000 
713.000 1.000 
714.000 1.000 
715.000 1.000 
716.000 1.000 
717.000 1.000 
718.000 1.000 
719.000 1.000 
720.000 1.000 
721.000 1.000 
722.000 1.000 
723.000 1.000 
724.000 1.000 
725.000 1.000 
726.000 1.000 
727.000 1.000 
728.000 1.000 
729.000 1.000 
730.000 1.000 
731.000 1.000 
732.000 1.000 
733.000 1.000 
734.000 1.000 
735.000 1.000 
736.000 1.000 
737.000 1.000 
738.000 1.000 
739.000 1.000 
740.000 1.000 
741.000 1.000 
742.000 1.000 
743.000 1.000 
744.000 1.000 
745.000 1.000 
746.000 1.000 
747.000 1.000 
748.000 1.000 
749.000 1.000 
750.000 1.000 
751.000 1.000 
752.000 1.000 
753.000 1.000 
754.000 1.000 
755.000 1.000 
756.000 1.000 
757.000 1.000 
758.000 1.000 
759.000 1.000 
760.000 1.000 
761.000 1.000 
762.000 1.000 
763.000 1.000 
764.000 1.000 
765.000 1.000 
766.000 1.000 
767.000 1.000 
768.000 1.000 
769.000 1.000 
770.000 1.000 
771.000 1.000 
772.000 1.000 
773.000 1.000 
774.000 1.000 
775.000 1.000 
776.000 1.000 
777.000 1.000 
778.000 1.000 
779.000 1.000 
780.000 1.000 
781.000 1.000 
782.000 1.000 
783.000 1.000 
784.000 1.000 
785.000 1.000 
786.000 1.000 
787.000 1.000 
788.000 1.000 
789.000 1.000 
790.000 1.000 
791.000 1.000 
792.000 1.000 
793.000 1.000 
794.000 1.000 
795.000 1.000 
796.000 1.000 
797.000 1.000 
798.000 1.000 
799.000 1.000 
800.000 1.000 
