1.000 0.000 
2.000 0.000 
3.000 0.000 
4.000 0.000 
5.000 0.000 
6.000 0.000 
7.000 -0.053 
8.000 -0.054 
9.000 -0.054 
10.000 -0.054 
11.000 -0.054 
12.000 -0.053 
13.000 -0.051 
14.000 -0.048 
15.000 -0.046 
16.000 -0.045 
17.000 -0.044 
18.000 -0.044 
19.000 -0.044 
20.000 -0.045 
21.000 -0.045 
22.000 -0.046 
23.000 -0.046 
24.000 -0.046 
25.000 -0.047 
26.000 -0.047 
27.000 -0.047 
28.000 -0.047 
29.000 -0.048 
30.000 -0.048 
31.000 -0.048 
32.000 -0.048 
33.000 -0.048 
34.000 -0.048 
35.000 -0.048 
36.000 -0.049 
37.000 -0.049 
38.000 -0.049 
39.000 -0.049 
40.000 -0.049 
41.000 -0.050 
42.000 -0.050 
43.000 -0.050 
44.000 -0.050 
45.000 -0.050 
46.000 -0.050 
47.000 -0.051 
48.000 -0.051 
49.000 -0.051 
50.000 -0.051 
51.000 -0.051 
52.000 -0.051 
53.000 -0.052 
54.000 -0.052 
55.000 -0.052 
56.000 -0.052 
57.000 -0.052 
58.000 -0.052 
59.000 -0.053 
60.000 -0.053 
61.000 -0.053 
62.000 -0.053 
63.000 -0.053 
64.000 -0.053 
65.000 -0.054 
66.000 -0.054 
67.000 -0.054 
68.000 -0.054 
69.000 -0.054 
70.000 -0.055 
71.000 -0.055 
72.000 -0.055 
73.000 -0.055 
74.000 -0.055 
75.000 -0.055 
76.000 -0.056 
77.000 -0.056 
78.000 -0.056 
79.000 -0.056 
80.000 -0.056 
81.000 -0.056 
82.000 -0.057 
83.000 -0.057 
84.000 -0.057 
85.000 -0.057 
86.000 -0.057 
87.000 -0.057 
88.000 -0.058 
89.000 -0.058 
90.000 -0.058 
91.000 -0.058 
92.000 -0.058 
93.000 -0.058 
94.000 -0.059 
95.000 -0.059 
96.000 -0.059 
97.000 -0.059 
98.000 -0.059 
99.000 -0.059 
100.000 -0.060 
101.000 -0.060 
102.000 -0.060 
103.000 -0.060 
104.000 -0.060 
105.000 -0.060 
106.000 -0.061 
107.000 -0.061 
108.000 -0.061 
109.000 -0.061 
110.000 -0.061 
111.000 -0.061 
112.000 -0.062 
113.000 -0.062 
114.000 -0.062 
115.000 -0.062 
116.000 -0.062 
117.000 -0.062 
118.000 -0.063 
119.000 -0.063 
120.000 -0.063 
121.000 -0.040 
122.000 -0.040 
123.000 -0.040 
124.000 -0.040 
125.000 -0.040 
126.000 -0.041 
127.000 -0.042 
128.000 -0.043 
129.000 -0.044 
130.000 -0.045 
131.000 -0.045 
132.000 -0.045 
133.000 -0.045 
134.000 -0.045 
135.000 -0.045 
136.000 -0.045 
137.000 -0.045 
138.000 -0.045 
139.000 -0.045 
140.000 -0.045 
141.000 -0.045 
142.000 -0.045 
143.000 -0.046 
144.000 -0.046 
145.000 -0.046 
146.000 -0.046 
147.000 -0.046 
148.000 -0.046 
149.000 -0.046 
150.000 -0.046 
151.000 -0.046 
152.000 -0.046 
153.000 -0.046 
154.000 -0.046 
155.000 -0.047 
156.000 -0.047 
157.000 -0.047 
158.000 -0.047 
159.000 -0.047 
160.000 -0.047 
161.000 -0.047 
162.000 -0.047 
163.000 -0.047 
164.000 -0.047 
165.000 -0.047 
166.000 -0.047 
167.000 -0.048 
168.000 -0.048 
169.000 -0.048 
170.000 -0.048 
171.000 -0.048 
172.000 -0.048 
173.000 -0.048 
174.000 -0.048 
175.000 -0.048 
176.000 -0.048 
177.000 -0.048 
178.000 -0.048 
179.000 -0.048 
180.000 -0.049 
181.000 -0.049 
182.000 -0.049 
183.000 -0.049 
184.000 -0.049 
185.000 -0.049 
186.000 -0.049 
187.000 -0.049 
188.000 -0.049 
189.000 -0.049 
190.000 -0.049 
191.000 -0.049 
192.000 -0.050 
193.000 -0.050 
194.000 -0.050 
195.000 -0.050 
196.000 -0.050 
197.000 -0.050 
198.000 -0.050 
199.000 -0.050 
200.000 -0.050 
201.000 -0.050 
202.000 -0.050 
203.000 -0.050 
204.000 -0.050 
205.000 -0.051 
206.000 -0.051 
207.000 -0.051 
208.000 -0.051 
209.000 -0.051 
210.000 -0.051 
211.000 -0.051 
212.000 -0.051 
213.000 -0.051 
214.000 -0.051 
215.000 -0.051 
216.000 -0.051 
217.000 -0.051 
218.000 -0.052 
219.000 -0.052 
220.000 -0.052 
221.000 -0.052 
222.000 -0.052 
223.000 -0.052 
224.000 -0.052 
225.000 -0.052 
226.000 -0.052 
227.000 -0.052 
228.000 -0.052 
229.000 -0.052 
230.000 -0.052 
231.000 -0.053 
232.000 -0.053 
233.000 -0.053 
234.000 -0.053 
235.000 -0.053 
236.000 -0.053 
237.000 -0.053 
238.000 -0.053 
239.000 -0.053 
240.000 -0.053 
241.000 0.076 
242.000 0.082 
243.000 0.085 
244.000 0.087 
245.000 0.089 
246.000 0.058 
247.000 0.029 
248.000 0.036 
249.000 0.023 
250.000 0.031 
251.000 0.031 
252.000 0.045 
253.000 0.057 
254.000 0.070 
255.000 0.077 
256.000 0.078 
257.000 0.071 
258.000 0.060 
259.000 0.050 
260.000 0.044 
261.000 0.041 
262.000 0.043 
263.000 0.048 
264.000 0.056 
265.000 0.066 
266.000 0.075 
267.000 0.081 
268.000 0.081 
269.000 0.076 
270.000 0.067 
271.000 0.058 
272.000 0.052 
273.000 0.049 
274.000 0.051 
275.000 0.057 
276.000 0.066 
277.000 0.077 
278.000 0.088 
279.000 0.095 
280.000 0.096 
281.000 0.088 
282.000 0.076 
283.000 0.063 
284.000 0.054 
285.000 0.050 
286.000 0.052 
287.000 0.060 
288.000 0.074 
289.000 0.093 
290.000 0.114 
291.000 0.130 
292.000 0.134 
293.000 0.118 
294.000 0.088 
295.000 0.058 
296.000 0.041 
297.000 0.035 
298.000 0.036 
299.000 0.047 
300.000 0.072 
301.000 0.117 
302.000 0.181 
303.000 0.253 
304.000 0.300 
305.000 0.271 
306.000 0.139 
307.000 0.008 
308.000 0.037 
309.000 -0.039 
310.000 -0.001 
311.000 -0.012 
312.000 -0.000 
313.000 0.020 
314.000 0.073 
315.000 0.176 
316.000 0.347 
317.000 0.613 
318.000 0.810 
319.000 0.528 
320.000 0.035 
321.000 -0.001 
322.000 0.012 
323.000 -0.093 
324.000 -0.168 
325.000 -0.175 
326.000 -0.128 
327.000 -0.069 
328.000 -0.011 
329.000 0.036 
330.000 0.127 
331.000 0.284 
332.000 0.530 
333.000 0.833 
334.000 0.547 
335.000 0.120 
336.000 -0.073 
337.000 0.040 
338.000 -0.104 
339.000 -0.135 
340.000 -0.165 
341.000 -0.121 
342.000 -0.064 
343.000 -0.008 
344.000 0.038 
345.000 0.131 
346.000 0.292 
347.000 0.541 
348.000 0.864 
349.000 0.569 
350.000 0.136 
351.000 -0.096 
352.000 0.039 
353.000 -0.106 
354.000 -0.143 
355.000 -0.177 
356.000 -0.129 
357.000 -0.068 
358.000 -0.009 
359.000 0.038 
360.000 0.132 
361.000 0.483 
362.000 0.874 
363.000 1.000 
364.000 1.000 
365.000 1.000 
366.000 0.443 
367.000 -0.673 
368.000 0.130 
369.000 -0.238 
370.000 -0.204 
371.000 -0.325 
372.000 -0.113 
373.000 0.070 
374.000 0.288 
375.000 0.622 
376.000 1.000 
377.000 1.000 
378.000 1.000 
379.000 1.000 
380.000 -0.103 
381.000 0.235 
382.000 -0.333 
383.000 -0.071 
384.000 -0.254 
385.000 -0.194 
386.000 -0.103 
387.000 0.050 
388.000 0.246 
389.000 0.565 
390.000 0.960 
391.000 1.000 
392.000 1.000 
393.000 1.000 
394.000 0.511 
395.000 -0.814 
396.000 0.126 
397.000 -0.240 
398.000 -0.218 
399.000 -0.350 
400.000 -0.117 
401.000 0.085 
402.000 0.324 
403.000 0.675 
404.000 1.000 
405.000 1.000 
406.000 1.000 
407.000 1.000 
408.000 -0.148 
409.000 0.241 
410.000 -0.343 
411.000 -0.071 
412.000 -0.255 
413.000 -0.175 
414.000 -0.072 
415.000 0.080 
416.000 0.310 
417.000 0.656 
418.000 1.000 
419.000 1.000 
420.000 1.000 
421.000 1.000 
422.000 0.170 
423.000 -0.105 
424.000 0.110 
425.000 -0.231 
426.000 -0.242 
427.000 -0.286 
428.000 -0.152 
429.000 -0.008 
430.000 0.133 
431.000 0.411 
432.000 0.785 
433.000 1.000 
434.000 1.000 
435.000 1.000 
436.000 1.000 
437.000 -0.827 
438.000 0.219 
439.000 -0.321 
440.000 -0.105 
441.000 -0.289 
442.000 -0.076 
443.000 0.112 
444.000 0.376 
445.000 0.745 
446.000 1.000 
447.000 1.000 
448.000 1.000 
449.000 1.000 
450.000 -0.213 
451.000 0.245 
452.000 -0.351 
453.000 -0.073 
454.000 -0.258 
455.000 -0.149 
456.000 -0.029 
457.000 0.121 
458.000 0.395 
459.000 0.768 
460.000 1.000 
461.000 1.000 
462.000 1.000 
463.000 1.000 
464.000 -0.271 
465.000 0.243 
466.000 -0.348 
467.000 -0.078 
468.000 -0.262 
469.000 -0.133 
470.000 -0.001 
471.000 0.146 
472.000 0.442 
473.000 0.825 
474.000 1.000 
475.000 1.000 
476.000 1.000 
477.000 1.000 
478.000 -0.656 
479.000 0.232 
480.000 -0.338 
481.000 0.926 
482.000 -1.000 
483.000 0.955 
484.000 1.000 
485.000 1.000 
486.000 1.000 
487.000 1.000 
488.000 1.000 
489.000 1.000 
490.000 1.000 
491.000 -0.003 
492.000 0.990 
493.000 -1.000 
494.000 0.631 
495.000 -1.000 
496.000 0.566 
497.000 0.980 
498.000 1.000 
499.000 1.000 
500.000 1.000 
501.000 1.000 
502.000 1.000 
503.000 1.000 
504.000 1.000 
505.000 0.632 
506.000 -1.000 
507.000 0.834 
508.000 -1.000 
509.000 0.483 
510.000 -0.734 
511.000 0.782 
512.000 1.000 
513.000 1.000 
514.000 1.000 
515.000 1.000 
516.000 1.000 
517.000 1.000 
518.000 1.000 
519.000 1.000 
520.000 0.034 
521.000 0.851 
522.000 -1.000 
523.000 0.605 
524.000 -1.000 
525.000 0.557 
526.000 0.975 
527.000 1.000 
528.000 1.000 
529.000 1.000 
530.000 1.000 
531.000 1.000 
532.000 1.000 
533.000 1.000 
534.000 1.000 
535.000 0.769 
536.000 -0.915 
537.000 0.794 
538.000 -1.000 
539.000 0.460 
540.000 -0.688 
541.000 0.796 
542.000 1.000 
543.000 1.000 
544.000 1.000 
545.000 1.000 
546.000 1.000 
547.000 1.000 
548.000 1.000 
549.000 1.000 
550.000 1.000 
551.000 0.525 
552.000 -0.519 
553.000 0.731 
554.000 -1.000 
555.000 0.413 
556.000 0.796 
557.000 1.000 
558.000 1.000 
559.000 1.000 
560.000 1.000 
561.000 1.000 
562.000 1.000 
563.000 1.000 
564.000 1.000 
565.000 1.000 
566.000 1.000 
567.000 0.909 
568.000 -0.078 
569.000 0.684 
570.000 -0.950 
571.000 0.385 
572.000 -0.047 
573.000 0.544 
574.000 0.979 
575.000 1.000 
576.000 1.000 
577.000 1.000 
578.000 1.000 
579.000 1.000 
580.000 1.000 
581.000 1.000 
582.000 1.000 
583.000 1.000 
584.000 1.000 
585.000 1.000 
586.000 0.401 
587.000 0.255 
588.000 0.263 
589.000 0.218 
590.000 0.233 
591.000 0.531 
592.000 0.932 
593.000 1.000 
594.000 1.000 
595.000 1.000 
596.000 1.000 
597.000 1.000 
598.000 1.000 
599.000 1.000 
600.000 1.000 
601.000 1.000 
602.000 1.000 
603.000 1.000 
604.000 1.000 
605.000 1.000 
606.000 1.000 
607.000 1.000 
608.000 1.000 
609.000 1.000 
610.000 1.000 
611.000 1.000 
612.000 1.000 
613.000 1.000 
614.000 1.000 
615.000 1.000 
616.000 1.000 
617.000 1.000 
618.000 1.000 
619.000 1.000 
620.000 1.000 
621.000 1.000 
622.000 1.000 
623.000 1.000 
624.000 1.000 
625.000 1.000 
626.000 1.000 
627.000 1.000 
628.000 1.000 
629.000 1.000 
630.000 1.000 
631.000 1.000 
632.000 1.000 
633.000 1.000 
634.000 1.000 
635.000 1.000 
636.000 1.000 
637.000 1.000 
638.000 1.000 
639.000 1.000 
640.000 1.000 
641.000 1.000 
642.000 1.000 
643.000 1.000 
644.000 1.000 
645.000 1.000 
646.000 1.000 
647.000 1.000 
648.000 1.000 
649.000 1.000 
650.000 1.000 
651.000 1.000 
652.000 1.000 
653.000 1.000 
654.000 1.000 
655.000 1.000 
656.000 1.000 
657.000 1.000 
658.000 1.000 
659.000 1.000 
660.000 1.000 
661.000 1.000 
662.000 1.000 
663.000 1.000 
664.000 1.000 
665.000 1.000 
666.000 1.000 
667.000 1.000 
668.000 1.000 
669.000 1.000 
670.000 1.000 
671.000 1.000 
672.000 1.000 
673.000 1.000 
674.000 1.000 
675.000 1.000 
676.000 1.000 
677.000 1.000 
678.000 1.000 
679.000 1.000 
680.000 1.000 
681.000 1.000 
682.000 1.000 
683.000 1.000 
684.000 1.000 
685.000 1.000 
686.000 1.000 
687.000 1.000 
688.000 1.000 
689.000 1.000 
690.000 1.000 
691.000 1.000 
692.000 1.000 
693.000 1.000 
694.000 1.000 
695.000 1.000 
696.000 1.000 
697.000 1.000 
698.000 1.000 
699.000 1.000 
700.000 1.000 
701.000 1.000 
702.000 1.000 
703.000 1.000 
704.000 1.000 
705.000 1.000 
706.000 1.000 
707.000 1.000 
708.000 1.000 
709.000 1.000 
710.000 1.000 
711.000 1.000 
712.000 1.000 
713.000 1.000 
714.000 1.000 
715.000 1.000 
716.000 1.000 
717.000 1.000 
718.000 1.000 
719.000 1.000 
720.000 1.000 
721.000 1.000 
722.000 1.000 
723.000 1.000 
724.000 1.000 
725.000 1.000 
726.000 1.000 
727.000 1.000 
728.000 1.000 
729.000 1.000 
730.000 1.000 
731.000 1.000 
732.000 1.000 
733.000 1.000 
734.000 1.000 
735.000 1.000 
736.000 1.000 
737.000 1.000 
738.000 1.000 
739.000 1.000 
740.000 1.000 
741.000 1.000 
742.000 1.000 
743.000 1.000 
744.000 1.000 
745.000 1.000 
746.000 1.000 
747.000 1.000 
748.000 1.000 
749.000 1.000 
750.000 1.000 
751.000 1.000 
752.000 1.000 
753.000 1.000 
754.000 1.000 
755.000 1.000 
756.000 1.000 
757.000 1.000 
758.000 1.000 
759.000 1.000 
760.000 1.000 
761.000 1.000 
762.000 1.000 
763.000 1.000 
764.000 1.000 
765.000 1.000 
766.000 1.000 
767.000 1.000 
768.000 1.000 
769.000 1.000 
770.000 1.000 
771.000 1.000 
772.000 1.000 
773.000 1.000 
774.000 1.000 
775.000 1.000 
776.000 1.000 
777.000 1.000 
778.000 1.000 
779.000 1.000 
780.000 1.000 
781.000 1.000 
782.000 1.000 
783.000 1.000 
784.000 1.000 
785.000 1.000 
786.000 1.000 
787.000 1.000 
788.000 1.000 
789.000 1.000 
790.000 1.000 
791.000 1.000 
792.000 1.000 
793.000 1.000 
794.000 1.000 
795.000 1.000 
796.000 1.000 
797.000 1.000 
798.000 1.000 
799.000 1.000 
800.000 1.000 
