1.000 0.000 
2.000 0.000 
3.000 0.000 
4.000 0.000 
5.000 0.000 
6.000 0.000 
7.000 -0.213 
8.000 -0.064 
9.000 -0.064 
10.000 -0.065 
11.000 -0.065 
12.000 -0.045 
13.000 -0.032 
14.000 -0.040 
15.000 -0.044 
16.000 -0.047 
17.000 -0.050 
18.000 -0.054 
19.000 -0.056 
20.000 -0.056 
21.000 -0.055 
22.000 -0.054 
23.000 -0.053 
24.000 -0.053 
25.000 -0.052 
26.000 -0.052 
27.000 -0.053 
28.000 -0.053 
29.000 -0.054 
30.000 -0.054 
31.000 -0.054 
32.000 -0.055 
33.000 -0.055 
34.000 -0.055 
35.000 -0.055 
36.000 -0.055 
37.000 -0.055 
38.000 -0.055 
39.000 -0.055 
40.000 -0.056 
41.000 -0.056 
42.000 -0.056 
43.000 -0.056 
44.000 -0.056 
45.000 -0.056 
46.000 -0.057 
47.000 -0.057 
48.000 -0.057 
49.000 -0.057 
50.000 -0.057 
51.000 -0.057 
52.000 -0.058 
53.000 -0.058 
54.000 -0.058 
55.000 -0.058 
56.000 -0.058 
57.000 -0.058 
58.000 -0.059 
59.000 -0.059 
60.000 -0.059 
61.000 -0.059 
62.000 -0.059 
63.000 -0.059 
64.000 -0.059 
65.000 -0.060 
66.000 -0.060 
67.000 -0.060 
68.000 -0.060 
69.000 -0.060 
70.000 -0.060 
71.000 -0.061 
72.000 -0.061 
73.000 -0.061 
74.000 -0.061 
75.000 -0.061 
76.000 -0.061 
77.000 -0.062 
78.000 -0.062 
79.000 -0.062 
80.000 -0.062 
81.000 -0.062 
82.000 -0.062 
83.000 -0.062 
84.000 -0.063 
85.000 -0.063 
86.000 -0.063 
87.000 -0.063 
88.000 -0.063 
89.000 -0.063 
90.000 -0.064 
91.000 -0.064 
92.000 -0.064 
93.000 -0.064 
94.000 -0.064 
95.000 -0.064 
96.000 -0.065 
97.000 -0.065 
98.000 -0.065 
99.000 -0.065 
100.000 -0.065 
101.000 -0.065 
102.000 -0.065 
103.000 -0.066 
104.000 -0.066 
105.000 -0.066 
106.000 -0.066 
107.000 -0.066 
108.000 -0.066 
109.000 -0.067 
110.000 -0.067 
111.000 -0.067 
112.000 -0.067 
113.000 -0.067 
114.000 -0.067 
115.000 -0.067 
116.000 -0.068 
117.000 -0.068 
118.000 -0.068 
119.000 -0.068 
120.000 -0.068 
121.000 0.023 
122.000 -0.046 
123.000 -0.041 
124.000 -0.041 
125.000 -0.041 
126.000 -0.049 
127.000 -0.054 
128.000 -0.051 
129.000 -0.049 
130.000 -0.049 
131.000 -0.048 
132.000 -0.046 
133.000 -0.045 
134.000 -0.046 
135.000 -0.046 
136.000 -0.046 
137.000 -0.047 
138.000 -0.047 
139.000 -0.048 
140.000 -0.048 
141.000 -0.048 
142.000 -0.048 
143.000 -0.048 
144.000 -0.048 
145.000 -0.048 
146.000 -0.048 
147.000 -0.048 
148.000 -0.048 
149.000 -0.048 
150.000 -0.048 
151.000 -0.048 
152.000 -0.048 
153.000 -0.048 
154.000 -0.049 
155.000 -0.049 
156.000 -0.049 
157.000 -0.049 
158.000 -0.049 
159.000 -0.049 
160.000 -0.049 
161.000 -0.049 
162.000 -0.049 
163.000 -0.049 
164.000 -0.049 
165.000 -0.049 
166.000 -0.049 
167.000 -0.050 
168.000 -0.050 
169.000 -0.050 
170.000 -0.050 
171.000 -0.050 
172.000 -0.050 
173.000 -0.050 
174.000 -0.050 
175.000 -0.050 
176.000 -0.050 
177.000 -0.050 
178.000 -0.050 
179.000 -0.050 
180.000 -0.050 
181.000 -0.051 
182.000 -0.051 
183.000 -0.051 
184.000 -0.051 
185.000 -0.051 
186.000 -0.051 
187.000 -0.051 
188.000 -0.051 
189.000 -0.051 
190.000 -0.051 
191.000 -0.051 
192.000 -0.051 
193.000 -0.051 
194.000 -0.052 
195.000 -0.052 
196.000 -0.052 
197.000 -0.052 
198.000 -0.052 
199.000 -0.052 
200.000 -0.052 
201.000 -0.052 
202.000 -0.052 
203.000 -0.052 
204.000 -0.052 
205.000 -0.052 
206.000 -0.052 
207.000 -0.052 
208.000 -0.053 
209.000 -0.053 
210.000 -0.053 
211.000 -0.053 
212.000 -0.053 
213.000 -0.053 
214.000 -0.053 
215.000 -0.053 
216.000 -0.053 
217.000 -0.053 
218.000 -0.053 
219.000 -0.053 
220.000 -0.053 
221.000 -0.053 
222.000 -0.054 
223.000 -0.054 
224.000 -0.054 
225.000 -0.054 
226.000 -0.054 
227.000 -0.054 
228.000 -0.054 
229.000 -0.054 
230.000 -0.054 
231.000 -0.054 
232.000 -0.054 
233.000 -0.054 
234.000 -0.054 
235.000 -0.054 
236.000 -0.055 
237.000 -0.055 
238.000 -0.055 
239.000 -0.055 
240.000 -0.055 
241.000 0.463 
242.000 -0.138 
243.000 0.101 
244.000 0.051 
245.000 0.077 
246.000 0.005 
247.000 0.045 
248.000 0.046 
249.000 0.043 
250.000 0.044 
251.000 0.052 
252.000 0.054 
253.000 0.053 
254.000 0.054 
255.000 0.054 
256.000 0.053 
257.000 0.052 
258.000 0.052 
259.000 0.052 
260.000 0.052 
261.000 0.053 
262.000 0.054 
263.000 0.054 
264.000 0.055 
265.000 0.055 
266.000 0.056 
267.000 0.056 
268.000 0.056 
269.000 0.057 
270.000 0.057 
271.000 0.057 
272.000 0.058 
273.000 0.058 
274.000 0.058 
275.000 0.059 
276.000 0.059 
277.000 0.060 
278.000 0.060 
279.000 0.060 
280.000 0.061 
281.000 0.061 
282.000 0.061 
283.000 0.062 
284.000 0.062 
285.000 0.062 
286.000 0.063 
287.000 0.063 
288.000 0.064 
289.000 0.064 
290.000 0.064 
291.000 0.065 
292.000 0.065 
293.000 0.066 
294.000 0.066 
295.000 0.066 
296.000 0.067 
297.000 0.067 
298.000 0.067 
299.000 0.068 
300.000 0.068 
301.000 0.069 
302.000 0.069 
303.000 0.069 
304.000 0.070 
305.000 0.070 
306.000 0.071 
307.000 0.071 
308.000 0.071 
309.000 0.072 
310.000 0.072 
311.000 0.073 
312.000 0.073 
313.000 0.073 
314.000 0.074 
315.000 0.074 
316.000 0.075 
317.000 0.075 
318.000 0.075 
319.000 0.076 
320.000 0.076 
321.000 0.077 
322.000 0.077 
323.000 0.077 
324.000 0.078 
325.000 0.078 
326.000 0.079 
327.000 0.079 
328.000 0.080 
329.000 0.080 
330.000 0.080 
331.000 0.081 
332.000 0.081 
333.000 0.082 
334.000 0.082 
335.000 0.082 
336.000 0.083 
337.000 0.083 
338.000 0.084 
339.000 0.084 
340.000 0.085 
341.000 0.085 
342.000 0.085 
343.000 0.086 
344.000 0.086 
345.000 0.087 
346.000 0.087 
347.000 0.088 
348.000 0.088 
349.000 0.088 
350.000 0.089 
351.000 0.089 
352.000 0.090 
353.000 0.090 
354.000 0.091 
355.000 0.091 
356.000 0.092 
357.000 0.092 
358.000 0.092 
359.000 0.093 
360.000 0.093 
361.000 0.878 
362.000 0.177 
363.000 0.326 
364.000 0.284 
365.000 0.303 
366.000 0.219 
367.000 0.188 
368.000 0.183 
369.000 0.181 
370.000 0.181 
371.000 0.207 
372.000 0.243 
373.000 0.270 
374.000 0.288 
375.000 0.300 
376.000 0.304 
377.000 0.301 
378.000 0.293 
379.000 0.282 
380.000 0.270 
381.000 0.259 
382.000 0.251 
383.000 0.248 
384.000 0.251 
385.000 0.260 
386.000 0.272 
387.000 0.285 
388.000 0.298 
389.000 0.307 
390.000 0.314 
391.000 0.316 
392.000 0.315 
393.000 0.311 
394.000 0.306 
395.000 0.300 
396.000 0.294 
397.000 0.290 
398.000 0.289 
399.000 0.291 
400.000 0.297 
401.000 0.305 
402.000 0.315 
403.000 0.324 
404.000 0.333 
405.000 0.339 
406.000 0.342 
407.000 0.343 
408.000 0.341 
409.000 0.337 
410.000 0.332 
411.000 0.326 
412.000 0.321 
413.000 0.317 
414.000 0.317 
415.000 0.320 
416.000 0.325 
417.000 0.334 
418.000 0.344 
419.000 0.355 
420.000 0.364 
421.000 0.371 
422.000 0.375 
423.000 0.376 
424.000 0.373 
425.000 0.368 
426.000 0.359 
427.000 0.350 
428.000 0.340 
429.000 0.331 
430.000 0.326 
431.000 0.325 
432.000 0.330 
433.000 0.341 
434.000 0.356 
435.000 0.374 
436.000 0.392 
437.000 0.407 
438.000 0.417 
439.000 0.423 
440.000 0.422 
441.000 0.416 
442.000 0.403 
443.000 0.385 
444.000 0.361 
445.000 0.334 
446.000 0.307 
447.000 0.284 
448.000 0.271 
449.000 0.275 
450.000 0.298 
451.000 0.338 
452.000 0.388 
453.000 0.436 
454.000 0.475 
455.000 0.501 
456.000 0.516 
457.000 0.521 
458.000 0.515 
459.000 0.499 
460.000 0.469 
461.000 0.421 
462.000 0.352 
463.000 0.257 
464.000 0.137 
465.000 0.001 
466.000 -0.116 
467.000 -0.046 
468.000 0.077 
469.000 0.283 
470.000 0.488 
471.000 0.579 
472.000 0.608 
473.000 0.625 
474.000 0.635 
475.000 0.636 
476.000 0.629 
477.000 0.615 
478.000 0.598 
479.000 0.574 
480.000 0.519 
481.000 0.985 
482.000 0.804 
483.000 0.819 
484.000 0.836 
485.000 0.858 
486.000 0.863 
487.000 0.863 
488.000 0.863 
489.000 0.859 
490.000 0.853 
491.000 0.844 
492.000 0.834 
493.000 0.824 
494.000 0.813 
495.000 0.803 
496.000 0.794 
497.000 0.785 
498.000 0.778 
499.000 0.773 
500.000 0.769 
501.000 0.767 
502.000 0.766 
503.000 0.767 
504.000 0.770 
505.000 0.773 
506.000 0.777 
507.000 0.781 
508.000 0.786 
509.000 0.791 
510.000 0.796 
511.000 0.800 
512.000 0.804 
513.000 0.807 
514.000 0.809 
515.000 0.811 
516.000 0.812 
517.000 0.812 
518.000 0.812 
519.000 0.811 
520.000 0.810 
521.000 0.809 
522.000 0.807 
523.000 0.805 
524.000 0.803 
525.000 0.802 
526.000 0.800 
527.000 0.798 
528.000 0.797 
529.000 0.796 
530.000 0.795 
531.000 0.795 
532.000 0.795 
533.000 0.795 
534.000 0.795 
535.000 0.796 
536.000 0.796 
537.000 0.797 
538.000 0.798 
539.000 0.798 
540.000 0.799 
541.000 0.800 
542.000 0.800 
543.000 0.801 
544.000 0.801 
545.000 0.802 
546.000 0.802 
547.000 0.802 
548.000 0.802 
549.000 0.802 
550.000 0.802 
551.000 0.802 
552.000 0.801 
553.000 0.801 
554.000 0.801 
555.000 0.800 
556.000 0.800 
557.000 0.800 
558.000 0.800 
559.000 0.799 
560.000 0.799 
561.000 0.799 
562.000 0.799 
563.000 0.799 
564.000 0.799 
565.000 0.799 
566.000 0.799 
567.000 0.799 
568.000 0.800 
569.000 0.800 
570.000 0.800 
571.000 0.800 
572.000 0.800 
573.000 0.800 
574.000 0.800 
575.000 0.800 
576.000 0.800 
577.000 0.800 
578.000 0.800 
579.000 0.800 
580.000 0.800 
581.000 0.800 
582.000 0.800 
583.000 0.800 
584.000 0.800 
585.000 0.800 
586.000 0.800 
587.000 0.800 
588.000 0.800 
589.000 0.800 
590.000 0.800 
591.000 0.800 
592.000 0.800 
593.000 0.800 
594.000 0.800 
595.000 0.800 
596.000 0.800 
597.000 0.800 
598.000 0.800 
599.000 0.800 
600.000 0.800 
601.000 1.000 
602.000 1.000 
603.000 1.000 
604.000 1.000 
605.000 1.000 
606.000 1.000 
607.000 1.000 
608.000 1.000 
609.000 1.000 
610.000 1.000 
611.000 1.000 
612.000 1.000 
613.000 1.000 
614.000 1.000 
615.000 1.000 
616.000 1.000 
617.000 1.000 
618.000 1.000 
619.000 1.000 
620.000 1.000 
621.000 1.000 
622.000 1.000 
623.000 1.000 
624.000 1.000 
625.000 1.000 
626.000 1.000 
627.000 1.000 
628.000 1.000 
629.000 1.000 
630.000 1.000 
631.000 1.000 
632.000 1.000 
633.000 1.000 
634.000 1.000 
635.000 1.000 
636.000 1.000 
637.000 1.000 
638.000 1.000 
639.000 1.000 
640.000 1.000 
641.000 1.000 
642.000 1.000 
643.000 1.000 
644.000 1.000 
645.000 1.000 
646.000 1.000 
647.000 1.000 
648.000 1.000 
649.000 1.000 
650.000 1.000 
651.000 1.000 
652.000 1.000 
653.000 1.000 
654.000 1.000 
655.000 1.000 
656.000 1.000 
657.000 1.000 
658.000 1.000 
659.000 1.000 
660.000 1.000 
661.000 1.000 
662.000 1.000 
663.000 1.000 
664.000 1.000 
665.000 1.000 
666.000 1.000 
667.000 1.000 
668.000 1.000 
669.000 1.000 
670.000 1.000 
671.000 1.000 
672.000 1.000 
673.000 1.000 
674.000 1.000 
675.000 1.000 
676.000 1.000 
677.000 1.000 
678.000 1.000 
679.000 1.000 
680.000 1.000 
681.000 1.000 
682.000 1.000 
683.000 1.000 
684.000 1.000 
685.000 1.000 
686.000 1.000 
687.000 1.000 
688.000 1.000 
689.000 1.000 
690.000 1.000 
691.000 1.000 
692.000 1.000 
693.000 1.000 
694.000 1.000 
695.000 1.000 
696.000 1.000 
697.000 1.000 
698.000 1.000 
699.000 1.000 
700.000 1.000 
701.000 1.000 
702.000 1.000 
703.000 1.000 
704.000 1.000 
705.000 1.000 
706.000 1.000 
707.000 1.000 
708.000 1.000 
709.000 1.000 
710.000 1.000 
711.000 1.000 
712.000 1.000 
713.000 1.000 
714.000 1.000 
715.000 1.000 
716.000 1.000 
717.000 1.000 
718.000 1.000 
719.000 1.000 
720.000 1.000 
721.000 1.000 
722.000 1.000 
723.000 1.000 
724.000 1.000 
725.000 1.000 
726.000 1.000 
727.000 1.000 
728.000 1.000 
729.000 1.000 
730.000 1.000 
731.000 1.000 
732.000 1.000 
733.000 1.000 
734.000 1.000 
735.000 1.000 
736.000 1.000 
737.000 1.000 
738.000 1.000 
739.000 1.000 
740.000 1.000 
741.000 1.000 
742.000 1.000 
743.000 1.000 
744.000 1.000 
745.000 1.000 
746.000 1.000 
747.000 1.000 
748.000 1.000 
749.000 1.000 
750.000 1.000 
751.000 1.000 
752.000 1.000 
753.000 1.000 
754.000 1.000 
755.000 1.000 
756.000 1.000 
757.000 1.000 
758.000 1.000 
759.000 1.000 
760.000 1.000 
761.000 1.000 
762.000 1.000 
763.000 1.000 
764.000 1.000 
765.000 1.000 
766.000 1.000 
767.000 1.000 
768.000 1.000 
769.000 1.000 
770.000 1.000 
771.000 1.000 
772.000 1.000 
773.000 1.000 
774.000 1.000 
775.000 1.000 
776.000 1.000 
777.000 1.000 
778.000 1.000 
779.000 1.000 
780.000 1.000 
781.000 1.000 
782.000 1.000 
783.000 1.000 
784.000 1.000 
785.000 1.000 
786.000 1.000 
787.000 1.000 
788.000 1.000 
789.000 1.000 
790.000 1.000 
791.000 1.000 
792.000 1.000 
793.000 1.000 
794.000 1.000 
795.000 1.000 
796.000 1.000 
797.000 1.000 
798.000 1.000 
799.000 1.000 
800.000 1.000 
