1.000 0.000 
2.000 0.000 
3.000 0.000 
4.000 0.000 
5.000 0.000 
6.000 0.000 
7.000 -0.755 
8.000 -0.488 
9.000 -0.490 
10.000 -0.493 
11.000 -0.495 
12.000 -0.311 
13.000 -0.159 
14.000 -0.122 
15.000 -0.099 
16.000 -0.086 
17.000 -0.076 
18.000 -0.103 
19.000 -0.162 
20.000 -0.217 
21.000 -0.264 
22.000 -0.300 
23.000 -0.320 
24.000 -0.313 
25.000 -0.285 
26.000 -0.251 
27.000 -0.219 
28.000 -0.194 
29.000 -0.177 
30.000 -0.169 
31.000 -0.172 
32.000 -0.182 
33.000 -0.198 
34.000 -0.215 
35.000 -0.231 
36.000 -0.244 
37.000 -0.250 
38.000 -0.249 
39.000 -0.244 
40.000 -0.236 
41.000 -0.227 
42.000 -0.219 
43.000 -0.213 
44.000 -0.211 
45.000 -0.211 
46.000 -0.214 
47.000 -0.219 
48.000 -0.225 
49.000 -0.230 
50.000 -0.234 
51.000 -0.236 
52.000 -0.237 
53.000 -0.236 
54.000 -0.235 
55.000 -0.233 
56.000 -0.231 
57.000 -0.229 
58.000 -0.229 
59.000 -0.229 
60.000 -0.230 
61.000 -0.232 
62.000 -0.234 
63.000 -0.235 
64.000 -0.237 
65.000 -0.238 
66.000 -0.239 
67.000 -0.239 
68.000 -0.239 
69.000 -0.239 
70.000 -0.239 
71.000 -0.239 
72.000 -0.239 
73.000 -0.240 
74.000 -0.240 
75.000 -0.241 
76.000 -0.242 
77.000 -0.243 
78.000 -0.243 
79.000 -0.244 
80.000 -0.245 
81.000 -0.245 
82.000 -0.246 
83.000 -0.246 
84.000 -0.246 
85.000 -0.247 
86.000 -0.247 
87.000 -0.248 
88.000 -0.248 
89.000 -0.249 
90.000 -0.249 
91.000 -0.250 
92.000 -0.250 
93.000 -0.251 
94.000 -0.252 
95.000 -0.252 
96.000 -0.253 
97.000 -0.253 
98.000 -0.254 
99.000 -0.254 
100.000 -0.254 
101.000 -0.255 
102.000 -0.255 
103.000 -0.256 
104.000 -0.257 
105.000 -0.257 
106.000 -0.258 
107.000 -0.258 
108.000 -0.259 
109.000 -0.259 
110.000 -0.260 
111.000 -0.260 
112.000 -0.261 
113.000 -0.261 
114.000 -0.262 
115.000 -0.262 
116.000 -0.263 
117.000 -0.263 
118.000 -0.264 
119.000 -0.264 
120.000 -0.265 
121.000 0.059 
122.000 -0.055 
123.000 -0.056 
124.000 -0.055 
125.000 -0.055 
126.000 -0.076 
127.000 -0.174 
128.000 -0.218 
129.000 -0.244 
130.000 -0.260 
131.000 -0.262 
132.000 -0.233 
133.000 -0.183 
134.000 -0.141 
135.000 -0.109 
136.000 -0.087 
137.000 -0.075 
138.000 -0.077 
139.000 -0.094 
140.000 -0.121 
141.000 -0.153 
142.000 -0.183 
143.000 -0.207 
144.000 -0.218 
145.000 -0.213 
146.000 -0.196 
147.000 -0.172 
148.000 -0.146 
149.000 -0.125 
150.000 -0.110 
151.000 -0.103 
152.000 -0.106 
153.000 -0.116 
154.000 -0.132 
155.000 -0.152 
156.000 -0.170 
157.000 -0.184 
158.000 -0.190 
159.000 -0.187 
160.000 -0.178 
161.000 -0.164 
162.000 -0.149 
163.000 -0.136 
164.000 -0.126 
165.000 -0.122 
166.000 -0.124 
167.000 -0.130 
168.000 -0.140 
169.000 -0.152 
170.000 -0.163 
171.000 -0.171 
172.000 -0.174 
173.000 -0.173 
174.000 -0.167 
175.000 -0.159 
176.000 -0.151 
177.000 -0.143 
178.000 -0.137 
179.000 -0.135 
180.000 -0.136 
181.000 -0.140 
182.000 -0.146 
183.000 -0.153 
184.000 -0.159 
185.000 -0.163 
186.000 -0.165 
187.000 -0.165 
188.000 -0.162 
189.000 -0.157 
190.000 -0.152 
191.000 -0.147 
192.000 -0.144 
193.000 -0.143 
194.000 -0.143 
195.000 -0.146 
196.000 -0.149 
197.000 -0.153 
198.000 -0.157 
199.000 -0.160 
200.000 -0.161 
201.000 -0.161 
202.000 -0.159 
203.000 -0.156 
204.000 -0.153 
205.000 -0.151 
206.000 -0.149 
207.000 -0.148 
208.000 -0.149 
209.000 -0.150 
210.000 -0.152 
211.000 -0.154 
212.000 -0.156 
213.000 -0.158 
214.000 -0.159 
215.000 -0.159 
216.000 -0.158 
217.000 -0.156 
218.000 -0.155 
219.000 -0.153 
220.000 -0.152 
221.000 -0.152 
222.000 -0.152 
223.000 -0.153 
224.000 -0.154 
225.000 -0.155 
226.000 -0.156 
227.000 -0.157 
228.000 -0.158 
229.000 -0.158 
230.000 -0.157 
231.000 -0.157 
232.000 -0.156 
233.000 -0.155 
234.000 -0.154 
235.000 -0.154 
236.000 -0.154 
237.000 -0.155 
238.000 -0.155 
239.000 -0.156 
240.000 -0.157 
241.000 1.000 
242.000 0.074 
243.000 0.886 
244.000 0.079 
245.000 0.879 
246.000 -0.063 
247.000 0.123 
248.000 -0.535 
249.000 -0.774 
250.000 -1.000 
251.000 -1.000 
252.000 -0.607 
253.000 0.183 
254.000 0.538 
255.000 0.266 
256.000 0.631 
257.000 0.148 
258.000 0.793 
259.000 0.029 
260.000 0.507 
261.000 -0.180 
262.000 -0.423 
263.000 -1.000 
264.000 -0.975 
265.000 -1.000 
266.000 -0.466 
267.000 0.270 
268.000 0.511 
269.000 0.313 
270.000 0.569 
271.000 0.201 
272.000 0.714 
273.000 0.015 
274.000 0.416 
275.000 -0.201 
276.000 -0.553 
277.000 -1.000 
278.000 -0.976 
279.000 -1.000 
280.000 -0.317 
281.000 0.395 
282.000 0.427 
283.000 0.429 
284.000 0.413 
285.000 0.431 
286.000 0.377 
287.000 0.320 
288.000 0.076 
289.000 -0.276 
290.000 -0.838 
291.000 -1.000 
292.000 -1.000 
293.000 -1.000 
294.000 -0.215 
295.000 0.506 
296.000 0.335 
297.000 0.554 
298.000 0.246 
299.000 0.667 
300.000 0.119 
301.000 0.652 
302.000 -0.129 
303.000 -0.261 
304.000 -0.926 
305.000 -0.999 
306.000 -1.000 
307.000 -0.758 
308.000 0.044 
309.000 0.623 
310.000 0.225 
311.000 0.701 
312.000 0.182 
313.000 0.758 
314.000 0.078 
315.000 0.590 
316.000 -0.156 
317.000 -0.403 
318.000 -1.000 
319.000 -1.000 
320.000 -1.000 
321.000 -0.643 
322.000 0.196 
323.000 0.588 
324.000 0.246 
325.000 0.675 
326.000 0.186 
327.000 0.752 
328.000 0.061 
329.000 0.541 
330.000 -0.156 
331.000 -0.457 
332.000 -1.000 
333.000 -1.000 
334.000 -1.000 
335.000 -0.558 
336.000 0.269 
337.000 0.554 
338.000 0.293 
339.000 0.616 
340.000 0.192 
341.000 0.742 
342.000 0.053 
343.000 0.479 
344.000 -0.162 
345.000 -0.490 
346.000 -1.000 
347.000 -1.000 
348.000 -1.000 
349.000 -0.455 
350.000 0.342 
351.000 0.510 
352.000 0.354 
353.000 0.539 
354.000 0.282 
355.000 0.616 
356.000 0.043 
357.000 0.402 
358.000 -0.182 
359.000 -0.646 
360.000 -1.000 
361.000 1.000 
362.000 0.135 
363.000 0.854 
364.000 0.492 
365.000 0.601 
366.000 0.496 
367.000 0.449 
368.000 0.389 
369.000 0.373 
370.000 0.286 
371.000 0.036 
372.000 -0.272 
373.000 -0.491 
374.000 -0.515 
375.000 -0.268 
376.000 0.620 
377.000 0.512 
378.000 0.632 
379.000 0.550 
380.000 0.567 
381.000 0.490 
382.000 0.424 
383.000 0.395 
384.000 0.356 
385.000 0.208 
386.000 -0.044 
387.000 -0.376 
388.000 -0.525 
389.000 -0.472 
390.000 -0.010 
391.000 1.000 
392.000 0.586 
393.000 0.615 
394.000 0.579 
395.000 0.586 
396.000 0.418 
397.000 0.431 
398.000 0.316 
399.000 0.296 
400.000 -0.118 
401.000 -0.550 
402.000 -0.778 
403.000 -0.650 
404.000 -0.315 
405.000 1.000 
406.000 0.654 
407.000 0.659 
408.000 0.623 
409.000 0.595 
410.000 0.479 
411.000 0.389 
412.000 0.400 
413.000 0.205 
414.000 -0.140 
415.000 -0.722 
416.000 -0.918 
417.000 -0.923 
418.000 -0.385 
419.000 1.000 
420.000 0.708 
421.000 0.700 
422.000 0.660 
423.000 0.633 
424.000 0.522 
425.000 0.363 
426.000 0.449 
427.000 0.138 
428.000 -0.235 
429.000 -0.955 
430.000 -1.000 
431.000 -1.000 
432.000 -0.421 
433.000 1.000 
434.000 0.761 
435.000 0.735 
436.000 0.688 
437.000 0.659 
438.000 0.553 
439.000 0.344 
440.000 0.481 
441.000 0.077 
442.000 -0.377 
443.000 -1.000 
444.000 -1.000 
445.000 -1.000 
446.000 -0.379 
447.000 1.000 
448.000 0.797 
449.000 0.758 
450.000 0.710 
451.000 0.684 
452.000 0.572 
453.000 0.333 
454.000 0.498 
455.000 0.040 
456.000 -0.522 
457.000 -1.000 
458.000 -1.000 
459.000 -1.000 
460.000 -0.360 
461.000 1.000 
462.000 0.828 
463.000 0.780 
464.000 0.731 
465.000 0.708 
466.000 0.592 
467.000 0.323 
468.000 0.516 
469.000 0.013 
470.000 -0.654 
471.000 -1.000 
472.000 -1.000 
473.000 -1.000 
474.000 -0.359 
475.000 1.000 
476.000 0.857 
477.000 0.801 
478.000 0.752 
479.000 0.728 
480.000 0.613 
481.000 1.000 
482.000 1.000 
483.000 0.977 
484.000 0.867 
485.000 0.830 
486.000 0.688 
487.000 0.507 
488.000 0.455 
489.000 0.447 
490.000 0.432 
491.000 0.493 
492.000 0.590 
493.000 0.750 
494.000 0.957 
495.000 1.000 
496.000 1.000 
497.000 1.000 
498.000 1.000 
499.000 1.000 
500.000 0.851 
501.000 0.676 
502.000 0.519 
503.000 0.463 
504.000 0.426 
505.000 0.399 
506.000 0.399 
507.000 0.685 
508.000 0.787 
509.000 1.000 
510.000 1.000 
511.000 1.000 
512.000 1.000 
513.000 1.000 
514.000 1.000 
515.000 0.937 
516.000 0.761 
517.000 0.604 
518.000 0.463 
519.000 0.491 
520.000 0.384 
521.000 0.332 
522.000 0.490 
523.000 0.779 
524.000 0.956 
525.000 1.000 
526.000 1.000 
527.000 1.000 
528.000 1.000 
529.000 1.000 
530.000 1.000 
531.000 0.942 
532.000 0.773 
533.000 0.623 
534.000 0.489 
535.000 0.489 
536.000 0.374 
537.000 0.275 
538.000 0.385 
539.000 0.838 
540.000 0.986 
541.000 1.000 
542.000 1.000 
543.000 1.000 
544.000 1.000 
545.000 1.000 
546.000 1.000 
547.000 1.000 
548.000 0.896 
549.000 0.739 
550.000 0.601 
551.000 0.480 
552.000 0.500 
553.000 0.322 
554.000 0.182 
555.000 0.343 
556.000 0.920 
557.000 1.000 
558.000 1.000 
559.000 1.000 
560.000 1.000 
561.000 1.000 
562.000 1.000 
563.000 1.000 
564.000 1.000 
565.000 1.000 
566.000 0.871 
567.000 0.726 
568.000 0.599 
569.000 0.490 
570.000 0.440 
571.000 0.246 
572.000 -0.004 
573.000 0.087 
574.000 0.991 
575.000 1.000 
576.000 1.000 
577.000 1.000 
578.000 1.000 
579.000 1.000 
580.000 1.000 
581.000 1.000 
582.000 1.000 
583.000 1.000 
584.000 1.000 
585.000 0.970 
586.000 0.823 
587.000 0.695 
588.000 0.586 
589.000 0.503 
590.000 0.349 
591.000 0.007 
592.000 -0.578 
593.000 0.039 
594.000 1.000 
595.000 1.000 
596.000 1.000 
597.000 1.000 
598.000 1.000 
599.000 1.000 
600.000 1.000 
601.000 1.000 
602.000 1.000 
603.000 1.000 
604.000 1.000 
605.000 1.000 
606.000 1.000 
607.000 1.000 
608.000 1.000 
609.000 1.000 
610.000 1.000 
611.000 1.000 
612.000 1.000 
613.000 1.000 
614.000 1.000 
615.000 1.000 
616.000 1.000 
617.000 1.000 
618.000 1.000 
619.000 1.000 
620.000 1.000 
621.000 1.000 
622.000 1.000 
623.000 1.000 
624.000 1.000 
625.000 1.000 
626.000 1.000 
627.000 1.000 
628.000 1.000 
629.000 1.000 
630.000 1.000 
631.000 1.000 
632.000 1.000 
633.000 1.000 
634.000 1.000 
635.000 1.000 
636.000 1.000 
637.000 1.000 
638.000 1.000 
639.000 1.000 
640.000 1.000 
641.000 1.000 
642.000 1.000 
643.000 1.000 
644.000 1.000 
645.000 1.000 
646.000 1.000 
647.000 1.000 
648.000 1.000 
649.000 1.000 
650.000 1.000 
651.000 1.000 
652.000 1.000 
653.000 1.000 
654.000 1.000 
655.000 1.000 
656.000 1.000 
657.000 1.000 
658.000 1.000 
659.000 1.000 
660.000 1.000 
661.000 1.000 
662.000 1.000 
663.000 1.000 
664.000 1.000 
665.000 1.000 
666.000 1.000 
667.000 1.000 
668.000 1.000 
669.000 1.000 
670.000 1.000 
671.000 1.000 
672.000 1.000 
673.000 1.000 
674.000 1.000 
675.000 1.000 
676.000 1.000 
677.000 1.000 
678.000 1.000 
679.000 1.000 
680.000 1.000 
681.000 1.000 
682.000 1.000 
683.000 1.000 
684.000 1.000 
685.000 1.000 
686.000 1.000 
687.000 1.000 
688.000 1.000 
689.000 1.000 
690.000 1.000 
691.000 1.000 
692.000 1.000 
693.000 1.000 
694.000 1.000 
695.000 1.000 
696.000 1.000 
697.000 1.000 
698.000 1.000 
699.000 1.000 
700.000 1.000 
701.000 1.000 
702.000 1.000 
703.000 1.000 
704.000 1.000 
705.000 1.000 
706.000 1.000 
707.000 1.000 
708.000 1.000 
709.000 1.000 
710.000 1.000 
711.000 1.000 
712.000 1.000 
713.000 1.000 
714.000 1.000 
715.000 1.000 
716.000 1.000 
717.000 1.000 
718.000 1.000 
719.000 1.000 
720.000 1.000 
721.000 1.000 
722.000 1.000 
723.000 1.000 
724.000 1.000 
725.000 1.000 
726.000 1.000 
727.000 1.000 
728.000 1.000 
729.000 1.000 
730.000 1.000 
731.000 1.000 
732.000 1.000 
733.000 1.000 
734.000 1.000 
735.000 1.000 
736.000 1.000 
737.000 1.000 
738.000 1.000 
739.000 1.000 
740.000 1.000 
741.000 1.000 
742.000 1.000 
743.000 1.000 
744.000 1.000 
745.000 1.000 
746.000 1.000 
747.000 1.000 
748.000 1.000 
749.000 1.000 
750.000 1.000 
751.000 1.000 
752.000 1.000 
753.000 1.000 
754.000 1.000 
755.000 1.000 
756.000 1.000 
757.000 1.000 
758.000 1.000 
759.000 1.000 
760.000 1.000 
761.000 1.000 
762.000 1.000 
763.000 1.000 
764.000 1.000 
765.000 1.000 
766.000 1.000 
767.000 1.000 
768.000 1.000 
769.000 1.000 
770.000 1.000 
771.000 1.000 
772.000 1.000 
773.000 1.000 
774.000 1.000 
775.000 1.000 
776.000 1.000 
777.000 1.000 
778.000 1.000 
779.000 1.000 
780.000 1.000 
781.000 1.000 
782.000 1.000 
783.000 1.000 
784.000 1.000 
785.000 1.000 
786.000 1.000 
787.000 1.000 
788.000 1.000 
789.000 1.000 
790.000 1.000 
791.000 1.000 
792.000 1.000 
793.000 1.000 
794.000 1.000 
795.000 1.000 
796.000 1.000 
797.000 1.000 
798.000 1.000 
799.000 1.000 
800.000 1.000 
