1.000 0.000 
2.000 0.000 
3.000 0.000 
4.000 0.000 
5.000 0.000 
6.000 0.000 
7.000 -0.811 
8.000 -0.431 
9.000 -0.433 
10.000 -0.435 
11.000 -0.438 
12.000 -0.228 
13.000 -0.083 
14.000 -0.089 
15.000 -0.087 
16.000 -0.084 
17.000 -0.078 
18.000 -0.125 
19.000 -0.200 
20.000 -0.246 
21.000 -0.274 
22.000 -0.293 
23.000 -0.293 
24.000 -0.266 
25.000 -0.228 
26.000 -0.197 
27.000 -0.175 
28.000 -0.161 
29.000 -0.155 
30.000 -0.160 
31.000 -0.173 
32.000 -0.190 
33.000 -0.207 
34.000 -0.221 
35.000 -0.230 
36.000 -0.233 
37.000 -0.229 
38.000 -0.221 
39.000 -0.212 
40.000 -0.204 
41.000 -0.198 
42.000 -0.195 
43.000 -0.195 
44.000 -0.198 
45.000 -0.203 
46.000 -0.208 
47.000 -0.213 
48.000 -0.217 
49.000 -0.219 
50.000 -0.219 
51.000 -0.218 
52.000 -0.216 
53.000 -0.214 
54.000 -0.213 
55.000 -0.212 
56.000 -0.211 
57.000 -0.212 
58.000 -0.214 
59.000 -0.215 
60.000 -0.217 
61.000 -0.219 
62.000 -0.220 
63.000 -0.221 
64.000 -0.221 
65.000 -0.221 
66.000 -0.221 
67.000 -0.221 
68.000 -0.221 
69.000 -0.221 
70.000 -0.221 
71.000 -0.222 
72.000 -0.223 
73.000 -0.224 
74.000 -0.224 
75.000 -0.225 
76.000 -0.226 
77.000 -0.226 
78.000 -0.227 
79.000 -0.227 
80.000 -0.227 
81.000 -0.228 
82.000 -0.228 
83.000 -0.228 
84.000 -0.229 
85.000 -0.229 
86.000 -0.230 
87.000 -0.231 
88.000 -0.231 
89.000 -0.232 
90.000 -0.232 
91.000 -0.233 
92.000 -0.233 
93.000 -0.234 
94.000 -0.234 
95.000 -0.235 
96.000 -0.235 
97.000 -0.235 
98.000 -0.236 
99.000 -0.236 
100.000 -0.237 
101.000 -0.237 
102.000 -0.238 
103.000 -0.238 
104.000 -0.239 
105.000 -0.239 
106.000 -0.240 
107.000 -0.240 
108.000 -0.241 
109.000 -0.241 
110.000 -0.242 
111.000 -0.242 
112.000 -0.243 
113.000 -0.243 
114.000 -0.244 
115.000 -0.244 
116.000 -0.245 
117.000 -0.245 
118.000 -0.246 
119.000 -0.246 
120.000 -0.246 
121.000 0.101 
122.000 -0.057 
123.000 -0.062 
124.000 -0.062 
125.000 -0.061 
126.000 -0.097 
127.000 -0.204 
128.000 -0.225 
129.000 -0.234 
130.000 -0.237 
131.000 -0.228 
132.000 -0.188 
133.000 -0.137 
134.000 -0.106 
135.000 -0.088 
136.000 -0.079 
137.000 -0.078 
138.000 -0.093 
139.000 -0.120 
140.000 -0.149 
141.000 -0.174 
142.000 -0.192 
143.000 -0.199 
144.000 -0.192 
145.000 -0.174 
146.000 -0.152 
147.000 -0.131 
148.000 -0.115 
149.000 -0.106 
150.000 -0.104 
151.000 -0.111 
152.000 -0.123 
153.000 -0.139 
154.000 -0.155 
155.000 -0.167 
156.000 -0.174 
157.000 -0.173 
158.000 -0.166 
159.000 -0.154 
160.000 -0.142 
161.000 -0.132 
162.000 -0.124 
163.000 -0.122 
164.000 -0.123 
165.000 -0.129 
166.000 -0.138 
167.000 -0.147 
168.000 -0.155 
169.000 -0.160 
170.000 -0.161 
171.000 -0.159 
172.000 -0.153 
173.000 -0.147 
174.000 -0.140 
175.000 -0.135 
176.000 -0.133 
177.000 -0.133 
178.000 -0.135 
179.000 -0.139 
180.000 -0.144 
181.000 -0.149 
182.000 -0.153 
183.000 -0.154 
184.000 -0.154 
185.000 -0.152 
186.000 -0.148 
187.000 -0.145 
188.000 -0.142 
189.000 -0.140 
190.000 -0.139 
191.000 -0.140 
192.000 -0.142 
193.000 -0.144 
194.000 -0.147 
195.000 -0.150 
196.000 -0.151 
197.000 -0.151 
198.000 -0.151 
199.000 -0.149 
200.000 -0.147 
201.000 -0.145 
202.000 -0.144 
203.000 -0.143 
204.000 -0.143 
205.000 -0.144 
206.000 -0.146 
207.000 -0.147 
208.000 -0.149 
209.000 -0.150 
210.000 -0.150 
211.000 -0.150 
212.000 -0.149 
213.000 -0.148 
214.000 -0.148 
215.000 -0.147 
216.000 -0.146 
217.000 -0.146 
218.000 -0.146 
219.000 -0.147 
220.000 -0.148 
221.000 -0.149 
222.000 -0.149 
223.000 -0.150 
224.000 -0.150 
225.000 -0.150 
226.000 -0.149 
227.000 -0.149 
228.000 -0.149 
229.000 -0.148 
230.000 -0.148 
231.000 -0.148 
232.000 -0.149 
233.000 -0.149 
234.000 -0.149 
235.000 -0.150 
236.000 -0.150 
237.000 -0.150 
238.000 -0.150 
239.000 -0.150 
240.000 -0.150 
241.000 1.000 
242.000 0.077 
243.000 0.796 
244.000 0.081 
245.000 0.801 
246.000 -0.040 
247.000 -0.023 
248.000 -0.665 
249.000 -0.709 
250.000 -1.000 
251.000 -0.813 
252.000 -0.222 
253.000 0.489 
254.000 0.284 
255.000 0.599 
256.000 0.147 
257.000 0.790 
258.000 0.093 
259.000 0.481 
260.000 -0.098 
261.000 -0.288 
262.000 -0.940 
263.000 -0.921 
264.000 -1.000 
265.000 -0.483 
266.000 0.254 
267.000 0.502 
268.000 0.305 
269.000 0.572 
270.000 0.188 
271.000 0.732 
272.000 0.036 
273.000 0.267 
274.000 -0.247 
275.000 -0.562 
276.000 -1.000 
277.000 -0.913 
278.000 -0.771 
279.000 0.007 
280.000 0.592 
281.000 0.184 
282.000 0.745 
283.000 0.154 
284.000 0.787 
285.000 0.079 
286.000 0.460 
287.000 -0.128 
288.000 -0.438 
289.000 -1.000 
290.000 -0.995 
291.000 -1.000 
292.000 -0.411 
293.000 0.385 
294.000 0.419 
295.000 0.430 
296.000 0.406 
297.000 0.433 
298.000 0.380 
299.000 0.287 
300.000 0.060 
301.000 -0.327 
302.000 -0.839 
303.000 -1.000 
304.000 -1.000 
305.000 -0.836 
306.000 0.109 
307.000 0.611 
308.000 0.193 
309.000 0.736 
310.000 0.167 
311.000 0.775 
312.000 0.087 
313.000 0.467 
314.000 -0.122 
315.000 -0.449 
316.000 -1.000 
317.000 -1.000 
318.000 -1.000 
319.000 -0.424 
320.000 0.399 
321.000 0.419 
322.000 0.438 
323.000 0.403 
324.000 0.444 
325.000 0.372 
326.000 0.309 
327.000 0.062 
328.000 -0.313 
329.000 -0.835 
330.000 -1.000 
331.000 -1.000 
332.000 -0.859 
333.000 0.101 
334.000 0.629 
335.000 0.204 
336.000 0.725 
337.000 0.178 
338.000 0.764 
339.000 0.097 
340.000 0.471 
341.000 -0.113 
342.000 -0.447 
343.000 -1.000 
344.000 -1.000 
345.000 -1.000 
346.000 -0.443 
347.000 0.404 
348.000 0.427 
349.000 0.436 
350.000 0.413 
351.000 0.436 
352.000 0.392 
353.000 0.301 
354.000 0.082 
355.000 -0.294 
356.000 -0.818 
357.000 -1.000 
358.000 -1.000 
359.000 -0.891 
360.000 0.079 
361.000 1.000 
362.000 0.446 
363.000 0.582 
364.000 0.444 
365.000 0.600 
366.000 0.308 
367.000 0.561 
368.000 0.103 
369.000 0.533 
370.000 -0.085 
371.000 -0.151 
372.000 -0.469 
373.000 0.149 
374.000 0.157 
375.000 0.812 
376.000 0.418 
377.000 0.632 
378.000 0.488 
379.000 0.539 
380.000 0.377 
381.000 0.486 
382.000 0.251 
383.000 0.332 
384.000 -0.027 
385.000 -0.216 
386.000 -0.448 
387.000 -0.190 
388.000 0.061 
389.000 0.927 
390.000 0.454 
391.000 0.626 
392.000 0.510 
393.000 0.566 
394.000 0.393 
395.000 0.481 
396.000 0.276 
397.000 0.337 
398.000 -0.032 
399.000 -0.284 
400.000 -0.518 
401.000 -0.299 
402.000 -0.050 
403.000 1.000 
404.000 0.494 
405.000 0.622 
406.000 0.538 
407.000 0.571 
408.000 0.421 
409.000 0.455 
410.000 0.325 
411.000 0.284 
412.000 -0.048 
413.000 -0.381 
414.000 -0.583 
415.000 -0.446 
416.000 -0.086 
417.000 1.000 
418.000 0.540 
419.000 0.617 
420.000 0.562 
421.000 0.582 
422.000 0.445 
423.000 0.443 
424.000 0.358 
425.000 0.273 
426.000 -0.047 
427.000 -0.440 
428.000 -0.632 
429.000 -0.549 
430.000 -0.157 
431.000 1.000 
432.000 0.573 
433.000 0.622 
434.000 0.587 
435.000 0.588 
436.000 0.473 
437.000 0.429 
438.000 0.394 
439.000 0.258 
440.000 -0.043 
441.000 -0.496 
442.000 -0.677 
443.000 -0.651 
444.000 -0.218 
445.000 1.000 
446.000 0.603 
447.000 0.632 
448.000 0.613 
449.000 0.603 
450.000 0.494 
451.000 0.424 
452.000 0.413 
453.000 0.251 
454.000 -0.055 
455.000 -0.569 
456.000 -0.750 
457.000 -0.751 
458.000 -0.285 
459.000 1.000 
460.000 0.636 
461.000 0.659 
462.000 0.637 
463.000 0.625 
464.000 0.525 
465.000 0.409 
466.000 0.443 
467.000 0.220 
468.000 -0.103 
469.000 -0.706 
470.000 -0.867 
471.000 -0.901 
472.000 -0.323 
473.000 1.000 
474.000 0.675 
475.000 0.687 
476.000 0.662 
477.000 0.649 
478.000 0.552 
479.000 0.397 
480.000 0.467 
481.000 1.000 
482.000 0.937 
483.000 0.902 
484.000 0.962 
485.000 1.000 
486.000 0.887 
487.000 0.723 
488.000 0.591 
489.000 0.468 
490.000 0.473 
491.000 0.397 
492.000 0.498 
493.000 0.458 
494.000 0.651 
495.000 0.723 
496.000 0.921 
497.000 1.000 
498.000 1.000 
499.000 1.000 
500.000 1.000 
501.000 0.955 
502.000 0.800 
503.000 0.643 
504.000 0.498 
505.000 0.473 
506.000 0.416 
507.000 0.420 
508.000 0.473 
509.000 0.608 
510.000 0.704 
511.000 0.914 
512.000 1.000 
513.000 1.000 
514.000 1.000 
515.000 1.000 
516.000 1.000 
517.000 0.904 
518.000 0.746 
519.000 0.598 
520.000 0.465 
521.000 0.490 
522.000 0.390 
523.000 0.391 
524.000 0.564 
525.000 0.651 
526.000 0.818 
527.000 1.000 
528.000 1.000 
529.000 1.000 
530.000 1.000 
531.000 1.000 
532.000 1.000 
533.000 0.887 
534.000 0.734 
535.000 0.593 
536.000 0.471 
537.000 0.490 
538.000 0.363 
539.000 0.368 
540.000 0.589 
541.000 0.688 
542.000 0.876 
543.000 1.000 
544.000 1.000 
545.000 1.000 
546.000 1.000 
547.000 1.000 
548.000 1.000 
549.000 0.933 
550.000 0.781 
551.000 0.641 
552.000 0.514 
553.000 0.487 
554.000 0.395 
555.000 0.325 
556.000 0.469 
557.000 0.718 
558.000 0.849 
559.000 1.000 
560.000 1.000 
561.000 1.000 
562.000 1.000 
563.000 1.000 
564.000 1.000 
565.000 1.000 
566.000 0.878 
567.000 0.735 
568.000 0.605 
569.000 0.488 
570.000 0.497 
571.000 0.338 
572.000 0.290 
573.000 0.561 
574.000 0.769 
575.000 0.953 
576.000 1.000 
577.000 1.000 
578.000 1.000 
579.000 1.000 
580.000 1.000 
581.000 1.000 
582.000 1.000 
583.000 0.903 
584.000 0.761 
585.000 0.634 
586.000 0.520 
587.000 0.490 
588.000 0.348 
589.000 0.248 
590.000 0.440 
591.000 0.807 
592.000 0.952 
593.000 1.000 
594.000 1.000 
595.000 1.000 
596.000 1.000 
597.000 1.000 
598.000 1.000 
599.000 1.000 
600.000 1.000 
601.000 1.000 
602.000 1.000 
603.000 1.000 
604.000 1.000 
605.000 1.000 
606.000 1.000 
607.000 1.000 
608.000 1.000 
609.000 0.970 
610.000 0.941 
611.000 0.918 
612.000 0.900 
613.000 0.887 
614.000 0.890 
615.000 0.911 
616.000 0.947 
617.000 0.993 
618.000 1.000 
619.000 1.000 
620.000 1.000 
621.000 1.000 
622.000 1.000 
623.000 1.000 
624.000 1.000 
625.000 1.000 
626.000 1.000 
627.000 1.000 
628.000 1.000 
629.000 0.986 
630.000 0.973 
631.000 0.962 
632.000 0.953 
633.000 0.946 
634.000 0.945 
635.000 0.952 
636.000 0.966 
637.000 0.985 
638.000 1.000 
639.000 1.000 
640.000 1.000 
641.000 1.000 
642.000 1.000 
643.000 1.000 
644.000 1.000 
645.000 1.000 
646.000 1.000 
647.000 0.996 
648.000 0.987 
649.000 0.979 
650.000 0.972 
651.000 0.966 
652.000 0.962 
653.000 0.963 
654.000 0.970 
655.000 0.980 
656.000 0.994 
657.000 1.000 
658.000 1.000 
659.000 1.000 
660.000 1.000 
661.000 1.000 
662.000 1.000 
663.000 1.000 
664.000 1.000 
665.000 1.000 
666.000 0.992 
667.000 0.986 
668.000 0.981 
669.000 0.976 
670.000 0.972 
671.000 0.972 
672.000 0.975 
673.000 0.982 
674.000 0.991 
675.000 1.000 
676.000 1.000 
677.000 1.000 
678.000 1.000 
679.000 1.000 
680.000 1.000 
681.000 1.000 
682.000 1.000 
683.000 1.000 
684.000 0.996 
685.000 0.991 
686.000 0.987 
687.000 0.983 
688.000 0.980 
689.000 0.979 
690.000 0.980 
691.000 0.985 
692.000 0.991 
693.000 0.999 
694.000 1.000 
695.000 1.000 
696.000 1.000 
697.000 1.000 
698.000 1.000 
699.000 1.000 
700.000 1.000 
701.000 1.000 
702.000 0.998 
703.000 0.994 
704.000 0.991 
705.000 0.988 
706.000 0.985 
707.000 0.984 
708.000 0.985 
709.000 0.988 
710.000 0.992 
711.000 0.998 
712.000 1.000 
713.000 1.000 
714.000 1.000 
715.000 1.000 
716.000 1.000 
717.000 1.000 
718.000 1.000 
719.000 1.000 
720.000 0.999 
721.000 0.996 
722.000 0.994 
723.000 0.991 
724.000 0.989 
725.000 0.988 
726.000 0.988 
727.000 0.990 
728.000 0.993 
729.000 0.997 
730.000 1.000 
731.000 1.000 
732.000 1.000 
733.000 1.000 
734.000 1.000 
735.000 1.000 
736.000 1.000 
737.000 1.000 
738.000 1.000 
739.000 0.998 
740.000 0.996 
741.000 0.994 
742.000 0.992 
743.000 0.991 
744.000 0.991 
745.000 0.992 
746.000 0.994 
747.000 0.997 
748.000 1.000 
749.000 1.000 
750.000 1.000 
751.000 1.000 
752.000 1.000 
753.000 1.000 
754.000 1.000 
755.000 1.000 
756.000 1.000 
757.000 0.999 
758.000 0.997 
759.000 0.996 
760.000 0.995 
761.000 0.994 
762.000 0.993 
763.000 0.994 
764.000 0.995 
765.000 0.997 
766.000 1.000 
767.000 1.000 
768.000 1.000 
769.000 1.000 
770.000 1.000 
771.000 1.000 
772.000 1.000 
773.000 1.000 
774.000 1.000 
775.000 0.999 
776.000 0.998 
777.000 0.997 
778.000 0.996 
779.000 0.995 
780.000 0.995 
781.000 0.995 
782.000 0.996 
783.000 0.997 
784.000 0.999 
785.000 1.000 
786.000 1.000 
787.000 1.000 
788.000 1.000 
789.000 1.000 
790.000 1.000 
791.000 1.000 
792.000 1.000 
793.000 1.000 
794.000 0.999 
795.000 0.998 
796.000 0.997 
797.000 0.997 
798.000 0.996 
799.000 0.996 
800.000 0.997 
