1.000 0.000 
2.000 0.000 
3.000 0.000 
4.000 0.000 
5.000 0.000 
6.000 0.000 
7.000 -0.156 
8.000 -0.053 
9.000 -0.053 
10.000 -0.053 
11.000 -0.053 
12.000 -0.042 
13.000 -0.034 
14.000 -0.037 
15.000 -0.039 
16.000 -0.041 
17.000 -0.042 
18.000 -0.044 
19.000 -0.046 
20.000 -0.046 
21.000 -0.046 
22.000 -0.046 
23.000 -0.046 
24.000 -0.045 
25.000 -0.045 
26.000 -0.045 
27.000 -0.045 
28.000 -0.045 
29.000 -0.046 
30.000 -0.046 
31.000 -0.046 
32.000 -0.046 
33.000 -0.046 
34.000 -0.047 
35.000 -0.047 
36.000 -0.047 
37.000 -0.047 
38.000 -0.047 
39.000 -0.047 
40.000 -0.047 
41.000 -0.048 
42.000 -0.048 
43.000 -0.048 
44.000 -0.048 
45.000 -0.048 
46.000 -0.048 
47.000 -0.048 
48.000 -0.049 
49.000 -0.049 
50.000 -0.049 
51.000 -0.049 
52.000 -0.049 
53.000 -0.049 
54.000 -0.049 
55.000 -0.050 
56.000 -0.050 
57.000 -0.050 
58.000 -0.050 
59.000 -0.050 
60.000 -0.050 
61.000 -0.050 
62.000 -0.050 
63.000 -0.051 
64.000 -0.051 
65.000 -0.051 
66.000 -0.051 
67.000 -0.051 
68.000 -0.051 
69.000 -0.051 
70.000 -0.052 
71.000 -0.052 
72.000 -0.052 
73.000 -0.052 
74.000 -0.052 
75.000 -0.052 
76.000 -0.052 
77.000 -0.053 
78.000 -0.053 
79.000 -0.053 
80.000 -0.053 
81.000 -0.053 
82.000 -0.053 
83.000 -0.053 
84.000 -0.054 
85.000 -0.054 
86.000 -0.054 
87.000 -0.054 
88.000 -0.054 
89.000 -0.054 
90.000 -0.054 
91.000 -0.055 
92.000 -0.055 
93.000 -0.055 
94.000 -0.055 
95.000 -0.055 
96.000 -0.055 
97.000 -0.055 
98.000 -0.055 
99.000 -0.056 
100.000 -0.056 
101.000 -0.056 
102.000 -0.056 
103.000 -0.056 
104.000 -0.056 
105.000 -0.056 
106.000 -0.057 
107.000 -0.057 
108.000 -0.057 
109.000 -0.057 
110.000 -0.057 
111.000 -0.057 
112.000 -0.057 
113.000 -0.058 
114.000 -0.058 
115.000 -0.058 
116.000 -0.058 
117.000 -0.058 
118.000 -0.058 
119.000 -0.058 
120.000 -0.058 
121.000 0.008 
122.000 -0.038 
123.000 -0.036 
124.000 -0.036 
125.000 -0.036 
126.000 -0.041 
127.000 -0.044 
128.000 -0.043 
129.000 -0.042 
130.000 -0.042 
131.000 -0.041 
132.000 -0.041 
133.000 -0.040 
134.000 -0.040 
135.000 -0.040 
136.000 -0.040 
137.000 -0.041 
138.000 -0.041 
139.000 -0.041 
140.000 -0.041 
141.000 -0.041 
142.000 -0.041 
143.000 -0.041 
144.000 -0.041 
145.000 -0.041 
146.000 -0.041 
147.000 -0.042 
148.000 -0.042 
149.000 -0.042 
150.000 -0.042 
151.000 -0.042 
152.000 -0.042 
153.000 -0.042 
154.000 -0.042 
155.000 -0.042 
156.000 -0.042 
157.000 -0.042 
158.000 -0.042 
159.000 -0.042 
160.000 -0.042 
161.000 -0.043 
162.000 -0.043 
163.000 -0.043 
164.000 -0.043 
165.000 -0.043 
166.000 -0.043 
167.000 -0.043 
168.000 -0.043 
169.000 -0.043 
170.000 -0.043 
171.000 -0.043 
172.000 -0.043 
173.000 -0.043 
174.000 -0.043 
175.000 -0.043 
176.000 -0.044 
177.000 -0.044 
178.000 -0.044 
179.000 -0.044 
180.000 -0.044 
181.000 -0.044 
182.000 -0.044 
183.000 -0.044 
184.000 -0.044 
185.000 -0.044 
186.000 -0.044 
187.000 -0.044 
188.000 -0.044 
189.000 -0.044 
190.000 -0.044 
191.000 -0.045 
192.000 -0.045 
193.000 -0.045 
194.000 -0.045 
195.000 -0.045 
196.000 -0.045 
197.000 -0.045 
198.000 -0.045 
199.000 -0.045 
200.000 -0.045 
201.000 -0.045 
202.000 -0.045 
203.000 -0.045 
204.000 -0.045 
205.000 -0.045 
206.000 -0.046 
207.000 -0.046 
208.000 -0.046 
209.000 -0.046 
210.000 -0.046 
211.000 -0.046 
212.000 -0.046 
213.000 -0.046 
214.000 -0.046 
215.000 -0.046 
216.000 -0.046 
217.000 -0.046 
218.000 -0.046 
219.000 -0.046 
220.000 -0.046 
221.000 -0.047 
222.000 -0.047 
223.000 -0.047 
224.000 -0.047 
225.000 -0.047 
226.000 -0.047 
227.000 -0.047 
228.000 -0.047 
229.000 -0.047 
230.000 -0.047 
231.000 -0.047 
232.000 -0.047 
233.000 -0.047 
234.000 -0.047 
235.000 -0.047 
236.000 -0.047 
237.000 -0.048 
238.000 -0.048 
239.000 -0.048 
240.000 -0.048 
241.000 0.331 
242.000 -0.059 
243.000 0.080 
244.000 0.048 
245.000 0.062 
246.000 0.026 
247.000 0.035 
248.000 0.039 
249.000 0.037 
250.000 0.039 
251.000 0.042 
252.000 0.045 
253.000 0.046 
254.000 0.047 
255.000 0.047 
256.000 0.047 
257.000 0.046 
258.000 0.046 
259.000 0.046 
260.000 0.046 
261.000 0.047 
262.000 0.047 
263.000 0.047 
264.000 0.048 
265.000 0.048 
266.000 0.049 
267.000 0.049 
268.000 0.049 
269.000 0.050 
270.000 0.050 
271.000 0.050 
272.000 0.050 
273.000 0.051 
274.000 0.051 
275.000 0.051 
276.000 0.052 
277.000 0.052 
278.000 0.052 
279.000 0.053 
280.000 0.053 
281.000 0.053 
282.000 0.054 
283.000 0.054 
284.000 0.054 
285.000 0.054 
286.000 0.055 
287.000 0.055 
288.000 0.055 
289.000 0.056 
290.000 0.056 
291.000 0.056 
292.000 0.057 
293.000 0.057 
294.000 0.057 
295.000 0.058 
296.000 0.058 
297.000 0.058 
298.000 0.059 
299.000 0.059 
300.000 0.059 
301.000 0.060 
302.000 0.060 
303.000 0.060 
304.000 0.061 
305.000 0.061 
306.000 0.061 
307.000 0.062 
308.000 0.062 
309.000 0.062 
310.000 0.063 
311.000 0.063 
312.000 0.063 
313.000 0.064 
314.000 0.064 
315.000 0.065 
316.000 0.065 
317.000 0.065 
318.000 0.066 
319.000 0.066 
320.000 0.066 
321.000 0.067 
322.000 0.067 
323.000 0.067 
324.000 0.068 
325.000 0.068 
326.000 0.068 
327.000 0.069 
328.000 0.069 
329.000 0.069 
330.000 0.070 
331.000 0.070 
332.000 0.071 
333.000 0.071 
334.000 0.071 
335.000 0.072 
336.000 0.072 
337.000 0.072 
338.000 0.073 
339.000 0.073 
340.000 0.073 
341.000 0.074 
342.000 0.074 
343.000 0.075 
344.000 0.075 
345.000 0.075 
346.000 0.076 
347.000 0.076 
348.000 0.076 
349.000 0.077 
350.000 0.077 
351.000 0.077 
352.000 0.078 
353.000 0.078 
354.000 0.079 
355.000 0.079 
356.000 0.079 
357.000 0.080 
358.000 0.080 
359.000 0.080 
360.000 0.081 
361.000 0.705 
362.000 0.144 
363.000 0.280 
364.000 0.247 
365.000 0.260 
366.000 0.207 
367.000 0.194 
368.000 0.192 
369.000 0.190 
370.000 0.190 
371.000 0.201 
372.000 0.216 
373.000 0.229 
374.000 0.238 
375.000 0.246 
376.000 0.250 
377.000 0.251 
378.000 0.250 
379.000 0.248 
380.000 0.245 
381.000 0.243 
382.000 0.241 
383.000 0.241 
384.000 0.242 
385.000 0.245 
386.000 0.249 
387.000 0.253 
388.000 0.257 
389.000 0.261 
390.000 0.265 
391.000 0.267 
392.000 0.269 
393.000 0.270 
394.000 0.271 
395.000 0.272 
396.000 0.272 
397.000 0.273 
398.000 0.274 
399.000 0.276 
400.000 0.278 
401.000 0.280 
402.000 0.283 
403.000 0.285 
404.000 0.288 
405.000 0.291 
406.000 0.293 
407.000 0.295 
408.000 0.297 
409.000 0.298 
410.000 0.300 
411.000 0.301 
412.000 0.302 
413.000 0.304 
414.000 0.305 
415.000 0.307 
416.000 0.309 
417.000 0.311 
418.000 0.313 
419.000 0.315 
420.000 0.317 
421.000 0.319 
422.000 0.321 
423.000 0.323 
424.000 0.325 
425.000 0.326 
426.000 0.328 
427.000 0.329 
428.000 0.330 
429.000 0.332 
430.000 0.333 
431.000 0.334 
432.000 0.336 
433.000 0.337 
434.000 0.339 
435.000 0.341 
436.000 0.343 
437.000 0.344 
438.000 0.346 
439.000 0.348 
440.000 0.349 
441.000 0.351 
442.000 0.352 
443.000 0.353 
444.000 0.354 
445.000 0.355 
446.000 0.356 
447.000 0.357 
448.000 0.358 
449.000 0.359 
450.000 0.360 
451.000 0.361 
452.000 0.362 
453.000 0.364 
454.000 0.365 
455.000 0.367 
456.000 0.368 
457.000 0.370 
458.000 0.371 
459.000 0.372 
460.000 0.373 
461.000 0.373 
462.000 0.374 
463.000 0.374 
464.000 0.374 
465.000 0.374 
466.000 0.375 
467.000 0.375 
468.000 0.376 
469.000 0.377 
470.000 0.378 
471.000 0.379 
472.000 0.381 
473.000 0.382 
474.000 0.384 
475.000 0.385 
476.000 0.386 
477.000 0.387 
478.000 0.387 
479.000 0.388 
480.000 0.387 
481.000 0.928 
482.000 0.783 
483.000 0.812 
484.000 0.840 
485.000 0.869 
486.000 0.884 
487.000 0.890 
488.000 0.894 
489.000 0.892 
490.000 0.887 
491.000 0.879 
492.000 0.869 
493.000 0.857 
494.000 0.844 
495.000 0.831 
496.000 0.818 
497.000 0.806 
498.000 0.795 
499.000 0.785 
500.000 0.777 
501.000 0.772 
502.000 0.767 
503.000 0.765 
504.000 0.765 
505.000 0.765 
506.000 0.768 
507.000 0.771 
508.000 0.774 
509.000 0.779 
510.000 0.783 
511.000 0.788 
512.000 0.792 
513.000 0.796 
514.000 0.800 
515.000 0.803 
516.000 0.805 
517.000 0.807 
518.000 0.808 
519.000 0.809 
520.000 0.809 
521.000 0.809 
522.000 0.809 
523.000 0.808 
524.000 0.807 
525.000 0.805 
526.000 0.804 
527.000 0.803 
528.000 0.802 
529.000 0.801 
530.000 0.800 
531.000 0.799 
532.000 0.798 
533.000 0.798 
534.000 0.797 
535.000 0.797 
536.000 0.797 
537.000 0.797 
538.000 0.797 
539.000 0.797 
540.000 0.798 
541.000 0.798 
542.000 0.799 
543.000 0.799 
544.000 0.799 
545.000 0.800 
546.000 0.800 
547.000 0.800 
548.000 0.801 
549.000 0.801 
550.000 0.801 
551.000 0.801 
552.000 0.801 
553.000 0.801 
554.000 0.801 
555.000 0.801 
556.000 0.801 
557.000 0.801 
558.000 0.800 
559.000 0.800 
560.000 0.800 
561.000 0.800 
562.000 0.800 
563.000 0.800 
564.000 0.800 
565.000 0.800 
566.000 0.800 
567.000 0.800 
568.000 0.800 
569.000 0.800 
570.000 0.800 
571.000 0.800 
572.000 0.800 
573.000 0.800 
574.000 0.800 
575.000 0.800 
576.000 0.800 
577.000 0.800 
578.000 0.800 
579.000 0.800 
580.000 0.800 
581.000 0.800 
582.000 0.800 
583.000 0.800 
584.000 0.800 
585.000 0.800 
586.000 0.800 
587.000 0.800 
588.000 0.800 
589.000 0.800 
590.000 0.800 
591.000 0.800 
592.000 0.800 
593.000 0.800 
594.000 0.800 
595.000 0.800 
596.000 0.800 
597.000 0.800 
598.000 0.800 
599.000 0.800 
600.000 0.800 
601.000 1.000 
602.000 0.981 
603.000 1.000 
604.000 1.000 
605.000 1.000 
606.000 1.000 
607.000 1.000 
608.000 1.000 
609.000 1.000 
610.000 1.000 
611.000 1.000 
612.000 1.000 
613.000 1.000 
614.000 1.000 
615.000 1.000 
616.000 1.000 
617.000 1.000 
618.000 1.000 
619.000 1.000 
620.000 1.000 
621.000 1.000 
622.000 1.000 
623.000 1.000 
624.000 1.000 
625.000 1.000 
626.000 1.000 
627.000 1.000 
628.000 1.000 
629.000 1.000 
630.000 1.000 
631.000 1.000 
632.000 1.000 
633.000 1.000 
634.000 1.000 
635.000 1.000 
636.000 1.000 
637.000 1.000 
638.000 1.000 
639.000 1.000 
640.000 1.000 
641.000 1.000 
642.000 1.000 
643.000 1.000 
644.000 1.000 
645.000 1.000 
646.000 1.000 
647.000 1.000 
648.000 1.000 
649.000 1.000 
650.000 1.000 
651.000 1.000 
652.000 1.000 
653.000 1.000 
654.000 1.000 
655.000 1.000 
656.000 1.000 
657.000 1.000 
658.000 1.000 
659.000 1.000 
660.000 1.000 
661.000 1.000 
662.000 1.000 
663.000 1.000 
664.000 1.000 
665.000 1.000 
666.000 1.000 
667.000 1.000 
668.000 1.000 
669.000 1.000 
670.000 1.000 
671.000 1.000 
672.000 1.000 
673.000 1.000 
674.000 1.000 
675.000 1.000 
676.000 1.000 
677.000 1.000 
678.000 1.000 
679.000 1.000 
680.000 1.000 
681.000 1.000 
682.000 1.000 
683.000 1.000 
684.000 1.000 
685.000 1.000 
686.000 1.000 
687.000 1.000 
688.000 1.000 
689.000 1.000 
690.000 1.000 
691.000 1.000 
692.000 1.000 
693.000 1.000 
694.000 1.000 
695.000 1.000 
696.000 1.000 
697.000 1.000 
698.000 1.000 
699.000 1.000 
700.000 1.000 
701.000 1.000 
702.000 1.000 
703.000 1.000 
704.000 1.000 
705.000 1.000 
706.000 1.000 
707.000 1.000 
708.000 1.000 
709.000 1.000 
710.000 1.000 
711.000 1.000 
712.000 1.000 
713.000 1.000 
714.000 1.000 
715.000 1.000 
716.000 1.000 
717.000 1.000 
718.000 1.000 
719.000 1.000 
720.000 1.000 
721.000 1.000 
722.000 1.000 
723.000 1.000 
724.000 1.000 
725.000 1.000 
726.000 1.000 
727.000 1.000 
728.000 1.000 
729.000 1.000 
730.000 1.000 
731.000 1.000 
732.000 1.000 
733.000 1.000 
734.000 1.000 
735.000 1.000 
736.000 1.000 
737.000 1.000 
738.000 1.000 
739.000 1.000 
740.000 1.000 
741.000 1.000 
742.000 1.000 
743.000 1.000 
744.000 1.000 
745.000 1.000 
746.000 1.000 
747.000 1.000 
748.000 1.000 
749.000 1.000 
750.000 1.000 
751.000 1.000 
752.000 1.000 
753.000 1.000 
754.000 1.000 
755.000 1.000 
756.000 1.000 
757.000 1.000 
758.000 1.000 
759.000 1.000 
760.000 1.000 
761.000 1.000 
762.000 1.000 
763.000 1.000 
764.000 1.000 
765.000 1.000 
766.000 1.000 
767.000 1.000 
768.000 1.000 
769.000 1.000 
770.000 1.000 
771.000 1.000 
772.000 1.000 
773.000 1.000 
774.000 1.000 
775.000 1.000 
776.000 1.000 
777.000 1.000 
778.000 1.000 
779.000 1.000 
780.000 1.000 
781.000 1.000 
782.000 1.000 
783.000 1.000 
784.000 1.000 
785.000 1.000 
786.000 1.000 
787.000 1.000 
788.000 1.000 
789.000 1.000 
790.000 1.000 
791.000 1.000 
792.000 1.000 
793.000 1.000 
794.000 1.000 
795.000 1.000 
796.000 1.000 
797.000 1.000 
798.000 1.000 
799.000 1.000 
800.000 1.000 
