1.000 0.000 
2.000 0.000 
3.000 0.000 
4.000 0.000 
5.000 0.000 
6.000 0.000 
7.000 -0.830 
8.000 -0.448 
9.000 -0.450 
10.000 -0.452 
11.000 -0.454 
12.000 -0.235 
13.000 -0.086 
14.000 -0.090 
15.000 -0.086 
16.000 -0.083 
17.000 -0.075 
18.000 -0.123 
19.000 -0.201 
20.000 -0.251 
21.000 -0.283 
22.000 -0.304 
23.000 -0.307 
24.000 -0.278 
25.000 -0.237 
26.000 -0.203 
27.000 -0.179 
28.000 -0.164 
29.000 -0.156 
30.000 -0.161 
31.000 -0.174 
32.000 -0.192 
33.000 -0.211 
34.000 -0.226 
35.000 -0.237 
36.000 -0.240 
37.000 -0.236 
38.000 -0.228 
39.000 -0.218 
40.000 -0.209 
41.000 -0.202 
42.000 -0.198 
43.000 -0.198 
44.000 -0.201 
45.000 -0.206 
46.000 -0.212 
47.000 -0.218 
48.000 -0.222 
49.000 -0.225 
50.000 -0.225 
51.000 -0.224 
52.000 -0.222 
53.000 -0.220 
54.000 -0.218 
55.000 -0.216 
56.000 -0.216 
57.000 -0.217 
58.000 -0.218 
59.000 -0.220 
60.000 -0.222 
61.000 -0.224 
62.000 -0.225 
63.000 -0.226 
64.000 -0.226 
65.000 -0.226 
66.000 -0.226 
67.000 -0.226 
68.000 -0.226 
69.000 -0.226 
70.000 -0.226 
71.000 -0.227 
72.000 -0.228 
73.000 -0.229 
74.000 -0.230 
75.000 -0.230 
76.000 -0.231 
77.000 -0.232 
78.000 -0.232 
79.000 -0.232 
80.000 -0.233 
81.000 -0.233 
82.000 -0.233 
83.000 -0.234 
84.000 -0.234 
85.000 -0.235 
86.000 -0.235 
87.000 -0.236 
88.000 -0.237 
89.000 -0.237 
90.000 -0.238 
91.000 -0.238 
92.000 -0.239 
93.000 -0.239 
94.000 -0.240 
95.000 -0.240 
96.000 -0.241 
97.000 -0.241 
98.000 -0.241 
99.000 -0.242 
100.000 -0.243 
101.000 -0.243 
102.000 -0.244 
103.000 -0.244 
104.000 -0.245 
105.000 -0.245 
106.000 -0.246 
107.000 -0.246 
108.000 -0.246 
109.000 -0.247 
110.000 -0.247 
111.000 -0.248 
112.000 -0.248 
113.000 -0.249 
114.000 -0.249 
115.000 -0.250 
116.000 -0.250 
117.000 -0.251 
118.000 -0.251 
119.000 -0.252 
120.000 -0.252 
121.000 0.103 
122.000 -0.056 
123.000 -0.061 
124.000 -0.060 
125.000 -0.060 
126.000 -0.095 
127.000 -0.208 
128.000 -0.233 
129.000 -0.243 
130.000 -0.247 
131.000 -0.238 
132.000 -0.195 
133.000 -0.142 
134.000 -0.107 
135.000 -0.087 
136.000 -0.077 
137.000 -0.075 
138.000 -0.090 
139.000 -0.118 
140.000 -0.150 
141.000 -0.179 
142.000 -0.200 
143.000 -0.208 
144.000 -0.202 
145.000 -0.182 
146.000 -0.158 
147.000 -0.134 
148.000 -0.116 
149.000 -0.105 
150.000 -0.102 
151.000 -0.108 
152.000 -0.122 
153.000 -0.139 
154.000 -0.157 
155.000 -0.172 
156.000 -0.180 
157.000 -0.180 
158.000 -0.173 
159.000 -0.160 
160.000 -0.146 
161.000 -0.133 
162.000 -0.124 
163.000 -0.121 
164.000 -0.122 
165.000 -0.128 
166.000 -0.138 
167.000 -0.148 
168.000 -0.158 
169.000 -0.165 
170.000 -0.167 
171.000 -0.165 
172.000 -0.159 
173.000 -0.151 
174.000 -0.143 
175.000 -0.137 
176.000 -0.133 
177.000 -0.132 
178.000 -0.135 
179.000 -0.140 
180.000 -0.146 
181.000 -0.152 
182.000 -0.156 
183.000 -0.159 
184.000 -0.159 
185.000 -0.156 
186.000 -0.152 
187.000 -0.148 
188.000 -0.144 
189.000 -0.141 
190.000 -0.140 
191.000 -0.140 
192.000 -0.143 
193.000 -0.146 
194.000 -0.149 
195.000 -0.152 
196.000 -0.154 
197.000 -0.155 
198.000 -0.154 
199.000 -0.153 
200.000 -0.150 
201.000 -0.148 
202.000 -0.146 
203.000 -0.145 
204.000 -0.145 
205.000 -0.146 
206.000 -0.147 
207.000 -0.149 
208.000 -0.151 
209.000 -0.153 
210.000 -0.153 
211.000 -0.153 
212.000 -0.153 
213.000 -0.151 
214.000 -0.150 
215.000 -0.149 
216.000 -0.148 
217.000 -0.148 
218.000 -0.148 
219.000 -0.149 
220.000 -0.150 
221.000 -0.151 
222.000 -0.152 
223.000 -0.153 
224.000 -0.153 
225.000 -0.153 
226.000 -0.152 
227.000 -0.152 
228.000 -0.151 
229.000 -0.150 
230.000 -0.150 
231.000 -0.150 
232.000 -0.150 
233.000 -0.151 
234.000 -0.152 
235.000 -0.152 
236.000 -0.153 
237.000 -0.153 
238.000 -0.153 
239.000 -0.153 
240.000 -0.153 
241.000 1.000 
242.000 0.081 
243.000 0.825 
244.000 0.085 
245.000 0.829 
246.000 -0.037 
247.000 -0.015 
248.000 -0.704 
249.000 -0.771 
250.000 -1.000 
251.000 -0.910 
252.000 -0.293 
253.000 0.482 
254.000 0.303 
255.000 0.576 
256.000 0.186 
257.000 0.736 
258.000 0.105 
259.000 0.523 
260.000 -0.090 
261.000 -0.306 
262.000 -0.967 
263.000 -0.962 
264.000 -1.000 
265.000 -0.579 
266.000 0.226 
267.000 0.539 
268.000 0.260 
269.000 0.637 
270.000 0.150 
271.000 0.789 
272.000 0.045 
273.000 0.338 
274.000 -0.212 
275.000 -0.515 
276.000 -1.000 
277.000 -0.972 
278.000 -0.939 
279.000 -0.136 
280.000 0.537 
281.000 0.256 
282.000 0.649 
283.000 0.164 
284.000 0.775 
285.000 0.106 
286.000 0.526 
287.000 -0.096 
288.000 -0.330 
289.000 -1.000 
290.000 -1.000 
291.000 -1.000 
292.000 -0.576 
293.000 0.262 
294.000 0.533 
295.000 0.281 
296.000 0.615 
297.000 0.163 
298.000 0.774 
299.000 0.053 
300.000 0.332 
301.000 -0.207 
302.000 -0.517 
303.000 -1.000 
304.000 -0.971 
305.000 -0.929 
306.000 -0.119 
307.000 0.564 
308.000 0.237 
309.000 0.680 
310.000 0.176 
311.000 0.762 
312.000 0.114 
313.000 0.535 
314.000 -0.091 
315.000 -0.353 
316.000 -1.000 
317.000 -1.000 
318.000 -1.000 
319.000 -0.597 
320.000 0.283 
321.000 0.533 
322.000 0.292 
323.000 0.605 
324.000 0.174 
325.000 0.762 
326.000 0.063 
327.000 0.343 
328.000 -0.190 
329.000 -0.511 
330.000 -1.000 
331.000 -0.976 
332.000 -0.952 
333.000 -0.141 
334.000 0.569 
335.000 0.243 
336.000 0.677 
337.000 0.188 
338.000 0.749 
339.000 0.127 
340.000 0.549 
341.000 -0.080 
342.000 -0.340 
343.000 -1.000 
344.000 -1.000 
345.000 -1.000 
346.000 -0.632 
347.000 0.273 
348.000 0.556 
349.000 0.273 
350.000 0.636 
351.000 0.185 
352.000 0.752 
353.000 0.075 
354.000 0.379 
355.000 -0.164 
356.000 -0.513 
357.000 -1.000 
358.000 -1.000 
359.000 -1.000 
360.000 -0.221 
361.000 1.000 
362.000 0.451 
363.000 0.588 
364.000 0.454 
365.000 0.584 
366.000 0.354 
367.000 0.509 
368.000 0.201 
369.000 0.500 
370.000 -0.055 
371.000 -0.174 
372.000 -0.474 
373.000 -0.119 
374.000 -0.121 
375.000 0.952 
376.000 0.422 
377.000 0.638 
378.000 0.497 
379.000 0.558 
380.000 0.397 
381.000 0.471 
382.000 0.285 
383.000 0.364 
384.000 -0.014 
385.000 -0.249 
386.000 -0.495 
387.000 -0.313 
388.000 -0.133 
389.000 0.919 
390.000 0.462 
391.000 0.631 
392.000 0.520 
393.000 0.569 
394.000 0.425 
395.000 0.459 
396.000 0.326 
397.000 0.372 
398.000 0.016 
399.000 -0.257 
400.000 -0.513 
401.000 -0.416 
402.000 -0.266 
403.000 0.767 
404.000 0.483 
405.000 0.638 
406.000 0.547 
407.000 0.571 
408.000 0.485 
409.000 0.442 
410.000 0.398 
411.000 0.387 
412.000 0.122 
413.000 -0.138 
414.000 -0.451 
415.000 -0.523 
416.000 -0.460 
417.000 0.317 
418.000 0.704 
419.000 0.568 
420.000 0.601 
421.000 0.561 
422.000 0.589 
423.000 0.435 
424.000 0.474 
425.000 0.330 
426.000 0.386 
427.000 0.008 
428.000 -0.326 
429.000 -0.597 
430.000 -0.484 
431.000 -0.332 
432.000 0.794 
433.000 0.553 
434.000 0.643 
435.000 0.603 
436.000 0.582 
437.000 0.530 
438.000 0.426 
439.000 0.442 
440.000 0.333 
441.000 0.133 
442.000 -0.247 
443.000 -0.576 
444.000 -0.698 
445.000 -0.501 
446.000 0.331 
447.000 0.741 
448.000 0.636 
449.000 0.634 
450.000 0.615 
451.000 0.616 
452.000 0.472 
453.000 0.453 
454.000 0.372 
455.000 0.293 
456.000 -0.078 
457.000 -0.597 
458.000 -0.824 
459.000 -0.745 
460.000 -0.345 
461.000 1.000 
462.000 0.654 
463.000 0.676 
464.000 0.654 
465.000 0.636 
466.000 0.542 
467.000 0.400 
468.000 0.457 
469.000 0.208 
470.000 -0.131 
471.000 -0.804 
472.000 -0.961 
473.000 -1.000 
474.000 -0.372 
475.000 1.000 
476.000 0.697 
477.000 0.705 
478.000 0.679 
479.000 0.663 
480.000 0.572 
481.000 1.000 
482.000 1.000 
483.000 1.000 
484.000 0.972 
485.000 0.929 
486.000 0.788 
487.000 0.607 
488.000 0.442 
489.000 0.486 
490.000 0.351 
491.000 0.515 
492.000 0.370 
493.000 0.691 
494.000 0.685 
495.000 0.933 
496.000 1.000 
497.000 1.000 
498.000 1.000 
499.000 1.000 
500.000 1.000 
501.000 0.852 
502.000 0.689 
503.000 0.537 
504.000 0.461 
505.000 0.441 
506.000 0.407 
507.000 0.414 
508.000 0.605 
509.000 0.648 
510.000 0.858 
511.000 1.000 
512.000 1.000 
513.000 1.000 
514.000 1.000 
515.000 1.000 
516.000 0.973 
517.000 0.809 
518.000 0.654 
519.000 0.512 
520.000 0.474 
521.000 0.429 
522.000 0.367 
523.000 0.463 
524.000 0.635 
525.000 0.741 
526.000 0.956 
527.000 1.000 
528.000 1.000 
529.000 1.000 
530.000 1.000 
531.000 1.000 
532.000 0.968 
533.000 0.809 
534.000 0.660 
535.000 0.523 
536.000 0.477 
537.000 0.445 
538.000 0.340 
539.000 0.446 
540.000 0.674 
541.000 0.780 
542.000 0.991 
543.000 1.000 
544.000 1.000 
545.000 1.000 
546.000 1.000 
547.000 1.000 
548.000 1.000 
549.000 0.849 
550.000 0.702 
551.000 0.567 
552.000 0.477 
553.000 0.475 
554.000 0.326 
555.000 0.348 
556.000 0.681 
557.000 0.762 
558.000 0.968 
559.000 1.000 
560.000 1.000 
561.000 1.000 
562.000 1.000 
563.000 1.000 
564.000 1.000 
565.000 0.952 
566.000 0.801 
567.000 0.663 
568.000 0.538 
569.000 0.486 
570.000 0.403 
571.000 0.302 
572.000 0.401 
573.000 0.758 
574.000 0.860 
575.000 1.000 
576.000 1.000 
577.000 1.000 
578.000 1.000 
579.000 1.000 
580.000 1.000 
581.000 1.000 
582.000 0.958 
583.000 0.811 
584.000 0.676 
585.000 0.555 
586.000 0.489 
587.000 0.398 
588.000 0.276 
589.000 0.335 
590.000 0.793 
591.000 0.877 
592.000 1.000 
593.000 1.000 
594.000 1.000 
595.000 1.000 
596.000 1.000 
597.000 1.000 
598.000 1.000 
599.000 1.000 
600.000 0.888 
601.000 1.000 
602.000 1.000 
603.000 1.000 
604.000 1.000 
605.000 1.000 
606.000 1.000 
607.000 1.000 
608.000 1.000 
609.000 0.981 
610.000 0.951 
611.000 0.927 
612.000 0.908 
613.000 0.894 
614.000 0.891 
615.000 0.905 
616.000 0.935 
617.000 0.976 
618.000 1.000 
619.000 1.000 
620.000 1.000 
621.000 1.000 
622.000 1.000 
623.000 1.000 
624.000 1.000 
625.000 1.000 
626.000 1.000 
627.000 1.000 
628.000 0.999 
629.000 0.984 
630.000 0.970 
631.000 0.958 
632.000 0.948 
633.000 0.940 
634.000 0.940 
635.000 0.949 
636.000 0.965 
637.000 0.986 
638.000 1.000 
639.000 1.000 
640.000 1.000 
641.000 1.000 
642.000 1.000 
643.000 1.000 
644.000 1.000 
645.000 1.000 
646.000 1.000 
647.000 0.995 
648.000 0.985 
649.000 0.976 
650.000 0.968 
651.000 0.961 
652.000 0.957 
653.000 0.959 
654.000 0.967 
655.000 0.979 
656.000 0.995 
657.000 1.000 
658.000 1.000 
659.000 1.000 
660.000 1.000 
661.000 1.000 
662.000 1.000 
663.000 1.000 
664.000 1.000 
665.000 0.999 
666.000 0.991 
667.000 0.984 
668.000 0.978 
669.000 0.973 
670.000 0.969 
671.000 0.968 
672.000 0.972 
673.000 0.980 
674.000 0.991 
675.000 1.000 
676.000 1.000 
677.000 1.000 
678.000 1.000 
679.000 1.000 
680.000 1.000 
681.000 1.000 
682.000 1.000 
683.000 1.000 
684.000 0.996 
685.000 0.990 
686.000 0.985 
687.000 0.981 
688.000 0.977 
689.000 0.976 
690.000 0.978 
691.000 0.983 
692.000 0.990 
693.000 0.999 
694.000 1.000 
695.000 1.000 
696.000 1.000 
697.000 1.000 
698.000 1.000 
699.000 1.000 
700.000 1.000 
701.000 1.000 
702.000 0.998 
703.000 0.994 
704.000 0.990 
705.000 0.987 
706.000 0.984 
707.000 0.982 
708.000 0.983 
709.000 0.986 
710.000 0.991 
711.000 0.997 
712.000 1.000 
713.000 1.000 
714.000 1.000 
715.000 1.000 
716.000 1.000 
717.000 1.000 
718.000 1.000 
719.000 1.000 
720.000 1.000 
721.000 0.996 
722.000 0.993 
723.000 0.991 
724.000 0.988 
725.000 0.986 
726.000 0.986 
727.000 0.988 
728.000 0.991 
729.000 0.996 
730.000 1.000 
731.000 1.000 
732.000 1.000 
733.000 1.000 
734.000 1.000 
735.000 1.000 
736.000 1.000 
737.000 1.000 
738.000 1.000 
739.000 0.998 
740.000 0.996 
741.000 0.994 
742.000 0.992 
743.000 0.990 
744.000 0.990 
745.000 0.990 
746.000 0.992 
747.000 0.996 
748.000 0.999 
749.000 1.000 
750.000 1.000 
751.000 1.000 
752.000 1.000 
753.000 1.000 
754.000 1.000 
755.000 1.000 
756.000 1.000 
757.000 0.999 
758.000 0.997 
759.000 0.996 
760.000 0.994 
761.000 0.993 
762.000 0.992 
763.000 0.992 
764.000 0.994 
765.000 0.996 
766.000 0.999 
767.000 1.000 
768.000 1.000 
769.000 1.000 
770.000 1.000 
771.000 1.000 
772.000 1.000 
773.000 1.000 
774.000 1.000 
775.000 1.000 
776.000 0.999 
777.000 0.997 
778.000 0.996 
779.000 0.995 
780.000 0.994 
781.000 0.994 
782.000 0.995 
783.000 0.996 
784.000 0.998 
785.000 1.000 
786.000 1.000 
787.000 1.000 
788.000 1.000 
789.000 1.000 
790.000 1.000 
791.000 1.000 
792.000 1.000 
793.000 1.000 
794.000 0.999 
795.000 0.998 
796.000 0.997 
797.000 0.997 
798.000 0.996 
799.000 0.996 
800.000 0.996 
