1.000 0.000 
2.000 0.000 
3.000 0.000 
4.000 0.000 
5.000 0.000 
6.000 0.000 
7.000 -0.790 
8.000 -0.437 
9.000 -0.439 
10.000 -0.441 
11.000 -0.444 
12.000 -0.243 
13.000 -0.100 
14.000 -0.096 
15.000 -0.090 
16.000 -0.086 
17.000 -0.079 
18.000 -0.120 
19.000 -0.190 
20.000 -0.237 
21.000 -0.269 
22.000 -0.290 
23.000 -0.295 
24.000 -0.273 
25.000 -0.238 
26.000 -0.206 
27.000 -0.183 
28.000 -0.167 
29.000 -0.159 
30.000 -0.161 
31.000 -0.172 
32.000 -0.187 
33.000 -0.204 
34.000 -0.218 
35.000 -0.229 
36.000 -0.233 
37.000 -0.231 
38.000 -0.225 
39.000 -0.217 
40.000 -0.209 
41.000 -0.202 
42.000 -0.198 
43.000 -0.197 
44.000 -0.199 
45.000 -0.203 
46.000 -0.208 
47.000 -0.213 
48.000 -0.217 
49.000 -0.220 
50.000 -0.221 
51.000 -0.221 
52.000 -0.219 
53.000 -0.217 
54.000 -0.216 
55.000 -0.214 
56.000 -0.214 
57.000 -0.214 
58.000 -0.215 
59.000 -0.217 
60.000 -0.218 
61.000 -0.220 
62.000 -0.221 
63.000 -0.222 
64.000 -0.223 
65.000 -0.223 
66.000 -0.223 
67.000 -0.223 
68.000 -0.223 
69.000 -0.223 
70.000 -0.223 
71.000 -0.224 
72.000 -0.224 
73.000 -0.225 
74.000 -0.226 
75.000 -0.227 
76.000 -0.227 
77.000 -0.228 
78.000 -0.229 
79.000 -0.229 
80.000 -0.229 
81.000 -0.230 
82.000 -0.230 
83.000 -0.230 
84.000 -0.231 
85.000 -0.231 
86.000 -0.232 
87.000 -0.232 
88.000 -0.233 
89.000 -0.234 
90.000 -0.234 
91.000 -0.235 
92.000 -0.235 
93.000 -0.236 
94.000 -0.236 
95.000 -0.237 
96.000 -0.237 
97.000 -0.237 
98.000 -0.238 
99.000 -0.238 
100.000 -0.239 
101.000 -0.239 
102.000 -0.240 
103.000 -0.240 
104.000 -0.241 
105.000 -0.241 
106.000 -0.242 
107.000 -0.242 
108.000 -0.243 
109.000 -0.243 
110.000 -0.244 
111.000 -0.244 
112.000 -0.245 
113.000 -0.245 
114.000 -0.246 
115.000 -0.246 
116.000 -0.247 
117.000 -0.247 
118.000 -0.248 
119.000 -0.248 
120.000 -0.249 
121.000 0.090 
122.000 -0.058 
123.000 -0.062 
124.000 -0.061 
125.000 -0.061 
126.000 -0.092 
127.000 -0.196 
128.000 -0.221 
129.000 -0.233 
130.000 -0.238 
131.000 -0.231 
132.000 -0.195 
133.000 -0.146 
134.000 -0.113 
135.000 -0.092 
136.000 -0.081 
137.000 -0.079 
138.000 -0.090 
139.000 -0.114 
140.000 -0.143 
141.000 -0.169 
142.000 -0.189 
143.000 -0.199 
144.000 -0.195 
145.000 -0.180 
146.000 -0.159 
147.000 -0.139 
148.000 -0.121 
149.000 -0.110 
150.000 -0.106 
151.000 -0.109 
152.000 -0.120 
153.000 -0.134 
154.000 -0.150 
155.000 -0.163 
156.000 -0.172 
157.000 -0.174 
158.000 -0.169 
159.000 -0.160 
160.000 -0.148 
161.000 -0.137 
162.000 -0.128 
163.000 -0.124 
164.000 -0.124 
165.000 -0.127 
166.000 -0.134 
167.000 -0.143 
168.000 -0.151 
169.000 -0.158 
170.000 -0.161 
171.000 -0.160 
172.000 -0.157 
173.000 -0.151 
174.000 -0.145 
175.000 -0.139 
176.000 -0.135 
177.000 -0.134 
178.000 -0.135 
179.000 -0.138 
180.000 -0.142 
181.000 -0.147 
182.000 -0.151 
183.000 -0.154 
184.000 -0.155 
185.000 -0.154 
186.000 -0.151 
187.000 -0.148 
188.000 -0.145 
189.000 -0.142 
190.000 -0.141 
191.000 -0.140 
192.000 -0.141 
193.000 -0.144 
194.000 -0.146 
195.000 -0.149 
196.000 -0.151 
197.000 -0.152 
198.000 -0.152 
199.000 -0.151 
200.000 -0.149 
201.000 -0.148 
202.000 -0.146 
203.000 -0.145 
204.000 -0.144 
205.000 -0.145 
206.000 -0.146 
207.000 -0.147 
208.000 -0.148 
209.000 -0.149 
210.000 -0.150 
211.000 -0.151 
212.000 -0.151 
213.000 -0.150 
214.000 -0.149 
215.000 -0.148 
216.000 -0.148 
217.000 -0.147 
218.000 -0.147 
219.000 -0.147 
220.000 -0.148 
221.000 -0.149 
222.000 -0.150 
223.000 -0.150 
224.000 -0.151 
225.000 -0.151 
226.000 -0.151 
227.000 -0.150 
228.000 -0.150 
229.000 -0.149 
230.000 -0.149 
231.000 -0.149 
232.000 -0.149 
233.000 -0.149 
234.000 -0.150 
235.000 -0.150 
236.000 -0.151 
237.000 -0.151 
238.000 -0.151 
239.000 -0.151 
240.000 -0.151 
241.000 1.000 
242.000 0.076 
243.000 0.810 
244.000 0.080 
245.000 0.814 
246.000 -0.045 
247.000 0.006 
248.000 -0.638 
249.000 -0.707 
250.000 -1.000 
251.000 -0.834 
252.000 -0.290 
253.000 0.429 
254.000 0.344 
255.000 0.517 
256.000 0.266 
257.000 0.619 
258.000 0.103 
259.000 0.525 
260.000 -0.084 
261.000 -0.337 
262.000 -0.929 
263.000 -0.883 
264.000 -1.000 
265.000 -0.553 
266.000 0.224 
267.000 0.519 
268.000 0.283 
269.000 0.604 
270.000 0.148 
271.000 0.791 
272.000 0.040 
273.000 0.338 
274.000 -0.199 
275.000 -0.464 
276.000 -1.000 
277.000 -0.911 
278.000 -0.885 
279.000 -0.151 
280.000 0.485 
281.000 0.311 
282.000 0.573 
283.000 0.197 
284.000 0.726 
285.000 0.105 
286.000 0.519 
287.000 -0.089 
288.000 -0.300 
289.000 -0.937 
290.000 -0.928 
291.000 -1.000 
292.000 -0.554 
293.000 0.221 
294.000 0.538 
295.000 0.273 
296.000 0.625 
297.000 0.162 
298.000 0.775 
299.000 0.052 
300.000 0.358 
301.000 -0.183 
302.000 -0.477 
303.000 -1.000 
304.000 -0.933 
305.000 -0.931 
306.000 -0.187 
307.000 0.489 
308.000 0.322 
309.000 0.565 
310.000 0.223 
311.000 0.695 
312.000 0.122 
313.000 0.538 
314.000 -0.077 
315.000 -0.294 
316.000 -0.925 
317.000 -0.936 
318.000 -1.000 
319.000 -0.597 
320.000 0.209 
321.000 0.561 
322.000 0.255 
323.000 0.655 
324.000 0.174 
325.000 0.763 
326.000 0.066 
327.000 0.394 
328.000 -0.157 
329.000 -0.476 
330.000 -1.000 
331.000 -0.960 
332.000 -1.000 
333.000 -0.267 
334.000 0.467 
335.000 0.360 
336.000 0.523 
337.000 0.294 
338.000 0.603 
339.000 0.143 
340.000 0.563 
341.000 -0.062 
342.000 -0.303 
343.000 -0.903 
344.000 -0.921 
345.000 -1.000 
346.000 -0.641 
347.000 0.205 
348.000 0.576 
349.000 0.245 
350.000 0.673 
351.000 0.185 
352.000 0.752 
353.000 0.080 
354.000 0.424 
355.000 -0.135 
356.000 -0.470 
357.000 -1.000 
358.000 -0.982 
359.000 -1.000 
360.000 -0.337 
361.000 1.000 
362.000 0.454 
363.000 0.587 
364.000 0.454 
365.000 0.576 
366.000 0.364 
367.000 0.493 
368.000 0.225 
369.000 0.493 
370.000 -0.041 
371.000 -0.132 
372.000 -0.415 
373.000 -0.145 
374.000 -0.160 
375.000 0.839 
376.000 0.417 
377.000 0.644 
378.000 0.496 
379.000 0.559 
380.000 0.413 
381.000 0.469 
382.000 0.306 
383.000 0.435 
384.000 0.030 
385.000 -0.120 
386.000 -0.399 
387.000 -0.304 
388.000 -0.287 
389.000 0.609 
390.000 0.423 
391.000 0.660 
392.000 0.525 
393.000 0.566 
394.000 0.485 
395.000 0.457 
396.000 0.390 
397.000 0.407 
398.000 0.189 
399.000 0.021 
400.000 -0.290 
401.000 -0.412 
402.000 -0.429 
403.000 0.083 
404.000 0.908 
405.000 0.514 
406.000 0.621 
407.000 0.547 
408.000 0.588 
409.000 0.421 
410.000 0.468 
411.000 0.315 
412.000 0.353 
413.000 -0.018 
414.000 -0.341 
415.000 -0.585 
416.000 -0.451 
417.000 -0.240 
418.000 0.869 
419.000 0.552 
420.000 0.630 
421.000 0.584 
422.000 0.575 
423.000 0.494 
424.000 0.422 
425.000 0.415 
426.000 0.309 
427.000 0.067 
428.000 -0.314 
429.000 -0.572 
430.000 -0.629 
431.000 -0.377 
432.000 0.575 
433.000 0.577 
434.000 0.641 
435.000 0.614 
436.000 0.595 
437.000 0.562 
438.000 0.445 
439.000 0.452 
440.000 0.345 
441.000 0.254 
442.000 -0.084 
443.000 -0.488 
444.000 -0.684 
445.000 -0.564 
446.000 -0.102 
447.000 1.000 
448.000 0.636 
449.000 0.655 
450.000 0.633 
451.000 0.627 
452.000 0.497 
453.000 0.414 
454.000 0.415 
455.000 0.204 
456.000 -0.166 
457.000 -0.744 
458.000 -0.904 
459.000 -0.887 
460.000 -0.270 
461.000 1.000 
462.000 0.692 
463.000 0.692 
464.000 0.663 
465.000 0.652 
466.000 0.544 
467.000 0.390 
468.000 0.460 
469.000 0.169 
470.000 -0.220 
471.000 -0.911 
472.000 -1.000 
473.000 -1.000 
474.000 -0.335 
475.000 1.000 
476.000 0.729 
477.000 0.721 
478.000 0.688 
479.000 0.672 
480.000 0.572 
481.000 1.000 
482.000 1.000 
483.000 1.000 
484.000 0.940 
485.000 0.902 
486.000 0.765 
487.000 0.586 
488.000 0.438 
489.000 0.489 
490.000 0.359 
491.000 0.524 
492.000 0.405 
493.000 0.700 
494.000 0.736 
495.000 0.970 
496.000 1.000 
497.000 1.000 
498.000 1.000 
499.000 1.000 
500.000 0.969 
501.000 0.803 
502.000 0.643 
503.000 0.496 
504.000 0.473 
505.000 0.412 
506.000 0.411 
507.000 0.464 
508.000 0.628 
509.000 0.728 
510.000 0.949 
511.000 1.000 
512.000 1.000 
513.000 1.000 
514.000 1.000 
515.000 1.000 
516.000 0.904 
517.000 0.743 
518.000 0.595 
519.000 0.464 
520.000 0.488 
521.000 0.389 
522.000 0.386 
523.000 0.567 
524.000 0.676 
525.000 0.853 
526.000 1.000 
527.000 1.000 
528.000 1.000 
529.000 1.000 
530.000 1.000 
531.000 1.000 
532.000 0.888 
533.000 0.734 
534.000 0.592 
535.000 0.472 
536.000 0.490 
537.000 0.362 
538.000 0.358 
539.000 0.583 
540.000 0.719 
541.000 0.909 
542.000 1.000 
543.000 1.000 
544.000 1.000 
545.000 1.000 
546.000 1.000 
547.000 1.000 
548.000 0.939 
549.000 0.785 
550.000 0.645 
551.000 0.519 
552.000 0.487 
553.000 0.396 
554.000 0.315 
555.000 0.438 
556.000 0.750 
557.000 0.875 
558.000 1.000 
559.000 1.000 
560.000 1.000 
561.000 1.000 
562.000 1.000 
563.000 1.000 
564.000 1.000 
565.000 0.895 
566.000 0.750 
567.000 0.619 
568.000 0.502 
569.000 0.497 
570.000 0.348 
571.000 0.271 
572.000 0.484 
573.000 0.802 
574.000 0.962 
575.000 1.000 
576.000 1.000 
577.000 1.000 
578.000 1.000 
579.000 1.000 
580.000 1.000 
581.000 1.000 
582.000 0.939 
583.000 0.794 
584.000 0.664 
585.000 0.548 
586.000 0.494 
587.000 0.373 
588.000 0.238 
589.000 0.296 
590.000 0.817 
591.000 0.932 
592.000 1.000 
593.000 1.000 
594.000 1.000 
595.000 1.000 
596.000 1.000 
597.000 1.000 
598.000 1.000 
599.000 1.000 
600.000 0.928 
601.000 1.000 
602.000 1.000 
603.000 1.000 
604.000 1.000 
605.000 1.000 
606.000 1.000 
607.000 1.000 
608.000 1.000 
609.000 1.000 
610.000 0.975 
611.000 0.954 
612.000 0.938 
613.000 0.926 
614.000 0.917 
615.000 0.922 
616.000 0.941 
617.000 0.969 
618.000 1.000 
619.000 1.000 
620.000 1.000 
621.000 1.000 
622.000 1.000 
623.000 1.000 
624.000 1.000 
625.000 1.000 
626.000 1.000 
627.000 1.000 
628.000 1.000 
629.000 1.000 
630.000 0.992 
631.000 0.983 
632.000 0.976 
633.000 0.970 
634.000 0.965 
635.000 0.964 
636.000 0.969 
637.000 0.978 
638.000 0.990 
639.000 1.000 
640.000 1.000 
641.000 1.000 
642.000 1.000 
643.000 1.000 
644.000 1.000 
645.000 1.000 
646.000 1.000 
647.000 1.000 
648.000 0.998 
649.000 0.992 
650.000 0.987 
651.000 0.982 
652.000 0.978 
653.000 0.976 
654.000 0.977 
655.000 0.981 
656.000 0.988 
657.000 0.996 
658.000 1.000 
659.000 1.000 
660.000 1.000 
661.000 1.000 
662.000 1.000 
663.000 1.000 
664.000 1.000 
665.000 1.000 
666.000 1.000 
667.000 0.995 
668.000 0.991 
669.000 0.988 
670.000 0.985 
671.000 0.983 
672.000 0.982 
673.000 0.985 
674.000 0.989 
675.000 0.995 
676.000 1.000 
677.000 1.000 
678.000 1.000 
679.000 1.000 
680.000 1.000 
681.000 1.000 
682.000 1.000 
683.000 1.000 
684.000 1.000 
685.000 0.997 
686.000 0.994 
687.000 0.992 
688.000 0.989 
689.000 0.987 
690.000 0.987 
691.000 0.988 
692.000 0.991 
693.000 0.995 
694.000 1.000 
695.000 1.000 
696.000 1.000 
697.000 1.000 
698.000 1.000 
699.000 1.000 
700.000 1.000 
701.000 1.000 
702.000 1.000 
703.000 0.998 
704.000 0.996 
705.000 0.994 
706.000 0.992 
707.000 0.991 
708.000 0.990 
709.000 0.991 
710.000 0.993 
711.000 0.996 
712.000 1.000 
713.000 1.000 
714.000 1.000 
715.000 1.000 
716.000 1.000 
717.000 1.000 
718.000 1.000 
719.000 1.000 
720.000 1.000 
721.000 0.999 
722.000 0.997 
723.000 0.996 
724.000 0.994 
725.000 0.993 
726.000 0.993 
727.000 0.993 
728.000 0.995 
729.000 0.997 
730.000 1.000 
731.000 1.000 
732.000 1.000 
733.000 1.000 
734.000 1.000 
735.000 1.000 
736.000 1.000 
737.000 1.000 
738.000 1.000 
739.000 0.999 
740.000 0.998 
741.000 0.997 
742.000 0.996 
743.000 0.995 
744.000 0.995 
745.000 0.995 
746.000 0.996 
747.000 0.997 
748.000 0.999 
749.000 1.000 
750.000 1.000 
751.000 1.000 
752.000 1.000 
753.000 1.000 
754.000 1.000 
755.000 1.000 
756.000 1.000 
757.000 1.000 
758.000 0.999 
759.000 0.998 
760.000 0.997 
761.000 0.996 
762.000 0.996 
763.000 0.996 
764.000 0.997 
765.000 0.998 
766.000 0.999 
767.000 1.000 
768.000 1.000 
769.000 1.000 
770.000 1.000 
771.000 1.000 
772.000 1.000 
773.000 1.000 
774.000 1.000 
775.000 1.000 
776.000 0.999 
777.000 0.999 
778.000 0.998 
779.000 0.997 
780.000 0.997 
781.000 0.997 
782.000 0.997 
783.000 0.998 
784.000 0.999 
785.000 1.000 
786.000 1.000 
787.000 1.000 
788.000 1.000 
789.000 1.000 
790.000 1.000 
791.000 1.000 
792.000 1.000 
793.000 1.000 
794.000 1.000 
795.000 0.999 
796.000 0.999 
797.000 0.998 
798.000 0.998 
799.000 0.998 
800.000 0.998 
