1.000 0.000 
2.000 0.000 
3.000 0.000 
4.000 0.000 
5.000 0.000 
6.000 0.000 
7.000 -0.032 
8.000 -0.019 
9.000 -0.019 
10.000 -0.019 
11.000 -0.019 
12.000 -0.019 
13.000 -0.018 
14.000 -0.018 
15.000 -0.018 
16.000 -0.018 
17.000 -0.018 
18.000 -0.018 
19.000 -0.018 
20.000 -0.018 
21.000 -0.018 
22.000 -0.018 
23.000 -0.018 
24.000 -0.018 
25.000 -0.019 
26.000 -0.019 
27.000 -0.019 
28.000 -0.019 
29.000 -0.019 
30.000 -0.019 
31.000 -0.019 
32.000 -0.019 
33.000 -0.019 
34.000 -0.019 
35.000 -0.019 
36.000 -0.019 
37.000 -0.019 
38.000 -0.019 
39.000 -0.019 
40.000 -0.020 
41.000 -0.020 
42.000 -0.020 
43.000 -0.020 
44.000 -0.020 
45.000 -0.020 
46.000 -0.020 
47.000 -0.020 
48.000 -0.020 
49.000 -0.020 
50.000 -0.020 
51.000 -0.020 
52.000 -0.020 
53.000 -0.020 
54.000 -0.020 
55.000 -0.020 
56.000 -0.021 
57.000 -0.021 
58.000 -0.021 
59.000 -0.021 
60.000 -0.021 
61.000 -0.021 
62.000 -0.021 
63.000 -0.021 
64.000 -0.021 
65.000 -0.021 
66.000 -0.021 
67.000 -0.021 
68.000 -0.021 
69.000 -0.021 
70.000 -0.021 
71.000 -0.022 
72.000 -0.022 
73.000 -0.022 
74.000 -0.022 
75.000 -0.022 
76.000 -0.022 
77.000 -0.022 
78.000 -0.022 
79.000 -0.022 
80.000 -0.022 
81.000 -0.022 
82.000 -0.022 
83.000 -0.022 
84.000 -0.022 
85.000 -0.022 
86.000 -0.022 
87.000 -0.023 
88.000 -0.023 
89.000 -0.023 
90.000 -0.023 
91.000 -0.023 
92.000 -0.023 
93.000 -0.023 
94.000 -0.023 
95.000 -0.023 
96.000 -0.023 
97.000 -0.023 
98.000 -0.023 
99.000 -0.023 
100.000 -0.023 
101.000 -0.023 
102.000 -0.023 
103.000 -0.024 
104.000 -0.024 
105.000 -0.024 
106.000 -0.024 
107.000 -0.024 
108.000 -0.024 
109.000 -0.024 
110.000 -0.024 
111.000 -0.024 
112.000 -0.024 
113.000 -0.024 
114.000 -0.024 
115.000 -0.024 
116.000 -0.024 
117.000 -0.024 
118.000 -0.025 
119.000 -0.025 
120.000 -0.025 
121.000 -0.011 
122.000 -0.017 
123.000 -0.017 
124.000 -0.017 
125.000 -0.017 
126.000 -0.017 
127.000 -0.017 
128.000 -0.017 
129.000 -0.017 
130.000 -0.018 
131.000 -0.018 
132.000 -0.018 
133.000 -0.018 
134.000 -0.018 
135.000 -0.018 
136.000 -0.018 
137.000 -0.018 
138.000 -0.018 
139.000 -0.018 
140.000 -0.018 
141.000 -0.018 
142.000 -0.018 
143.000 -0.018 
144.000 -0.018 
145.000 -0.018 
146.000 -0.018 
147.000 -0.018 
148.000 -0.018 
149.000 -0.018 
150.000 -0.018 
151.000 -0.018 
152.000 -0.018 
153.000 -0.018 
154.000 -0.018 
155.000 -0.018 
156.000 -0.018 
157.000 -0.018 
158.000 -0.018 
159.000 -0.019 
160.000 -0.019 
161.000 -0.019 
162.000 -0.019 
163.000 -0.019 
164.000 -0.019 
165.000 -0.019 
166.000 -0.019 
167.000 -0.019 
168.000 -0.019 
169.000 -0.019 
170.000 -0.019 
171.000 -0.019 
172.000 -0.019 
173.000 -0.019 
174.000 -0.019 
175.000 -0.019 
176.000 -0.019 
177.000 -0.019 
178.000 -0.019 
179.000 -0.019 
180.000 -0.019 
181.000 -0.019 
182.000 -0.019 
183.000 -0.019 
184.000 -0.019 
185.000 -0.019 
186.000 -0.019 
187.000 -0.019 
188.000 -0.020 
189.000 -0.020 
190.000 -0.020 
191.000 -0.020 
192.000 -0.020 
193.000 -0.020 
194.000 -0.020 
195.000 -0.020 
196.000 -0.020 
197.000 -0.020 
198.000 -0.020 
199.000 -0.020 
200.000 -0.020 
201.000 -0.020 
202.000 -0.020 
203.000 -0.020 
204.000 -0.020 
205.000 -0.020 
206.000 -0.020 
207.000 -0.020 
208.000 -0.020 
209.000 -0.020 
210.000 -0.020 
211.000 -0.020 
212.000 -0.020 
213.000 -0.020 
214.000 -0.020 
215.000 -0.020 
216.000 -0.020 
217.000 -0.020 
218.000 -0.021 
219.000 -0.021 
220.000 -0.021 
221.000 -0.021 
222.000 -0.021 
223.000 -0.021 
224.000 -0.021 
225.000 -0.021 
226.000 -0.021 
227.000 -0.021 
228.000 -0.021 
229.000 -0.021 
230.000 -0.021 
231.000 -0.021 
232.000 -0.021 
233.000 -0.021 
234.000 -0.021 
235.000 -0.021 
236.000 -0.021 
237.000 -0.021 
238.000 -0.021 
239.000 -0.021 
240.000 -0.021 
241.000 0.057 
242.000 0.016 
243.000 0.023 
244.000 0.022 
245.000 0.022 
246.000 0.021 
247.000 0.020 
248.000 0.020 
249.000 0.019 
250.000 0.019 
251.000 0.019 
252.000 0.020 
253.000 0.020 
254.000 0.020 
255.000 0.020 
256.000 0.020 
257.000 0.020 
258.000 0.021 
259.000 0.021 
260.000 0.021 
261.000 0.021 
262.000 0.021 
263.000 0.021 
264.000 0.021 
265.000 0.021 
266.000 0.022 
267.000 0.022 
268.000 0.022 
269.000 0.022 
270.000 0.022 
271.000 0.022 
272.000 0.022 
273.000 0.022 
274.000 0.023 
275.000 0.023 
276.000 0.023 
277.000 0.023 
278.000 0.023 
279.000 0.023 
280.000 0.023 
281.000 0.024 
282.000 0.024 
283.000 0.024 
284.000 0.024 
285.000 0.024 
286.000 0.024 
287.000 0.024 
288.000 0.024 
289.000 0.025 
290.000 0.025 
291.000 0.025 
292.000 0.025 
293.000 0.025 
294.000 0.025 
295.000 0.025 
296.000 0.026 
297.000 0.026 
298.000 0.026 
299.000 0.026 
300.000 0.026 
301.000 0.026 
302.000 0.026 
303.000 0.026 
304.000 0.027 
305.000 0.027 
306.000 0.027 
307.000 0.027 
308.000 0.027 
309.000 0.027 
310.000 0.027 
311.000 0.028 
312.000 0.028 
313.000 0.028 
314.000 0.028 
315.000 0.028 
316.000 0.028 
317.000 0.028 
318.000 0.029 
319.000 0.029 
320.000 0.029 
321.000 0.029 
322.000 0.029 
323.000 0.029 
324.000 0.029 
325.000 0.030 
326.000 0.030 
327.000 0.030 
328.000 0.030 
329.000 0.030 
330.000 0.030 
331.000 0.030 
332.000 0.030 
333.000 0.031 
334.000 0.031 
335.000 0.031 
336.000 0.031 
337.000 0.031 
338.000 0.031 
339.000 0.031 
340.000 0.032 
341.000 0.032 
342.000 0.032 
343.000 0.032 
344.000 0.032 
345.000 0.032 
346.000 0.032 
347.000 0.033 
348.000 0.033 
349.000 0.033 
350.000 0.033 
351.000 0.033 
352.000 0.033 
353.000 0.033 
354.000 0.034 
355.000 0.034 
356.000 0.034 
357.000 0.034 
358.000 0.034 
359.000 0.034 
360.000 0.035 
361.000 0.174 
362.000 0.100 
363.000 0.110 
364.000 0.110 
365.000 0.111 
366.000 0.109 
367.000 0.107 
368.000 0.106 
369.000 0.106 
370.000 0.106 
371.000 0.107 
372.000 0.107 
373.000 0.108 
374.000 0.109 
375.000 0.110 
376.000 0.111 
377.000 0.112 
378.000 0.112 
379.000 0.113 
380.000 0.114 
381.000 0.114 
382.000 0.115 
383.000 0.116 
384.000 0.117 
385.000 0.117 
386.000 0.118 
387.000 0.119 
388.000 0.119 
389.000 0.120 
390.000 0.121 
391.000 0.122 
392.000 0.122 
393.000 0.123 
394.000 0.124 
395.000 0.124 
396.000 0.125 
397.000 0.126 
398.000 0.127 
399.000 0.127 
400.000 0.128 
401.000 0.129 
402.000 0.130 
403.000 0.131 
404.000 0.131 
405.000 0.132 
406.000 0.133 
407.000 0.134 
408.000 0.134 
409.000 0.135 
410.000 0.136 
411.000 0.137 
412.000 0.138 
413.000 0.138 
414.000 0.139 
415.000 0.140 
416.000 0.141 
417.000 0.142 
418.000 0.143 
419.000 0.143 
420.000 0.144 
421.000 0.145 
422.000 0.146 
423.000 0.147 
424.000 0.148 
425.000 0.148 
426.000 0.149 
427.000 0.150 
428.000 0.151 
429.000 0.152 
430.000 0.153 
431.000 0.154 
432.000 0.154 
433.000 0.155 
434.000 0.156 
435.000 0.157 
436.000 0.158 
437.000 0.159 
438.000 0.160 
439.000 0.161 
440.000 0.162 
441.000 0.162 
442.000 0.163 
443.000 0.164 
444.000 0.165 
445.000 0.166 
446.000 0.167 
447.000 0.168 
448.000 0.169 
449.000 0.170 
450.000 0.171 
451.000 0.172 
452.000 0.173 
453.000 0.174 
454.000 0.175 
455.000 0.175 
456.000 0.176 
457.000 0.177 
458.000 0.178 
459.000 0.179 
460.000 0.180 
461.000 0.181 
462.000 0.182 
463.000 0.183 
464.000 0.184 
465.000 0.185 
466.000 0.186 
467.000 0.187 
468.000 0.188 
469.000 0.189 
470.000 0.190 
471.000 0.191 
472.000 0.192 
473.000 0.193 
474.000 0.194 
475.000 0.195 
476.000 0.196 
477.000 0.197 
478.000 0.198 
479.000 0.199 
480.000 0.201 
481.000 0.645 
482.000 0.411 
483.000 0.448 
484.000 0.451 
485.000 0.459 
486.000 0.461 
487.000 0.462 
488.000 0.463 
489.000 0.465 
490.000 0.467 
491.000 0.470 
492.000 0.473 
493.000 0.477 
494.000 0.482 
495.000 0.488 
496.000 0.494 
497.000 0.501 
498.000 0.508 
499.000 0.515 
500.000 0.523 
501.000 0.531 
502.000 0.539 
503.000 0.547 
504.000 0.555 
505.000 0.563 
506.000 0.572 
507.000 0.580 
508.000 0.588 
509.000 0.597 
510.000 0.606 
511.000 0.612 
512.000 0.617 
513.000 0.622 
514.000 0.627 
515.000 0.631 
516.000 0.636 
517.000 0.640 
518.000 0.644 
519.000 0.648 
520.000 0.652 
521.000 0.656 
522.000 0.659 
523.000 0.663 
524.000 0.667 
525.000 0.670 
526.000 0.673 
527.000 0.677 
528.000 0.680 
529.000 0.683 
530.000 0.687 
531.000 0.690 
532.000 0.693 
533.000 0.696 
534.000 0.699 
535.000 0.701 
536.000 0.704 
537.000 0.707 
538.000 0.709 
539.000 0.712 
540.000 0.714 
541.000 0.717 
542.000 0.719 
543.000 0.721 
544.000 0.724 
545.000 0.726 
546.000 0.728 
547.000 0.730 
548.000 0.732 
549.000 0.734 
550.000 0.736 
551.000 0.738 
552.000 0.739 
553.000 0.741 
554.000 0.743 
555.000 0.744 
556.000 0.746 
557.000 0.748 
558.000 0.749 
559.000 0.751 
560.000 0.752 
561.000 0.753 
562.000 0.755 
563.000 0.756 
564.000 0.757 
565.000 0.758 
566.000 0.760 
567.000 0.761 
568.000 0.762 
569.000 0.763 
570.000 0.764 
571.000 0.765 
572.000 0.766 
573.000 0.767 
574.000 0.768 
575.000 0.769 
576.000 0.770 
577.000 0.771 
578.000 0.772 
579.000 0.773 
580.000 0.773 
581.000 0.774 
582.000 0.775 
583.000 0.776 
584.000 0.776 
585.000 0.777 
586.000 0.778 
587.000 0.778 
588.000 0.779 
589.000 0.780 
590.000 0.780 
591.000 0.781 
592.000 0.781 
593.000 0.782 
594.000 0.782 
595.000 0.783 
596.000 0.783 
597.000 0.784 
598.000 0.784 
599.000 0.785 
600.000 0.785 
601.000 0.856 
602.000 0.850 
603.000 0.857 
604.000 0.864 
605.000 0.870 
606.000 0.877 
607.000 0.882 
608.000 0.887 
609.000 0.892 
610.000 0.896 
611.000 0.900 
612.000 0.904 
613.000 0.907 
614.000 0.910 
615.000 0.914 
616.000 0.917 
617.000 0.919 
618.000 0.922 
619.000 0.925 
620.000 0.927 
621.000 0.930 
622.000 0.932 
623.000 0.934 
624.000 0.937 
625.000 0.939 
626.000 0.941 
627.000 0.943 
628.000 0.945 
629.000 0.947 
630.000 0.949 
631.000 0.951 
632.000 0.953 
633.000 0.955 
634.000 0.956 
635.000 0.958 
636.000 0.960 
637.000 0.961 
638.000 0.963 
639.000 0.964 
640.000 0.965 
641.000 0.967 
642.000 0.968 
643.000 0.969 
644.000 0.970 
645.000 0.971 
646.000 0.973 
647.000 0.974 
648.000 0.975 
649.000 0.976 
650.000 0.977 
651.000 0.977 
652.000 0.978 
653.000 0.979 
654.000 0.980 
655.000 0.981 
656.000 0.981 
657.000 0.982 
658.000 0.983 
659.000 0.983 
660.000 0.984 
661.000 0.985 
662.000 0.985 
663.000 0.986 
664.000 0.986 
665.000 0.987 
666.000 0.987 
667.000 0.988 
668.000 0.988 
669.000 0.989 
670.000 0.989 
671.000 0.990 
672.000 0.990 
673.000 0.990 
674.000 0.991 
675.000 0.991 
676.000 0.991 
677.000 0.992 
678.000 0.992 
679.000 0.992 
680.000 0.993 
681.000 0.993 
682.000 0.993 
683.000 0.993 
684.000 0.994 
685.000 0.994 
686.000 0.994 
687.000 0.994 
688.000 0.995 
689.000 0.995 
690.000 0.995 
691.000 0.995 
692.000 0.995 
693.000 0.996 
694.000 0.996 
695.000 0.996 
696.000 0.996 
697.000 0.996 
698.000 0.996 
699.000 0.996 
700.000 0.997 
701.000 0.997 
702.000 0.997 
703.000 0.997 
704.000 0.997 
705.000 0.997 
706.000 0.997 
707.000 0.997 
708.000 0.998 
709.000 0.998 
710.000 0.998 
711.000 0.998 
712.000 0.998 
713.000 0.998 
714.000 0.998 
715.000 0.998 
716.000 0.998 
717.000 0.998 
718.000 0.998 
719.000 0.998 
720.000 0.998 
721.000 0.999 
722.000 0.999 
723.000 0.999 
724.000 0.999 
725.000 0.999 
726.000 0.999 
727.000 0.999 
728.000 0.999 
729.000 0.999 
730.000 0.999 
731.000 0.999 
732.000 0.999 
733.000 0.999 
734.000 0.999 
735.000 0.999 
736.000 0.999 
737.000 0.999 
738.000 0.999 
739.000 0.999 
740.000 0.999 
741.000 0.999 
742.000 0.999 
743.000 0.999 
744.000 0.999 
745.000 0.999 
746.000 0.999 
747.000 0.999 
748.000 0.999 
749.000 0.999 
750.000 1.000 
751.000 1.000 
752.000 1.000 
753.000 1.000 
754.000 1.000 
755.000 1.000 
756.000 1.000 
757.000 1.000 
758.000 1.000 
759.000 1.000 
760.000 1.000 
761.000 1.000 
762.000 1.000 
763.000 1.000 
764.000 1.000 
765.000 1.000 
766.000 1.000 
767.000 1.000 
768.000 1.000 
769.000 1.000 
770.000 1.000 
771.000 1.000 
772.000 1.000 
773.000 1.000 
774.000 1.000 
775.000 1.000 
776.000 1.000 
777.000 1.000 
778.000 1.000 
779.000 1.000 
780.000 1.000 
781.000 1.000 
782.000 1.000 
783.000 1.000 
784.000 1.000 
785.000 1.000 
786.000 1.000 
787.000 1.000 
788.000 1.000 
789.000 1.000 
790.000 1.000 
791.000 1.000 
792.000 1.000 
793.000 1.000 
794.000 1.000 
795.000 1.000 
796.000 1.000 
797.000 1.000 
798.000 1.000 
799.000 1.000 
800.000 1.000 
