1.000 0.000 
2.000 0.000 
3.000 0.000 
4.000 0.000 
5.000 0.000 
6.000 0.000 
7.000 -0.243 
8.000 -0.074 
9.000 -0.075 
10.000 -0.075 
11.000 -0.075 
12.000 -0.050 
13.000 -0.033 
14.000 -0.043 
15.000 -0.048 
16.000 -0.051 
17.000 -0.055 
18.000 -0.061 
19.000 -0.064 
20.000 -0.064 
21.000 -0.063 
22.000 -0.062 
23.000 -0.060 
24.000 -0.059 
25.000 -0.058 
26.000 -0.058 
27.000 -0.059 
28.000 -0.059 
29.000 -0.060 
30.000 -0.061 
31.000 -0.061 
32.000 -0.062 
33.000 -0.062 
34.000 -0.062 
35.000 -0.062 
36.000 -0.062 
37.000 -0.062 
38.000 -0.062 
39.000 -0.062 
40.000 -0.062 
41.000 -0.063 
42.000 -0.063 
43.000 -0.063 
44.000 -0.063 
45.000 -0.063 
46.000 -0.064 
47.000 -0.064 
48.000 -0.064 
49.000 -0.064 
50.000 -0.064 
51.000 -0.064 
52.000 -0.065 
53.000 -0.065 
54.000 -0.065 
55.000 -0.065 
56.000 -0.065 
57.000 -0.066 
58.000 -0.066 
59.000 -0.066 
60.000 -0.066 
61.000 -0.066 
62.000 -0.066 
63.000 -0.067 
64.000 -0.067 
65.000 -0.067 
66.000 -0.067 
67.000 -0.067 
68.000 -0.067 
69.000 -0.068 
70.000 -0.068 
71.000 -0.068 
72.000 -0.068 
73.000 -0.068 
74.000 -0.069 
75.000 -0.069 
76.000 -0.069 
77.000 -0.069 
78.000 -0.069 
79.000 -0.069 
80.000 -0.070 
81.000 -0.070 
82.000 -0.070 
83.000 -0.070 
84.000 -0.070 
85.000 -0.070 
86.000 -0.071 
87.000 -0.071 
88.000 -0.071 
89.000 -0.071 
90.000 -0.071 
91.000 -0.071 
92.000 -0.072 
93.000 -0.072 
94.000 -0.072 
95.000 -0.072 
96.000 -0.072 
97.000 -0.072 
98.000 -0.073 
99.000 -0.073 
100.000 -0.073 
101.000 -0.073 
102.000 -0.073 
103.000 -0.074 
104.000 -0.074 
105.000 -0.074 
106.000 -0.074 
107.000 -0.074 
108.000 -0.074 
109.000 -0.075 
110.000 -0.075 
111.000 -0.075 
112.000 -0.075 
113.000 -0.075 
114.000 -0.075 
115.000 -0.076 
116.000 -0.076 
117.000 -0.076 
118.000 -0.076 
119.000 -0.076 
120.000 -0.076 
121.000 0.028 
122.000 -0.049 
123.000 -0.045 
124.000 -0.045 
125.000 -0.045 
126.000 -0.054 
127.000 -0.061 
128.000 -0.058 
129.000 -0.056 
130.000 -0.055 
131.000 -0.053 
132.000 -0.051 
133.000 -0.050 
134.000 -0.050 
135.000 -0.051 
136.000 -0.051 
137.000 -0.052 
138.000 -0.053 
139.000 -0.053 
140.000 -0.053 
141.000 -0.053 
142.000 -0.053 
143.000 -0.053 
144.000 -0.053 
145.000 -0.053 
146.000 -0.053 
147.000 -0.053 
148.000 -0.053 
149.000 -0.053 
150.000 -0.054 
151.000 -0.054 
152.000 -0.054 
153.000 -0.054 
154.000 -0.054 
155.000 -0.054 
156.000 -0.054 
157.000 -0.054 
158.000 -0.054 
159.000 -0.054 
160.000 -0.054 
161.000 -0.054 
162.000 -0.054 
163.000 -0.055 
164.000 -0.055 
165.000 -0.055 
166.000 -0.055 
167.000 -0.055 
168.000 -0.055 
169.000 -0.055 
170.000 -0.055 
171.000 -0.055 
172.000 -0.055 
173.000 -0.055 
174.000 -0.055 
175.000 -0.056 
176.000 -0.056 
177.000 -0.056 
178.000 -0.056 
179.000 -0.056 
180.000 -0.056 
181.000 -0.056 
182.000 -0.056 
183.000 -0.056 
184.000 -0.056 
185.000 -0.056 
186.000 -0.056 
187.000 -0.056 
188.000 -0.057 
189.000 -0.057 
190.000 -0.057 
191.000 -0.057 
192.000 -0.057 
193.000 -0.057 
194.000 -0.057 
195.000 -0.057 
196.000 -0.057 
197.000 -0.057 
198.000 -0.057 
199.000 -0.057 
200.000 -0.057 
201.000 -0.058 
202.000 -0.058 
203.000 -0.058 
204.000 -0.058 
205.000 -0.058 
206.000 -0.058 
207.000 -0.058 
208.000 -0.058 
209.000 -0.058 
210.000 -0.058 
211.000 -0.058 
212.000 -0.058 
213.000 -0.058 
214.000 -0.059 
215.000 -0.059 
216.000 -0.059 
217.000 -0.059 
218.000 -0.059 
219.000 -0.059 
220.000 -0.059 
221.000 -0.059 
222.000 -0.059 
223.000 -0.059 
224.000 -0.059 
225.000 -0.059 
226.000 -0.059 
227.000 -0.060 
228.000 -0.060 
229.000 -0.060 
230.000 -0.060 
231.000 -0.060 
232.000 -0.060 
233.000 -0.060 
234.000 -0.060 
235.000 -0.060 
236.000 -0.060 
237.000 -0.060 
238.000 -0.060 
239.000 -0.060 
240.000 -0.061 
241.000 0.531 
242.000 -0.134 
243.000 0.121 
244.000 0.065 
245.000 0.092 
246.000 0.003 
247.000 0.045 
248.000 0.050 
249.000 0.045 
250.000 0.047 
251.000 0.061 
252.000 0.065 
253.000 0.064 
254.000 0.065 
255.000 0.065 
256.000 0.063 
257.000 0.060 
258.000 0.059 
259.000 0.059 
260.000 0.059 
261.000 0.060 
262.000 0.061 
263.000 0.062 
264.000 0.063 
265.000 0.064 
266.000 0.065 
267.000 0.065 
268.000 0.065 
269.000 0.065 
270.000 0.065 
271.000 0.065 
272.000 0.065 
273.000 0.066 
274.000 0.066 
275.000 0.067 
276.000 0.067 
277.000 0.068 
278.000 0.068 
279.000 0.068 
280.000 0.069 
281.000 0.069 
282.000 0.069 
283.000 0.070 
284.000 0.070 
285.000 0.070 
286.000 0.071 
287.000 0.071 
288.000 0.072 
289.000 0.072 
290.000 0.072 
291.000 0.073 
292.000 0.073 
293.000 0.073 
294.000 0.074 
295.000 0.074 
296.000 0.075 
297.000 0.075 
298.000 0.075 
299.000 0.076 
300.000 0.076 
301.000 0.076 
302.000 0.077 
303.000 0.077 
304.000 0.078 
305.000 0.078 
306.000 0.078 
307.000 0.079 
308.000 0.079 
309.000 0.079 
310.000 0.080 
311.000 0.080 
312.000 0.081 
313.000 0.081 
314.000 0.081 
315.000 0.082 
316.000 0.082 
317.000 0.082 
318.000 0.083 
319.000 0.083 
320.000 0.084 
321.000 0.084 
322.000 0.084 
323.000 0.085 
324.000 0.085 
325.000 0.086 
326.000 0.086 
327.000 0.086 
328.000 0.087 
329.000 0.087 
330.000 0.087 
331.000 0.088 
332.000 0.088 
333.000 0.089 
334.000 0.089 
335.000 0.089 
336.000 0.090 
337.000 0.090 
338.000 0.091 
339.000 0.091 
340.000 0.091 
341.000 0.092 
342.000 0.092 
343.000 0.092 
344.000 0.093 
345.000 0.093 
346.000 0.094 
347.000 0.094 
348.000 0.094 
349.000 0.095 
350.000 0.095 
351.000 0.096 
352.000 0.096 
353.000 0.096 
354.000 0.097 
355.000 0.097 
356.000 0.097 
357.000 0.098 
358.000 0.098 
359.000 0.099 
360.000 0.099 
361.000 0.865 
362.000 0.149 
363.000 0.371 
364.000 0.273 
365.000 0.323 
366.000 0.219 
367.000 0.206 
368.000 0.192 
369.000 0.189 
370.000 0.184 
371.000 0.213 
372.000 0.246 
373.000 0.271 
374.000 0.288 
375.000 0.300 
376.000 0.304 
377.000 0.300 
378.000 0.291 
379.000 0.280 
380.000 0.268 
381.000 0.257 
382.000 0.250 
383.000 0.248 
384.000 0.252 
385.000 0.261 
386.000 0.272 
387.000 0.284 
388.000 0.295 
389.000 0.302 
390.000 0.306 
391.000 0.306 
392.000 0.304 
393.000 0.299 
394.000 0.294 
395.000 0.288 
396.000 0.284 
397.000 0.283 
398.000 0.284 
399.000 0.288 
400.000 0.294 
401.000 0.302 
402.000 0.309 
403.000 0.316 
404.000 0.320 
405.000 0.322 
406.000 0.323 
407.000 0.321 
408.000 0.318 
409.000 0.314 
410.000 0.311 
411.000 0.309 
412.000 0.308 
413.000 0.309 
414.000 0.313 
415.000 0.318 
416.000 0.324 
417.000 0.330 
418.000 0.336 
419.000 0.340 
420.000 0.342 
421.000 0.343 
422.000 0.342 
423.000 0.339 
424.000 0.336 
425.000 0.332 
426.000 0.329 
427.000 0.327 
428.000 0.328 
429.000 0.330 
430.000 0.335 
431.000 0.341 
432.000 0.348 
433.000 0.354 
434.000 0.360 
435.000 0.363 
436.000 0.365 
437.000 0.364 
438.000 0.362 
439.000 0.357 
440.000 0.352 
441.000 0.346 
442.000 0.341 
443.000 0.338 
444.000 0.338 
445.000 0.341 
446.000 0.348 
447.000 0.356 
448.000 0.366 
449.000 0.376 
450.000 0.384 
451.000 0.390 
452.000 0.392 
453.000 0.390 
454.000 0.385 
455.000 0.377 
456.000 0.366 
457.000 0.354 
458.000 0.343 
459.000 0.334 
460.000 0.330 
461.000 0.332 
462.000 0.341 
463.000 0.357 
464.000 0.377 
465.000 0.397 
466.000 0.415 
467.000 0.427 
468.000 0.434 
469.000 0.433 
470.000 0.426 
471.000 0.412 
472.000 0.392 
473.000 0.365 
474.000 0.334 
475.000 0.302 
476.000 0.274 
477.000 0.259 
478.000 0.265 
479.000 0.295 
480.000 0.347 
481.000 0.951 
482.000 0.789 
483.000 0.828 
484.000 0.865 
485.000 0.900 
486.000 0.919 
487.000 0.927 
488.000 0.931 
489.000 0.929 
490.000 0.922 
491.000 0.912 
492.000 0.898 
493.000 0.882 
494.000 0.864 
495.000 0.847 
496.000 0.829 
497.000 0.812 
498.000 0.797 
499.000 0.784 
500.000 0.773 
501.000 0.764 
502.000 0.758 
503.000 0.755 
504.000 0.754 
505.000 0.755 
506.000 0.758 
507.000 0.762 
508.000 0.767 
509.000 0.773 
510.000 0.779 
511.000 0.786 
512.000 0.791 
513.000 0.797 
514.000 0.802 
515.000 0.806 
516.000 0.809 
517.000 0.812 
518.000 0.813 
519.000 0.814 
520.000 0.814 
521.000 0.814 
522.000 0.813 
523.000 0.811 
524.000 0.810 
525.000 0.808 
526.000 0.806 
527.000 0.804 
528.000 0.802 
529.000 0.800 
530.000 0.799 
531.000 0.798 
532.000 0.797 
533.000 0.796 
534.000 0.796 
535.000 0.795 
536.000 0.795 
537.000 0.796 
538.000 0.796 
539.000 0.796 
540.000 0.797 
541.000 0.798 
542.000 0.798 
543.000 0.799 
544.000 0.799 
545.000 0.800 
546.000 0.800 
547.000 0.801 
548.000 0.801 
549.000 0.801 
550.000 0.801 
551.000 0.801 
552.000 0.801 
553.000 0.801 
554.000 0.801 
555.000 0.801 
556.000 0.801 
557.000 0.801 
558.000 0.801 
559.000 0.800 
560.000 0.800 
561.000 0.800 
562.000 0.800 
563.000 0.800 
564.000 0.800 
565.000 0.800 
566.000 0.800 
567.000 0.800 
568.000 0.800 
569.000 0.800 
570.000 0.800 
571.000 0.800 
572.000 0.800 
573.000 0.800 
574.000 0.800 
575.000 0.800 
576.000 0.800 
577.000 0.800 
578.000 0.800 
579.000 0.800 
580.000 0.800 
581.000 0.800 
582.000 0.800 
583.000 0.800 
584.000 0.800 
585.000 0.800 
586.000 0.800 
587.000 0.800 
588.000 0.800 
589.000 0.800 
590.000 0.800 
591.000 0.800 
592.000 0.800 
593.000 0.800 
594.000 0.800 
595.000 0.800 
596.000 0.800 
597.000 0.800 
598.000 0.800 
599.000 0.800 
600.000 0.800 
601.000 1.000 
602.000 0.993 
603.000 1.000 
604.000 1.000 
605.000 1.000 
606.000 1.000 
607.000 1.000 
608.000 1.000 
609.000 1.000 
610.000 1.000 
611.000 1.000 
612.000 1.000 
613.000 1.000 
614.000 1.000 
615.000 1.000 
616.000 1.000 
617.000 1.000 
618.000 1.000 
619.000 1.000 
620.000 1.000 
621.000 1.000 
622.000 1.000 
623.000 1.000 
624.000 1.000 
625.000 1.000 
626.000 1.000 
627.000 1.000 
628.000 1.000 
629.000 1.000 
630.000 1.000 
631.000 1.000 
632.000 1.000 
633.000 1.000 
634.000 1.000 
635.000 1.000 
636.000 1.000 
637.000 1.000 
638.000 1.000 
639.000 1.000 
640.000 1.000 
641.000 1.000 
642.000 1.000 
643.000 1.000 
644.000 1.000 
645.000 1.000 
646.000 1.000 
647.000 1.000 
648.000 1.000 
649.000 1.000 
650.000 1.000 
651.000 1.000 
652.000 1.000 
653.000 1.000 
654.000 1.000 
655.000 1.000 
656.000 1.000 
657.000 1.000 
658.000 1.000 
659.000 1.000 
660.000 1.000 
661.000 1.000 
662.000 1.000 
663.000 1.000 
664.000 1.000 
665.000 1.000 
666.000 1.000 
667.000 1.000 
668.000 1.000 
669.000 1.000 
670.000 1.000 
671.000 1.000 
672.000 1.000 
673.000 1.000 
674.000 1.000 
675.000 1.000 
676.000 1.000 
677.000 1.000 
678.000 1.000 
679.000 1.000 
680.000 1.000 
681.000 1.000 
682.000 1.000 
683.000 1.000 
684.000 1.000 
685.000 1.000 
686.000 1.000 
687.000 1.000 
688.000 1.000 
689.000 1.000 
690.000 1.000 
691.000 1.000 
692.000 1.000 
693.000 1.000 
694.000 1.000 
695.000 1.000 
696.000 1.000 
697.000 1.000 
698.000 1.000 
699.000 1.000 
700.000 1.000 
701.000 1.000 
702.000 1.000 
703.000 1.000 
704.000 1.000 
705.000 1.000 
706.000 1.000 
707.000 1.000 
708.000 1.000 
709.000 1.000 
710.000 1.000 
711.000 1.000 
712.000 1.000 
713.000 1.000 
714.000 1.000 
715.000 1.000 
716.000 1.000 
717.000 1.000 
718.000 1.000 
719.000 1.000 
720.000 1.000 
721.000 1.000 
722.000 1.000 
723.000 1.000 
724.000 1.000 
725.000 1.000 
726.000 1.000 
727.000 1.000 
728.000 1.000 
729.000 1.000 
730.000 1.000 
731.000 1.000 
732.000 1.000 
733.000 1.000 
734.000 1.000 
735.000 1.000 
736.000 1.000 
737.000 1.000 
738.000 1.000 
739.000 1.000 
740.000 1.000 
741.000 1.000 
742.000 1.000 
743.000 1.000 
744.000 1.000 
745.000 1.000 
746.000 1.000 
747.000 1.000 
748.000 1.000 
749.000 1.000 
750.000 1.000 
751.000 1.000 
752.000 1.000 
753.000 1.000 
754.000 1.000 
755.000 1.000 
756.000 1.000 
757.000 1.000 
758.000 1.000 
759.000 1.000 
760.000 1.000 
761.000 1.000 
762.000 1.000 
763.000 1.000 
764.000 1.000 
765.000 1.000 
766.000 1.000 
767.000 1.000 
768.000 1.000 
769.000 1.000 
770.000 1.000 
771.000 1.000 
772.000 1.000 
773.000 1.000 
774.000 1.000 
775.000 1.000 
776.000 1.000 
777.000 1.000 
778.000 1.000 
779.000 1.000 
780.000 1.000 
781.000 1.000 
782.000 1.000 
783.000 1.000 
784.000 1.000 
785.000 1.000 
786.000 1.000 
787.000 1.000 
788.000 1.000 
789.000 1.000 
790.000 1.000 
791.000 1.000 
792.000 1.000 
793.000 1.000 
794.000 1.000 
795.000 1.000 
796.000 1.000 
797.000 1.000 
798.000 1.000 
799.000 1.000 
800.000 1.000 
