1.000 0.000 
2.000 0.000 
3.000 0.000 
4.000 0.000 
5.000 0.000 
6.000 0.000 
7.000 -0.764 
8.000 -0.451 
9.000 -0.454 
10.000 -0.456 
11.000 -0.458 
12.000 -0.270 
13.000 -0.126 
14.000 -0.108 
15.000 -0.095 
16.000 -0.087 
17.000 -0.079 
18.000 -0.113 
19.000 -0.176 
20.000 -0.226 
21.000 -0.263 
22.000 -0.289 
23.000 -0.300 
24.000 -0.285 
25.000 -0.254 
26.000 -0.223 
27.000 -0.197 
28.000 -0.178 
29.000 -0.166 
30.000 -0.164 
31.000 -0.171 
32.000 -0.184 
33.000 -0.200 
34.000 -0.215 
35.000 -0.228 
36.000 -0.235 
37.000 -0.236 
38.000 -0.233 
39.000 -0.226 
40.000 -0.218 
41.000 -0.211 
42.000 -0.205 
43.000 -0.202 
44.000 -0.202 
45.000 -0.205 
46.000 -0.209 
47.000 -0.214 
48.000 -0.219 
49.000 -0.222 
50.000 -0.224 
51.000 -0.225 
52.000 -0.225 
53.000 -0.223 
54.000 -0.221 
55.000 -0.220 
56.000 -0.219 
57.000 -0.219 
58.000 -0.219 
59.000 -0.220 
60.000 -0.221 
61.000 -0.223 
62.000 -0.225 
63.000 -0.226 
64.000 -0.227 
65.000 -0.227 
66.000 -0.228 
67.000 -0.228 
68.000 -0.228 
69.000 -0.228 
70.000 -0.228 
71.000 -0.228 
72.000 -0.229 
73.000 -0.229 
74.000 -0.230 
75.000 -0.231 
76.000 -0.232 
77.000 -0.232 
78.000 -0.233 
79.000 -0.233 
80.000 -0.234 
81.000 -0.234 
82.000 -0.235 
83.000 -0.235 
84.000 -0.235 
85.000 -0.236 
86.000 -0.236 
87.000 -0.237 
88.000 -0.237 
89.000 -0.238 
90.000 -0.239 
91.000 -0.239 
92.000 -0.240 
93.000 -0.240 
94.000 -0.241 
95.000 -0.241 
96.000 -0.241 
97.000 -0.242 
98.000 -0.242 
99.000 -0.243 
100.000 -0.243 
101.000 -0.244 
102.000 -0.244 
103.000 -0.245 
104.000 -0.245 
105.000 -0.246 
106.000 -0.246 
107.000 -0.247 
108.000 -0.247 
109.000 -0.248 
110.000 -0.248 
111.000 -0.249 
112.000 -0.249 
113.000 -0.250 
114.000 -0.250 
115.000 -0.251 
116.000 -0.251 
117.000 -0.252 
118.000 -0.252 
119.000 -0.253 
120.000 -0.253 
121.000 0.074 
122.000 -0.058 
123.000 -0.060 
124.000 -0.060 
125.000 -0.059 
126.000 -0.086 
127.000 -0.184 
128.000 -0.216 
129.000 -0.233 
130.000 -0.243 
131.000 -0.240 
132.000 -0.208 
133.000 -0.160 
134.000 -0.124 
135.000 -0.100 
136.000 -0.085 
137.000 -0.079 
138.000 -0.086 
139.000 -0.106 
140.000 -0.133 
141.000 -0.161 
142.000 -0.184 
143.000 -0.199 
144.000 -0.201 
145.000 -0.191 
146.000 -0.172 
147.000 -0.151 
148.000 -0.131 
149.000 -0.116 
150.000 -0.108 
151.000 -0.108 
152.000 -0.115 
153.000 -0.127 
154.000 -0.142 
155.000 -0.158 
156.000 -0.170 
157.000 -0.176 
158.000 -0.175 
159.000 -0.169 
160.000 -0.158 
161.000 -0.146 
162.000 -0.136 
163.000 -0.128 
164.000 -0.125 
165.000 -0.126 
166.000 -0.130 
167.000 -0.138 
168.000 -0.147 
169.000 -0.155 
170.000 -0.161 
171.000 -0.163 
172.000 -0.162 
173.000 -0.158 
174.000 -0.152 
175.000 -0.146 
176.000 -0.140 
177.000 -0.137 
178.000 -0.135 
179.000 -0.136 
180.000 -0.140 
181.000 -0.144 
182.000 -0.149 
183.000 -0.153 
184.000 -0.156 
185.000 -0.157 
186.000 -0.156 
187.000 -0.154 
188.000 -0.150 
189.000 -0.147 
190.000 -0.144 
191.000 -0.142 
192.000 -0.142 
193.000 -0.143 
194.000 -0.145 
195.000 -0.147 
196.000 -0.150 
197.000 -0.152 
198.000 -0.154 
199.000 -0.154 
200.000 -0.153 
201.000 -0.152 
202.000 -0.150 
203.000 -0.148 
204.000 -0.147 
205.000 -0.146 
206.000 -0.146 
207.000 -0.147 
208.000 -0.148 
209.000 -0.150 
210.000 -0.151 
211.000 -0.152 
212.000 -0.153 
213.000 -0.153 
214.000 -0.152 
215.000 -0.152 
216.000 -0.151 
217.000 -0.150 
218.000 -0.149 
219.000 -0.149 
220.000 -0.149 
221.000 -0.149 
222.000 -0.150 
223.000 -0.151 
224.000 -0.152 
225.000 -0.152 
226.000 -0.153 
227.000 -0.153 
228.000 -0.152 
229.000 -0.152 
230.000 -0.152 
231.000 -0.151 
232.000 -0.151 
233.000 -0.151 
234.000 -0.151 
235.000 -0.151 
236.000 -0.152 
237.000 -0.152 
238.000 -0.153 
239.000 -0.153 
240.000 -0.153 
241.000 1.000 
242.000 0.073 
243.000 0.842 
244.000 0.077 
245.000 0.846 
246.000 -0.054 
247.000 0.055 
248.000 -0.580 
249.000 -0.718 
250.000 -1.000 
251.000 -0.886 
252.000 -0.410 
253.000 0.325 
254.000 0.433 
255.000 0.392 
256.000 0.447 
257.000 0.360 
258.000 0.474 
259.000 0.167 
260.000 0.157 
261.000 -0.265 
262.000 -0.744 
263.000 -1.000 
264.000 -1.000 
265.000 -0.931 
266.000 -0.109 
267.000 0.530 
268.000 0.269 
269.000 0.629 
270.000 0.157 
271.000 0.783 
272.000 0.090 
273.000 0.562 
274.000 -0.124 
275.000 -0.273 
276.000 -0.933 
277.000 -0.946 
278.000 -1.000 
279.000 -0.586 
280.000 0.154 
281.000 0.558 
282.000 0.246 
283.000 0.661 
284.000 0.157 
285.000 0.781 
286.000 0.048 
287.000 0.440 
288.000 -0.162 
289.000 -0.444 
290.000 -1.000 
291.000 -0.951 
292.000 -1.000 
293.000 -0.360 
294.000 0.360 
295.000 0.443 
296.000 0.404 
297.000 0.446 
298.000 0.383 
299.000 0.452 
300.000 0.212 
301.000 0.140 
302.000 -0.268 
303.000 -0.772 
304.000 -1.000 
305.000 -1.000 
306.000 -0.977 
307.000 -0.104 
308.000 0.563 
309.000 0.255 
310.000 0.657 
311.000 0.179 
312.000 0.760 
313.000 0.110 
314.000 0.581 
315.000 -0.114 
316.000 -0.286 
317.000 -0.950 
318.000 -0.984 
319.000 -1.000 
320.000 -0.636 
321.000 0.156 
322.000 0.584 
323.000 0.234 
324.000 0.686 
325.000 0.177 
326.000 0.761 
327.000 0.068 
328.000 0.472 
329.000 -0.140 
330.000 -0.447 
331.000 -1.000 
332.000 -0.987 
333.000 -1.000 
334.000 -0.434 
335.000 0.347 
336.000 0.478 
337.000 0.376 
338.000 0.497 
339.000 0.324 
340.000 0.550 
341.000 0.109 
342.000 0.260 
343.000 -0.215 
344.000 -0.690 
345.000 -1.000 
346.000 -1.000 
347.000 -0.951 
348.000 -0.153 
349.000 0.551 
350.000 0.287 
351.000 0.625 
352.000 0.198 
353.000 0.739 
354.000 0.130 
355.000 0.583 
356.000 -0.096 
357.000 -0.260 
358.000 -0.917 
359.000 -0.984 
360.000 -1.000 
361.000 1.000 
362.000 0.400 
363.000 0.647 
364.000 0.475 
365.000 0.573 
366.000 0.469 
367.000 0.416 
368.000 0.390 
369.000 0.364 
370.000 0.200 
371.000 -0.003 
372.000 -0.270 
373.000 -0.398 
374.000 -0.369 
375.000 0.075 
376.000 0.913 
377.000 0.481 
378.000 0.614 
379.000 0.505 
380.000 0.578 
381.000 0.373 
382.000 0.490 
383.000 0.235 
384.000 0.434 
385.000 -0.049 
386.000 -0.240 
387.000 -0.511 
388.000 -0.250 
389.000 -0.155 
390.000 0.884 
391.000 0.508 
392.000 0.625 
393.000 0.551 
394.000 0.559 
395.000 0.448 
396.000 0.427 
397.000 0.364 
398.000 0.328 
399.000 0.029 
400.000 -0.283 
401.000 -0.523 
402.000 -0.513 
403.000 -0.312 
404.000 0.638 
405.000 0.538 
406.000 0.639 
407.000 0.582 
408.000 0.572 
409.000 0.525 
410.000 0.424 
411.000 0.432 
412.000 0.333 
413.000 0.219 
414.000 -0.091 
415.000 -0.436 
416.000 -0.602 
417.000 -0.479 
418.000 0.017 
419.000 0.984 
420.000 0.615 
421.000 0.628 
422.000 0.604 
423.000 0.599 
424.000 0.446 
425.000 0.433 
426.000 0.353 
427.000 0.242 
428.000 -0.138 
429.000 -0.616 
430.000 -0.814 
431.000 -0.717 
432.000 -0.240 
433.000 1.000 
434.000 0.671 
435.000 0.672 
436.000 0.640 
437.000 0.624 
438.000 0.503 
439.000 0.395 
440.000 0.423 
441.000 0.179 
442.000 -0.193 
443.000 -0.807 
444.000 -0.968 
445.000 -0.976 
446.000 -0.317 
447.000 1.000 
448.000 0.718 
449.000 0.708 
450.000 0.672 
451.000 0.655 
452.000 0.544 
453.000 0.372 
454.000 0.464 
455.000 0.135 
456.000 -0.275 
457.000 -0.997 
458.000 -1.000 
459.000 -1.000 
460.000 -0.357 
461.000 1.000 
462.000 0.760 
463.000 0.737 
464.000 0.695 
465.000 0.674 
466.000 0.568 
467.000 0.360 
468.000 0.486 
469.000 0.100 
470.000 -0.384 
471.000 -1.000 
472.000 -1.000 
473.000 -1.000 
474.000 -0.343 
475.000 1.000 
476.000 0.788 
477.000 0.756 
478.000 0.714 
479.000 0.695 
480.000 0.587 
481.000 1.000 
482.000 1.000 
483.000 1.000 
484.000 0.903 
485.000 0.868 
486.000 0.730 
487.000 0.551 
488.000 0.441 
489.000 0.474 
490.000 0.386 
491.000 0.513 
492.000 0.483 
493.000 0.711 
494.000 0.831 
495.000 1.000 
496.000 1.000 
497.000 1.000 
498.000 1.000 
499.000 1.000 
500.000 0.918 
501.000 0.745 
502.000 0.587 
503.000 0.456 
504.000 0.480 
505.000 0.387 
506.000 0.411 
507.000 0.552 
508.000 0.679 
509.000 0.857 
510.000 1.000 
511.000 1.000 
512.000 1.000 
513.000 1.000 
514.000 1.000 
515.000 1.000 
516.000 0.837 
517.000 0.678 
518.000 0.533 
519.000 0.471 
520.000 0.444 
521.000 0.349 
522.000 0.391 
523.000 0.699 
524.000 0.781 
525.000 1.000 
526.000 1.000 
527.000 1.000 
528.000 1.000 
529.000 1.000 
530.000 1.000 
531.000 0.989 
532.000 0.823 
533.000 0.671 
534.000 0.535 
535.000 0.478 
536.000 0.450 
537.000 0.313 
538.000 0.351 
539.000 0.728 
540.000 0.840 
541.000 1.000 
542.000 1.000 
543.000 1.000 
544.000 1.000 
545.000 1.000 
546.000 1.000 
547.000 1.000 
548.000 0.899 
549.000 0.747 
550.000 0.610 
551.000 0.489 
552.000 0.497 
553.000 0.345 
554.000 0.263 
555.000 0.460 
556.000 0.831 
557.000 0.994 
558.000 1.000 
559.000 1.000 
560.000 1.000 
561.000 1.000 
562.000 1.000 
563.000 1.000 
564.000 1.000 
565.000 0.913 
566.000 0.765 
567.000 0.633 
568.000 0.517 
569.000 0.497 
570.000 0.345 
571.000 0.203 
572.000 0.307 
573.000 0.889 
574.000 1.000 
575.000 1.000 
576.000 1.000 
577.000 1.000 
578.000 1.000 
579.000 1.000 
580.000 1.000 
581.000 1.000 
582.000 1.000 
583.000 0.898 
584.000 0.758 
585.000 0.635 
586.000 0.527 
587.000 0.465 
588.000 0.302 
589.000 0.093 
590.000 0.135 
591.000 0.924 
592.000 1.000 
593.000 1.000 
594.000 1.000 
595.000 1.000 
596.000 1.000 
597.000 1.000 
598.000 1.000 
599.000 1.000 
600.000 1.000 
601.000 1.000 
602.000 1.000 
603.000 1.000 
604.000 1.000 
605.000 1.000 
606.000 1.000 
607.000 1.000 
608.000 1.000 
609.000 1.000 
610.000 1.000 
611.000 1.000 
612.000 1.000 
613.000 1.000 
614.000 1.000 
615.000 1.000 
616.000 1.000 
617.000 1.000 
618.000 1.000 
619.000 1.000 
620.000 1.000 
621.000 1.000 
622.000 1.000 
623.000 1.000 
624.000 1.000 
625.000 1.000 
626.000 1.000 
627.000 1.000 
628.000 1.000 
629.000 1.000 
630.000 1.000 
631.000 1.000 
632.000 1.000 
633.000 1.000 
634.000 1.000 
635.000 1.000 
636.000 1.000 
637.000 1.000 
638.000 1.000 
639.000 1.000 
640.000 1.000 
641.000 1.000 
642.000 1.000 
643.000 1.000 
644.000 1.000 
645.000 1.000 
646.000 1.000 
647.000 1.000 
648.000 1.000 
649.000 1.000 
650.000 1.000 
651.000 1.000 
652.000 1.000 
653.000 1.000 
654.000 1.000 
655.000 1.000 
656.000 1.000 
657.000 1.000 
658.000 1.000 
659.000 1.000 
660.000 1.000 
661.000 1.000 
662.000 1.000 
663.000 1.000 
664.000 1.000 
665.000 1.000 
666.000 1.000 
667.000 1.000 
668.000 1.000 
669.000 1.000 
670.000 1.000 
671.000 1.000 
672.000 1.000 
673.000 1.000 
674.000 1.000 
675.000 1.000 
676.000 1.000 
677.000 1.000 
678.000 1.000 
679.000 1.000 
680.000 1.000 
681.000 1.000 
682.000 1.000 
683.000 1.000 
684.000 1.000 
685.000 1.000 
686.000 1.000 
687.000 1.000 
688.000 1.000 
689.000 1.000 
690.000 1.000 
691.000 1.000 
692.000 1.000 
693.000 1.000 
694.000 1.000 
695.000 1.000 
696.000 1.000 
697.000 1.000 
698.000 1.000 
699.000 1.000 
700.000 1.000 
701.000 1.000 
702.000 1.000 
703.000 1.000 
704.000 1.000 
705.000 1.000 
706.000 1.000 
707.000 1.000 
708.000 1.000 
709.000 1.000 
710.000 1.000 
711.000 1.000 
712.000 1.000 
713.000 1.000 
714.000 1.000 
715.000 1.000 
716.000 1.000 
717.000 1.000 
718.000 1.000 
719.000 1.000 
720.000 1.000 
721.000 1.000 
722.000 1.000 
723.000 1.000 
724.000 1.000 
725.000 1.000 
726.000 1.000 
727.000 1.000 
728.000 1.000 
729.000 1.000 
730.000 1.000 
731.000 1.000 
732.000 1.000 
733.000 1.000 
734.000 1.000 
735.000 1.000 
736.000 1.000 
737.000 1.000 
738.000 1.000 
739.000 1.000 
740.000 1.000 
741.000 1.000 
742.000 1.000 
743.000 1.000 
744.000 1.000 
745.000 1.000 
746.000 1.000 
747.000 1.000 
748.000 1.000 
749.000 1.000 
750.000 1.000 
751.000 1.000 
752.000 1.000 
753.000 1.000 
754.000 1.000 
755.000 1.000 
756.000 1.000 
757.000 1.000 
758.000 1.000 
759.000 1.000 
760.000 1.000 
761.000 1.000 
762.000 1.000 
763.000 1.000 
764.000 1.000 
765.000 1.000 
766.000 1.000 
767.000 1.000 
768.000 1.000 
769.000 1.000 
770.000 1.000 
771.000 1.000 
772.000 1.000 
773.000 1.000 
774.000 1.000 
775.000 1.000 
776.000 1.000 
777.000 1.000 
778.000 1.000 
779.000 1.000 
780.000 1.000 
781.000 1.000 
782.000 1.000 
783.000 1.000 
784.000 1.000 
785.000 1.000 
786.000 1.000 
787.000 1.000 
788.000 1.000 
789.000 1.000 
790.000 1.000 
791.000 1.000 
792.000 1.000 
793.000 1.000 
794.000 1.000 
795.000 1.000 
796.000 1.000 
797.000 1.000 
798.000 1.000 
799.000 1.000 
800.000 1.000 
