1.000 0.000 
2.000 0.000 
3.000 0.000 
4.000 0.000 
5.000 0.000 
6.000 0.000 
7.000 -0.771 
8.000 -0.471 
9.000 -0.474 
10.000 -0.476 
11.000 -0.479 
12.000 -0.287 
13.000 -0.138 
14.000 -0.112 
15.000 -0.096 
16.000 -0.085 
17.000 -0.077 
18.000 -0.109 
19.000 -0.172 
20.000 -0.225 
21.000 -0.267 
22.000 -0.299 
23.000 -0.313 
24.000 -0.300 
25.000 -0.269 
26.000 -0.235 
27.000 -0.206 
28.000 -0.184 
29.000 -0.170 
30.000 -0.166 
31.000 -0.171 
32.000 -0.184 
33.000 -0.200 
34.000 -0.217 
35.000 -0.232 
36.000 -0.241 
37.000 -0.245 
38.000 -0.242 
39.000 -0.235 
40.000 -0.227 
41.000 -0.218 
42.000 -0.211 
43.000 -0.207 
44.000 -0.207 
45.000 -0.208 
46.000 -0.212 
47.000 -0.218 
48.000 -0.223 
49.000 -0.227 
50.000 -0.230 
51.000 -0.232 
52.000 -0.231 
53.000 -0.230 
54.000 -0.228 
55.000 -0.226 
56.000 -0.225 
57.000 -0.224 
58.000 -0.224 
59.000 -0.225 
60.000 -0.226 
61.000 -0.228 
62.000 -0.230 
63.000 -0.231 
64.000 -0.233 
65.000 -0.233 
66.000 -0.234 
67.000 -0.234 
68.000 -0.234 
69.000 -0.234 
70.000 -0.234 
71.000 -0.234 
72.000 -0.234 
73.000 -0.235 
74.000 -0.236 
75.000 -0.236 
76.000 -0.237 
77.000 -0.238 
78.000 -0.239 
79.000 -0.239 
80.000 -0.240 
81.000 -0.240 
82.000 -0.241 
83.000 -0.241 
84.000 -0.241 
85.000 -0.242 
86.000 -0.242 
87.000 -0.243 
88.000 -0.243 
89.000 -0.244 
90.000 -0.244 
91.000 -0.245 
92.000 -0.246 
93.000 -0.246 
94.000 -0.247 
95.000 -0.247 
96.000 -0.248 
97.000 -0.248 
98.000 -0.249 
99.000 -0.249 
100.000 -0.250 
101.000 -0.250 
102.000 -0.251 
103.000 -0.251 
104.000 -0.252 
105.000 -0.252 
106.000 -0.253 
107.000 -0.253 
108.000 -0.254 
109.000 -0.254 
110.000 -0.255 
111.000 -0.255 
112.000 -0.256 
113.000 -0.256 
114.000 -0.257 
115.000 -0.257 
116.000 -0.258 
117.000 -0.258 
118.000 -0.259 
119.000 -0.259 
120.000 -0.260 
121.000 0.070 
122.000 -0.056 
123.000 -0.058 
124.000 -0.057 
125.000 -0.057 
126.000 -0.081 
127.000 -0.183 
128.000 -0.220 
129.000 -0.241 
130.000 -0.253 
131.000 -0.252 
132.000 -0.220 
133.000 -0.170 
134.000 -0.130 
135.000 -0.102 
136.000 -0.084 
137.000 -0.076 
138.000 -0.081 
139.000 -0.101 
140.000 -0.129 
141.000 -0.160 
142.000 -0.187 
143.000 -0.206 
144.000 -0.211 
145.000 -0.202 
146.000 -0.183 
147.000 -0.159 
148.000 -0.136 
149.000 -0.118 
150.000 -0.107 
151.000 -0.104 
152.000 -0.110 
153.000 -0.123 
154.000 -0.140 
155.000 -0.158 
156.000 -0.173 
157.000 -0.182 
158.000 -0.184 
159.000 -0.178 
160.000 -0.167 
161.000 -0.153 
162.000 -0.140 
163.000 -0.130 
164.000 -0.124 
165.000 -0.123 
166.000 -0.127 
167.000 -0.135 
168.000 -0.146 
169.000 -0.156 
170.000 -0.164 
171.000 -0.169 
172.000 -0.169 
173.000 -0.166 
174.000 -0.159 
175.000 -0.151 
176.000 -0.144 
177.000 -0.138 
178.000 -0.135 
179.000 -0.135 
180.000 -0.138 
181.000 -0.143 
182.000 -0.149 
183.000 -0.155 
184.000 -0.159 
185.000 -0.162 
186.000 -0.162 
187.000 -0.159 
188.000 -0.155 
189.000 -0.151 
190.000 -0.147 
191.000 -0.144 
192.000 -0.142 
193.000 -0.143 
194.000 -0.145 
195.000 -0.148 
196.000 -0.151 
197.000 -0.154 
198.000 -0.157 
199.000 -0.158 
200.000 -0.158 
201.000 -0.156 
202.000 -0.154 
203.000 -0.152 
204.000 -0.149 
205.000 -0.148 
206.000 -0.147 
207.000 -0.147 
208.000 -0.149 
209.000 -0.150 
210.000 -0.152 
211.000 -0.154 
212.000 -0.156 
213.000 -0.156 
214.000 -0.156 
215.000 -0.155 
216.000 -0.154 
217.000 -0.153 
218.000 -0.151 
219.000 -0.151 
220.000 -0.150 
221.000 -0.151 
222.000 -0.151 
223.000 -0.152 
224.000 -0.154 
225.000 -0.155 
226.000 -0.155 
227.000 -0.156 
228.000 -0.155 
229.000 -0.155 
230.000 -0.154 
231.000 -0.154 
232.000 -0.153 
233.000 -0.153 
234.000 -0.153 
235.000 -0.153 
236.000 -0.153 
237.000 -0.154 
238.000 -0.155 
239.000 -0.155 
240.000 -0.156 
241.000 1.000 
242.000 0.075 
243.000 0.880 
244.000 0.080 
245.000 0.878 
246.000 -0.056 
247.000 0.081 
248.000 -0.585 
249.000 -0.776 
250.000 -1.000 
251.000 -0.989 
252.000 -0.524 
253.000 0.268 
254.000 0.489 
255.000 0.327 
256.000 0.543 
257.000 0.227 
258.000 0.676 
259.000 0.020 
260.000 0.378 
261.000 -0.200 
262.000 -0.575 
263.000 -1.000 
264.000 -0.951 
265.000 -0.950 
266.000 -0.250 
267.000 0.438 
268.000 0.371 
269.000 0.493 
270.000 0.312 
271.000 0.565 
272.000 0.164 
273.000 0.544 
274.000 -0.093 
275.000 -0.320 
276.000 -0.925 
277.000 -1.000 
278.000 -1.000 
279.000 -0.743 
280.000 0.089 
281.000 0.598 
282.000 0.204 
283.000 0.722 
284.000 0.163 
285.000 0.778 
286.000 0.064 
287.000 0.546 
288.000 -0.151 
289.000 -0.422 
290.000 -1.000 
291.000 -1.000 
292.000 -1.000 
293.000 -0.555 
294.000 0.255 
295.000 0.534 
296.000 0.293 
297.000 0.603 
298.000 0.168 
299.000 0.768 
300.000 0.041 
301.000 0.422 
302.000 -0.177 
303.000 -0.476 
304.000 -1.000 
305.000 -0.969 
306.000 -1.000 
307.000 -0.328 
308.000 0.399 
309.000 0.430 
310.000 0.432 
311.000 0.416 
312.000 0.433 
313.000 0.383 
314.000 0.314 
315.000 0.081 
316.000 -0.282 
317.000 -0.837 
318.000 -1.000 
319.000 -1.000 
320.000 -1.000 
321.000 -0.128 
322.000 0.576 
323.000 0.258 
324.000 0.659 
325.000 0.192 
326.000 0.746 
327.000 0.119 
328.000 0.621 
329.000 -0.120 
330.000 -0.285 
331.000 -0.970 
332.000 -1.000 
333.000 -1.000 
334.000 -0.718 
335.000 0.117 
336.000 0.624 
337.000 0.231 
338.000 0.696 
339.000 0.189 
340.000 0.750 
341.000 0.081 
342.000 0.530 
343.000 -0.136 
344.000 -0.446 
345.000 -1.000 
346.000 -1.000 
347.000 -1.000 
348.000 -0.561 
349.000 0.289 
350.000 0.541 
351.000 0.308 
352.000 0.596 
353.000 0.199 
354.000 0.733 
355.000 0.059 
356.000 0.427 
357.000 -0.160 
358.000 -0.501 
359.000 -1.000 
360.000 -1.000 
361.000 1.000 
362.000 0.312 
363.000 0.718 
364.000 0.490 
365.000 0.580 
366.000 0.486 
367.000 0.420 
368.000 0.401 
369.000 0.348 
370.000 0.256 
371.000 -0.004 
372.000 -0.288 
373.000 -0.462 
374.000 -0.420 
375.000 -0.087 
376.000 0.880 
377.000 0.500 
378.000 0.618 
379.000 0.525 
380.000 0.573 
381.000 0.413 
382.000 0.454 
383.000 0.303 
384.000 0.433 
385.000 -0.019 
386.000 -0.240 
387.000 -0.519 
388.000 -0.419 
389.000 -0.380 
390.000 0.649 
391.000 0.520 
392.000 0.638 
393.000 0.568 
394.000 0.562 
395.000 0.518 
396.000 0.414 
397.000 0.431 
398.000 0.319 
399.000 0.247 
400.000 -0.073 
401.000 -0.400 
402.000 -0.580 
403.000 -0.447 
404.000 -0.023 
405.000 1.000 
406.000 0.598 
407.000 0.618 
408.000 0.593 
409.000 0.587 
410.000 0.438 
411.000 0.425 
412.000 0.348 
413.000 0.252 
414.000 -0.124 
415.000 -0.587 
416.000 -0.788 
417.000 -0.697 
418.000 -0.258 
419.000 1.000 
420.000 0.659 
421.000 0.662 
422.000 0.629 
423.000 0.610 
424.000 0.487 
425.000 0.396 
426.000 0.406 
427.000 0.199 
428.000 -0.165 
429.000 -0.761 
430.000 -0.944 
431.000 -0.941 
432.000 -0.354 
433.000 1.000 
434.000 0.708 
435.000 0.701 
436.000 0.664 
437.000 0.642 
438.000 0.532 
439.000 0.370 
440.000 0.455 
441.000 0.141 
442.000 -0.249 
443.000 -0.967 
444.000 -1.000 
445.000 -1.000 
446.000 -0.383 
447.000 1.000 
448.000 0.754 
449.000 0.732 
450.000 0.689 
451.000 0.665 
452.000 0.559 
453.000 0.354 
454.000 0.481 
455.000 0.095 
456.000 -0.372 
457.000 -1.000 
458.000 -1.000 
459.000 -1.000 
460.000 -0.358 
461.000 1.000 
462.000 0.786 
463.000 0.753 
464.000 0.709 
465.000 0.687 
466.000 0.578 
467.000 0.345 
468.000 0.497 
469.000 0.066 
470.000 -0.489 
471.000 -1.000 
472.000 -1.000 
473.000 -1.000 
474.000 -0.351 
475.000 1.000 
476.000 0.814 
477.000 0.774 
478.000 0.729 
479.000 0.708 
480.000 0.597 
481.000 1.000 
482.000 1.000 
483.000 0.997 
484.000 0.893 
485.000 0.857 
486.000 0.716 
487.000 0.535 
488.000 0.443 
489.000 0.463 
490.000 0.397 
491.000 0.505 
492.000 0.516 
493.000 0.721 
494.000 0.877 
495.000 1.000 
496.000 1.000 
497.000 1.000 
498.000 1.000 
499.000 1.000 
500.000 0.902 
501.000 0.727 
502.000 0.566 
503.000 0.455 
504.000 0.466 
505.000 0.396 
506.000 0.400 
507.000 0.600 
508.000 0.691 
509.000 0.910 
510.000 1.000 
511.000 1.000 
512.000 1.000 
513.000 1.000 
514.000 1.000 
515.000 0.994 
516.000 0.818 
517.000 0.657 
518.000 0.512 
519.000 0.474 
520.000 0.426 
521.000 0.337 
522.000 0.401 
523.000 0.723 
524.000 0.829 
525.000 1.000 
526.000 1.000 
527.000 1.000 
528.000 1.000 
529.000 1.000 
530.000 1.000 
531.000 0.991 
532.000 0.821 
533.000 0.666 
534.000 0.528 
535.000 0.478 
536.000 0.443 
537.000 0.301 
538.000 0.333 
539.000 0.747 
540.000 0.869 
541.000 1.000 
542.000 1.000 
543.000 1.000 
544.000 1.000 
545.000 1.000 
546.000 1.000 
547.000 1.000 
548.000 0.917 
549.000 0.759 
550.000 0.619 
551.000 0.495 
552.000 0.494 
553.000 0.350 
554.000 0.244 
555.000 0.395 
556.000 0.853 
557.000 1.000 
558.000 1.000 
559.000 1.000 
560.000 1.000 
561.000 1.000 
562.000 1.000 
563.000 1.000 
564.000 1.000 
565.000 0.954 
566.000 0.799 
567.000 0.661 
568.000 0.540 
569.000 0.492 
570.000 0.366 
571.000 0.192 
572.000 0.158 
573.000 0.736 
574.000 0.986 
575.000 1.000 
576.000 1.000 
577.000 1.000 
578.000 1.000 
579.000 1.000 
580.000 1.000 
581.000 1.000 
582.000 1.000 
583.000 1.000 
584.000 0.867 
585.000 0.729 
586.000 0.609 
587.000 0.505 
588.000 0.420 
589.000 0.210 
590.000 -0.077 
591.000 0.080 
592.000 0.990 
593.000 1.000 
594.000 1.000 
595.000 1.000 
596.000 1.000 
597.000 1.000 
598.000 1.000 
599.000 1.000 
600.000 1.000 
601.000 1.000 
602.000 1.000 
603.000 1.000 
604.000 1.000 
605.000 1.000 
606.000 1.000 
607.000 1.000 
608.000 1.000 
609.000 1.000 
610.000 1.000 
611.000 1.000 
612.000 1.000 
613.000 1.000 
614.000 1.000 
615.000 1.000 
616.000 1.000 
617.000 1.000 
618.000 1.000 
619.000 1.000 
620.000 1.000 
621.000 1.000 
622.000 1.000 
623.000 1.000 
624.000 1.000 
625.000 1.000 
626.000 1.000 
627.000 1.000 
628.000 1.000 
629.000 1.000 
630.000 1.000 
631.000 1.000 
632.000 1.000 
633.000 1.000 
634.000 1.000 
635.000 1.000 
636.000 1.000 
637.000 1.000 
638.000 1.000 
639.000 1.000 
640.000 1.000 
641.000 1.000 
642.000 1.000 
643.000 1.000 
644.000 1.000 
645.000 1.000 
646.000 1.000 
647.000 1.000 
648.000 1.000 
649.000 1.000 
650.000 1.000 
651.000 1.000 
652.000 1.000 
653.000 1.000 
654.000 1.000 
655.000 1.000 
656.000 1.000 
657.000 1.000 
658.000 1.000 
659.000 1.000 
660.000 1.000 
661.000 1.000 
662.000 1.000 
663.000 1.000 
664.000 1.000 
665.000 1.000 
666.000 1.000 
667.000 1.000 
668.000 1.000 
669.000 1.000 
670.000 1.000 
671.000 1.000 
672.000 1.000 
673.000 1.000 
674.000 1.000 
675.000 1.000 
676.000 1.000 
677.000 1.000 
678.000 1.000 
679.000 1.000 
680.000 1.000 
681.000 1.000 
682.000 1.000 
683.000 1.000 
684.000 1.000 
685.000 1.000 
686.000 1.000 
687.000 1.000 
688.000 1.000 
689.000 1.000 
690.000 1.000 
691.000 1.000 
692.000 1.000 
693.000 1.000 
694.000 1.000 
695.000 1.000 
696.000 1.000 
697.000 1.000 
698.000 1.000 
699.000 1.000 
700.000 1.000 
701.000 1.000 
702.000 1.000 
703.000 1.000 
704.000 1.000 
705.000 1.000 
706.000 1.000 
707.000 1.000 
708.000 1.000 
709.000 1.000 
710.000 1.000 
711.000 1.000 
712.000 1.000 
713.000 1.000 
714.000 1.000 
715.000 1.000 
716.000 1.000 
717.000 1.000 
718.000 1.000 
719.000 1.000 
720.000 1.000 
721.000 1.000 
722.000 1.000 
723.000 1.000 
724.000 1.000 
725.000 1.000 
726.000 1.000 
727.000 1.000 
728.000 1.000 
729.000 1.000 
730.000 1.000 
731.000 1.000 
732.000 1.000 
733.000 1.000 
734.000 1.000 
735.000 1.000 
736.000 1.000 
737.000 1.000 
738.000 1.000 
739.000 1.000 
740.000 1.000 
741.000 1.000 
742.000 1.000 
743.000 1.000 
744.000 1.000 
745.000 1.000 
746.000 1.000 
747.000 1.000 
748.000 1.000 
749.000 1.000 
750.000 1.000 
751.000 1.000 
752.000 1.000 
753.000 1.000 
754.000 1.000 
755.000 1.000 
756.000 1.000 
757.000 1.000 
758.000 1.000 
759.000 1.000 
760.000 1.000 
761.000 1.000 
762.000 1.000 
763.000 1.000 
764.000 1.000 
765.000 1.000 
766.000 1.000 
767.000 1.000 
768.000 1.000 
769.000 1.000 
770.000 1.000 
771.000 1.000 
772.000 1.000 
773.000 1.000 
774.000 1.000 
775.000 1.000 
776.000 1.000 
777.000 1.000 
778.000 1.000 
779.000 1.000 
780.000 1.000 
781.000 1.000 
782.000 1.000 
783.000 1.000 
784.000 1.000 
785.000 1.000 
786.000 1.000 
787.000 1.000 
788.000 1.000 
789.000 1.000 
790.000 1.000 
791.000 1.000 
792.000 1.000 
793.000 1.000 
794.000 1.000 
795.000 1.000 
796.000 1.000 
797.000 1.000 
798.000 1.000 
799.000 1.000 
800.000 1.000 
