1.000 0.000 
2.000 0.000 
3.000 0.000 
4.000 0.000 
5.000 0.000 
6.000 0.000 
7.000 -0.106 
8.000 -0.042 
9.000 -0.042 
10.000 -0.042 
11.000 -0.042 
12.000 -0.037 
13.000 -0.033 
14.000 -0.033 
15.000 -0.034 
16.000 -0.034 
17.000 -0.035 
18.000 -0.036 
19.000 -0.037 
20.000 -0.037 
21.000 -0.037 
22.000 -0.037 
23.000 -0.037 
24.000 -0.037 
25.000 -0.037 
26.000 -0.037 
27.000 -0.037 
28.000 -0.037 
29.000 -0.038 
30.000 -0.038 
31.000 -0.038 
32.000 -0.038 
33.000 -0.038 
34.000 -0.038 
35.000 -0.038 
36.000 -0.038 
37.000 -0.039 
38.000 -0.039 
39.000 -0.039 
40.000 -0.039 
41.000 -0.039 
42.000 -0.039 
43.000 -0.039 
44.000 -0.039 
45.000 -0.040 
46.000 -0.040 
47.000 -0.040 
48.000 -0.040 
49.000 -0.040 
50.000 -0.040 
51.000 -0.040 
52.000 -0.040 
53.000 -0.041 
54.000 -0.041 
55.000 -0.041 
56.000 -0.041 
57.000 -0.041 
58.000 -0.041 
59.000 -0.041 
60.000 -0.041 
61.000 -0.041 
62.000 -0.042 
63.000 -0.042 
64.000 -0.042 
65.000 -0.042 
66.000 -0.042 
67.000 -0.042 
68.000 -0.042 
69.000 -0.042 
70.000 -0.043 
71.000 -0.043 
72.000 -0.043 
73.000 -0.043 
74.000 -0.043 
75.000 -0.043 
76.000 -0.043 
77.000 -0.043 
78.000 -0.043 
79.000 -0.044 
80.000 -0.044 
81.000 -0.044 
82.000 -0.044 
83.000 -0.044 
84.000 -0.044 
85.000 -0.044 
86.000 -0.044 
87.000 -0.045 
88.000 -0.045 
89.000 -0.045 
90.000 -0.045 
91.000 -0.045 
92.000 -0.045 
93.000 -0.045 
94.000 -0.045 
95.000 -0.045 
96.000 -0.046 
97.000 -0.046 
98.000 -0.046 
99.000 -0.046 
100.000 -0.046 
101.000 -0.046 
102.000 -0.046 
103.000 -0.046 
104.000 -0.047 
105.000 -0.047 
106.000 -0.047 
107.000 -0.047 
108.000 -0.047 
109.000 -0.047 
110.000 -0.047 
111.000 -0.047 
112.000 -0.047 
113.000 -0.048 
114.000 -0.048 
115.000 -0.048 
116.000 -0.048 
117.000 -0.048 
118.000 -0.048 
119.000 -0.048 
120.000 -0.048 
121.000 -0.003 
122.000 -0.031 
123.000 -0.031 
124.000 -0.031 
125.000 -0.031 
126.000 -0.033 
127.000 -0.035 
128.000 -0.035 
129.000 -0.035 
130.000 -0.034 
131.000 -0.034 
132.000 -0.034 
133.000 -0.034 
134.000 -0.034 
135.000 -0.034 
136.000 -0.034 
137.000 -0.034 
138.000 -0.034 
139.000 -0.034 
140.000 -0.034 
141.000 -0.034 
142.000 -0.034 
143.000 -0.035 
144.000 -0.035 
145.000 -0.035 
146.000 -0.035 
147.000 -0.035 
148.000 -0.035 
149.000 -0.035 
150.000 -0.035 
151.000 -0.035 
152.000 -0.035 
153.000 -0.035 
154.000 -0.035 
155.000 -0.035 
156.000 -0.035 
157.000 -0.035 
158.000 -0.035 
159.000 -0.035 
160.000 -0.036 
161.000 -0.036 
162.000 -0.036 
163.000 -0.036 
164.000 -0.036 
165.000 -0.036 
166.000 -0.036 
167.000 -0.036 
168.000 -0.036 
169.000 -0.036 
170.000 -0.036 
171.000 -0.036 
172.000 -0.036 
173.000 -0.036 
174.000 -0.036 
175.000 -0.036 
176.000 -0.036 
177.000 -0.037 
178.000 -0.037 
179.000 -0.037 
180.000 -0.037 
181.000 -0.037 
182.000 -0.037 
183.000 -0.037 
184.000 -0.037 
185.000 -0.037 
186.000 -0.037 
187.000 -0.037 
188.000 -0.037 
189.000 -0.037 
190.000 -0.037 
191.000 -0.037 
192.000 -0.037 
193.000 -0.037 
194.000 -0.038 
195.000 -0.038 
196.000 -0.038 
197.000 -0.038 
198.000 -0.038 
199.000 -0.038 
200.000 -0.038 
201.000 -0.038 
202.000 -0.038 
203.000 -0.038 
204.000 -0.038 
205.000 -0.038 
206.000 -0.038 
207.000 -0.038 
208.000 -0.038 
209.000 -0.038 
210.000 -0.038 
211.000 -0.038 
212.000 -0.039 
213.000 -0.039 
214.000 -0.039 
215.000 -0.039 
216.000 -0.039 
217.000 -0.039 
218.000 -0.039 
219.000 -0.039 
220.000 -0.039 
221.000 -0.039 
222.000 -0.039 
223.000 -0.039 
224.000 -0.039 
225.000 -0.039 
226.000 -0.039 
227.000 -0.039 
228.000 -0.039 
229.000 -0.040 
230.000 -0.040 
231.000 -0.040 
232.000 -0.040 
233.000 -0.040 
234.000 -0.040 
235.000 -0.040 
236.000 -0.040 
237.000 -0.040 
238.000 -0.040 
239.000 -0.040 
240.000 -0.040 
241.000 0.217 
242.000 -0.010 
243.000 0.061 
244.000 0.042 
245.000 0.048 
246.000 0.033 
247.000 0.032 
248.000 0.034 
249.000 0.033 
250.000 0.034 
251.000 0.035 
252.000 0.037 
253.000 0.038 
254.000 0.038 
255.000 0.039 
256.000 0.039 
257.000 0.039 
258.000 0.039 
259.000 0.039 
260.000 0.039 
261.000 0.040 
262.000 0.040 
263.000 0.040 
264.000 0.040 
265.000 0.041 
266.000 0.041 
267.000 0.041 
268.000 0.041 
269.000 0.042 
270.000 0.042 
271.000 0.042 
272.000 0.042 
273.000 0.043 
274.000 0.043 
275.000 0.043 
276.000 0.043 
277.000 0.044 
278.000 0.044 
279.000 0.044 
280.000 0.045 
281.000 0.045 
282.000 0.045 
283.000 0.045 
284.000 0.046 
285.000 0.046 
286.000 0.046 
287.000 0.046 
288.000 0.047 
289.000 0.047 
290.000 0.047 
291.000 0.047 
292.000 0.048 
293.000 0.048 
294.000 0.048 
295.000 0.049 
296.000 0.049 
297.000 0.049 
298.000 0.049 
299.000 0.050 
300.000 0.050 
301.000 0.050 
302.000 0.050 
303.000 0.051 
304.000 0.051 
305.000 0.051 
306.000 0.052 
307.000 0.052 
308.000 0.052 
309.000 0.052 
310.000 0.053 
311.000 0.053 
312.000 0.053 
313.000 0.054 
314.000 0.054 
315.000 0.054 
316.000 0.054 
317.000 0.055 
318.000 0.055 
319.000 0.055 
320.000 0.056 
321.000 0.056 
322.000 0.056 
323.000 0.056 
324.000 0.057 
325.000 0.057 
326.000 0.057 
327.000 0.058 
328.000 0.058 
329.000 0.058 
330.000 0.058 
331.000 0.059 
332.000 0.059 
333.000 0.059 
334.000 0.060 
335.000 0.060 
336.000 0.060 
337.000 0.060 
338.000 0.061 
339.000 0.061 
340.000 0.061 
341.000 0.062 
342.000 0.062 
343.000 0.062 
344.000 0.063 
345.000 0.063 
346.000 0.063 
347.000 0.063 
348.000 0.064 
349.000 0.064 
350.000 0.064 
351.000 0.065 
352.000 0.065 
353.000 0.065 
354.000 0.066 
355.000 0.066 
356.000 0.066 
357.000 0.066 
358.000 0.067 
359.000 0.067 
360.000 0.067 
361.000 0.501 
362.000 0.136 
363.000 0.226 
364.000 0.208 
365.000 0.215 
366.000 0.189 
367.000 0.181 
368.000 0.180 
369.000 0.178 
370.000 0.178 
371.000 0.182 
372.000 0.188 
373.000 0.193 
374.000 0.198 
375.000 0.202 
376.000 0.205 
377.000 0.207 
378.000 0.209 
379.000 0.209 
380.000 0.210 
381.000 0.210 
382.000 0.211 
383.000 0.212 
384.000 0.213 
385.000 0.214 
386.000 0.216 
387.000 0.218 
388.000 0.220 
389.000 0.222 
390.000 0.224 
391.000 0.225 
392.000 0.227 
393.000 0.229 
394.000 0.230 
395.000 0.232 
396.000 0.233 
397.000 0.235 
398.000 0.236 
399.000 0.238 
400.000 0.240 
401.000 0.241 
402.000 0.243 
403.000 0.245 
404.000 0.246 
405.000 0.248 
406.000 0.250 
407.000 0.252 
408.000 0.253 
409.000 0.255 
410.000 0.257 
411.000 0.258 
412.000 0.260 
413.000 0.262 
414.000 0.263 
415.000 0.265 
416.000 0.267 
417.000 0.268 
418.000 0.270 
419.000 0.272 
420.000 0.273 
421.000 0.275 
422.000 0.277 
423.000 0.279 
424.000 0.280 
425.000 0.282 
426.000 0.284 
427.000 0.285 
428.000 0.287 
429.000 0.289 
430.000 0.290 
431.000 0.292 
432.000 0.294 
433.000 0.295 
434.000 0.297 
435.000 0.299 
436.000 0.300 
437.000 0.302 
438.000 0.303 
439.000 0.305 
440.000 0.307 
441.000 0.308 
442.000 0.310 
443.000 0.311 
444.000 0.313 
445.000 0.315 
446.000 0.316 
447.000 0.318 
448.000 0.319 
449.000 0.321 
450.000 0.322 
451.000 0.324 
452.000 0.325 
453.000 0.327 
454.000 0.328 
455.000 0.330 
456.000 0.331 
457.000 0.332 
458.000 0.334 
459.000 0.335 
460.000 0.337 
461.000 0.338 
462.000 0.339 
463.000 0.341 
464.000 0.342 
465.000 0.343 
466.000 0.344 
467.000 0.346 
468.000 0.347 
469.000 0.348 
470.000 0.349 
471.000 0.351 
472.000 0.352 
473.000 0.353 
474.000 0.354 
475.000 0.355 
476.000 0.356 
477.000 0.357 
478.000 0.358 
479.000 0.359 
480.000 0.360 
481.000 0.858 
482.000 0.703 
483.000 0.725 
484.000 0.748 
485.000 0.770 
486.000 0.783 
487.000 0.791 
488.000 0.796 
489.000 0.799 
490.000 0.799 
491.000 0.798 
492.000 0.796 
493.000 0.793 
494.000 0.789 
495.000 0.786 
496.000 0.782 
497.000 0.779 
498.000 0.776 
499.000 0.774 
500.000 0.772 
501.000 0.771 
502.000 0.771 
503.000 0.771 
504.000 0.772 
505.000 0.773 
506.000 0.775 
507.000 0.776 
508.000 0.778 
509.000 0.781 
510.000 0.783 
511.000 0.785 
512.000 0.787 
513.000 0.789 
514.000 0.790 
515.000 0.792 
516.000 0.793 
517.000 0.795 
518.000 0.796 
519.000 0.796 
520.000 0.797 
521.000 0.797 
522.000 0.798 
523.000 0.798 
524.000 0.798 
525.000 0.798 
526.000 0.798 
527.000 0.798 
528.000 0.798 
529.000 0.798 
530.000 0.798 
531.000 0.798 
532.000 0.798 
533.000 0.798 
534.000 0.798 
535.000 0.798 
536.000 0.798 
537.000 0.798 
538.000 0.798 
539.000 0.798 
540.000 0.798 
541.000 0.799 
542.000 0.799 
543.000 0.799 
544.000 0.799 
545.000 0.799 
546.000 0.799 
547.000 0.799 
548.000 0.799 
549.000 0.799 
550.000 0.799 
551.000 0.800 
552.000 0.800 
553.000 0.800 
554.000 0.800 
555.000 0.800 
556.000 0.800 
557.000 0.800 
558.000 0.800 
559.000 0.800 
560.000 0.800 
561.000 0.800 
562.000 0.800 
563.000 0.800 
564.000 0.800 
565.000 0.800 
566.000 0.800 
567.000 0.800 
568.000 0.800 
569.000 0.800 
570.000 0.800 
571.000 0.800 
572.000 0.800 
573.000 0.800 
574.000 0.800 
575.000 0.800 
576.000 0.800 
577.000 0.800 
578.000 0.800 
579.000 0.800 
580.000 0.800 
581.000 0.800 
582.000 0.800 
583.000 0.800 
584.000 0.800 
585.000 0.800 
586.000 0.800 
587.000 0.800 
588.000 0.800 
589.000 0.800 
590.000 0.800 
591.000 0.800 
592.000 0.800 
593.000 0.800 
594.000 0.800 
595.000 0.800 
596.000 0.800 
597.000 0.800 
598.000 0.800 
599.000 0.800 
600.000 0.800 
601.000 0.989 
602.000 0.942 
603.000 0.958 
604.000 0.973 
605.000 0.989 
606.000 1.000 
607.000 1.000 
608.000 1.000 
609.000 1.000 
610.000 1.000 
611.000 1.000 
612.000 1.000 
613.000 1.000 
614.000 1.000 
615.000 1.000 
616.000 1.000 
617.000 1.000 
618.000 1.000 
619.000 1.000 
620.000 1.000 
621.000 1.000 
622.000 1.000 
623.000 1.000 
624.000 1.000 
625.000 1.000 
626.000 1.000 
627.000 1.000 
628.000 1.000 
629.000 1.000 
630.000 1.000 
631.000 1.000 
632.000 1.000 
633.000 1.000 
634.000 1.000 
635.000 1.000 
636.000 1.000 
637.000 1.000 
638.000 1.000 
639.000 1.000 
640.000 1.000 
641.000 1.000 
642.000 1.000 
643.000 1.000 
644.000 1.000 
645.000 1.000 
646.000 1.000 
647.000 1.000 
648.000 1.000 
649.000 1.000 
650.000 1.000 
651.000 1.000 
652.000 1.000 
653.000 1.000 
654.000 1.000 
655.000 1.000 
656.000 1.000 
657.000 1.000 
658.000 1.000 
659.000 1.000 
660.000 1.000 
661.000 1.000 
662.000 1.000 
663.000 1.000 
664.000 1.000 
665.000 1.000 
666.000 1.000 
667.000 1.000 
668.000 1.000 
669.000 1.000 
670.000 1.000 
671.000 1.000 
672.000 1.000 
673.000 1.000 
674.000 1.000 
675.000 1.000 
676.000 1.000 
677.000 1.000 
678.000 1.000 
679.000 1.000 
680.000 1.000 
681.000 1.000 
682.000 1.000 
683.000 1.000 
684.000 1.000 
685.000 1.000 
686.000 1.000 
687.000 1.000 
688.000 1.000 
689.000 1.000 
690.000 1.000 
691.000 1.000 
692.000 1.000 
693.000 1.000 
694.000 1.000 
695.000 1.000 
696.000 1.000 
697.000 1.000 
698.000 1.000 
699.000 1.000 
700.000 1.000 
701.000 1.000 
702.000 1.000 
703.000 1.000 
704.000 1.000 
705.000 1.000 
706.000 1.000 
707.000 1.000 
708.000 1.000 
709.000 1.000 
710.000 1.000 
711.000 1.000 
712.000 1.000 
713.000 1.000 
714.000 1.000 
715.000 1.000 
716.000 1.000 
717.000 1.000 
718.000 1.000 
719.000 1.000 
720.000 1.000 
721.000 1.000 
722.000 1.000 
723.000 1.000 
724.000 1.000 
725.000 1.000 
726.000 1.000 
727.000 1.000 
728.000 1.000 
729.000 1.000 
730.000 1.000 
731.000 1.000 
732.000 1.000 
733.000 1.000 
734.000 1.000 
735.000 1.000 
736.000 1.000 
737.000 1.000 
738.000 1.000 
739.000 1.000 
740.000 1.000 
741.000 1.000 
742.000 1.000 
743.000 1.000 
744.000 1.000 
745.000 1.000 
746.000 1.000 
747.000 1.000 
748.000 1.000 
749.000 1.000 
750.000 1.000 
751.000 1.000 
752.000 1.000 
753.000 1.000 
754.000 1.000 
755.000 1.000 
756.000 1.000 
757.000 1.000 
758.000 1.000 
759.000 1.000 
760.000 1.000 
761.000 1.000 
762.000 1.000 
763.000 1.000 
764.000 1.000 
765.000 1.000 
766.000 1.000 
767.000 1.000 
768.000 1.000 
769.000 1.000 
770.000 1.000 
771.000 1.000 
772.000 1.000 
773.000 1.000 
774.000 1.000 
775.000 1.000 
776.000 1.000 
777.000 1.000 
778.000 1.000 
779.000 1.000 
780.000 1.000 
781.000 1.000 
782.000 1.000 
783.000 1.000 
784.000 1.000 
785.000 1.000 
786.000 1.000 
787.000 1.000 
788.000 1.000 
789.000 1.000 
790.000 1.000 
791.000 1.000 
792.000 1.000 
793.000 1.000 
794.000 1.000 
795.000 1.000 
796.000 1.000 
797.000 1.000 
798.000 1.000 
799.000 1.000 
800.000 1.000 
