1.000 0.000 
2.000 0.000 
3.000 0.000 
4.000 0.000 
5.000 0.000 
6.000 0.000 
7.000 -0.328 
8.000 -0.110 
9.000 -0.110 
10.000 -0.111 
11.000 -0.111 
12.000 -0.068 
13.000 -0.038 
14.000 -0.052 
15.000 -0.060 
16.000 -0.064 
17.000 -0.070 
18.000 -0.082 
19.000 -0.090 
20.000 -0.090 
21.000 -0.089 
22.000 -0.086 
23.000 -0.083 
24.000 -0.080 
25.000 -0.077 
26.000 -0.077 
27.000 -0.077 
28.000 -0.078 
29.000 -0.080 
30.000 -0.082 
31.000 -0.083 
32.000 -0.084 
33.000 -0.084 
34.000 -0.084 
35.000 -0.083 
36.000 -0.083 
37.000 -0.083 
38.000 -0.083 
39.000 -0.083 
40.000 -0.083 
41.000 -0.084 
42.000 -0.084 
43.000 -0.085 
44.000 -0.085 
45.000 -0.085 
46.000 -0.085 
47.000 -0.086 
48.000 -0.086 
49.000 -0.086 
50.000 -0.086 
51.000 -0.086 
52.000 -0.087 
53.000 -0.087 
54.000 -0.087 
55.000 -0.087 
56.000 -0.087 
57.000 -0.088 
58.000 -0.088 
59.000 -0.088 
60.000 -0.088 
61.000 -0.089 
62.000 -0.089 
63.000 -0.089 
64.000 -0.089 
65.000 -0.089 
66.000 -0.090 
67.000 -0.090 
68.000 -0.090 
69.000 -0.090 
70.000 -0.091 
71.000 -0.091 
72.000 -0.091 
73.000 -0.091 
74.000 -0.091 
75.000 -0.092 
76.000 -0.092 
77.000 -0.092 
78.000 -0.092 
79.000 -0.093 
80.000 -0.093 
81.000 -0.093 
82.000 -0.093 
83.000 -0.093 
84.000 -0.094 
85.000 -0.094 
86.000 -0.094 
87.000 -0.094 
88.000 -0.094 
89.000 -0.095 
90.000 -0.095 
91.000 -0.095 
92.000 -0.095 
93.000 -0.096 
94.000 -0.096 
95.000 -0.096 
96.000 -0.096 
97.000 -0.096 
98.000 -0.097 
99.000 -0.097 
100.000 -0.097 
101.000 -0.097 
102.000 -0.097 
103.000 -0.098 
104.000 -0.098 
105.000 -0.098 
106.000 -0.098 
107.000 -0.099 
108.000 -0.099 
109.000 -0.099 
110.000 -0.099 
111.000 -0.099 
112.000 -0.100 
113.000 -0.100 
114.000 -0.100 
115.000 -0.100 
116.000 -0.100 
117.000 -0.101 
118.000 -0.101 
119.000 -0.101 
120.000 -0.101 
121.000 0.039 
122.000 -0.055 
123.000 -0.055 
124.000 -0.055 
125.000 -0.055 
126.000 -0.070 
127.000 -0.084 
128.000 -0.079 
129.000 -0.075 
130.000 -0.073 
131.000 -0.071 
132.000 -0.066 
133.000 -0.063 
134.000 -0.063 
135.000 -0.063 
136.000 -0.065 
137.000 -0.066 
138.000 -0.068 
139.000 -0.069 
140.000 -0.070 
141.000 -0.070 
142.000 -0.069 
143.000 -0.069 
144.000 -0.068 
145.000 -0.068 
146.000 -0.068 
147.000 -0.068 
148.000 -0.068 
149.000 -0.069 
150.000 -0.069 
151.000 -0.069 
152.000 -0.069 
153.000 -0.069 
154.000 -0.070 
155.000 -0.070 
156.000 -0.070 
157.000 -0.070 
158.000 -0.070 
159.000 -0.070 
160.000 -0.070 
161.000 -0.070 
162.000 -0.070 
163.000 -0.070 
164.000 -0.070 
165.000 -0.070 
166.000 -0.070 
167.000 -0.071 
168.000 -0.071 
169.000 -0.071 
170.000 -0.071 
171.000 -0.071 
172.000 -0.071 
173.000 -0.071 
174.000 -0.071 
175.000 -0.071 
176.000 -0.071 
177.000 -0.071 
178.000 -0.072 
179.000 -0.072 
180.000 -0.072 
181.000 -0.072 
182.000 -0.072 
183.000 -0.072 
184.000 -0.072 
185.000 -0.072 
186.000 -0.072 
187.000 -0.072 
188.000 -0.072 
189.000 -0.073 
190.000 -0.073 
191.000 -0.073 
192.000 -0.073 
193.000 -0.073 
194.000 -0.073 
195.000 -0.073 
196.000 -0.073 
197.000 -0.073 
198.000 -0.073 
199.000 -0.073 
200.000 -0.073 
201.000 -0.074 
202.000 -0.074 
203.000 -0.074 
204.000 -0.074 
205.000 -0.074 
206.000 -0.074 
207.000 -0.074 
208.000 -0.074 
209.000 -0.074 
210.000 -0.074 
211.000 -0.074 
212.000 -0.075 
213.000 -0.075 
214.000 -0.075 
215.000 -0.075 
216.000 -0.075 
217.000 -0.075 
218.000 -0.075 
219.000 -0.075 
220.000 -0.075 
221.000 -0.075 
222.000 -0.075 
223.000 -0.076 
224.000 -0.076 
225.000 -0.076 
226.000 -0.076 
227.000 -0.076 
228.000 -0.076 
229.000 -0.076 
230.000 -0.076 
231.000 -0.076 
232.000 -0.076 
233.000 -0.076 
234.000 -0.076 
235.000 -0.077 
236.000 -0.077 
237.000 -0.077 
238.000 -0.077 
239.000 -0.077 
240.000 -0.077 
241.000 0.720 
242.000 -0.073 
243.000 0.191 
244.000 0.109 
245.000 0.146 
246.000 0.002 
247.000 0.017 
248.000 0.029 
249.000 0.027 
250.000 0.030 
251.000 0.076 
252.000 0.103 
253.000 0.110 
254.000 0.114 
255.000 0.114 
256.000 0.106 
257.000 0.092 
258.000 0.079 
259.000 0.070 
260.000 0.064 
261.000 0.064 
262.000 0.069 
263.000 0.078 
264.000 0.087 
265.000 0.094 
266.000 0.098 
267.000 0.099 
268.000 0.097 
269.000 0.093 
270.000 0.089 
271.000 0.085 
272.000 0.082 
273.000 0.081 
274.000 0.082 
275.000 0.085 
276.000 0.088 
277.000 0.091 
278.000 0.094 
279.000 0.095 
280.000 0.095 
281.000 0.094 
282.000 0.093 
283.000 0.092 
284.000 0.090 
285.000 0.090 
286.000 0.090 
287.000 0.091 
288.000 0.092 
289.000 0.094 
290.000 0.095 
291.000 0.096 
292.000 0.096 
293.000 0.096 
294.000 0.096 
295.000 0.096 
296.000 0.096 
297.000 0.095 
298.000 0.095 
299.000 0.096 
300.000 0.096 
301.000 0.097 
302.000 0.098 
303.000 0.098 
304.000 0.099 
305.000 0.099 
306.000 0.099 
307.000 0.099 
308.000 0.100 
309.000 0.100 
310.000 0.100 
311.000 0.100 
312.000 0.100 
313.000 0.101 
314.000 0.101 
315.000 0.102 
316.000 0.102 
317.000 0.102 
318.000 0.103 
319.000 0.103 
320.000 0.103 
321.000 0.103 
322.000 0.103 
323.000 0.104 
324.000 0.104 
325.000 0.104 
326.000 0.105 
327.000 0.105 
328.000 0.105 
329.000 0.106 
330.000 0.106 
331.000 0.106 
332.000 0.106 
333.000 0.107 
334.000 0.107 
335.000 0.107 
336.000 0.107 
337.000 0.108 
338.000 0.108 
339.000 0.108 
340.000 0.109 
341.000 0.109 
342.000 0.109 
343.000 0.110 
344.000 0.110 
345.000 0.110 
346.000 0.110 
347.000 0.111 
348.000 0.111 
349.000 0.111 
350.000 0.111 
351.000 0.112 
352.000 0.112 
353.000 0.112 
354.000 0.113 
355.000 0.113 
356.000 0.113 
357.000 0.113 
358.000 0.114 
359.000 0.114 
360.000 0.114 
361.000 0.827 
362.000 0.075 
363.000 0.565 
364.000 0.116 
365.000 0.531 
366.000 0.123 
367.000 0.342 
368.000 0.177 
369.000 0.279 
370.000 0.186 
371.000 0.272 
372.000 0.238 
373.000 0.289 
374.000 0.272 
375.000 0.306 
376.000 0.289 
377.000 0.301 
378.000 0.285 
379.000 0.286 
380.000 0.272 
381.000 0.269 
382.000 0.262 
383.000 0.263 
384.000 0.264 
385.000 0.270 
386.000 0.276 
387.000 0.283 
388.000 0.288 
389.000 0.292 
390.000 0.294 
391.000 0.293 
392.000 0.291 
393.000 0.288 
394.000 0.285 
395.000 0.283 
396.000 0.281 
397.000 0.282 
398.000 0.283 
399.000 0.286 
400.000 0.289 
401.000 0.292 
402.000 0.295 
403.000 0.297 
404.000 0.298 
405.000 0.298 
406.000 0.298 
407.000 0.297 
408.000 0.296 
409.000 0.295 
410.000 0.294 
411.000 0.295 
412.000 0.296 
413.000 0.298 
414.000 0.299 
415.000 0.301 
416.000 0.303 
417.000 0.304 
418.000 0.305 
419.000 0.306 
420.000 0.306 
421.000 0.305 
422.000 0.305 
423.000 0.305 
424.000 0.305 
425.000 0.306 
426.000 0.306 
427.000 0.308 
428.000 0.309 
429.000 0.310 
430.000 0.311 
431.000 0.312 
432.000 0.313 
433.000 0.314 
434.000 0.314 
435.000 0.314 
436.000 0.314 
437.000 0.314 
438.000 0.315 
439.000 0.315 
440.000 0.316 
441.000 0.317 
442.000 0.318 
443.000 0.319 
444.000 0.320 
445.000 0.320 
446.000 0.321 
447.000 0.322 
448.000 0.322 
449.000 0.322 
450.000 0.323 
451.000 0.323 
452.000 0.323 
453.000 0.324 
454.000 0.324 
455.000 0.325 
456.000 0.326 
457.000 0.327 
458.000 0.327 
459.000 0.328 
460.000 0.329 
461.000 0.329 
462.000 0.330 
463.000 0.330 
464.000 0.331 
465.000 0.331 
466.000 0.331 
467.000 0.332 
468.000 0.332 
469.000 0.333 
470.000 0.333 
471.000 0.334 
472.000 0.335 
473.000 0.335 
474.000 0.336 
475.000 0.337 
476.000 0.337 
477.000 0.338 
478.000 0.338 
479.000 0.338 
480.000 0.339 
481.000 0.738 
482.000 0.466 
483.000 0.598 
484.000 0.501 
485.000 0.597 
486.000 0.531 
487.000 0.592 
488.000 0.554 
489.000 0.591 
490.000 0.572 
491.000 0.594 
492.000 0.586 
493.000 0.600 
494.000 0.600 
495.000 0.608 
496.000 0.617 
497.000 0.625 
498.000 0.634 
499.000 0.642 
500.000 0.650 
501.000 0.658 
502.000 0.666 
503.000 0.673 
504.000 0.681 
505.000 0.687 
506.000 0.694 
507.000 0.700 
508.000 0.705 
509.000 0.711 
510.000 0.716 
511.000 0.720 
512.000 0.725 
513.000 0.729 
514.000 0.733 
515.000 0.736 
516.000 0.740 
517.000 0.743 
518.000 0.746 
519.000 0.749 
520.000 0.752 
521.000 0.754 
522.000 0.757 
523.000 0.759 
524.000 0.761 
525.000 0.763 
526.000 0.765 
527.000 0.767 
528.000 0.769 
529.000 0.771 
530.000 0.772 
531.000 0.774 
532.000 0.775 
533.000 0.776 
534.000 0.778 
535.000 0.779 
536.000 0.780 
537.000 0.781 
538.000 0.782 
539.000 0.783 
540.000 0.784 
541.000 0.785 
542.000 0.786 
543.000 0.787 
544.000 0.787 
545.000 0.788 
546.000 0.789 
547.000 0.789 
548.000 0.790 
549.000 0.791 
550.000 0.791 
551.000 0.792 
552.000 0.792 
553.000 0.792 
554.000 0.793 
555.000 0.793 
556.000 0.794 
557.000 0.794 
558.000 0.794 
559.000 0.795 
560.000 0.795 
561.000 0.795 
562.000 0.795 
563.000 0.796 
564.000 0.796 
565.000 0.796 
566.000 0.796 
567.000 0.797 
568.000 0.797 
569.000 0.797 
570.000 0.797 
571.000 0.797 
572.000 0.797 
573.000 0.798 
574.000 0.798 
575.000 0.798 
576.000 0.798 
577.000 0.798 
578.000 0.798 
579.000 0.798 
580.000 0.798 
581.000 0.798 
582.000 0.799 
583.000 0.799 
584.000 0.799 
585.000 0.799 
586.000 0.799 
587.000 0.799 
588.000 0.799 
589.000 0.799 
590.000 0.799 
591.000 0.799 
592.000 0.799 
593.000 0.799 
594.000 0.799 
595.000 0.799 
596.000 0.799 
597.000 0.799 
598.000 0.799 
599.000 0.799 
600.000 0.799 
601.000 0.963 
602.000 0.909 
603.000 0.921 
604.000 0.933 
605.000 0.944 
606.000 0.953 
607.000 0.959 
608.000 0.965 
609.000 0.970 
610.000 0.974 
611.000 0.977 
612.000 0.979 
613.000 0.981 
614.000 0.982 
615.000 0.983 
616.000 0.984 
617.000 0.984 
618.000 0.985 
619.000 0.985 
620.000 0.985 
621.000 0.985 
622.000 0.985 
623.000 0.986 
624.000 0.986 
625.000 0.986 
626.000 0.987 
627.000 0.987 
628.000 0.988 
629.000 0.988 
630.000 0.989 
631.000 0.990 
632.000 0.990 
633.000 0.991 
634.000 0.992 
635.000 0.992 
636.000 0.993 
637.000 0.994 
638.000 0.994 
639.000 0.995 
640.000 0.995 
641.000 0.996 
642.000 0.996 
643.000 0.997 
644.000 0.997 
645.000 0.997 
646.000 0.997 
647.000 0.998 
648.000 0.998 
649.000 0.998 
650.000 0.998 
651.000 0.998 
652.000 0.999 
653.000 0.999 
654.000 0.999 
655.000 0.999 
656.000 0.999 
657.000 0.999 
658.000 0.999 
659.000 0.999 
660.000 0.999 
661.000 0.999 
662.000 0.999 
663.000 0.999 
664.000 0.999 
665.000 0.999 
666.000 0.999 
667.000 0.999 
668.000 0.999 
669.000 0.999 
670.000 0.999 
671.000 1.000 
672.000 1.000 
673.000 1.000 
674.000 1.000 
675.000 1.000 
676.000 1.000 
677.000 1.000 
678.000 1.000 
679.000 1.000 
680.000 1.000 
681.000 1.000 
682.000 1.000 
683.000 1.000 
684.000 1.000 
685.000 1.000 
686.000 1.000 
687.000 1.000 
688.000 1.000 
689.000 1.000 
690.000 1.000 
691.000 1.000 
692.000 1.000 
693.000 1.000 
694.000 1.000 
695.000 1.000 
696.000 1.000 
697.000 1.000 
698.000 1.000 
699.000 1.000 
700.000 1.000 
701.000 1.000 
702.000 1.000 
703.000 1.000 
704.000 1.000 
705.000 1.000 
706.000 1.000 
707.000 1.000 
708.000 1.000 
709.000 1.000 
710.000 1.000 
711.000 1.000 
712.000 1.000 
713.000 1.000 
714.000 1.000 
715.000 1.000 
716.000 1.000 
717.000 1.000 
718.000 1.000 
719.000 1.000 
720.000 1.000 
721.000 1.000 
722.000 1.000 
723.000 1.000 
724.000 1.000 
725.000 1.000 
726.000 1.000 
727.000 1.000 
728.000 1.000 
729.000 1.000 
730.000 1.000 
731.000 1.000 
732.000 1.000 
733.000 1.000 
734.000 1.000 
735.000 1.000 
736.000 1.000 
737.000 1.000 
738.000 1.000 
739.000 1.000 
740.000 1.000 
741.000 1.000 
742.000 1.000 
743.000 1.000 
744.000 1.000 
745.000 1.000 
746.000 1.000 
747.000 1.000 
748.000 1.000 
749.000 1.000 
750.000 1.000 
751.000 1.000 
752.000 1.000 
753.000 1.000 
754.000 1.000 
755.000 1.000 
756.000 1.000 
757.000 1.000 
758.000 1.000 
759.000 1.000 
760.000 1.000 
761.000 1.000 
762.000 1.000 
763.000 1.000 
764.000 1.000 
765.000 1.000 
766.000 1.000 
767.000 1.000 
768.000 1.000 
769.000 1.000 
770.000 1.000 
771.000 1.000 
772.000 1.000 
773.000 1.000 
774.000 1.000 
775.000 1.000 
776.000 1.000 
777.000 1.000 
778.000 1.000 
779.000 1.000 
780.000 1.000 
781.000 1.000 
782.000 1.000 
783.000 1.000 
784.000 1.000 
785.000 1.000 
786.000 1.000 
787.000 1.000 
788.000 1.000 
789.000 1.000 
790.000 1.000 
791.000 1.000 
792.000 1.000 
793.000 1.000 
794.000 1.000 
795.000 1.000 
796.000 1.000 
797.000 1.000 
798.000 1.000 
799.000 1.000 
800.000 1.000 
