1.000 0.000 
2.000 0.000 
3.000 0.000 
4.000 0.000 
5.000 0.000 
6.000 0.000 
7.000 -0.679 
8.000 -0.545 
9.000 -0.547 
10.000 -0.550 
11.000 -0.553 
12.000 -0.401 
13.000 -0.243 
14.000 -0.164 
15.000 -0.117 
16.000 -0.089 
17.000 -0.074 
18.000 -0.085 
19.000 -0.127 
20.000 -0.182 
21.000 -0.241 
22.000 -0.294 
23.000 -0.335 
24.000 -0.351 
25.000 -0.340 
26.000 -0.311 
27.000 -0.275 
28.000 -0.239 
29.000 -0.209 
30.000 -0.188 
31.000 -0.177 
32.000 -0.178 
33.000 -0.187 
34.000 -0.202 
35.000 -0.222 
36.000 -0.241 
37.000 -0.257 
38.000 -0.268 
39.000 -0.271 
40.000 -0.268 
41.000 -0.261 
42.000 -0.251 
43.000 -0.240 
44.000 -0.232 
45.000 -0.226 
46.000 -0.224 
47.000 -0.225 
48.000 -0.228 
49.000 -0.234 
50.000 -0.240 
51.000 -0.246 
52.000 -0.251 
53.000 -0.254 
54.000 -0.255 
55.000 -0.254 
56.000 -0.253 
57.000 -0.250 
58.000 -0.248 
59.000 -0.246 
60.000 -0.245 
61.000 -0.245 
62.000 -0.245 
63.000 -0.247 
64.000 -0.249 
65.000 -0.251 
66.000 -0.253 
67.000 -0.254 
68.000 -0.256 
69.000 -0.256 
70.000 -0.257 
71.000 -0.257 
72.000 -0.256 
73.000 -0.256 
74.000 -0.256 
75.000 -0.256 
76.000 -0.257 
77.000 -0.257 
78.000 -0.258 
79.000 -0.259 
80.000 -0.260 
81.000 -0.261 
82.000 -0.262 
83.000 -0.262 
84.000 -0.263 
85.000 -0.263 
86.000 -0.264 
87.000 -0.264 
88.000 -0.264 
89.000 -0.265 
90.000 -0.265 
91.000 -0.266 
92.000 -0.266 
93.000 -0.267 
94.000 -0.268 
95.000 -0.268 
96.000 -0.269 
97.000 -0.269 
98.000 -0.270 
99.000 -0.271 
100.000 -0.271 
101.000 -0.272 
102.000 -0.272 
103.000 -0.273 
104.000 -0.273 
105.000 -0.274 
106.000 -0.274 
107.000 -0.275 
108.000 -0.275 
109.000 -0.276 
110.000 -0.276 
111.000 -0.277 
112.000 -0.277 
113.000 -0.278 
114.000 -0.278 
115.000 -0.279 
116.000 -0.280 
117.000 -0.280 
118.000 -0.281 
119.000 -0.281 
120.000 -0.282 
121.000 0.009 
122.000 -0.049 
123.000 -0.049 
124.000 -0.048 
125.000 -0.047 
126.000 -0.057 
127.000 -0.140 
128.000 -0.202 
129.000 -0.247 
130.000 -0.278 
131.000 -0.294 
132.000 -0.281 
133.000 -0.237 
134.000 -0.187 
135.000 -0.141 
136.000 -0.105 
137.000 -0.079 
138.000 -0.067 
139.000 -0.070 
140.000 -0.089 
141.000 -0.119 
142.000 -0.157 
143.000 -0.195 
144.000 -0.227 
145.000 -0.243 
146.000 -0.242 
147.000 -0.224 
148.000 -0.196 
149.000 -0.164 
150.000 -0.135 
151.000 -0.112 
152.000 -0.098 
153.000 -0.095 
154.000 -0.103 
155.000 -0.119 
156.000 -0.143 
157.000 -0.168 
158.000 -0.192 
159.000 -0.208 
160.000 -0.214 
161.000 -0.208 
162.000 -0.194 
163.000 -0.174 
164.000 -0.153 
165.000 -0.135 
166.000 -0.122 
167.000 -0.116 
168.000 -0.118 
169.000 -0.126 
170.000 -0.139 
171.000 -0.156 
172.000 -0.172 
173.000 -0.185 
174.000 -0.193 
175.000 -0.193 
176.000 -0.187 
177.000 -0.176 
178.000 -0.163 
179.000 -0.150 
180.000 -0.139 
181.000 -0.133 
182.000 -0.131 
183.000 -0.134 
184.000 -0.141 
185.000 -0.151 
186.000 -0.162 
187.000 -0.172 
188.000 -0.179 
189.000 -0.182 
190.000 -0.180 
191.000 -0.175 
192.000 -0.167 
193.000 -0.158 
194.000 -0.150 
195.000 -0.145 
196.000 -0.142 
197.000 -0.142 
198.000 -0.145 
199.000 -0.151 
200.000 -0.158 
201.000 -0.165 
202.000 -0.170 
203.000 -0.173 
204.000 -0.174 
205.000 -0.172 
206.000 -0.168 
207.000 -0.163 
208.000 -0.157 
209.000 -0.153 
210.000 -0.150 
211.000 -0.149 
212.000 -0.150 
213.000 -0.153 
214.000 -0.157 
215.000 -0.161 
216.000 -0.165 
217.000 -0.168 
218.000 -0.170 
219.000 -0.169 
220.000 -0.167 
221.000 -0.164 
222.000 -0.161 
223.000 -0.158 
224.000 -0.155 
225.000 -0.154 
226.000 -0.154 
227.000 -0.155 
228.000 -0.157 
229.000 -0.160 
230.000 -0.163 
231.000 -0.165 
232.000 -0.167 
233.000 -0.167 
234.000 -0.167 
235.000 -0.165 
236.000 -0.163 
237.000 -0.161 
238.000 -0.159 
239.000 -0.158 
240.000 -0.157 
241.000 1.000 
242.000 0.067 
243.000 0.897 
244.000 0.073 
245.000 0.888 
246.000 -0.092 
247.000 0.286 
248.000 -0.383 
249.000 -0.729 
250.000 -1.000 
251.000 -1.000 
252.000 -0.857 
253.000 -0.145 
254.000 0.484 
255.000 0.343 
256.000 0.534 
257.000 0.252 
258.000 0.649 
259.000 0.077 
260.000 0.799 
261.000 -0.193 
262.000 -0.215 
263.000 -0.900 
264.000 -1.000 
265.000 -1.000 
266.000 -0.906 
267.000 -0.160 
268.000 0.493 
269.000 0.355 
270.000 0.525 
271.000 0.276 
272.000 0.622 
273.000 0.092 
274.000 0.801 
275.000 -0.183 
276.000 -0.216 
277.000 -0.902 
278.000 -1.000 
279.000 -1.000 
280.000 -0.943 
281.000 -0.180 
282.000 0.491 
283.000 0.370 
284.000 0.513 
285.000 0.303 
286.000 0.591 
287.000 0.120 
288.000 0.780 
289.000 -0.171 
290.000 -0.212 
291.000 -0.897 
292.000 -1.000 
293.000 -1.000 
294.000 -0.992 
295.000 -0.211 
296.000 0.481 
297.000 0.393 
298.000 0.490 
299.000 0.345 
300.000 0.541 
301.000 0.210 
302.000 0.639 
303.000 -0.157 
304.000 -0.206 
305.000 -0.881 
306.000 -1.000 
307.000 -1.000 
308.000 -1.000 
309.000 -0.257 
310.000 0.458 
311.000 0.427 
312.000 0.454 
313.000 0.402 
314.000 0.470 
315.000 0.327 
316.000 0.444 
317.000 0.006 
318.000 -0.205 
319.000 -0.851 
320.000 -1.000 
321.000 -1.000 
322.000 -1.000 
323.000 -0.507 
324.000 0.314 
325.000 0.563 
326.000 0.295 
327.000 0.617 
328.000 0.200 
329.000 0.730 
330.000 0.020 
331.000 0.622 
332.000 -0.217 
333.000 -0.507 
334.000 -1.000 
335.000 -1.000 
336.000 -1.000 
337.000 -0.660 
338.000 0.160 
339.000 0.634 
340.000 0.267 
341.000 0.661 
342.000 0.211 
343.000 0.728 
344.000 0.065 
345.000 0.710 
346.000 -0.197 
347.000 -0.416 
348.000 -1.000 
349.000 -1.000 
350.000 -1.000 
351.000 -0.862 
352.000 0.010 
353.000 0.664 
354.000 0.284 
355.000 0.646 
356.000 0.226 
357.000 0.719 
358.000 0.107 
359.000 0.754 
360.000 -0.177 
361.000 1.000 
362.000 -0.055 
363.000 1.000 
364.000 -0.017 
365.000 1.000 
366.000 0.199 
367.000 0.771 
368.000 0.154 
369.000 0.812 
370.000 0.106 
371.000 0.840 
372.000 -0.017 
373.000 0.684 
374.000 -0.018 
375.000 0.503 
376.000 0.060 
377.000 0.741 
378.000 0.201 
379.000 0.785 
380.000 0.318 
381.000 0.669 
382.000 0.255 
383.000 0.674 
384.000 0.096 
385.000 0.850 
386.000 -0.033 
387.000 0.318 
388.000 -0.047 
389.000 0.289 
390.000 0.089 
391.000 0.701 
392.000 0.371 
393.000 0.690 
394.000 0.490 
395.000 0.577 
396.000 0.376 
397.000 0.521 
398.000 0.215 
399.000 0.637 
400.000 -0.077 
401.000 -0.083 
402.000 -0.452 
403.000 -0.277 
404.000 -0.381 
405.000 0.582 
406.000 0.630 
407.000 0.703 
408.000 0.690 
409.000 0.638 
410.000 0.583 
411.000 0.386 
412.000 0.460 
413.000 0.218 
414.000 0.265 
415.000 -0.345 
416.000 -0.942 
417.000 -1.000 
418.000 -0.888 
419.000 -0.351 
420.000 1.000 
421.000 0.830 
422.000 0.784 
423.000 0.724 
424.000 0.690 
425.000 0.552 
426.000 0.293 
427.000 0.509 
428.000 -0.063 
429.000 -0.653 
430.000 -1.000 
431.000 -1.000 
432.000 -1.000 
433.000 -0.481 
434.000 1.000 
435.000 0.890 
436.000 0.815 
437.000 0.754 
438.000 0.717 
439.000 0.602 
440.000 0.266 
441.000 0.561 
442.000 -0.130 
443.000 -0.753 
444.000 -1.000 
445.000 -1.000 
446.000 -1.000 
447.000 -0.437 
448.000 1.000 
449.000 0.927 
450.000 0.845 
451.000 0.784 
452.000 0.749 
453.000 0.626 
454.000 0.282 
455.000 0.535 
456.000 -0.115 
457.000 -0.932 
458.000 -1.000 
459.000 -1.000 
460.000 -1.000 
461.000 -0.665 
462.000 1.000 
463.000 0.973 
464.000 0.878 
465.000 0.812 
466.000 0.770 
467.000 0.687 
468.000 0.330 
469.000 0.473 
470.000 -0.023 
471.000 -0.929 
472.000 -1.000 
473.000 -1.000 
474.000 -1.000 
475.000 -1.000 
476.000 1.000 
477.000 1.000 
478.000 0.917 
479.000 0.844 
480.000 0.803 
481.000 1.000 
482.000 1.000 
483.000 1.000 
484.000 0.985 
485.000 0.838 
486.000 0.656 
487.000 0.467 
488.000 0.460 
489.000 0.368 
490.000 0.474 
491.000 0.422 
492.000 0.711 
493.000 0.886 
494.000 1.000 
495.000 1.000 
496.000 1.000 
497.000 1.000 
498.000 1.000 
499.000 1.000 
500.000 0.886 
501.000 0.700 
502.000 0.538 
503.000 0.460 
504.000 0.446 
505.000 0.349 
506.000 0.280 
507.000 0.540 
508.000 0.923 
509.000 1.000 
510.000 1.000 
511.000 1.000 
512.000 1.000 
513.000 1.000 
514.000 1.000 
515.000 1.000 
516.000 0.963 
517.000 0.780 
518.000 0.621 
519.000 0.484 
520.000 0.489 
521.000 0.356 
522.000 0.170 
523.000 0.061 
524.000 0.649 
525.000 1.000 
526.000 1.000 
527.000 1.000 
528.000 1.000 
529.000 1.000 
530.000 1.000 
531.000 1.000 
532.000 1.000 
533.000 1.000 
534.000 1.000 
535.000 0.870 
536.000 0.717 
537.000 0.586 
538.000 0.488 
539.000 0.439 
540.000 0.200 
541.000 -0.284 
542.000 -0.372 
543.000 0.630 
544.000 1.000 
545.000 1.000 
546.000 1.000 
547.000 1.000 
548.000 1.000 
549.000 1.000 
550.000 1.000 
551.000 1.000 
552.000 1.000 
553.000 1.000 
554.000 1.000 
555.000 1.000 
556.000 0.893 
557.000 0.767 
558.000 0.661 
559.000 0.573 
560.000 0.470 
561.000 0.175 
562.000 -0.532 
563.000 -1.000 
564.000 -0.501 
565.000 0.899 
566.000 1.000 
567.000 1.000 
568.000 1.000 
569.000 1.000 
570.000 1.000 
571.000 1.000 
572.000 1.000 
573.000 1.000 
574.000 1.000 
575.000 1.000 
576.000 1.000 
577.000 1.000 
578.000 1.000 
579.000 0.939 
580.000 0.843 
581.000 0.763 
582.000 0.697 
583.000 0.643 
584.000 0.632 
585.000 0.696 
586.000 0.826 
587.000 1.000 
588.000 1.000 
589.000 1.000 
590.000 1.000 
591.000 1.000 
592.000 1.000 
593.000 1.000 
594.000 1.000 
595.000 1.000 
596.000 0.911 
597.000 0.823 
598.000 0.747 
599.000 0.680 
600.000 0.621 
601.000 1.000 
602.000 1.000 
603.000 1.000 
604.000 1.000 
605.000 1.000 
606.000 1.000 
607.000 1.000 
608.000 1.000 
609.000 1.000 
610.000 1.000 
611.000 1.000 
612.000 1.000 
613.000 1.000 
614.000 1.000 
615.000 1.000 
616.000 1.000 
617.000 1.000 
618.000 1.000 
619.000 1.000 
620.000 1.000 
621.000 1.000 
622.000 1.000 
623.000 1.000 
624.000 1.000 
625.000 1.000 
626.000 1.000 
627.000 1.000 
628.000 1.000 
629.000 1.000 
630.000 1.000 
631.000 1.000 
632.000 1.000 
633.000 1.000 
634.000 1.000 
635.000 1.000 
636.000 1.000 
637.000 1.000 
638.000 1.000 
639.000 1.000 
640.000 1.000 
641.000 1.000 
642.000 1.000 
643.000 1.000 
644.000 1.000 
645.000 1.000 
646.000 1.000 
647.000 1.000 
648.000 1.000 
649.000 1.000 
650.000 1.000 
651.000 1.000 
652.000 1.000 
653.000 1.000 
654.000 1.000 
655.000 1.000 
656.000 1.000 
657.000 1.000 
658.000 1.000 
659.000 1.000 
660.000 1.000 
661.000 1.000 
662.000 1.000 
663.000 1.000 
664.000 1.000 
665.000 1.000 
666.000 1.000 
667.000 1.000 
668.000 1.000 
669.000 1.000 
670.000 1.000 
671.000 1.000 
672.000 1.000 
673.000 1.000 
674.000 1.000 
675.000 1.000 
676.000 1.000 
677.000 1.000 
678.000 1.000 
679.000 1.000 
680.000 1.000 
681.000 1.000 
682.000 1.000 
683.000 1.000 
684.000 1.000 
685.000 1.000 
686.000 1.000 
687.000 1.000 
688.000 1.000 
689.000 1.000 
690.000 1.000 
691.000 1.000 
692.000 1.000 
693.000 1.000 
694.000 1.000 
695.000 1.000 
696.000 1.000 
697.000 1.000 
698.000 1.000 
699.000 1.000 
700.000 1.000 
701.000 1.000 
702.000 1.000 
703.000 1.000 
704.000 1.000 
705.000 1.000 
706.000 1.000 
707.000 1.000 
708.000 1.000 
709.000 1.000 
710.000 1.000 
711.000 1.000 
712.000 1.000 
713.000 1.000 
714.000 1.000 
715.000 1.000 
716.000 1.000 
717.000 1.000 
718.000 1.000 
719.000 1.000 
720.000 1.000 
721.000 1.000 
722.000 1.000 
723.000 1.000 
724.000 1.000 
725.000 1.000 
726.000 1.000 
727.000 1.000 
728.000 1.000 
729.000 1.000 
730.000 1.000 
731.000 1.000 
732.000 1.000 
733.000 1.000 
734.000 1.000 
735.000 1.000 
736.000 1.000 
737.000 1.000 
738.000 1.000 
739.000 1.000 
740.000 1.000 
741.000 1.000 
742.000 1.000 
743.000 1.000 
744.000 1.000 
745.000 1.000 
746.000 1.000 
747.000 1.000 
748.000 1.000 
749.000 1.000 
750.000 1.000 
751.000 1.000 
752.000 1.000 
753.000 1.000 
754.000 1.000 
755.000 1.000 
756.000 1.000 
757.000 1.000 
758.000 1.000 
759.000 1.000 
760.000 1.000 
761.000 1.000 
762.000 1.000 
763.000 1.000 
764.000 1.000 
765.000 1.000 
766.000 1.000 
767.000 1.000 
768.000 1.000 
769.000 1.000 
770.000 1.000 
771.000 1.000 
772.000 1.000 
773.000 1.000 
774.000 1.000 
775.000 1.000 
776.000 1.000 
777.000 1.000 
778.000 1.000 
779.000 1.000 
780.000 1.000 
781.000 1.000 
782.000 1.000 
783.000 1.000 
784.000 1.000 
785.000 1.000 
786.000 1.000 
787.000 1.000 
788.000 1.000 
789.000 1.000 
790.000 1.000 
791.000 1.000 
792.000 1.000 
793.000 1.000 
794.000 1.000 
795.000 1.000 
796.000 1.000 
797.000 1.000 
798.000 1.000 
799.000 1.000 
800.000 1.000 
