1.000 0.000 
2.000 0.000 
3.000 0.000 
4.000 0.000 
5.000 0.000 
6.000 0.000 
7.000 -0.786 
8.000 -0.452 
9.000 -0.454 
10.000 -0.457 
11.000 -0.459 
12.000 -0.261 
13.000 -0.114 
14.000 -0.102 
15.000 -0.092 
16.000 -0.085 
17.000 -0.078 
18.000 -0.115 
19.000 -0.183 
20.000 -0.233 
21.000 -0.270 
22.000 -0.295 
23.000 -0.304 
24.000 -0.285 
25.000 -0.250 
26.000 -0.218 
27.000 -0.192 
28.000 -0.173 
29.000 -0.163 
30.000 -0.163 
31.000 -0.172 
32.000 -0.186 
33.000 -0.203 
34.000 -0.219 
35.000 -0.231 
36.000 -0.238 
37.000 -0.238 
38.000 -0.232 
39.000 -0.225 
40.000 -0.216 
41.000 -0.208 
42.000 -0.203 
43.000 -0.201 
44.000 -0.202 
45.000 -0.205 
46.000 -0.210 
47.000 -0.215 
48.000 -0.220 
49.000 -0.224 
50.000 -0.225 
51.000 -0.226 
52.000 -0.225 
53.000 -0.223 
54.000 -0.221 
55.000 -0.219 
56.000 -0.218 
57.000 -0.218 
58.000 -0.219 
59.000 -0.220 
60.000 -0.222 
61.000 -0.224 
62.000 -0.225 
63.000 -0.226 
64.000 -0.227 
65.000 -0.228 
66.000 -0.228 
67.000 -0.228 
68.000 -0.228 
69.000 -0.228 
70.000 -0.228 
71.000 -0.228 
72.000 -0.229 
73.000 -0.229 
74.000 -0.230 
75.000 -0.231 
76.000 -0.232 
77.000 -0.232 
78.000 -0.233 
79.000 -0.234 
80.000 -0.234 
81.000 -0.234 
82.000 -0.235 
83.000 -0.235 
84.000 -0.235 
85.000 -0.236 
86.000 -0.236 
87.000 -0.237 
88.000 -0.238 
89.000 -0.238 
90.000 -0.239 
91.000 -0.239 
92.000 -0.240 
93.000 -0.240 
94.000 -0.241 
95.000 -0.241 
96.000 -0.242 
97.000 -0.242 
98.000 -0.243 
99.000 -0.243 
100.000 -0.244 
101.000 -0.244 
102.000 -0.245 
103.000 -0.245 
104.000 -0.246 
105.000 -0.246 
106.000 -0.247 
107.000 -0.247 
108.000 -0.248 
109.000 -0.248 
110.000 -0.249 
111.000 -0.249 
112.000 -0.249 
113.000 -0.250 
114.000 -0.250 
115.000 -0.251 
116.000 -0.251 
117.000 -0.252 
118.000 -0.252 
119.000 -0.253 
120.000 -0.253 
121.000 0.083 
122.000 -0.057 
123.000 -0.060 
124.000 -0.060 
125.000 -0.059 
126.000 -0.088 
127.000 -0.191 
128.000 -0.222 
129.000 -0.237 
130.000 -0.245 
131.000 -0.240 
132.000 -0.205 
133.000 -0.155 
134.000 -0.119 
135.000 -0.096 
136.000 -0.082 
137.000 -0.077 
138.000 -0.086 
139.000 -0.109 
140.000 -0.138 
141.000 -0.166 
142.000 -0.189 
143.000 -0.203 
144.000 -0.203 
145.000 -0.190 
146.000 -0.169 
147.000 -0.146 
148.000 -0.126 
149.000 -0.112 
150.000 -0.105 
151.000 -0.107 
152.000 -0.116 
153.000 -0.130 
154.000 -0.147 
155.000 -0.162 
156.000 -0.174 
157.000 -0.179 
158.000 -0.176 
159.000 -0.167 
160.000 -0.155 
161.000 -0.143 
162.000 -0.132 
163.000 -0.125 
164.000 -0.123 
165.000 -0.125 
166.000 -0.132 
167.000 -0.141 
168.000 -0.150 
169.000 -0.158 
170.000 -0.164 
171.000 -0.165 
172.000 -0.162 
173.000 -0.157 
174.000 -0.150 
175.000 -0.143 
176.000 -0.138 
177.000 -0.135 
178.000 -0.134 
179.000 -0.137 
180.000 -0.141 
181.000 -0.146 
182.000 -0.151 
183.000 -0.155 
184.000 -0.158 
185.000 -0.158 
186.000 -0.156 
187.000 -0.152 
188.000 -0.149 
189.000 -0.145 
190.000 -0.142 
191.000 -0.141 
192.000 -0.142 
193.000 -0.143 
194.000 -0.146 
195.000 -0.149 
196.000 -0.152 
197.000 -0.154 
198.000 -0.154 
199.000 -0.154 
200.000 -0.153 
201.000 -0.151 
202.000 -0.149 
203.000 -0.147 
204.000 -0.146 
205.000 -0.146 
206.000 -0.146 
207.000 -0.147 
208.000 -0.149 
209.000 -0.150 
210.000 -0.152 
211.000 -0.153 
212.000 -0.153 
213.000 -0.153 
214.000 -0.152 
215.000 -0.151 
216.000 -0.150 
217.000 -0.149 
218.000 -0.149 
219.000 -0.149 
220.000 -0.149 
221.000 -0.150 
222.000 -0.151 
223.000 -0.152 
224.000 -0.152 
225.000 -0.153 
226.000 -0.153 
227.000 -0.153 
228.000 -0.152 
229.000 -0.152 
230.000 -0.151 
231.000 -0.151 
232.000 -0.151 
233.000 -0.151 
234.000 -0.151 
235.000 -0.152 
236.000 -0.152 
237.000 -0.153 
238.000 -0.153 
239.000 -0.153 
240.000 -0.153 
241.000 1.000 
242.000 0.076 
243.000 0.840 
244.000 0.080 
245.000 0.844 
246.000 -0.049 
247.000 0.035 
248.000 -0.622 
249.000 -0.741 
250.000 -1.000 
251.000 -0.904 
252.000 -0.386 
253.000 0.371 
254.000 0.404 
255.000 0.437 
256.000 0.384 
257.000 0.452 
258.000 0.337 
259.000 0.325 
260.000 0.033 
261.000 -0.321 
262.000 -0.848 
263.000 -1.000 
264.000 -1.000 
265.000 -0.894 
266.000 0.006 
267.000 0.610 
268.000 0.186 
269.000 0.743 
270.000 0.155 
271.000 0.788 
272.000 0.075 
273.000 0.535 
274.000 -0.136 
275.000 -0.403 
276.000 -1.000 
277.000 -1.000 
278.000 -1.000 
279.000 -0.547 
280.000 0.262 
281.000 0.514 
282.000 0.306 
283.000 0.579 
284.000 0.186 
285.000 0.738 
286.000 0.037 
287.000 0.351 
288.000 -0.198 
289.000 -0.522 
290.000 -1.000 
291.000 -0.941 
292.000 -0.921 
293.000 -0.186 
294.000 0.486 
295.000 0.325 
296.000 0.560 
297.000 0.227 
298.000 0.689 
299.000 0.114 
300.000 0.560 
301.000 -0.095 
302.000 -0.298 
303.000 -0.938 
304.000 -0.951 
305.000 -1.000 
306.000 -0.622 
307.000 0.180 
308.000 0.573 
309.000 0.238 
310.000 0.677 
311.000 0.170 
312.000 0.768 
313.000 0.062 
314.000 0.441 
315.000 -0.152 
316.000 -0.471 
317.000 -1.000 
318.000 -0.989 
319.000 -1.000 
320.000 -0.367 
321.000 0.401 
322.000 0.426 
323.000 0.437 
324.000 0.410 
325.000 0.440 
326.000 0.377 
327.000 0.315 
328.000 0.073 
329.000 -0.293 
330.000 -0.833 
331.000 -1.000 
332.000 -1.000 
333.000 -0.972 
334.000 -0.025 
335.000 0.641 
336.000 0.221 
337.000 0.707 
338.000 0.189 
339.000 0.753 
340.000 0.111 
341.000 0.553 
342.000 -0.109 
343.000 -0.380 
344.000 -1.000 
345.000 -1.000 
346.000 -1.000 
347.000 -0.620 
348.000 0.252 
349.000 0.558 
350.000 0.277 
351.000 0.633 
352.000 0.186 
353.000 0.750 
354.000 0.070 
355.000 0.419 
356.000 -0.149 
357.000 -0.479 
358.000 -1.000 
359.000 -0.987 
360.000 -1.000 
361.000 1.000 
362.000 0.430 
363.000 0.617 
364.000 0.465 
365.000 0.576 
366.000 0.459 
367.000 0.423 
368.000 0.379 
369.000 0.386 
370.000 0.165 
371.000 -0.005 
372.000 -0.283 
373.000 -0.384 
374.000 -0.380 
375.000 0.154 
376.000 0.823 
377.000 0.475 
378.000 0.612 
379.000 0.497 
380.000 0.580 
381.000 0.372 
382.000 0.502 
383.000 0.230 
384.000 0.483 
385.000 -0.039 
386.000 -0.181 
387.000 -0.476 
388.000 -0.208 
389.000 -0.191 
390.000 0.842 
391.000 0.478 
392.000 0.636 
393.000 0.545 
394.000 0.557 
395.000 0.456 
396.000 0.432 
397.000 0.371 
398.000 0.359 
399.000 0.060 
400.000 -0.215 
401.000 -0.481 
402.000 -0.495 
403.000 -0.366 
404.000 0.522 
405.000 0.563 
406.000 0.607 
407.000 0.575 
408.000 0.572 
409.000 0.542 
410.000 0.432 
411.000 0.444 
412.000 0.338 
413.000 0.304 
414.000 -0.013 
415.000 -0.343 
416.000 -0.556 
417.000 -0.466 
418.000 -0.169 
419.000 0.919 
420.000 0.576 
421.000 0.633 
422.000 0.601 
423.000 0.584 
424.000 0.485 
425.000 0.418 
426.000 0.404 
427.000 0.282 
428.000 -0.000 
429.000 -0.469 
430.000 -0.684 
431.000 -0.709 
432.000 -0.371 
433.000 0.778 
434.000 0.625 
435.000 0.659 
436.000 0.634 
437.000 0.612 
438.000 0.545 
439.000 0.415 
440.000 0.448 
441.000 0.307 
442.000 0.090 
443.000 -0.393 
444.000 -0.730 
445.000 -0.861 
446.000 -0.603 
447.000 0.352 
448.000 0.781 
449.000 0.693 
450.000 0.673 
451.000 0.644 
452.000 0.651 
453.000 0.485 
454.000 0.427 
455.000 0.385 
456.000 0.212 
457.000 -0.236 
458.000 -0.863 
459.000 -1.000 
460.000 -0.983 
461.000 -0.354 
462.000 1.000 
463.000 0.734 
464.000 0.723 
465.000 0.688 
466.000 0.668 
467.000 0.566 
468.000 0.369 
469.000 0.481 
470.000 0.127 
471.000 -0.318 
472.000 -1.000 
473.000 -1.000 
474.000 -1.000 
475.000 -0.362 
476.000 1.000 
477.000 0.769 
478.000 0.747 
479.000 0.707 
480.000 0.688 
481.000 1.000 
482.000 1.000 
483.000 1.000 
484.000 1.000 
485.000 0.938 
486.000 0.775 
487.000 0.587 
488.000 0.432 
489.000 0.476 
490.000 0.338 
491.000 0.515 
492.000 0.380 
493.000 0.713 
494.000 0.751 
495.000 1.000 
496.000 1.000 
497.000 1.000 
498.000 1.000 
499.000 1.000 
500.000 1.000 
501.000 0.827 
502.000 0.661 
503.000 0.510 
504.000 0.468 
505.000 0.418 
506.000 0.392 
507.000 0.425 
508.000 0.648 
509.000 0.731 
510.000 0.962 
511.000 1.000 
512.000 1.000 
513.000 1.000 
514.000 1.000 
515.000 1.000 
516.000 0.936 
517.000 0.770 
518.000 0.617 
519.000 0.479 
520.000 0.486 
521.000 0.409 
522.000 0.358 
523.000 0.512 
524.000 0.695 
525.000 0.854 
526.000 1.000 
527.000 1.000 
528.000 1.000 
529.000 1.000 
530.000 1.000 
531.000 1.000 
532.000 0.927 
533.000 0.767 
534.000 0.622 
535.000 0.491 
536.000 0.489 
537.000 0.387 
538.000 0.330 
539.000 0.491 
540.000 0.742 
541.000 0.900 
542.000 1.000 
543.000 1.000 
544.000 1.000 
545.000 1.000 
546.000 1.000 
547.000 1.000 
548.000 0.993 
549.000 0.833 
550.000 0.687 
551.000 0.556 
552.000 0.481 
553.000 0.439 
554.000 0.298 
555.000 0.297 
556.000 0.692 
557.000 0.845 
558.000 1.000 
559.000 1.000 
560.000 1.000 
561.000 1.000 
562.000 1.000 
563.000 1.000 
564.000 1.000 
565.000 1.000 
566.000 0.845 
567.000 0.703 
568.000 0.577 
569.000 0.486 
570.000 0.428 
571.000 0.268 
572.000 0.192 
573.000 0.571 
574.000 0.870 
575.000 1.000 
576.000 1.000 
577.000 1.000 
578.000 1.000 
579.000 1.000 
580.000 1.000 
581.000 1.000 
582.000 1.000 
583.000 1.000 
584.000 0.849 
585.000 0.713 
586.000 0.592 
587.000 0.494 
588.000 0.407 
589.000 0.216 
590.000 0.048 
591.000 0.383 
592.000 0.935 
593.000 1.000 
594.000 1.000 
595.000 1.000 
596.000 1.000 
597.000 1.000 
598.000 1.000 
599.000 1.000 
600.000 1.000 
601.000 1.000 
602.000 1.000 
603.000 1.000 
604.000 1.000 
605.000 1.000 
606.000 1.000 
607.000 1.000 
608.000 1.000 
609.000 1.000 
610.000 1.000 
611.000 1.000 
612.000 1.000 
613.000 1.000 
614.000 1.000 
615.000 1.000 
616.000 1.000 
617.000 1.000 
618.000 1.000 
619.000 1.000 
620.000 1.000 
621.000 1.000 
622.000 1.000 
623.000 1.000 
624.000 1.000 
625.000 1.000 
626.000 1.000 
627.000 1.000 
628.000 1.000 
629.000 1.000 
630.000 1.000 
631.000 1.000 
632.000 1.000 
633.000 1.000 
634.000 1.000 
635.000 1.000 
636.000 1.000 
637.000 1.000 
638.000 1.000 
639.000 1.000 
640.000 1.000 
641.000 1.000 
642.000 1.000 
643.000 1.000 
644.000 1.000 
645.000 1.000 
646.000 1.000 
647.000 1.000 
648.000 1.000 
649.000 1.000 
650.000 1.000 
651.000 1.000 
652.000 1.000 
653.000 1.000 
654.000 1.000 
655.000 1.000 
656.000 1.000 
657.000 1.000 
658.000 1.000 
659.000 1.000 
660.000 1.000 
661.000 1.000 
662.000 1.000 
663.000 1.000 
664.000 1.000 
665.000 1.000 
666.000 1.000 
667.000 1.000 
668.000 1.000 
669.000 1.000 
670.000 1.000 
671.000 1.000 
672.000 1.000 
673.000 1.000 
674.000 1.000 
675.000 1.000 
676.000 1.000 
677.000 1.000 
678.000 1.000 
679.000 1.000 
680.000 1.000 
681.000 1.000 
682.000 1.000 
683.000 1.000 
684.000 1.000 
685.000 1.000 
686.000 1.000 
687.000 1.000 
688.000 1.000 
689.000 1.000 
690.000 1.000 
691.000 1.000 
692.000 1.000 
693.000 1.000 
694.000 1.000 
695.000 1.000 
696.000 1.000 
697.000 1.000 
698.000 1.000 
699.000 1.000 
700.000 1.000 
701.000 1.000 
702.000 1.000 
703.000 1.000 
704.000 1.000 
705.000 1.000 
706.000 1.000 
707.000 1.000 
708.000 1.000 
709.000 1.000 
710.000 1.000 
711.000 1.000 
712.000 1.000 
713.000 1.000 
714.000 1.000 
715.000 1.000 
716.000 1.000 
717.000 1.000 
718.000 1.000 
719.000 1.000 
720.000 1.000 
721.000 1.000 
722.000 1.000 
723.000 1.000 
724.000 1.000 
725.000 1.000 
726.000 1.000 
727.000 1.000 
728.000 1.000 
729.000 1.000 
730.000 1.000 
731.000 1.000 
732.000 1.000 
733.000 1.000 
734.000 1.000 
735.000 1.000 
736.000 1.000 
737.000 1.000 
738.000 1.000 
739.000 1.000 
740.000 1.000 
741.000 1.000 
742.000 1.000 
743.000 1.000 
744.000 1.000 
745.000 1.000 
746.000 1.000 
747.000 1.000 
748.000 1.000 
749.000 1.000 
750.000 1.000 
751.000 1.000 
752.000 1.000 
753.000 1.000 
754.000 1.000 
755.000 1.000 
756.000 1.000 
757.000 1.000 
758.000 1.000 
759.000 1.000 
760.000 1.000 
761.000 1.000 
762.000 1.000 
763.000 1.000 
764.000 1.000 
765.000 1.000 
766.000 1.000 
767.000 1.000 
768.000 1.000 
769.000 1.000 
770.000 1.000 
771.000 1.000 
772.000 1.000 
773.000 1.000 
774.000 1.000 
775.000 1.000 
776.000 1.000 
777.000 1.000 
778.000 1.000 
779.000 1.000 
780.000 1.000 
781.000 1.000 
782.000 1.000 
783.000 1.000 
784.000 1.000 
785.000 1.000 
786.000 1.000 
787.000 1.000 
788.000 1.000 
789.000 1.000 
790.000 1.000 
791.000 1.000 
792.000 1.000 
793.000 1.000 
794.000 1.000 
795.000 1.000 
796.000 1.000 
797.000 1.000 
798.000 1.000 
799.000 1.000 
800.000 1.000 
