1.000 0.000 
2.000 0.000 
3.000 0.000 
4.000 0.000 
5.000 0.000 
6.000 0.000 
7.000 -0.745 
8.000 -0.461 
9.000 -0.463 
10.000 -0.465 
11.000 -0.467 
12.000 -0.288 
13.000 -0.143 
14.000 -0.116 
15.000 -0.099 
16.000 -0.088 
17.000 -0.080 
18.000 -0.109 
19.000 -0.167 
20.000 -0.218 
21.000 -0.258 
22.000 -0.288 
23.000 -0.303 
24.000 -0.292 
25.000 -0.264 
26.000 -0.233 
27.000 -0.206 
28.000 -0.185 
29.000 -0.171 
30.000 -0.167 
31.000 -0.171 
32.000 -0.182 
33.000 -0.197 
34.000 -0.213 
35.000 -0.226 
36.000 -0.235 
37.000 -0.239 
38.000 -0.237 
39.000 -0.231 
40.000 -0.224 
41.000 -0.216 
42.000 -0.210 
43.000 -0.206 
44.000 -0.205 
45.000 -0.207 
46.000 -0.210 
47.000 -0.214 
48.000 -0.219 
49.000 -0.223 
50.000 -0.226 
51.000 -0.228 
52.000 -0.228 
53.000 -0.227 
54.000 -0.225 
55.000 -0.224 
56.000 -0.222 
57.000 -0.222 
58.000 -0.222 
59.000 -0.222 
60.000 -0.224 
61.000 -0.225 
62.000 -0.227 
63.000 -0.228 
64.000 -0.229 
65.000 -0.230 
66.000 -0.231 
67.000 -0.231 
68.000 -0.231 
69.000 -0.231 
70.000 -0.231 
71.000 -0.231 
72.000 -0.231 
73.000 -0.232 
74.000 -0.233 
75.000 -0.233 
76.000 -0.234 
77.000 -0.235 
78.000 -0.236 
79.000 -0.236 
80.000 -0.237 
81.000 -0.237 
82.000 -0.237 
83.000 -0.238 
84.000 -0.238 
85.000 -0.239 
86.000 -0.239 
87.000 -0.240 
88.000 -0.240 
89.000 -0.241 
90.000 -0.241 
91.000 -0.242 
92.000 -0.242 
93.000 -0.243 
94.000 -0.243 
95.000 -0.244 
96.000 -0.244 
97.000 -0.245 
98.000 -0.245 
99.000 -0.246 
100.000 -0.246 
101.000 -0.247 
102.000 -0.247 
103.000 -0.248 
104.000 -0.248 
105.000 -0.249 
106.000 -0.249 
107.000 -0.250 
108.000 -0.250 
109.000 -0.251 
110.000 -0.251 
111.000 -0.252 
112.000 -0.252 
113.000 -0.253 
114.000 -0.253 
115.000 -0.254 
116.000 -0.254 
117.000 -0.255 
118.000 -0.255 
119.000 -0.256 
120.000 -0.256 
121.000 0.063 
122.000 -0.058 
123.000 -0.059 
124.000 -0.059 
125.000 -0.058 
126.000 -0.081 
127.000 -0.176 
128.000 -0.212 
129.000 -0.233 
130.000 -0.245 
131.000 -0.245 
132.000 -0.216 
133.000 -0.170 
134.000 -0.132 
135.000 -0.105 
136.000 -0.088 
137.000 -0.079 
138.000 -0.084 
139.000 -0.101 
140.000 -0.127 
141.000 -0.155 
142.000 -0.180 
143.000 -0.198 
144.000 -0.204 
145.000 -0.197 
146.000 -0.180 
147.000 -0.159 
148.000 -0.138 
149.000 -0.121 
150.000 -0.111 
151.000 -0.108 
152.000 -0.112 
153.000 -0.122 
154.000 -0.137 
155.000 -0.153 
156.000 -0.167 
157.000 -0.176 
158.000 -0.178 
159.000 -0.174 
160.000 -0.165 
161.000 -0.153 
162.000 -0.142 
163.000 -0.132 
164.000 -0.127 
165.000 -0.125 
166.000 -0.128 
167.000 -0.135 
168.000 -0.143 
169.000 -0.152 
170.000 -0.160 
171.000 -0.164 
172.000 -0.165 
173.000 -0.162 
174.000 -0.157 
175.000 -0.151 
176.000 -0.145 
177.000 -0.140 
178.000 -0.137 
179.000 -0.136 
180.000 -0.138 
181.000 -0.142 
182.000 -0.147 
183.000 -0.152 
184.000 -0.156 
185.000 -0.158 
186.000 -0.158 
187.000 -0.157 
188.000 -0.154 
189.000 -0.151 
190.000 -0.147 
191.000 -0.145 
192.000 -0.143 
193.000 -0.143 
194.000 -0.144 
195.000 -0.146 
196.000 -0.149 
197.000 -0.152 
198.000 -0.154 
199.000 -0.155 
200.000 -0.155 
201.000 -0.154 
202.000 -0.153 
203.000 -0.151 
204.000 -0.149 
205.000 -0.148 
206.000 -0.147 
207.000 -0.147 
208.000 -0.148 
209.000 -0.149 
210.000 -0.151 
211.000 -0.152 
212.000 -0.153 
213.000 -0.154 
214.000 -0.154 
215.000 -0.154 
216.000 -0.153 
217.000 -0.152 
218.000 -0.151 
219.000 -0.150 
220.000 -0.150 
221.000 -0.150 
222.000 -0.151 
223.000 -0.151 
224.000 -0.152 
225.000 -0.153 
226.000 -0.153 
227.000 -0.154 
228.000 -0.154 
229.000 -0.154 
230.000 -0.153 
231.000 -0.153 
232.000 -0.152 
233.000 -0.152 
234.000 -0.152 
235.000 -0.152 
236.000 -0.152 
237.000 -0.153 
238.000 -0.153 
239.000 -0.154 
240.000 -0.154 
241.000 1.000 
242.000 0.071 
243.000 0.864 
244.000 0.075 
245.000 0.868 
246.000 -0.061 
247.000 0.089 
248.000 -0.543 
249.000 -0.722 
250.000 -1.000 
251.000 -0.920 
252.000 -0.490 
253.000 0.250 
254.000 0.482 
255.000 0.327 
256.000 0.541 
257.000 0.225 
258.000 0.676 
259.000 0.015 
260.000 0.373 
261.000 -0.196 
262.000 -0.549 
263.000 -1.000 
264.000 -0.910 
265.000 -0.903 
266.000 -0.240 
267.000 0.416 
268.000 0.383 
269.000 0.475 
270.000 0.334 
271.000 0.531 
272.000 0.210 
273.000 0.472 
274.000 -0.059 
275.000 -0.314 
276.000 -0.884 
277.000 -1.000 
278.000 -1.000 
279.000 -0.789 
280.000 0.033 
281.000 0.591 
282.000 0.212 
283.000 0.711 
284.000 0.161 
285.000 0.780 
286.000 0.069 
287.000 0.561 
288.000 -0.148 
289.000 -0.366 
290.000 -1.000 
291.000 -0.988 
292.000 -1.000 
293.000 -0.567 
294.000 0.204 
295.000 0.550 
296.000 0.272 
297.000 0.630 
298.000 0.165 
299.000 0.771 
300.000 0.044 
301.000 0.451 
302.000 -0.164 
303.000 -0.441 
304.000 -1.000 
305.000 -0.948 
306.000 -1.000 
307.000 -0.380 
308.000 0.340 
309.000 0.471 
310.000 0.377 
311.000 0.489 
312.000 0.330 
313.000 0.534 
314.000 0.116 
315.000 0.253 
316.000 -0.221 
317.000 -0.700 
318.000 -1.000 
319.000 -1.000 
320.000 -0.994 
321.000 -0.208 
322.000 0.496 
323.000 0.343 
324.000 0.548 
325.000 0.262 
326.000 0.649 
327.000 0.130 
328.000 0.614 
329.000 -0.108 
330.000 -0.259 
331.000 -0.892 
332.000 -0.954 
333.000 -1.000 
334.000 -0.694 
335.000 0.091 
336.000 0.606 
337.000 0.227 
338.000 0.700 
339.000 0.188 
340.000 0.750 
341.000 0.083 
342.000 0.538 
343.000 -0.130 
344.000 -0.408 
345.000 -1.000 
346.000 -1.000 
347.000 -1.000 
348.000 -0.567 
349.000 0.249 
350.000 0.556 
351.000 0.290 
352.000 0.620 
353.000 0.192 
354.000 0.742 
355.000 0.063 
356.000 0.449 
357.000 -0.148 
358.000 -0.463 
359.000 -1.000 
360.000 -0.979 
361.000 1.000 
362.000 0.302 
363.000 0.725 
364.000 0.489 
365.000 0.579 
366.000 0.482 
367.000 0.423 
368.000 0.395 
369.000 0.356 
370.000 0.244 
371.000 0.011 
372.000 -0.264 
373.000 -0.431 
374.000 -0.405 
375.000 -0.063 
376.000 0.841 
377.000 0.496 
378.000 0.620 
379.000 0.524 
380.000 0.574 
381.000 0.414 
382.000 0.457 
383.000 0.302 
384.000 0.452 
385.000 -0.011 
386.000 -0.192 
387.000 -0.478 
388.000 -0.393 
389.000 -0.390 
390.000 0.581 
391.000 0.525 
392.000 0.634 
393.000 0.570 
394.000 0.561 
395.000 0.529 
396.000 0.417 
397.000 0.437 
398.000 0.319 
399.000 0.292 
400.000 -0.034 
401.000 -0.344 
402.000 -0.549 
403.000 -0.437 
404.000 -0.129 
405.000 0.928 
406.000 0.591 
407.000 0.628 
408.000 0.599 
409.000 0.581 
410.000 0.468 
411.000 0.411 
412.000 0.388 
413.000 0.269 
414.000 -0.032 
415.000 -0.493 
416.000 -0.707 
417.000 -0.714 
418.000 -0.365 
419.000 0.790 
420.000 0.650 
421.000 0.670 
422.000 0.638 
423.000 0.612 
424.000 0.536 
425.000 0.401 
426.000 0.441 
427.000 0.286 
428.000 0.047 
429.000 -0.486 
430.000 -0.792 
431.000 -0.914 
432.000 -0.625 
433.000 0.405 
434.000 0.782 
435.000 0.715 
436.000 0.683 
437.000 0.648 
438.000 0.652 
439.000 0.466 
440.000 0.424 
441.000 0.360 
442.000 0.184 
443.000 -0.318 
444.000 -0.944 
445.000 -1.000 
446.000 -1.000 
447.000 -0.344 
448.000 1.000 
449.000 0.768 
450.000 0.740 
451.000 0.697 
452.000 0.675 
453.000 0.563 
454.000 0.351 
455.000 0.485 
456.000 0.080 
457.000 -0.420 
458.000 -1.000 
459.000 -1.000 
460.000 -1.000 
461.000 -0.357 
462.000 1.000 
463.000 0.804 
464.000 0.765 
465.000 0.719 
466.000 0.696 
467.000 0.586 
468.000 0.340 
469.000 0.504 
470.000 0.051 
471.000 -0.537 
472.000 -1.000 
473.000 -1.000 
474.000 -1.000 
475.000 -0.356 
476.000 1.000 
477.000 0.832 
478.000 0.786 
479.000 0.739 
480.000 0.717 
481.000 1.000 
482.000 1.000 
483.000 1.000 
484.000 1.000 
485.000 0.897 
486.000 0.732 
487.000 0.547 
488.000 0.439 
489.000 0.447 
490.000 0.376 
491.000 0.493 
492.000 0.481 
493.000 0.712 
494.000 0.869 
495.000 1.000 
496.000 1.000 
497.000 1.000 
498.000 1.000 
499.000 1.000 
500.000 0.954 
501.000 0.776 
502.000 0.613 
503.000 0.468 
504.000 0.485 
505.000 0.389 
506.000 0.386 
507.000 0.491 
508.000 0.707 
509.000 0.860 
510.000 1.000 
511.000 1.000 
512.000 1.000 
513.000 1.000 
514.000 1.000 
515.000 1.000 
516.000 0.887 
517.000 0.722 
518.000 0.574 
519.000 0.467 
520.000 0.477 
521.000 0.359 
522.000 0.342 
523.000 0.582 
524.000 0.777 
525.000 0.990 
526.000 1.000 
527.000 1.000 
528.000 1.000 
529.000 1.000 
530.000 1.000 
531.000 1.000 
532.000 0.907 
533.000 0.747 
534.000 0.605 
535.000 0.479 
536.000 0.496 
537.000 0.349 
538.000 0.275 
539.000 0.458 
540.000 0.834 
541.000 1.000 
542.000 1.000 
543.000 1.000 
544.000 1.000 
545.000 1.000 
546.000 1.000 
547.000 1.000 
548.000 1.000 
549.000 0.874 
550.000 0.725 
551.000 0.593 
552.000 0.484 
553.000 0.477 
554.000 0.308 
555.000 0.182 
556.000 0.402 
557.000 0.909 
558.000 1.000 
559.000 1.000 
560.000 1.000 
561.000 1.000 
562.000 1.000 
563.000 1.000 
564.000 1.000 
565.000 1.000 
566.000 1.000 
567.000 0.861 
568.000 0.721 
569.000 0.598 
570.000 0.494 
571.000 0.421 
572.000 0.224 
573.000 -0.017 
574.000 0.138 
575.000 0.983 
576.000 1.000 
577.000 1.000 
578.000 1.000 
579.000 1.000 
580.000 1.000 
581.000 1.000 
582.000 1.000 
583.000 1.000 
584.000 1.000 
585.000 1.000 
586.000 0.962 
587.000 0.819 
588.000 0.695 
589.000 0.590 
590.000 0.504 
591.000 0.352 
592.000 0.029 
593.000 -0.471 
594.000 0.103 
595.000 1.000 
596.000 1.000 
597.000 1.000 
598.000 1.000 
599.000 1.000 
600.000 1.000 
601.000 1.000 
602.000 1.000 
603.000 1.000 
604.000 1.000 
605.000 1.000 
606.000 1.000 
607.000 1.000 
608.000 1.000 
609.000 1.000 
610.000 1.000 
611.000 1.000 
612.000 1.000 
613.000 1.000 
614.000 1.000 
615.000 1.000 
616.000 1.000 
617.000 1.000 
618.000 1.000 
619.000 1.000 
620.000 1.000 
621.000 1.000 
622.000 1.000 
623.000 1.000 
624.000 1.000 
625.000 1.000 
626.000 1.000 
627.000 1.000 
628.000 1.000 
629.000 1.000 
630.000 1.000 
631.000 1.000 
632.000 1.000 
633.000 1.000 
634.000 1.000 
635.000 1.000 
636.000 1.000 
637.000 1.000 
638.000 1.000 
639.000 1.000 
640.000 1.000 
641.000 1.000 
642.000 1.000 
643.000 1.000 
644.000 1.000 
645.000 1.000 
646.000 1.000 
647.000 1.000 
648.000 1.000 
649.000 1.000 
650.000 1.000 
651.000 1.000 
652.000 1.000 
653.000 1.000 
654.000 1.000 
655.000 1.000 
656.000 1.000 
657.000 1.000 
658.000 1.000 
659.000 1.000 
660.000 1.000 
661.000 1.000 
662.000 1.000 
663.000 1.000 
664.000 1.000 
665.000 1.000 
666.000 1.000 
667.000 1.000 
668.000 1.000 
669.000 1.000 
670.000 1.000 
671.000 1.000 
672.000 1.000 
673.000 1.000 
674.000 1.000 
675.000 1.000 
676.000 1.000 
677.000 1.000 
678.000 1.000 
679.000 1.000 
680.000 1.000 
681.000 1.000 
682.000 1.000 
683.000 1.000 
684.000 1.000 
685.000 1.000 
686.000 1.000 
687.000 1.000 
688.000 1.000 
689.000 1.000 
690.000 1.000 
691.000 1.000 
692.000 1.000 
693.000 1.000 
694.000 1.000 
695.000 1.000 
696.000 1.000 
697.000 1.000 
698.000 1.000 
699.000 1.000 
700.000 1.000 
701.000 1.000 
702.000 1.000 
703.000 1.000 
704.000 1.000 
705.000 1.000 
706.000 1.000 
707.000 1.000 
708.000 1.000 
709.000 1.000 
710.000 1.000 
711.000 1.000 
712.000 1.000 
713.000 1.000 
714.000 1.000 
715.000 1.000 
716.000 1.000 
717.000 1.000 
718.000 1.000 
719.000 1.000 
720.000 1.000 
721.000 1.000 
722.000 1.000 
723.000 1.000 
724.000 1.000 
725.000 1.000 
726.000 1.000 
727.000 1.000 
728.000 1.000 
729.000 1.000 
730.000 1.000 
731.000 1.000 
732.000 1.000 
733.000 1.000 
734.000 1.000 
735.000 1.000 
736.000 1.000 
737.000 1.000 
738.000 1.000 
739.000 1.000 
740.000 1.000 
741.000 1.000 
742.000 1.000 
743.000 1.000 
744.000 1.000 
745.000 1.000 
746.000 1.000 
747.000 1.000 
748.000 1.000 
749.000 1.000 
750.000 1.000 
751.000 1.000 
752.000 1.000 
753.000 1.000 
754.000 1.000 
755.000 1.000 
756.000 1.000 
757.000 1.000 
758.000 1.000 
759.000 1.000 
760.000 1.000 
761.000 1.000 
762.000 1.000 
763.000 1.000 
764.000 1.000 
765.000 1.000 
766.000 1.000 
767.000 1.000 
768.000 1.000 
769.000 1.000 
770.000 1.000 
771.000 1.000 
772.000 1.000 
773.000 1.000 
774.000 1.000 
775.000 1.000 
776.000 1.000 
777.000 1.000 
778.000 1.000 
779.000 1.000 
780.000 1.000 
781.000 1.000 
782.000 1.000 
783.000 1.000 
784.000 1.000 
785.000 1.000 
786.000 1.000 
787.000 1.000 
788.000 1.000 
789.000 1.000 
790.000 1.000 
791.000 1.000 
792.000 1.000 
793.000 1.000 
794.000 1.000 
795.000 1.000 
796.000 1.000 
797.000 1.000 
798.000 1.000 
799.000 1.000 
800.000 1.000 
