1.000 0.000 
2.000 0.000 
3.000 0.000 
4.000 0.000 
5.000 0.000 
6.000 0.000 
7.000 -0.852 
8.000 -0.440 
9.000 -0.442 
10.000 -0.444 
11.000 -0.446 
12.000 -0.216 
13.000 -0.067 
14.000 -0.082 
15.000 -0.083 
16.000 -0.082 
17.000 -0.074 
18.000 -0.130 
19.000 -0.214 
20.000 -0.261 
21.000 -0.289 
22.000 -0.306 
23.000 -0.303 
24.000 -0.269 
25.000 -0.225 
26.000 -0.192 
27.000 -0.170 
28.000 -0.157 
29.000 -0.152 
30.000 -0.160 
31.000 -0.176 
32.000 -0.196 
33.000 -0.215 
34.000 -0.230 
35.000 -0.238 
36.000 -0.239 
37.000 -0.232 
38.000 -0.222 
39.000 -0.212 
40.000 -0.203 
41.000 -0.196 
42.000 -0.194 
43.000 -0.196 
44.000 -0.200 
45.000 -0.206 
46.000 -0.213 
47.000 -0.218 
48.000 -0.222 
49.000 -0.223 
50.000 -0.223 
51.000 -0.221 
52.000 -0.218 
53.000 -0.215 
54.000 -0.214 
55.000 -0.213 
56.000 -0.213 
57.000 -0.214 
58.000 -0.216 
59.000 -0.218 
60.000 -0.220 
61.000 -0.222 
62.000 -0.223 
63.000 -0.224 
64.000 -0.224 
65.000 -0.223 
66.000 -0.223 
67.000 -0.223 
68.000 -0.223 
69.000 -0.223 
70.000 -0.224 
71.000 -0.224 
72.000 -0.225 
73.000 -0.226 
74.000 -0.227 
75.000 -0.228 
76.000 -0.228 
77.000 -0.229 
78.000 -0.229 
79.000 -0.229 
80.000 -0.230 
81.000 -0.230 
82.000 -0.230 
83.000 -0.231 
84.000 -0.231 
85.000 -0.232 
86.000 -0.233 
87.000 -0.233 
88.000 -0.234 
89.000 -0.234 
90.000 -0.235 
91.000 -0.235 
92.000 -0.236 
93.000 -0.236 
94.000 -0.237 
95.000 -0.237 
96.000 -0.238 
97.000 -0.238 
98.000 -0.239 
99.000 -0.239 
100.000 -0.240 
101.000 -0.240 
102.000 -0.241 
103.000 -0.241 
104.000 -0.242 
105.000 -0.242 
106.000 -0.242 
107.000 -0.243 
108.000 -0.243 
109.000 -0.244 
110.000 -0.244 
111.000 -0.245 
112.000 -0.245 
113.000 -0.246 
114.000 -0.246 
115.000 -0.247 
116.000 -0.247 
117.000 -0.248 
118.000 -0.248 
119.000 -0.249 
120.000 -0.249 
121.000 0.116 
122.000 -0.056 
123.000 -0.061 
124.000 -0.061 
125.000 -0.060 
126.000 -0.100 
127.000 -0.218 
128.000 -0.237 
129.000 -0.243 
130.000 -0.245 
131.000 -0.232 
132.000 -0.186 
133.000 -0.131 
134.000 -0.099 
135.000 -0.081 
136.000 -0.073 
137.000 -0.075 
138.000 -0.093 
139.000 -0.125 
140.000 -0.158 
141.000 -0.185 
142.000 -0.204 
143.000 -0.208 
144.000 -0.197 
145.000 -0.174 
146.000 -0.148 
147.000 -0.125 
148.000 -0.108 
149.000 -0.100 
150.000 -0.100 
151.000 -0.110 
152.000 -0.126 
153.000 -0.145 
154.000 -0.163 
155.000 -0.176 
156.000 -0.182 
157.000 -0.178 
158.000 -0.167 
159.000 -0.153 
160.000 -0.138 
161.000 -0.126 
162.000 -0.119 
163.000 -0.118 
164.000 -0.122 
165.000 -0.131 
166.000 -0.142 
167.000 -0.153 
168.000 -0.162 
169.000 -0.166 
170.000 -0.166 
171.000 -0.161 
172.000 -0.153 
173.000 -0.145 
174.000 -0.137 
175.000 -0.132 
176.000 -0.130 
177.000 -0.131 
178.000 -0.136 
179.000 -0.142 
180.000 -0.149 
181.000 -0.154 
182.000 -0.158 
183.000 -0.158 
184.000 -0.156 
185.000 -0.153 
186.000 -0.148 
187.000 -0.143 
188.000 -0.140 
189.000 -0.138 
190.000 -0.138 
191.000 -0.140 
192.000 -0.143 
193.000 -0.147 
194.000 -0.151 
195.000 -0.153 
196.000 -0.154 
197.000 -0.154 
198.000 -0.152 
199.000 -0.149 
200.000 -0.147 
201.000 -0.144 
202.000 -0.143 
203.000 -0.143 
204.000 -0.144 
205.000 -0.145 
206.000 -0.148 
207.000 -0.150 
208.000 -0.151 
209.000 -0.152 
210.000 -0.152 
211.000 -0.151 
212.000 -0.150 
213.000 -0.149 
214.000 -0.147 
215.000 -0.146 
216.000 -0.146 
217.000 -0.146 
218.000 -0.147 
219.000 -0.148 
220.000 -0.150 
221.000 -0.151 
222.000 -0.151 
223.000 -0.152 
224.000 -0.151 
225.000 -0.151 
226.000 -0.150 
227.000 -0.149 
228.000 -0.149 
229.000 -0.148 
230.000 -0.149 
231.000 -0.149 
232.000 -0.150 
233.000 -0.150 
234.000 -0.151 
235.000 -0.152 
236.000 -0.152 
237.000 -0.152 
238.000 -0.151 
239.000 -0.151 
240.000 -0.151 
241.000 1.000 
242.000 0.078 
243.000 0.813 
244.000 0.082 
245.000 0.817 
246.000 -0.032 
247.000 -0.043 
248.000 -0.722 
249.000 -0.758 
250.000 -1.000 
251.000 -0.875 
252.000 -0.212 
253.000 0.545 
254.000 0.220 
255.000 0.688 
256.000 0.143 
257.000 0.796 
258.000 0.091 
259.000 0.487 
260.000 -0.105 
261.000 -0.370 
262.000 -1.000 
263.000 -1.000 
264.000 -1.000 
265.000 -0.492 
266.000 0.332 
267.000 0.456 
268.000 0.366 
269.000 0.485 
270.000 0.308 
271.000 0.558 
272.000 0.086 
273.000 0.174 
274.000 -0.306 
275.000 -0.757 
276.000 -1.000 
277.000 -1.000 
278.000 -0.740 
279.000 0.133 
280.000 0.594 
281.000 0.176 
282.000 0.754 
283.000 0.152 
284.000 0.790 
285.000 0.071 
286.000 0.429 
287.000 -0.148 
288.000 -0.505 
289.000 -1.000 
290.000 -1.000 
291.000 -1.000 
292.000 -0.330 
293.000 0.482 
294.000 0.319 
295.000 0.561 
296.000 0.220 
297.000 0.693 
298.000 0.127 
299.000 0.537 
300.000 -0.061 
301.000 -0.309 
302.000 -0.960 
303.000 -0.962 
304.000 -1.000 
305.000 -0.614 
306.000 0.260 
307.000 0.540 
308.000 0.265 
309.000 0.635 
310.000 0.162 
311.000 0.776 
312.000 0.064 
313.000 0.331 
314.000 -0.198 
315.000 -0.518 
316.000 -1.000 
317.000 -0.981 
318.000 -0.937 
319.000 -0.098 
320.000 0.601 
321.000 0.184 
322.000 0.750 
323.000 0.175 
324.000 0.764 
325.000 0.115 
326.000 0.524 
327.000 -0.083 
328.000 -0.411 
329.000 -1.000 
330.000 -1.000 
331.000 -1.000 
332.000 -0.578 
333.000 0.360 
334.000 0.469 
335.000 0.372 
336.000 0.496 
337.000 0.317 
338.000 0.564 
339.000 0.112 
340.000 0.231 
341.000 -0.235 
342.000 -0.713 
343.000 -1.000 
344.000 -1.000 
345.000 -0.862 
346.000 0.029 
347.000 0.689 
348.000 0.199 
349.000 0.733 
350.000 0.183 
351.000 0.758 
352.000 0.105 
353.000 0.443 
354.000 -0.120 
355.000 -0.506 
356.000 -1.000 
357.000 -1.000 
358.000 -1.000 
359.000 -0.399 
360.000 0.495 
361.000 0.978 
362.000 0.437 
363.000 0.585 
364.000 0.441 
365.000 0.560 
366.000 0.265 
367.000 0.592 
368.000 -0.002 
369.000 0.141 
370.000 -0.332 
371.000 -0.320 
372.000 -0.580 
373.000 0.462 
374.000 0.430 
375.000 0.583 
376.000 0.478 
377.000 0.570 
378.000 0.494 
379.000 0.474 
380.000 0.405 
381.000 0.425 
382.000 0.311 
383.000 0.159 
384.000 -0.082 
385.000 -0.301 
386.000 -0.413 
387.000 -0.232 
388.000 0.408 
389.000 0.555 
390.000 0.508 
391.000 0.573 
392.000 0.518 
393.000 0.541 
394.000 0.418 
395.000 0.473 
396.000 0.322 
397.000 0.383 
398.000 0.051 
399.000 -0.159 
400.000 -0.428 
401.000 -0.325 
402.000 -0.201 
403.000 0.730 
404.000 0.428 
405.000 0.656 
406.000 0.530 
407.000 0.575 
408.000 0.475 
409.000 0.467 
410.000 0.385 
411.000 0.428 
412.000 0.129 
413.000 -0.087 
414.000 -0.429 
415.000 -0.486 
416.000 -0.495 
417.000 0.266 
418.000 0.732 
419.000 0.539 
420.000 0.606 
421.000 0.550 
422.000 0.596 
423.000 0.440 
424.000 0.484 
425.000 0.339 
426.000 0.397 
427.000 0.032 
428.000 -0.300 
429.000 -0.598 
430.000 -0.503 
431.000 -0.376 
432.000 0.714 
433.000 0.519 
434.000 0.647 
435.000 0.590 
436.000 0.580 
437.000 0.544 
438.000 0.445 
439.000 0.451 
440.000 0.356 
441.000 0.203 
442.000 -0.134 
443.000 -0.520 
444.000 -0.682 
445.000 -0.550 
446.000 0.084 
447.000 0.922 
448.000 0.603 
449.000 0.621 
450.000 0.608 
451.000 0.619 
452.000 0.491 
453.000 0.442 
454.000 0.407 
455.000 0.271 
456.000 -0.071 
457.000 -0.625 
458.000 -0.827 
459.000 -0.809 
460.000 -0.353 
461.000 1.000 
462.000 0.630 
463.000 0.658 
464.000 0.642 
465.000 0.630 
466.000 0.545 
467.000 0.415 
468.000 0.460 
469.000 0.241 
470.000 -0.077 
471.000 -0.741 
472.000 -0.922 
473.000 -0.991 
474.000 -0.441 
475.000 1.000 
476.000 0.663 
477.000 0.685 
478.000 0.668 
479.000 0.653 
480.000 0.579 
481.000 1.000 
482.000 1.000 
483.000 1.000 
484.000 1.000 
485.000 0.963 
486.000 0.825 
487.000 0.649 
488.000 0.487 
489.000 0.465 
490.000 0.397 
491.000 0.385 
492.000 0.392 
493.000 0.617 
494.000 0.612 
495.000 0.832 
496.000 1.000 
497.000 1.000 
498.000 1.000 
499.000 1.000 
500.000 1.000 
501.000 0.960 
502.000 0.800 
503.000 0.647 
504.000 0.504 
505.000 0.474 
506.000 0.422 
507.000 0.355 
508.000 0.455 
509.000 0.613 
510.000 0.687 
511.000 0.892 
512.000 1.000 
513.000 1.000 
514.000 1.000 
515.000 1.000 
516.000 1.000 
517.000 0.976 
518.000 0.820 
519.000 0.672 
520.000 0.535 
521.000 0.474 
522.000 0.451 
523.000 0.321 
524.000 0.396 
525.000 0.670 
526.000 0.706 
527.000 0.904 
528.000 1.000 
529.000 1.000 
530.000 1.000 
531.000 1.000 
532.000 1.000 
533.000 1.000 
534.000 0.889 
535.000 0.742 
536.000 0.605 
537.000 0.479 
538.000 0.494 
539.000 0.336 
540.000 0.289 
541.000 0.538 
542.000 0.698 
543.000 0.852 
544.000 1.000 
545.000 1.000 
546.000 1.000 
547.000 1.000 
548.000 1.000 
549.000 1.000 
550.000 1.000 
551.000 0.885 
552.000 0.741 
553.000 0.608 
554.000 0.489 
555.000 0.487 
556.000 0.314 
557.000 0.220 
558.000 0.491 
559.000 0.756 
560.000 0.901 
561.000 1.000 
562.000 1.000 
563.000 1.000 
564.000 1.000 
565.000 1.000 
566.000 1.000 
567.000 1.000 
568.000 0.979 
569.000 0.831 
570.000 0.695 
571.000 0.572 
572.000 0.488 
573.000 0.379 
574.000 0.190 
575.000 0.119 
576.000 0.648 
577.000 0.809 
578.000 1.000 
579.000 1.000 
580.000 1.000 
581.000 1.000 
582.000 1.000 
583.000 1.000 
584.000 1.000 
585.000 1.000 
586.000 1.000 
587.000 0.929 
588.000 0.787 
589.000 0.660 
590.000 0.548 
591.000 0.469 
592.000 0.291 
593.000 0.025 
594.000 -0.004 
595.000 0.878 
596.000 0.937 
597.000 1.000 
598.000 1.000 
599.000 1.000 
600.000 1.000 
601.000 1.000 
602.000 1.000 
603.000 1.000 
604.000 1.000 
605.000 1.000 
606.000 1.000 
607.000 1.000 
608.000 1.000 
609.000 1.000 
610.000 1.000 
611.000 1.000 
612.000 1.000 
613.000 1.000 
614.000 1.000 
615.000 1.000 
616.000 1.000 
617.000 1.000 
618.000 1.000 
619.000 1.000 
620.000 1.000 
621.000 1.000 
622.000 1.000 
623.000 1.000 
624.000 1.000 
625.000 1.000 
626.000 1.000 
627.000 1.000 
628.000 1.000 
629.000 1.000 
630.000 1.000 
631.000 1.000 
632.000 1.000 
633.000 1.000 
634.000 1.000 
635.000 1.000 
636.000 1.000 
637.000 1.000 
638.000 1.000 
639.000 1.000 
640.000 1.000 
641.000 1.000 
642.000 1.000 
643.000 1.000 
644.000 1.000 
645.000 1.000 
646.000 1.000 
647.000 1.000 
648.000 1.000 
649.000 1.000 
650.000 1.000 
651.000 1.000 
652.000 1.000 
653.000 1.000 
654.000 1.000 
655.000 1.000 
656.000 1.000 
657.000 1.000 
658.000 1.000 
659.000 1.000 
660.000 1.000 
661.000 1.000 
662.000 1.000 
663.000 1.000 
664.000 1.000 
665.000 1.000 
666.000 1.000 
667.000 1.000 
668.000 1.000 
669.000 1.000 
670.000 1.000 
671.000 1.000 
672.000 1.000 
673.000 1.000 
674.000 1.000 
675.000 1.000 
676.000 1.000 
677.000 1.000 
678.000 1.000 
679.000 1.000 
680.000 1.000 
681.000 1.000 
682.000 1.000 
683.000 1.000 
684.000 1.000 
685.000 1.000 
686.000 1.000 
687.000 1.000 
688.000 1.000 
689.000 1.000 
690.000 1.000 
691.000 1.000 
692.000 1.000 
693.000 1.000 
694.000 1.000 
695.000 1.000 
696.000 1.000 
697.000 1.000 
698.000 1.000 
699.000 1.000 
700.000 1.000 
701.000 1.000 
702.000 1.000 
703.000 1.000 
704.000 1.000 
705.000 1.000 
706.000 1.000 
707.000 1.000 
708.000 1.000 
709.000 1.000 
710.000 1.000 
711.000 1.000 
712.000 1.000 
713.000 1.000 
714.000 1.000 
715.000 1.000 
716.000 1.000 
717.000 1.000 
718.000 1.000 
719.000 1.000 
720.000 1.000 
721.000 1.000 
722.000 1.000 
723.000 1.000 
724.000 1.000 
725.000 1.000 
726.000 1.000 
727.000 1.000 
728.000 1.000 
729.000 1.000 
730.000 1.000 
731.000 1.000 
732.000 1.000 
733.000 1.000 
734.000 1.000 
735.000 1.000 
736.000 1.000 
737.000 1.000 
738.000 1.000 
739.000 1.000 
740.000 1.000 
741.000 1.000 
742.000 1.000 
743.000 1.000 
744.000 1.000 
745.000 1.000 
746.000 1.000 
747.000 1.000 
748.000 1.000 
749.000 1.000 
750.000 1.000 
751.000 1.000 
752.000 1.000 
753.000 1.000 
754.000 1.000 
755.000 1.000 
756.000 1.000 
757.000 1.000 
758.000 1.000 
759.000 1.000 
760.000 1.000 
761.000 1.000 
762.000 1.000 
763.000 1.000 
764.000 1.000 
765.000 1.000 
766.000 1.000 
767.000 1.000 
768.000 1.000 
769.000 1.000 
770.000 1.000 
771.000 1.000 
772.000 1.000 
773.000 1.000 
774.000 1.000 
775.000 1.000 
776.000 1.000 
777.000 1.000 
778.000 1.000 
779.000 1.000 
780.000 1.000 
781.000 1.000 
782.000 1.000 
783.000 1.000 
784.000 1.000 
785.000 1.000 
786.000 1.000 
787.000 1.000 
788.000 1.000 
789.000 1.000 
790.000 1.000 
791.000 1.000 
792.000 1.000 
793.000 1.000 
794.000 1.000 
795.000 1.000 
796.000 1.000 
797.000 1.000 
798.000 1.000 
799.000 1.000 
800.000 1.000 
