1.000 0.000 
2.000 0.000 
3.000 0.000 
4.000 0.000 
5.000 0.000 
6.000 0.000 
7.000 -0.192 
8.000 -0.060 
9.000 -0.060 
10.000 -0.060 
11.000 -0.060 
12.000 -0.044 
13.000 -0.033 
14.000 -0.039 
15.000 -0.042 
16.000 -0.044 
17.000 -0.047 
18.000 -0.050 
19.000 -0.052 
20.000 -0.052 
21.000 -0.052 
22.000 -0.051 
23.000 -0.050 
24.000 -0.050 
25.000 -0.049 
26.000 -0.050 
27.000 -0.050 
28.000 -0.050 
29.000 -0.051 
30.000 -0.051 
31.000 -0.051 
32.000 -0.051 
33.000 -0.052 
34.000 -0.052 
35.000 -0.052 
36.000 -0.052 
37.000 -0.052 
38.000 -0.052 
39.000 -0.052 
40.000 -0.052 
41.000 -0.053 
42.000 -0.053 
43.000 -0.053 
44.000 -0.053 
45.000 -0.053 
46.000 -0.053 
47.000 -0.054 
48.000 -0.054 
49.000 -0.054 
50.000 -0.054 
51.000 -0.054 
52.000 -0.054 
53.000 -0.054 
54.000 -0.055 
55.000 -0.055 
56.000 -0.055 
57.000 -0.055 
58.000 -0.055 
59.000 -0.055 
60.000 -0.055 
61.000 -0.056 
62.000 -0.056 
63.000 -0.056 
64.000 -0.056 
65.000 -0.056 
66.000 -0.056 
67.000 -0.057 
68.000 -0.057 
69.000 -0.057 
70.000 -0.057 
71.000 -0.057 
72.000 -0.057 
73.000 -0.057 
74.000 -0.058 
75.000 -0.058 
76.000 -0.058 
77.000 -0.058 
78.000 -0.058 
79.000 -0.058 
80.000 -0.059 
81.000 -0.059 
82.000 -0.059 
83.000 -0.059 
84.000 -0.059 
85.000 -0.059 
86.000 -0.059 
87.000 -0.060 
88.000 -0.060 
89.000 -0.060 
90.000 -0.060 
91.000 -0.060 
92.000 -0.060 
93.000 -0.060 
94.000 -0.061 
95.000 -0.061 
96.000 -0.061 
97.000 -0.061 
98.000 -0.061 
99.000 -0.061 
100.000 -0.062 
101.000 -0.062 
102.000 -0.062 
103.000 -0.062 
104.000 -0.062 
105.000 -0.062 
106.000 -0.062 
107.000 -0.063 
108.000 -0.063 
109.000 -0.063 
110.000 -0.063 
111.000 -0.063 
112.000 -0.063 
113.000 -0.063 
114.000 -0.064 
115.000 -0.064 
116.000 -0.064 
117.000 -0.064 
118.000 -0.064 
119.000 -0.064 
120.000 -0.064 
121.000 0.018 
122.000 -0.043 
123.000 -0.039 
124.000 -0.039 
125.000 -0.039 
126.000 -0.046 
127.000 -0.050 
128.000 -0.048 
129.000 -0.047 
130.000 -0.046 
131.000 -0.045 
132.000 -0.044 
133.000 -0.043 
134.000 -0.043 
135.000 -0.044 
136.000 -0.044 
137.000 -0.045 
138.000 -0.045 
139.000 -0.045 
140.000 -0.045 
141.000 -0.045 
142.000 -0.045 
143.000 -0.045 
144.000 -0.045 
145.000 -0.045 
146.000 -0.045 
147.000 -0.045 
148.000 -0.046 
149.000 -0.046 
150.000 -0.046 
151.000 -0.046 
152.000 -0.046 
153.000 -0.046 
154.000 -0.046 
155.000 -0.046 
156.000 -0.046 
157.000 -0.046 
158.000 -0.046 
159.000 -0.046 
160.000 -0.046 
161.000 -0.047 
162.000 -0.047 
163.000 -0.047 
164.000 -0.047 
165.000 -0.047 
166.000 -0.047 
167.000 -0.047 
168.000 -0.047 
169.000 -0.047 
170.000 -0.047 
171.000 -0.047 
172.000 -0.047 
173.000 -0.047 
174.000 -0.047 
175.000 -0.048 
176.000 -0.048 
177.000 -0.048 
178.000 -0.048 
179.000 -0.048 
180.000 -0.048 
181.000 -0.048 
182.000 -0.048 
183.000 -0.048 
184.000 -0.048 
185.000 -0.048 
186.000 -0.048 
187.000 -0.048 
188.000 -0.048 
189.000 -0.049 
190.000 -0.049 
191.000 -0.049 
192.000 -0.049 
193.000 -0.049 
194.000 -0.049 
195.000 -0.049 
196.000 -0.049 
197.000 -0.049 
198.000 -0.049 
199.000 -0.049 
200.000 -0.049 
201.000 -0.049 
202.000 -0.049 
203.000 -0.050 
204.000 -0.050 
205.000 -0.050 
206.000 -0.050 
207.000 -0.050 
208.000 -0.050 
209.000 -0.050 
210.000 -0.050 
211.000 -0.050 
212.000 -0.050 
213.000 -0.050 
214.000 -0.050 
215.000 -0.050 
216.000 -0.050 
217.000 -0.051 
218.000 -0.051 
219.000 -0.051 
220.000 -0.051 
221.000 -0.051 
222.000 -0.051 
223.000 -0.051 
224.000 -0.051 
225.000 -0.051 
226.000 -0.051 
227.000 -0.051 
228.000 -0.051 
229.000 -0.051 
230.000 -0.051 
231.000 -0.052 
232.000 -0.052 
233.000 -0.052 
234.000 -0.052 
235.000 -0.052 
236.000 -0.052 
237.000 -0.052 
238.000 -0.052 
239.000 -0.052 
240.000 -0.052 
241.000 0.414 
242.000 -0.107 
243.000 0.093 
244.000 0.050 
245.000 0.071 
246.000 0.013 
247.000 0.040 
248.000 0.043 
249.000 0.040 
250.000 0.042 
251.000 0.048 
252.000 0.051 
253.000 0.051 
254.000 0.051 
255.000 0.051 
256.000 0.051 
257.000 0.050 
258.000 0.050 
259.000 0.050 
260.000 0.050 
261.000 0.050 
262.000 0.051 
263.000 0.052 
264.000 0.052 
265.000 0.053 
266.000 0.053 
267.000 0.053 
268.000 0.054 
269.000 0.054 
270.000 0.054 
271.000 0.054 
272.000 0.055 
273.000 0.055 
274.000 0.055 
275.000 0.056 
276.000 0.056 
277.000 0.057 
278.000 0.057 
279.000 0.057 
280.000 0.058 
281.000 0.058 
282.000 0.058 
283.000 0.059 
284.000 0.059 
285.000 0.059 
286.000 0.060 
287.000 0.060 
288.000 0.060 
289.000 0.061 
290.000 0.061 
291.000 0.062 
292.000 0.062 
293.000 0.062 
294.000 0.063 
295.000 0.063 
296.000 0.063 
297.000 0.064 
298.000 0.064 
299.000 0.064 
300.000 0.065 
301.000 0.065 
302.000 0.066 
303.000 0.066 
304.000 0.066 
305.000 0.067 
306.000 0.067 
307.000 0.067 
308.000 0.068 
309.000 0.068 
310.000 0.069 
311.000 0.069 
312.000 0.069 
313.000 0.070 
314.000 0.070 
315.000 0.071 
316.000 0.071 
317.000 0.071 
318.000 0.072 
319.000 0.072 
320.000 0.072 
321.000 0.073 
322.000 0.073 
323.000 0.074 
324.000 0.074 
325.000 0.074 
326.000 0.075 
327.000 0.075 
328.000 0.076 
329.000 0.076 
330.000 0.076 
331.000 0.077 
332.000 0.077 
333.000 0.078 
334.000 0.078 
335.000 0.078 
336.000 0.079 
337.000 0.079 
338.000 0.080 
339.000 0.080 
340.000 0.080 
341.000 0.081 
342.000 0.081 
343.000 0.082 
344.000 0.082 
345.000 0.082 
346.000 0.083 
347.000 0.083 
348.000 0.084 
349.000 0.084 
350.000 0.084 
351.000 0.085 
352.000 0.085 
353.000 0.086 
354.000 0.086 
355.000 0.087 
356.000 0.087 
357.000 0.087 
358.000 0.088 
359.000 0.088 
360.000 0.089 
361.000 0.847 
362.000 0.166 
363.000 0.309 
364.000 0.271 
365.000 0.287 
366.000 0.212 
367.000 0.187 
368.000 0.184 
369.000 0.183 
370.000 0.185 
371.000 0.206 
372.000 0.234 
373.000 0.256 
374.000 0.270 
375.000 0.280 
376.000 0.284 
377.000 0.282 
378.000 0.277 
379.000 0.269 
380.000 0.261 
381.000 0.254 
382.000 0.249 
383.000 0.248 
384.000 0.251 
385.000 0.257 
386.000 0.265 
387.000 0.274 
388.000 0.283 
389.000 0.289 
390.000 0.294 
391.000 0.297 
392.000 0.297 
393.000 0.296 
394.000 0.294 
395.000 0.291 
396.000 0.289 
397.000 0.287 
398.000 0.288 
399.000 0.290 
400.000 0.293 
401.000 0.298 
402.000 0.304 
403.000 0.310 
404.000 0.315 
405.000 0.319 
406.000 0.322 
407.000 0.323 
408.000 0.324 
409.000 0.323 
410.000 0.322 
411.000 0.320 
412.000 0.319 
413.000 0.319 
414.000 0.320 
415.000 0.322 
416.000 0.325 
417.000 0.329 
418.000 0.334 
419.000 0.339 
420.000 0.344 
421.000 0.347 
422.000 0.350 
423.000 0.352 
424.000 0.352 
425.000 0.351 
426.000 0.350 
427.000 0.347 
428.000 0.345 
429.000 0.343 
430.000 0.343 
431.000 0.343 
432.000 0.346 
433.000 0.349 
434.000 0.354 
435.000 0.360 
436.000 0.366 
437.000 0.372 
438.000 0.376 
439.000 0.379 
440.000 0.381 
441.000 0.380 
442.000 0.377 
443.000 0.373 
444.000 0.368 
445.000 0.362 
446.000 0.356 
447.000 0.352 
448.000 0.350 
449.000 0.352 
450.000 0.356 
451.000 0.364 
452.000 0.374 
453.000 0.385 
454.000 0.396 
455.000 0.406 
456.000 0.413 
457.000 0.417 
458.000 0.417 
459.000 0.413 
460.000 0.404 
461.000 0.391 
462.000 0.376 
463.000 0.357 
464.000 0.339 
465.000 0.324 
466.000 0.314 
467.000 0.313 
468.000 0.324 
469.000 0.346 
470.000 0.376 
471.000 0.410 
472.000 0.442 
473.000 0.468 
474.000 0.486 
475.000 0.495 
476.000 0.497 
477.000 0.489 
478.000 0.471 
479.000 0.442 
480.000 0.399 
481.000 0.968 
482.000 0.806 
483.000 0.833 
484.000 0.861 
485.000 0.892 
486.000 0.907 
487.000 0.912 
488.000 0.914 
489.000 0.911 
490.000 0.904 
491.000 0.893 
492.000 0.880 
493.000 0.865 
494.000 0.848 
495.000 0.832 
496.000 0.816 
497.000 0.801 
498.000 0.788 
499.000 0.776 
500.000 0.767 
501.000 0.760 
502.000 0.756 
503.000 0.754 
504.000 0.754 
505.000 0.757 
506.000 0.760 
507.000 0.766 
508.000 0.771 
509.000 0.778 
510.000 0.784 
511.000 0.791 
512.000 0.797 
513.000 0.802 
514.000 0.807 
515.000 0.810 
516.000 0.813 
517.000 0.815 
518.000 0.816 
519.000 0.816 
520.000 0.816 
521.000 0.815 
522.000 0.813 
523.000 0.811 
524.000 0.809 
525.000 0.807 
526.000 0.804 
527.000 0.802 
528.000 0.800 
529.000 0.798 
530.000 0.797 
531.000 0.796 
532.000 0.795 
533.000 0.794 
534.000 0.794 
535.000 0.794 
536.000 0.794 
537.000 0.795 
538.000 0.796 
539.000 0.796 
540.000 0.797 
541.000 0.798 
542.000 0.799 
543.000 0.800 
544.000 0.800 
545.000 0.801 
546.000 0.801 
547.000 0.802 
548.000 0.802 
549.000 0.802 
550.000 0.802 
551.000 0.802 
552.000 0.802 
553.000 0.802 
554.000 0.801 
555.000 0.801 
556.000 0.801 
557.000 0.801 
558.000 0.800 
559.000 0.800 
560.000 0.800 
561.000 0.800 
562.000 0.799 
563.000 0.799 
564.000 0.799 
565.000 0.799 
566.000 0.799 
567.000 0.799 
568.000 0.799 
569.000 0.799 
570.000 0.800 
571.000 0.800 
572.000 0.800 
573.000 0.800 
574.000 0.800 
575.000 0.800 
576.000 0.800 
577.000 0.800 
578.000 0.800 
579.000 0.800 
580.000 0.800 
581.000 0.800 
582.000 0.800 
583.000 0.800 
584.000 0.800 
585.000 0.800 
586.000 0.800 
587.000 0.800 
588.000 0.800 
589.000 0.800 
590.000 0.800 
591.000 0.800 
592.000 0.800 
593.000 0.800 
594.000 0.800 
595.000 0.800 
596.000 0.800 
597.000 0.800 
598.000 0.800 
599.000 0.800 
600.000 0.800 
601.000 1.000 
602.000 1.000 
603.000 1.000 
604.000 1.000 
605.000 1.000 
606.000 1.000 
607.000 1.000 
608.000 1.000 
609.000 1.000 
610.000 1.000 
611.000 1.000 
612.000 1.000 
613.000 1.000 
614.000 1.000 
615.000 1.000 
616.000 1.000 
617.000 1.000 
618.000 1.000 
619.000 1.000 
620.000 1.000 
621.000 1.000 
622.000 1.000 
623.000 1.000 
624.000 1.000 
625.000 1.000 
626.000 1.000 
627.000 1.000 
628.000 1.000 
629.000 1.000 
630.000 1.000 
631.000 1.000 
632.000 1.000 
633.000 1.000 
634.000 1.000 
635.000 1.000 
636.000 1.000 
637.000 1.000 
638.000 1.000 
639.000 1.000 
640.000 1.000 
641.000 1.000 
642.000 1.000 
643.000 1.000 
644.000 1.000 
645.000 1.000 
646.000 1.000 
647.000 1.000 
648.000 1.000 
649.000 1.000 
650.000 1.000 
651.000 1.000 
652.000 1.000 
653.000 1.000 
654.000 1.000 
655.000 1.000 
656.000 1.000 
657.000 1.000 
658.000 1.000 
659.000 1.000 
660.000 1.000 
661.000 1.000 
662.000 1.000 
663.000 1.000 
664.000 1.000 
665.000 1.000 
666.000 1.000 
667.000 1.000 
668.000 1.000 
669.000 1.000 
670.000 1.000 
671.000 1.000 
672.000 1.000 
673.000 1.000 
674.000 1.000 
675.000 1.000 
676.000 1.000 
677.000 1.000 
678.000 1.000 
679.000 1.000 
680.000 1.000 
681.000 1.000 
682.000 1.000 
683.000 1.000 
684.000 1.000 
685.000 1.000 
686.000 1.000 
687.000 1.000 
688.000 1.000 
689.000 1.000 
690.000 1.000 
691.000 1.000 
692.000 1.000 
693.000 1.000 
694.000 1.000 
695.000 1.000 
696.000 1.000 
697.000 1.000 
698.000 1.000 
699.000 1.000 
700.000 1.000 
701.000 1.000 
702.000 1.000 
703.000 1.000 
704.000 1.000 
705.000 1.000 
706.000 1.000 
707.000 1.000 
708.000 1.000 
709.000 1.000 
710.000 1.000 
711.000 1.000 
712.000 1.000 
713.000 1.000 
714.000 1.000 
715.000 1.000 
716.000 1.000 
717.000 1.000 
718.000 1.000 
719.000 1.000 
720.000 1.000 
721.000 1.000 
722.000 1.000 
723.000 1.000 
724.000 1.000 
725.000 1.000 
726.000 1.000 
727.000 1.000 
728.000 1.000 
729.000 1.000 
730.000 1.000 
731.000 1.000 
732.000 1.000 
733.000 1.000 
734.000 1.000 
735.000 1.000 
736.000 1.000 
737.000 1.000 
738.000 1.000 
739.000 1.000 
740.000 1.000 
741.000 1.000 
742.000 1.000 
743.000 1.000 
744.000 1.000 
745.000 1.000 
746.000 1.000 
747.000 1.000 
748.000 1.000 
749.000 1.000 
750.000 1.000 
751.000 1.000 
752.000 1.000 
753.000 1.000 
754.000 1.000 
755.000 1.000 
756.000 1.000 
757.000 1.000 
758.000 1.000 
759.000 1.000 
760.000 1.000 
761.000 1.000 
762.000 1.000 
763.000 1.000 
764.000 1.000 
765.000 1.000 
766.000 1.000 
767.000 1.000 
768.000 1.000 
769.000 1.000 
770.000 1.000 
771.000 1.000 
772.000 1.000 
773.000 1.000 
774.000 1.000 
775.000 1.000 
776.000 1.000 
777.000 1.000 
778.000 1.000 
779.000 1.000 
780.000 1.000 
781.000 1.000 
782.000 1.000 
783.000 1.000 
784.000 1.000 
785.000 1.000 
786.000 1.000 
787.000 1.000 
788.000 1.000 
789.000 1.000 
790.000 1.000 
791.000 1.000 
792.000 1.000 
793.000 1.000 
794.000 1.000 
795.000 1.000 
796.000 1.000 
797.000 1.000 
798.000 1.000 
799.000 1.000 
800.000 1.000 
