1.000 0.000 
2.000 0.000 
3.000 0.000 
4.000 0.000 
5.000 0.000 
6.000 0.000 
7.000 -0.723 
8.000 -0.727 
9.000 -0.731 
10.000 -0.734 
11.000 -0.738 
12.000 -0.569 
13.000 -0.349 
14.000 -0.196 
15.000 -0.099 
16.000 -0.041 
17.000 -0.014 
18.000 -0.020 
19.000 -0.064 
20.000 -0.145 
21.000 -0.254 
22.000 -0.376 
23.000 -0.486 
24.000 -0.553 
25.000 -0.558 
26.000 -0.506 
27.000 -0.424 
28.000 -0.334 
29.000 -0.251 
30.000 -0.185 
31.000 -0.145 
32.000 -0.129 
33.000 -0.136 
34.000 -0.161 
35.000 -0.202 
36.000 -0.255 
37.000 -0.311 
38.000 -0.359 
39.000 -0.388 
40.000 -0.394 
41.000 -0.379 
42.000 -0.350 
43.000 -0.314 
44.000 -0.278 
45.000 -0.248 
46.000 -0.227 
47.000 -0.218 
48.000 -0.218 
49.000 -0.229 
50.000 -0.246 
51.000 -0.268 
52.000 -0.291 
53.000 -0.310 
54.000 -0.323 
55.000 -0.328 
56.000 -0.325 
57.000 -0.316 
58.000 -0.304 
59.000 -0.291 
60.000 -0.279 
61.000 -0.270 
62.000 -0.266 
63.000 -0.265 
64.000 -0.269 
65.000 -0.275 
66.000 -0.283 
67.000 -0.292 
68.000 -0.299 
69.000 -0.305 
70.000 -0.308 
71.000 -0.308 
72.000 -0.306 
73.000 -0.303 
74.000 -0.299 
75.000 -0.295 
76.000 -0.292 
77.000 -0.290 
78.000 -0.290 
79.000 -0.291 
80.000 -0.293 
81.000 -0.296 
82.000 -0.299 
83.000 -0.302 
84.000 -0.305 
85.000 -0.307 
86.000 -0.307 
87.000 -0.307 
88.000 -0.307 
89.000 -0.306 
90.000 -0.305 
91.000 -0.304 
92.000 -0.304 
93.000 -0.304 
94.000 -0.304 
95.000 -0.305 
96.000 -0.307 
97.000 -0.308 
98.000 -0.309 
99.000 -0.311 
100.000 -0.312 
101.000 -0.312 
102.000 -0.313 
103.000 -0.313 
104.000 -0.313 
105.000 -0.313 
106.000 -0.313 
107.000 -0.314 
108.000 -0.314 
109.000 -0.314 
110.000 -0.315 
111.000 -0.316 
112.000 -0.317 
113.000 -0.317 
114.000 -0.318 
115.000 -0.319 
116.000 -0.320 
117.000 -0.320 
118.000 -0.321 
119.000 -0.321 
120.000 -0.321 
121.000 -0.012 
122.000 -0.011 
123.000 -0.010 
124.000 -0.008 
125.000 -0.007 
126.000 -0.010 
127.000 -0.107 
128.000 -0.222 
129.000 -0.324 
130.000 -0.401 
131.000 -0.454 
132.000 -0.453 
133.000 -0.386 
134.000 -0.285 
135.000 -0.183 
136.000 -0.096 
137.000 -0.030 
138.000 0.012 
139.000 0.027 
140.000 0.008 
141.000 -0.037 
142.000 -0.115 
143.000 -0.224 
144.000 -0.343 
145.000 -0.442 
146.000 -0.490 
147.000 -0.471 
148.000 -0.393 
149.000 -0.287 
150.000 -0.179 
151.000 -0.086 
152.000 -0.018 
153.000 0.023 
154.000 0.034 
155.000 0.010 
156.000 -0.038 
157.000 -0.124 
158.000 -0.242 
159.000 -0.369 
160.000 -0.470 
161.000 -0.515 
162.000 -0.487 
163.000 -0.399 
164.000 -0.285 
165.000 -0.172 
166.000 -0.077 
167.000 -0.008 
168.000 0.031 
169.000 0.038 
170.000 0.010 
171.000 -0.042 
172.000 -0.134 
173.000 -0.260 
174.000 -0.392 
175.000 -0.493 
176.000 -0.532 
177.000 -0.496 
178.000 -0.400 
179.000 -0.280 
180.000 -0.165 
181.000 -0.068 
182.000 -0.001 
183.000 0.036 
184.000 0.039 
185.000 0.007 
186.000 -0.047 
187.000 -0.146 
188.000 -0.277 
189.000 -0.412 
190.000 -0.510 
191.000 -0.543 
192.000 -0.498 
193.000 -0.396 
194.000 -0.274 
195.000 -0.157 
196.000 -0.062 
197.000 0.004 
198.000 0.038 
199.000 0.037 
200.000 0.003 
201.000 -0.053 
202.000 -0.158 
203.000 -0.292 
204.000 -0.426 
205.000 -0.520 
206.000 -0.546 
207.000 -0.495 
208.000 -0.390 
209.000 -0.266 
210.000 -0.150 
211.000 -0.057 
212.000 0.006 
213.000 0.037 
214.000 0.033 
215.000 -0.003 
216.000 -0.061 
217.000 -0.170 
218.000 -0.304 
219.000 -0.435 
220.000 -0.523 
221.000 -0.542 
222.000 -0.487 
223.000 -0.380 
224.000 -0.258 
225.000 -0.145 
226.000 -0.055 
227.000 0.005 
228.000 0.034 
229.000 0.027 
230.000 -0.009 
231.000 -0.072 
232.000 -0.180 
233.000 -0.312 
234.000 -0.437 
235.000 -0.518 
236.000 -0.532 
237.000 -0.473 
238.000 -0.367 
239.000 -0.249 
240.000 -0.140 
241.000 1.000 
242.000 0.309 
243.000 0.581 
244.000 0.099 
245.000 0.826 
246.000 -1.000 
247.000 0.363 
248.000 -0.855 
249.000 -1.000 
250.000 -1.000 
251.000 -0.667 
252.000 0.413 
253.000 0.985 
254.000 1.000 
255.000 1.000 
256.000 0.782 
257.000 0.673 
258.000 -1.000 
259.000 -0.210 
260.000 -1.000 
261.000 -1.000 
262.000 -1.000 
263.000 -1.000 
264.000 -1.000 
265.000 -0.243 
266.000 0.693 
267.000 1.000 
268.000 1.000 
269.000 0.942 
270.000 0.766 
271.000 -0.713 
272.000 0.758 
273.000 -1.000 
274.000 -1.000 
275.000 -1.000 
276.000 -1.000 
277.000 -1.000 
278.000 -0.623 
279.000 0.429 
280.000 1.000 
281.000 1.000 
282.000 1.000 
283.000 0.597 
284.000 0.429 
285.000 -0.430 
286.000 -0.363 
287.000 -1.000 
288.000 -1.000 
289.000 -1.000 
290.000 -1.000 
291.000 -1.000 
292.000 -0.454 
293.000 0.540 
294.000 1.000 
295.000 1.000 
296.000 0.979 
297.000 0.574 
298.000 -0.061 
299.000 0.968 
300.000 -1.000 
301.000 -1.000 
302.000 -1.000 
303.000 -1.000 
304.000 -1.000 
305.000 -1.000 
306.000 -0.757 
307.000 0.347 
308.000 1.000 
309.000 1.000 
310.000 1.000 
311.000 0.582 
312.000 0.757 
313.000 -1.000 
314.000 -0.192 
315.000 -1.000 
316.000 -1.000 
317.000 -1.000 
318.000 -1.000 
319.000 -1.000 
320.000 -0.235 
321.000 0.648 
322.000 1.000 
323.000 1.000 
324.000 0.856 
325.000 0.707 
326.000 -0.693 
327.000 0.694 
328.000 -1.000 
329.000 -1.000 
330.000 -1.000 
331.000 -1.000 
332.000 -1.000 
333.000 -0.622 
334.000 0.386 
335.000 1.000 
336.000 1.000 
337.000 0.999 
338.000 0.532 
339.000 0.487 
340.000 -0.622 
341.000 -0.416 
342.000 -1.000 
343.000 -1.000 
344.000 -1.000 
345.000 -1.000 
346.000 -1.000 
347.000 -0.351 
348.000 0.562 
349.000 1.000 
350.000 1.000 
351.000 0.867 
352.000 0.566 
353.000 -0.303 
354.000 0.789 
355.000 -1.000 
356.000 -1.000 
357.000 -1.000 
358.000 -1.000 
359.000 -1.000 
360.000 -1.000 
361.000 1.000 
362.000 1.000 
363.000 1.000 
364.000 1.000 
365.000 1.000 
366.000 0.468 
367.000 -0.559 
368.000 1.000 
369.000 -1.000 
370.000 -1.000 
371.000 -1.000 
372.000 -1.000 
373.000 0.037 
374.000 1.000 
375.000 1.000 
376.000 1.000 
377.000 1.000 
378.000 1.000 
379.000 -0.744 
380.000 1.000 
381.000 -1.000 
382.000 -0.569 
383.000 -1.000 
384.000 -0.815 
385.000 0.830 
386.000 1.000 
387.000 1.000 
388.000 1.000 
389.000 1.000 
390.000 1.000 
391.000 -1.000 
392.000 1.000 
393.000 -1.000 
394.000 -1.000 
395.000 -1.000 
396.000 -1.000 
397.000 0.830 
398.000 1.000 
399.000 1.000 
400.000 1.000 
401.000 1.000 
402.000 1.000 
403.000 -1.000 
404.000 1.000 
405.000 -1.000 
406.000 -1.000 
407.000 -1.000 
408.000 -1.000 
409.000 1.000 
410.000 1.000 
411.000 1.000 
412.000 1.000 
413.000 1.000 
414.000 1.000 
415.000 -1.000 
416.000 1.000 
417.000 -1.000 
418.000 -1.000 
419.000 -1.000 
420.000 -1.000 
421.000 0.975 
422.000 1.000 
423.000 1.000 
424.000 1.000 
425.000 1.000 
426.000 1.000 
427.000 -1.000 
428.000 1.000 
429.000 -1.000 
430.000 -1.000 
431.000 -1.000 
432.000 -1.000 
433.000 1.000 
434.000 1.000 
435.000 1.000 
436.000 1.000 
437.000 1.000 
438.000 1.000 
439.000 -1.000 
440.000 1.000 
441.000 -1.000 
442.000 -1.000 
443.000 -1.000 
444.000 -1.000 
445.000 1.000 
446.000 1.000 
447.000 1.000 
448.000 1.000 
449.000 1.000 
450.000 1.000 
451.000 -1.000 
452.000 1.000 
453.000 -1.000 
454.000 -1.000 
455.000 -1.000 
456.000 -1.000 
457.000 1.000 
458.000 1.000 
459.000 1.000 
460.000 1.000 
461.000 1.000 
462.000 1.000 
463.000 -1.000 
464.000 1.000 
465.000 -1.000 
466.000 -1.000 
467.000 -1.000 
468.000 -0.969 
469.000 1.000 
470.000 1.000 
471.000 1.000 
472.000 1.000 
473.000 1.000 
474.000 1.000 
475.000 -1.000 
476.000 1.000 
477.000 -1.000 
478.000 -1.000 
479.000 -1.000 
480.000 -0.899 
481.000 1.000 
482.000 1.000 
483.000 1.000 
484.000 1.000 
485.000 1.000 
486.000 1.000 
487.000 -1.000 
488.000 1.000 
489.000 -1.000 
490.000 1.000 
491.000 -1.000 
492.000 1.000 
493.000 1.000 
494.000 1.000 
495.000 1.000 
496.000 1.000 
497.000 1.000 
498.000 -1.000 
499.000 1.000 
500.000 -1.000 
501.000 1.000 
502.000 -1.000 
503.000 1.000 
504.000 1.000 
505.000 1.000 
506.000 1.000 
507.000 1.000 
508.000 1.000 
509.000 -1.000 
510.000 1.000 
511.000 -1.000 
512.000 1.000 
513.000 -1.000 
514.000 1.000 
515.000 1.000 
516.000 1.000 
517.000 1.000 
518.000 1.000 
519.000 1.000 
520.000 -0.847 
521.000 1.000 
522.000 -1.000 
523.000 1.000 
524.000 -1.000 
525.000 1.000 
526.000 1.000 
527.000 1.000 
528.000 1.000 
529.000 1.000 
530.000 1.000 
531.000 -0.446 
532.000 1.000 
533.000 -1.000 
534.000 1.000 
535.000 -1.000 
536.000 1.000 
537.000 1.000 
538.000 1.000 
539.000 1.000 
540.000 1.000 
541.000 1.000 
542.000 0.330 
543.000 -0.100 
544.000 1.000 
545.000 -1.000 
546.000 1.000 
547.000 -1.000 
548.000 1.000 
549.000 1.000 
550.000 1.000 
551.000 1.000 
552.000 1.000 
553.000 1.000 
554.000 1.000 
555.000 -1.000 
556.000 1.000 
557.000 -1.000 
558.000 1.000 
559.000 -1.000 
560.000 1.000 
561.000 1.000 
562.000 1.000 
563.000 1.000 
564.000 1.000 
565.000 1.000 
566.000 0.484 
567.000 -0.612 
568.000 1.000 
569.000 -1.000 
570.000 1.000 
571.000 -1.000 
572.000 1.000 
573.000 1.000 
574.000 1.000 
575.000 1.000 
576.000 1.000 
577.000 1.000 
578.000 0.991 
579.000 -1.000 
580.000 1.000 
581.000 -1.000 
582.000 1.000 
583.000 -1.000 
584.000 1.000 
585.000 1.000 
586.000 1.000 
587.000 1.000 
588.000 1.000 
589.000 1.000 
590.000 1.000 
591.000 -1.000 
592.000 1.000 
593.000 -1.000 
594.000 1.000 
595.000 -1.000 
596.000 1.000 
597.000 1.000 
598.000 1.000 
599.000 1.000 
600.000 1.000 
601.000 1.000 
602.000 1.000 
603.000 -1.000 
604.000 1.000 
605.000 -1.000 
606.000 1.000 
607.000 -1.000 
608.000 1.000 
609.000 1.000 
610.000 1.000 
611.000 1.000 
612.000 1.000 
613.000 1.000 
614.000 1.000 
615.000 -0.855 
616.000 1.000 
617.000 -1.000 
618.000 1.000 
619.000 -1.000 
620.000 1.000 
621.000 1.000 
622.000 1.000 
623.000 1.000 
624.000 1.000 
625.000 1.000 
626.000 1.000 
627.000 -0.270 
628.000 1.000 
629.000 -1.000 
630.000 1.000 
631.000 -1.000 
632.000 1.000 
633.000 1.000 
634.000 1.000 
635.000 1.000 
636.000 1.000 
637.000 1.000 
638.000 1.000 
639.000 0.974 
640.000 -1.000 
641.000 1.000 
642.000 -1.000 
643.000 1.000 
644.000 -1.000 
645.000 1.000 
646.000 1.000 
647.000 1.000 
648.000 1.000 
649.000 1.000 
650.000 1.000 
651.000 1.000 
652.000 0.787 
653.000 -1.000 
654.000 1.000 
655.000 -1.000 
656.000 1.000 
657.000 -1.000 
658.000 1.000 
659.000 1.000 
660.000 1.000 
661.000 1.000 
662.000 1.000 
663.000 1.000 
664.000 1.000 
665.000 1.000 
666.000 -1.000 
667.000 1.000 
668.000 -1.000 
669.000 1.000 
670.000 -1.000 
671.000 1.000 
672.000 1.000 
673.000 1.000 
674.000 1.000 
675.000 1.000 
676.000 1.000 
677.000 1.000 
678.000 1.000 
679.000 -0.486 
680.000 1.000 
681.000 -1.000 
682.000 1.000 
683.000 -1.000 
684.000 1.000 
685.000 1.000 
686.000 1.000 
687.000 1.000 
688.000 1.000 
689.000 1.000 
690.000 1.000 
691.000 1.000 
692.000 0.365 
693.000 -0.218 
694.000 1.000 
695.000 -1.000 
696.000 1.000 
697.000 1.000 
698.000 1.000 
699.000 1.000 
700.000 1.000 
701.000 1.000 
702.000 1.000 
703.000 1.000 
704.000 1.000 
705.000 1.000 
706.000 -0.147 
707.000 1.000 
708.000 -1.000 
709.000 1.000 
710.000 -0.515 
711.000 1.000 
712.000 1.000 
713.000 1.000 
714.000 1.000 
715.000 1.000 
716.000 1.000 
717.000 1.000 
718.000 1.000 
719.000 1.000 
720.000 0.245 
721.000 0.347 
722.000 -0.084 
723.000 1.000 
724.000 -0.318 
725.000 1.000 
726.000 1.000 
727.000 1.000 
728.000 1.000 
729.000 1.000 
730.000 1.000 
731.000 1.000 
732.000 1.000 
733.000 1.000 
734.000 1.000 
735.000 1.000 
736.000 0.452 
737.000 0.516 
738.000 0.649 
739.000 1.000 
740.000 1.000 
741.000 1.000 
742.000 1.000 
743.000 1.000 
744.000 1.000 
745.000 1.000 
746.000 1.000 
747.000 1.000 
748.000 1.000 
749.000 1.000 
750.000 1.000 
751.000 1.000 
752.000 1.000 
753.000 1.000 
754.000 1.000 
755.000 1.000 
756.000 1.000 
757.000 1.000 
758.000 1.000 
759.000 1.000 
760.000 1.000 
761.000 1.000 
762.000 1.000 
763.000 1.000 
764.000 1.000 
765.000 1.000 
766.000 1.000 
767.000 1.000 
768.000 1.000 
769.000 1.000 
770.000 1.000 
771.000 1.000 
772.000 1.000 
773.000 1.000 
774.000 1.000 
775.000 1.000 
776.000 1.000 
777.000 1.000 
778.000 1.000 
779.000 1.000 
780.000 1.000 
781.000 1.000 
782.000 1.000 
783.000 1.000 
784.000 1.000 
785.000 1.000 
786.000 1.000 
787.000 1.000 
788.000 1.000 
789.000 1.000 
790.000 1.000 
791.000 1.000 
792.000 1.000 
793.000 1.000 
794.000 1.000 
795.000 1.000 
796.000 1.000 
797.000 1.000 
798.000 1.000 
799.000 1.000 
800.000 1.000 
