1.000 0.000 
2.000 0.000 
3.000 0.000 
4.000 0.000 
5.000 0.000 
6.000 0.000 
7.000 -1.000 
8.000 -0.490 
9.000 -0.492 
10.000 -0.495 
11.000 -0.497 
12.000 -0.152 
13.000 0.022 
14.000 -0.042 
15.000 -0.061 
16.000 -0.064 
17.000 -0.042 
18.000 -0.171 
19.000 -0.320 
20.000 -0.370 
21.000 -0.385 
22.000 -0.398 
23.000 -0.361 
24.000 -0.266 
25.000 -0.186 
26.000 -0.146 
27.000 -0.130 
28.000 -0.122 
29.000 -0.130 
30.000 -0.164 
31.000 -0.212 
32.000 -0.253 
33.000 -0.282 
34.000 -0.296 
35.000 -0.293 
36.000 -0.270 
37.000 -0.239 
38.000 -0.212 
39.000 -0.193 
40.000 -0.182 
41.000 -0.181 
42.000 -0.189 
43.000 -0.205 
44.000 -0.223 
45.000 -0.240 
46.000 -0.251 
47.000 -0.256 
48.000 -0.253 
49.000 -0.245 
50.000 -0.234 
51.000 -0.224 
52.000 -0.217 
53.000 -0.213 
54.000 -0.214 
55.000 -0.218 
56.000 -0.225 
57.000 -0.232 
58.000 -0.238 
59.000 -0.242 
60.000 -0.244 
61.000 -0.243 
62.000 -0.241 
63.000 -0.237 
64.000 -0.234 
65.000 -0.232 
66.000 -0.231 
67.000 -0.231 
68.000 -0.233 
69.000 -0.236 
70.000 -0.239 
71.000 -0.241 
72.000 -0.243 
73.000 -0.244 
74.000 -0.244 
75.000 -0.243 
76.000 -0.243 
77.000 -0.242 
78.000 -0.241 
79.000 -0.241 
80.000 -0.242 
81.000 -0.243 
82.000 -0.244 
83.000 -0.246 
84.000 -0.247 
85.000 -0.248 
86.000 -0.248 
87.000 -0.249 
88.000 -0.249 
89.000 -0.249 
90.000 -0.249 
91.000 -0.249 
92.000 -0.250 
93.000 -0.250 
94.000 -0.251 
95.000 -0.252 
96.000 -0.252 
97.000 -0.253 
98.000 -0.254 
99.000 -0.254 
100.000 -0.255 
101.000 -0.255 
102.000 -0.255 
103.000 -0.256 
104.000 -0.256 
105.000 -0.257 
106.000 -0.257 
107.000 -0.258 
108.000 -0.258 
109.000 -0.259 
110.000 -0.259 
111.000 -0.260 
112.000 -0.260 
113.000 -0.261 
114.000 -0.261 
115.000 -0.262 
116.000 -0.262 
117.000 -0.263 
118.000 -0.263 
119.000 -0.264 
120.000 -0.264 
121.000 0.215 
122.000 -0.046 
123.000 -0.055 
124.000 -0.054 
125.000 -0.054 
126.000 -0.142 
127.000 -0.330 
128.000 -0.321 
129.000 -0.306 
130.000 -0.294 
131.000 -0.251 
132.000 -0.154 
133.000 -0.068 
134.000 -0.040 
135.000 -0.035 
136.000 -0.038 
137.000 -0.057 
138.000 -0.116 
139.000 -0.194 
140.000 -0.254 
141.000 -0.287 
142.000 -0.294 
143.000 -0.263 
144.000 -0.200 
145.000 -0.135 
146.000 -0.088 
147.000 -0.060 
148.000 -0.049 
149.000 -0.057 
150.000 -0.088 
151.000 -0.138 
152.000 -0.192 
153.000 -0.238 
154.000 -0.264 
155.000 -0.261 
156.000 -0.228 
157.000 -0.180 
158.000 -0.132 
159.000 -0.095 
160.000 -0.074 
161.000 -0.068 
162.000 -0.080 
163.000 -0.109 
164.000 -0.149 
165.000 -0.192 
166.000 -0.226 
167.000 -0.241 
168.000 -0.233 
169.000 -0.205 
170.000 -0.167 
171.000 -0.130 
172.000 -0.103 
173.000 -0.088 
174.000 -0.086 
175.000 -0.099 
176.000 -0.125 
177.000 -0.158 
178.000 -0.190 
179.000 -0.213 
180.000 -0.221 
181.000 -0.212 
182.000 -0.188 
183.000 -0.158 
184.000 -0.131 
185.000 -0.110 
186.000 -0.101 
187.000 -0.102 
188.000 -0.115 
189.000 -0.137 
190.000 -0.163 
191.000 -0.187 
192.000 -0.202 
193.000 -0.205 
194.000 -0.196 
195.000 -0.176 
196.000 -0.153 
197.000 -0.133 
198.000 -0.118 
199.000 -0.112 
200.000 -0.116 
201.000 -0.128 
202.000 -0.146 
203.000 -0.166 
204.000 -0.183 
205.000 -0.193 
206.000 -0.193 
207.000 -0.184 
208.000 -0.168 
209.000 -0.151 
210.000 -0.136 
211.000 -0.126 
212.000 -0.123 
213.000 -0.127 
214.000 -0.137 
215.000 -0.152 
216.000 -0.167 
217.000 -0.179 
218.000 -0.185 
219.000 -0.183 
220.000 -0.175 
221.000 -0.163 
222.000 -0.150 
223.000 -0.139 
224.000 -0.133 
225.000 -0.131 
226.000 -0.136 
227.000 -0.145 
228.000 -0.156 
229.000 -0.167 
230.000 -0.175 
231.000 -0.178 
232.000 -0.176 
233.000 -0.170 
234.000 -0.160 
235.000 -0.150 
236.000 -0.143 
237.000 -0.139 
238.000 -0.139 
239.000 -0.143 
240.000 -0.150 
241.000 1.000 
242.000 0.082 
243.000 0.875 
244.000 0.085 
245.000 0.871 
246.000 0.005 
247.000 -0.190 
248.000 -1.000 
249.000 -1.000 
250.000 -1.000 
251.000 -1.000 
252.000 0.035 
253.000 0.918 
254.000 0.114 
255.000 0.834 
256.000 0.128 
257.000 0.820 
258.000 0.075 
259.000 0.204 
260.000 -0.485 
261.000 -0.890 
262.000 -1.000 
263.000 -1.000 
264.000 -0.997 
265.000 0.434 
266.000 0.346 
267.000 0.493 
268.000 0.285 
269.000 0.590 
270.000 0.185 
271.000 0.723 
272.000 0.021 
273.000 -0.202 
274.000 -0.953 
275.000 -1.000 
276.000 -1.000 
277.000 -1.000 
278.000 0.103 
279.000 0.844 
280.000 0.126 
281.000 0.818 
282.000 0.142 
283.000 0.806 
284.000 0.094 
285.000 0.285 
286.000 -0.339 
287.000 -0.829 
288.000 -1.000 
289.000 -1.000 
290.000 -1.000 
291.000 0.219 
292.000 0.670 
293.000 0.130 
294.000 0.814 
295.000 0.147 
296.000 0.800 
297.000 0.109 
298.000 0.428 
299.000 -0.147 
300.000 -0.702 
301.000 -1.000 
302.000 -1.000 
303.000 -1.000 
304.000 -0.294 
305.000 0.851 
306.000 0.129 
307.000 0.816 
308.000 0.152 
309.000 0.788 
310.000 0.108 
311.000 0.334 
312.000 -0.252 
313.000 -0.780 
314.000 -1.000 
315.000 -1.000 
316.000 -1.000 
317.000 0.049 
318.000 0.912 
319.000 0.138 
320.000 0.805 
321.000 0.157 
322.000 0.788 
323.000 0.105 
324.000 0.251 
325.000 -0.383 
326.000 -0.872 
327.000 -1.000 
328.000 -1.000 
329.000 -1.000 
330.000 0.335 
331.000 0.508 
332.000 0.278 
333.000 0.610 
334.000 0.163 
335.000 0.784 
336.000 0.128 
337.000 0.425 
338.000 -0.101 
339.000 -0.522 
340.000 -1.000 
341.000 -1.000 
342.000 -1.000 
343.000 -0.354 
344.000 0.780 
345.000 0.139 
346.000 0.805 
347.000 0.167 
348.000 0.770 
349.000 0.132 
350.000 0.434 
351.000 -0.119 
352.000 -0.691 
353.000 -1.000 
354.000 -1.000 
355.000 -1.000 
356.000 -0.353 
357.000 0.871 
358.000 0.147 
359.000 0.795 
360.000 0.171 
361.000 0.922 
362.000 0.369 
363.000 0.570 
364.000 0.249 
365.000 0.660 
366.000 0.079 
367.000 -0.078 
368.000 -0.625 
369.000 -0.352 
370.000 -0.742 
371.000 0.279 
372.000 0.637 
373.000 0.359 
374.000 0.646 
375.000 0.420 
376.000 0.622 
377.000 0.393 
378.000 0.554 
379.000 0.290 
380.000 0.593 
381.000 0.078 
382.000 -0.118 
383.000 -0.604 
384.000 -0.415 
385.000 -0.698 
386.000 0.396 
387.000 0.516 
388.000 0.481 
389.000 0.553 
390.000 0.498 
391.000 0.575 
392.000 0.446 
393.000 0.512 
394.000 0.367 
395.000 0.498 
396.000 0.124 
397.000 -0.165 
398.000 -0.626 
399.000 -0.617 
400.000 -0.755 
401.000 0.253 
402.000 0.704 
403.000 0.430 
404.000 0.624 
405.000 0.493 
406.000 0.617 
407.000 0.464 
408.000 0.517 
409.000 0.381 
410.000 0.487 
411.000 0.121 
412.000 -0.279 
413.000 -0.779 
414.000 -0.781 
415.000 -0.874 
416.000 0.225 
417.000 0.757 
418.000 0.473 
419.000 0.616 
420.000 0.530 
421.000 0.627 
422.000 0.505 
423.000 0.500 
424.000 0.424 
425.000 0.441 
426.000 0.119 
427.000 -0.405 
428.000 -0.914 
429.000 -0.993 
430.000 -0.970 
431.000 0.236 
432.000 0.765 
433.000 0.513 
434.000 0.616 
435.000 0.566 
436.000 0.640 
437.000 0.544 
438.000 0.491 
439.000 0.458 
440.000 0.417 
441.000 0.114 
442.000 -0.522 
443.000 -1.000 
444.000 -1.000 
445.000 -1.000 
446.000 0.222 
447.000 0.794 
448.000 0.547 
449.000 0.618 
450.000 0.595 
451.000 0.652 
452.000 0.573 
453.000 0.486 
454.000 0.480 
455.000 0.392 
456.000 0.087 
457.000 -0.680 
458.000 -1.000 
459.000 -1.000 
460.000 -1.000 
461.000 0.356 
462.000 0.696 
463.000 0.580 
464.000 0.623 
465.000 0.622 
466.000 0.676 
467.000 0.598 
468.000 0.492 
469.000 0.494 
470.000 0.396 
471.000 0.083 
472.000 -0.779 
473.000 -1.000 
474.000 -1.000 
475.000 -1.000 
476.000 0.307 
477.000 0.753 
478.000 0.607 
479.000 0.634 
480.000 0.647 
481.000 1.000 
482.000 1.000 
483.000 1.000 
484.000 1.000 
485.000 1.000 
486.000 1.000 
487.000 1.000 
488.000 0.850 
489.000 0.682 
490.000 0.526 
491.000 0.455 
492.000 0.130 
493.000 -0.725 
494.000 -0.876 
495.000 0.185 
496.000 0.837 
497.000 0.888 
498.000 1.000 
499.000 1.000 
500.000 1.000 
501.000 1.000 
502.000 1.000 
503.000 1.000 
504.000 1.000 
505.000 1.000 
506.000 1.000 
507.000 0.965 
508.000 0.797 
509.000 0.642 
510.000 0.501 
511.000 0.285 
512.000 -0.396 
513.000 -1.000 
514.000 -0.933 
515.000 0.495 
516.000 0.796 
517.000 1.000 
518.000 1.000 
519.000 1.000 
520.000 1.000 
521.000 1.000 
522.000 1.000 
523.000 1.000 
524.000 1.000 
525.000 1.000 
526.000 1.000 
527.000 1.000 
528.000 0.897 
529.000 0.747 
530.000 0.612 
531.000 0.491 
532.000 0.135 
533.000 -0.702 
534.000 -1.000 
535.000 -0.680 
536.000 0.989 
537.000 1.000 
538.000 1.000 
539.000 1.000 
540.000 1.000 
541.000 1.000 
542.000 1.000 
543.000 1.000 
544.000 1.000 
545.000 1.000 
546.000 1.000 
547.000 1.000 
548.000 1.000 
549.000 0.930 
550.000 0.792 
551.000 0.668 
552.000 0.558 
553.000 0.362 
554.000 -0.157 
555.000 -1.000 
556.000 -1.000 
557.000 0.298 
558.000 0.945 
559.000 1.000 
560.000 1.000 
561.000 1.000 
562.000 1.000 
563.000 1.000 
564.000 1.000 
565.000 1.000 
566.000 1.000 
567.000 1.000 
568.000 1.000 
569.000 1.000 
570.000 1.000 
571.000 1.000 
572.000 0.911 
573.000 0.788 
574.000 0.681 
575.000 0.587 
576.000 0.473 
577.000 0.151 
578.000 -0.628 
579.000 -1.000 
580.000 0.246 
581.000 0.961 
582.000 1.000 
583.000 1.000 
584.000 1.000 
585.000 1.000 
586.000 1.000 
587.000 1.000 
588.000 1.000 
589.000 1.000 
590.000 1.000 
591.000 1.000 
592.000 1.000 
593.000 1.000 
594.000 1.000 
595.000 1.000 
596.000 0.938 
597.000 0.827 
598.000 0.730 
599.000 0.646 
600.000 0.574 
601.000 1.000 
602.000 1.000 
603.000 1.000 
604.000 1.000 
605.000 1.000 
606.000 1.000 
607.000 1.000 
608.000 1.000 
609.000 1.000 
610.000 1.000 
611.000 1.000 
612.000 1.000 
613.000 1.000 
614.000 1.000 
615.000 1.000 
616.000 1.000 
617.000 1.000 
618.000 1.000 
619.000 1.000 
620.000 1.000 
621.000 1.000 
622.000 1.000 
623.000 1.000 
624.000 1.000 
625.000 1.000 
626.000 1.000 
627.000 1.000 
628.000 1.000 
629.000 1.000 
630.000 1.000 
631.000 1.000 
632.000 1.000 
633.000 1.000 
634.000 1.000 
635.000 1.000 
636.000 1.000 
637.000 1.000 
638.000 1.000 
639.000 1.000 
640.000 1.000 
641.000 1.000 
642.000 1.000 
643.000 1.000 
644.000 1.000 
645.000 1.000 
646.000 1.000 
647.000 1.000 
648.000 1.000 
649.000 1.000 
650.000 1.000 
651.000 1.000 
652.000 1.000 
653.000 1.000 
654.000 1.000 
655.000 1.000 
656.000 1.000 
657.000 1.000 
658.000 1.000 
659.000 1.000 
660.000 1.000 
661.000 1.000 
662.000 1.000 
663.000 1.000 
664.000 1.000 
665.000 1.000 
666.000 1.000 
667.000 1.000 
668.000 1.000 
669.000 1.000 
670.000 1.000 
671.000 1.000 
672.000 1.000 
673.000 1.000 
674.000 1.000 
675.000 1.000 
676.000 1.000 
677.000 1.000 
678.000 1.000 
679.000 1.000 
680.000 1.000 
681.000 1.000 
682.000 1.000 
683.000 1.000 
684.000 1.000 
685.000 1.000 
686.000 1.000 
687.000 1.000 
688.000 1.000 
689.000 1.000 
690.000 1.000 
691.000 1.000 
692.000 1.000 
693.000 1.000 
694.000 1.000 
695.000 1.000 
696.000 1.000 
697.000 1.000 
698.000 1.000 
699.000 1.000 
700.000 1.000 
701.000 1.000 
702.000 1.000 
703.000 1.000 
704.000 1.000 
705.000 1.000 
706.000 1.000 
707.000 1.000 
708.000 1.000 
709.000 1.000 
710.000 1.000 
711.000 1.000 
712.000 1.000 
713.000 1.000 
714.000 1.000 
715.000 1.000 
716.000 1.000 
717.000 1.000 
718.000 1.000 
719.000 1.000 
720.000 1.000 
721.000 1.000 
722.000 1.000 
723.000 1.000 
724.000 1.000 
725.000 1.000 
726.000 1.000 
727.000 1.000 
728.000 1.000 
729.000 1.000 
730.000 1.000 
731.000 1.000 
732.000 1.000 
733.000 1.000 
734.000 1.000 
735.000 1.000 
736.000 1.000 
737.000 1.000 
738.000 1.000 
739.000 1.000 
740.000 1.000 
741.000 1.000 
742.000 1.000 
743.000 1.000 
744.000 1.000 
745.000 1.000 
746.000 1.000 
747.000 1.000 
748.000 1.000 
749.000 1.000 
750.000 1.000 
751.000 1.000 
752.000 1.000 
753.000 1.000 
754.000 1.000 
755.000 1.000 
756.000 1.000 
757.000 1.000 
758.000 1.000 
759.000 1.000 
760.000 1.000 
761.000 1.000 
762.000 1.000 
763.000 1.000 
764.000 1.000 
765.000 1.000 
766.000 1.000 
767.000 1.000 
768.000 1.000 
769.000 1.000 
770.000 1.000 
771.000 1.000 
772.000 1.000 
773.000 1.000 
774.000 1.000 
775.000 1.000 
776.000 1.000 
777.000 1.000 
778.000 1.000 
779.000 1.000 
780.000 1.000 
781.000 1.000 
782.000 1.000 
783.000 1.000 
784.000 1.000 
785.000 1.000 
786.000 1.000 
787.000 1.000 
788.000 1.000 
789.000 1.000 
790.000 1.000 
791.000 1.000 
792.000 1.000 
793.000 1.000 
794.000 1.000 
795.000 1.000 
796.000 1.000 
797.000 1.000 
798.000 1.000 
799.000 1.000 
800.000 1.000 
