1.000 0.000 
2.000 0.000 
3.000 0.000 
4.000 0.000 
5.000 0.000 
6.000 0.000 
7.000 -0.942 
8.000 -0.489 
9.000 -0.492 
10.000 -0.494 
11.000 -0.497 
12.000 -0.221 
13.000 -0.054 
14.000 -0.074 
15.000 -0.075 
16.000 -0.072 
17.000 -0.059 
18.000 -0.129 
19.000 -0.235 
20.000 -0.295 
21.000 -0.330 
22.000 -0.355 
23.000 -0.351 
24.000 -0.303 
25.000 -0.244 
26.000 -0.200 
27.000 -0.172 
28.000 -0.154 
29.000 -0.148 
30.000 -0.158 
31.000 -0.181 
32.000 -0.208 
33.000 -0.233 
34.000 -0.254 
35.000 -0.266 
36.000 -0.267 
37.000 -0.257 
38.000 -0.242 
39.000 -0.226 
40.000 -0.213 
41.000 -0.204 
42.000 -0.201 
43.000 -0.203 
44.000 -0.209 
45.000 -0.218 
46.000 -0.227 
47.000 -0.236 
48.000 -0.241 
49.000 -0.243 
50.000 -0.242 
51.000 -0.238 
52.000 -0.234 
53.000 -0.230 
54.000 -0.226 
55.000 -0.225 
56.000 -0.225 
57.000 -0.227 
58.000 -0.230 
59.000 -0.233 
60.000 -0.236 
61.000 -0.239 
62.000 -0.240 
63.000 -0.241 
64.000 -0.240 
65.000 -0.239 
66.000 -0.239 
67.000 -0.238 
68.000 -0.237 
69.000 -0.238 
70.000 -0.238 
71.000 -0.239 
72.000 -0.241 
73.000 -0.242 
74.000 -0.243 
75.000 -0.244 
76.000 -0.245 
77.000 -0.245 
78.000 -0.245 
79.000 -0.246 
80.000 -0.246 
81.000 -0.246 
82.000 -0.246 
83.000 -0.247 
84.000 -0.247 
85.000 -0.248 
86.000 -0.249 
87.000 -0.250 
88.000 -0.250 
89.000 -0.251 
90.000 -0.251 
91.000 -0.252 
92.000 -0.252 
93.000 -0.253 
94.000 -0.253 
95.000 -0.254 
96.000 -0.254 
97.000 -0.255 
98.000 -0.255 
99.000 -0.256 
100.000 -0.256 
101.000 -0.257 
102.000 -0.258 
103.000 -0.258 
104.000 -0.259 
105.000 -0.259 
106.000 -0.260 
107.000 -0.260 
108.000 -0.261 
109.000 -0.261 
110.000 -0.262 
111.000 -0.262 
112.000 -0.263 
113.000 -0.263 
114.000 -0.264 
115.000 -0.264 
116.000 -0.265 
117.000 -0.265 
118.000 -0.266 
119.000 -0.266 
120.000 -0.267 
121.000 0.136 
122.000 -0.050 
123.000 -0.058 
124.000 -0.057 
125.000 -0.056 
126.000 -0.102 
127.000 -0.245 
128.000 -0.269 
129.000 -0.277 
130.000 -0.279 
131.000 -0.264 
132.000 -0.204 
133.000 -0.134 
134.000 -0.093 
135.000 -0.072 
136.000 -0.062 
137.000 -0.063 
138.000 -0.086 
139.000 -0.129 
140.000 -0.174 
141.000 -0.212 
142.000 -0.238 
143.000 -0.245 
144.000 -0.228 
145.000 -0.194 
146.000 -0.156 
147.000 -0.124 
148.000 -0.100 
149.000 -0.088 
150.000 -0.089 
151.000 -0.103 
152.000 -0.126 
153.000 -0.156 
154.000 -0.184 
155.000 -0.205 
156.000 -0.213 
157.000 -0.206 
158.000 -0.188 
159.000 -0.164 
160.000 -0.141 
161.000 -0.122 
162.000 -0.111 
163.000 -0.108 
164.000 -0.115 
165.000 -0.130 
166.000 -0.149 
167.000 -0.168 
168.000 -0.184 
169.000 -0.192 
170.000 -0.191 
171.000 -0.181 
172.000 -0.166 
173.000 -0.150 
174.000 -0.136 
175.000 -0.127 
176.000 -0.124 
177.000 -0.126 
178.000 -0.135 
179.000 -0.147 
180.000 -0.160 
181.000 -0.171 
182.000 -0.178 
183.000 -0.179 
184.000 -0.175 
185.000 -0.166 
186.000 -0.156 
187.000 -0.146 
188.000 -0.138 
189.000 -0.135 
190.000 -0.135 
191.000 -0.140 
192.000 -0.147 
193.000 -0.156 
194.000 -0.164 
195.000 -0.169 
196.000 -0.171 
197.000 -0.169 
198.000 -0.165 
199.000 -0.158 
200.000 -0.152 
201.000 -0.146 
202.000 -0.143 
203.000 -0.143 
204.000 -0.145 
205.000 -0.149 
206.000 -0.155 
207.000 -0.160 
208.000 -0.164 
209.000 -0.166 
210.000 -0.166 
211.000 -0.163 
212.000 -0.160 
213.000 -0.155 
214.000 -0.151 
215.000 -0.149 
216.000 -0.148 
217.000 -0.149 
218.000 -0.151 
219.000 -0.155 
220.000 -0.158 
221.000 -0.161 
222.000 -0.163 
223.000 -0.163 
224.000 -0.162 
225.000 -0.160 
226.000 -0.157 
227.000 -0.155 
228.000 -0.153 
229.000 -0.152 
230.000 -0.152 
231.000 -0.154 
232.000 -0.156 
233.000 -0.158 
234.000 -0.160 
235.000 -0.161 
236.000 -0.162 
237.000 -0.161 
238.000 -0.160 
239.000 -0.159 
240.000 -0.157 
241.000 1.000 
242.000 0.095 
243.000 0.857 
244.000 0.098 
245.000 0.853 
246.000 -0.021 
247.000 -0.056 
248.000 -0.866 
249.000 -0.956 
250.000 -1.000 
251.000 -1.000 
252.000 -0.321 
253.000 0.613 
254.000 0.177 
255.000 0.755 
256.000 0.162 
257.000 0.774 
258.000 0.108 
259.000 0.545 
260.000 -0.106 
261.000 -0.486 
262.000 -1.000 
263.000 -1.000 
264.000 -1.000 
265.000 -0.676 
266.000 0.373 
267.000 0.458 
268.000 0.375 
269.000 0.482 
270.000 0.324 
271.000 0.551 
272.000 0.123 
273.000 0.223 
274.000 -0.280 
275.000 -0.826 
276.000 -1.000 
277.000 -1.000 
278.000 -1.000 
279.000 0.003 
280.000 0.753 
281.000 0.185 
282.000 0.747 
283.000 0.171 
284.000 0.773 
285.000 0.092 
286.000 0.438 
287.000 -0.169 
288.000 -0.633 
289.000 -1.000 
290.000 -1.000 
291.000 -1.000 
292.000 -0.402 
293.000 0.563 
294.000 0.240 
295.000 0.675 
296.000 0.178 
297.000 0.754 
298.000 0.135 
299.000 0.587 
300.000 -0.079 
301.000 -0.371 
302.000 -1.000 
303.000 -1.000 
304.000 -1.000 
305.000 -0.765 
306.000 0.296 
307.000 0.557 
308.000 0.253 
309.000 0.656 
310.000 0.174 
311.000 0.768 
312.000 0.079 
313.000 0.404 
314.000 -0.175 
315.000 -0.585 
316.000 -1.000 
317.000 -1.000 
318.000 -1.000 
319.000 -0.273 
320.000 0.618 
321.000 0.196 
322.000 0.738 
323.000 0.187 
324.000 0.747 
325.000 0.131 
326.000 0.574 
327.000 -0.083 
328.000 -0.458 
329.000 -1.000 
330.000 -1.000 
331.000 -1.000 
332.000 -0.738 
333.000 0.381 
334.000 0.482 
335.000 0.361 
336.000 0.515 
337.000 0.298 
338.000 0.603 
339.000 0.081 
340.000 0.339 
341.000 -0.192 
342.000 -0.733 
343.000 -1.000 
344.000 -1.000 
345.000 -1.000 
346.000 -0.124 
347.000 0.738 
348.000 0.207 
349.000 0.725 
350.000 0.195 
351.000 0.744 
352.000 0.120 
353.000 0.484 
354.000 -0.118 
355.000 -0.577 
356.000 -1.000 
357.000 -1.000 
358.000 -1.000 
359.000 -0.536 
360.000 0.537 
361.000 1.000 
362.000 0.461 
363.000 0.580 
364.000 0.464 
365.000 0.560 
366.000 0.278 
367.000 0.572 
368.000 0.014 
369.000 0.066 
370.000 -0.505 
371.000 -0.487 
372.000 -0.748 
373.000 0.391 
374.000 0.533 
375.000 0.518 
376.000 0.562 
377.000 0.518 
378.000 0.581 
379.000 0.415 
380.000 0.496 
381.000 0.301 
382.000 0.528 
383.000 0.013 
384.000 -0.107 
385.000 -0.487 
386.000 -0.375 
387.000 -0.526 
388.000 0.613 
389.000 0.385 
390.000 0.680 
391.000 0.519 
392.000 0.571 
393.000 0.514 
394.000 0.462 
395.000 0.418 
396.000 0.391 
397.000 0.281 
398.000 0.029 
399.000 -0.333 
400.000 -0.539 
401.000 -0.540 
402.000 -0.179 
403.000 0.972 
404.000 0.482 
405.000 0.634 
406.000 0.544 
407.000 0.585 
408.000 0.452 
409.000 0.453 
410.000 0.360 
411.000 0.367 
412.000 0.007 
413.000 -0.395 
414.000 -0.664 
415.000 -0.602 
416.000 -0.416 
417.000 0.864 
418.000 0.515 
419.000 0.637 
420.000 0.573 
421.000 0.578 
422.000 0.516 
423.000 0.429 
424.000 0.432 
425.000 0.345 
426.000 0.129 
427.000 -0.260 
428.000 -0.602 
429.000 -0.714 
430.000 -0.525 
431.000 0.399 
432.000 0.655 
433.000 0.592 
434.000 0.605 
435.000 0.586 
436.000 0.599 
437.000 0.456 
438.000 0.474 
439.000 0.353 
440.000 0.400 
441.000 0.000 
442.000 -0.442 
443.000 -0.737 
444.000 -0.638 
445.000 -0.488 
446.000 0.883 
447.000 0.569 
448.000 0.648 
449.000 0.622 
450.000 0.603 
451.000 0.549 
452.000 0.428 
453.000 0.456 
454.000 0.325 
455.000 0.118 
456.000 -0.374 
457.000 -0.742 
458.000 -0.879 
459.000 -0.602 
460.000 0.444 
461.000 0.673 
462.000 0.650 
463.000 0.649 
464.000 0.634 
465.000 0.641 
466.000 0.498 
467.000 0.451 
468.000 0.395 
469.000 0.306 
470.000 -0.102 
471.000 -0.761 
472.000 -1.000 
473.000 -0.946 
474.000 -0.513 
475.000 1.000 
476.000 0.659 
477.000 0.687 
478.000 0.671 
479.000 0.652 
480.000 0.584 
481.000 1.000 
482.000 1.000 
483.000 1.000 
484.000 1.000 
485.000 0.989 
486.000 0.841 
487.000 0.653 
488.000 0.479 
489.000 0.458 
490.000 0.377 
491.000 0.391 
492.000 0.350 
493.000 0.633 
494.000 0.585 
495.000 0.837 
496.000 1.000 
497.000 1.000 
498.000 1.000 
499.000 1.000 
500.000 1.000 
501.000 0.993 
502.000 0.822 
503.000 0.656 
504.000 0.501 
505.000 0.464 
506.000 0.405 
507.000 0.378 
508.000 0.429 
509.000 0.595 
510.000 0.650 
511.000 0.877 
512.000 1.000 
513.000 1.000 
514.000 1.000 
515.000 1.000 
516.000 1.000 
517.000 1.000 
518.000 0.837 
519.000 0.677 
520.000 0.528 
521.000 0.464 
522.000 0.433 
523.000 0.350 
524.000 0.420 
525.000 0.613 
526.000 0.670 
527.000 0.891 
528.000 1.000 
529.000 1.000 
530.000 1.000 
531.000 1.000 
532.000 1.000 
533.000 1.000 
534.000 0.891 
535.000 0.733 
536.000 0.585 
537.000 0.463 
538.000 0.480 
539.000 0.358 
540.000 0.371 
541.000 0.632 
542.000 0.647 
543.000 0.851 
544.000 1.000 
545.000 1.000 
546.000 1.000 
547.000 1.000 
548.000 1.000 
549.000 1.000 
550.000 0.963 
551.000 0.806 
552.000 0.659 
553.000 0.522 
554.000 0.477 
555.000 0.436 
556.000 0.324 
557.000 0.466 
558.000 0.658 
559.000 0.781 
560.000 1.000 
561.000 1.000 
562.000 1.000 
563.000 1.000 
564.000 1.000 
565.000 1.000 
566.000 1.000 
567.000 0.916 
568.000 0.765 
569.000 0.624 
570.000 0.497 
571.000 0.488 
572.000 0.370 
573.000 0.326 
574.000 0.565 
575.000 0.680 
576.000 0.872 
577.000 1.000 
578.000 1.000 
579.000 1.000 
580.000 1.000 
581.000 1.000 
582.000 1.000 
583.000 1.000 
584.000 0.924 
585.000 0.776 
586.000 0.639 
587.000 0.515 
588.000 0.488 
589.000 0.372 
590.000 0.305 
591.000 0.527 
592.000 0.707 
593.000 0.886 
594.000 1.000 
595.000 1.000 
596.000 1.000 
597.000 1.000 
598.000 1.000 
599.000 1.000 
600.000 1.000 
601.000 1.000 
602.000 1.000 
603.000 1.000 
604.000 1.000 
605.000 1.000 
606.000 1.000 
607.000 1.000 
608.000 1.000 
609.000 0.993 
610.000 0.949 
611.000 0.913 
612.000 0.885 
613.000 0.863 
614.000 0.849 
615.000 0.858 
616.000 0.890 
617.000 0.941 
618.000 1.000 
619.000 1.000 
620.000 1.000 
621.000 1.000 
622.000 1.000 
623.000 1.000 
624.000 1.000 
625.000 1.000 
626.000 1.000 
627.000 1.000 
628.000 1.000 
629.000 0.996 
630.000 0.975 
631.000 0.956 
632.000 0.940 
633.000 0.926 
634.000 0.916 
635.000 0.917 
636.000 0.930 
637.000 0.952 
638.000 0.983 
639.000 1.000 
640.000 1.000 
641.000 1.000 
642.000 1.000 
643.000 1.000 
644.000 1.000 
645.000 1.000 
646.000 1.000 
647.000 1.000 
648.000 0.998 
649.000 0.983 
650.000 0.969 
651.000 0.957 
652.000 0.947 
653.000 0.939 
654.000 0.938 
655.000 0.946 
656.000 0.962 
657.000 0.983 
658.000 1.000 
659.000 1.000 
660.000 1.000 
661.000 1.000 
662.000 1.000 
663.000 1.000 
664.000 1.000 
665.000 1.000 
666.000 1.000 
667.000 0.997 
668.000 0.986 
669.000 0.975 
670.000 0.966 
671.000 0.958 
672.000 0.953 
673.000 0.953 
674.000 0.960 
675.000 0.972 
676.000 0.988 
677.000 1.000 
678.000 1.000 
679.000 1.000 
680.000 1.000 
681.000 1.000 
682.000 1.000 
683.000 1.000 
684.000 1.000 
685.000 1.000 
686.000 0.996 
687.000 0.988 
688.000 0.980 
689.000 0.973 
690.000 0.967 
691.000 0.963 
692.000 0.964 
693.000 0.970 
694.000 0.980 
695.000 0.993 
696.000 1.000 
697.000 1.000 
698.000 1.000 
699.000 1.000 
700.000 1.000 
701.000 1.000 
702.000 1.000 
703.000 1.000 
704.000 1.000 
705.000 0.996 
706.000 0.989 
707.000 0.983 
708.000 0.978 
709.000 0.974 
710.000 0.971 
711.000 0.973 
712.000 0.978 
713.000 0.986 
714.000 0.997 
715.000 1.000 
716.000 1.000 
717.000 1.000 
718.000 1.000 
719.000 1.000 
720.000 1.000 
721.000 1.000 
722.000 1.000 
723.000 1.000 
724.000 0.996 
725.000 0.991 
726.000 0.986 
727.000 0.982 
728.000 0.979 
729.000 0.978 
730.000 0.979 
731.000 0.984 
732.000 0.991 
733.000 0.999 
734.000 1.000 
735.000 1.000 
736.000 1.000 
737.000 1.000 
738.000 1.000 
739.000 1.000 
740.000 1.000 
741.000 1.000 
742.000 1.000 
743.000 0.996 
744.000 0.992 
745.000 0.989 
746.000 0.986 
747.000 0.983 
748.000 0.982 
749.000 0.984 
750.000 0.988 
751.000 0.994 
752.000 1.000 
753.000 1.000 
754.000 1.000 
755.000 1.000 
756.000 1.000 
757.000 1.000 
758.000 1.000 
759.000 1.000 
760.000 1.000 
761.000 1.000 
762.000 0.996 
763.000 0.993 
764.000 0.991 
765.000 0.988 
766.000 0.987 
767.000 0.987 
768.000 0.988 
769.000 0.992 
770.000 0.996 
771.000 1.000 
772.000 1.000 
773.000 1.000 
774.000 1.000 
775.000 1.000 
776.000 1.000 
777.000 1.000 
778.000 1.000 
779.000 1.000 
780.000 0.999 
781.000 0.997 
782.000 0.994 
783.000 0.992 
784.000 0.991 
785.000 0.990 
786.000 0.990 
787.000 0.991 
788.000 0.994 
789.000 0.998 
790.000 1.000 
791.000 1.000 
792.000 1.000 
793.000 1.000 
794.000 1.000 
795.000 1.000 
796.000 1.000 
797.000 1.000 
798.000 1.000 
799.000 0.999 
800.000 0.997 
