1.000 0.000 
2.000 0.000 
3.000 0.000 
4.000 0.000 
5.000 0.000 
6.000 0.000 
7.000 -1.000 
8.000 -0.766 
9.000 -0.770 
10.000 -0.774 
11.000 -0.777 
12.000 0.457 
13.000 0.199 
14.000 0.325 
15.000 0.145 
16.000 0.167 
17.000 0.370 
18.000 -0.434 
19.000 -1.000 
20.000 -1.000 
21.000 -1.000 
22.000 -1.000 
23.000 -0.187 
24.000 1.000 
25.000 -0.001 
26.000 0.987 
27.000 -0.003 
28.000 0.784 
29.000 -0.114 
30.000 -1.000 
31.000 -1.000 
32.000 -1.000 
33.000 -1.000 
34.000 -1.000 
35.000 1.000 
36.000 -0.028 
37.000 1.000 
38.000 -0.031 
39.000 0.636 
40.000 -0.051 
41.000 -1.000 
42.000 -1.000 
43.000 -1.000 
44.000 -1.000 
45.000 -1.000 
46.000 1.000 
47.000 -0.055 
48.000 1.000 
49.000 -0.057 
50.000 0.516 
51.000 -0.072 
52.000 -1.000 
53.000 -1.000 
54.000 -1.000 
55.000 -1.000 
56.000 -1.000 
57.000 1.000 
58.000 -0.078 
59.000 1.000 
60.000 -0.080 
61.000 0.414 
62.000 -0.112 
63.000 -1.000 
64.000 -1.000 
65.000 -1.000 
66.000 -1.000 
67.000 -1.000 
68.000 1.000 
69.000 -0.099 
70.000 0.969 
71.000 -0.100 
72.000 0.320 
73.000 -0.172 
74.000 -1.000 
75.000 -1.000 
76.000 -1.000 
77.000 -1.000 
78.000 -1.000 
79.000 1.000 
80.000 -0.118 
81.000 0.797 
82.000 -0.119 
83.000 0.229 
84.000 -0.249 
85.000 -1.000 
86.000 -1.000 
87.000 -1.000 
88.000 -1.000 
89.000 -0.864 
90.000 0.797 
91.000 -0.134 
92.000 0.600 
93.000 -0.134 
94.000 0.064 
95.000 -0.259 
96.000 -1.000 
97.000 -1.000 
98.000 -1.000 
99.000 -1.000 
100.000 -0.706 
101.000 0.445 
102.000 0.066 
103.000 0.346 
104.000 -0.005 
105.000 -0.075 
106.000 0.021 
107.000 -0.974 
108.000 -1.000 
109.000 -1.000 
110.000 -1.000 
111.000 -1.000 
112.000 0.164 
113.000 0.419 
114.000 0.016 
115.000 0.175 
116.000 -0.018 
117.000 0.938 
118.000 -0.205 
119.000 -1.000 
120.000 -1.000 
121.000 -0.463 
122.000 -1.000 
123.000 -1.000 
124.000 1.000 
125.000 -0.134 
126.000 0.965 
127.000 -0.147 
128.000 0.483 
129.000 -0.136 
130.000 -1.000 
131.000 -1.000 
132.000 -1.000 
133.000 -1.000 
134.000 -1.000 
135.000 1.000 
136.000 -0.144 
137.000 1.000 
138.000 -0.144 
139.000 0.443 
140.000 -0.147 
141.000 -1.000 
142.000 -1.000 
143.000 -1.000 
144.000 -1.000 
145.000 -1.000 
146.000 1.000 
147.000 -0.155 
148.000 0.996 
149.000 -0.154 
150.000 0.412 
151.000 -0.161 
152.000 -1.000 
153.000 -1.000 
154.000 -1.000 
155.000 -1.000 
156.000 -1.000 
157.000 1.000 
158.000 -0.165 
159.000 0.934 
160.000 -0.164 
161.000 0.375 
162.000 -0.178 
163.000 -1.000 
164.000 -1.000 
165.000 -1.000 
166.000 -1.000 
167.000 -1.000 
168.000 1.000 
169.000 -0.174 
170.000 0.853 
171.000 -0.173 
172.000 0.332 
173.000 -0.200 
174.000 -1.000 
175.000 -1.000 
176.000 -1.000 
177.000 -1.000 
178.000 -1.000 
179.000 0.907 
180.000 -0.181 
181.000 0.770 
182.000 -0.180 
183.000 0.291 
184.000 -0.083 
185.000 -1.000 
186.000 -1.000 
187.000 -1.000 
188.000 -1.000 
189.000 -1.000 
190.000 0.719 
191.000 -0.188 
192.000 0.742 
193.000 -0.186 
194.000 0.274 
195.000 0.194 
196.000 -0.763 
197.000 -1.000 
198.000 -1.000 
199.000 -1.000 
200.000 -1.000 
201.000 0.195 
202.000 0.609 
203.000 -0.190 
204.000 0.550 
205.000 -0.148 
206.000 1.000 
207.000 -0.262 
208.000 -1.000 
209.000 -1.000 
210.000 -1.000 
211.000 -1.000 
212.000 -1.000 
213.000 1.000 
214.000 -0.198 
215.000 0.880 
216.000 -0.197 
217.000 0.304 
218.000 -0.228 
219.000 -1.000 
220.000 -1.000 
221.000 -1.000 
222.000 -1.000 
223.000 -0.984 
224.000 0.801 
225.000 -0.206 
226.000 0.669 
227.000 -0.205 
228.000 0.208 
229.000 0.050 
230.000 -0.941 
231.000 -1.000 
232.000 -1.000 
233.000 -1.000 
234.000 -1.000 
235.000 0.350 
236.000 0.252 
237.000 0.289 
238.000 0.099 
239.000 0.141 
240.000 0.728 
241.000 0.185 
242.000 -0.715 
243.000 -1.000 
244.000 -0.879 
245.000 -1.000 
246.000 -1.000 
247.000 1.000 
248.000 -0.036 
249.000 1.000 
250.000 -0.020 
251.000 1.000 
252.000 -0.027 
253.000 -0.577 
254.000 -1.000 
255.000 -1.000 
256.000 -1.000 
257.000 -1.000 
258.000 1.000 
259.000 -0.017 
260.000 1.000 
261.000 0.005 
262.000 0.991 
263.000 -0.005 
264.000 -0.541 
265.000 -1.000 
266.000 -1.000 
267.000 -1.000 
268.000 -1.000 
269.000 1.000 
270.000 0.002 
271.000 0.997 
272.000 0.025 
273.000 0.960 
274.000 0.015 
275.000 -0.520 
276.000 -1.000 
277.000 -1.000 
278.000 -1.000 
279.000 -1.000 
280.000 1.000 
281.000 0.019 
282.000 0.970 
283.000 0.043 
284.000 0.931 
285.000 0.033 
286.000 -0.503 
287.000 -1.000 
288.000 -1.000 
289.000 -1.000 
290.000 -1.000 
291.000 1.000 
292.000 0.036 
293.000 0.944 
294.000 0.061 
295.000 0.905 
296.000 0.051 
297.000 -0.490 
298.000 -1.000 
299.000 -1.000 
300.000 -1.000 
301.000 -1.000 
302.000 1.000 
303.000 0.052 
304.000 0.919 
305.000 0.078 
306.000 0.880 
307.000 0.068 
308.000 -0.477 
309.000 -1.000 
310.000 -1.000 
311.000 -1.000 
312.000 -1.000 
313.000 1.000 
314.000 0.068 
315.000 0.897 
316.000 0.095 
317.000 0.857 
318.000 0.085 
319.000 -0.465 
320.000 -1.000 
321.000 -1.000 
322.000 -1.000 
323.000 -1.000 
324.000 1.000 
325.000 0.084 
326.000 0.876 
327.000 0.111 
328.000 0.836 
329.000 0.101 
330.000 -0.452 
331.000 -1.000 
332.000 -1.000 
333.000 -1.000 
334.000 -1.000 
335.000 1.000 
336.000 0.098 
337.000 0.856 
338.000 0.126 
339.000 0.816 
340.000 0.117 
341.000 -0.438 
342.000 -1.000 
343.000 -1.000 
344.000 -1.000 
345.000 -1.000 
346.000 1.000 
347.000 0.113 
348.000 0.838 
349.000 0.141 
350.000 0.798 
351.000 0.132 
352.000 -0.424 
353.000 -1.000 
354.000 -1.000 
355.000 -1.000 
356.000 -1.000 
357.000 1.000 
358.000 0.126 
359.000 0.822 
360.000 0.156 
361.000 0.998 
362.000 0.465 
363.000 0.490 
364.000 0.236 
365.000 0.202 
366.000 -0.659 
367.000 -1.000 
368.000 -1.000 
369.000 -1.000 
370.000 1.000 
371.000 0.413 
372.000 0.669 
373.000 0.542 
374.000 0.591 
375.000 0.561 
376.000 0.428 
377.000 0.197 
378.000 -0.634 
379.000 -1.000 
380.000 -1.000 
381.000 -1.000 
382.000 -0.758 
383.000 1.000 
384.000 0.583 
385.000 0.618 
386.000 0.612 
387.000 0.613 
388.000 0.583 
389.000 0.405 
390.000 -0.164 
391.000 -1.000 
392.000 -1.000 
393.000 -1.000 
394.000 -1.000 
395.000 1.000 
396.000 0.609 
397.000 0.668 
398.000 0.675 
399.000 0.679 
400.000 0.685 
401.000 0.487 
402.000 0.122 
403.000 -0.764 
404.000 -1.000 
405.000 -1.000 
406.000 -1.000 
407.000 -0.516 
408.000 1.000 
409.000 0.710 
410.000 0.727 
411.000 0.730 
412.000 0.732 
413.000 0.673 
414.000 0.457 
415.000 -0.033 
416.000 -1.000 
417.000 -1.000 
418.000 -1.000 
419.000 -1.000 
420.000 1.000 
421.000 0.686 
422.000 0.768 
423.000 0.774 
424.000 0.776 
425.000 0.788 
426.000 0.581 
427.000 0.347 
428.000 -0.312 
429.000 -1.000 
430.000 -1.000 
431.000 -1.000 
432.000 -1.000 
433.000 1.000 
434.000 0.758 
435.000 0.805 
436.000 0.807 
437.000 0.809 
438.000 0.819 
439.000 0.600 
440.000 0.392 
441.000 -0.229 
442.000 -1.000 
443.000 -1.000 
444.000 -1.000 
445.000 -1.000 
446.000 1.000 
447.000 0.776 
448.000 0.833 
449.000 0.835 
450.000 0.836 
451.000 0.848 
452.000 0.628 
453.000 0.414 
454.000 -0.177 
455.000 -1.000 
456.000 -1.000 
457.000 -1.000 
458.000 -1.000 
459.000 1.000 
460.000 0.789 
461.000 0.854 
462.000 0.856 
463.000 0.856 
464.000 0.870 
465.000 0.649 
466.000 0.430 
467.000 -0.139 
468.000 -1.000 
469.000 -1.000 
470.000 -1.000 
471.000 -1.000 
472.000 1.000 
473.000 0.799 
474.000 0.870 
475.000 0.873 
476.000 0.872 
477.000 0.887 
478.000 0.665 
479.000 0.443 
480.000 -0.108 
481.000 1.000 
482.000 1.000 
483.000 1.000 
484.000 1.000 
485.000 1.000 
486.000 1.000 
487.000 1.000 
488.000 1.000 
489.000 1.000 
490.000 1.000 
491.000 0.831 
492.000 0.653 
493.000 0.488 
494.000 0.088 
495.000 -0.824 
496.000 -1.000 
497.000 -1.000 
498.000 1.000 
499.000 1.000 
500.000 1.000 
501.000 1.000 
502.000 1.000 
503.000 1.000 
504.000 1.000 
505.000 1.000 
506.000 1.000 
507.000 1.000 
508.000 1.000 
509.000 1.000 
510.000 1.000 
511.000 0.897 
512.000 0.722 
513.000 0.566 
514.000 0.349 
515.000 -0.239 
516.000 -1.000 
517.000 -1.000 
518.000 -0.717 
519.000 1.000 
520.000 1.000 
521.000 1.000 
522.000 1.000 
523.000 1.000 
524.000 1.000 
525.000 1.000 
526.000 1.000 
527.000 1.000 
528.000 1.000 
529.000 1.000 
530.000 1.000 
531.000 1.000 
532.000 1.000 
533.000 0.949 
534.000 0.799 
535.000 0.666 
536.000 0.551 
537.000 0.331 
538.000 -0.235 
539.000 -1.000 
540.000 -1.000 
541.000 1.000 
542.000 1.000 
543.000 1.000 
544.000 1.000 
545.000 1.000 
546.000 1.000 
547.000 1.000 
548.000 1.000 
549.000 1.000 
550.000 1.000 
551.000 1.000 
552.000 1.000 
553.000 1.000 
554.000 1.000 
555.000 1.000 
556.000 1.000 
557.000 0.973 
558.000 0.846 
559.000 0.737 
560.000 0.642 
561.000 0.560 
562.000 0.400 
563.000 0.009 
564.000 -0.976 
565.000 -0.199 
566.000 1.000 
567.000 1.000 
568.000 1.000 
569.000 1.000 
570.000 1.000 
571.000 1.000 
572.000 1.000 
573.000 1.000 
574.000 1.000 
575.000 1.000 
576.000 1.000 
577.000 1.000 
578.000 1.000 
579.000 1.000 
580.000 1.000 
581.000 1.000 
582.000 1.000 
583.000 1.000 
584.000 0.900 
585.000 0.806 
586.000 0.725 
587.000 0.655 
588.000 0.594 
589.000 0.572 
590.000 0.570 
591.000 0.683 
592.000 0.952 
593.000 1.000 
594.000 1.000 
595.000 1.000 
596.000 1.000 
597.000 1.000 
598.000 1.000 
599.000 1.000 
600.000 1.000 
601.000 1.000 
602.000 1.000 
603.000 1.000 
604.000 1.000 
605.000 1.000 
606.000 1.000 
607.000 1.000 
608.000 1.000 
609.000 1.000 
610.000 1.000 
611.000 1.000 
612.000 1.000 
613.000 1.000 
614.000 1.000 
615.000 1.000 
616.000 1.000 
617.000 1.000 
618.000 1.000 
619.000 1.000 
620.000 1.000 
621.000 1.000 
622.000 1.000 
623.000 1.000 
624.000 1.000 
625.000 1.000 
626.000 1.000 
627.000 1.000 
628.000 1.000 
629.000 1.000 
630.000 1.000 
631.000 1.000 
632.000 1.000 
633.000 1.000 
634.000 1.000 
635.000 1.000 
636.000 1.000 
637.000 1.000 
638.000 1.000 
639.000 1.000 
640.000 1.000 
641.000 1.000 
642.000 1.000 
643.000 1.000 
644.000 1.000 
645.000 1.000 
646.000 1.000 
647.000 1.000 
648.000 1.000 
649.000 1.000 
650.000 1.000 
651.000 1.000 
652.000 1.000 
653.000 1.000 
654.000 1.000 
655.000 1.000 
656.000 1.000 
657.000 1.000 
658.000 1.000 
659.000 1.000 
660.000 1.000 
661.000 1.000 
662.000 1.000 
663.000 1.000 
664.000 1.000 
665.000 1.000 
666.000 1.000 
667.000 1.000 
668.000 1.000 
669.000 1.000 
670.000 1.000 
671.000 1.000 
672.000 1.000 
673.000 1.000 
674.000 1.000 
675.000 1.000 
676.000 1.000 
677.000 1.000 
678.000 1.000 
679.000 1.000 
680.000 1.000 
681.000 1.000 
682.000 1.000 
683.000 1.000 
684.000 1.000 
685.000 1.000 
686.000 1.000 
687.000 1.000 
688.000 1.000 
689.000 1.000 
690.000 1.000 
691.000 1.000 
692.000 1.000 
693.000 1.000 
694.000 1.000 
695.000 1.000 
696.000 1.000 
697.000 1.000 
698.000 1.000 
699.000 1.000 
700.000 1.000 
701.000 1.000 
702.000 1.000 
703.000 1.000 
704.000 1.000 
705.000 1.000 
706.000 1.000 
707.000 1.000 
708.000 1.000 
709.000 1.000 
710.000 1.000 
711.000 1.000 
712.000 1.000 
713.000 1.000 
714.000 1.000 
715.000 1.000 
716.000 1.000 
717.000 1.000 
718.000 1.000 
719.000 1.000 
720.000 1.000 
721.000 1.000 
722.000 1.000 
723.000 1.000 
724.000 1.000 
725.000 1.000 
726.000 1.000 
727.000 1.000 
728.000 1.000 
729.000 1.000 
730.000 1.000 
731.000 1.000 
732.000 1.000 
733.000 1.000 
734.000 1.000 
735.000 1.000 
736.000 1.000 
737.000 1.000 
738.000 1.000 
739.000 1.000 
740.000 1.000 
741.000 1.000 
742.000 1.000 
743.000 1.000 
744.000 1.000 
745.000 1.000 
746.000 1.000 
747.000 1.000 
748.000 1.000 
749.000 1.000 
750.000 1.000 
751.000 1.000 
752.000 1.000 
753.000 1.000 
754.000 1.000 
755.000 1.000 
756.000 1.000 
757.000 1.000 
758.000 1.000 
759.000 1.000 
760.000 1.000 
761.000 1.000 
762.000 1.000 
763.000 1.000 
764.000 1.000 
765.000 1.000 
766.000 1.000 
767.000 1.000 
768.000 1.000 
769.000 1.000 
770.000 1.000 
771.000 1.000 
772.000 1.000 
773.000 1.000 
774.000 1.000 
775.000 1.000 
776.000 1.000 
777.000 1.000 
778.000 1.000 
779.000 1.000 
780.000 1.000 
781.000 1.000 
782.000 1.000 
783.000 1.000 
784.000 1.000 
785.000 1.000 
786.000 1.000 
787.000 1.000 
788.000 1.000 
789.000 1.000 
790.000 1.000 
791.000 1.000 
792.000 1.000 
793.000 1.000 
794.000 1.000 
795.000 1.000 
796.000 1.000 
797.000 1.000 
798.000 1.000 
799.000 1.000 
800.000 1.000 
