1.000 0.000 
2.000 0.000 
3.000 0.000 
4.000 0.000 
5.000 0.000 
6.000 0.000 
7.000 -0.390 
8.000 -0.392 
9.000 -0.394 
10.000 -0.396 
11.000 -0.398 
12.000 -0.341 
13.000 -0.256 
14.000 -0.191 
15.000 -0.148 
16.000 -0.123 
17.000 -0.108 
18.000 -0.104 
19.000 -0.115 
20.000 -0.136 
21.000 -0.162 
22.000 -0.189 
23.000 -0.212 
24.000 -0.229 
25.000 -0.237 
26.000 -0.236 
27.000 -0.227 
28.000 -0.215 
29.000 -0.201 
30.000 -0.189 
31.000 -0.180 
32.000 -0.174 
33.000 -0.172 
34.000 -0.174 
35.000 -0.179 
36.000 -0.185 
37.000 -0.192 
38.000 -0.198 
39.000 -0.203 
40.000 -0.206 
41.000 -0.207 
42.000 -0.206 
43.000 -0.205 
44.000 -0.202 
45.000 -0.200 
46.000 -0.198 
47.000 -0.197 
48.000 -0.196 
49.000 -0.197 
50.000 -0.198 
51.000 -0.199 
52.000 -0.201 
53.000 -0.203 
54.000 -0.204 
55.000 -0.205 
56.000 -0.206 
57.000 -0.207 
58.000 -0.207 
59.000 -0.207 
60.000 -0.207 
61.000 -0.207 
62.000 -0.207 
63.000 -0.207 
64.000 -0.207 
65.000 -0.208 
66.000 -0.209 
67.000 -0.209 
68.000 -0.210 
69.000 -0.211 
70.000 -0.211 
71.000 -0.212 
72.000 -0.212 
73.000 -0.213 
74.000 -0.213 
75.000 -0.214 
76.000 -0.214 
77.000 -0.214 
78.000 -0.215 
79.000 -0.215 
80.000 -0.216 
81.000 -0.216 
82.000 -0.217 
83.000 -0.217 
84.000 -0.218 
85.000 -0.218 
86.000 -0.219 
87.000 -0.219 
88.000 -0.220 
89.000 -0.220 
90.000 -0.221 
91.000 -0.221 
92.000 -0.222 
93.000 -0.222 
94.000 -0.222 
95.000 -0.223 
96.000 -0.223 
97.000 -0.224 
98.000 -0.224 
99.000 -0.225 
100.000 -0.225 
101.000 -0.226 
102.000 -0.226 
103.000 -0.227 
104.000 -0.227 
105.000 -0.228 
106.000 -0.228 
107.000 -0.229 
108.000 -0.229 
109.000 -0.229 
110.000 -0.230 
111.000 -0.230 
112.000 -0.231 
113.000 -0.231 
114.000 -0.232 
115.000 -0.232 
116.000 -0.233 
117.000 -0.233 
118.000 -0.234 
119.000 -0.234 
120.000 -0.234 
121.000 -0.068 
122.000 -0.067 
123.000 -0.067 
124.000 -0.067 
125.000 -0.066 
126.000 -0.071 
127.000 -0.102 
128.000 -0.135 
129.000 -0.162 
130.000 -0.182 
131.000 -0.194 
132.000 -0.197 
133.000 -0.188 
134.000 -0.171 
135.000 -0.151 
136.000 -0.132 
137.000 -0.117 
138.000 -0.107 
139.000 -0.102 
140.000 -0.103 
141.000 -0.109 
142.000 -0.119 
143.000 -0.131 
144.000 -0.143 
145.000 -0.153 
146.000 -0.159 
147.000 -0.161 
148.000 -0.159 
149.000 -0.153 
150.000 -0.146 
151.000 -0.138 
152.000 -0.131 
153.000 -0.126 
154.000 -0.124 
155.000 -0.124 
156.000 -0.126 
157.000 -0.130 
158.000 -0.134 
159.000 -0.139 
160.000 -0.144 
161.000 -0.147 
162.000 -0.148 
163.000 -0.148 
164.000 -0.146 
165.000 -0.143 
166.000 -0.140 
167.000 -0.137 
168.000 -0.135 
169.000 -0.134 
170.000 -0.133 
171.000 -0.134 
172.000 -0.136 
173.000 -0.138 
174.000 -0.140 
175.000 -0.141 
176.000 -0.143 
177.000 -0.144 
178.000 -0.144 
179.000 -0.143 
180.000 -0.142 
181.000 -0.141 
182.000 -0.140 
183.000 -0.139 
184.000 -0.139 
185.000 -0.138 
186.000 -0.139 
187.000 -0.139 
188.000 -0.140 
189.000 -0.141 
190.000 -0.142 
191.000 -0.142 
192.000 -0.143 
193.000 -0.143 
194.000 -0.143 
195.000 -0.143 
196.000 -0.142 
197.000 -0.142 
198.000 -0.142 
199.000 -0.141 
200.000 -0.141 
201.000 -0.141 
202.000 -0.142 
203.000 -0.142 
204.000 -0.142 
205.000 -0.143 
206.000 -0.143 
207.000 -0.143 
208.000 -0.143 
209.000 -0.143 
210.000 -0.143 
211.000 -0.143 
212.000 -0.143 
213.000 -0.143 
214.000 -0.143 
215.000 -0.143 
216.000 -0.143 
217.000 -0.143 
218.000 -0.144 
219.000 -0.144 
220.000 -0.144 
221.000 -0.144 
222.000 -0.144 
223.000 -0.144 
224.000 -0.144 
225.000 -0.145 
226.000 -0.145 
227.000 -0.145 
228.000 -0.145 
229.000 -0.145 
230.000 -0.145 
231.000 -0.145 
232.000 -0.145 
233.000 -0.145 
234.000 -0.145 
235.000 -0.145 
236.000 -0.145 
237.000 -0.145 
238.000 -0.146 
239.000 -0.146 
240.000 -0.146 
241.000 0.802 
242.000 0.059 
243.000 0.737 
244.000 0.062 
245.000 0.742 
246.000 -0.609 
247.000 0.373 
248.000 -0.627 
249.000 -0.223 
250.000 -0.562 
251.000 -0.194 
252.000 0.145 
253.000 0.507 
254.000 0.760 
255.000 0.449 
256.000 0.516 
257.000 0.252 
258.000 0.206 
259.000 -0.186 
260.000 -0.351 
261.000 -0.927 
262.000 -1.000 
263.000 -1.000 
264.000 -0.816 
265.000 -0.232 
266.000 0.252 
267.000 0.769 
268.000 0.753 
269.000 0.473 
270.000 0.488 
271.000 0.232 
272.000 0.076 
273.000 -0.066 
274.000 -0.622 
275.000 -1.000 
276.000 -1.000 
277.000 -1.000 
278.000 -0.866 
279.000 -0.232 
280.000 0.278 
281.000 0.800 
282.000 0.732 
283.000 0.464 
284.000 0.504 
285.000 0.199 
286.000 0.143 
287.000 -0.200 
288.000 -0.638 
289.000 -1.000 
290.000 -1.000 
291.000 -1.000 
292.000 -0.826 
293.000 -0.182 
294.000 0.314 
295.000 0.833 
296.000 0.710 
297.000 0.446 
298.000 0.527 
299.000 0.118 
300.000 0.344 
301.000 -0.577 
302.000 -0.686 
303.000 -1.000 
304.000 -1.000 
305.000 -1.000 
306.000 -0.729 
307.000 -0.066 
308.000 0.397 
309.000 0.899 
310.000 0.655 
311.000 0.404 
312.000 0.573 
313.000 -0.092 
314.000 0.576 
315.000 -0.966 
316.000 -0.792 
317.000 -1.000 
318.000 -1.000 
319.000 -1.000 
320.000 -0.426 
321.000 0.168 
322.000 0.679 
323.000 0.833 
324.000 0.551 
325.000 0.416 
326.000 0.460 
327.000 -0.312 
328.000 0.253 
329.000 -0.703 
330.000 -1.000 
331.000 -1.000 
332.000 -1.000 
333.000 -0.576 
334.000 -0.038 
335.000 0.410 
336.000 0.910 
337.000 0.662 
338.000 0.410 
339.000 0.529 
340.000 -0.062 
341.000 0.532 
342.000 -0.909 
343.000 -0.863 
344.000 -1.000 
345.000 -1.000 
346.000 -1.000 
347.000 -0.462 
348.000 0.150 
349.000 0.663 
350.000 0.856 
351.000 0.565 
352.000 0.403 
353.000 0.498 
354.000 -0.359 
355.000 0.288 
356.000 -0.721 
357.000 -1.000 
358.000 -1.000 
359.000 -1.000 
360.000 -0.531 
361.000 1.000 
362.000 1.000 
363.000 1.000 
364.000 0.851 
365.000 0.612 
366.000 -0.020 
367.000 1.000 
368.000 -1.000 
369.000 -0.089 
370.000 -1.000 
371.000 -0.897 
372.000 -0.910 
373.000 0.327 
374.000 1.000 
375.000 1.000 
376.000 1.000 
377.000 1.000 
378.000 1.000 
379.000 -0.399 
380.000 1.000 
381.000 -1.000 
382.000 -0.357 
383.000 -1.000 
384.000 -0.739 
385.000 -0.102 
386.000 0.942 
387.000 1.000 
388.000 1.000 
389.000 1.000 
390.000 1.000 
391.000 -0.001 
392.000 1.000 
393.000 -1.000 
394.000 -0.105 
395.000 -1.000 
396.000 -1.000 
397.000 -1.000 
398.000 -0.024 
399.000 1.000 
400.000 1.000 
401.000 1.000 
402.000 1.000 
403.000 1.000 
404.000 -0.035 
405.000 1.000 
406.000 -1.000 
407.000 -0.040 
408.000 -1.000 
409.000 -1.000 
410.000 -1.000 
411.000 0.144 
412.000 1.000 
413.000 1.000 
414.000 1.000 
415.000 1.000 
416.000 1.000 
417.000 -0.096 
418.000 1.000 
419.000 -1.000 
420.000 -0.005 
421.000 -1.000 
422.000 -1.000 
423.000 -0.942 
424.000 0.396 
425.000 1.000 
426.000 1.000 
427.000 1.000 
428.000 1.000 
429.000 1.000 
430.000 -0.348 
431.000 1.000 
432.000 -1.000 
433.000 -0.140 
434.000 -1.000 
435.000 -0.593 
436.000 -0.018 
437.000 1.000 
438.000 1.000 
439.000 1.000 
440.000 1.000 
441.000 1.000 
442.000 -0.049 
443.000 1.000 
444.000 -1.000 
445.000 -0.012 
446.000 -1.000 
447.000 -1.000 
448.000 -1.000 
449.000 0.313 
450.000 1.000 
451.000 1.000 
452.000 1.000 
453.000 1.000 
454.000 1.000 
455.000 -0.161 
456.000 1.000 
457.000 -1.000 
458.000 0.086 
459.000 -1.000 
460.000 -0.772 
461.000 -0.526 
462.000 0.742 
463.000 1.000 
464.000 1.000 
465.000 1.000 
466.000 1.000 
467.000 0.656 
468.000 -1.000 
469.000 1.000 
470.000 -1.000 
471.000 -0.669 
472.000 -1.000 
473.000 -0.196 
474.000 1.000 
475.000 1.000 
476.000 1.000 
477.000 1.000 
478.000 1.000 
479.000 0.285 
480.000 0.050 
481.000 1.000 
482.000 -1.000 
483.000 1.000 
484.000 -1.000 
485.000 1.000 
486.000 1.000 
487.000 1.000 
488.000 1.000 
489.000 1.000 
490.000 1.000 
491.000 0.604 
492.000 -0.978 
493.000 1.000 
494.000 -1.000 
495.000 1.000 
496.000 -1.000 
497.000 1.000 
498.000 1.000 
499.000 1.000 
500.000 1.000 
501.000 1.000 
502.000 1.000 
503.000 0.182 
504.000 0.393 
505.000 -0.309 
506.000 1.000 
507.000 -1.000 
508.000 1.000 
509.000 1.000 
510.000 1.000 
511.000 1.000 
512.000 1.000 
513.000 1.000 
514.000 1.000 
515.000 -0.100 
516.000 1.000 
517.000 -1.000 
518.000 1.000 
519.000 -1.000 
520.000 1.000 
521.000 1.000 
522.000 1.000 
523.000 1.000 
524.000 1.000 
525.000 1.000 
526.000 1.000 
527.000 -0.430 
528.000 1.000 
529.000 -1.000 
530.000 1.000 
531.000 -1.000 
532.000 1.000 
533.000 1.000 
534.000 1.000 
535.000 1.000 
536.000 1.000 
537.000 1.000 
538.000 0.943 
539.000 -0.576 
540.000 1.000 
541.000 -1.000 
542.000 1.000 
543.000 -1.000 
544.000 1.000 
545.000 1.000 
546.000 1.000 
547.000 1.000 
548.000 1.000 
549.000 1.000 
550.000 1.000 
551.000 -0.492 
552.000 1.000 
553.000 -1.000 
554.000 1.000 
555.000 -1.000 
556.000 1.000 
557.000 1.000 
558.000 1.000 
559.000 1.000 
560.000 1.000 
561.000 1.000 
562.000 1.000 
563.000 -0.288 
564.000 1.000 
565.000 -1.000 
566.000 1.000 
567.000 -1.000 
568.000 1.000 
569.000 1.000 
570.000 1.000 
571.000 1.000 
572.000 1.000 
573.000 1.000 
574.000 1.000 
575.000 0.011 
576.000 0.963 
577.000 -1.000 
578.000 1.000 
579.000 -1.000 
580.000 1.000 
581.000 1.000 
582.000 1.000 
583.000 1.000 
584.000 1.000 
585.000 1.000 
586.000 1.000 
587.000 0.508 
588.000 -0.411 
589.000 1.000 
590.000 -1.000 
591.000 1.000 
592.000 -0.687 
593.000 1.000 
594.000 1.000 
595.000 1.000 
596.000 1.000 
597.000 1.000 
598.000 1.000 
599.000 1.000 
600.000 0.049 
601.000 1.000 
602.000 -0.946 
603.000 1.000 
604.000 -1.000 
605.000 1.000 
606.000 1.000 
607.000 1.000 
608.000 1.000 
609.000 1.000 
610.000 1.000 
611.000 1.000 
612.000 1.000 
613.000 0.425 
614.000 0.037 
615.000 0.887 
616.000 -1.000 
617.000 1.000 
618.000 1.000 
619.000 1.000 
620.000 1.000 
621.000 1.000 
622.000 1.000 
623.000 1.000 
624.000 1.000 
625.000 1.000 
626.000 0.784 
627.000 0.041 
628.000 0.904 
629.000 -0.609 
630.000 1.000 
631.000 -0.013 
632.000 1.000 
633.000 1.000 
634.000 1.000 
635.000 1.000 
636.000 1.000 
637.000 1.000 
638.000 1.000 
639.000 1.000 
640.000 0.867 
641.000 0.182 
642.000 0.631 
643.000 -0.386 
644.000 1.000 
645.000 0.029 
646.000 1.000 
647.000 1.000 
648.000 1.000 
649.000 1.000 
650.000 1.000 
651.000 1.000 
652.000 1.000 
653.000 1.000 
654.000 1.000 
655.000 0.625 
656.000 0.200 
657.000 0.665 
658.000 -0.038 
659.000 1.000 
660.000 1.000 
661.000 1.000 
662.000 1.000 
663.000 1.000 
664.000 1.000 
665.000 1.000 
666.000 1.000 
667.000 1.000 
668.000 1.000 
669.000 1.000 
670.000 0.936 
671.000 0.778 
672.000 0.751 
673.000 0.817 
674.000 0.948 
675.000 1.000 
676.000 1.000 
677.000 1.000 
678.000 1.000 
679.000 1.000 
680.000 1.000 
681.000 1.000 
682.000 1.000 
683.000 1.000 
684.000 1.000 
685.000 1.000 
686.000 1.000 
687.000 1.000 
688.000 1.000 
689.000 1.000 
690.000 1.000 
691.000 1.000 
692.000 1.000 
693.000 1.000 
694.000 1.000 
695.000 1.000 
696.000 1.000 
697.000 1.000 
698.000 1.000 
699.000 1.000 
700.000 1.000 
701.000 1.000 
702.000 1.000 
703.000 1.000 
704.000 1.000 
705.000 1.000 
706.000 1.000 
707.000 1.000 
708.000 1.000 
709.000 1.000 
710.000 1.000 
711.000 1.000 
712.000 1.000 
713.000 1.000 
714.000 1.000 
715.000 1.000 
716.000 1.000 
717.000 1.000 
718.000 1.000 
719.000 1.000 
720.000 1.000 
721.000 1.000 
722.000 1.000 
723.000 1.000 
724.000 1.000 
725.000 1.000 
726.000 1.000 
727.000 1.000 
728.000 1.000 
729.000 1.000 
730.000 1.000 
731.000 1.000 
732.000 1.000 
733.000 1.000 
734.000 1.000 
735.000 1.000 
736.000 1.000 
737.000 1.000 
738.000 1.000 
739.000 1.000 
740.000 1.000 
741.000 1.000 
742.000 1.000 
743.000 1.000 
744.000 1.000 
745.000 1.000 
746.000 1.000 
747.000 1.000 
748.000 1.000 
749.000 1.000 
750.000 1.000 
751.000 1.000 
752.000 1.000 
753.000 1.000 
754.000 1.000 
755.000 1.000 
756.000 1.000 
757.000 1.000 
758.000 1.000 
759.000 1.000 
760.000 1.000 
761.000 1.000 
762.000 1.000 
763.000 1.000 
764.000 1.000 
765.000 1.000 
766.000 1.000 
767.000 1.000 
768.000 1.000 
769.000 1.000 
770.000 1.000 
771.000 1.000 
772.000 1.000 
773.000 1.000 
774.000 1.000 
775.000 1.000 
776.000 1.000 
777.000 1.000 
778.000 1.000 
779.000 1.000 
780.000 1.000 
781.000 1.000 
782.000 1.000 
783.000 1.000 
784.000 1.000 
785.000 1.000 
786.000 1.000 
787.000 1.000 
788.000 1.000 
789.000 1.000 
790.000 1.000 
791.000 1.000 
792.000 1.000 
793.000 1.000 
794.000 1.000 
795.000 1.000 
796.000 1.000 
797.000 1.000 
798.000 1.000 
799.000 1.000 
800.000 1.000 
