1.000 0.000 
2.000 0.000 
3.000 0.000 
4.000 0.000 
5.000 0.000 
6.000 0.000 
7.000 -0.792 
8.000 -0.443 
9.000 -0.445 
10.000 -0.447 
11.000 -0.449 
12.000 -0.248 
13.000 -0.103 
14.000 -0.098 
15.000 -0.091 
16.000 -0.085 
17.000 -0.078 
18.000 -0.119 
19.000 -0.188 
20.000 -0.237 
21.000 -0.270 
22.000 -0.293 
23.000 -0.299 
24.000 -0.277 
25.000 -0.242 
26.000 -0.210 
27.000 -0.186 
28.000 -0.169 
29.000 -0.160 
30.000 -0.162 
31.000 -0.172 
32.000 -0.187 
33.000 -0.204 
34.000 -0.219 
35.000 -0.230 
36.000 -0.235 
37.000 -0.234 
38.000 -0.228 
39.000 -0.219 
40.000 -0.211 
41.000 -0.204 
42.000 -0.200 
43.000 -0.199 
44.000 -0.200 
45.000 -0.204 
46.000 -0.209 
47.000 -0.214 
48.000 -0.218 
49.000 -0.221 
50.000 -0.223 
51.000 -0.222 
52.000 -0.221 
53.000 -0.219 
54.000 -0.217 
55.000 -0.216 
56.000 -0.215 
57.000 -0.216 
58.000 -0.216 
59.000 -0.218 
60.000 -0.220 
61.000 -0.221 
62.000 -0.223 
63.000 -0.224 
64.000 -0.224 
65.000 -0.225 
66.000 -0.225 
67.000 -0.225 
68.000 -0.225 
69.000 -0.225 
70.000 -0.225 
71.000 -0.225 
72.000 -0.226 
73.000 -0.227 
74.000 -0.228 
75.000 -0.228 
76.000 -0.229 
77.000 -0.230 
78.000 -0.230 
79.000 -0.231 
80.000 -0.231 
81.000 -0.231 
82.000 -0.232 
83.000 -0.232 
84.000 -0.233 
85.000 -0.233 
86.000 -0.234 
87.000 -0.234 
88.000 -0.235 
89.000 -0.235 
90.000 -0.236 
91.000 -0.236 
92.000 -0.237 
93.000 -0.237 
94.000 -0.238 
95.000 -0.238 
96.000 -0.239 
97.000 -0.239 
98.000 -0.240 
99.000 -0.240 
100.000 -0.241 
101.000 -0.241 
102.000 -0.242 
103.000 -0.242 
104.000 -0.243 
105.000 -0.243 
106.000 -0.244 
107.000 -0.244 
108.000 -0.245 
109.000 -0.245 
110.000 -0.245 
111.000 -0.246 
112.000 -0.246 
113.000 -0.247 
114.000 -0.247 
115.000 -0.248 
116.000 -0.248 
117.000 -0.249 
118.000 -0.249 
119.000 -0.250 
120.000 -0.250 
121.000 0.089 
122.000 -0.057 
123.000 -0.061 
124.000 -0.061 
125.000 -0.060 
126.000 -0.091 
127.000 -0.195 
128.000 -0.222 
129.000 -0.235 
130.000 -0.241 
131.000 -0.235 
132.000 -0.198 
133.000 -0.148 
134.000 -0.114 
135.000 -0.093 
136.000 -0.081 
137.000 -0.078 
138.000 -0.089 
139.000 -0.113 
140.000 -0.142 
141.000 -0.169 
142.000 -0.190 
143.000 -0.201 
144.000 -0.198 
145.000 -0.183 
146.000 -0.162 
147.000 -0.141 
148.000 -0.122 
149.000 -0.110 
150.000 -0.105 
151.000 -0.108 
152.000 -0.118 
153.000 -0.133 
154.000 -0.149 
155.000 -0.164 
156.000 -0.173 
157.000 -0.176 
158.000 -0.172 
159.000 -0.162 
160.000 -0.150 
161.000 -0.138 
162.000 -0.129 
163.000 -0.124 
164.000 -0.123 
165.000 -0.127 
166.000 -0.134 
167.000 -0.143 
168.000 -0.152 
169.000 -0.159 
170.000 -0.162 
171.000 -0.162 
172.000 -0.159 
173.000 -0.153 
174.000 -0.146 
175.000 -0.140 
176.000 -0.136 
177.000 -0.134 
178.000 -0.135 
179.000 -0.137 
180.000 -0.142 
181.000 -0.147 
182.000 -0.152 
183.000 -0.155 
184.000 -0.156 
185.000 -0.155 
186.000 -0.153 
187.000 -0.149 
188.000 -0.146 
189.000 -0.143 
190.000 -0.141 
191.000 -0.141 
192.000 -0.141 
193.000 -0.144 
194.000 -0.146 
195.000 -0.149 
196.000 -0.151 
197.000 -0.153 
198.000 -0.153 
199.000 -0.152 
200.000 -0.151 
201.000 -0.149 
202.000 -0.147 
203.000 -0.145 
204.000 -0.145 
205.000 -0.145 
206.000 -0.146 
207.000 -0.147 
208.000 -0.149 
209.000 -0.150 
210.000 -0.151 
211.000 -0.152 
212.000 -0.152 
213.000 -0.151 
214.000 -0.150 
215.000 -0.149 
216.000 -0.148 
217.000 -0.148 
218.000 -0.148 
219.000 -0.148 
220.000 -0.148 
221.000 -0.149 
222.000 -0.150 
223.000 -0.151 
224.000 -0.151 
225.000 -0.152 
226.000 -0.151 
227.000 -0.151 
228.000 -0.151 
229.000 -0.150 
230.000 -0.150 
231.000 -0.150 
232.000 -0.150 
233.000 -0.150 
234.000 -0.150 
235.000 -0.151 
236.000 -0.151 
237.000 -0.152 
238.000 -0.152 
239.000 -0.152 
240.000 -0.152 
241.000 1.000 
242.000 0.077 
243.000 0.820 
244.000 0.080 
245.000 0.825 
246.000 -0.045 
247.000 0.013 
248.000 -0.639 
249.000 -0.722 
250.000 -1.000 
251.000 -0.861 
252.000 -0.320 
253.000 0.416 
254.000 0.360 
255.000 0.496 
256.000 0.298 
257.000 0.574 
258.000 0.146 
259.000 0.501 
260.000 -0.070 
261.000 -0.341 
262.000 -0.919 
263.000 -0.954 
264.000 -1.000 
265.000 -0.631 
266.000 0.184 
267.000 0.545 
268.000 0.251 
269.000 0.650 
270.000 0.149 
271.000 0.792 
272.000 0.048 
273.000 0.395 
274.000 -0.173 
275.000 -0.457 
276.000 -1.000 
277.000 -0.947 
278.000 -0.999 
279.000 -0.270 
280.000 0.426 
281.000 0.374 
282.000 0.489 
283.000 0.321 
284.000 0.555 
285.000 0.189 
286.000 0.486 
287.000 -0.050 
288.000 -0.335 
289.000 -0.912 
290.000 -1.000 
291.000 -1.000 
292.000 -0.707 
293.000 0.157 
294.000 0.577 
295.000 0.225 
296.000 0.692 
297.000 0.163 
298.000 0.778 
299.000 0.067 
300.000 0.448 
301.000 -0.144 
302.000 -0.451 
303.000 -1.000 
304.000 -0.983 
305.000 -1.000 
306.000 -0.380 
307.000 0.389 
308.000 0.426 
309.000 0.430 
310.000 0.413 
311.000 0.430 
312.000 0.389 
313.000 0.290 
314.000 0.076 
315.000 -0.302 
316.000 -0.825 
317.000 -1.000 
318.000 -1.000 
319.000 -0.919 
320.000 0.019 
321.000 0.643 
322.000 0.208 
323.000 0.720 
324.000 0.179 
325.000 0.763 
326.000 0.099 
327.000 0.514 
328.000 -0.112 
329.000 -0.412 
330.000 -1.000 
331.000 -1.000 
332.000 -1.000 
333.000 -0.540 
334.000 0.311 
335.000 0.506 
336.000 0.335 
337.000 0.550 
338.000 0.246 
339.000 0.662 
340.000 0.056 
341.000 0.324 
342.000 -0.192 
343.000 -0.590 
344.000 -1.000 
345.000 -0.949 
346.000 -0.885 
347.000 -0.125 
348.000 0.568 
349.000 0.253 
350.000 0.665 
351.000 0.190 
352.000 0.747 
353.000 0.123 
354.000 0.543 
355.000 -0.085 
356.000 -0.322 
357.000 -0.981 
358.000 -0.999 
359.000 -1.000 
360.000 -0.612 
361.000 1.000 
362.000 0.456 
363.000 0.590 
364.000 0.457 
365.000 0.569 
366.000 0.400 
367.000 0.459 
368.000 0.292 
369.000 0.480 
370.000 -0.002 
371.000 -0.092 
372.000 -0.370 
373.000 -0.264 
374.000 -0.324 
375.000 0.623 
376.000 0.394 
377.000 0.663 
378.000 0.495 
379.000 0.565 
380.000 0.459 
381.000 0.466 
382.000 0.359 
383.000 0.442 
384.000 0.146 
385.000 0.062 
386.000 -0.241 
387.000 -0.335 
388.000 -0.410 
389.000 0.170 
390.000 0.801 
391.000 0.474 
392.000 0.624 
393.000 0.518 
394.000 0.585 
395.000 0.398 
396.000 0.492 
397.000 0.275 
398.000 0.452 
399.000 -0.005 
400.000 -0.203 
401.000 -0.493 
402.000 -0.311 
403.000 -0.275 
404.000 0.738 
405.000 0.492 
406.000 0.643 
407.000 0.562 
408.000 0.564 
409.000 0.497 
410.000 0.431 
411.000 0.413 
412.000 0.360 
413.000 0.145 
414.000 -0.130 
415.000 -0.439 
416.000 -0.542 
417.000 -0.442 
418.000 0.248 
419.000 0.775 
420.000 0.587 
421.000 0.604 
422.000 0.576 
423.000 0.591 
424.000 0.439 
425.000 0.462 
426.000 0.337 
427.000 0.345 
428.000 -0.019 
429.000 -0.397 
430.000 -0.642 
431.000 -0.542 
432.000 -0.309 
433.000 0.854 
434.000 0.596 
435.000 0.639 
436.000 0.618 
437.000 0.596 
438.000 0.517 
439.000 0.422 
440.000 0.430 
441.000 0.310 
442.000 0.059 
443.000 -0.393 
444.000 -0.675 
445.000 -0.755 
446.000 -0.491 
447.000 0.537 
448.000 0.652 
449.000 0.669 
450.000 0.651 
451.000 0.627 
452.000 0.607 
453.000 0.445 
454.000 0.467 
455.000 0.330 
456.000 0.245 
457.000 -0.181 
458.000 -0.673 
459.000 -0.892 
460.000 -0.712 
461.000 -0.173 
462.000 1.000 
463.000 0.694 
464.000 0.696 
465.000 0.667 
466.000 0.658 
467.000 0.535 
468.000 0.390 
469.000 0.452 
470.000 0.153 
471.000 -0.286 
472.000 -0.979 
473.000 -1.000 
474.000 -1.000 
475.000 -0.301 
476.000 1.000 
477.000 0.744 
478.000 0.728 
479.000 0.693 
480.000 0.680 
481.000 1.000 
482.000 1.000 
483.000 1.000 
484.000 1.000 
485.000 0.949 
486.000 0.787 
487.000 0.601 
488.000 0.433 
489.000 0.484 
490.000 0.333 
491.000 0.508 
492.000 0.363 
493.000 0.708 
494.000 0.714 
495.000 0.985 
496.000 1.000 
497.000 1.000 
498.000 1.000 
499.000 1.000 
500.000 1.000 
501.000 0.845 
502.000 0.681 
503.000 0.529 
504.000 0.464 
505.000 0.435 
506.000 0.399 
507.000 0.416 
508.000 0.628 
509.000 0.690 
510.000 0.907 
511.000 1.000 
512.000 1.000 
513.000 1.000 
514.000 1.000 
515.000 1.000 
516.000 0.957 
517.000 0.792 
518.000 0.639 
519.000 0.500 
520.000 0.479 
521.000 0.425 
522.000 0.360 
523.000 0.478 
524.000 0.669 
525.000 0.799 
526.000 1.000 
527.000 1.000 
528.000 1.000 
529.000 1.000 
530.000 1.000 
531.000 1.000 
532.000 0.944 
533.000 0.785 
534.000 0.639 
535.000 0.507 
536.000 0.484 
537.000 0.413 
538.000 0.337 
539.000 0.467 
540.000 0.715 
541.000 0.850 
542.000 1.000 
543.000 1.000 
544.000 1.000 
545.000 1.000 
546.000 1.000 
547.000 1.000 
548.000 0.995 
549.000 0.837 
550.000 0.692 
551.000 0.561 
552.000 0.480 
553.000 0.452 
554.000 0.311 
555.000 0.318 
556.000 0.685 
557.000 0.813 
558.000 1.000 
559.000 1.000 
560.000 1.000 
561.000 1.000 
562.000 1.000 
563.000 1.000 
564.000 1.000 
565.000 0.976 
566.000 0.823 
567.000 0.684 
568.000 0.560 
569.000 0.487 
570.000 0.412 
571.000 0.277 
572.000 0.282 
573.000 0.715 
574.000 0.869 
575.000 1.000 
576.000 1.000 
577.000 1.000 
578.000 1.000 
579.000 1.000 
580.000 1.000 
581.000 1.000 
582.000 1.000 
583.000 0.902 
584.000 0.760 
585.000 0.634 
586.000 0.522 
587.000 0.480 
588.000 0.333 
589.000 0.196 
590.000 0.350 
591.000 0.872 
592.000 1.000 
593.000 1.000 
594.000 1.000 
595.000 1.000 
596.000 1.000 
597.000 1.000 
598.000 1.000 
599.000 1.000 
600.000 1.000 
601.000 1.000 
602.000 1.000 
603.000 1.000 
604.000 1.000 
605.000 1.000 
606.000 1.000 
607.000 1.000 
608.000 1.000 
609.000 1.000 
610.000 1.000 
611.000 0.978 
612.000 0.960 
613.000 0.948 
614.000 0.939 
615.000 0.933 
616.000 0.939 
617.000 0.957 
618.000 0.983 
619.000 1.000 
620.000 1.000 
621.000 1.000 
622.000 1.000 
623.000 1.000 
624.000 1.000 
625.000 1.000 
626.000 1.000 
627.000 1.000 
628.000 1.000 
629.000 1.000 
630.000 1.000 
631.000 1.000 
632.000 0.997 
633.000 0.992 
634.000 0.987 
635.000 0.983 
636.000 0.980 
637.000 0.979 
638.000 0.981 
639.000 0.986 
640.000 0.993 
641.000 1.000 
642.000 1.000 
643.000 1.000 
644.000 1.000 
645.000 1.000 
646.000 1.000 
647.000 1.000 
648.000 1.000 
649.000 1.000 
650.000 1.000 
651.000 0.997 
652.000 0.994 
653.000 0.991 
654.000 0.989 
655.000 0.987 
656.000 0.987 
657.000 0.988 
658.000 0.991 
659.000 0.996 
660.000 1.000 
661.000 1.000 
662.000 1.000 
663.000 1.000 
664.000 1.000 
665.000 1.000 
666.000 1.000 
667.000 1.000 
668.000 1.000 
669.000 0.999 
670.000 0.996 
671.000 0.994 
672.000 0.993 
673.000 0.991 
674.000 0.991 
675.000 0.991 
676.000 0.993 
677.000 0.996 
678.000 1.000 
679.000 1.000 
680.000 1.000 
681.000 1.000 
682.000 1.000 
683.000 1.000 
684.000 1.000 
685.000 1.000 
686.000 1.000 
687.000 0.999 
688.000 0.998 
689.000 0.996 
690.000 0.995 
691.000 0.994 
692.000 0.993 
693.000 0.993 
694.000 0.995 
695.000 0.997 
696.000 0.999 
697.000 1.000 
698.000 1.000 
699.000 1.000 
700.000 1.000 
701.000 1.000 
702.000 1.000 
703.000 1.000 
704.000 1.000 
705.000 1.000 
706.000 0.998 
707.000 0.997 
708.000 0.996 
709.000 0.995 
710.000 0.995 
711.000 0.995 
712.000 0.996 
713.000 0.997 
714.000 0.999 
715.000 1.000 
716.000 1.000 
717.000 1.000 
718.000 1.000 
719.000 1.000 
720.000 1.000 
721.000 1.000 
722.000 1.000 
723.000 1.000 
724.000 0.999 
725.000 0.998 
726.000 0.997 
727.000 0.997 
728.000 0.996 
729.000 0.996 
730.000 0.997 
731.000 0.998 
732.000 0.999 
733.000 1.000 
734.000 1.000 
735.000 1.000 
736.000 1.000 
737.000 1.000 
738.000 1.000 
739.000 1.000 
740.000 1.000 
741.000 1.000 
742.000 0.999 
743.000 0.999 
744.000 0.998 
745.000 0.998 
746.000 0.997 
747.000 0.997 
748.000 0.997 
749.000 0.998 
750.000 0.999 
751.000 1.000 
752.000 1.000 
753.000 1.000 
754.000 1.000 
755.000 1.000 
756.000 1.000 
757.000 1.000 
758.000 1.000 
759.000 1.000 
760.000 1.000 
761.000 0.999 
762.000 0.999 
763.000 0.998 
764.000 0.998 
765.000 0.998 
766.000 0.998 
767.000 0.999 
768.000 0.999 
769.000 1.000 
770.000 1.000 
771.000 1.000 
772.000 1.000 
773.000 1.000 
774.000 1.000 
775.000 1.000 
776.000 1.000 
777.000 1.000 
778.000 1.000 
779.000 0.999 
780.000 0.999 
781.000 0.999 
782.000 0.999 
783.000 0.998 
784.000 0.999 
785.000 0.999 
786.000 0.999 
787.000 1.000 
788.000 1.000 
789.000 1.000 
790.000 1.000 
791.000 1.000 
792.000 1.000 
793.000 1.000 
794.000 1.000 
795.000 1.000 
796.000 1.000 
797.000 1.000 
798.000 0.999 
799.000 0.999 
800.000 0.999 
