1.000 0.000 
2.000 0.000 
3.000 0.000 
4.000 0.000 
5.000 0.000 
6.000 0.000 
7.000 -0.819 
8.000 -0.433 
9.000 -0.435 
10.000 -0.437 
11.000 -0.440 
12.000 -0.226 
13.000 -0.080 
14.000 -0.088 
15.000 -0.086 
16.000 -0.084 
17.000 -0.077 
18.000 -0.126 
19.000 -0.202 
20.000 -0.249 
21.000 -0.277 
22.000 -0.295 
23.000 -0.296 
24.000 -0.267 
25.000 -0.228 
26.000 -0.196 
27.000 -0.174 
28.000 -0.160 
29.000 -0.155 
30.000 -0.160 
31.000 -0.174 
32.000 -0.192 
33.000 -0.209 
34.000 -0.223 
35.000 -0.232 
36.000 -0.234 
37.000 -0.230 
38.000 -0.221 
39.000 -0.212 
40.000 -0.204 
41.000 -0.198 
42.000 -0.195 
43.000 -0.195 
44.000 -0.199 
45.000 -0.204 
46.000 -0.209 
47.000 -0.214 
48.000 -0.218 
49.000 -0.220 
50.000 -0.220 
51.000 -0.219 
52.000 -0.217 
53.000 -0.215 
54.000 -0.213 
55.000 -0.212 
56.000 -0.212 
57.000 -0.213 
58.000 -0.214 
59.000 -0.216 
60.000 -0.218 
61.000 -0.220 
62.000 -0.221 
63.000 -0.221 
64.000 -0.222 
65.000 -0.222 
66.000 -0.221 
67.000 -0.221 
68.000 -0.221 
69.000 -0.221 
70.000 -0.222 
71.000 -0.223 
72.000 -0.223 
73.000 -0.224 
74.000 -0.225 
75.000 -0.226 
76.000 -0.226 
77.000 -0.227 
78.000 -0.227 
79.000 -0.228 
80.000 -0.228 
81.000 -0.228 
82.000 -0.229 
83.000 -0.229 
84.000 -0.230 
85.000 -0.230 
86.000 -0.231 
87.000 -0.231 
88.000 -0.232 
89.000 -0.232 
90.000 -0.233 
91.000 -0.233 
92.000 -0.234 
93.000 -0.234 
94.000 -0.235 
95.000 -0.235 
96.000 -0.236 
97.000 -0.236 
98.000 -0.237 
99.000 -0.237 
100.000 -0.238 
101.000 -0.238 
102.000 -0.239 
103.000 -0.239 
104.000 -0.240 
105.000 -0.240 
106.000 -0.240 
107.000 -0.241 
108.000 -0.241 
109.000 -0.242 
110.000 -0.242 
111.000 -0.243 
112.000 -0.243 
113.000 -0.244 
114.000 -0.244 
115.000 -0.245 
116.000 -0.245 
117.000 -0.246 
118.000 -0.246 
119.000 -0.247 
120.000 -0.247 
121.000 0.103 
122.000 -0.057 
123.000 -0.062 
124.000 -0.062 
125.000 -0.061 
126.000 -0.097 
127.000 -0.207 
128.000 -0.228 
129.000 -0.236 
130.000 -0.239 
131.000 -0.229 
132.000 -0.187 
133.000 -0.136 
134.000 -0.104 
135.000 -0.087 
136.000 -0.078 
137.000 -0.078 
138.000 -0.093 
139.000 -0.121 
140.000 -0.151 
141.000 -0.176 
142.000 -0.195 
143.000 -0.201 
144.000 -0.193 
145.000 -0.175 
146.000 -0.152 
147.000 -0.130 
148.000 -0.114 
149.000 -0.105 
150.000 -0.103 
151.000 -0.110 
152.000 -0.123 
153.000 -0.140 
154.000 -0.156 
155.000 -0.169 
156.000 -0.175 
157.000 -0.174 
158.000 -0.166 
159.000 -0.154 
160.000 -0.142 
161.000 -0.131 
162.000 -0.123 
163.000 -0.121 
164.000 -0.123 
165.000 -0.129 
166.000 -0.138 
167.000 -0.148 
168.000 -0.156 
169.000 -0.161 
170.000 -0.162 
171.000 -0.159 
172.000 -0.154 
173.000 -0.147 
174.000 -0.140 
175.000 -0.135 
176.000 -0.132 
177.000 -0.132 
178.000 -0.135 
179.000 -0.140 
180.000 -0.145 
181.000 -0.150 
182.000 -0.154 
183.000 -0.155 
184.000 -0.155 
185.000 -0.152 
186.000 -0.148 
187.000 -0.145 
188.000 -0.141 
189.000 -0.139 
190.000 -0.139 
191.000 -0.140 
192.000 -0.142 
193.000 -0.145 
194.000 -0.148 
195.000 -0.150 
196.000 -0.152 
197.000 -0.152 
198.000 -0.151 
199.000 -0.149 
200.000 -0.147 
201.000 -0.145 
202.000 -0.144 
203.000 -0.143 
204.000 -0.144 
205.000 -0.145 
206.000 -0.146 
207.000 -0.148 
208.000 -0.149 
209.000 -0.150 
210.000 -0.151 
211.000 -0.150 
212.000 -0.150 
213.000 -0.149 
214.000 -0.148 
215.000 -0.147 
216.000 -0.146 
217.000 -0.146 
218.000 -0.147 
219.000 -0.147 
220.000 -0.148 
221.000 -0.149 
222.000 -0.150 
223.000 -0.150 
224.000 -0.150 
225.000 -0.150 
226.000 -0.150 
227.000 -0.149 
228.000 -0.149 
229.000 -0.148 
230.000 -0.148 
231.000 -0.148 
232.000 -0.149 
233.000 -0.149 
234.000 -0.150 
235.000 -0.150 
236.000 -0.151 
237.000 -0.151 
238.000 -0.151 
239.000 -0.151 
240.000 -0.150 
241.000 1.000 
242.000 0.078 
243.000 0.800 
244.000 0.081 
245.000 0.805 
246.000 -0.037 
247.000 -0.026 
248.000 -0.677 
249.000 -0.720 
250.000 -1.000 
251.000 -0.829 
252.000 -0.224 
253.000 0.498 
254.000 0.273 
255.000 0.614 
256.000 0.145 
257.000 0.793 
258.000 0.093 
259.000 0.484 
260.000 -0.097 
261.000 -0.298 
262.000 -0.957 
263.000 -0.935 
264.000 -1.000 
265.000 -0.491 
266.000 0.263 
267.000 0.500 
268.000 0.307 
269.000 0.569 
270.000 0.191 
271.000 0.727 
272.000 0.037 
273.000 0.262 
274.000 -0.251 
275.000 -0.573 
276.000 -1.000 
277.000 -0.922 
278.000 -0.771 
279.000 0.018 
280.000 0.597 
281.000 0.175 
282.000 0.757 
283.000 0.153 
284.000 0.788 
285.000 0.079 
286.000 0.461 
287.000 -0.127 
288.000 -0.450 
289.000 -1.000 
290.000 -1.000 
291.000 -1.000 
292.000 -0.414 
293.000 0.395 
294.000 0.409 
295.000 0.442 
296.000 0.388 
297.000 0.457 
298.000 0.346 
299.000 0.326 
300.000 0.041 
301.000 -0.334 
302.000 -0.859 
303.000 -1.000 
304.000 -1.000 
305.000 -0.831 
306.000 0.128 
307.000 0.608 
308.000 0.191 
309.000 0.740 
310.000 0.166 
311.000 0.777 
312.000 0.086 
313.000 0.465 
314.000 -0.122 
315.000 -0.457 
316.000 -1.000 
317.000 -1.000 
318.000 -1.000 
319.000 -0.422 
320.000 0.410 
321.000 0.408 
322.000 0.452 
323.000 0.383 
324.000 0.471 
325.000 0.333 
326.000 0.354 
327.000 0.040 
328.000 -0.320 
329.000 -0.857 
330.000 -1.000 
331.000 -1.000 
332.000 -0.846 
333.000 0.126 
334.000 0.623 
335.000 0.201 
336.000 0.728 
337.000 0.177 
338.000 0.766 
339.000 0.096 
340.000 0.468 
341.000 -0.113 
342.000 -0.456 
343.000 -1.000 
344.000 -1.000 
345.000 -1.000 
346.000 -0.437 
347.000 0.418 
348.000 0.412 
349.000 0.453 
350.000 0.389 
351.000 0.468 
352.000 0.345 
353.000 0.355 
354.000 0.052 
355.000 -0.304 
356.000 -0.845 
357.000 -1.000 
358.000 -1.000 
359.000 -0.875 
360.000 0.109 
361.000 1.000 
362.000 0.443 
363.000 0.583 
364.000 0.442 
365.000 0.602 
366.000 0.306 
367.000 0.564 
368.000 0.102 
369.000 0.524 
370.000 -0.081 
371.000 -0.160 
372.000 -0.482 
373.000 0.149 
374.000 0.167 
375.000 0.798 
376.000 0.414 
377.000 0.632 
378.000 0.486 
379.000 0.540 
380.000 0.378 
381.000 0.489 
382.000 0.253 
383.000 0.344 
384.000 -0.019 
385.000 -0.208 
386.000 -0.448 
387.000 -0.195 
388.000 0.035 
389.000 0.958 
390.000 0.444 
391.000 0.631 
392.000 0.507 
393.000 0.568 
394.000 0.392 
395.000 0.484 
396.000 0.276 
397.000 0.335 
398.000 -0.034 
399.000 -0.292 
400.000 -0.529 
401.000 -0.306 
402.000 -0.049 
403.000 1.000 
404.000 0.489 
405.000 0.622 
406.000 0.535 
407.000 0.573 
408.000 0.421 
409.000 0.459 
410.000 0.325 
411.000 0.293 
412.000 -0.041 
413.000 -0.376 
414.000 -0.585 
415.000 -0.449 
416.000 -0.107 
417.000 1.000 
418.000 0.530 
419.000 0.619 
420.000 0.559 
421.000 0.581 
422.000 0.448 
423.000 0.444 
424.000 0.363 
425.000 0.283 
426.000 -0.032 
427.000 -0.428 
428.000 -0.628 
429.000 -0.557 
430.000 -0.190 
431.000 1.000 
432.000 0.561 
433.000 0.624 
434.000 0.584 
435.000 0.587 
436.000 0.478 
437.000 0.430 
438.000 0.399 
439.000 0.269 
440.000 -0.022 
441.000 -0.479 
442.000 -0.669 
443.000 -0.659 
444.000 -0.257 
445.000 0.987 
446.000 0.591 
447.000 0.632 
448.000 0.610 
449.000 0.600 
450.000 0.500 
451.000 0.428 
452.000 0.419 
453.000 0.272 
454.000 -0.016 
455.000 -0.528 
456.000 -0.727 
457.000 -0.749 
458.000 -0.343 
459.000 0.936 
460.000 0.619 
461.000 0.653 
462.000 0.635 
463.000 0.621 
464.000 0.539 
465.000 0.418 
466.000 0.452 
467.000 0.269 
468.000 0.000 
469.000 -0.594 
470.000 -0.802 
471.000 -0.881 
472.000 -0.461 
473.000 0.831 
474.000 0.648 
475.000 0.681 
476.000 0.662 
477.000 0.643 
478.000 0.589 
479.000 0.418 
480.000 0.482 
481.000 1.000 
482.000 0.990 
483.000 0.934 
484.000 0.969 
485.000 1.000 
486.000 0.879 
487.000 0.705 
488.000 0.559 
489.000 0.464 
490.000 0.452 
491.000 0.403 
492.000 0.480 
493.000 0.484 
494.000 0.642 
495.000 0.747 
496.000 0.937 
497.000 1.000 
498.000 1.000 
499.000 1.000 
500.000 1.000 
501.000 0.952 
502.000 0.797 
503.000 0.642 
504.000 0.498 
505.000 0.474 
506.000 0.418 
507.000 0.410 
508.000 0.476 
509.000 0.605 
510.000 0.699 
511.000 0.906 
512.000 1.000 
513.000 1.000 
514.000 1.000 
515.000 1.000 
516.000 1.000 
517.000 0.917 
518.000 0.761 
519.000 0.613 
520.000 0.478 
521.000 0.487 
522.000 0.405 
523.000 0.374 
524.000 0.537 
525.000 0.641 
526.000 0.790 
527.000 1.000 
528.000 1.000 
529.000 1.000 
530.000 1.000 
531.000 1.000 
532.000 1.000 
533.000 0.914 
534.000 0.762 
535.000 0.620 
536.000 0.491 
537.000 0.488 
538.000 0.386 
539.000 0.347 
540.000 0.522 
541.000 0.680 
542.000 0.829 
543.000 1.000 
544.000 1.000 
545.000 1.000 
546.000 1.000 
547.000 1.000 
548.000 1.000 
549.000 0.975 
550.000 0.822 
551.000 0.680 
552.000 0.551 
553.000 0.481 
554.000 0.436 
555.000 0.314 
556.000 0.362 
557.000 0.731 
558.000 0.784 
559.000 1.000 
560.000 1.000 
561.000 1.000 
562.000 1.000 
563.000 1.000 
564.000 1.000 
565.000 1.000 
566.000 0.932 
567.000 0.786 
568.000 0.652 
569.000 0.531 
570.000 0.490 
571.000 0.376 
572.000 0.274 
573.000 0.398 
574.000 0.773 
575.000 0.869 
576.000 1.000 
577.000 1.000 
578.000 1.000 
579.000 1.000 
580.000 1.000 
581.000 1.000 
582.000 1.000 
583.000 0.978 
584.000 0.832 
585.000 0.698 
586.000 0.578 
587.000 0.491 
588.000 0.404 
589.000 0.251 
590.000 0.220 
591.000 0.666 
592.000 0.837 
593.000 1.000 
594.000 1.000 
595.000 1.000 
596.000 1.000 
597.000 1.000 
598.000 1.000 
599.000 1.000 
600.000 1.000 
601.000 1.000 
602.000 1.000 
603.000 1.000 
604.000 1.000 
605.000 1.000 
606.000 1.000 
607.000 1.000 
608.000 1.000 
609.000 1.000 
610.000 0.987 
611.000 0.958 
612.000 0.936 
613.000 0.919 
614.000 0.906 
615.000 0.903 
616.000 0.915 
617.000 0.941 
618.000 0.978 
619.000 1.000 
620.000 1.000 
621.000 1.000 
622.000 1.000 
623.000 1.000 
624.000 1.000 
625.000 1.000 
626.000 1.000 
627.000 1.000 
628.000 1.000 
629.000 1.000 
630.000 0.999 
631.000 0.988 
632.000 0.978 
633.000 0.969 
634.000 0.962 
635.000 0.956 
636.000 0.956 
637.000 0.963 
638.000 0.974 
639.000 0.989 
640.000 1.000 
641.000 1.000 
642.000 1.000 
643.000 1.000 
644.000 1.000 
645.000 1.000 
646.000 1.000 
647.000 1.000 
648.000 1.000 
649.000 0.998 
650.000 0.990 
651.000 0.984 
652.000 0.978 
653.000 0.973 
654.000 0.970 
655.000 0.971 
656.000 0.976 
657.000 0.983 
658.000 0.994 
659.000 1.000 
660.000 1.000 
661.000 1.000 
662.000 1.000 
663.000 1.000 
664.000 1.000 
665.000 1.000 
666.000 1.000 
667.000 1.000 
668.000 0.995 
669.000 0.990 
670.000 0.986 
671.000 0.982 
672.000 0.979 
673.000 0.978 
674.000 0.980 
675.000 0.985 
676.000 0.991 
677.000 1.000 
678.000 1.000 
679.000 1.000 
680.000 1.000 
681.000 1.000 
682.000 1.000 
683.000 1.000 
684.000 1.000 
685.000 1.000 
686.000 0.998 
687.000 0.994 
688.000 0.990 
689.000 0.987 
690.000 0.985 
691.000 0.983 
692.000 0.984 
693.000 0.987 
694.000 0.992 
695.000 0.998 
696.000 1.000 
697.000 1.000 
698.000 1.000 
699.000 1.000 
700.000 1.000 
701.000 1.000 
702.000 1.000 
703.000 1.000 
704.000 0.999 
705.000 0.996 
706.000 0.994 
707.000 0.991 
708.000 0.989 
709.000 0.988 
710.000 0.988 
711.000 0.989 
712.000 0.992 
713.000 0.996 
714.000 1.000 
715.000 1.000 
716.000 1.000 
717.000 1.000 
718.000 1.000 
719.000 1.000 
720.000 1.000 
721.000 1.000 
722.000 1.000 
723.000 0.998 
724.000 0.996 
725.000 0.994 
726.000 0.992 
727.000 0.991 
728.000 0.991 
729.000 0.991 
730.000 0.993 
731.000 0.996 
732.000 0.999 
733.000 1.000 
734.000 1.000 
735.000 1.000 
736.000 1.000 
737.000 1.000 
738.000 1.000 
739.000 1.000 
740.000 1.000 
741.000 0.999 
742.000 0.998 
743.000 0.996 
744.000 0.995 
745.000 0.994 
746.000 0.993 
747.000 0.993 
748.000 0.994 
749.000 0.996 
750.000 0.999 
751.000 1.000 
752.000 1.000 
753.000 1.000 
754.000 1.000 
755.000 1.000 
756.000 1.000 
757.000 1.000 
758.000 1.000 
759.000 1.000 
760.000 0.999 
761.000 0.997 
762.000 0.996 
763.000 0.995 
764.000 0.995 
765.000 0.995 
766.000 0.995 
767.000 0.996 
768.000 0.998 
769.000 1.000 
770.000 1.000 
771.000 1.000 
772.000 1.000 
773.000 1.000 
774.000 1.000 
775.000 1.000 
776.000 1.000 
777.000 1.000 
778.000 0.999 
779.000 0.998 
780.000 0.998 
781.000 0.997 
782.000 0.996 
783.000 0.996 
784.000 0.996 
785.000 0.997 
786.000 0.998 
787.000 1.000 
788.000 1.000 
789.000 1.000 
790.000 1.000 
791.000 1.000 
792.000 1.000 
793.000 1.000 
794.000 1.000 
795.000 1.000 
796.000 1.000 
797.000 0.999 
798.000 0.998 
799.000 0.998 
800.000 0.997 
