1.000 0.000 
2.000 0.000 
3.000 0.000 
4.000 0.000 
5.000 0.000 
6.000 0.000 
7.000 -0.297 
8.000 -0.096 
9.000 -0.096 
10.000 -0.097 
11.000 -0.097 
12.000 -0.061 
13.000 -0.036 
14.000 -0.048 
15.000 -0.056 
16.000 -0.060 
17.000 -0.065 
18.000 -0.074 
19.000 -0.080 
20.000 -0.080 
21.000 -0.079 
22.000 -0.077 
23.000 -0.074 
24.000 -0.072 
25.000 -0.070 
26.000 -0.070 
27.000 -0.070 
28.000 -0.071 
29.000 -0.073 
30.000 -0.074 
31.000 -0.075 
32.000 -0.075 
33.000 -0.075 
34.000 -0.075 
35.000 -0.075 
36.000 -0.075 
37.000 -0.075 
38.000 -0.075 
39.000 -0.075 
40.000 -0.076 
41.000 -0.076 
42.000 -0.076 
43.000 -0.077 
44.000 -0.077 
45.000 -0.077 
46.000 -0.077 
47.000 -0.077 
48.000 -0.078 
49.000 -0.078 
50.000 -0.078 
51.000 -0.078 
52.000 -0.078 
53.000 -0.079 
54.000 -0.079 
55.000 -0.079 
56.000 -0.079 
57.000 -0.079 
58.000 -0.080 
59.000 -0.080 
60.000 -0.080 
61.000 -0.080 
62.000 -0.080 
63.000 -0.081 
64.000 -0.081 
65.000 -0.081 
66.000 -0.081 
67.000 -0.081 
68.000 -0.082 
69.000 -0.082 
70.000 -0.082 
71.000 -0.082 
72.000 -0.082 
73.000 -0.083 
74.000 -0.083 
75.000 -0.083 
76.000 -0.083 
77.000 -0.083 
78.000 -0.084 
79.000 -0.084 
80.000 -0.084 
81.000 -0.084 
82.000 -0.084 
83.000 -0.085 
84.000 -0.085 
85.000 -0.085 
86.000 -0.085 
87.000 -0.085 
88.000 -0.086 
89.000 -0.086 
90.000 -0.086 
91.000 -0.086 
92.000 -0.086 
93.000 -0.087 
94.000 -0.087 
95.000 -0.087 
96.000 -0.087 
97.000 -0.087 
98.000 -0.088 
99.000 -0.088 
100.000 -0.088 
101.000 -0.088 
102.000 -0.088 
103.000 -0.089 
104.000 -0.089 
105.000 -0.089 
106.000 -0.089 
107.000 -0.089 
108.000 -0.090 
109.000 -0.090 
110.000 -0.090 
111.000 -0.090 
112.000 -0.090 
113.000 -0.091 
114.000 -0.091 
115.000 -0.091 
116.000 -0.091 
117.000 -0.091 
118.000 -0.092 
119.000 -0.092 
120.000 -0.092 
121.000 0.035 
122.000 -0.054 
123.000 -0.051 
124.000 -0.051 
125.000 -0.051 
126.000 -0.064 
127.000 -0.076 
128.000 -0.071 
129.000 -0.068 
130.000 -0.066 
131.000 -0.064 
132.000 -0.060 
133.000 -0.058 
134.000 -0.058 
135.000 -0.059 
136.000 -0.060 
137.000 -0.061 
138.000 -0.063 
139.000 -0.063 
140.000 -0.064 
141.000 -0.064 
142.000 -0.063 
143.000 -0.063 
144.000 -0.063 
145.000 -0.062 
146.000 -0.062 
147.000 -0.063 
148.000 -0.063 
149.000 -0.063 
150.000 -0.063 
151.000 -0.063 
152.000 -0.064 
153.000 -0.064 
154.000 -0.064 
155.000 -0.064 
156.000 -0.064 
157.000 -0.064 
158.000 -0.064 
159.000 -0.064 
160.000 -0.064 
161.000 -0.064 
162.000 -0.064 
163.000 -0.064 
164.000 -0.065 
165.000 -0.065 
166.000 -0.065 
167.000 -0.065 
168.000 -0.065 
169.000 -0.065 
170.000 -0.065 
171.000 -0.065 
172.000 -0.065 
173.000 -0.065 
174.000 -0.065 
175.000 -0.065 
176.000 -0.066 
177.000 -0.066 
178.000 -0.066 
179.000 -0.066 
180.000 -0.066 
181.000 -0.066 
182.000 -0.066 
183.000 -0.066 
184.000 -0.066 
185.000 -0.066 
186.000 -0.066 
187.000 -0.067 
188.000 -0.067 
189.000 -0.067 
190.000 -0.067 
191.000 -0.067 
192.000 -0.067 
193.000 -0.067 
194.000 -0.067 
195.000 -0.067 
196.000 -0.067 
197.000 -0.067 
198.000 -0.067 
199.000 -0.068 
200.000 -0.068 
201.000 -0.068 
202.000 -0.068 
203.000 -0.068 
204.000 -0.068 
205.000 -0.068 
206.000 -0.068 
207.000 -0.068 
208.000 -0.068 
209.000 -0.068 
210.000 -0.069 
211.000 -0.069 
212.000 -0.069 
213.000 -0.069 
214.000 -0.069 
215.000 -0.069 
216.000 -0.069 
217.000 -0.069 
218.000 -0.069 
219.000 -0.069 
220.000 -0.069 
221.000 -0.069 
222.000 -0.070 
223.000 -0.070 
224.000 -0.070 
225.000 -0.070 
226.000 -0.070 
227.000 -0.070 
228.000 -0.070 
229.000 -0.070 
230.000 -0.070 
231.000 -0.070 
232.000 -0.070 
233.000 -0.070 
234.000 -0.071 
235.000 -0.071 
236.000 -0.071 
237.000 -0.071 
238.000 -0.071 
239.000 -0.071 
240.000 -0.071 
241.000 0.651 
242.000 -0.104 
243.000 0.163 
244.000 0.092 
245.000 0.124 
246.000 0.002 
247.000 0.034 
248.000 0.046 
249.000 0.041 
250.000 0.043 
251.000 0.073 
252.000 0.087 
253.000 0.089 
254.000 0.091 
255.000 0.092 
256.000 0.086 
257.000 0.078 
258.000 0.072 
259.000 0.068 
260.000 0.066 
261.000 0.067 
262.000 0.071 
263.000 0.075 
264.000 0.079 
265.000 0.082 
266.000 0.083 
267.000 0.084 
268.000 0.083 
269.000 0.081 
270.000 0.080 
271.000 0.078 
272.000 0.078 
273.000 0.078 
274.000 0.079 
275.000 0.080 
276.000 0.082 
277.000 0.083 
278.000 0.084 
279.000 0.084 
280.000 0.084 
281.000 0.084 
282.000 0.084 
283.000 0.084 
284.000 0.084 
285.000 0.084 
286.000 0.084 
287.000 0.085 
288.000 0.086 
289.000 0.086 
290.000 0.087 
291.000 0.087 
292.000 0.087 
293.000 0.088 
294.000 0.088 
295.000 0.088 
296.000 0.088 
297.000 0.089 
298.000 0.089 
299.000 0.089 
300.000 0.090 
301.000 0.090 
302.000 0.090 
303.000 0.091 
304.000 0.091 
305.000 0.091 
306.000 0.092 
307.000 0.092 
308.000 0.092 
309.000 0.093 
310.000 0.093 
311.000 0.093 
312.000 0.094 
313.000 0.094 
314.000 0.094 
315.000 0.095 
316.000 0.095 
317.000 0.095 
318.000 0.096 
319.000 0.096 
320.000 0.096 
321.000 0.097 
322.000 0.097 
323.000 0.097 
324.000 0.098 
325.000 0.098 
326.000 0.098 
327.000 0.099 
328.000 0.099 
329.000 0.099 
330.000 0.099 
331.000 0.100 
332.000 0.100 
333.000 0.100 
334.000 0.101 
335.000 0.101 
336.000 0.101 
337.000 0.102 
338.000 0.102 
339.000 0.102 
340.000 0.103 
341.000 0.103 
342.000 0.103 
343.000 0.104 
344.000 0.104 
345.000 0.104 
346.000 0.105 
347.000 0.105 
348.000 0.105 
349.000 0.105 
350.000 0.106 
351.000 0.106 
352.000 0.106 
353.000 0.107 
354.000 0.107 
355.000 0.107 
356.000 0.108 
357.000 0.108 
358.000 0.108 
359.000 0.109 
360.000 0.109 
361.000 0.841 
362.000 0.102 
363.000 0.482 
364.000 0.202 
365.000 0.414 
366.000 0.192 
367.000 0.264 
368.000 0.197 
369.000 0.223 
370.000 0.189 
371.000 0.231 
372.000 0.244 
373.000 0.274 
374.000 0.284 
375.000 0.302 
376.000 0.302 
377.000 0.301 
378.000 0.293 
379.000 0.284 
380.000 0.272 
381.000 0.262 
382.000 0.256 
383.000 0.254 
384.000 0.256 
385.000 0.264 
386.000 0.273 
387.000 0.283 
388.000 0.291 
389.000 0.296 
390.000 0.298 
391.000 0.298 
392.000 0.295 
393.000 0.291 
394.000 0.286 
395.000 0.282 
396.000 0.280 
397.000 0.279 
398.000 0.281 
399.000 0.285 
400.000 0.290 
401.000 0.295 
402.000 0.299 
403.000 0.303 
404.000 0.304 
405.000 0.305 
406.000 0.304 
407.000 0.302 
408.000 0.300 
409.000 0.298 
410.000 0.297 
411.000 0.297 
412.000 0.298 
413.000 0.301 
414.000 0.303 
415.000 0.307 
416.000 0.310 
417.000 0.312 
418.000 0.314 
419.000 0.315 
420.000 0.315 
421.000 0.314 
422.000 0.313 
423.000 0.312 
424.000 0.312 
425.000 0.312 
426.000 0.312 
427.000 0.314 
428.000 0.316 
429.000 0.318 
430.000 0.320 
431.000 0.323 
432.000 0.324 
433.000 0.325 
434.000 0.326 
435.000 0.326 
436.000 0.325 
437.000 0.325 
438.000 0.324 
439.000 0.324 
440.000 0.325 
441.000 0.326 
442.000 0.327 
443.000 0.329 
444.000 0.331 
445.000 0.333 
446.000 0.334 
447.000 0.335 
448.000 0.336 
449.000 0.337 
450.000 0.336 
451.000 0.336 
452.000 0.336 
453.000 0.336 
454.000 0.336 
455.000 0.336 
456.000 0.337 
457.000 0.339 
458.000 0.340 
459.000 0.342 
460.000 0.344 
461.000 0.345 
462.000 0.346 
463.000 0.347 
464.000 0.347 
465.000 0.347 
466.000 0.346 
467.000 0.346 
468.000 0.346 
469.000 0.346 
470.000 0.346 
471.000 0.347 
472.000 0.349 
473.000 0.350 
474.000 0.352 
475.000 0.353 
476.000 0.355 
477.000 0.356 
478.000 0.356 
479.000 0.356 
480.000 0.356 
481.000 0.819 
482.000 0.601 
483.000 0.624 
484.000 0.646 
485.000 0.669 
486.000 0.681 
487.000 0.691 
488.000 0.700 
489.000 0.708 
490.000 0.714 
491.000 0.720 
492.000 0.724 
493.000 0.728 
494.000 0.732 
495.000 0.735 
496.000 0.738 
497.000 0.741 
498.000 0.744 
499.000 0.747 
500.000 0.750 
501.000 0.752 
502.000 0.755 
503.000 0.758 
504.000 0.761 
505.000 0.764 
506.000 0.766 
507.000 0.769 
508.000 0.771 
509.000 0.774 
510.000 0.776 
511.000 0.778 
512.000 0.780 
513.000 0.782 
514.000 0.783 
515.000 0.785 
516.000 0.786 
517.000 0.787 
518.000 0.789 
519.000 0.790 
520.000 0.790 
521.000 0.791 
522.000 0.792 
523.000 0.792 
524.000 0.793 
525.000 0.793 
526.000 0.794 
527.000 0.794 
528.000 0.795 
529.000 0.795 
530.000 0.795 
531.000 0.796 
532.000 0.796 
533.000 0.796 
534.000 0.796 
535.000 0.797 
536.000 0.797 
537.000 0.797 
538.000 0.797 
539.000 0.797 
540.000 0.798 
541.000 0.798 
542.000 0.798 
543.000 0.798 
544.000 0.798 
545.000 0.798 
546.000 0.799 
547.000 0.799 
548.000 0.799 
549.000 0.799 
550.000 0.799 
551.000 0.799 
552.000 0.799 
553.000 0.799 
554.000 0.799 
555.000 0.799 
556.000 0.799 
557.000 0.799 
558.000 0.799 
559.000 0.799 
560.000 0.800 
561.000 0.800 
562.000 0.800 
563.000 0.800 
564.000 0.800 
565.000 0.800 
566.000 0.800 
567.000 0.800 
568.000 0.800 
569.000 0.800 
570.000 0.800 
571.000 0.800 
572.000 0.800 
573.000 0.800 
574.000 0.800 
575.000 0.800 
576.000 0.800 
577.000 0.800 
578.000 0.800 
579.000 0.800 
580.000 0.800 
581.000 0.800 
582.000 0.800 
583.000 0.800 
584.000 0.800 
585.000 0.800 
586.000 0.800 
587.000 0.800 
588.000 0.800 
589.000 0.800 
590.000 0.800 
591.000 0.800 
592.000 0.800 
593.000 0.800 
594.000 0.800 
595.000 0.800 
596.000 0.800 
597.000 0.800 
598.000 0.800 
599.000 0.800 
600.000 0.800 
601.000 1.000 
602.000 0.942 
603.000 0.958 
604.000 0.974 
605.000 0.990 
606.000 1.000 
607.000 1.000 
608.000 1.000 
609.000 1.000 
610.000 1.000 
611.000 1.000 
612.000 1.000 
613.000 1.000 
614.000 1.000 
615.000 1.000 
616.000 1.000 
617.000 1.000 
618.000 1.000 
619.000 1.000 
620.000 1.000 
621.000 1.000 
622.000 1.000 
623.000 1.000 
624.000 1.000 
625.000 1.000 
626.000 1.000 
627.000 1.000 
628.000 1.000 
629.000 1.000 
630.000 1.000 
631.000 1.000 
632.000 1.000 
633.000 1.000 
634.000 1.000 
635.000 1.000 
636.000 1.000 
637.000 1.000 
638.000 1.000 
639.000 1.000 
640.000 1.000 
641.000 1.000 
642.000 1.000 
643.000 1.000 
644.000 1.000 
645.000 1.000 
646.000 1.000 
647.000 1.000 
648.000 1.000 
649.000 1.000 
650.000 1.000 
651.000 1.000 
652.000 1.000 
653.000 1.000 
654.000 1.000 
655.000 1.000 
656.000 1.000 
657.000 1.000 
658.000 1.000 
659.000 1.000 
660.000 1.000 
661.000 1.000 
662.000 1.000 
663.000 1.000 
664.000 1.000 
665.000 1.000 
666.000 1.000 
667.000 1.000 
668.000 1.000 
669.000 1.000 
670.000 1.000 
671.000 1.000 
672.000 1.000 
673.000 1.000 
674.000 1.000 
675.000 1.000 
676.000 1.000 
677.000 1.000 
678.000 1.000 
679.000 1.000 
680.000 1.000 
681.000 1.000 
682.000 1.000 
683.000 1.000 
684.000 1.000 
685.000 1.000 
686.000 1.000 
687.000 1.000 
688.000 1.000 
689.000 1.000 
690.000 1.000 
691.000 1.000 
692.000 1.000 
693.000 1.000 
694.000 1.000 
695.000 1.000 
696.000 1.000 
697.000 1.000 
698.000 1.000 
699.000 1.000 
700.000 1.000 
701.000 1.000 
702.000 1.000 
703.000 1.000 
704.000 1.000 
705.000 1.000 
706.000 1.000 
707.000 1.000 
708.000 1.000 
709.000 1.000 
710.000 1.000 
711.000 1.000 
712.000 1.000 
713.000 1.000 
714.000 1.000 
715.000 1.000 
716.000 1.000 
717.000 1.000 
718.000 1.000 
719.000 1.000 
720.000 1.000 
721.000 1.000 
722.000 1.000 
723.000 1.000 
724.000 1.000 
725.000 1.000 
726.000 1.000 
727.000 1.000 
728.000 1.000 
729.000 1.000 
730.000 1.000 
731.000 1.000 
732.000 1.000 
733.000 1.000 
734.000 1.000 
735.000 1.000 
736.000 1.000 
737.000 1.000 
738.000 1.000 
739.000 1.000 
740.000 1.000 
741.000 1.000 
742.000 1.000 
743.000 1.000 
744.000 1.000 
745.000 1.000 
746.000 1.000 
747.000 1.000 
748.000 1.000 
749.000 1.000 
750.000 1.000 
751.000 1.000 
752.000 1.000 
753.000 1.000 
754.000 1.000 
755.000 1.000 
756.000 1.000 
757.000 1.000 
758.000 1.000 
759.000 1.000 
760.000 1.000 
761.000 1.000 
762.000 1.000 
763.000 1.000 
764.000 1.000 
765.000 1.000 
766.000 1.000 
767.000 1.000 
768.000 1.000 
769.000 1.000 
770.000 1.000 
771.000 1.000 
772.000 1.000 
773.000 1.000 
774.000 1.000 
775.000 1.000 
776.000 1.000 
777.000 1.000 
778.000 1.000 
779.000 1.000 
780.000 1.000 
781.000 1.000 
782.000 1.000 
783.000 1.000 
784.000 1.000 
785.000 1.000 
786.000 1.000 
787.000 1.000 
788.000 1.000 
789.000 1.000 
790.000 1.000 
791.000 1.000 
792.000 1.000 
793.000 1.000 
794.000 1.000 
795.000 1.000 
796.000 1.000 
797.000 1.000 
798.000 1.000 
799.000 1.000 
800.000 1.000 
