1.000 0.000 
2.000 0.000 
3.000 0.000 
4.000 0.000 
5.000 0.000 
6.000 0.000 
7.000 -1.000 
8.000 -0.472 
9.000 -0.474 
10.000 -0.476 
11.000 -0.479 
12.000 -0.165 
13.000 0.003 
14.000 -0.053 
15.000 -0.067 
16.000 -0.070 
17.000 -0.053 
18.000 -0.159 
19.000 -0.285 
20.000 -0.334 
21.000 -0.352 
22.000 -0.365 
23.000 -0.341 
24.000 -0.268 
25.000 -0.201 
26.000 -0.162 
27.000 -0.144 
28.000 -0.134 
29.000 -0.138 
30.000 -0.161 
31.000 -0.197 
32.000 -0.230 
33.000 -0.255 
34.000 -0.270 
35.000 -0.273 
36.000 -0.260 
37.000 -0.239 
38.000 -0.218 
39.000 -0.202 
40.000 -0.191 
41.000 -0.187 
42.000 -0.191 
43.000 -0.200 
44.000 -0.212 
45.000 -0.225 
46.000 -0.235 
47.000 -0.241 
48.000 -0.242 
49.000 -0.238 
50.000 -0.232 
51.000 -0.225 
52.000 -0.219 
53.000 -0.216 
54.000 -0.214 
55.000 -0.216 
56.000 -0.219 
57.000 -0.224 
58.000 -0.228 
59.000 -0.232 
60.000 -0.235 
61.000 -0.235 
62.000 -0.235 
63.000 -0.233 
64.000 -0.231 
65.000 -0.230 
66.000 -0.229 
67.000 -0.229 
68.000 -0.229 
69.000 -0.231 
70.000 -0.233 
71.000 -0.234 
72.000 -0.236 
73.000 -0.237 
74.000 -0.238 
75.000 -0.238 
76.000 -0.238 
77.000 -0.238 
78.000 -0.238 
79.000 -0.238 
80.000 -0.238 
81.000 -0.238 
82.000 -0.239 
83.000 -0.240 
84.000 -0.241 
85.000 -0.242 
86.000 -0.242 
87.000 -0.243 
88.000 -0.243 
89.000 -0.244 
90.000 -0.244 
91.000 -0.244 
92.000 -0.245 
93.000 -0.245 
94.000 -0.246 
95.000 -0.246 
96.000 -0.247 
97.000 -0.247 
98.000 -0.248 
99.000 -0.249 
100.000 -0.249 
101.000 -0.250 
102.000 -0.250 
103.000 -0.251 
104.000 -0.251 
105.000 -0.251 
106.000 -0.252 
107.000 -0.252 
108.000 -0.253 
109.000 -0.253 
110.000 -0.254 
111.000 -0.254 
112.000 -0.255 
113.000 -0.255 
114.000 -0.256 
115.000 -0.256 
116.000 -0.257 
117.000 -0.257 
118.000 -0.258 
119.000 -0.258 
120.000 -0.259 
121.000 0.178 
122.000 -0.050 
123.000 -0.057 
124.000 -0.057 
125.000 -0.056 
126.000 -0.123 
127.000 -0.283 
128.000 -0.287 
129.000 -0.282 
130.000 -0.276 
131.000 -0.247 
132.000 -0.170 
133.000 -0.095 
134.000 -0.064 
135.000 -0.053 
136.000 -0.052 
137.000 -0.063 
138.000 -0.102 
139.000 -0.160 
140.000 -0.209 
141.000 -0.242 
142.000 -0.256 
143.000 -0.244 
144.000 -0.206 
145.000 -0.158 
146.000 -0.117 
147.000 -0.089 
148.000 -0.074 
149.000 -0.073 
150.000 -0.089 
151.000 -0.119 
152.000 -0.156 
153.000 -0.191 
154.000 -0.216 
155.000 -0.225 
156.000 -0.214 
157.000 -0.188 
158.000 -0.156 
159.000 -0.127 
160.000 -0.105 
161.000 -0.094 
162.000 -0.095 
163.000 -0.107 
164.000 -0.129 
165.000 -0.155 
166.000 -0.180 
167.000 -0.197 
168.000 -0.202 
169.000 -0.194 
170.000 -0.177 
171.000 -0.154 
172.000 -0.133 
173.000 -0.118 
174.000 -0.110 
175.000 -0.111 
176.000 -0.120 
177.000 -0.136 
178.000 -0.155 
179.000 -0.172 
180.000 -0.183 
181.000 -0.187 
182.000 -0.181 
183.000 -0.169 
184.000 -0.153 
185.000 -0.139 
186.000 -0.128 
187.000 -0.122 
188.000 -0.123 
189.000 -0.130 
190.000 -0.141 
191.000 -0.154 
192.000 -0.166 
193.000 -0.174 
194.000 -0.176 
195.000 -0.172 
196.000 -0.164 
197.000 -0.153 
198.000 -0.143 
199.000 -0.135 
200.000 -0.132 
201.000 -0.133 
202.000 -0.138 
203.000 -0.146 
204.000 -0.155 
205.000 -0.163 
206.000 -0.168 
207.000 -0.169 
208.000 -0.166 
209.000 -0.161 
210.000 -0.153 
211.000 -0.146 
212.000 -0.141 
213.000 -0.139 
214.000 -0.140 
215.000 -0.143 
216.000 -0.149 
217.000 -0.155 
218.000 -0.160 
219.000 -0.164 
220.000 -0.165 
221.000 -0.163 
222.000 -0.159 
223.000 -0.154 
224.000 -0.149 
225.000 -0.146 
226.000 -0.144 
227.000 -0.145 
228.000 -0.147 
229.000 -0.151 
230.000 -0.155 
231.000 -0.159 
232.000 -0.161 
233.000 -0.162 
234.000 -0.160 
235.000 -0.158 
236.000 -0.155 
237.000 -0.151 
238.000 -0.149 
239.000 -0.148 
240.000 -0.149 
241.000 1.000 
242.000 0.081 
243.000 0.872 
244.000 0.085 
245.000 0.871 
246.000 -0.008 
247.000 -0.134 
248.000 -0.964 
249.000 -0.962 
250.000 -1.000 
251.000 -1.000 
252.000 -0.094 
253.000 0.817 
254.000 0.132 
255.000 0.810 
256.000 0.134 
257.000 0.811 
258.000 0.076 
259.000 0.320 
260.000 -0.276 
261.000 -0.722 
262.000 -1.000 
263.000 -1.000 
264.000 -1.000 
265.000 0.016 
266.000 0.790 
267.000 0.133 
268.000 0.810 
269.000 0.140 
270.000 0.806 
271.000 0.084 
272.000 0.354 
273.000 -0.233 
274.000 -0.702 
275.000 -1.000 
276.000 -1.000 
277.000 -1.000 
278.000 -0.084 
279.000 0.781 
280.000 0.138 
281.000 0.804 
282.000 0.146 
283.000 0.798 
284.000 0.092 
285.000 0.371 
286.000 -0.207 
287.000 -0.683 
288.000 -1.000 
289.000 -1.000 
290.000 -1.000 
291.000 -0.142 
292.000 0.767 
293.000 0.143 
294.000 0.798 
295.000 0.151 
296.000 0.790 
297.000 0.099 
298.000 0.391 
299.000 -0.180 
300.000 -0.663 
301.000 -1.000 
302.000 -1.000 
303.000 -1.000 
304.000 -0.209 
305.000 0.749 
306.000 0.147 
307.000 0.793 
308.000 0.156 
309.000 0.783 
310.000 0.106 
311.000 0.416 
312.000 -0.150 
313.000 -0.637 
314.000 -1.000 
315.000 -1.000 
316.000 -1.000 
317.000 -0.297 
318.000 0.720 
319.000 0.151 
320.000 0.789 
321.000 0.161 
322.000 0.776 
323.000 0.116 
324.000 0.455 
325.000 -0.110 
326.000 -0.594 
327.000 -1.000 
328.000 -1.000 
329.000 -1.000 
330.000 -0.432 
331.000 0.667 
332.000 0.154 
333.000 0.786 
334.000 0.166 
335.000 0.770 
336.000 0.133 
337.000 0.530 
338.000 -0.056 
339.000 -0.510 
340.000 -1.000 
341.000 -1.000 
342.000 -1.000 
343.000 -0.670 
344.000 0.553 
345.000 0.221 
346.000 0.694 
347.000 0.170 
348.000 0.764 
349.000 0.166 
350.000 0.654 
351.000 -0.011 
352.000 -0.278 
353.000 -1.000 
354.000 -1.000 
355.000 -1.000 
356.000 -0.956 
357.000 0.255 
358.000 0.639 
359.000 0.174 
360.000 0.761 
361.000 0.804 
362.000 0.450 
363.000 0.519 
364.000 0.389 
365.000 0.479 
366.000 0.152 
367.000 -0.145 
368.000 -0.728 
369.000 -0.892 
370.000 -1.000 
371.000 -0.232 
372.000 1.000 
373.000 0.399 
374.000 0.626 
375.000 0.447 
376.000 0.600 
377.000 0.389 
378.000 0.524 
379.000 0.275 
380.000 0.480 
381.000 0.029 
382.000 -0.241 
383.000 -0.618 
384.000 -0.373 
385.000 -0.407 
386.000 0.751 
387.000 0.349 
388.000 0.674 
389.000 0.465 
390.000 0.582 
391.000 0.450 
392.000 0.506 
393.000 0.362 
394.000 0.491 
395.000 0.142 
396.000 -0.037 
397.000 -0.469 
398.000 -0.495 
399.000 -0.636 
400.000 0.179 
401.000 0.785 
402.000 0.437 
403.000 0.624 
404.000 0.493 
405.000 0.609 
406.000 0.435 
407.000 0.513 
408.000 0.340 
409.000 0.469 
410.000 0.076 
411.000 -0.261 
412.000 -0.667 
413.000 -0.574 
414.000 -0.603 
415.000 0.512 
416.000 0.484 
417.000 0.596 
418.000 0.527 
419.000 0.583 
420.000 0.551 
421.000 0.492 
422.000 0.462 
423.000 0.420 
424.000 0.357 
425.000 0.087 
426.000 -0.335 
427.000 -0.679 
428.000 -0.739 
429.000 -0.532 
430.000 0.616 
431.000 0.441 
432.000 0.657 
433.000 0.555 
434.000 0.592 
435.000 0.562 
436.000 0.495 
437.000 0.468 
438.000 0.414 
439.000 0.312 
440.000 0.005 
441.000 -0.550 
442.000 -0.817 
443.000 -0.827 
444.000 -0.445 
445.000 1.000 
446.000 0.512 
447.000 0.638 
448.000 0.588 
449.000 0.599 
450.000 0.541 
451.000 0.462 
452.000 0.457 
453.000 0.354 
454.000 0.083 
455.000 -0.489 
456.000 -0.874 
457.000 -0.991 
458.000 -0.742 
459.000 0.544 
460.000 0.557 
461.000 0.625 
462.000 0.614 
463.000 0.615 
464.000 0.636 
465.000 0.534 
466.000 0.483 
467.000 0.439 
468.000 0.354 
469.000 0.011 
470.000 -0.729 
471.000 -1.000 
472.000 -1.000 
473.000 -0.813 
474.000 0.828 
475.000 0.569 
476.000 0.652 
477.000 0.643 
478.000 0.641 
479.000 0.644 
480.000 0.514 
481.000 1.000 
482.000 1.000 
483.000 1.000 
484.000 1.000 
485.000 1.000 
486.000 0.948 
487.000 0.787 
488.000 0.630 
489.000 0.482 
490.000 0.474 
491.000 0.283 
492.000 0.049 
493.000 0.144 
494.000 0.856 
495.000 0.574 
496.000 0.859 
497.000 1.000 
498.000 1.000 
499.000 1.000 
500.000 1.000 
501.000 1.000 
502.000 1.000 
503.000 1.000 
504.000 0.942 
505.000 0.783 
506.000 0.632 
507.000 0.493 
508.000 0.471 
509.000 0.205 
510.000 -0.209 
511.000 -0.107 
512.000 1.000 
513.000 0.655 
514.000 1.000 
515.000 1.000 
516.000 1.000 
517.000 1.000 
518.000 1.000 
519.000 1.000 
520.000 1.000 
521.000 1.000 
522.000 1.000 
523.000 0.969 
524.000 0.808 
525.000 0.659 
526.000 0.525 
527.000 0.412 
528.000 0.057 
529.000 -0.798 
530.000 -0.581 
531.000 0.546 
532.000 0.764 
533.000 1.000 
534.000 1.000 
535.000 1.000 
536.000 1.000 
537.000 1.000 
538.000 1.000 
539.000 1.000 
540.000 1.000 
541.000 1.000 
542.000 1.000 
543.000 1.000 
544.000 0.885 
545.000 0.739 
546.000 0.609 
547.000 0.495 
548.000 0.214 
549.000 -0.521 
550.000 -1.000 
551.000 -0.364 
552.000 1.000 
553.000 1.000 
554.000 1.000 
555.000 1.000 
556.000 1.000 
557.000 1.000 
558.000 1.000 
559.000 1.000 
560.000 1.000 
561.000 1.000 
562.000 1.000 
563.000 1.000 
564.000 1.000 
565.000 0.898 
566.000 0.766 
567.000 0.649 
568.000 0.547 
569.000 0.336 
570.000 -0.209 
571.000 -1.000 
572.000 -0.633 
573.000 0.688 
574.000 1.000 
575.000 1.000 
576.000 1.000 
577.000 1.000 
578.000 1.000 
579.000 1.000 
580.000 1.000 
581.000 1.000 
582.000 1.000 
583.000 1.000 
584.000 1.000 
585.000 1.000 
586.000 1.000 
587.000 0.956 
588.000 0.832 
589.000 0.722 
590.000 0.628 
591.000 0.546 
592.000 0.356 
593.000 -0.115 
594.000 -1.000 
595.000 -0.187 
596.000 1.000 
597.000 1.000 
598.000 1.000 
599.000 1.000 
600.000 1.000 
601.000 1.000 
602.000 1.000 
603.000 1.000 
604.000 1.000 
605.000 1.000 
606.000 1.000 
607.000 1.000 
608.000 1.000 
609.000 1.000 
610.000 1.000 
611.000 1.000 
612.000 1.000 
613.000 1.000 
614.000 1.000 
615.000 1.000 
616.000 1.000 
617.000 1.000 
618.000 1.000 
619.000 1.000 
620.000 1.000 
621.000 1.000 
622.000 1.000 
623.000 1.000 
624.000 1.000 
625.000 1.000 
626.000 1.000 
627.000 1.000 
628.000 1.000 
629.000 1.000 
630.000 1.000 
631.000 1.000 
632.000 1.000 
633.000 1.000 
634.000 1.000 
635.000 1.000 
636.000 1.000 
637.000 1.000 
638.000 1.000 
639.000 1.000 
640.000 1.000 
641.000 1.000 
642.000 1.000 
643.000 1.000 
644.000 1.000 
645.000 1.000 
646.000 1.000 
647.000 1.000 
648.000 1.000 
649.000 1.000 
650.000 1.000 
651.000 1.000 
652.000 1.000 
653.000 1.000 
654.000 1.000 
655.000 1.000 
656.000 1.000 
657.000 1.000 
658.000 1.000 
659.000 1.000 
660.000 1.000 
661.000 1.000 
662.000 1.000 
663.000 1.000 
664.000 1.000 
665.000 1.000 
666.000 1.000 
667.000 1.000 
668.000 1.000 
669.000 1.000 
670.000 1.000 
671.000 1.000 
672.000 1.000 
673.000 1.000 
674.000 1.000 
675.000 1.000 
676.000 1.000 
677.000 1.000 
678.000 1.000 
679.000 1.000 
680.000 1.000 
681.000 1.000 
682.000 1.000 
683.000 1.000 
684.000 1.000 
685.000 1.000 
686.000 1.000 
687.000 1.000 
688.000 1.000 
689.000 1.000 
690.000 1.000 
691.000 1.000 
692.000 1.000 
693.000 1.000 
694.000 1.000 
695.000 1.000 
696.000 1.000 
697.000 1.000 
698.000 1.000 
699.000 1.000 
700.000 1.000 
701.000 1.000 
702.000 1.000 
703.000 1.000 
704.000 1.000 
705.000 1.000 
706.000 1.000 
707.000 1.000 
708.000 1.000 
709.000 1.000 
710.000 1.000 
711.000 1.000 
712.000 1.000 
713.000 1.000 
714.000 1.000 
715.000 1.000 
716.000 1.000 
717.000 1.000 
718.000 1.000 
719.000 1.000 
720.000 1.000 
721.000 1.000 
722.000 1.000 
723.000 1.000 
724.000 1.000 
725.000 1.000 
726.000 1.000 
727.000 1.000 
728.000 1.000 
729.000 1.000 
730.000 1.000 
731.000 1.000 
732.000 1.000 
733.000 1.000 
734.000 1.000 
735.000 1.000 
736.000 1.000 
737.000 1.000 
738.000 1.000 
739.000 1.000 
740.000 1.000 
741.000 1.000 
742.000 1.000 
743.000 1.000 
744.000 1.000 
745.000 1.000 
746.000 1.000 
747.000 1.000 
748.000 1.000 
749.000 1.000 
750.000 1.000 
751.000 1.000 
752.000 1.000 
753.000 1.000 
754.000 1.000 
755.000 1.000 
756.000 1.000 
757.000 1.000 
758.000 1.000 
759.000 1.000 
760.000 1.000 
761.000 1.000 
762.000 1.000 
763.000 1.000 
764.000 1.000 
765.000 1.000 
766.000 1.000 
767.000 1.000 
768.000 1.000 
769.000 1.000 
770.000 1.000 
771.000 1.000 
772.000 1.000 
773.000 1.000 
774.000 1.000 
775.000 1.000 
776.000 1.000 
777.000 1.000 
778.000 1.000 
779.000 1.000 
780.000 1.000 
781.000 1.000 
782.000 1.000 
783.000 1.000 
784.000 1.000 
785.000 1.000 
786.000 1.000 
787.000 1.000 
788.000 1.000 
789.000 1.000 
790.000 1.000 
791.000 1.000 
792.000 1.000 
793.000 1.000 
794.000 1.000 
795.000 1.000 
796.000 1.000 
797.000 1.000 
798.000 1.000 
799.000 1.000 
800.000 1.000 
