1.000 0.000 
2.000 0.000 
3.000 0.000 
4.000 0.000 
5.000 0.000 
6.000 0.000 
7.000 -0.234 
8.000 -0.071 
9.000 -0.071 
10.000 -0.072 
11.000 -0.072 
12.000 -0.048 
13.000 -0.033 
14.000 -0.042 
15.000 -0.047 
16.000 -0.050 
17.000 -0.053 
18.000 -0.059 
19.000 -0.062 
20.000 -0.062 
21.000 -0.061 
22.000 -0.059 
23.000 -0.058 
24.000 -0.057 
25.000 -0.056 
26.000 -0.056 
27.000 -0.057 
28.000 -0.057 
29.000 -0.058 
30.000 -0.059 
31.000 -0.059 
32.000 -0.059 
33.000 -0.059 
34.000 -0.060 
35.000 -0.060 
36.000 -0.060 
37.000 -0.060 
38.000 -0.060 
39.000 -0.060 
40.000 -0.060 
41.000 -0.060 
42.000 -0.061 
43.000 -0.061 
44.000 -0.061 
45.000 -0.061 
46.000 -0.061 
47.000 -0.062 
48.000 -0.062 
49.000 -0.062 
50.000 -0.062 
51.000 -0.062 
52.000 -0.062 
53.000 -0.063 
54.000 -0.063 
55.000 -0.063 
56.000 -0.063 
57.000 -0.063 
58.000 -0.063 
59.000 -0.064 
60.000 -0.064 
61.000 -0.064 
62.000 -0.064 
63.000 -0.064 
64.000 -0.064 
65.000 -0.065 
66.000 -0.065 
67.000 -0.065 
68.000 -0.065 
69.000 -0.065 
70.000 -0.065 
71.000 -0.066 
72.000 -0.066 
73.000 -0.066 
74.000 -0.066 
75.000 -0.066 
76.000 -0.066 
77.000 -0.067 
78.000 -0.067 
79.000 -0.067 
80.000 -0.067 
81.000 -0.067 
82.000 -0.067 
83.000 -0.068 
84.000 -0.068 
85.000 -0.068 
86.000 -0.068 
87.000 -0.068 
88.000 -0.068 
89.000 -0.069 
90.000 -0.069 
91.000 -0.069 
92.000 -0.069 
93.000 -0.069 
94.000 -0.069 
95.000 -0.070 
96.000 -0.070 
97.000 -0.070 
98.000 -0.070 
99.000 -0.070 
100.000 -0.070 
101.000 -0.071 
102.000 -0.071 
103.000 -0.071 
104.000 -0.071 
105.000 -0.071 
106.000 -0.071 
107.000 -0.072 
108.000 -0.072 
109.000 -0.072 
110.000 -0.072 
111.000 -0.072 
112.000 -0.072 
113.000 -0.073 
114.000 -0.073 
115.000 -0.073 
116.000 -0.073 
117.000 -0.073 
118.000 -0.073 
119.000 -0.074 
120.000 -0.074 
121.000 0.026 
122.000 -0.048 
123.000 -0.044 
124.000 -0.044 
125.000 -0.044 
126.000 -0.053 
127.000 -0.059 
128.000 -0.055 
129.000 -0.054 
130.000 -0.053 
131.000 -0.051 
132.000 -0.049 
133.000 -0.048 
134.000 -0.049 
135.000 -0.049 
136.000 -0.050 
137.000 -0.050 
138.000 -0.051 
139.000 -0.052 
140.000 -0.052 
141.000 -0.052 
142.000 -0.052 
143.000 -0.051 
144.000 -0.051 
145.000 -0.051 
146.000 -0.051 
147.000 -0.051 
148.000 -0.052 
149.000 -0.052 
150.000 -0.052 
151.000 -0.052 
152.000 -0.052 
153.000 -0.052 
154.000 -0.052 
155.000 -0.052 
156.000 -0.052 
157.000 -0.052 
158.000 -0.052 
159.000 -0.053 
160.000 -0.053 
161.000 -0.053 
162.000 -0.053 
163.000 -0.053 
164.000 -0.053 
165.000 -0.053 
166.000 -0.053 
167.000 -0.053 
168.000 -0.053 
169.000 -0.053 
170.000 -0.053 
171.000 -0.053 
172.000 -0.054 
173.000 -0.054 
174.000 -0.054 
175.000 -0.054 
176.000 -0.054 
177.000 -0.054 
178.000 -0.054 
179.000 -0.054 
180.000 -0.054 
181.000 -0.054 
182.000 -0.054 
183.000 -0.054 
184.000 -0.054 
185.000 -0.055 
186.000 -0.055 
187.000 -0.055 
188.000 -0.055 
189.000 -0.055 
190.000 -0.055 
191.000 -0.055 
192.000 -0.055 
193.000 -0.055 
194.000 -0.055 
195.000 -0.055 
196.000 -0.055 
197.000 -0.055 
198.000 -0.056 
199.000 -0.056 
200.000 -0.056 
201.000 -0.056 
202.000 -0.056 
203.000 -0.056 
204.000 -0.056 
205.000 -0.056 
206.000 -0.056 
207.000 -0.056 
208.000 -0.056 
209.000 -0.056 
210.000 -0.056 
211.000 -0.057 
212.000 -0.057 
213.000 -0.057 
214.000 -0.057 
215.000 -0.057 
216.000 -0.057 
217.000 -0.057 
218.000 -0.057 
219.000 -0.057 
220.000 -0.057 
221.000 -0.057 
222.000 -0.057 
223.000 -0.057 
224.000 -0.058 
225.000 -0.058 
226.000 -0.058 
227.000 -0.058 
228.000 -0.058 
229.000 -0.058 
230.000 -0.058 
231.000 -0.058 
232.000 -0.058 
233.000 -0.058 
234.000 -0.058 
235.000 -0.058 
236.000 -0.058 
237.000 -0.059 
238.000 -0.059 
239.000 -0.059 
240.000 -0.059 
241.000 0.510 
242.000 -0.136 
243.000 0.114 
244.000 0.060 
245.000 0.087 
246.000 0.003 
247.000 0.045 
248.000 0.049 
249.000 0.045 
250.000 0.046 
251.000 0.058 
252.000 0.062 
253.000 0.060 
254.000 0.061 
255.000 0.061 
256.000 0.060 
257.000 0.058 
258.000 0.057 
259.000 0.057 
260.000 0.057 
261.000 0.058 
262.000 0.059 
263.000 0.060 
264.000 0.061 
265.000 0.061 
266.000 0.062 
267.000 0.062 
268.000 0.062 
269.000 0.062 
270.000 0.062 
271.000 0.063 
272.000 0.063 
273.000 0.063 
274.000 0.064 
275.000 0.064 
276.000 0.065 
277.000 0.065 
278.000 0.066 
279.000 0.066 
280.000 0.066 
281.000 0.067 
282.000 0.067 
283.000 0.067 
284.000 0.068 
285.000 0.068 
286.000 0.068 
287.000 0.069 
288.000 0.069 
289.000 0.069 
290.000 0.070 
291.000 0.070 
292.000 0.071 
293.000 0.071 
294.000 0.071 
295.000 0.072 
296.000 0.072 
297.000 0.072 
298.000 0.073 
299.000 0.073 
300.000 0.074 
301.000 0.074 
302.000 0.074 
303.000 0.075 
304.000 0.075 
305.000 0.076 
306.000 0.076 
307.000 0.076 
308.000 0.077 
309.000 0.077 
310.000 0.077 
311.000 0.078 
312.000 0.078 
313.000 0.079 
314.000 0.079 
315.000 0.079 
316.000 0.080 
317.000 0.080 
318.000 0.081 
319.000 0.081 
320.000 0.081 
321.000 0.082 
322.000 0.082 
323.000 0.082 
324.000 0.083 
325.000 0.083 
326.000 0.084 
327.000 0.084 
328.000 0.084 
329.000 0.085 
330.000 0.085 
331.000 0.086 
332.000 0.086 
333.000 0.086 
334.000 0.087 
335.000 0.087 
336.000 0.088 
337.000 0.088 
338.000 0.088 
339.000 0.089 
340.000 0.089 
341.000 0.090 
342.000 0.090 
343.000 0.090 
344.000 0.091 
345.000 0.091 
346.000 0.092 
347.000 0.092 
348.000 0.092 
349.000 0.093 
350.000 0.093 
351.000 0.094 
352.000 0.094 
353.000 0.094 
354.000 0.095 
355.000 0.095 
356.000 0.096 
357.000 0.096 
358.000 0.096 
359.000 0.097 
360.000 0.097 
361.000 0.869 
362.000 0.157 
363.000 0.356 
364.000 0.277 
365.000 0.315 
366.000 0.219 
367.000 0.200 
368.000 0.189 
369.000 0.186 
370.000 0.183 
371.000 0.211 
372.000 0.245 
373.000 0.270 
374.000 0.288 
375.000 0.300 
376.000 0.303 
377.000 0.299 
378.000 0.291 
379.000 0.280 
380.000 0.268 
381.000 0.257 
382.000 0.250 
383.000 0.248 
384.000 0.251 
385.000 0.260 
386.000 0.272 
387.000 0.285 
388.000 0.296 
389.000 0.303 
390.000 0.308 
391.000 0.309 
392.000 0.306 
393.000 0.302 
394.000 0.296 
395.000 0.291 
396.000 0.286 
397.000 0.284 
398.000 0.285 
399.000 0.289 
400.000 0.295 
401.000 0.303 
402.000 0.311 
403.000 0.318 
404.000 0.324 
405.000 0.327 
406.000 0.328 
407.000 0.326 
408.000 0.323 
409.000 0.319 
410.000 0.315 
411.000 0.312 
412.000 0.311 
413.000 0.311 
414.000 0.314 
415.000 0.319 
416.000 0.326 
417.000 0.333 
418.000 0.340 
419.000 0.345 
420.000 0.349 
421.000 0.351 
422.000 0.350 
423.000 0.347 
424.000 0.343 
425.000 0.339 
426.000 0.334 
427.000 0.331 
428.000 0.329 
429.000 0.330 
430.000 0.334 
431.000 0.340 
432.000 0.348 
433.000 0.357 
434.000 0.365 
435.000 0.372 
436.000 0.376 
437.000 0.377 
438.000 0.375 
439.000 0.371 
440.000 0.364 
441.000 0.356 
442.000 0.347 
443.000 0.340 
444.000 0.335 
445.000 0.334 
446.000 0.338 
447.000 0.346 
448.000 0.359 
449.000 0.374 
450.000 0.389 
451.000 0.401 
452.000 0.410 
453.000 0.413 
454.000 0.412 
455.000 0.405 
456.000 0.393 
457.000 0.377 
458.000 0.357 
459.000 0.335 
460.000 0.316 
461.000 0.302 
462.000 0.298 
463.000 0.308 
464.000 0.332 
465.000 0.367 
466.000 0.405 
467.000 0.439 
468.000 0.464 
469.000 0.479 
470.000 0.484 
471.000 0.479 
472.000 0.465 
473.000 0.440 
474.000 0.403 
475.000 0.352 
476.000 0.286 
477.000 0.211 
478.000 0.136 
479.000 0.084 
480.000 0.088 
481.000 0.989 
482.000 0.795 
483.000 0.844 
484.000 0.894 
485.000 0.943 
486.000 0.972 
487.000 0.986 
488.000 0.993 
489.000 0.994 
490.000 0.987 
491.000 0.974 
492.000 0.957 
493.000 0.935 
494.000 0.912 
495.000 0.886 
496.000 0.861 
497.000 0.836 
498.000 0.812 
499.000 0.791 
500.000 0.773 
501.000 0.758 
502.000 0.746 
503.000 0.739 
504.000 0.735 
505.000 0.735 
506.000 0.737 
507.000 0.743 
508.000 0.750 
509.000 0.758 
510.000 0.767 
511.000 0.777 
512.000 0.786 
513.000 0.795 
514.000 0.802 
515.000 0.809 
516.000 0.814 
517.000 0.818 
518.000 0.821 
519.000 0.823 
520.000 0.823 
521.000 0.823 
522.000 0.821 
523.000 0.819 
524.000 0.817 
525.000 0.814 
526.000 0.810 
527.000 0.807 
528.000 0.804 
529.000 0.801 
530.000 0.799 
531.000 0.796 
532.000 0.795 
533.000 0.793 
534.000 0.793 
535.000 0.792 
536.000 0.792 
537.000 0.792 
538.000 0.793 
539.000 0.794 
540.000 0.795 
541.000 0.796 
542.000 0.797 
543.000 0.798 
544.000 0.799 
545.000 0.800 
546.000 0.801 
547.000 0.802 
548.000 0.802 
549.000 0.802 
550.000 0.803 
551.000 0.803 
552.000 0.803 
553.000 0.803 
554.000 0.802 
555.000 0.802 
556.000 0.802 
557.000 0.801 
558.000 0.801 
559.000 0.801 
560.000 0.800 
561.000 0.800 
562.000 0.800 
563.000 0.799 
564.000 0.799 
565.000 0.799 
566.000 0.799 
567.000 0.799 
568.000 0.799 
569.000 0.799 
570.000 0.799 
571.000 0.799 
572.000 0.799 
573.000 0.800 
574.000 0.800 
575.000 0.800 
576.000 0.800 
577.000 0.800 
578.000 0.800 
579.000 0.800 
580.000 0.800 
581.000 0.800 
582.000 0.800 
583.000 0.800 
584.000 0.800 
585.000 0.800 
586.000 0.800 
587.000 0.800 
588.000 0.800 
589.000 0.800 
590.000 0.800 
591.000 0.800 
592.000 0.800 
593.000 0.800 
594.000 0.800 
595.000 0.800 
596.000 0.800 
597.000 0.800 
598.000 0.800 
599.000 0.800 
600.000 0.800 
601.000 1.000 
602.000 1.000 
603.000 1.000 
604.000 1.000 
605.000 1.000 
606.000 1.000 
607.000 1.000 
608.000 1.000 
609.000 1.000 
610.000 1.000 
611.000 1.000 
612.000 1.000 
613.000 1.000 
614.000 1.000 
615.000 1.000 
616.000 1.000 
617.000 1.000 
618.000 1.000 
619.000 1.000 
620.000 1.000 
621.000 1.000 
622.000 1.000 
623.000 1.000 
624.000 1.000 
625.000 1.000 
626.000 1.000 
627.000 1.000 
628.000 1.000 
629.000 1.000 
630.000 1.000 
631.000 1.000 
632.000 1.000 
633.000 1.000 
634.000 1.000 
635.000 1.000 
636.000 1.000 
637.000 1.000 
638.000 1.000 
639.000 1.000 
640.000 1.000 
641.000 1.000 
642.000 1.000 
643.000 1.000 
644.000 1.000 
645.000 1.000 
646.000 1.000 
647.000 1.000 
648.000 1.000 
649.000 1.000 
650.000 1.000 
651.000 1.000 
652.000 1.000 
653.000 1.000 
654.000 1.000 
655.000 1.000 
656.000 1.000 
657.000 1.000 
658.000 1.000 
659.000 1.000 
660.000 1.000 
661.000 1.000 
662.000 1.000 
663.000 1.000 
664.000 1.000 
665.000 1.000 
666.000 1.000 
667.000 1.000 
668.000 1.000 
669.000 1.000 
670.000 1.000 
671.000 1.000 
672.000 1.000 
673.000 1.000 
674.000 1.000 
675.000 1.000 
676.000 1.000 
677.000 1.000 
678.000 1.000 
679.000 1.000 
680.000 1.000 
681.000 1.000 
682.000 1.000 
683.000 1.000 
684.000 1.000 
685.000 1.000 
686.000 1.000 
687.000 1.000 
688.000 1.000 
689.000 1.000 
690.000 1.000 
691.000 1.000 
692.000 1.000 
693.000 1.000 
694.000 1.000 
695.000 1.000 
696.000 1.000 
697.000 1.000 
698.000 1.000 
699.000 1.000 
700.000 1.000 
701.000 1.000 
702.000 1.000 
703.000 1.000 
704.000 1.000 
705.000 1.000 
706.000 1.000 
707.000 1.000 
708.000 1.000 
709.000 1.000 
710.000 1.000 
711.000 1.000 
712.000 1.000 
713.000 1.000 
714.000 1.000 
715.000 1.000 
716.000 1.000 
717.000 1.000 
718.000 1.000 
719.000 1.000 
720.000 1.000 
721.000 1.000 
722.000 1.000 
723.000 1.000 
724.000 1.000 
725.000 1.000 
726.000 1.000 
727.000 1.000 
728.000 1.000 
729.000 1.000 
730.000 1.000 
731.000 1.000 
732.000 1.000 
733.000 1.000 
734.000 1.000 
735.000 1.000 
736.000 1.000 
737.000 1.000 
738.000 1.000 
739.000 1.000 
740.000 1.000 
741.000 1.000 
742.000 1.000 
743.000 1.000 
744.000 1.000 
745.000 1.000 
746.000 1.000 
747.000 1.000 
748.000 1.000 
749.000 1.000 
750.000 1.000 
751.000 1.000 
752.000 1.000 
753.000 1.000 
754.000 1.000 
755.000 1.000 
756.000 1.000 
757.000 1.000 
758.000 1.000 
759.000 1.000 
760.000 1.000 
761.000 1.000 
762.000 1.000 
763.000 1.000 
764.000 1.000 
765.000 1.000 
766.000 1.000 
767.000 1.000 
768.000 1.000 
769.000 1.000 
770.000 1.000 
771.000 1.000 
772.000 1.000 
773.000 1.000 
774.000 1.000 
775.000 1.000 
776.000 1.000 
777.000 1.000 
778.000 1.000 
779.000 1.000 
780.000 1.000 
781.000 1.000 
782.000 1.000 
783.000 1.000 
784.000 1.000 
785.000 1.000 
786.000 1.000 
787.000 1.000 
788.000 1.000 
789.000 1.000 
790.000 1.000 
791.000 1.000 
792.000 1.000 
793.000 1.000 
794.000 1.000 
795.000 1.000 
796.000 1.000 
797.000 1.000 
798.000 1.000 
799.000 1.000 
800.000 1.000 
