1.000 0.000 
2.000 0.000 
3.000 0.000 
4.000 0.000 
5.000 0.000 
6.000 0.000 
7.000 -0.827 
8.000 -0.435 
9.000 -0.437 
10.000 -0.439 
11.000 -0.441 
12.000 -0.224 
13.000 -0.077 
14.000 -0.086 
15.000 -0.086 
16.000 -0.083 
17.000 -0.076 
18.000 -0.127 
19.000 -0.205 
20.000 -0.251 
21.000 -0.280 
22.000 -0.298 
23.000 -0.297 
24.000 -0.267 
25.000 -0.227 
26.000 -0.195 
27.000 -0.173 
28.000 -0.160 
29.000 -0.154 
30.000 -0.160 
31.000 -0.175 
32.000 -0.193 
33.000 -0.210 
34.000 -0.224 
35.000 -0.233 
36.000 -0.235 
37.000 -0.230 
38.000 -0.222 
39.000 -0.212 
40.000 -0.203 
41.000 -0.197 
42.000 -0.195 
43.000 -0.195 
44.000 -0.199 
45.000 -0.204 
46.000 -0.210 
47.000 -0.215 
48.000 -0.219 
49.000 -0.221 
50.000 -0.221 
51.000 -0.219 
52.000 -0.217 
53.000 -0.215 
54.000 -0.213 
55.000 -0.212 
56.000 -0.212 
57.000 -0.213 
58.000 -0.215 
59.000 -0.217 
60.000 -0.218 
61.000 -0.220 
62.000 -0.221 
63.000 -0.222 
64.000 -0.222 
65.000 -0.222 
66.000 -0.222 
67.000 -0.222 
68.000 -0.222 
69.000 -0.222 
70.000 -0.222 
71.000 -0.223 
72.000 -0.224 
73.000 -0.225 
74.000 -0.225 
75.000 -0.226 
76.000 -0.227 
77.000 -0.227 
78.000 -0.228 
79.000 -0.228 
80.000 -0.228 
81.000 -0.229 
82.000 -0.229 
83.000 -0.229 
84.000 -0.230 
85.000 -0.231 
86.000 -0.231 
87.000 -0.232 
88.000 -0.232 
89.000 -0.233 
90.000 -0.233 
91.000 -0.234 
92.000 -0.234 
93.000 -0.235 
94.000 -0.235 
95.000 -0.236 
96.000 -0.236 
97.000 -0.237 
98.000 -0.237 
99.000 -0.238 
100.000 -0.238 
101.000 -0.239 
102.000 -0.239 
103.000 -0.240 
104.000 -0.240 
105.000 -0.240 
106.000 -0.241 
107.000 -0.241 
108.000 -0.242 
109.000 -0.242 
110.000 -0.243 
111.000 -0.243 
112.000 -0.244 
113.000 -0.244 
114.000 -0.245 
115.000 -0.245 
116.000 -0.246 
117.000 -0.246 
118.000 -0.247 
119.000 -0.247 
120.000 -0.248 
121.000 0.106 
122.000 -0.057 
123.000 -0.062 
124.000 -0.061 
125.000 -0.061 
126.000 -0.098 
127.000 -0.209 
128.000 -0.230 
129.000 -0.237 
130.000 -0.240 
131.000 -0.230 
132.000 -0.187 
133.000 -0.135 
134.000 -0.103 
135.000 -0.085 
136.000 -0.077 
137.000 -0.077 
138.000 -0.093 
139.000 -0.122 
140.000 -0.152 
141.000 -0.178 
142.000 -0.197 
143.000 -0.203 
144.000 -0.194 
145.000 -0.175 
146.000 -0.151 
147.000 -0.129 
148.000 -0.113 
149.000 -0.104 
150.000 -0.103 
151.000 -0.110 
152.000 -0.124 
153.000 -0.141 
154.000 -0.158 
155.000 -0.171 
156.000 -0.177 
157.000 -0.175 
158.000 -0.166 
159.000 -0.154 
160.000 -0.141 
161.000 -0.130 
162.000 -0.123 
163.000 -0.120 
164.000 -0.123 
165.000 -0.130 
166.000 -0.139 
167.000 -0.149 
168.000 -0.157 
169.000 -0.162 
170.000 -0.163 
171.000 -0.160 
172.000 -0.154 
173.000 -0.146 
174.000 -0.139 
175.000 -0.134 
176.000 -0.132 
177.000 -0.132 
178.000 -0.135 
179.000 -0.140 
180.000 -0.146 
181.000 -0.151 
182.000 -0.154 
183.000 -0.156 
184.000 -0.155 
185.000 -0.152 
186.000 -0.148 
187.000 -0.144 
188.000 -0.141 
189.000 -0.139 
190.000 -0.139 
191.000 -0.140 
192.000 -0.142 
193.000 -0.145 
194.000 -0.148 
195.000 -0.151 
196.000 -0.152 
197.000 -0.152 
198.000 -0.151 
199.000 -0.149 
200.000 -0.147 
201.000 -0.145 
202.000 -0.144 
203.000 -0.143 
204.000 -0.144 
205.000 -0.145 
206.000 -0.146 
207.000 -0.148 
208.000 -0.150 
209.000 -0.151 
210.000 -0.151 
211.000 -0.151 
212.000 -0.150 
213.000 -0.149 
214.000 -0.148 
215.000 -0.147 
216.000 -0.146 
217.000 -0.146 
218.000 -0.147 
219.000 -0.148 
220.000 -0.149 
221.000 -0.149 
222.000 -0.150 
223.000 -0.151 
224.000 -0.151 
225.000 -0.150 
226.000 -0.150 
227.000 -0.149 
228.000 -0.149 
229.000 -0.148 
230.000 -0.148 
231.000 -0.149 
232.000 -0.149 
233.000 -0.149 
234.000 -0.150 
235.000 -0.151 
236.000 -0.151 
237.000 -0.151 
238.000 -0.151 
239.000 -0.151 
240.000 -0.150 
241.000 1.000 
242.000 0.078 
243.000 0.803 
244.000 0.081 
245.000 0.807 
246.000 -0.036 
247.000 -0.030 
248.000 -0.687 
249.000 -0.728 
250.000 -1.000 
251.000 -0.840 
252.000 -0.222 
253.000 0.508 
254.000 0.262 
255.000 0.629 
256.000 0.145 
257.000 0.794 
258.000 0.093 
259.000 0.484 
260.000 -0.099 
261.000 -0.313 
262.000 -0.978 
263.000 -0.949 
264.000 -1.000 
265.000 -0.491 
266.000 0.279 
267.000 0.493 
268.000 0.317 
269.000 0.555 
270.000 0.211 
271.000 0.699 
272.000 0.036 
273.000 0.248 
274.000 -0.262 
275.000 -0.610 
276.000 -1.000 
277.000 -0.926 
278.000 -0.749 
279.000 0.050 
280.000 0.597 
281.000 0.174 
282.000 0.758 
283.000 0.152 
284.000 0.789 
285.000 0.076 
286.000 0.451 
287.000 -0.134 
288.000 -0.467 
289.000 -1.000 
290.000 -1.000 
291.000 -1.000 
292.000 -0.387 
293.000 0.420 
294.000 0.385 
295.000 0.474 
296.000 0.343 
297.000 0.521 
298.000 0.251 
299.000 0.424 
300.000 -0.010 
301.000 -0.349 
302.000 -0.904 
303.000 -1.000 
304.000 -1.000 
305.000 -0.754 
306.000 0.191 
307.000 0.578 
308.000 0.219 
309.000 0.700 
310.000 0.164 
311.000 0.777 
312.000 0.078 
313.000 0.423 
314.000 -0.140 
315.000 -0.472 
316.000 -1.000 
317.000 -0.999 
318.000 -1.000 
319.000 -0.325 
320.000 0.466 
321.000 0.350 
322.000 0.529 
323.000 0.277 
324.000 0.619 
325.000 0.139 
326.000 0.546 
327.000 -0.052 
328.000 -0.320 
329.000 -0.930 
330.000 -0.930 
331.000 -1.000 
332.000 -0.625 
333.000 0.255 
334.000 0.548 
335.000 0.268 
336.000 0.637 
337.000 0.174 
338.000 0.763 
339.000 0.073 
340.000 0.358 
341.000 -0.169 
342.000 -0.495 
343.000 -1.000 
344.000 -0.971 
345.000 -0.971 
346.000 -0.173 
347.000 0.556 
348.000 0.256 
349.000 0.659 
350.000 0.188 
351.000 0.749 
352.000 0.133 
353.000 0.535 
354.000 -0.066 
355.000 -0.315 
356.000 -0.980 
357.000 -1.000 
358.000 -1.000 
359.000 -0.612 
360.000 0.275 
361.000 0.999 
362.000 0.444 
363.000 0.582 
364.000 0.441 
365.000 0.585 
366.000 0.283 
367.000 0.582 
368.000 0.048 
369.000 0.387 
370.000 -0.129 
371.000 -0.220 
372.000 -0.516 
373.000 0.308 
374.000 0.367 
375.000 0.593 
376.000 0.445 
377.000 0.605 
378.000 0.481 
379.000 0.515 
380.000 0.383 
381.000 0.479 
382.000 0.268 
383.000 0.316 
384.000 0.002 
385.000 -0.171 
386.000 -0.391 
387.000 -0.169 
388.000 0.103 
389.000 0.876 
390.000 0.433 
391.000 0.636 
392.000 0.504 
393.000 0.569 
394.000 0.394 
395.000 0.491 
396.000 0.276 
397.000 0.374 
398.000 -0.006 
399.000 -0.242 
400.000 -0.501 
401.000 -0.289 
402.000 -0.113 
403.000 0.930 
404.000 0.472 
405.000 0.633 
406.000 0.536 
407.000 0.571 
408.000 0.441 
409.000 0.455 
410.000 0.351 
411.000 0.335 
412.000 0.022 
413.000 -0.299 
414.000 -0.541 
415.000 -0.476 
416.000 -0.247 
417.000 0.803 
418.000 0.505 
419.000 0.636 
420.000 0.562 
421.000 0.578 
422.000 0.494 
423.000 0.443 
424.000 0.409 
425.000 0.378 
426.000 0.112 
427.000 -0.193 
428.000 -0.503 
429.000 -0.573 
430.000 -0.476 
431.000 0.362 
432.000 0.684 
433.000 0.587 
434.000 0.601 
435.000 0.576 
436.000 0.592 
437.000 0.449 
438.000 0.473 
439.000 0.350 
440.000 0.355 
441.000 0.011 
442.000 -0.370 
443.000 -0.632 
444.000 -0.545 
445.000 -0.326 
446.000 0.823 
447.000 0.571 
448.000 0.644 
449.000 0.616 
450.000 0.599 
451.000 0.532 
452.000 0.438 
453.000 0.441 
454.000 0.344 
455.000 0.101 
456.000 -0.321 
457.000 -0.650 
458.000 -0.752 
459.000 -0.555 
460.000 0.400 
461.000 0.711 
462.000 0.653 
463.000 0.647 
464.000 0.627 
465.000 0.631 
466.000 0.488 
467.000 0.453 
468.000 0.389 
469.000 0.268 
470.000 -0.110 
471.000 -0.680 
472.000 -0.895 
473.000 -0.833 
474.000 -0.351 
475.000 1.000 
476.000 0.671 
477.000 0.688 
478.000 0.667 
479.000 0.651 
480.000 0.562 
481.000 1.000 
482.000 1.000 
483.000 1.000 
484.000 0.986 
485.000 0.946 
486.000 0.810 
487.000 0.633 
488.000 0.470 
489.000 0.473 
490.000 0.382 
491.000 0.453 
492.000 0.398 
493.000 0.635 
494.000 0.643 
495.000 0.870 
496.000 1.000 
497.000 1.000 
498.000 1.000 
499.000 1.000 
500.000 1.000 
501.000 0.901 
502.000 0.741 
503.000 0.589 
504.000 0.460 
505.000 0.482 
506.000 0.392 
507.000 0.400 
508.000 0.562 
509.000 0.613 
510.000 0.772 
511.000 0.983 
512.000 1.000 
513.000 1.000 
514.000 1.000 
515.000 1.000 
516.000 1.000 
517.000 0.869 
518.000 0.716 
519.000 0.573 
520.000 0.468 
521.000 0.474 
522.000 0.361 
523.000 0.382 
524.000 0.618 
525.000 0.658 
526.000 0.851 
527.000 1.000 
528.000 1.000 
529.000 1.000 
530.000 1.000 
531.000 1.000 
532.000 1.000 
533.000 0.896 
534.000 0.746 
535.000 0.606 
536.000 0.479 
537.000 0.493 
538.000 0.359 
539.000 0.335 
540.000 0.550 
541.000 0.690 
542.000 0.854 
543.000 1.000 
544.000 1.000 
545.000 1.000 
546.000 1.000 
547.000 1.000 
548.000 1.000 
549.000 0.985 
550.000 0.833 
551.000 0.691 
552.000 0.561 
553.000 0.481 
554.000 0.438 
555.000 0.301 
556.000 0.318 
557.000 0.701 
558.000 0.773 
559.000 0.999 
560.000 1.000 
561.000 1.000 
562.000 1.000 
563.000 1.000 
564.000 1.000 
565.000 1.000 
566.000 0.983 
567.000 0.834 
568.000 0.696 
569.000 0.572 
570.000 0.486 
571.000 0.414 
572.000 0.267 
573.000 0.249 
574.000 0.678 
575.000 0.806 
576.000 1.000 
577.000 1.000 
578.000 1.000 
579.000 1.000 
580.000 1.000 
581.000 1.000 
582.000 1.000 
583.000 1.000 
584.000 0.941 
585.000 0.798 
586.000 0.668 
587.000 0.552 
588.000 0.494 
589.000 0.357 
590.000 0.190 
591.000 0.230 
592.000 0.822 
593.000 0.894 
594.000 1.000 
595.000 1.000 
596.000 1.000 
597.000 1.000 
598.000 1.000 
599.000 1.000 
600.000 1.000 
601.000 1.000 
602.000 1.000 
603.000 1.000 
604.000 1.000 
605.000 1.000 
606.000 1.000 
607.000 1.000 
608.000 1.000 
609.000 1.000 
610.000 1.000 
611.000 1.000 
612.000 0.987 
613.000 0.965 
614.000 0.949 
615.000 0.937 
616.000 0.928 
617.000 0.928 
618.000 0.940 
619.000 0.962 
620.000 0.991 
621.000 1.000 
622.000 1.000 
623.000 1.000 
624.000 1.000 
625.000 1.000 
626.000 1.000 
627.000 1.000 
628.000 1.000 
629.000 1.000 
630.000 1.000 
631.000 1.000 
632.000 1.000 
633.000 0.997 
634.000 0.990 
635.000 0.983 
636.000 0.978 
637.000 0.974 
638.000 0.972 
639.000 0.974 
640.000 0.979 
641.000 0.988 
642.000 0.998 
643.000 1.000 
644.000 1.000 
645.000 1.000 
646.000 1.000 
647.000 1.000 
648.000 1.000 
649.000 1.000 
650.000 1.000 
651.000 1.000 
652.000 0.997 
653.000 0.993 
654.000 0.989 
655.000 0.985 
656.000 0.983 
657.000 0.981 
658.000 0.983 
659.000 0.986 
660.000 0.992 
661.000 0.998 
662.000 1.000 
663.000 1.000 
664.000 1.000 
665.000 1.000 
666.000 1.000 
667.000 1.000 
668.000 1.000 
669.000 1.000 
670.000 0.999 
671.000 0.996 
672.000 0.993 
673.000 0.990 
674.000 0.988 
675.000 0.987 
676.000 0.986 
677.000 0.988 
678.000 0.992 
679.000 0.996 
680.000 1.000 
681.000 1.000 
682.000 1.000 
683.000 1.000 
684.000 1.000 
685.000 1.000 
686.000 1.000 
687.000 1.000 
688.000 1.000 
689.000 0.998 
690.000 0.996 
691.000 0.994 
692.000 0.992 
693.000 0.990 
694.000 0.990 
695.000 0.990 
696.000 0.992 
697.000 0.995 
698.000 0.999 
699.000 1.000 
700.000 1.000 
701.000 1.000 
702.000 1.000 
703.000 1.000 
704.000 1.000 
705.000 1.000 
706.000 1.000 
707.000 0.999 
708.000 0.998 
709.000 0.996 
710.000 0.994 
711.000 0.993 
712.000 0.992 
713.000 0.992 
714.000 0.994 
715.000 0.996 
716.000 0.998 
717.000 1.000 
718.000 1.000 
719.000 1.000 
720.000 1.000 
721.000 1.000 
722.000 1.000 
723.000 1.000 
724.000 1.000 
725.000 1.000 
726.000 0.999 
727.000 0.997 
728.000 0.996 
729.000 0.995 
730.000 0.994 
731.000 0.994 
732.000 0.995 
733.000 0.996 
734.000 0.998 
735.000 1.000 
736.000 1.000 
737.000 1.000 
738.000 1.000 
739.000 1.000 
740.000 1.000 
741.000 1.000 
742.000 1.000 
743.000 1.000 
744.000 0.999 
745.000 0.998 
746.000 0.998 
747.000 0.997 
748.000 0.996 
749.000 0.996 
750.000 0.996 
751.000 0.997 
752.000 0.998 
753.000 0.999 
754.000 1.000 
755.000 1.000 
756.000 1.000 
757.000 1.000 
758.000 1.000 
759.000 1.000 
760.000 1.000 
761.000 1.000 
762.000 1.000 
763.000 0.999 
764.000 0.998 
765.000 0.998 
766.000 0.997 
767.000 0.997 
768.000 0.997 
769.000 0.997 
770.000 0.998 
771.000 0.999 
772.000 1.000 
773.000 1.000 
774.000 1.000 
775.000 1.000 
776.000 1.000 
777.000 1.000 
778.000 1.000 
779.000 1.000 
780.000 1.000 
781.000 1.000 
782.000 0.999 
783.000 0.999 
784.000 0.998 
785.000 0.998 
786.000 0.998 
787.000 0.998 
788.000 0.998 
789.000 0.999 
790.000 1.000 
791.000 1.000 
792.000 1.000 
793.000 1.000 
794.000 1.000 
795.000 1.000 
796.000 1.000 
797.000 1.000 
798.000 1.000 
799.000 1.000 
800.000 0.999 
