1.000 0.000 
2.000 0.000 
3.000 0.000 
4.000 0.000 
5.000 0.000 
6.000 0.000 
7.000 -0.795 
8.000 -0.436 
9.000 -0.439 
10.000 -0.441 
11.000 -0.443 
12.000 -0.240 
13.000 -0.097 
14.000 -0.095 
15.000 -0.090 
16.000 -0.085 
17.000 -0.078 
18.000 -0.121 
19.000 -0.192 
20.000 -0.239 
21.000 -0.270 
22.000 -0.291 
23.000 -0.295 
24.000 -0.272 
25.000 -0.236 
26.000 -0.205 
27.000 -0.182 
28.000 -0.166 
29.000 -0.158 
30.000 -0.161 
31.000 -0.172 
32.000 -0.188 
33.000 -0.204 
34.000 -0.219 
35.000 -0.229 
36.000 -0.233 
37.000 -0.231 
38.000 -0.225 
39.000 -0.216 
40.000 -0.208 
41.000 -0.201 
42.000 -0.198 
43.000 -0.197 
44.000 -0.199 
45.000 -0.203 
46.000 -0.208 
47.000 -0.213 
48.000 -0.217 
49.000 -0.220 
50.000 -0.221 
51.000 -0.220 
52.000 -0.219 
53.000 -0.217 
54.000 -0.215 
55.000 -0.214 
56.000 -0.213 
57.000 -0.214 
58.000 -0.215 
59.000 -0.217 
60.000 -0.218 
61.000 -0.220 
62.000 -0.221 
63.000 -0.222 
64.000 -0.223 
65.000 -0.223 
66.000 -0.223 
67.000 -0.223 
68.000 -0.223 
69.000 -0.223 
70.000 -0.223 
71.000 -0.224 
72.000 -0.224 
73.000 -0.225 
74.000 -0.226 
75.000 -0.227 
76.000 -0.227 
77.000 -0.228 
78.000 -0.228 
79.000 -0.229 
80.000 -0.229 
81.000 -0.229 
82.000 -0.230 
83.000 -0.230 
84.000 -0.231 
85.000 -0.231 
86.000 -0.232 
87.000 -0.232 
88.000 -0.233 
89.000 -0.233 
90.000 -0.234 
91.000 -0.234 
92.000 -0.235 
93.000 -0.235 
94.000 -0.236 
95.000 -0.236 
96.000 -0.237 
97.000 -0.237 
98.000 -0.238 
99.000 -0.238 
100.000 -0.239 
101.000 -0.239 
102.000 -0.240 
103.000 -0.240 
104.000 -0.241 
105.000 -0.241 
106.000 -0.242 
107.000 -0.242 
108.000 -0.243 
109.000 -0.243 
110.000 -0.244 
111.000 -0.244 
112.000 -0.244 
113.000 -0.245 
114.000 -0.245 
115.000 -0.246 
116.000 -0.246 
117.000 -0.247 
118.000 -0.247 
119.000 -0.248 
120.000 -0.248 
121.000 0.092 
122.000 -0.058 
123.000 -0.062 
124.000 -0.061 
125.000 -0.061 
126.000 -0.093 
127.000 -0.198 
128.000 -0.222 
129.000 -0.233 
130.000 -0.238 
131.000 -0.231 
132.000 -0.194 
133.000 -0.144 
134.000 -0.111 
135.000 -0.091 
136.000 -0.081 
137.000 -0.079 
138.000 -0.091 
139.000 -0.115 
140.000 -0.144 
141.000 -0.170 
142.000 -0.190 
143.000 -0.199 
144.000 -0.195 
145.000 -0.179 
146.000 -0.158 
147.000 -0.137 
148.000 -0.120 
149.000 -0.109 
150.000 -0.105 
151.000 -0.109 
152.000 -0.120 
153.000 -0.135 
154.000 -0.151 
155.000 -0.164 
156.000 -0.172 
157.000 -0.174 
158.000 -0.169 
159.000 -0.159 
160.000 -0.147 
161.000 -0.136 
162.000 -0.128 
163.000 -0.123 
164.000 -0.123 
165.000 -0.128 
166.000 -0.135 
167.000 -0.144 
168.000 -0.152 
169.000 -0.158 
170.000 -0.161 
171.000 -0.160 
172.000 -0.156 
173.000 -0.150 
174.000 -0.144 
175.000 -0.138 
176.000 -0.135 
177.000 -0.133 
178.000 -0.135 
179.000 -0.138 
180.000 -0.143 
181.000 -0.147 
182.000 -0.152 
183.000 -0.154 
184.000 -0.155 
185.000 -0.154 
186.000 -0.151 
187.000 -0.148 
188.000 -0.144 
189.000 -0.142 
190.000 -0.140 
191.000 -0.140 
192.000 -0.141 
193.000 -0.144 
194.000 -0.146 
195.000 -0.149 
196.000 -0.151 
197.000 -0.152 
198.000 -0.152 
199.000 -0.151 
200.000 -0.149 
201.000 -0.147 
202.000 -0.146 
203.000 -0.145 
204.000 -0.144 
205.000 -0.145 
206.000 -0.146 
207.000 -0.147 
208.000 -0.148 
209.000 -0.150 
210.000 -0.150 
211.000 -0.151 
212.000 -0.151 
213.000 -0.150 
214.000 -0.149 
215.000 -0.148 
216.000 -0.147 
217.000 -0.147 
218.000 -0.147 
219.000 -0.147 
220.000 -0.148 
221.000 -0.149 
222.000 -0.150 
223.000 -0.150 
224.000 -0.151 
225.000 -0.151 
226.000 -0.150 
227.000 -0.150 
228.000 -0.150 
229.000 -0.149 
230.000 -0.149 
231.000 -0.149 
232.000 -0.149 
233.000 -0.149 
234.000 -0.150 
235.000 -0.150 
236.000 -0.151 
237.000 -0.151 
238.000 -0.151 
239.000 -0.151 
240.000 -0.151 
241.000 1.000 
242.000 0.077 
243.000 0.808 
244.000 0.080 
245.000 0.812 
246.000 -0.043 
247.000 0.000 
248.000 -0.648 
249.000 -0.710 
250.000 -1.000 
251.000 -0.834 
252.000 -0.279 
253.000 0.442 
254.000 0.332 
255.000 0.533 
256.000 0.244 
257.000 0.652 
258.000 0.101 
259.000 0.517 
260.000 -0.086 
261.000 -0.332 
262.000 -0.939 
263.000 -0.897 
264.000 -1.000 
265.000 -0.547 
266.000 0.230 
267.000 0.518 
268.000 0.285 
269.000 0.601 
270.000 0.148 
271.000 0.791 
272.000 0.040 
273.000 0.327 
274.000 -0.206 
275.000 -0.471 
276.000 -1.000 
277.000 -0.912 
278.000 -0.870 
279.000 -0.126 
280.000 0.502 
281.000 0.291 
282.000 0.599 
283.000 0.160 
284.000 0.778 
285.000 0.102 
286.000 0.509 
287.000 -0.093 
288.000 -0.278 
289.000 -0.930 
290.000 -0.932 
291.000 -1.000 
292.000 -0.535 
293.000 0.222 
294.000 0.537 
295.000 0.274 
296.000 0.624 
297.000 0.162 
298.000 0.774 
299.000 0.051 
300.000 0.346 
301.000 -0.190 
302.000 -0.485 
303.000 -1.000 
304.000 -0.934 
305.000 -0.915 
306.000 -0.161 
307.000 0.508 
308.000 0.301 
309.000 0.593 
310.000 0.183 
311.000 0.750 
312.000 0.118 
313.000 0.529 
314.000 -0.080 
315.000 -0.271 
316.000 -0.920 
317.000 -0.943 
318.000 -1.000 
319.000 -0.581 
320.000 0.208 
321.000 0.562 
322.000 0.253 
323.000 0.658 
324.000 0.174 
325.000 0.763 
326.000 0.066 
327.000 0.386 
328.000 -0.162 
329.000 -0.485 
330.000 -1.000 
331.000 -0.962 
332.000 -0.999 
333.000 -0.245 
334.000 0.485 
335.000 0.340 
336.000 0.548 
337.000 0.260 
338.000 0.650 
339.000 0.140 
340.000 0.556 
341.000 -0.063 
342.000 -0.291 
343.000 -0.912 
344.000 -0.939 
345.000 -1.000 
346.000 -0.639 
347.000 0.205 
348.000 0.579 
349.000 0.241 
350.000 0.679 
351.000 0.185 
352.000 0.753 
353.000 0.080 
354.000 0.420 
355.000 -0.137 
356.000 -0.477 
357.000 -1.000 
358.000 -0.985 
359.000 -1.000 
360.000 -0.325 
361.000 1.000 
362.000 0.452 
363.000 0.587 
364.000 0.453 
365.000 0.577 
366.000 0.362 
367.000 0.496 
368.000 0.220 
369.000 0.493 
370.000 -0.042 
371.000 -0.135 
372.000 -0.420 
373.000 -0.137 
374.000 -0.148 
375.000 0.856 
376.000 0.415 
377.000 0.644 
378.000 0.494 
379.000 0.560 
380.000 0.408 
381.000 0.472 
382.000 0.299 
383.000 0.427 
384.000 0.025 
385.000 -0.135 
386.000 -0.410 
387.000 -0.295 
388.000 -0.258 
389.000 0.654 
390.000 0.427 
391.000 0.656 
392.000 0.522 
393.000 0.566 
394.000 0.474 
395.000 0.457 
396.000 0.380 
397.000 0.417 
398.000 0.153 
399.000 -0.006 
400.000 -0.326 
401.000 -0.408 
402.000 -0.427 
403.000 0.180 
404.000 0.806 
405.000 0.521 
406.000 0.613 
407.000 0.541 
408.000 0.587 
409.000 0.419 
410.000 0.477 
411.000 0.310 
412.000 0.393 
413.000 0.004 
414.000 -0.280 
415.000 -0.546 
416.000 -0.412 
417.000 -0.279 
418.000 0.770 
419.000 0.530 
420.000 0.639 
421.000 0.583 
422.000 0.573 
423.000 0.511 
424.000 0.427 
425.000 0.427 
426.000 0.346 
427.000 0.131 
428.000 -0.193 
429.000 -0.501 
430.000 -0.607 
431.000 -0.461 
432.000 0.306 
433.000 0.746 
434.000 0.615 
435.000 0.615 
436.000 0.595 
437.000 0.596 
438.000 0.452 
439.000 0.460 
440.000 0.351 
441.000 0.316 
442.000 -0.037 
443.000 -0.464 
444.000 -0.699 
445.000 -0.606 
446.000 -0.297 
447.000 0.955 
448.000 0.624 
449.000 0.656 
450.000 0.636 
451.000 0.616 
452.000 0.520 
453.000 0.413 
454.000 0.437 
455.000 0.245 
456.000 -0.050 
457.000 -0.628 
458.000 -0.819 
459.000 -0.865 
460.000 -0.388 
461.000 0.985 
462.000 0.670 
463.000 0.689 
464.000 0.663 
465.000 0.644 
466.000 0.555 
467.000 0.393 
468.000 0.468 
469.000 0.198 
470.000 -0.127 
471.000 -0.814 
472.000 -0.973 
473.000 -1.000 
474.000 -0.405 
475.000 1.000 
476.000 0.713 
477.000 0.717 
478.000 0.687 
479.000 0.667 
480.000 0.577 
481.000 1.000 
482.000 1.000 
483.000 1.000 
484.000 0.951 
485.000 0.910 
486.000 0.771 
487.000 0.592 
488.000 0.437 
489.000 0.490 
490.000 0.354 
491.000 0.525 
492.000 0.391 
493.000 0.700 
494.000 0.722 
495.000 0.961 
496.000 1.000 
497.000 1.000 
498.000 1.000 
499.000 1.000 
500.000 0.980 
501.000 0.815 
502.000 0.654 
503.000 0.506 
504.000 0.470 
505.000 0.419 
506.000 0.407 
507.000 0.449 
508.000 0.622 
509.000 0.707 
510.000 0.924 
511.000 1.000 
512.000 1.000 
513.000 1.000 
514.000 1.000 
515.000 1.000 
516.000 0.923 
517.000 0.761 
518.000 0.611 
519.000 0.474 
520.000 0.488 
521.000 0.407 
522.000 0.377 
523.000 0.538 
524.000 0.663 
525.000 0.822 
526.000 1.000 
527.000 1.000 
528.000 1.000 
529.000 1.000 
530.000 1.000 
531.000 1.000 
532.000 0.903 
533.000 0.748 
534.000 0.606 
535.000 0.477 
536.000 0.493 
537.000 0.375 
538.000 0.358 
539.000 0.554 
540.000 0.708 
541.000 0.881 
542.000 1.000 
543.000 1.000 
544.000 1.000 
545.000 1.000 
546.000 1.000 
547.000 1.000 
548.000 0.949 
549.000 0.795 
550.000 0.654 
551.000 0.526 
552.000 0.485 
553.000 0.409 
554.000 0.319 
555.000 0.424 
556.000 0.742 
557.000 0.853 
558.000 1.000 
559.000 1.000 
560.000 1.000 
561.000 1.000 
562.000 1.000 
563.000 1.000 
564.000 1.000 
565.000 0.898 
566.000 0.752 
567.000 0.621 
568.000 0.503 
569.000 0.496 
570.000 0.352 
571.000 0.279 
572.000 0.489 
573.000 0.790 
574.000 0.950 
575.000 1.000 
576.000 1.000 
577.000 1.000 
578.000 1.000 
579.000 1.000 
580.000 1.000 
581.000 1.000 
582.000 0.933 
583.000 0.789 
584.000 0.659 
585.000 0.543 
586.000 0.494 
587.000 0.371 
588.000 0.244 
589.000 0.331 
590.000 0.840 
591.000 0.932 
592.000 1.000 
593.000 1.000 
594.000 1.000 
595.000 1.000 
596.000 1.000 
597.000 1.000 
598.000 1.000 
599.000 1.000 
600.000 0.901 
601.000 1.000 
602.000 1.000 
603.000 1.000 
604.000 1.000 
605.000 1.000 
606.000 1.000 
607.000 1.000 
608.000 1.000 
609.000 0.998 
610.000 0.970 
611.000 0.948 
612.000 0.932 
613.000 0.919 
614.000 0.910 
615.000 0.916 
616.000 0.937 
617.000 0.968 
618.000 1.000 
619.000 1.000 
620.000 1.000 
621.000 1.000 
622.000 1.000 
623.000 1.000 
624.000 1.000 
625.000 1.000 
626.000 1.000 
627.000 1.000 
628.000 1.000 
629.000 0.996 
630.000 0.985 
631.000 0.976 
632.000 0.968 
633.000 0.961 
634.000 0.957 
635.000 0.959 
636.000 0.967 
637.000 0.980 
638.000 0.996 
639.000 1.000 
640.000 1.000 
641.000 1.000 
642.000 1.000 
643.000 1.000 
644.000 1.000 
645.000 1.000 
646.000 1.000 
647.000 1.000 
648.000 0.993 
649.000 0.987 
650.000 0.981 
651.000 0.976 
652.000 0.971 
653.000 0.970 
654.000 0.974 
655.000 0.981 
656.000 0.990 
657.000 1.000 
658.000 1.000 
659.000 1.000 
660.000 1.000 
661.000 1.000 
662.000 1.000 
663.000 1.000 
664.000 1.000 
665.000 1.000 
666.000 0.997 
667.000 0.991 
668.000 0.987 
669.000 0.983 
670.000 0.980 
671.000 0.978 
672.000 0.980 
673.000 0.984 
674.000 0.991 
675.000 0.999 
676.000 1.000 
677.000 1.000 
678.000 1.000 
679.000 1.000 
680.000 1.000 
681.000 1.000 
682.000 1.000 
683.000 1.000 
684.000 0.998 
685.000 0.994 
686.000 0.991 
687.000 0.988 
688.000 0.985 
689.000 0.984 
690.000 0.985 
691.000 0.988 
692.000 0.992 
693.000 0.998 
694.000 1.000 
695.000 1.000 
696.000 1.000 
697.000 1.000 
698.000 1.000 
699.000 1.000 
700.000 1.000 
701.000 1.000 
702.000 0.999 
703.000 0.996 
704.000 0.994 
705.000 0.991 
706.000 0.989 
707.000 0.988 
708.000 0.988 
709.000 0.990 
710.000 0.994 
711.000 0.998 
712.000 1.000 
713.000 1.000 
714.000 1.000 
715.000 1.000 
716.000 1.000 
717.000 1.000 
718.000 1.000 
719.000 1.000 
720.000 1.000 
721.000 0.998 
722.000 0.996 
723.000 0.994 
724.000 0.992 
725.000 0.991 
726.000 0.991 
727.000 0.992 
728.000 0.995 
729.000 0.998 
730.000 1.000 
731.000 1.000 
732.000 1.000 
733.000 1.000 
734.000 1.000 
735.000 1.000 
736.000 1.000 
737.000 1.000 
738.000 1.000 
739.000 0.999 
740.000 0.997 
741.000 0.996 
742.000 0.995 
743.000 0.994 
744.000 0.993 
745.000 0.994 
746.000 0.995 
747.000 0.998 
748.000 1.000 
749.000 1.000 
750.000 1.000 
751.000 1.000 
752.000 1.000 
753.000 1.000 
754.000 1.000 
755.000 1.000 
756.000 1.000 
757.000 0.999 
758.000 0.998 
759.000 0.997 
760.000 0.996 
761.000 0.995 
762.000 0.995 
763.000 0.995 
764.000 0.996 
765.000 0.998 
766.000 1.000 
767.000 1.000 
768.000 1.000 
769.000 1.000 
770.000 1.000 
771.000 1.000 
772.000 1.000 
773.000 1.000 
774.000 1.000 
775.000 1.000 
776.000 0.999 
777.000 0.998 
778.000 0.997 
779.000 0.997 
780.000 0.996 
781.000 0.997 
782.000 0.997 
783.000 0.998 
784.000 1.000 
785.000 1.000 
786.000 1.000 
787.000 1.000 
788.000 1.000 
789.000 1.000 
790.000 1.000 
791.000 1.000 
792.000 1.000 
793.000 1.000 
794.000 0.999 
795.000 0.998 
796.000 0.998 
797.000 0.998 
798.000 0.997 
799.000 0.997 
800.000 0.998 
