1.000 0.000 
2.000 0.000 
3.000 0.000 
4.000 0.000 
5.000 0.000 
6.000 0.000 
7.000 -0.845 
8.000 -0.453 
9.000 -0.456 
10.000 -0.458 
11.000 -0.460 
12.000 -0.234 
13.000 -0.082 
14.000 -0.088 
15.000 -0.085 
16.000 -0.081 
17.000 -0.073 
18.000 -0.124 
19.000 -0.205 
20.000 -0.257 
21.000 -0.289 
22.000 -0.311 
23.000 -0.312 
24.000 -0.281 
25.000 -0.239 
26.000 -0.203 
27.000 -0.179 
28.000 -0.163 
29.000 -0.156 
30.000 -0.160 
31.000 -0.175 
32.000 -0.194 
33.000 -0.213 
34.000 -0.230 
35.000 -0.241 
36.000 -0.244 
37.000 -0.239 
38.000 -0.230 
39.000 -0.220 
40.000 -0.210 
41.000 -0.203 
42.000 -0.199 
43.000 -0.199 
44.000 -0.202 
45.000 -0.208 
46.000 -0.214 
47.000 -0.220 
48.000 -0.225 
49.000 -0.227 
50.000 -0.228 
51.000 -0.226 
52.000 -0.224 
53.000 -0.221 
54.000 -0.219 
55.000 -0.218 
56.000 -0.217 
57.000 -0.218 
58.000 -0.220 
59.000 -0.222 
60.000 -0.224 
61.000 -0.226 
62.000 -0.227 
63.000 -0.228 
64.000 -0.228 
65.000 -0.228 
66.000 -0.228 
67.000 -0.228 
68.000 -0.227 
69.000 -0.228 
70.000 -0.228 
71.000 -0.229 
72.000 -0.230 
73.000 -0.230 
74.000 -0.231 
75.000 -0.232 
76.000 -0.233 
77.000 -0.233 
78.000 -0.234 
79.000 -0.234 
80.000 -0.234 
81.000 -0.235 
82.000 -0.235 
83.000 -0.236 
84.000 -0.236 
85.000 -0.237 
86.000 -0.237 
87.000 -0.238 
88.000 -0.238 
89.000 -0.239 
90.000 -0.240 
91.000 -0.240 
92.000 -0.241 
93.000 -0.241 
94.000 -0.241 
95.000 -0.242 
96.000 -0.242 
97.000 -0.243 
98.000 -0.243 
99.000 -0.244 
100.000 -0.244 
101.000 -0.245 
102.000 -0.245 
103.000 -0.246 
104.000 -0.246 
105.000 -0.247 
106.000 -0.247 
107.000 -0.248 
108.000 -0.248 
109.000 -0.249 
110.000 -0.249 
111.000 -0.250 
112.000 -0.250 
113.000 -0.251 
114.000 -0.251 
115.000 -0.252 
116.000 -0.252 
117.000 -0.253 
118.000 -0.253 
119.000 -0.254 
120.000 -0.254 
121.000 0.107 
122.000 -0.055 
123.000 -0.061 
124.000 -0.060 
125.000 -0.060 
126.000 -0.096 
127.000 -0.213 
128.000 -0.237 
129.000 -0.247 
130.000 -0.251 
131.000 -0.241 
132.000 -0.197 
133.000 -0.141 
134.000 -0.106 
135.000 -0.085 
136.000 -0.075 
137.000 -0.074 
138.000 -0.089 
139.000 -0.120 
140.000 -0.153 
141.000 -0.183 
142.000 -0.204 
143.000 -0.213 
144.000 -0.205 
145.000 -0.184 
146.000 -0.158 
147.000 -0.133 
148.000 -0.114 
149.000 -0.103 
150.000 -0.100 
151.000 -0.107 
152.000 -0.122 
153.000 -0.141 
154.000 -0.160 
155.000 -0.176 
156.000 -0.184 
157.000 -0.184 
158.000 -0.175 
159.000 -0.161 
160.000 -0.146 
161.000 -0.132 
162.000 -0.123 
163.000 -0.119 
164.000 -0.121 
165.000 -0.128 
166.000 -0.139 
167.000 -0.150 
168.000 -0.161 
169.000 -0.168 
170.000 -0.170 
171.000 -0.167 
172.000 -0.160 
173.000 -0.151 
174.000 -0.143 
175.000 -0.136 
176.000 -0.132 
177.000 -0.132 
178.000 -0.135 
179.000 -0.140 
180.000 -0.147 
181.000 -0.154 
182.000 -0.159 
183.000 -0.161 
184.000 -0.161 
185.000 -0.158 
186.000 -0.153 
187.000 -0.148 
188.000 -0.144 
189.000 -0.141 
190.000 -0.139 
191.000 -0.140 
192.000 -0.143 
193.000 -0.147 
194.000 -0.151 
195.000 -0.154 
196.000 -0.156 
197.000 -0.157 
198.000 -0.156 
199.000 -0.154 
200.000 -0.151 
201.000 -0.148 
202.000 -0.146 
203.000 -0.145 
204.000 -0.145 
205.000 -0.146 
206.000 -0.148 
207.000 -0.150 
208.000 -0.152 
209.000 -0.154 
210.000 -0.155 
211.000 -0.155 
212.000 -0.154 
213.000 -0.152 
214.000 -0.151 
215.000 -0.149 
216.000 -0.148 
217.000 -0.148 
218.000 -0.149 
219.000 -0.149 
220.000 -0.151 
221.000 -0.152 
222.000 -0.153 
223.000 -0.154 
224.000 -0.154 
225.000 -0.154 
226.000 -0.153 
227.000 -0.152 
228.000 -0.151 
229.000 -0.151 
230.000 -0.151 
231.000 -0.151 
232.000 -0.151 
233.000 -0.152 
234.000 -0.153 
235.000 -0.153 
236.000 -0.154 
237.000 -0.154 
238.000 -0.154 
239.000 -0.154 
240.000 -0.153 
241.000 1.000 
242.000 0.083 
243.000 0.834 
244.000 0.087 
245.000 0.838 
246.000 -0.035 
247.000 -0.020 
248.000 -0.729 
249.000 -0.799 
250.000 -1.000 
251.000 -0.948 
252.000 -0.304 
253.000 0.496 
254.000 0.291 
255.000 0.593 
256.000 0.164 
257.000 0.768 
258.000 0.107 
259.000 0.530 
260.000 -0.091 
261.000 -0.290 
262.000 -0.972 
263.000 -0.986 
264.000 -1.000 
265.000 -0.599 
266.000 0.217 
267.000 0.553 
268.000 0.243 
269.000 0.663 
270.000 0.152 
271.000 0.788 
272.000 0.048 
273.000 0.352 
274.000 -0.208 
275.000 -0.535 
276.000 -1.000 
277.000 -1.000 
278.000 -0.990 
279.000 -0.163 
280.000 0.542 
281.000 0.252 
282.000 0.655 
283.000 0.167 
284.000 0.771 
285.000 0.111 
286.000 0.540 
287.000 -0.094 
288.000 -0.335 
289.000 -1.000 
290.000 -1.000 
291.000 -1.000 
292.000 -0.610 
293.000 0.260 
294.000 0.542 
295.000 0.270 
296.000 0.630 
297.000 0.164 
298.000 0.774 
299.000 0.057 
300.000 0.347 
301.000 -0.201 
302.000 -0.527 
303.000 -1.000 
304.000 -0.998 
305.000 -0.978 
306.000 -0.149 
307.000 0.565 
308.000 0.237 
309.000 0.681 
310.000 0.179 
311.000 0.759 
312.000 0.119 
313.000 0.549 
314.000 -0.088 
315.000 -0.353 
316.000 -1.000 
317.000 -1.000 
318.000 -1.000 
319.000 -0.631 
320.000 0.279 
321.000 0.543 
322.000 0.279 
323.000 0.623 
324.000 0.175 
325.000 0.763 
326.000 0.067 
327.000 0.361 
328.000 -0.183 
329.000 -0.521 
330.000 -1.000 
331.000 -1.000 
332.000 -1.000 
333.000 -0.177 
334.000 0.568 
335.000 0.245 
336.000 0.674 
337.000 0.190 
338.000 0.746 
339.000 0.132 
340.000 0.563 
341.000 -0.078 
342.000 -0.337 
343.000 -1.000 
344.000 -1.000 
345.000 -1.000 
346.000 -0.664 
347.000 0.268 
348.000 0.567 
349.000 0.259 
350.000 0.655 
351.000 0.185 
352.000 0.753 
353.000 0.079 
354.000 0.397 
355.000 -0.157 
356.000 -0.524 
357.000 -1.000 
358.000 -1.000 
359.000 -1.000 
360.000 -0.260 
361.000 1.000 
362.000 0.453 
363.000 0.588 
364.000 0.457 
365.000 0.581 
366.000 0.361 
367.000 0.501 
368.000 0.217 
369.000 0.484 
370.000 -0.049 
371.000 -0.190 
372.000 -0.487 
373.000 -0.163 
374.000 -0.154 
375.000 0.939 
376.000 0.423 
377.000 0.639 
378.000 0.497 
379.000 0.560 
380.000 0.403 
381.000 0.470 
382.000 0.294 
383.000 0.381 
384.000 -0.003 
385.000 -0.239 
386.000 -0.495 
387.000 -0.334 
388.000 -0.192 
389.000 0.860 
390.000 0.455 
391.000 0.636 
392.000 0.520 
393.000 0.569 
394.000 0.441 
395.000 0.456 
396.000 0.346 
397.000 0.406 
398.000 0.048 
399.000 -0.195 
400.000 -0.480 
401.000 -0.440 
402.000 -0.378 
403.000 0.589 
404.000 0.464 
405.000 0.648 
406.000 0.548 
407.000 0.571 
408.000 0.521 
409.000 0.450 
410.000 0.426 
411.000 0.374 
412.000 0.259 
413.000 0.002 
414.000 -0.343 
415.000 -0.518 
416.000 -0.476 
417.000 -0.073 
418.000 1.000 
419.000 0.533 
420.000 0.627 
421.000 0.571 
422.000 0.589 
423.000 0.451 
424.000 0.445 
425.000 0.361 
426.000 0.295 
427.000 -0.044 
428.000 -0.471 
429.000 -0.683 
430.000 -0.605 
431.000 -0.247 
432.000 1.000 
433.000 0.582 
434.000 0.627 
435.000 0.599 
436.000 0.587 
437.000 0.492 
438.000 0.418 
439.000 0.416 
440.000 0.261 
441.000 -0.026 
442.000 -0.531 
443.000 -0.717 
444.000 -0.733 
445.000 -0.298 
446.000 1.000 
447.000 0.611 
448.000 0.643 
449.000 0.624 
450.000 0.612 
451.000 0.513 
452.000 0.415 
453.000 0.432 
454.000 0.255 
455.000 -0.049 
456.000 -0.629 
457.000 -0.817 
458.000 -0.854 
459.000 -0.378 
460.000 1.000 
461.000 0.646 
462.000 0.671 
463.000 0.650 
464.000 0.634 
465.000 0.545 
466.000 0.401 
467.000 0.460 
468.000 0.223 
469.000 -0.095 
470.000 -0.769 
471.000 -0.938 
472.000 -1.000 
473.000 -0.411 
474.000 1.000 
475.000 0.683 
476.000 0.698 
477.000 0.674 
478.000 0.657 
479.000 0.571 
480.000 0.390 
481.000 1.000 
482.000 1.000 
483.000 0.970 
484.000 0.925 
485.000 0.987 
486.000 0.874 
487.000 0.692 
488.000 0.531 
489.000 0.471 
490.000 0.431 
491.000 0.423 
492.000 0.454 
493.000 0.529 
494.000 0.628 
495.000 0.784 
496.000 0.963 
497.000 1.000 
498.000 1.000 
499.000 1.000 
500.000 1.000 
501.000 0.940 
502.000 0.778 
503.000 0.620 
504.000 0.473 
505.000 0.479 
506.000 0.393 
507.000 0.433 
508.000 0.491 
509.000 0.619 
510.000 0.732 
511.000 0.956 
512.000 1.000 
513.000 1.000 
514.000 1.000 
515.000 1.000 
516.000 1.000 
517.000 0.887 
518.000 0.727 
519.000 0.578 
520.000 0.462 
521.000 0.476 
522.000 0.388 
523.000 0.398 
524.000 0.610 
525.000 0.645 
526.000 0.843 
527.000 1.000 
528.000 1.000 
529.000 1.000 
530.000 1.000 
531.000 1.000 
532.000 1.000 
533.000 0.877 
534.000 0.722 
535.000 0.580 
536.000 0.468 
537.000 0.480 
538.000 0.362 
539.000 0.380 
540.000 0.627 
541.000 0.690 
542.000 0.891 
543.000 1.000 
544.000 1.000 
545.000 1.000 
546.000 1.000 
547.000 1.000 
548.000 1.000 
549.000 0.919 
550.000 0.766 
551.000 0.625 
552.000 0.496 
553.000 0.488 
554.000 0.384 
555.000 0.337 
556.000 0.525 
557.000 0.702 
558.000 0.868 
559.000 1.000 
560.000 1.000 
561.000 1.000 
562.000 1.000 
563.000 1.000 
564.000 1.000 
565.000 1.000 
566.000 0.861 
567.000 0.716 
568.000 0.585 
569.000 0.480 
570.000 0.486 
571.000 0.326 
572.000 0.314 
573.000 0.648 
574.000 0.771 
575.000 0.977 
576.000 1.000 
577.000 1.000 
578.000 1.000 
579.000 1.000 
580.000 1.000 
581.000 1.000 
582.000 1.000 
583.000 0.867 
584.000 0.726 
585.000 0.598 
586.000 0.486 
587.000 0.472 
588.000 0.319 
589.000 0.270 
590.000 0.603 
591.000 0.793 
592.000 1.000 
593.000 1.000 
594.000 1.000 
595.000 1.000 
596.000 1.000 
597.000 1.000 
598.000 1.000 
599.000 1.000 
600.000 0.947 
601.000 1.000 
602.000 1.000 
603.000 1.000 
604.000 1.000 
605.000 1.000 
606.000 1.000 
607.000 1.000 
608.000 1.000 
609.000 0.966 
610.000 0.935 
611.000 0.911 
612.000 0.892 
613.000 0.877 
614.000 0.880 
615.000 0.904 
616.000 0.943 
617.000 0.992 
618.000 1.000 
619.000 1.000 
620.000 1.000 
621.000 1.000 
622.000 1.000 
623.000 1.000 
624.000 1.000 
625.000 1.000 
626.000 1.000 
627.000 1.000 
628.000 0.997 
629.000 0.980 
630.000 0.965 
631.000 0.953 
632.000 0.942 
633.000 0.935 
634.000 0.936 
635.000 0.947 
636.000 0.965 
637.000 0.989 
638.000 1.000 
639.000 1.000 
640.000 1.000 
641.000 1.000 
642.000 1.000 
643.000 1.000 
644.000 1.000 
645.000 1.000 
646.000 1.000 
647.000 0.993 
648.000 0.982 
649.000 0.973 
650.000 0.964 
651.000 0.957 
652.000 0.954 
653.000 0.957 
654.000 0.965 
655.000 0.979 
656.000 0.996 
657.000 1.000 
658.000 1.000 
659.000 1.000 
660.000 1.000 
661.000 1.000 
662.000 1.000 
663.000 1.000 
664.000 1.000 
665.000 0.999 
666.000 0.990 
667.000 0.982 
668.000 0.976 
669.000 0.970 
670.000 0.966 
671.000 0.966 
672.000 0.971 
673.000 0.979 
674.000 0.991 
675.000 1.000 
676.000 1.000 
677.000 1.000 
678.000 1.000 
679.000 1.000 
680.000 1.000 
681.000 1.000 
682.000 1.000 
683.000 1.000 
684.000 0.995 
685.000 0.989 
686.000 0.984 
687.000 0.979 
688.000 0.975 
689.000 0.974 
690.000 0.976 
691.000 0.981 
692.000 0.989 
693.000 0.999 
694.000 1.000 
695.000 1.000 
696.000 1.000 
697.000 1.000 
698.000 1.000 
699.000 1.000 
700.000 1.000 
701.000 1.000 
702.000 0.998 
703.000 0.993 
704.000 0.989 
705.000 0.985 
706.000 0.982 
707.000 0.980 
708.000 0.981 
709.000 0.984 
710.000 0.990 
711.000 0.997 
712.000 1.000 
713.000 1.000 
714.000 1.000 
715.000 1.000 
716.000 1.000 
717.000 1.000 
718.000 1.000 
719.000 1.000 
720.000 1.000 
721.000 0.996 
722.000 0.993 
723.000 0.990 
724.000 0.987 
725.000 0.985 
726.000 0.985 
727.000 0.986 
728.000 0.990 
729.000 0.995 
730.000 1.000 
731.000 1.000 
732.000 1.000 
733.000 1.000 
734.000 1.000 
735.000 1.000 
736.000 1.000 
737.000 1.000 
738.000 1.000 
739.000 0.998 
740.000 0.996 
741.000 0.993 
742.000 0.991 
743.000 0.989 
744.000 0.988 
745.000 0.989 
746.000 0.991 
747.000 0.995 
748.000 0.999 
749.000 1.000 
750.000 1.000 
751.000 1.000 
752.000 1.000 
753.000 1.000 
754.000 1.000 
755.000 1.000 
756.000 1.000 
757.000 1.000 
758.000 0.997 
759.000 0.996 
760.000 0.994 
761.000 0.992 
762.000 0.991 
763.000 0.991 
764.000 0.993 
765.000 0.995 
766.000 0.998 
767.000 1.000 
768.000 1.000 
769.000 1.000 
770.000 1.000 
771.000 1.000 
772.000 1.000 
773.000 1.000 
774.000 1.000 
775.000 1.000 
776.000 0.999 
777.000 0.997 
778.000 0.996 
779.000 0.995 
780.000 0.994 
781.000 0.993 
782.000 0.994 
783.000 0.995 
784.000 0.997 
785.000 1.000 
786.000 1.000 
787.000 1.000 
788.000 1.000 
789.000 1.000 
790.000 1.000 
791.000 1.000 
792.000 1.000 
793.000 1.000 
794.000 1.000 
795.000 0.998 
796.000 0.997 
797.000 0.996 
798.000 0.995 
799.000 0.995 
800.000 0.995 
