1.000 0.000 
2.000 0.000 
3.000 0.000 
4.000 0.000 
5.000 0.000 
6.000 0.000 
7.000 -0.716 
8.000 -0.474 
9.000 -0.476 
10.000 -0.479 
11.000 -0.481 
12.000 -0.314 
13.000 -0.169 
14.000 -0.128 
15.000 -0.104 
16.000 -0.090 
17.000 -0.081 
18.000 -0.103 
19.000 -0.155 
20.000 -0.206 
21.000 -0.250 
22.000 -0.285 
23.000 -0.305 
24.000 -0.302 
25.000 -0.279 
26.000 -0.249 
27.000 -0.220 
28.000 -0.197 
29.000 -0.180 
30.000 -0.171 
31.000 -0.172 
32.000 -0.180 
33.000 -0.193 
34.000 -0.209 
35.000 -0.223 
36.000 -0.235 
37.000 -0.241 
38.000 -0.243 
39.000 -0.239 
40.000 -0.232 
41.000 -0.225 
42.000 -0.218 
43.000 -0.212 
44.000 -0.210 
45.000 -0.209 
46.000 -0.212 
47.000 -0.215 
48.000 -0.220 
49.000 -0.224 
50.000 -0.228 
51.000 -0.231 
52.000 -0.232 
53.000 -0.232 
54.000 -0.231 
55.000 -0.229 
56.000 -0.228 
57.000 -0.227 
58.000 -0.226 
59.000 -0.226 
60.000 -0.227 
61.000 -0.228 
62.000 -0.230 
63.000 -0.231 
64.000 -0.233 
65.000 -0.234 
66.000 -0.234 
67.000 -0.235 
68.000 -0.235 
69.000 -0.235 
70.000 -0.235 
71.000 -0.235 
72.000 -0.236 
73.000 -0.236 
74.000 -0.236 
75.000 -0.237 
76.000 -0.238 
77.000 -0.239 
78.000 -0.239 
79.000 -0.240 
80.000 -0.241 
81.000 -0.241 
82.000 -0.242 
83.000 -0.242 
84.000 -0.242 
85.000 -0.243 
86.000 -0.243 
87.000 -0.244 
88.000 -0.244 
89.000 -0.245 
90.000 -0.245 
91.000 -0.246 
92.000 -0.246 
93.000 -0.247 
94.000 -0.247 
95.000 -0.248 
96.000 -0.249 
97.000 -0.249 
98.000 -0.249 
99.000 -0.250 
100.000 -0.250 
101.000 -0.251 
102.000 -0.251 
103.000 -0.252 
104.000 -0.252 
105.000 -0.253 
106.000 -0.253 
107.000 -0.254 
108.000 -0.255 
109.000 -0.255 
110.000 -0.256 
111.000 -0.256 
112.000 -0.257 
113.000 -0.257 
114.000 -0.258 
115.000 -0.258 
116.000 -0.258 
117.000 -0.259 
118.000 -0.259 
119.000 -0.260 
120.000 -0.260 
121.000 0.046 
122.000 -0.057 
123.000 -0.058 
124.000 -0.057 
125.000 -0.057 
126.000 -0.076 
127.000 -0.165 
128.000 -0.206 
129.000 -0.233 
130.000 -0.248 
131.000 -0.252 
132.000 -0.228 
133.000 -0.184 
134.000 -0.145 
135.000 -0.114 
136.000 -0.093 
137.000 -0.081 
138.000 -0.081 
139.000 -0.095 
140.000 -0.118 
141.000 -0.146 
142.000 -0.173 
143.000 -0.195 
144.000 -0.206 
145.000 -0.205 
146.000 -0.192 
147.000 -0.172 
148.000 -0.150 
149.000 -0.130 
150.000 -0.116 
151.000 -0.109 
152.000 -0.109 
153.000 -0.117 
154.000 -0.130 
155.000 -0.146 
156.000 -0.161 
157.000 -0.174 
158.000 -0.181 
159.000 -0.180 
160.000 -0.174 
161.000 -0.163 
162.000 -0.151 
163.000 -0.140 
164.000 -0.131 
165.000 -0.127 
166.000 -0.126 
167.000 -0.131 
168.000 -0.138 
169.000 -0.147 
170.000 -0.156 
171.000 -0.163 
172.000 -0.167 
173.000 -0.167 
174.000 -0.164 
175.000 -0.159 
176.000 -0.152 
177.000 -0.145 
178.000 -0.140 
179.000 -0.138 
180.000 -0.137 
181.000 -0.140 
182.000 -0.144 
183.000 -0.149 
184.000 -0.154 
185.000 -0.158 
186.000 -0.160 
187.000 -0.161 
188.000 -0.159 
189.000 -0.156 
190.000 -0.153 
191.000 -0.149 
192.000 -0.146 
193.000 -0.144 
194.000 -0.144 
195.000 -0.145 
196.000 -0.148 
197.000 -0.150 
198.000 -0.153 
199.000 -0.155 
200.000 -0.157 
201.000 -0.157 
202.000 -0.157 
203.000 -0.155 
204.000 -0.153 
205.000 -0.151 
206.000 -0.150 
207.000 -0.149 
208.000 -0.149 
209.000 -0.149 
210.000 -0.150 
211.000 -0.152 
212.000 -0.153 
213.000 -0.155 
214.000 -0.156 
215.000 -0.156 
216.000 -0.156 
217.000 -0.155 
218.000 -0.154 
219.000 -0.153 
220.000 -0.152 
221.000 -0.152 
222.000 -0.151 
223.000 -0.152 
224.000 -0.152 
225.000 -0.153 
226.000 -0.154 
227.000 -0.155 
228.000 -0.155 
229.000 -0.156 
230.000 -0.156 
231.000 -0.155 
232.000 -0.155 
233.000 -0.154 
234.000 -0.154 
235.000 -0.154 
236.000 -0.153 
237.000 -0.154 
238.000 -0.154 
239.000 -0.154 
240.000 -0.155 
241.000 1.000 
242.000 0.066 
243.000 0.897 
244.000 0.072 
245.000 0.890 
246.000 -0.072 
247.000 0.139 
248.000 -0.492 
249.000 -0.724 
250.000 -1.000 
251.000 -0.959 
252.000 -0.594 
253.000 0.140 
254.000 0.528 
255.000 0.268 
256.000 0.626 
257.000 0.140 
258.000 0.801 
259.000 0.027 
260.000 0.523 
261.000 -0.178 
262.000 -0.363 
263.000 -1.000 
264.000 -0.914 
265.000 -1.000 
266.000 -0.468 
267.000 0.217 
268.000 0.523 
269.000 0.294 
270.000 0.592 
271.000 0.163 
272.000 0.767 
273.000 0.016 
274.000 0.456 
275.000 -0.187 
276.000 -0.445 
277.000 -1.000 
278.000 -0.917 
279.000 -1.000 
280.000 -0.371 
281.000 0.308 
282.000 0.481 
283.000 0.356 
284.000 0.511 
285.000 0.289 
286.000 0.585 
287.000 0.029 
288.000 0.362 
289.000 -0.203 
290.000 -0.637 
291.000 -1.000 
292.000 -0.977 
293.000 -0.945 
294.000 -0.275 
295.000 0.414 
296.000 0.414 
297.000 0.450 
298.000 0.386 
299.000 0.470 
300.000 0.316 
301.000 0.392 
302.000 0.020 
303.000 -0.265 
304.000 -0.825 
305.000 -1.000 
306.000 -1.000 
307.000 -1.000 
308.000 -0.178 
309.000 0.498 
310.000 0.346 
311.000 0.543 
312.000 0.266 
313.000 0.644 
314.000 0.121 
315.000 0.653 
316.000 -0.126 
317.000 -0.239 
318.000 -0.877 
319.000 -0.955 
320.000 -1.000 
321.000 -0.741 
322.000 0.016 
323.000 0.601 
324.000 0.231 
325.000 0.695 
326.000 0.188 
327.000 0.750 
328.000 0.086 
329.000 0.604 
330.000 -0.151 
331.000 -0.345 
332.000 -1.000 
333.000 -1.000 
334.000 -1.000 
335.000 -0.653 
336.000 0.139 
337.000 0.599 
338.000 0.241 
339.000 0.684 
340.000 0.192 
341.000 0.746 
342.000 0.073 
343.000 0.564 
344.000 -0.148 
345.000 -0.405 
346.000 -1.000 
347.000 -1.000 
348.000 -1.000 
349.000 -0.597 
350.000 0.203 
351.000 0.582 
352.000 0.268 
353.000 0.652 
354.000 0.198 
355.000 0.737 
356.000 0.068 
357.000 0.528 
358.000 -0.146 
359.000 -0.434 
360.000 -1.000 
361.000 1.000 
362.000 0.068 
363.000 0.921 
364.000 0.476 
365.000 0.616 
366.000 0.497 
367.000 0.456 
368.000 0.384 
369.000 0.381 
370.000 0.279 
371.000 0.052 
372.000 -0.252 
373.000 -0.475 
374.000 -0.517 
375.000 -0.276 
376.000 0.538 
377.000 0.563 
378.000 0.600 
379.000 0.554 
380.000 0.566 
381.000 0.503 
382.000 0.418 
383.000 0.410 
384.000 0.340 
385.000 0.269 
386.000 -0.010 
387.000 -0.306 
388.000 -0.491 
389.000 -0.436 
390.000 -0.125 
391.000 0.828 
392.000 0.580 
393.000 0.627 
394.000 0.589 
395.000 0.577 
396.000 0.468 
397.000 0.411 
398.000 0.382 
399.000 0.337 
400.000 0.025 
401.000 -0.353 
402.000 -0.631 
403.000 -0.676 
404.000 -0.512 
405.000 0.438 
406.000 0.727 
407.000 0.673 
408.000 0.642 
409.000 0.607 
410.000 0.594 
411.000 0.411 
412.000 0.457 
413.000 0.281 
414.000 0.287 
415.000 -0.179 
416.000 -0.654 
417.000 -0.903 
418.000 -0.691 
419.000 -0.292 
420.000 1.000 
421.000 0.723 
422.000 0.712 
423.000 0.669 
424.000 0.640 
425.000 0.513 
426.000 0.364 
427.000 0.439 
428.000 0.106 
429.000 -0.339 
430.000 -1.000 
431.000 -1.000 
432.000 -1.000 
433.000 -0.375 
434.000 1.000 
435.000 0.790 
436.000 0.751 
437.000 0.700 
438.000 0.674 
439.000 0.559 
440.000 0.335 
441.000 0.489 
442.000 0.045 
443.000 -0.473 
444.000 -1.000 
445.000 -1.000 
446.000 -1.000 
447.000 -0.373 
448.000 1.000 
449.000 0.825 
450.000 0.776 
451.000 0.725 
452.000 0.699 
453.000 0.584 
454.000 0.323 
455.000 0.512 
456.000 0.012 
457.000 -0.611 
458.000 -1.000 
459.000 -1.000 
460.000 -1.000 
461.000 -0.377 
462.000 1.000 
463.000 0.858 
464.000 0.800 
465.000 0.748 
466.000 0.722 
467.000 0.607 
468.000 0.321 
469.000 0.518 
470.000 -0.002 
471.000 -0.731 
472.000 -1.000 
473.000 -1.000 
474.000 -1.000 
475.000 -0.433 
476.000 1.000 
477.000 0.889 
478.000 0.823 
479.000 0.770 
480.000 0.740 
481.000 1.000 
482.000 1.000 
483.000 1.000 
484.000 0.978 
485.000 0.868 
486.000 0.702 
487.000 0.519 
488.000 0.446 
489.000 0.428 
490.000 0.410 
491.000 0.476 
492.000 0.563 
493.000 0.742 
494.000 0.972 
495.000 1.000 
496.000 1.000 
497.000 1.000 
498.000 1.000 
499.000 1.000 
500.000 0.906 
501.000 0.729 
502.000 0.571 
503.000 0.459 
504.000 0.472 
505.000 0.388 
506.000 0.358 
507.000 0.566 
508.000 0.771 
509.000 0.986 
510.000 1.000 
511.000 1.000 
512.000 1.000 
513.000 1.000 
514.000 1.000 
515.000 1.000 
516.000 0.853 
517.000 0.690 
518.000 0.547 
519.000 0.472 
520.000 0.458 
521.000 0.318 
522.000 0.289 
523.000 0.611 
524.000 0.866 
525.000 1.000 
526.000 1.000 
527.000 1.000 
528.000 1.000 
529.000 1.000 
530.000 1.000 
531.000 1.000 
532.000 0.961 
533.000 0.795 
534.000 0.648 
535.000 0.520 
536.000 0.488 
537.000 0.376 
538.000 0.221 
539.000 0.192 
540.000 0.715 
541.000 0.997 
542.000 1.000 
543.000 1.000 
544.000 1.000 
545.000 1.000 
546.000 1.000 
547.000 1.000 
548.000 1.000 
549.000 1.000 
550.000 0.927 
551.000 0.774 
552.000 0.641 
553.000 0.527 
554.000 0.498 
555.000 0.331 
556.000 0.086 
557.000 -0.080 
558.000 0.582 
559.000 1.000 
560.000 1.000 
561.000 1.000 
562.000 1.000 
563.000 1.000 
564.000 1.000 
565.000 1.000 
566.000 1.000 
567.000 1.000 
568.000 1.000 
569.000 1.000 
570.000 0.904 
571.000 0.769 
572.000 0.653 
573.000 0.554 
574.000 0.462 
575.000 0.240 
576.000 -0.256 
577.000 -0.539 
578.000 0.261 
579.000 1.000 
580.000 1.000 
581.000 1.000 
582.000 1.000 
583.000 1.000 
584.000 1.000 
585.000 1.000 
586.000 1.000 
587.000 1.000 
588.000 1.000 
589.000 1.000 
590.000 1.000 
591.000 1.000 
592.000 0.896 
593.000 0.785 
594.000 0.692 
595.000 0.614 
596.000 0.550 
597.000 0.419 
598.000 0.135 
599.000 -0.598 
600.000 -0.332 
601.000 1.000 
602.000 1.000 
603.000 1.000 
604.000 1.000 
605.000 1.000 
606.000 1.000 
607.000 1.000 
608.000 1.000 
609.000 1.000 
610.000 1.000 
611.000 1.000 
612.000 1.000 
613.000 1.000 
614.000 1.000 
615.000 1.000 
616.000 1.000 
617.000 1.000 
618.000 1.000 
619.000 1.000 
620.000 1.000 
621.000 1.000 
622.000 1.000 
623.000 1.000 
624.000 1.000 
625.000 1.000 
626.000 1.000 
627.000 1.000 
628.000 1.000 
629.000 1.000 
630.000 1.000 
631.000 1.000 
632.000 1.000 
633.000 1.000 
634.000 1.000 
635.000 1.000 
636.000 1.000 
637.000 1.000 
638.000 1.000 
639.000 1.000 
640.000 1.000 
641.000 1.000 
642.000 1.000 
643.000 1.000 
644.000 1.000 
645.000 1.000 
646.000 1.000 
647.000 1.000 
648.000 1.000 
649.000 1.000 
650.000 1.000 
651.000 1.000 
652.000 1.000 
653.000 1.000 
654.000 1.000 
655.000 1.000 
656.000 1.000 
657.000 1.000 
658.000 1.000 
659.000 1.000 
660.000 1.000 
661.000 1.000 
662.000 1.000 
663.000 1.000 
664.000 1.000 
665.000 1.000 
666.000 1.000 
667.000 1.000 
668.000 1.000 
669.000 1.000 
670.000 1.000 
671.000 1.000 
672.000 1.000 
673.000 1.000 
674.000 1.000 
675.000 1.000 
676.000 1.000 
677.000 1.000 
678.000 1.000 
679.000 1.000 
680.000 1.000 
681.000 1.000 
682.000 1.000 
683.000 1.000 
684.000 1.000 
685.000 1.000 
686.000 1.000 
687.000 1.000 
688.000 1.000 
689.000 1.000 
690.000 1.000 
691.000 1.000 
692.000 1.000 
693.000 1.000 
694.000 1.000 
695.000 1.000 
696.000 1.000 
697.000 1.000 
698.000 1.000 
699.000 1.000 
700.000 1.000 
701.000 1.000 
702.000 1.000 
703.000 1.000 
704.000 1.000 
705.000 1.000 
706.000 1.000 
707.000 1.000 
708.000 1.000 
709.000 1.000 
710.000 1.000 
711.000 1.000 
712.000 1.000 
713.000 1.000 
714.000 1.000 
715.000 1.000 
716.000 1.000 
717.000 1.000 
718.000 1.000 
719.000 1.000 
720.000 1.000 
721.000 1.000 
722.000 1.000 
723.000 1.000 
724.000 1.000 
725.000 1.000 
726.000 1.000 
727.000 1.000 
728.000 1.000 
729.000 1.000 
730.000 1.000 
731.000 1.000 
732.000 1.000 
733.000 1.000 
734.000 1.000 
735.000 1.000 
736.000 1.000 
737.000 1.000 
738.000 1.000 
739.000 1.000 
740.000 1.000 
741.000 1.000 
742.000 1.000 
743.000 1.000 
744.000 1.000 
745.000 1.000 
746.000 1.000 
747.000 1.000 
748.000 1.000 
749.000 1.000 
750.000 1.000 
751.000 1.000 
752.000 1.000 
753.000 1.000 
754.000 1.000 
755.000 1.000 
756.000 1.000 
757.000 1.000 
758.000 1.000 
759.000 1.000 
760.000 1.000 
761.000 1.000 
762.000 1.000 
763.000 1.000 
764.000 1.000 
765.000 1.000 
766.000 1.000 
767.000 1.000 
768.000 1.000 
769.000 1.000 
770.000 1.000 
771.000 1.000 
772.000 1.000 
773.000 1.000 
774.000 1.000 
775.000 1.000 
776.000 1.000 
777.000 1.000 
778.000 1.000 
779.000 1.000 
780.000 1.000 
781.000 1.000 
782.000 1.000 
783.000 1.000 
784.000 1.000 
785.000 1.000 
786.000 1.000 
787.000 1.000 
788.000 1.000 
789.000 1.000 
790.000 1.000 
791.000 1.000 
792.000 1.000 
793.000 1.000 
794.000 1.000 
795.000 1.000 
796.000 1.000 
797.000 1.000 
798.000 1.000 
799.000 1.000 
800.000 1.000 
