1.000 0.000 
2.000 0.000 
3.000 0.000 
4.000 0.000 
5.000 0.000 
6.000 0.000 
7.000 -1.000 
8.000 -1.000 
9.000 -1.000 
10.000 -1.000 
11.000 -1.000 
12.000 -0.717 
13.000 -0.346 
14.000 -0.097 
15.000 0.058 
16.000 0.180 
17.000 0.160 
18.000 0.068 
19.000 -0.011 
20.000 -0.166 
21.000 -0.537 
22.000 -0.988 
23.000 -1.000 
24.000 -1.000 
25.000 -1.000 
26.000 -0.970 
27.000 -0.592 
28.000 -0.270 
29.000 -0.061 
30.000 0.066 
31.000 0.161 
32.000 0.114 
33.000 0.027 
34.000 -0.057 
35.000 -0.269 
36.000 -0.635 
37.000 -1.000 
38.000 -1.000 
39.000 -1.000 
40.000 -1.000 
41.000 -0.825 
42.000 -0.491 
43.000 -0.216 
44.000 -0.040 
45.000 0.068 
46.000 0.119 
47.000 0.048 
48.000 -0.008 
49.000 -0.121 
50.000 -0.369 
51.000 -0.704 
52.000 -0.999 
53.000 -1.000 
54.000 -1.000 
55.000 -0.952 
56.000 -0.690 
57.000 -0.404 
58.000 -0.171 
59.000 -0.022 
60.000 0.062 
61.000 0.074 
62.000 0.000 
63.000 -0.050 
64.000 -0.212 
65.000 -0.462 
66.000 -0.755 
67.000 -0.975 
68.000 -1.000 
69.000 -0.996 
70.000 -0.815 
71.000 -0.582 
72.000 -0.339 
73.000 -0.143 
74.000 -0.015 
75.000 0.040 
76.000 0.015 
77.000 -0.039 
78.000 -0.129 
79.000 -0.297 
80.000 -0.533 
81.000 -0.769 
82.000 -0.920 
83.000 -0.946 
84.000 -0.855 
85.000 -0.691 
86.000 -0.493 
87.000 -0.298 
88.000 -0.143 
89.000 -0.052 
90.000 -0.028 
91.000 -0.055 
92.000 -0.116 
93.000 -0.214 
94.000 -0.363 
95.000 -0.543 
96.000 -0.699 
97.000 -0.780 
98.000 -0.774 
99.000 -0.696 
100.000 -0.575 
101.000 -0.434 
102.000 -0.302 
103.000 -0.201 
104.000 -0.147 
105.000 -0.137 
106.000 -0.162 
107.000 -0.213 
108.000 -0.290 
109.000 -0.388 
110.000 -0.490 
111.000 -0.568 
112.000 -0.605 
113.000 -0.598 
114.000 -0.555 
115.000 -0.488 
116.000 -0.412 
117.000 -0.341 
118.000 -0.288 
119.000 -0.258 
120.000 -0.252 
121.000 0.163 
122.000 0.037 
123.000 0.069 
124.000 0.003 
125.000 -0.002 
126.000 -0.098 
127.000 -0.350 
128.000 -0.588 
129.000 -0.747 
130.000 -0.815 
131.000 -0.779 
132.000 -0.608 
133.000 -0.369 
134.000 -0.134 
135.000 0.057 
136.000 0.223 
137.000 0.241 
138.000 0.131 
139.000 0.097 
140.000 -0.093 
141.000 -0.307 
142.000 -0.842 
143.000 -1.000 
144.000 -1.000 
145.000 -1.000 
146.000 -1.000 
147.000 -0.644 
148.000 -0.224 
149.000 0.073 
150.000 0.328 
151.000 0.430 
152.000 0.187 
153.000 0.234 
154.000 -0.130 
155.000 -0.187 
156.000 -1.000 
157.000 -1.000 
158.000 -1.000 
159.000 -1.000 
160.000 -1.000 
161.000 -1.000 
162.000 -0.427 
163.000 -0.058 
164.000 0.169 
165.000 0.383 
166.000 0.345 
167.000 0.227 
168.000 0.109 
169.000 -0.087 
170.000 -0.496 
171.000 -1.000 
172.000 -1.000 
173.000 -1.000 
174.000 -1.000 
175.000 -1.000 
176.000 -0.878 
177.000 -0.356 
178.000 -0.025 
179.000 0.177 
180.000 0.356 
181.000 0.253 
182.000 0.211 
183.000 0.031 
184.000 -0.036 
185.000 -0.590 
186.000 -1.000 
187.000 -1.000 
188.000 -1.000 
189.000 -1.000 
190.000 -1.000 
191.000 -0.745 
192.000 -0.283 
193.000 0.010 
194.000 0.198 
195.000 0.336 
196.000 0.185 
197.000 0.194 
198.000 -0.052 
199.000 -0.097 
200.000 -0.714 
201.000 -1.000 
202.000 -1.000 
203.000 -1.000 
204.000 -1.000 
205.000 -1.000 
206.000 -0.563 
207.000 -0.176 
208.000 0.068 
209.000 0.260 
210.000 0.313 
211.000 0.153 
212.000 0.154 
213.000 -0.142 
214.000 -0.282 
215.000 -0.952 
216.000 -1.000 
217.000 -1.000 
218.000 -1.000 
219.000 -1.000 
220.000 -0.825 
221.000 -0.360 
222.000 -0.053 
223.000 0.137 
224.000 0.294 
225.000 0.205 
226.000 0.159 
227.000 0.028 
228.000 -0.077 
229.000 -0.547 
230.000 -1.000 
231.000 -1.000 
232.000 -1.000 
233.000 -1.000 
234.000 -1.000 
235.000 -0.663 
236.000 -0.253 
237.000 0.008 
238.000 0.175 
239.000 0.287 
240.000 0.149 
241.000 1.000 
242.000 -0.600 
243.000 1.000 
244.000 -1.000 
245.000 1.000 
246.000 -1.000 
247.000 0.343 
248.000 -0.061 
249.000 0.910 
250.000 1.000 
251.000 1.000 
252.000 1.000 
253.000 -0.073 
254.000 1.000 
255.000 -1.000 
256.000 -1.000 
257.000 -1.000 
258.000 -1.000 
259.000 -1.000 
260.000 -1.000 
261.000 -1.000 
262.000 0.417 
263.000 1.000 
264.000 1.000 
265.000 1.000 
266.000 1.000 
267.000 1.000 
268.000 -1.000 
269.000 0.004 
270.000 -1.000 
271.000 -1.000 
272.000 -1.000 
273.000 -1.000 
274.000 -1.000 
275.000 -0.765 
276.000 0.635 
277.000 1.000 
278.000 1.000 
279.000 1.000 
280.000 0.779 
281.000 0.410 
282.000 -0.367 
283.000 -0.908 
284.000 -1.000 
285.000 -1.000 
286.000 -1.000 
287.000 -1.000 
288.000 -1.000 
289.000 -0.905 
290.000 0.539 
291.000 1.000 
292.000 1.000 
293.000 1.000 
294.000 0.826 
295.000 1.000 
296.000 -1.000 
297.000 -0.525 
298.000 -1.000 
299.000 -1.000 
300.000 -1.000 
301.000 -1.000 
302.000 -1.000 
303.000 -0.828 
304.000 0.558 
305.000 1.000 
306.000 1.000 
307.000 1.000 
308.000 0.725 
309.000 0.776 
310.000 -1.000 
311.000 -0.752 
312.000 -1.000 
313.000 -1.000 
314.000 -1.000 
315.000 -1.000 
316.000 -1.000 
317.000 -0.677 
318.000 0.633 
319.000 1.000 
320.000 1.000 
321.000 1.000 
322.000 0.597 
323.000 -0.027 
324.000 1.000 
325.000 -1.000 
326.000 -1.000 
327.000 -1.000 
328.000 -1.000 
329.000 -1.000 
330.000 -1.000 
331.000 -1.000 
332.000 0.089 
333.000 1.000 
334.000 1.000 
335.000 1.000 
336.000 0.921 
337.000 1.000 
338.000 -1.000 
339.000 0.067 
340.000 -1.000 
341.000 -1.000 
342.000 -1.000 
343.000 -1.000 
344.000 -1.000 
345.000 -0.865 
346.000 0.463 
347.000 1.000 
348.000 1.000 
349.000 1.000 
350.000 0.650 
351.000 1.000 
352.000 -1.000 
353.000 -0.635 
354.000 -1.000 
355.000 -1.000 
356.000 -1.000 
357.000 -1.000 
358.000 -1.000 
359.000 -0.812 
360.000 0.492 
361.000 1.000 
362.000 1.000 
363.000 1.000 
364.000 0.867 
365.000 1.000 
366.000 -1.000 
367.000 1.000 
368.000 -1.000 
369.000 -1.000 
370.000 -1.000 
371.000 -1.000 
372.000 1.000 
373.000 1.000 
374.000 1.000 
375.000 1.000 
376.000 1.000 
377.000 1.000 
378.000 -1.000 
379.000 1.000 
380.000 -1.000 
381.000 -1.000 
382.000 -1.000 
383.000 -1.000 
384.000 0.656 
385.000 1.000 
386.000 1.000 
387.000 1.000 
388.000 1.000 
389.000 1.000 
390.000 -1.000 
391.000 1.000 
392.000 -1.000 
393.000 -1.000 
394.000 -1.000 
395.000 -1.000 
396.000 1.000 
397.000 1.000 
398.000 1.000 
399.000 1.000 
400.000 1.000 
401.000 1.000 
402.000 -1.000 
403.000 1.000 
404.000 -1.000 
405.000 -1.000 
406.000 -1.000 
407.000 -1.000 
408.000 0.968 
409.000 1.000 
410.000 1.000 
411.000 1.000 
412.000 1.000 
413.000 1.000 
414.000 -1.000 
415.000 1.000 
416.000 -1.000 
417.000 -1.000 
418.000 -1.000 
419.000 -1.000 
420.000 1.000 
421.000 1.000 
422.000 1.000 
423.000 1.000 
424.000 1.000 
425.000 1.000 
426.000 -1.000 
427.000 1.000 
428.000 -1.000 
429.000 -1.000 
430.000 -1.000 
431.000 -1.000 
432.000 1.000 
433.000 1.000 
434.000 1.000 
435.000 1.000 
436.000 1.000 
437.000 1.000 
438.000 -1.000 
439.000 1.000 
440.000 -1.000 
441.000 -1.000 
442.000 -1.000 
443.000 -1.000 
444.000 1.000 
445.000 1.000 
446.000 1.000 
447.000 1.000 
448.000 1.000 
449.000 1.000 
450.000 -1.000 
451.000 1.000 
452.000 -1.000 
453.000 -1.000 
454.000 -1.000 
455.000 -1.000 
456.000 1.000 
457.000 1.000 
458.000 1.000 
459.000 1.000 
460.000 1.000 
461.000 1.000 
462.000 -1.000 
463.000 1.000 
464.000 -1.000 
465.000 -1.000 
466.000 -1.000 
467.000 -1.000 
468.000 1.000 
469.000 1.000 
470.000 1.000 
471.000 1.000 
472.000 1.000 
473.000 1.000 
474.000 -1.000 
475.000 1.000 
476.000 -1.000 
477.000 -1.000 
478.000 -1.000 
479.000 -1.000 
480.000 1.000 
481.000 1.000 
482.000 1.000 
483.000 1.000 
484.000 1.000 
485.000 1.000 
486.000 -1.000 
487.000 1.000 
488.000 -1.000 
489.000 1.000 
490.000 -1.000 
491.000 1.000 
492.000 1.000 
493.000 1.000 
494.000 1.000 
495.000 1.000 
496.000 1.000 
497.000 -1.000 
498.000 1.000 
499.000 -1.000 
500.000 1.000 
501.000 -1.000 
502.000 1.000 
503.000 1.000 
504.000 1.000 
505.000 1.000 
506.000 1.000 
507.000 1.000 
508.000 -1.000 
509.000 1.000 
510.000 -1.000 
511.000 1.000 
512.000 -1.000 
513.000 1.000 
514.000 1.000 
515.000 1.000 
516.000 1.000 
517.000 1.000 
518.000 1.000 
519.000 -1.000 
520.000 1.000 
521.000 -1.000 
522.000 1.000 
523.000 -1.000 
524.000 1.000 
525.000 1.000 
526.000 1.000 
527.000 1.000 
528.000 1.000 
529.000 1.000 
530.000 -1.000 
531.000 1.000 
532.000 -1.000 
533.000 1.000 
534.000 -1.000 
535.000 1.000 
536.000 1.000 
537.000 1.000 
538.000 1.000 
539.000 1.000 
540.000 1.000 
541.000 -0.656 
542.000 1.000 
543.000 -1.000 
544.000 1.000 
545.000 -1.000 
546.000 1.000 
547.000 1.000 
548.000 1.000 
549.000 1.000 
550.000 1.000 
551.000 1.000 
552.000 0.403 
553.000 -0.343 
554.000 1.000 
555.000 -1.000 
556.000 1.000 
557.000 -1.000 
558.000 1.000 
559.000 1.000 
560.000 1.000 
561.000 1.000 
562.000 1.000 
563.000 1.000 
564.000 1.000 
565.000 -1.000 
566.000 1.000 
567.000 -1.000 
568.000 1.000 
569.000 -1.000 
570.000 1.000 
571.000 1.000 
572.000 1.000 
573.000 1.000 
574.000 1.000 
575.000 1.000 
576.000 1.000 
577.000 -1.000 
578.000 1.000 
579.000 -1.000 
580.000 1.000 
581.000 -1.000 
582.000 1.000 
583.000 1.000 
584.000 1.000 
585.000 1.000 
586.000 1.000 
587.000 1.000 
588.000 1.000 
589.000 -1.000 
590.000 1.000 
591.000 -1.000 
592.000 1.000 
593.000 -1.000 
594.000 1.000 
595.000 1.000 
596.000 1.000 
597.000 1.000 
598.000 1.000 
599.000 1.000 
600.000 1.000 
601.000 1.000 
602.000 -1.000 
603.000 1.000 
604.000 -1.000 
605.000 1.000 
606.000 -1.000 
607.000 1.000 
608.000 1.000 
609.000 1.000 
610.000 1.000 
611.000 1.000 
612.000 1.000 
613.000 1.000 
614.000 -0.976 
615.000 1.000 
616.000 -1.000 
617.000 1.000 
618.000 -1.000 
619.000 1.000 
620.000 1.000 
621.000 1.000 
622.000 1.000 
623.000 1.000 
624.000 1.000 
625.000 1.000 
626.000 -0.316 
627.000 1.000 
628.000 -1.000 
629.000 1.000 
630.000 -1.000 
631.000 1.000 
632.000 1.000 
633.000 1.000 
634.000 1.000 
635.000 1.000 
636.000 1.000 
637.000 1.000 
638.000 1.000 
639.000 -1.000 
640.000 1.000 
641.000 -1.000 
642.000 1.000 
643.000 -1.000 
644.000 1.000 
645.000 1.000 
646.000 1.000 
647.000 1.000 
648.000 1.000 
649.000 1.000 
650.000 1.000 
651.000 1.000 
652.000 -1.000 
653.000 1.000 
654.000 -1.000 
655.000 1.000 
656.000 -1.000 
657.000 1.000 
658.000 1.000 
659.000 1.000 
660.000 1.000 
661.000 1.000 
662.000 1.000 
663.000 1.000 
664.000 1.000 
665.000 -0.816 
666.000 1.000 
667.000 -1.000 
668.000 1.000 
669.000 -1.000 
670.000 1.000 
671.000 1.000 
672.000 1.000 
673.000 1.000 
674.000 1.000 
675.000 1.000 
676.000 1.000 
677.000 1.000 
678.000 0.330 
679.000 -0.099 
680.000 1.000 
681.000 -1.000 
682.000 1.000 
683.000 1.000 
684.000 1.000 
685.000 1.000 
686.000 1.000 
687.000 1.000 
688.000 1.000 
689.000 1.000 
690.000 1.000 
691.000 1.000 
692.000 0.528 
693.000 -0.530 
694.000 1.000 
695.000 -0.823 
696.000 1.000 
697.000 1.000 
698.000 1.000 
699.000 1.000 
700.000 1.000 
701.000 1.000 
702.000 1.000 
703.000 1.000 
704.000 1.000 
705.000 1.000 
706.000 0.896 
707.000 -0.164 
708.000 1.000 
709.000 0.032 
710.000 0.992 
711.000 1.000 
712.000 1.000 
713.000 1.000 
714.000 1.000 
715.000 1.000 
716.000 1.000 
717.000 1.000 
718.000 1.000 
719.000 1.000 
720.000 1.000 
721.000 1.000 
722.000 1.000 
723.000 1.000 
724.000 1.000 
725.000 1.000 
726.000 1.000 
727.000 1.000 
728.000 1.000 
729.000 1.000 
730.000 1.000 
731.000 1.000 
732.000 1.000 
733.000 1.000 
734.000 1.000 
735.000 1.000 
736.000 1.000 
737.000 1.000 
738.000 1.000 
739.000 1.000 
740.000 1.000 
741.000 1.000 
742.000 1.000 
743.000 1.000 
744.000 1.000 
745.000 1.000 
746.000 1.000 
747.000 1.000 
748.000 1.000 
749.000 1.000 
750.000 1.000 
751.000 1.000 
752.000 1.000 
753.000 1.000 
754.000 1.000 
755.000 1.000 
756.000 1.000 
757.000 1.000 
758.000 1.000 
759.000 1.000 
760.000 1.000 
761.000 1.000 
762.000 1.000 
763.000 1.000 
764.000 1.000 
765.000 1.000 
766.000 1.000 
767.000 1.000 
768.000 1.000 
769.000 1.000 
770.000 1.000 
771.000 1.000 
772.000 1.000 
773.000 1.000 
774.000 1.000 
775.000 1.000 
776.000 1.000 
777.000 1.000 
778.000 1.000 
779.000 1.000 
780.000 1.000 
781.000 1.000 
782.000 1.000 
783.000 1.000 
784.000 1.000 
785.000 1.000 
786.000 1.000 
787.000 1.000 
788.000 1.000 
789.000 1.000 
790.000 1.000 
791.000 1.000 
792.000 1.000 
793.000 1.000 
794.000 1.000 
795.000 1.000 
796.000 1.000 
797.000 1.000 
798.000 1.000 
799.000 1.000 
800.000 1.000 
