1.000 0.000 
2.000 0.000 
3.000 0.000 
4.000 0.000 
5.000 0.000 
6.000 0.000 
7.000 -0.866 
8.000 -0.461 
9.000 -0.464 
10.000 -0.466 
11.000 -0.468 
12.000 -0.232 
13.000 -0.076 
14.000 -0.085 
15.000 -0.083 
16.000 -0.079 
17.000 -0.070 
18.000 -0.125 
19.000 -0.211 
20.000 -0.264 
21.000 -0.297 
22.000 -0.320 
23.000 -0.320 
24.000 -0.286 
25.000 -0.240 
26.000 -0.203 
27.000 -0.178 
28.000 -0.161 
29.000 -0.154 
30.000 -0.160 
31.000 -0.176 
32.000 -0.197 
33.000 -0.218 
34.000 -0.235 
35.000 -0.246 
36.000 -0.248 
37.000 -0.243 
38.000 -0.233 
39.000 -0.221 
40.000 -0.211 
41.000 -0.203 
42.000 -0.200 
43.000 -0.200 
44.000 -0.204 
45.000 -0.210 
46.000 -0.217 
47.000 -0.223 
48.000 -0.228 
49.000 -0.231 
50.000 -0.231 
51.000 -0.229 
52.000 -0.226 
53.000 -0.223 
54.000 -0.221 
55.000 -0.219 
56.000 -0.219 
57.000 -0.220 
58.000 -0.222 
59.000 -0.224 
60.000 -0.227 
61.000 -0.229 
62.000 -0.230 
63.000 -0.231 
64.000 -0.231 
65.000 -0.231 
66.000 -0.230 
67.000 -0.230 
68.000 -0.230 
69.000 -0.230 
70.000 -0.230 
71.000 -0.231 
72.000 -0.232 
73.000 -0.233 
74.000 -0.234 
75.000 -0.235 
76.000 -0.236 
77.000 -0.236 
78.000 -0.236 
79.000 -0.237 
80.000 -0.237 
81.000 -0.237 
82.000 -0.238 
83.000 -0.238 
84.000 -0.239 
85.000 -0.239 
86.000 -0.240 
87.000 -0.240 
88.000 -0.241 
89.000 -0.242 
90.000 -0.242 
91.000 -0.243 
92.000 -0.243 
93.000 -0.244 
94.000 -0.244 
95.000 -0.245 
96.000 -0.245 
97.000 -0.246 
98.000 -0.246 
99.000 -0.247 
100.000 -0.247 
101.000 -0.248 
102.000 -0.248 
103.000 -0.249 
104.000 -0.249 
105.000 -0.250 
106.000 -0.250 
107.000 -0.251 
108.000 -0.251 
109.000 -0.252 
110.000 -0.252 
111.000 -0.253 
112.000 -0.253 
113.000 -0.254 
114.000 -0.254 
115.000 -0.255 
116.000 -0.255 
117.000 -0.256 
118.000 -0.256 
119.000 -0.257 
120.000 -0.257 
121.000 0.114 
122.000 -0.054 
123.000 -0.060 
124.000 -0.059 
125.000 -0.059 
126.000 -0.097 
127.000 -0.220 
128.000 -0.244 
129.000 -0.254 
130.000 -0.257 
131.000 -0.246 
132.000 -0.199 
133.000 -0.140 
134.000 -0.103 
135.000 -0.083 
136.000 -0.072 
137.000 -0.072 
138.000 -0.089 
139.000 -0.121 
140.000 -0.157 
141.000 -0.188 
142.000 -0.211 
143.000 -0.220 
144.000 -0.210 
145.000 -0.187 
146.000 -0.158 
147.000 -0.132 
148.000 -0.112 
149.000 -0.100 
150.000 -0.098 
151.000 -0.106 
152.000 -0.123 
153.000 -0.144 
154.000 -0.165 
155.000 -0.182 
156.000 -0.190 
157.000 -0.188 
158.000 -0.178 
159.000 -0.162 
160.000 -0.145 
161.000 -0.131 
162.000 -0.121 
163.000 -0.117 
164.000 -0.120 
165.000 -0.128 
166.000 -0.140 
167.000 -0.154 
168.000 -0.165 
169.000 -0.172 
170.000 -0.174 
171.000 -0.170 
172.000 -0.162 
173.000 -0.152 
174.000 -0.142 
175.000 -0.135 
176.000 -0.131 
177.000 -0.131 
178.000 -0.135 
179.000 -0.141 
180.000 -0.149 
181.000 -0.157 
182.000 -0.162 
183.000 -0.165 
184.000 -0.164 
185.000 -0.160 
186.000 -0.154 
187.000 -0.148 
188.000 -0.143 
189.000 -0.140 
190.000 -0.139 
191.000 -0.140 
192.000 -0.144 
193.000 -0.148 
194.000 -0.153 
195.000 -0.157 
196.000 -0.159 
197.000 -0.159 
198.000 -0.158 
199.000 -0.155 
200.000 -0.152 
201.000 -0.148 
202.000 -0.146 
203.000 -0.145 
204.000 -0.145 
205.000 -0.147 
206.000 -0.149 
207.000 -0.152 
208.000 -0.154 
209.000 -0.156 
210.000 -0.157 
211.000 -0.156 
212.000 -0.155 
213.000 -0.153 
214.000 -0.151 
215.000 -0.150 
216.000 -0.149 
217.000 -0.149 
218.000 -0.149 
219.000 -0.150 
220.000 -0.152 
221.000 -0.154 
222.000 -0.155 
223.000 -0.156 
224.000 -0.156 
225.000 -0.155 
226.000 -0.154 
227.000 -0.153 
228.000 -0.152 
229.000 -0.151 
230.000 -0.151 
231.000 -0.151 
232.000 -0.152 
233.000 -0.153 
234.000 -0.154 
235.000 -0.155 
236.000 -0.155 
237.000 -0.156 
238.000 -0.155 
239.000 -0.155 
240.000 -0.154 
241.000 1.000 
242.000 0.086 
243.000 0.846 
244.000 0.089 
245.000 0.851 
246.000 -0.032 
247.000 -0.028 
248.000 -0.764 
249.000 -0.841 
250.000 -1.000 
251.000 -1.000 
252.000 -0.320 
253.000 0.518 
254.000 0.272 
255.000 0.621 
256.000 0.157 
257.000 0.779 
258.000 0.111 
259.000 0.541 
260.000 -0.093 
261.000 -0.306 
262.000 -1.000 
263.000 -1.000 
264.000 -1.000 
265.000 -0.629 
266.000 0.229 
267.000 0.558 
268.000 0.237 
269.000 0.671 
270.000 0.153 
271.000 0.787 
272.000 0.051 
273.000 0.358 
274.000 -0.210 
275.000 -0.556 
276.000 -1.000 
277.000 -1.000 
278.000 -1.000 
279.000 -0.170 
280.000 0.561 
281.000 0.230 
282.000 0.685 
283.000 0.169 
284.000 0.769 
285.000 0.112 
286.000 0.546 
287.000 -0.096 
288.000 -0.372 
289.000 -1.000 
290.000 -1.000 
291.000 -1.000 
292.000 -0.631 
293.000 0.290 
294.000 0.527 
295.000 0.291 
296.000 0.602 
297.000 0.165 
298.000 0.774 
299.000 0.058 
300.000 0.335 
301.000 -0.209 
302.000 -0.533 
303.000 -1.000 
304.000 -1.000 
305.000 -0.977 
306.000 -0.120 
307.000 0.596 
308.000 0.196 
309.000 0.736 
310.000 0.179 
311.000 0.759 
312.000 0.117 
313.000 0.558 
314.000 -0.093 
315.000 -0.410 
316.000 -1.000 
317.000 -1.000 
318.000 -1.000 
319.000 -0.651 
320.000 0.321 
321.000 0.515 
322.000 0.316 
323.000 0.574 
324.000 0.212 
325.000 0.713 
326.000 0.067 
327.000 0.339 
328.000 -0.195 
329.000 -0.583 
330.000 -1.000 
331.000 -1.000 
332.000 -0.988 
333.000 -0.132 
334.000 0.622 
335.000 0.204 
336.000 0.729 
337.000 0.190 
338.000 0.748 
339.000 0.125 
340.000 0.554 
341.000 -0.087 
342.000 -0.418 
343.000 -1.000 
344.000 -1.000 
345.000 -1.000 
346.000 -0.655 
347.000 0.339 
348.000 0.512 
349.000 0.329 
350.000 0.561 
351.000 0.239 
352.000 0.680 
353.000 0.075 
354.000 0.343 
355.000 -0.183 
356.000 -0.607 
357.000 -1.000 
358.000 -1.000 
359.000 -0.999 
360.000 -0.141 
361.000 1.000 
362.000 0.454 
363.000 0.587 
364.000 0.459 
365.000 0.590 
366.000 0.351 
367.000 0.515 
368.000 0.194 
369.000 0.499 
370.000 -0.065 
371.000 -0.217 
372.000 -0.530 
373.000 -0.130 
374.000 -0.121 
375.000 1.000 
376.000 0.430 
377.000 0.634 
378.000 0.501 
379.000 0.557 
380.000 0.397 
381.000 0.468 
382.000 0.285 
383.000 0.328 
384.000 -0.046 
385.000 -0.323 
386.000 -0.559 
387.000 -0.352 
388.000 -0.081 
389.000 1.000 
390.000 0.478 
391.000 0.620 
392.000 0.519 
393.000 0.573 
394.000 0.409 
395.000 0.465 
396.000 0.304 
397.000 0.331 
398.000 -0.045 
399.000 -0.367 
400.000 -0.602 
401.000 -0.423 
402.000 -0.150 
403.000 1.000 
404.000 0.510 
405.000 0.620 
406.000 0.546 
407.000 0.575 
408.000 0.440 
409.000 0.444 
410.000 0.352 
411.000 0.305 
412.000 -0.030 
413.000 -0.417 
414.000 -0.632 
415.000 -0.545 
416.000 -0.221 
417.000 1.000 
418.000 0.540 
419.000 0.624 
420.000 0.570 
421.000 0.581 
422.000 0.469 
423.000 0.429 
424.000 0.389 
425.000 0.290 
426.000 -0.014 
427.000 -0.462 
428.000 -0.667 
429.000 -0.647 
430.000 -0.290 
431.000 0.978 
432.000 0.568 
433.000 0.630 
434.000 0.596 
435.000 0.587 
436.000 0.499 
437.000 0.419 
438.000 0.421 
439.000 0.285 
440.000 0.011 
441.000 -0.484 
442.000 -0.697 
443.000 -0.736 
444.000 -0.367 
445.000 0.877 
446.000 0.591 
447.000 0.641 
448.000 0.621 
449.000 0.606 
450.000 0.534 
451.000 0.425 
452.000 0.444 
453.000 0.328 
454.000 0.075 
455.000 -0.411 
456.000 -0.720 
457.000 -0.823 
458.000 -0.572 
459.000 0.523 
460.000 0.643 
461.000 0.660 
462.000 0.649 
463.000 0.629 
464.000 0.624 
465.000 0.471 
466.000 0.460 
467.000 0.364 
468.000 0.280 
469.000 -0.133 
470.000 -0.698 
471.000 -0.930 
472.000 -0.807 
473.000 -0.326 
474.000 1.000 
475.000 0.673 
476.000 0.689 
477.000 0.667 
478.000 0.652 
479.000 0.556 
480.000 0.396 
481.000 1.000 
482.000 1.000 
483.000 0.980 
484.000 0.939 
485.000 0.997 
486.000 0.882 
487.000 0.700 
488.000 0.535 
489.000 0.465 
490.000 0.433 
491.000 0.410 
492.000 0.457 
493.000 0.509 
494.000 0.628 
495.000 0.770 
496.000 0.959 
497.000 1.000 
498.000 1.000 
499.000 1.000 
500.000 1.000 
501.000 0.959 
502.000 0.796 
503.000 0.636 
504.000 0.487 
505.000 0.473 
506.000 0.402 
507.000 0.423 
508.000 0.470 
509.000 0.607 
510.000 0.702 
511.000 0.925 
512.000 1.000 
513.000 1.000 
514.000 1.000 
515.000 1.000 
516.000 1.000 
517.000 0.920 
518.000 0.758 
519.000 0.606 
520.000 0.466 
521.000 0.487 
522.000 0.394 
523.000 0.390 
524.000 0.554 
525.000 0.630 
526.000 0.795 
527.000 1.000 
528.000 1.000 
529.000 1.000 
530.000 1.000 
531.000 1.000 
532.000 1.000 
533.000 0.911 
534.000 0.754 
535.000 0.608 
536.000 0.474 
537.000 0.489 
538.000 0.385 
539.000 0.369 
540.000 0.566 
541.000 0.661 
542.000 0.840 
543.000 1.000 
544.000 1.000 
545.000 1.000 
546.000 1.000 
547.000 1.000 
548.000 1.000 
549.000 0.955 
550.000 0.799 
551.000 0.654 
552.000 0.522 
553.000 0.481 
554.000 0.426 
555.000 0.332 
556.000 0.458 
557.000 0.690 
558.000 0.813 
559.000 1.000 
560.000 1.000 
561.000 1.000 
562.000 1.000 
563.000 1.000 
564.000 1.000 
565.000 1.000 
566.000 0.888 
567.000 0.741 
568.000 0.606 
569.000 0.484 
570.000 0.496 
571.000 0.347 
572.000 0.318 
573.000 0.591 
574.000 0.731 
575.000 0.930 
576.000 1.000 
577.000 1.000 
578.000 1.000 
579.000 1.000 
580.000 1.000 
581.000 1.000 
582.000 1.000 
583.000 0.891 
584.000 0.747 
585.000 0.616 
586.000 0.498 
587.000 0.497 
588.000 0.343 
589.000 0.284 
590.000 0.557 
591.000 0.763 
592.000 0.954 
593.000 1.000 
594.000 1.000 
595.000 1.000 
596.000 1.000 
597.000 1.000 
598.000 1.000 
599.000 1.000 
600.000 0.954 
601.000 1.000 
602.000 1.000 
603.000 1.000 
604.000 1.000 
605.000 1.000 
606.000 1.000 
607.000 1.000 
608.000 0.999 
609.000 0.959 
610.000 0.927 
611.000 0.901 
612.000 0.881 
613.000 0.866 
614.000 0.871 
615.000 0.898 
616.000 0.942 
617.000 0.996 
618.000 1.000 
619.000 1.000 
620.000 1.000 
621.000 1.000 
622.000 1.000 
623.000 1.000 
624.000 1.000 
625.000 1.000 
626.000 1.000 
627.000 1.000 
628.000 0.994 
629.000 0.975 
630.000 0.959 
631.000 0.946 
632.000 0.934 
633.000 0.927 
634.000 0.930 
635.000 0.943 
636.000 0.964 
637.000 0.991 
638.000 1.000 
639.000 1.000 
640.000 1.000 
641.000 1.000 
642.000 1.000 
643.000 1.000 
644.000 1.000 
645.000 1.000 
646.000 1.000 
647.000 0.991 
648.000 0.979 
649.000 0.968 
650.000 0.959 
651.000 0.951 
652.000 0.948 
653.000 0.951 
654.000 0.962 
655.000 0.978 
656.000 0.998 
657.000 1.000 
658.000 1.000 
659.000 1.000 
660.000 1.000 
661.000 1.000 
662.000 1.000 
663.000 1.000 
664.000 1.000 
665.000 0.998 
666.000 0.988 
667.000 0.980 
668.000 0.972 
669.000 0.966 
670.000 0.961 
671.000 0.961 
672.000 0.967 
673.000 0.977 
674.000 0.990 
675.000 1.000 
676.000 1.000 
677.000 1.000 
678.000 1.000 
679.000 1.000 
680.000 1.000 
681.000 1.000 
682.000 1.000 
683.000 1.000 
684.000 0.995 
685.000 0.988 
686.000 0.982 
687.000 0.976 
688.000 0.972 
689.000 0.970 
690.000 0.972 
691.000 0.978 
692.000 0.987 
693.000 0.998 
694.000 1.000 
695.000 1.000 
696.000 1.000 
697.000 1.000 
698.000 1.000 
699.000 1.000 
700.000 1.000 
701.000 1.000 
702.000 0.999 
703.000 0.993 
704.000 0.988 
705.000 0.984 
706.000 0.980 
707.000 0.977 
708.000 0.977 
709.000 0.981 
710.000 0.987 
711.000 0.995 
712.000 1.000 
713.000 1.000 
714.000 1.000 
715.000 1.000 
716.000 1.000 
717.000 1.000 
718.000 1.000 
719.000 1.000 
720.000 1.000 
721.000 0.997 
722.000 0.993 
723.000 0.989 
724.000 0.986 
725.000 0.983 
726.000 0.982 
727.000 0.984 
728.000 0.987 
729.000 0.993 
730.000 0.999 
731.000 1.000 
732.000 1.000 
733.000 1.000 
734.000 1.000 
735.000 1.000 
736.000 1.000 
737.000 1.000 
738.000 1.000 
739.000 0.999 
740.000 0.996 
741.000 0.993 
742.000 0.990 
743.000 0.988 
744.000 0.987 
745.000 0.987 
746.000 0.989 
747.000 0.992 
748.000 0.997 
749.000 1.000 
750.000 1.000 
751.000 1.000 
752.000 1.000 
753.000 1.000 
754.000 1.000 
755.000 1.000 
756.000 1.000 
757.000 1.000 
758.000 0.998 
759.000 0.996 
760.000 0.994 
761.000 0.992 
762.000 0.990 
763.000 0.990 
764.000 0.991 
765.000 0.993 
766.000 0.996 
767.000 1.000 
768.000 1.000 
769.000 1.000 
770.000 1.000 
771.000 1.000 
772.000 1.000 
773.000 1.000 
774.000 1.000 
775.000 1.000 
776.000 0.999 
777.000 0.997 
778.000 0.996 
779.000 0.994 
780.000 0.993 
781.000 0.992 
782.000 0.992 
783.000 0.994 
784.000 0.996 
785.000 0.998 
786.000 1.000 
787.000 1.000 
788.000 1.000 
789.000 1.000 
790.000 1.000 
791.000 1.000 
792.000 1.000 
793.000 1.000 
794.000 1.000 
795.000 0.999 
796.000 0.997 
797.000 0.996 
798.000 0.995 
799.000 0.994 
800.000 0.994 
