1.000 0.000 
2.000 0.000 
3.000 0.000 
4.000 0.000 
5.000 0.000 
6.000 0.000 
7.000 -0.021 
8.000 -0.021 
9.000 -0.021 
10.000 -0.021 
11.000 -0.021 
12.000 -0.021 
13.000 -0.021 
14.000 -0.021 
15.000 -0.020 
16.000 -0.020 
17.000 -0.020 
18.000 -0.020 
19.000 -0.020 
20.000 -0.020 
21.000 -0.020 
22.000 -0.020 
23.000 -0.021 
24.000 -0.021 
25.000 -0.021 
26.000 -0.021 
27.000 -0.021 
28.000 -0.021 
29.000 -0.021 
30.000 -0.021 
31.000 -0.021 
32.000 -0.021 
33.000 -0.021 
34.000 -0.022 
35.000 -0.022 
36.000 -0.022 
37.000 -0.022 
38.000 -0.022 
39.000 -0.022 
40.000 -0.022 
41.000 -0.022 
42.000 -0.022 
43.000 -0.022 
44.000 -0.022 
45.000 -0.023 
46.000 -0.023 
47.000 -0.023 
48.000 -0.023 
49.000 -0.023 
50.000 -0.023 
51.000 -0.023 
52.000 -0.023 
53.000 -0.023 
54.000 -0.023 
55.000 -0.023 
56.000 -0.023 
57.000 -0.024 
58.000 -0.024 
59.000 -0.024 
60.000 -0.024 
61.000 -0.024 
62.000 -0.024 
63.000 -0.024 
64.000 -0.024 
65.000 -0.024 
66.000 -0.024 
67.000 -0.024 
68.000 -0.024 
69.000 -0.025 
70.000 -0.025 
71.000 -0.025 
72.000 -0.025 
73.000 -0.025 
74.000 -0.025 
75.000 -0.025 
76.000 -0.025 
77.000 -0.025 
78.000 -0.025 
79.000 -0.025 
80.000 -0.026 
81.000 -0.026 
82.000 -0.026 
83.000 -0.026 
84.000 -0.026 
85.000 -0.026 
86.000 -0.026 
87.000 -0.026 
88.000 -0.026 
89.000 -0.026 
90.000 -0.026 
91.000 -0.026 
92.000 -0.027 
93.000 -0.027 
94.000 -0.027 
95.000 -0.027 
96.000 -0.027 
97.000 -0.027 
98.000 -0.027 
99.000 -0.027 
100.000 -0.027 
101.000 -0.027 
102.000 -0.027 
103.000 -0.027 
104.000 -0.028 
105.000 -0.028 
106.000 -0.028 
107.000 -0.028 
108.000 -0.028 
109.000 -0.028 
110.000 -0.028 
111.000 -0.028 
112.000 -0.028 
113.000 -0.028 
114.000 -0.028 
115.000 -0.028 
116.000 -0.029 
117.000 -0.029 
118.000 -0.029 
119.000 -0.029 
120.000 -0.029 
121.000 -0.020 
122.000 -0.020 
123.000 -0.020 
124.000 -0.020 
125.000 -0.020 
126.000 -0.020 
127.000 -0.020 
128.000 -0.021 
129.000 -0.021 
130.000 -0.021 
131.000 -0.021 
132.000 -0.021 
133.000 -0.021 
134.000 -0.021 
135.000 -0.021 
136.000 -0.021 
137.000 -0.021 
138.000 -0.021 
139.000 -0.021 
140.000 -0.022 
141.000 -0.022 
142.000 -0.022 
143.000 -0.022 
144.000 -0.022 
145.000 -0.022 
146.000 -0.022 
147.000 -0.022 
148.000 -0.022 
149.000 -0.022 
150.000 -0.022 
151.000 -0.022 
152.000 -0.022 
153.000 -0.022 
154.000 -0.022 
155.000 -0.022 
156.000 -0.022 
157.000 -0.022 
158.000 -0.022 
159.000 -0.022 
160.000 -0.022 
161.000 -0.022 
162.000 -0.023 
163.000 -0.023 
164.000 -0.023 
165.000 -0.023 
166.000 -0.023 
167.000 -0.023 
168.000 -0.023 
169.000 -0.023 
170.000 -0.023 
171.000 -0.023 
172.000 -0.023 
173.000 -0.023 
174.000 -0.023 
175.000 -0.023 
176.000 -0.023 
177.000 -0.023 
178.000 -0.023 
179.000 -0.023 
180.000 -0.023 
181.000 -0.023 
182.000 -0.023 
183.000 -0.023 
184.000 -0.023 
185.000 -0.024 
186.000 -0.024 
187.000 -0.024 
188.000 -0.024 
189.000 -0.024 
190.000 -0.024 
191.000 -0.024 
192.000 -0.024 
193.000 -0.024 
194.000 -0.024 
195.000 -0.024 
196.000 -0.024 
197.000 -0.024 
198.000 -0.024 
199.000 -0.024 
200.000 -0.024 
201.000 -0.024 
202.000 -0.024 
203.000 -0.024 
204.000 -0.024 
205.000 -0.024 
206.000 -0.024 
207.000 -0.024 
208.000 -0.025 
209.000 -0.025 
210.000 -0.025 
211.000 -0.025 
212.000 -0.025 
213.000 -0.025 
214.000 -0.025 
215.000 -0.025 
216.000 -0.025 
217.000 -0.025 
218.000 -0.025 
219.000 -0.025 
220.000 -0.025 
221.000 -0.025 
222.000 -0.025 
223.000 -0.025 
224.000 -0.025 
225.000 -0.025 
226.000 -0.025 
227.000 -0.025 
228.000 -0.025 
229.000 -0.025 
230.000 -0.026 
231.000 -0.026 
232.000 -0.026 
233.000 -0.026 
234.000 -0.026 
235.000 -0.026 
236.000 -0.026 
237.000 -0.026 
238.000 -0.026 
239.000 -0.026 
240.000 -0.026 
241.000 0.025 
242.000 0.002 
243.000 0.024 
244.000 0.006 
245.000 0.022 
246.000 -0.011 
247.000 0.025 
248.000 -0.018 
249.000 0.024 
250.000 -0.017 
251.000 0.024 
252.000 0.004 
253.000 0.023 
254.000 0.016 
255.000 0.022 
256.000 0.017 
257.000 0.013 
258.000 0.013 
259.000 0.010 
260.000 0.014 
261.000 0.013 
262.000 0.019 
263.000 0.022 
264.000 0.027 
265.000 0.028 
266.000 0.028 
267.000 0.023 
268.000 0.018 
269.000 0.016 
270.000 0.015 
271.000 0.017 
272.000 0.022 
273.000 0.031 
274.000 0.044 
275.000 0.060 
276.000 0.072 
277.000 0.067 
278.000 0.035 
279.000 0.007 
280.000 0.016 
281.000 -0.002 
282.000 0.024 
283.000 0.008 
284.000 0.037 
285.000 0.087 
286.000 0.168 
287.000 0.300 
288.000 0.515 
289.000 0.623 
290.000 -0.782 
291.000 0.026 
292.000 -0.025 
293.000 0.002 
294.000 -0.027 
295.000 -0.005 
296.000 0.017 
297.000 0.055 
298.000 0.123 
299.000 0.234 
300.000 0.412 
301.000 0.158 
302.000 -0.237 
303.000 0.032 
304.000 -0.029 
305.000 0.014 
306.000 -0.019 
307.000 0.010 
308.000 0.036 
309.000 0.085 
310.000 0.167 
311.000 0.302 
312.000 0.520 
313.000 0.872 
314.000 -0.516 
315.000 0.030 
316.000 -0.029 
317.000 0.006 
318.000 -0.036 
319.000 -0.011 
320.000 0.008 
321.000 0.033 
322.000 0.082 
323.000 0.166 
324.000 0.303 
325.000 0.524 
326.000 0.878 
327.000 -0.683 
328.000 0.032 
329.000 -0.031 
330.000 0.008 
331.000 -0.037 
332.000 -0.007 
333.000 0.015 
334.000 0.051 
335.000 0.117 
336.000 0.225 
337.000 0.400 
338.000 0.681 
339.000 0.315 
340.000 -0.508 
341.000 0.031 
342.000 -0.034 
343.000 -0.004 
344.000 -0.026 
345.000 -0.007 
346.000 0.013 
347.000 0.048 
348.000 0.112 
349.000 0.218 
350.000 0.389 
351.000 0.663 
352.000 0.842 
353.000 -1.000 
354.000 0.033 
355.000 -0.035 
356.000 -0.001 
357.000 -0.038 
358.000 -0.011 
359.000 0.019 
360.000 0.064 
361.000 0.230 
362.000 0.471 
363.000 0.815 
364.000 1.000 
365.000 1.000 
366.000 0.226 
367.000 -0.299 
368.000 0.096 
369.000 -0.118 
370.000 -0.012 
371.000 -0.042 
372.000 0.004 
373.000 0.054 
374.000 0.167 
375.000 0.358 
376.000 0.648 
377.000 1.000 
378.000 1.000 
379.000 1.000 
380.000 -1.000 
381.000 0.117 
382.000 -0.132 
383.000 0.022 
384.000 -0.080 
385.000 0.018 
386.000 0.104 
387.000 0.266 
388.000 0.517 
389.000 0.882 
390.000 1.000 
391.000 1.000 
392.000 1.000 
393.000 -1.000 
394.000 0.103 
395.000 -0.127 
396.000 -0.010 
397.000 -0.080 
398.000 -0.004 
399.000 0.065 
400.000 0.203 
401.000 0.427 
402.000 0.754 
403.000 1.000 
404.000 1.000 
405.000 1.000 
406.000 -1.000 
407.000 0.120 
408.000 -0.139 
409.000 0.017 
410.000 -0.078 
411.000 0.017 
412.000 0.105 
413.000 0.271 
414.000 0.529 
415.000 0.900 
416.000 1.000 
417.000 1.000 
418.000 1.000 
419.000 -1.000 
420.000 0.112 
421.000 -0.136 
422.000 -0.002 
423.000 -0.072 
424.000 0.004 
425.000 0.080 
426.000 0.233 
427.000 0.476 
428.000 0.825 
429.000 1.000 
430.000 1.000 
431.000 1.000 
432.000 -1.000 
433.000 0.124 
434.000 -0.145 
435.000 0.016 
436.000 -0.078 
437.000 0.018 
438.000 0.112 
439.000 0.286 
440.000 0.555 
441.000 0.937 
442.000 1.000 
443.000 1.000 
444.000 1.000 
445.000 -1.000 
446.000 0.118 
447.000 -0.144 
448.000 0.002 
449.000 -0.072 
450.000 0.009 
451.000 0.094 
452.000 0.261 
453.000 0.520 
454.000 0.889 
455.000 1.000 
456.000 1.000 
457.000 1.000 
458.000 -1.000 
459.000 0.128 
460.000 -0.151 
461.000 0.015 
462.000 -0.079 
463.000 0.020 
464.000 0.119 
465.000 0.302 
466.000 0.581 
467.000 0.974 
468.000 1.000 
469.000 1.000 
470.000 1.000 
471.000 -1.000 
472.000 0.124 
473.000 -0.151 
474.000 0.005 
475.000 -0.074 
476.000 0.014 
477.000 0.108 
478.000 0.286 
479.000 0.560 
480.000 0.945 
481.000 1.000 
482.000 1.000 
483.000 1.000 
484.000 1.000 
485.000 -1.000 
486.000 0.492 
487.000 -0.743 
488.000 0.361 
489.000 -0.486 
490.000 0.395 
491.000 0.823 
492.000 1.000 
493.000 1.000 
494.000 1.000 
495.000 1.000 
496.000 1.000 
497.000 -1.000 
498.000 0.521 
499.000 -0.809 
500.000 0.386 
501.000 -0.532 
502.000 0.420 
503.000 0.852 
504.000 1.000 
505.000 1.000 
506.000 1.000 
507.000 1.000 
508.000 1.000 
509.000 -1.000 
510.000 0.545 
511.000 -0.865 
512.000 0.410 
513.000 -0.576 
514.000 0.444 
515.000 0.878 
516.000 1.000 
517.000 1.000 
518.000 1.000 
519.000 1.000 
520.000 1.000 
521.000 -1.000 
522.000 0.570 
523.000 -0.924 
524.000 0.434 
525.000 -0.623 
526.000 0.468 
527.000 0.903 
528.000 1.000 
529.000 1.000 
530.000 1.000 
531.000 1.000 
532.000 1.000 
533.000 -1.000 
534.000 0.594 
535.000 -0.985 
536.000 0.458 
537.000 -0.671 
538.000 0.492 
539.000 0.925 
540.000 1.000 
541.000 1.000 
542.000 1.000 
543.000 1.000 
544.000 1.000 
545.000 1.000 
546.000 -1.000 
547.000 0.553 
548.000 -0.883 
549.000 0.409 
550.000 -0.575 
551.000 0.471 
552.000 0.910 
553.000 1.000 
554.000 1.000 
555.000 1.000 
556.000 1.000 
557.000 1.000 
558.000 1.000 
559.000 -1.000 
560.000 0.581 
561.000 -0.952 
562.000 0.438 
563.000 -0.631 
564.000 0.499 
565.000 0.934 
566.000 1.000 
567.000 1.000 
568.000 1.000 
569.000 1.000 
570.000 1.000 
571.000 1.000 
572.000 -1.000 
573.000 0.605 
574.000 -1.000 
575.000 0.462 
576.000 -0.680 
577.000 0.523 
578.000 0.953 
579.000 1.000 
580.000 1.000 
581.000 1.000 
582.000 1.000 
583.000 1.000 
584.000 1.000 
585.000 -1.000 
586.000 0.630 
587.000 -1.000 
588.000 0.486 
589.000 -0.732 
590.000 0.548 
591.000 0.970 
592.000 1.000 
593.000 1.000 
594.000 1.000 
595.000 1.000 
596.000 1.000 
597.000 1.000 
598.000 -1.000 
599.000 0.654 
600.000 -1.000 
601.000 0.814 
602.000 -1.000 
603.000 0.879 
604.000 1.000 
605.000 1.000 
606.000 1.000 
607.000 1.000 
608.000 1.000 
609.000 1.000 
610.000 1.000 
611.000 1.000 
612.000 -1.000 
613.000 0.914 
614.000 -1.000 
615.000 0.776 
616.000 -1.000 
617.000 0.874 
618.000 1.000 
619.000 1.000 
620.000 1.000 
621.000 1.000 
622.000 1.000 
623.000 1.000 
624.000 1.000 
625.000 1.000 
626.000 1.000 
627.000 -1.000 
628.000 0.895 
629.000 -1.000 
630.000 0.763 
631.000 -0.912 
632.000 0.885 
633.000 1.000 
634.000 1.000 
635.000 1.000 
636.000 1.000 
637.000 1.000 
638.000 1.000 
639.000 1.000 
640.000 1.000 
641.000 1.000 
642.000 1.000 
643.000 -0.371 
644.000 0.873 
645.000 1.000 
646.000 1.000 
647.000 1.000 
648.000 1.000 
649.000 1.000 
650.000 1.000 
651.000 1.000 
652.000 1.000 
653.000 1.000 
654.000 1.000 
655.000 1.000 
656.000 1.000 
657.000 1.000 
658.000 1.000 
659.000 1.000 
660.000 1.000 
661.000 1.000 
662.000 1.000 
663.000 1.000 
664.000 1.000 
665.000 1.000 
666.000 1.000 
667.000 1.000 
668.000 1.000 
669.000 1.000 
670.000 1.000 
671.000 1.000 
672.000 1.000 
673.000 1.000 
674.000 1.000 
675.000 1.000 
676.000 1.000 
677.000 1.000 
678.000 1.000 
679.000 1.000 
680.000 1.000 
681.000 1.000 
682.000 1.000 
683.000 1.000 
684.000 1.000 
685.000 1.000 
686.000 1.000 
687.000 1.000 
688.000 1.000 
689.000 1.000 
690.000 1.000 
691.000 1.000 
692.000 1.000 
693.000 1.000 
694.000 1.000 
695.000 1.000 
696.000 1.000 
697.000 1.000 
698.000 1.000 
699.000 1.000 
700.000 1.000 
701.000 1.000 
702.000 1.000 
703.000 1.000 
704.000 1.000 
705.000 1.000 
706.000 1.000 
707.000 1.000 
708.000 1.000 
709.000 1.000 
710.000 1.000 
711.000 1.000 
712.000 1.000 
713.000 1.000 
714.000 1.000 
715.000 1.000 
716.000 1.000 
717.000 1.000 
718.000 1.000 
719.000 1.000 
720.000 1.000 
721.000 1.000 
722.000 1.000 
723.000 1.000 
724.000 1.000 
725.000 1.000 
726.000 1.000 
727.000 1.000 
728.000 1.000 
729.000 1.000 
730.000 1.000 
731.000 1.000 
732.000 1.000 
733.000 1.000 
734.000 1.000 
735.000 1.000 
736.000 1.000 
737.000 1.000 
738.000 1.000 
739.000 1.000 
740.000 1.000 
741.000 1.000 
742.000 1.000 
743.000 1.000 
744.000 1.000 
745.000 1.000 
746.000 1.000 
747.000 1.000 
748.000 1.000 
749.000 1.000 
750.000 1.000 
751.000 1.000 
752.000 1.000 
753.000 1.000 
754.000 1.000 
755.000 1.000 
756.000 1.000 
757.000 1.000 
758.000 1.000 
759.000 1.000 
760.000 1.000 
761.000 1.000 
762.000 1.000 
763.000 1.000 
764.000 1.000 
765.000 1.000 
766.000 1.000 
767.000 1.000 
768.000 1.000 
769.000 1.000 
770.000 1.000 
771.000 1.000 
772.000 1.000 
773.000 1.000 
774.000 1.000 
775.000 1.000 
776.000 1.000 
777.000 1.000 
778.000 1.000 
779.000 1.000 
780.000 1.000 
781.000 1.000 
782.000 1.000 
783.000 1.000 
784.000 1.000 
785.000 1.000 
786.000 1.000 
787.000 1.000 
788.000 1.000 
789.000 1.000 
790.000 1.000 
791.000 1.000 
792.000 1.000 
793.000 1.000 
794.000 1.000 
795.000 1.000 
796.000 1.000 
797.000 1.000 
798.000 1.000 
799.000 1.000 
800.000 1.000 
