1.000 0.000 
2.000 0.000 
3.000 0.000 
4.000 0.000 
5.000 0.000 
6.000 0.000 
7.000 -1.000 
8.000 -0.510 
9.000 -0.513 
10.000 -0.515 
11.000 -0.518 
12.000 -0.098 
13.000 0.086 
14.000 -0.013 
15.000 -0.044 
16.000 -0.052 
17.000 -0.011 
18.000 -0.231 
19.000 -0.438 
20.000 -0.476 
21.000 -0.465 
22.000 -0.474 
23.000 -0.380 
24.000 -0.213 
25.000 -0.110 
26.000 -0.082 
27.000 -0.082 
28.000 -0.085 
29.000 -0.111 
30.000 -0.194 
31.000 -0.289 
32.000 -0.350 
33.000 -0.375 
34.000 -0.371 
35.000 -0.328 
36.000 -0.256 
37.000 -0.194 
38.000 -0.157 
39.000 -0.142 
40.000 -0.142 
41.000 -0.160 
42.000 -0.197 
43.000 -0.242 
44.000 -0.281 
45.000 -0.303 
46.000 -0.307 
47.000 -0.292 
48.000 -0.263 
49.000 -0.231 
50.000 -0.206 
51.000 -0.191 
52.000 -0.188 
53.000 -0.195 
54.000 -0.211 
55.000 -0.233 
56.000 -0.253 
57.000 -0.268 
58.000 -0.274 
59.000 -0.270 
60.000 -0.260 
61.000 -0.245 
62.000 -0.232 
63.000 -0.223 
64.000 -0.219 
65.000 -0.221 
66.000 -0.227 
67.000 -0.237 
68.000 -0.247 
69.000 -0.255 
70.000 -0.260 
71.000 -0.260 
72.000 -0.257 
73.000 -0.252 
74.000 -0.246 
75.000 -0.241 
76.000 -0.238 
77.000 -0.238 
78.000 -0.241 
79.000 -0.245 
80.000 -0.250 
81.000 -0.254 
82.000 -0.257 
83.000 -0.258 
84.000 -0.258 
85.000 -0.256 
86.000 -0.254 
87.000 -0.252 
88.000 -0.250 
89.000 -0.250 
90.000 -0.251 
91.000 -0.253 
92.000 -0.255 
93.000 -0.257 
94.000 -0.259 
95.000 -0.260 
96.000 -0.261 
97.000 -0.260 
98.000 -0.260 
99.000 -0.259 
100.000 -0.259 
101.000 -0.259 
102.000 -0.259 
103.000 -0.260 
104.000 -0.261 
105.000 -0.263 
106.000 -0.264 
107.000 -0.265 
108.000 -0.265 
109.000 -0.266 
110.000 -0.266 
111.000 -0.266 
112.000 -0.266 
113.000 -0.266 
114.000 -0.266 
115.000 -0.267 
116.000 -0.268 
117.000 -0.269 
118.000 -0.269 
119.000 -0.270 
120.000 -0.271 
121.000 0.312 
122.000 -0.043 
123.000 -0.052 
124.000 -0.051 
125.000 -0.050 
126.000 -0.218 
127.000 -0.469 
128.000 -0.402 
129.000 -0.352 
130.000 -0.322 
131.000 -0.228 
132.000 -0.073 
133.000 0.026 
134.000 0.024 
135.000 0.004 
136.000 -0.014 
137.000 -0.069 
138.000 -0.211 
139.000 -0.354 
140.000 -0.419 
141.000 -0.423 
142.000 -0.370 
143.000 -0.243 
144.000 -0.107 
145.000 -0.018 
146.000 0.020 
147.000 0.024 
148.000 0.009 
149.000 -0.049 
150.000 -0.166 
151.000 -0.301 
152.000 -0.403 
153.000 -0.448 
154.000 -0.414 
155.000 -0.292 
156.000 -0.151 
157.000 -0.049 
158.000 0.008 
159.000 0.029 
160.000 0.021 
161.000 -0.023 
162.000 -0.122 
163.000 -0.253 
164.000 -0.374 
165.000 -0.447 
166.000 -0.444 
167.000 -0.345 
168.000 -0.202 
169.000 -0.083 
170.000 -0.010 
171.000 0.025 
172.000 0.026 
173.000 -0.003 
174.000 -0.082 
175.000 -0.204 
176.000 -0.334 
177.000 -0.429 
178.000 -0.457 
179.000 -0.391 
180.000 -0.255 
181.000 -0.124 
182.000 -0.035 
183.000 0.013 
184.000 0.025 
185.000 0.009 
186.000 -0.049 
187.000 -0.157 
188.000 -0.287 
189.000 -0.397 
190.000 -0.451 
191.000 -0.422 
192.000 -0.307 
193.000 -0.170 
194.000 -0.067 
195.000 -0.005 
196.000 0.019 
197.000 0.013 
198.000 -0.026 
199.000 -0.116 
200.000 -0.238 
201.000 -0.355 
202.000 -0.431 
203.000 -0.434 
204.000 -0.350 
205.000 -0.219 
206.000 -0.104 
207.000 -0.030 
208.000 0.007 
209.000 0.012 
210.000 -0.013 
211.000 -0.082 
212.000 -0.190 
213.000 -0.308 
214.000 -0.398 
215.000 -0.429 
216.000 -0.379 
217.000 -0.264 
218.000 -0.145 
219.000 -0.060 
220.000 -0.012 
221.000 0.004 
222.000 -0.008 
223.000 -0.057 
224.000 -0.149 
225.000 -0.260 
226.000 -0.357 
227.000 -0.409 
228.000 -0.391 
229.000 -0.302 
230.000 -0.187 
231.000 -0.094 
232.000 -0.035 
233.000 -0.009 
234.000 -0.010 
235.000 -0.043 
236.000 -0.115 
237.000 -0.214 
238.000 -0.312 
239.000 -0.377 
240.000 -0.386 
241.000 1.000 
242.000 0.077 
243.000 0.883 
244.000 0.101 
245.000 0.850 
246.000 0.011 
247.000 -0.100 
248.000 -1.000 
249.000 -1.000 
250.000 -1.000 
251.000 -1.000 
252.000 0.029 
253.000 0.959 
254.000 0.178 
255.000 0.753 
256.000 0.154 
257.000 0.792 
258.000 0.044 
259.000 -0.091 
260.000 -1.000 
261.000 -1.000 
262.000 -1.000 
263.000 -1.000 
264.000 -0.066 
265.000 1.000 
266.000 0.186 
267.000 0.743 
268.000 0.162 
269.000 0.781 
270.000 0.047 
271.000 -0.134 
272.000 -1.000 
273.000 -1.000 
274.000 -1.000 
275.000 -1.000 
276.000 0.052 
277.000 0.928 
278.000 0.192 
279.000 0.737 
280.000 0.168 
281.000 0.778 
282.000 0.061 
283.000 -0.037 
284.000 -1.000 
285.000 -1.000 
286.000 -1.000 
287.000 -1.000 
288.000 -0.225 
289.000 1.000 
290.000 0.200 
291.000 0.728 
292.000 0.175 
293.000 0.761 
294.000 0.063 
295.000 -0.105 
296.000 -1.000 
297.000 -1.000 
298.000 -1.000 
299.000 -1.000 
300.000 -0.025 
301.000 1.000 
302.000 0.205 
303.000 0.723 
304.000 0.180 
305.000 0.763 
306.000 0.065 
307.000 -0.116 
308.000 -1.000 
309.000 -1.000 
310.000 -1.000 
311.000 -1.000 
312.000 0.005 
313.000 0.993 
314.000 0.211 
315.000 0.717 
316.000 0.186 
317.000 0.758 
318.000 0.071 
319.000 -0.102 
320.000 -1.000 
321.000 -1.000 
322.000 -1.000 
323.000 -1.000 
324.000 -0.035 
325.000 1.000 
326.000 0.217 
327.000 0.711 
328.000 0.191 
329.000 0.751 
330.000 0.076 
331.000 -0.103 
332.000 -1.000 
333.000 -1.000 
334.000 -1.000 
335.000 -1.000 
336.000 -0.033 
337.000 1.000 
338.000 0.223 
339.000 0.706 
340.000 0.197 
341.000 0.746 
342.000 0.082 
343.000 -0.097 
344.000 -1.000 
345.000 -1.000 
346.000 -1.000 
347.000 -1.000 
348.000 -0.050 
349.000 1.000 
350.000 0.228 
351.000 0.701 
352.000 0.202 
353.000 0.740 
354.000 0.087 
355.000 -0.091 
356.000 -1.000 
357.000 -1.000 
358.000 -1.000 
359.000 -1.000 
360.000 -0.070 
361.000 1.000 
362.000 0.485 
363.000 0.575 
364.000 0.489 
365.000 0.588 
366.000 0.373 
367.000 0.491 
368.000 0.216 
369.000 0.055 
370.000 -0.638 
371.000 -0.844 
372.000 -1.000 
373.000 -0.290 
374.000 1.000 
375.000 0.495 
376.000 0.622 
377.000 0.533 
378.000 0.584 
379.000 0.447 
380.000 0.443 
381.000 0.356 
382.000 0.103 
383.000 -0.513 
384.000 -0.991 
385.000 -1.000 
386.000 -0.852 
387.000 0.579 
388.000 0.521 
389.000 0.638 
390.000 0.577 
391.000 0.573 
392.000 0.598 
393.000 0.433 
394.000 0.483 
395.000 0.316 
396.000 0.116 
397.000 -0.565 
398.000 -1.000 
399.000 -1.000 
400.000 -0.809 
401.000 0.619 
402.000 0.550 
403.000 0.655 
404.000 0.614 
405.000 0.591 
406.000 0.611 
407.000 0.450 
408.000 0.474 
409.000 0.335 
410.000 0.031 
411.000 -0.847 
412.000 -1.000 
413.000 -1.000 
414.000 -0.968 
415.000 0.999 
416.000 0.626 
417.000 0.666 
418.000 0.645 
419.000 0.625 
420.000 0.613 
421.000 0.403 
422.000 0.494 
423.000 0.161 
424.000 -0.462 
425.000 -1.000 
426.000 -1.000 
427.000 -1.000 
428.000 -0.239 
429.000 1.000 
430.000 0.694 
431.000 0.685 
432.000 0.662 
433.000 0.663 
434.000 0.555 
435.000 0.389 
436.000 0.433 
437.000 -0.054 
438.000 -1.000 
439.000 -1.000 
440.000 -1.000 
441.000 -1.000 
442.000 1.000 
443.000 0.709 
444.000 0.732 
445.000 0.702 
446.000 0.680 
447.000 0.673 
448.000 0.450 
449.000 0.454 
450.000 0.131 
451.000 -0.786 
452.000 -1.000 
453.000 -1.000 
454.000 -1.000 
455.000 -0.268 
456.000 1.000 
457.000 0.762 
458.000 0.736 
459.000 0.710 
460.000 0.708 
461.000 0.603 
462.000 0.376 
463.000 0.428 
464.000 -0.118 
465.000 -1.000 
466.000 -1.000 
467.000 -1.000 
468.000 -1.000 
469.000 1.000 
470.000 0.765 
471.000 0.780 
472.000 0.748 
473.000 0.725 
474.000 0.718 
475.000 0.486 
476.000 0.426 
477.000 0.089 
478.000 -0.855 
479.000 -1.000 
480.000 -1.000 
481.000 1.000 
482.000 1.000 
483.000 1.000 
484.000 1.000 
485.000 1.000 
486.000 1.000 
487.000 1.000 
488.000 1.000 
489.000 1.000 
490.000 0.966 
491.000 0.765 
492.000 0.583 
493.000 0.438 
494.000 0.342 
495.000 -0.185 
496.000 -0.981 
497.000 -0.143 
498.000 1.000 
499.000 0.912 
500.000 1.000 
501.000 1.000 
502.000 1.000 
503.000 1.000 
504.000 1.000 
505.000 1.000 
506.000 1.000 
507.000 1.000 
508.000 1.000 
509.000 0.870 
510.000 0.698 
511.000 0.546 
512.000 0.424 
513.000 0.022 
514.000 -0.954 
515.000 -0.995 
516.000 0.339 
517.000 0.890 
518.000 1.000 
519.000 1.000 
520.000 1.000 
521.000 1.000 
522.000 1.000 
523.000 1.000 
524.000 1.000 
525.000 1.000 
526.000 1.000 
527.000 1.000 
528.000 1.000 
529.000 0.851 
530.000 0.701 
531.000 0.569 
532.000 0.416 
533.000 -0.057 
534.000 -1.000 
535.000 -1.000 
536.000 0.155 
537.000 0.985 
538.000 1.000 
539.000 1.000 
540.000 1.000 
541.000 1.000 
542.000 1.000 
543.000 1.000 
544.000 1.000 
545.000 1.000 
546.000 1.000 
547.000 1.000 
548.000 1.000 
549.000 1.000 
550.000 0.862 
551.000 0.732 
552.000 0.619 
553.000 0.524 
554.000 0.259 
555.000 -0.382 
556.000 -1.000 
557.000 -0.276 
558.000 1.000 
559.000 1.000 
560.000 1.000 
561.000 1.000 
562.000 1.000 
563.000 1.000 
564.000 1.000 
565.000 1.000 
566.000 1.000 
567.000 1.000 
568.000 1.000 
569.000 1.000 
570.000 1.000 
571.000 1.000 
572.000 0.900 
573.000 0.785 
574.000 0.686 
575.000 0.602 
576.000 0.532 
577.000 0.341 
578.000 -0.104 
579.000 -0.883 
580.000 0.614 
581.000 1.000 
582.000 1.000 
583.000 1.000 
584.000 1.000 
585.000 1.000 
586.000 1.000 
587.000 1.000 
588.000 1.000 
589.000 1.000 
590.000 1.000 
591.000 1.000 
592.000 1.000 
593.000 1.000 
594.000 1.000 
595.000 1.000 
596.000 0.905 
597.000 0.807 
598.000 0.723 
599.000 0.653 
600.000 0.594 
601.000 1.000 
602.000 1.000 
603.000 1.000 
604.000 1.000 
605.000 1.000 
606.000 1.000 
607.000 1.000 
608.000 1.000 
609.000 1.000 
610.000 1.000 
611.000 1.000 
612.000 1.000 
613.000 1.000 
614.000 1.000 
615.000 1.000 
616.000 1.000 
617.000 1.000 
618.000 1.000 
619.000 1.000 
620.000 1.000 
621.000 1.000 
622.000 1.000 
623.000 1.000 
624.000 1.000 
625.000 1.000 
626.000 1.000 
627.000 1.000 
628.000 1.000 
629.000 1.000 
630.000 1.000 
631.000 1.000 
632.000 1.000 
633.000 1.000 
634.000 1.000 
635.000 1.000 
636.000 1.000 
637.000 1.000 
638.000 1.000 
639.000 1.000 
640.000 1.000 
641.000 1.000 
642.000 1.000 
643.000 1.000 
644.000 1.000 
645.000 1.000 
646.000 1.000 
647.000 1.000 
648.000 1.000 
649.000 1.000 
650.000 1.000 
651.000 1.000 
652.000 1.000 
653.000 1.000 
654.000 1.000 
655.000 1.000 
656.000 1.000 
657.000 1.000 
658.000 1.000 
659.000 1.000 
660.000 1.000 
661.000 1.000 
662.000 1.000 
663.000 1.000 
664.000 1.000 
665.000 1.000 
666.000 1.000 
667.000 1.000 
668.000 1.000 
669.000 1.000 
670.000 1.000 
671.000 1.000 
672.000 1.000 
673.000 1.000 
674.000 1.000 
675.000 1.000 
676.000 1.000 
677.000 1.000 
678.000 1.000 
679.000 1.000 
680.000 1.000 
681.000 1.000 
682.000 1.000 
683.000 1.000 
684.000 1.000 
685.000 1.000 
686.000 1.000 
687.000 1.000 
688.000 1.000 
689.000 1.000 
690.000 1.000 
691.000 1.000 
692.000 1.000 
693.000 1.000 
694.000 1.000 
695.000 1.000 
696.000 1.000 
697.000 1.000 
698.000 1.000 
699.000 1.000 
700.000 1.000 
701.000 1.000 
702.000 1.000 
703.000 1.000 
704.000 1.000 
705.000 1.000 
706.000 1.000 
707.000 1.000 
708.000 1.000 
709.000 1.000 
710.000 1.000 
711.000 1.000 
712.000 1.000 
713.000 1.000 
714.000 1.000 
715.000 1.000 
716.000 1.000 
717.000 1.000 
718.000 1.000 
719.000 1.000 
720.000 1.000 
721.000 1.000 
722.000 1.000 
723.000 1.000 
724.000 1.000 
725.000 1.000 
726.000 1.000 
727.000 1.000 
728.000 1.000 
729.000 1.000 
730.000 1.000 
731.000 1.000 
732.000 1.000 
733.000 1.000 
734.000 1.000 
735.000 1.000 
736.000 1.000 
737.000 1.000 
738.000 1.000 
739.000 1.000 
740.000 1.000 
741.000 1.000 
742.000 1.000 
743.000 1.000 
744.000 1.000 
745.000 1.000 
746.000 1.000 
747.000 1.000 
748.000 1.000 
749.000 1.000 
750.000 1.000 
751.000 1.000 
752.000 1.000 
753.000 1.000 
754.000 1.000 
755.000 1.000 
756.000 1.000 
757.000 1.000 
758.000 1.000 
759.000 1.000 
760.000 1.000 
761.000 1.000 
762.000 1.000 
763.000 1.000 
764.000 1.000 
765.000 1.000 
766.000 1.000 
767.000 1.000 
768.000 1.000 
769.000 1.000 
770.000 1.000 
771.000 1.000 
772.000 1.000 
773.000 1.000 
774.000 1.000 
775.000 1.000 
776.000 1.000 
777.000 1.000 
778.000 1.000 
779.000 1.000 
780.000 1.000 
781.000 1.000 
782.000 1.000 
783.000 1.000 
784.000 1.000 
785.000 1.000 
786.000 1.000 
787.000 1.000 
788.000 1.000 
789.000 1.000 
790.000 1.000 
791.000 1.000 
792.000 1.000 
793.000 1.000 
794.000 1.000 
795.000 1.000 
796.000 1.000 
797.000 1.000 
798.000 1.000 
799.000 1.000 
800.000 1.000 
