1.000 0.000 
2.000 0.000 
3.000 0.000 
4.000 0.000 
5.000 0.000 
6.000 0.000 
7.000 -0.223 
8.000 -0.067 
9.000 -0.067 
10.000 -0.068 
11.000 -0.068 
12.000 -0.046 
13.000 -0.032 
14.000 -0.040 
15.000 -0.045 
16.000 -0.048 
17.000 -0.051 
18.000 -0.056 
19.000 -0.059 
20.000 -0.059 
21.000 -0.058 
22.000 -0.057 
23.000 -0.055 
24.000 -0.054 
25.000 -0.054 
26.000 -0.054 
27.000 -0.054 
28.000 -0.055 
29.000 -0.056 
30.000 -0.056 
31.000 -0.056 
32.000 -0.057 
33.000 -0.057 
34.000 -0.057 
35.000 -0.057 
36.000 -0.057 
37.000 -0.057 
38.000 -0.057 
39.000 -0.057 
40.000 -0.058 
41.000 -0.058 
42.000 -0.058 
43.000 -0.058 
44.000 -0.058 
45.000 -0.058 
46.000 -0.059 
47.000 -0.059 
48.000 -0.059 
49.000 -0.059 
50.000 -0.059 
51.000 -0.059 
52.000 -0.060 
53.000 -0.060 
54.000 -0.060 
55.000 -0.060 
56.000 -0.060 
57.000 -0.060 
58.000 -0.061 
59.000 -0.061 
60.000 -0.061 
61.000 -0.061 
62.000 -0.061 
63.000 -0.061 
64.000 -0.062 
65.000 -0.062 
66.000 -0.062 
67.000 -0.062 
68.000 -0.062 
69.000 -0.062 
70.000 -0.063 
71.000 -0.063 
72.000 -0.063 
73.000 -0.063 
74.000 -0.063 
75.000 -0.063 
76.000 -0.064 
77.000 -0.064 
78.000 -0.064 
79.000 -0.064 
80.000 -0.064 
81.000 -0.064 
82.000 -0.065 
83.000 -0.065 
84.000 -0.065 
85.000 -0.065 
86.000 -0.065 
87.000 -0.065 
88.000 -0.065 
89.000 -0.066 
90.000 -0.066 
91.000 -0.066 
92.000 -0.066 
93.000 -0.066 
94.000 -0.066 
95.000 -0.067 
96.000 -0.067 
97.000 -0.067 
98.000 -0.067 
99.000 -0.067 
100.000 -0.067 
101.000 -0.068 
102.000 -0.068 
103.000 -0.068 
104.000 -0.068 
105.000 -0.068 
106.000 -0.068 
107.000 -0.069 
108.000 -0.069 
109.000 -0.069 
110.000 -0.069 
111.000 -0.069 
112.000 -0.069 
113.000 -0.070 
114.000 -0.070 
115.000 -0.070 
116.000 -0.070 
117.000 -0.070 
118.000 -0.070 
119.000 -0.070 
120.000 -0.071 
121.000 0.025 
122.000 -0.047 
123.000 -0.042 
124.000 -0.042 
125.000 -0.042 
126.000 -0.050 
127.000 -0.056 
128.000 -0.053 
129.000 -0.051 
130.000 -0.050 
131.000 -0.049 
132.000 -0.048 
133.000 -0.047 
134.000 -0.047 
135.000 -0.047 
136.000 -0.048 
137.000 -0.048 
138.000 -0.049 
139.000 -0.049 
140.000 -0.050 
141.000 -0.050 
142.000 -0.049 
143.000 -0.049 
144.000 -0.049 
145.000 -0.049 
146.000 -0.049 
147.000 -0.049 
148.000 -0.050 
149.000 -0.050 
150.000 -0.050 
151.000 -0.050 
152.000 -0.050 
153.000 -0.050 
154.000 -0.050 
155.000 -0.050 
156.000 -0.050 
157.000 -0.050 
158.000 -0.050 
159.000 -0.050 
160.000 -0.051 
161.000 -0.051 
162.000 -0.051 
163.000 -0.051 
164.000 -0.051 
165.000 -0.051 
166.000 -0.051 
167.000 -0.051 
168.000 -0.051 
169.000 -0.051 
170.000 -0.051 
171.000 -0.051 
172.000 -0.051 
173.000 -0.052 
174.000 -0.052 
175.000 -0.052 
176.000 -0.052 
177.000 -0.052 
178.000 -0.052 
179.000 -0.052 
180.000 -0.052 
181.000 -0.052 
182.000 -0.052 
183.000 -0.052 
184.000 -0.052 
185.000 -0.052 
186.000 -0.053 
187.000 -0.053 
188.000 -0.053 
189.000 -0.053 
190.000 -0.053 
191.000 -0.053 
192.000 -0.053 
193.000 -0.053 
194.000 -0.053 
195.000 -0.053 
196.000 -0.053 
197.000 -0.053 
198.000 -0.053 
199.000 -0.053 
200.000 -0.054 
201.000 -0.054 
202.000 -0.054 
203.000 -0.054 
204.000 -0.054 
205.000 -0.054 
206.000 -0.054 
207.000 -0.054 
208.000 -0.054 
209.000 -0.054 
210.000 -0.054 
211.000 -0.054 
212.000 -0.054 
213.000 -0.055 
214.000 -0.055 
215.000 -0.055 
216.000 -0.055 
217.000 -0.055 
218.000 -0.055 
219.000 -0.055 
220.000 -0.055 
221.000 -0.055 
222.000 -0.055 
223.000 -0.055 
224.000 -0.055 
225.000 -0.055 
226.000 -0.055 
227.000 -0.056 
228.000 -0.056 
229.000 -0.056 
230.000 -0.056 
231.000 -0.056 
232.000 -0.056 
233.000 -0.056 
234.000 -0.056 
235.000 -0.056 
236.000 -0.056 
237.000 -0.056 
238.000 -0.056 
239.000 -0.056 
240.000 -0.057 
241.000 0.486 
242.000 -0.137 
243.000 0.107 
244.000 0.055 
245.000 0.081 
246.000 0.004 
247.000 0.045 
248.000 0.047 
249.000 0.044 
250.000 0.045 
251.000 0.055 
252.000 0.058 
253.000 0.056 
254.000 0.057 
255.000 0.057 
256.000 0.056 
257.000 0.054 
258.000 0.054 
259.000 0.054 
260.000 0.054 
261.000 0.055 
262.000 0.056 
263.000 0.057 
264.000 0.058 
265.000 0.058 
266.000 0.058 
267.000 0.059 
268.000 0.059 
269.000 0.059 
270.000 0.059 
271.000 0.060 
272.000 0.060 
273.000 0.060 
274.000 0.061 
275.000 0.061 
276.000 0.062 
277.000 0.062 
278.000 0.062 
279.000 0.063 
280.000 0.063 
281.000 0.063 
282.000 0.064 
283.000 0.064 
284.000 0.064 
285.000 0.065 
286.000 0.065 
287.000 0.066 
288.000 0.066 
289.000 0.066 
290.000 0.067 
291.000 0.067 
292.000 0.068 
293.000 0.068 
294.000 0.068 
295.000 0.069 
296.000 0.069 
297.000 0.069 
298.000 0.070 
299.000 0.070 
300.000 0.071 
301.000 0.071 
302.000 0.071 
303.000 0.072 
304.000 0.072 
305.000 0.073 
306.000 0.073 
307.000 0.073 
308.000 0.074 
309.000 0.074 
310.000 0.074 
311.000 0.075 
312.000 0.075 
313.000 0.076 
314.000 0.076 
315.000 0.076 
316.000 0.077 
317.000 0.077 
318.000 0.078 
319.000 0.078 
320.000 0.078 
321.000 0.079 
322.000 0.079 
323.000 0.080 
324.000 0.080 
325.000 0.080 
326.000 0.081 
327.000 0.081 
328.000 0.082 
329.000 0.082 
330.000 0.082 
331.000 0.083 
332.000 0.083 
333.000 0.084 
334.000 0.084 
335.000 0.084 
336.000 0.085 
337.000 0.085 
338.000 0.086 
339.000 0.086 
340.000 0.087 
341.000 0.087 
342.000 0.087 
343.000 0.088 
344.000 0.088 
345.000 0.089 
346.000 0.089 
347.000 0.089 
348.000 0.090 
349.000 0.090 
350.000 0.091 
351.000 0.091 
352.000 0.092 
353.000 0.092 
354.000 0.092 
355.000 0.093 
356.000 0.093 
357.000 0.094 
358.000 0.094 
359.000 0.094 
360.000 0.095 
361.000 0.874 
362.000 0.167 
363.000 0.338 
364.000 0.281 
365.000 0.307 
366.000 0.218 
367.000 0.192 
368.000 0.185 
369.000 0.182 
370.000 0.182 
371.000 0.209 
372.000 0.244 
373.000 0.270 
374.000 0.288 
375.000 0.299 
376.000 0.303 
377.000 0.299 
378.000 0.291 
379.000 0.280 
380.000 0.268 
381.000 0.257 
382.000 0.250 
383.000 0.247 
384.000 0.251 
385.000 0.260 
386.000 0.272 
387.000 0.285 
388.000 0.297 
389.000 0.305 
390.000 0.310 
391.000 0.312 
392.000 0.310 
393.000 0.306 
394.000 0.300 
395.000 0.294 
396.000 0.289 
397.000 0.286 
398.000 0.287 
399.000 0.290 
400.000 0.296 
401.000 0.305 
402.000 0.313 
403.000 0.322 
404.000 0.328 
405.000 0.332 
406.000 0.334 
407.000 0.334 
408.000 0.331 
409.000 0.327 
410.000 0.322 
411.000 0.318 
412.000 0.315 
413.000 0.314 
414.000 0.316 
415.000 0.320 
416.000 0.327 
417.000 0.335 
418.000 0.344 
419.000 0.351 
420.000 0.357 
421.000 0.361 
422.000 0.362 
423.000 0.360 
424.000 0.356 
425.000 0.350 
426.000 0.344 
427.000 0.337 
428.000 0.332 
429.000 0.330 
430.000 0.331 
431.000 0.335 
432.000 0.344 
433.000 0.355 
434.000 0.367 
435.000 0.379 
436.000 0.388 
437.000 0.394 
438.000 0.396 
439.000 0.394 
440.000 0.388 
441.000 0.378 
442.000 0.365 
443.000 0.350 
444.000 0.336 
445.000 0.324 
446.000 0.317 
447.000 0.318 
448.000 0.329 
449.000 0.348 
450.000 0.373 
451.000 0.399 
452.000 0.423 
453.000 0.441 
454.000 0.452 
455.000 0.455 
456.000 0.450 
457.000 0.437 
458.000 0.415 
459.000 0.384 
460.000 0.344 
461.000 0.297 
462.000 0.249 
463.000 0.209 
464.000 0.190 
465.000 0.207 
466.000 0.265 
467.000 0.353 
468.000 0.441 
469.000 0.505 
470.000 0.543 
471.000 0.563 
472.000 0.572 
473.000 0.572 
474.000 0.563 
475.000 0.542 
476.000 0.503 
477.000 0.439 
478.000 0.337 
479.000 0.182 
480.000 -0.042 
481.000 1.000 
482.000 0.764 
483.000 0.801 
484.000 0.853 
485.000 0.921 
486.000 0.957 
487.000 0.976 
488.000 0.990 
489.000 0.996 
490.000 0.994 
491.000 0.986 
492.000 0.971 
493.000 0.952 
494.000 0.929 
495.000 0.904 
496.000 0.878 
497.000 0.852 
498.000 0.826 
499.000 0.802 
500.000 0.781 
501.000 0.763 
502.000 0.748 
503.000 0.738 
504.000 0.732 
505.000 0.729 
506.000 0.730 
507.000 0.735 
508.000 0.741 
509.000 0.750 
510.000 0.760 
511.000 0.770 
512.000 0.781 
513.000 0.791 
514.000 0.800 
515.000 0.808 
516.000 0.815 
517.000 0.820 
518.000 0.824 
519.000 0.826 
520.000 0.827 
521.000 0.827 
522.000 0.826 
523.000 0.823 
524.000 0.821 
525.000 0.817 
526.000 0.813 
527.000 0.809 
528.000 0.806 
529.000 0.802 
530.000 0.799 
531.000 0.796 
532.000 0.794 
533.000 0.792 
534.000 0.791 
535.000 0.790 
536.000 0.790 
537.000 0.790 
538.000 0.791 
539.000 0.792 
540.000 0.793 
541.000 0.795 
542.000 0.796 
543.000 0.797 
544.000 0.799 
545.000 0.800 
546.000 0.801 
547.000 0.802 
548.000 0.803 
549.000 0.803 
550.000 0.804 
551.000 0.804 
552.000 0.804 
553.000 0.804 
554.000 0.803 
555.000 0.803 
556.000 0.802 
557.000 0.802 
558.000 0.801 
559.000 0.801 
560.000 0.800 
561.000 0.800 
562.000 0.799 
563.000 0.799 
564.000 0.799 
565.000 0.799 
566.000 0.799 
567.000 0.799 
568.000 0.799 
569.000 0.799 
570.000 0.799 
571.000 0.799 
572.000 0.799 
573.000 0.799 
574.000 0.800 
575.000 0.800 
576.000 0.800 
577.000 0.800 
578.000 0.800 
579.000 0.800 
580.000 0.800 
581.000 0.801 
582.000 0.801 
583.000 0.801 
584.000 0.800 
585.000 0.800 
586.000 0.800 
587.000 0.800 
588.000 0.800 
589.000 0.800 
590.000 0.800 
591.000 0.800 
592.000 0.800 
593.000 0.800 
594.000 0.800 
595.000 0.800 
596.000 0.800 
597.000 0.800 
598.000 0.800 
599.000 0.800 
600.000 0.800 
601.000 1.000 
602.000 1.000 
603.000 1.000 
604.000 1.000 
605.000 1.000 
606.000 1.000 
607.000 1.000 
608.000 1.000 
609.000 1.000 
610.000 1.000 
611.000 1.000 
612.000 1.000 
613.000 1.000 
614.000 1.000 
615.000 1.000 
616.000 1.000 
617.000 1.000 
618.000 1.000 
619.000 1.000 
620.000 1.000 
621.000 1.000 
622.000 1.000 
623.000 1.000 
624.000 1.000 
625.000 1.000 
626.000 1.000 
627.000 1.000 
628.000 1.000 
629.000 1.000 
630.000 1.000 
631.000 1.000 
632.000 1.000 
633.000 1.000 
634.000 1.000 
635.000 1.000 
636.000 1.000 
637.000 1.000 
638.000 1.000 
639.000 1.000 
640.000 1.000 
641.000 1.000 
642.000 1.000 
643.000 1.000 
644.000 1.000 
645.000 1.000 
646.000 1.000 
647.000 1.000 
648.000 1.000 
649.000 1.000 
650.000 1.000 
651.000 1.000 
652.000 1.000 
653.000 1.000 
654.000 1.000 
655.000 1.000 
656.000 1.000 
657.000 1.000 
658.000 1.000 
659.000 1.000 
660.000 1.000 
661.000 1.000 
662.000 1.000 
663.000 1.000 
664.000 1.000 
665.000 1.000 
666.000 1.000 
667.000 1.000 
668.000 1.000 
669.000 1.000 
670.000 1.000 
671.000 1.000 
672.000 1.000 
673.000 1.000 
674.000 1.000 
675.000 1.000 
676.000 1.000 
677.000 1.000 
678.000 1.000 
679.000 1.000 
680.000 1.000 
681.000 1.000 
682.000 1.000 
683.000 1.000 
684.000 1.000 
685.000 1.000 
686.000 1.000 
687.000 1.000 
688.000 1.000 
689.000 1.000 
690.000 1.000 
691.000 1.000 
692.000 1.000 
693.000 1.000 
694.000 1.000 
695.000 1.000 
696.000 1.000 
697.000 1.000 
698.000 1.000 
699.000 1.000 
700.000 1.000 
701.000 1.000 
702.000 1.000 
703.000 1.000 
704.000 1.000 
705.000 1.000 
706.000 1.000 
707.000 1.000 
708.000 1.000 
709.000 1.000 
710.000 1.000 
711.000 1.000 
712.000 1.000 
713.000 1.000 
714.000 1.000 
715.000 1.000 
716.000 1.000 
717.000 1.000 
718.000 1.000 
719.000 1.000 
720.000 1.000 
721.000 1.000 
722.000 1.000 
723.000 1.000 
724.000 1.000 
725.000 1.000 
726.000 1.000 
727.000 1.000 
728.000 1.000 
729.000 1.000 
730.000 1.000 
731.000 1.000 
732.000 1.000 
733.000 1.000 
734.000 1.000 
735.000 1.000 
736.000 1.000 
737.000 1.000 
738.000 1.000 
739.000 1.000 
740.000 1.000 
741.000 1.000 
742.000 1.000 
743.000 1.000 
744.000 1.000 
745.000 1.000 
746.000 1.000 
747.000 1.000 
748.000 1.000 
749.000 1.000 
750.000 1.000 
751.000 1.000 
752.000 1.000 
753.000 1.000 
754.000 1.000 
755.000 1.000 
756.000 1.000 
757.000 1.000 
758.000 1.000 
759.000 1.000 
760.000 1.000 
761.000 1.000 
762.000 1.000 
763.000 1.000 
764.000 1.000 
765.000 1.000 
766.000 1.000 
767.000 1.000 
768.000 1.000 
769.000 1.000 
770.000 1.000 
771.000 1.000 
772.000 1.000 
773.000 1.000 
774.000 1.000 
775.000 1.000 
776.000 1.000 
777.000 1.000 
778.000 1.000 
779.000 1.000 
780.000 1.000 
781.000 1.000 
782.000 1.000 
783.000 1.000 
784.000 1.000 
785.000 1.000 
786.000 1.000 
787.000 1.000 
788.000 1.000 
789.000 1.000 
790.000 1.000 
791.000 1.000 
792.000 1.000 
793.000 1.000 
794.000 1.000 
795.000 1.000 
796.000 1.000 
797.000 1.000 
798.000 1.000 
799.000 1.000 
800.000 1.000 
