1.000 0.000 
2.000 0.000 
3.000 0.000 
4.000 0.000 
5.000 0.000 
6.000 0.000 
7.000 -1.000 
8.000 -0.469 
9.000 -0.471 
10.000 -0.474 
11.000 -0.476 
12.000 -0.150 
13.000 0.018 
14.000 -0.046 
15.000 -0.065 
16.000 -0.069 
17.000 -0.051 
18.000 -0.170 
19.000 -0.305 
20.000 -0.349 
21.000 -0.361 
22.000 -0.371 
23.000 -0.339 
24.000 -0.257 
25.000 -0.186 
26.000 -0.150 
27.000 -0.135 
28.000 -0.128 
29.000 -0.135 
30.000 -0.164 
31.000 -0.205 
32.000 -0.241 
33.000 -0.265 
34.000 -0.278 
35.000 -0.276 
36.000 -0.257 
37.000 -0.232 
38.000 -0.209 
39.000 -0.193 
40.000 -0.184 
41.000 -0.183 
42.000 -0.189 
43.000 -0.202 
44.000 -0.217 
45.000 -0.230 
46.000 -0.240 
47.000 -0.244 
48.000 -0.243 
49.000 -0.237 
50.000 -0.229 
51.000 -0.221 
52.000 -0.215 
53.000 -0.212 
54.000 -0.212 
55.000 -0.215 
56.000 -0.220 
57.000 -0.225 
58.000 -0.230 
59.000 -0.234 
60.000 -0.236 
61.000 -0.236 
62.000 -0.234 
63.000 -0.231 
64.000 -0.229 
65.000 -0.227 
66.000 -0.227 
67.000 -0.227 
68.000 -0.228 
69.000 -0.230 
70.000 -0.233 
71.000 -0.235 
72.000 -0.236 
73.000 -0.237 
74.000 -0.237 
75.000 -0.237 
76.000 -0.237 
77.000 -0.236 
78.000 -0.236 
79.000 -0.236 
80.000 -0.237 
81.000 -0.237 
82.000 -0.238 
83.000 -0.240 
84.000 -0.240 
85.000 -0.241 
86.000 -0.242 
87.000 -0.242 
88.000 -0.243 
89.000 -0.243 
90.000 -0.243 
91.000 -0.243 
92.000 -0.244 
93.000 -0.244 
94.000 -0.245 
95.000 -0.245 
96.000 -0.246 
97.000 -0.247 
98.000 -0.247 
99.000 -0.248 
100.000 -0.248 
101.000 -0.249 
102.000 -0.249 
103.000 -0.250 
104.000 -0.250 
105.000 -0.250 
106.000 -0.251 
107.000 -0.251 
108.000 -0.252 
109.000 -0.253 
110.000 -0.253 
111.000 -0.254 
112.000 -0.254 
113.000 -0.255 
114.000 -0.255 
115.000 -0.255 
116.000 -0.256 
117.000 -0.256 
118.000 -0.257 
119.000 -0.257 
120.000 -0.258 
121.000 0.196 
122.000 -0.049 
123.000 -0.057 
124.000 -0.057 
125.000 -0.056 
126.000 -0.134 
127.000 -0.303 
128.000 -0.298 
129.000 -0.286 
130.000 -0.277 
131.000 -0.241 
132.000 -0.157 
133.000 -0.080 
134.000 -0.052 
135.000 -0.046 
136.000 -0.048 
137.000 -0.064 
138.000 -0.112 
139.000 -0.177 
140.000 -0.228 
141.000 -0.258 
142.000 -0.266 
143.000 -0.244 
144.000 -0.195 
145.000 -0.142 
146.000 -0.101 
147.000 -0.075 
148.000 -0.064 
149.000 -0.069 
150.000 -0.093 
151.000 -0.131 
152.000 -0.173 
153.000 -0.210 
154.000 -0.232 
155.000 -0.233 
156.000 -0.212 
157.000 -0.177 
158.000 -0.140 
159.000 -0.110 
160.000 -0.091 
161.000 -0.084 
162.000 -0.092 
163.000 -0.112 
164.000 -0.141 
165.000 -0.172 
166.000 -0.197 
167.000 -0.211 
168.000 -0.209 
169.000 -0.192 
170.000 -0.166 
171.000 -0.139 
172.000 -0.118 
173.000 -0.105 
174.000 -0.102 
175.000 -0.109 
176.000 -0.125 
177.000 -0.147 
178.000 -0.170 
179.000 -0.187 
180.000 -0.195 
181.000 -0.191 
182.000 -0.178 
183.000 -0.159 
184.000 -0.140 
185.000 -0.125 
186.000 -0.116 
187.000 -0.116 
188.000 -0.122 
189.000 -0.135 
190.000 -0.152 
191.000 -0.167 
192.000 -0.179 
193.000 -0.183 
194.000 -0.179 
195.000 -0.169 
196.000 -0.155 
197.000 -0.142 
198.000 -0.132 
199.000 -0.126 
200.000 -0.126 
201.000 -0.132 
202.000 -0.142 
203.000 -0.154 
204.000 -0.165 
205.000 -0.172 
206.000 -0.174 
207.000 -0.171 
208.000 -0.163 
209.000 -0.154 
210.000 -0.144 
211.000 -0.137 
212.000 -0.134 
213.000 -0.135 
214.000 -0.140 
215.000 -0.147 
216.000 -0.156 
217.000 -0.163 
218.000 -0.168 
219.000 -0.168 
220.000 -0.166 
221.000 -0.160 
222.000 -0.153 
223.000 -0.147 
224.000 -0.142 
225.000 -0.140 
226.000 -0.141 
227.000 -0.145 
228.000 -0.151 
229.000 -0.156 
230.000 -0.161 
231.000 -0.164 
232.000 -0.164 
233.000 -0.162 
234.000 -0.158 
235.000 -0.153 
236.000 -0.149 
237.000 -0.146 
238.000 -0.145 
239.000 -0.146 
240.000 -0.149 
241.000 1.000 
242.000 0.080 
243.000 0.864 
244.000 0.084 
245.000 0.867 
246.000 -0.038 
247.000 -0.170 
248.000 -1.000 
249.000 -0.973 
250.000 -1.000 
251.000 -0.999 
252.000 0.075 
253.000 0.824 
254.000 0.176 
255.000 0.754 
256.000 0.152 
257.000 0.795 
258.000 0.057 
259.000 0.226 
260.000 -0.430 
261.000 -0.819 
262.000 -1.000 
263.000 -1.000 
264.000 -0.924 
265.000 0.355 
266.000 0.502 
267.000 0.310 
268.000 0.569 
269.000 0.199 
270.000 0.733 
271.000 0.068 
272.000 0.293 
273.000 -0.274 
274.000 -0.675 
275.000 -1.000 
276.000 -1.000 
277.000 -0.973 
278.000 0.157 
279.000 0.704 
280.000 0.181 
281.000 0.751 
282.000 0.166 
283.000 0.781 
284.000 0.081 
285.000 0.345 
286.000 -0.265 
287.000 -0.730 
288.000 -1.000 
289.000 -1.000 
290.000 -1.000 
291.000 0.058 
292.000 0.826 
293.000 0.192 
294.000 0.739 
295.000 0.174 
296.000 0.771 
297.000 0.080 
298.000 0.256 
299.000 -0.372 
300.000 -0.813 
301.000 -1.000 
302.000 -1.000 
303.000 -1.000 
304.000 0.297 
305.000 0.599 
306.000 0.199 
307.000 0.731 
308.000 0.178 
309.000 0.770 
310.000 0.094 
311.000 0.409 
312.000 -0.190 
313.000 -0.670 
314.000 -1.000 
315.000 -1.000 
316.000 -1.000 
317.000 -0.127 
318.000 0.845 
319.000 0.206 
320.000 0.725 
321.000 0.188 
322.000 0.751 
323.000 0.094 
324.000 0.256 
325.000 -0.358 
326.000 -0.814 
327.000 -1.000 
328.000 -1.000 
329.000 -1.000 
330.000 0.296 
331.000 0.606 
332.000 0.210 
333.000 0.720 
334.000 0.189 
335.000 0.759 
336.000 0.104 
337.000 0.413 
338.000 -0.177 
339.000 -0.670 
340.000 -1.000 
341.000 -1.000 
342.000 -1.000 
343.000 -0.151 
344.000 0.859 
345.000 0.218 
346.000 0.714 
347.000 0.199 
348.000 0.739 
349.000 0.104 
350.000 0.253 
351.000 -0.355 
352.000 -0.823 
353.000 -1.000 
354.000 -1.000 
355.000 -1.000 
356.000 0.310 
357.000 0.593 
358.000 0.229 
359.000 0.698 
360.000 0.200 
361.000 1.000 
362.000 0.356 
363.000 0.566 
364.000 0.201 
365.000 0.709 
366.000 -0.017 
367.000 -0.144 
368.000 -0.645 
369.000 -0.208 
370.000 -0.601 
371.000 0.702 
372.000 0.382 
373.000 0.677 
374.000 0.511 
375.000 0.550 
376.000 0.497 
377.000 0.437 
378.000 0.412 
379.000 0.369 
380.000 0.125 
381.000 -0.201 
382.000 -0.536 
383.000 -0.628 
384.000 -0.514 
385.000 0.424 
386.000 0.584 
387.000 0.540 
388.000 0.581 
389.000 0.534 
390.000 0.570 
391.000 0.416 
392.000 0.483 
393.000 0.304 
394.000 0.305 
395.000 -0.089 
396.000 -0.464 
397.000 -0.719 
398.000 -0.463 
399.000 -0.058 
400.000 1.000 
401.000 0.542 
402.000 0.614 
403.000 0.562 
404.000 0.583 
405.000 0.442 
406.000 0.444 
407.000 0.351 
408.000 0.144 
409.000 -0.337 
410.000 -0.773 
411.000 -0.907 
412.000 -0.700 
413.000 0.291 
414.000 0.762 
415.000 0.611 
416.000 0.609 
417.000 0.587 
418.000 0.619 
419.000 0.467 
420.000 0.453 
421.000 0.369 
422.000 0.218 
423.000 -0.247 
424.000 -0.820 
425.000 -1.000 
426.000 -0.844 
427.000 -0.088 
428.000 1.000 
429.000 0.643 
430.000 0.648 
431.000 0.625 
432.000 0.635 
433.000 0.507 
434.000 0.411 
435.000 0.425 
436.000 0.105 
437.000 -0.531 
438.000 -1.000 
439.000 -1.000 
440.000 -1.000 
441.000 0.170 
442.000 0.891 
443.000 0.690 
444.000 0.674 
445.000 0.648 
446.000 0.697 
447.000 0.549 
448.000 0.403 
449.000 0.457 
450.000 0.125 
451.000 -0.565 
452.000 -1.000 
453.000 -1.000 
454.000 -1.000 
455.000 -0.103 
456.000 1.000 
457.000 0.723 
458.000 0.703 
459.000 0.676 
460.000 0.692 
461.000 0.565 
462.000 0.384 
463.000 0.477 
464.000 0.060 
465.000 -0.829 
466.000 -1.000 
467.000 -1.000 
468.000 -1.000 
469.000 0.151 
470.000 0.928 
471.000 0.754 
472.000 0.722 
473.000 0.695 
474.000 0.741 
475.000 0.591 
476.000 0.384 
477.000 0.489 
478.000 0.072 
479.000 -0.888 
480.000 -1.000 
481.000 1.000 
482.000 0.968 
483.000 1.000 
484.000 1.000 
485.000 1.000 
486.000 1.000 
487.000 1.000 
488.000 1.000 
489.000 1.000 
490.000 0.947 
491.000 0.748 
492.000 0.568 
493.000 0.440 
494.000 0.464 
495.000 0.198 
496.000 -0.029 
497.000 0.402 
498.000 0.716 
499.000 0.793 
500.000 1.000 
501.000 1.000 
502.000 1.000 
503.000 1.000 
504.000 1.000 
505.000 1.000 
506.000 1.000 
507.000 1.000 
508.000 0.845 
509.000 0.679 
510.000 0.529 
511.000 0.468 
512.000 0.319 
513.000 0.026 
514.000 -0.107 
515.000 0.832 
516.000 0.744 
517.000 1.000 
518.000 1.000 
519.000 1.000 
520.000 1.000 
521.000 1.000 
522.000 1.000 
523.000 1.000 
524.000 1.000 
525.000 1.000 
526.000 0.906 
527.000 0.744 
528.000 0.600 
529.000 0.473 
530.000 0.370 
531.000 0.043 
532.000 -0.437 
533.000 0.174 
534.000 0.926 
535.000 1.000 
536.000 1.000 
537.000 1.000 
538.000 1.000 
539.000 1.000 
540.000 1.000 
541.000 1.000 
542.000 1.000 
543.000 1.000 
544.000 1.000 
545.000 1.000 
546.000 0.844 
547.000 0.701 
548.000 0.576 
549.000 0.471 
550.000 0.198 
551.000 -0.494 
552.000 -0.670 
553.000 0.311 
554.000 0.949 
555.000 1.000 
556.000 1.000 
557.000 1.000 
558.000 1.000 
559.000 1.000 
560.000 1.000 
561.000 1.000 
562.000 1.000 
563.000 1.000 
564.000 1.000 
565.000 1.000 
566.000 0.981 
567.000 0.837 
568.000 0.712 
569.000 0.605 
570.000 0.514 
571.000 0.250 
572.000 -0.397 
573.000 -0.843 
574.000 0.140 
575.000 0.992 
576.000 1.000 
577.000 1.000 
578.000 1.000 
579.000 1.000 
580.000 1.000 
581.000 1.000 
582.000 1.000 
583.000 1.000 
584.000 1.000 
585.000 1.000 
586.000 1.000 
587.000 1.000 
588.000 0.991 
589.000 0.864 
590.000 0.754 
591.000 0.661 
592.000 0.582 
593.000 0.474 
594.000 0.202 
595.000 -0.459 
596.000 -0.323 
597.000 0.956 
598.000 1.000 
599.000 1.000 
600.000 1.000 
601.000 1.000 
602.000 1.000 
603.000 1.000 
604.000 1.000 
605.000 1.000 
606.000 1.000 
607.000 1.000 
608.000 1.000 
609.000 1.000 
610.000 1.000 
611.000 1.000 
612.000 1.000 
613.000 1.000 
614.000 1.000 
615.000 1.000 
616.000 1.000 
617.000 1.000 
618.000 1.000 
619.000 1.000 
620.000 1.000 
621.000 1.000 
622.000 1.000 
623.000 1.000 
624.000 1.000 
625.000 1.000 
626.000 1.000 
627.000 1.000 
628.000 1.000 
629.000 1.000 
630.000 1.000 
631.000 1.000 
632.000 1.000 
633.000 1.000 
634.000 1.000 
635.000 1.000 
636.000 1.000 
637.000 1.000 
638.000 1.000 
639.000 1.000 
640.000 1.000 
641.000 1.000 
642.000 1.000 
643.000 1.000 
644.000 1.000 
645.000 1.000 
646.000 1.000 
647.000 1.000 
648.000 1.000 
649.000 1.000 
650.000 1.000 
651.000 1.000 
652.000 1.000 
653.000 1.000 
654.000 1.000 
655.000 1.000 
656.000 1.000 
657.000 1.000 
658.000 1.000 
659.000 1.000 
660.000 1.000 
661.000 1.000 
662.000 1.000 
663.000 1.000 
664.000 1.000 
665.000 1.000 
666.000 1.000 
667.000 1.000 
668.000 1.000 
669.000 1.000 
670.000 1.000 
671.000 1.000 
672.000 1.000 
673.000 1.000 
674.000 1.000 
675.000 1.000 
676.000 1.000 
677.000 1.000 
678.000 1.000 
679.000 1.000 
680.000 1.000 
681.000 1.000 
682.000 1.000 
683.000 1.000 
684.000 1.000 
685.000 1.000 
686.000 1.000 
687.000 1.000 
688.000 1.000 
689.000 1.000 
690.000 1.000 
691.000 1.000 
692.000 1.000 
693.000 1.000 
694.000 1.000 
695.000 1.000 
696.000 1.000 
697.000 1.000 
698.000 1.000 
699.000 1.000 
700.000 1.000 
701.000 1.000 
702.000 1.000 
703.000 1.000 
704.000 1.000 
705.000 1.000 
706.000 1.000 
707.000 1.000 
708.000 1.000 
709.000 1.000 
710.000 1.000 
711.000 1.000 
712.000 1.000 
713.000 1.000 
714.000 1.000 
715.000 1.000 
716.000 1.000 
717.000 1.000 
718.000 1.000 
719.000 1.000 
720.000 1.000 
721.000 1.000 
722.000 1.000 
723.000 1.000 
724.000 1.000 
725.000 1.000 
726.000 1.000 
727.000 1.000 
728.000 1.000 
729.000 1.000 
730.000 1.000 
731.000 1.000 
732.000 1.000 
733.000 1.000 
734.000 1.000 
735.000 1.000 
736.000 1.000 
737.000 1.000 
738.000 1.000 
739.000 1.000 
740.000 1.000 
741.000 1.000 
742.000 1.000 
743.000 1.000 
744.000 1.000 
745.000 1.000 
746.000 1.000 
747.000 1.000 
748.000 1.000 
749.000 1.000 
750.000 1.000 
751.000 1.000 
752.000 1.000 
753.000 1.000 
754.000 1.000 
755.000 1.000 
756.000 1.000 
757.000 1.000 
758.000 1.000 
759.000 1.000 
760.000 1.000 
761.000 1.000 
762.000 1.000 
763.000 1.000 
764.000 1.000 
765.000 1.000 
766.000 1.000 
767.000 1.000 
768.000 1.000 
769.000 1.000 
770.000 1.000 
771.000 1.000 
772.000 1.000 
773.000 1.000 
774.000 1.000 
775.000 1.000 
776.000 1.000 
777.000 1.000 
778.000 1.000 
779.000 1.000 
780.000 1.000 
781.000 1.000 
782.000 1.000 
783.000 1.000 
784.000 1.000 
785.000 1.000 
786.000 1.000 
787.000 1.000 
788.000 1.000 
789.000 1.000 
790.000 1.000 
791.000 1.000 
792.000 1.000 
793.000 1.000 
794.000 1.000 
795.000 1.000 
796.000 1.000 
797.000 1.000 
798.000 1.000 
799.000 1.000 
800.000 1.000 
