1.000 0.000 
2.000 0.000 
3.000 0.000 
4.000 0.000 
5.000 0.000 
6.000 0.000 
7.000 0.000 
8.000 0.000 
9.000 0.000 
10.000 0.000 
11.000 0.000 
12.000 -0.011 
13.000 -0.026 
14.000 -0.033 
15.000 -0.036 
16.000 -0.036 
17.000 -0.035 
18.000 -0.033 
19.000 -0.030 
20.000 -0.028 
21.000 -0.027 
22.000 -0.026 
23.000 -0.027 
24.000 -0.027 
25.000 -0.028 
26.000 -0.029 
27.000 -0.029 
28.000 -0.030 
29.000 -0.030 
30.000 -0.030 
31.000 -0.030 
32.000 -0.029 
33.000 -0.029 
34.000 -0.029 
35.000 -0.030 
36.000 -0.030 
37.000 -0.030 
38.000 -0.030 
39.000 -0.030 
40.000 -0.030 
41.000 -0.030 
42.000 -0.030 
43.000 -0.030 
44.000 -0.030 
45.000 -0.030 
46.000 -0.031 
47.000 -0.031 
48.000 -0.031 
49.000 -0.031 
50.000 -0.031 
51.000 -0.031 
52.000 -0.031 
53.000 -0.031 
54.000 -0.031 
55.000 -0.031 
56.000 -0.031 
57.000 -0.031 
58.000 -0.031 
59.000 -0.032 
60.000 -0.032 
61.000 -0.032 
62.000 -0.032 
63.000 -0.032 
64.000 -0.032 
65.000 -0.032 
66.000 -0.032 
67.000 -0.032 
68.000 -0.032 
69.000 -0.032 
70.000 -0.032 
71.000 -0.032 
72.000 -0.033 
73.000 -0.033 
74.000 -0.033 
75.000 -0.033 
76.000 -0.033 
77.000 -0.033 
78.000 -0.033 
79.000 -0.033 
80.000 -0.033 
81.000 -0.033 
82.000 -0.033 
83.000 -0.033 
84.000 -0.033 
85.000 -0.033 
86.000 -0.034 
87.000 -0.034 
88.000 -0.034 
89.000 -0.034 
90.000 -0.034 
91.000 -0.034 
92.000 -0.034 
93.000 -0.034 
94.000 -0.034 
95.000 -0.034 
96.000 -0.034 
97.000 -0.034 
98.000 -0.034 
99.000 -0.034 
100.000 -0.035 
101.000 -0.035 
102.000 -0.035 
103.000 -0.035 
104.000 -0.035 
105.000 -0.035 
106.000 -0.035 
107.000 -0.035 
108.000 -0.035 
109.000 -0.035 
110.000 -0.035 
111.000 -0.035 
112.000 -0.035 
113.000 -0.035 
114.000 -0.036 
115.000 -0.036 
116.000 -0.036 
117.000 -0.036 
118.000 -0.036 
119.000 -0.036 
120.000 -0.036 
121.000 -0.036 
122.000 -0.036 
123.000 -0.036 
124.000 -0.036 
125.000 -0.036 
126.000 -0.032 
127.000 -0.027 
128.000 -0.024 
129.000 -0.023 
130.000 -0.023 
131.000 -0.023 
132.000 -0.025 
133.000 -0.026 
134.000 -0.027 
135.000 -0.027 
136.000 -0.027 
137.000 -0.027 
138.000 -0.027 
139.000 -0.027 
140.000 -0.027 
141.000 -0.027 
142.000 -0.027 
143.000 -0.027 
144.000 -0.027 
145.000 -0.027 
146.000 -0.027 
147.000 -0.027 
148.000 -0.027 
149.000 -0.027 
150.000 -0.027 
151.000 -0.027 
152.000 -0.027 
153.000 -0.027 
154.000 -0.027 
155.000 -0.027 
156.000 -0.027 
157.000 -0.027 
158.000 -0.027 
159.000 -0.027 
160.000 -0.027 
161.000 -0.027 
162.000 -0.028 
163.000 -0.028 
164.000 -0.028 
165.000 -0.028 
166.000 -0.028 
167.000 -0.028 
168.000 -0.028 
169.000 -0.028 
170.000 -0.028 
171.000 -0.028 
172.000 -0.028 
173.000 -0.028 
174.000 -0.028 
175.000 -0.028 
176.000 -0.028 
177.000 -0.028 
178.000 -0.028 
179.000 -0.028 
180.000 -0.028 
181.000 -0.028 
182.000 -0.028 
183.000 -0.028 
184.000 -0.028 
185.000 -0.028 
186.000 -0.028 
187.000 -0.028 
188.000 -0.029 
189.000 -0.029 
190.000 -0.029 
191.000 -0.029 
192.000 -0.029 
193.000 -0.029 
194.000 -0.029 
195.000 -0.029 
196.000 -0.029 
197.000 -0.029 
198.000 -0.029 
199.000 -0.029 
200.000 -0.029 
201.000 -0.029 
202.000 -0.029 
203.000 -0.029 
204.000 -0.029 
205.000 -0.029 
206.000 -0.029 
207.000 -0.029 
208.000 -0.029 
209.000 -0.029 
210.000 -0.029 
211.000 -0.029 
212.000 -0.029 
213.000 -0.029 
214.000 -0.029 
215.000 -0.030 
216.000 -0.030 
217.000 -0.030 
218.000 -0.030 
219.000 -0.030 
220.000 -0.030 
221.000 -0.030 
222.000 -0.030 
223.000 -0.030 
224.000 -0.030 
225.000 -0.030 
226.000 -0.030 
227.000 -0.030 
228.000 -0.030 
229.000 -0.030 
230.000 -0.030 
231.000 -0.030 
232.000 -0.030 
233.000 -0.030 
234.000 -0.030 
235.000 -0.030 
236.000 -0.030 
237.000 -0.030 
238.000 -0.030 
239.000 -0.030 
240.000 -0.030 
241.000 -0.030 
242.000 -0.030 
243.000 -0.031 
244.000 -0.031 
245.000 -0.031 
246.000 0.004 
247.000 0.029 
248.000 0.037 
249.000 0.044 
250.000 0.048 
251.000 0.046 
252.000 0.042 
253.000 0.038 
254.000 0.035 
255.000 0.033 
256.000 0.033 
257.000 0.034 
258.000 0.035 
259.000 0.037 
260.000 0.038 
261.000 0.039 
262.000 0.039 
263.000 0.040 
264.000 0.040 
265.000 0.040 
266.000 0.040 
267.000 0.040 
268.000 0.040 
269.000 0.040 
270.000 0.041 
271.000 0.041 
272.000 0.041 
273.000 0.042 
274.000 0.042 
275.000 0.043 
276.000 0.043 
277.000 0.043 
278.000 0.043 
279.000 0.044 
280.000 0.044 
281.000 0.044 
282.000 0.045 
283.000 0.045 
284.000 0.045 
285.000 0.046 
286.000 0.046 
287.000 0.046 
288.000 0.047 
289.000 0.047 
290.000 0.047 
291.000 0.048 
292.000 0.048 
293.000 0.048 
294.000 0.049 
295.000 0.049 
296.000 0.049 
297.000 0.050 
298.000 0.050 
299.000 0.050 
300.000 0.051 
301.000 0.051 
302.000 0.051 
303.000 0.052 
304.000 0.052 
305.000 0.052 
306.000 0.053 
307.000 0.053 
308.000 0.054 
309.000 0.054 
310.000 0.054 
311.000 0.055 
312.000 0.055 
313.000 0.055 
314.000 0.056 
315.000 0.056 
316.000 0.056 
317.000 0.057 
318.000 0.057 
319.000 0.058 
320.000 0.058 
321.000 0.058 
322.000 0.059 
323.000 0.059 
324.000 0.060 
325.000 0.060 
326.000 0.060 
327.000 0.061 
328.000 0.061 
329.000 0.061 
330.000 0.062 
331.000 0.062 
332.000 0.063 
333.000 0.063 
334.000 0.063 
335.000 0.064 
336.000 0.064 
337.000 0.065 
338.000 0.065 
339.000 0.066 
340.000 0.066 
341.000 0.066 
342.000 0.067 
343.000 0.067 
344.000 0.068 
345.000 0.068 
346.000 0.068 
347.000 0.069 
348.000 0.069 
349.000 0.070 
350.000 0.070 
351.000 0.071 
352.000 0.071 
353.000 0.071 
354.000 0.072 
355.000 0.072 
356.000 0.073 
357.000 0.073 
358.000 0.074 
359.000 0.074 
360.000 0.075 
361.000 0.075 
362.000 0.075 
363.000 0.076 
364.000 0.076 
365.000 0.077 
366.000 0.164 
367.000 0.254 
368.000 0.319 
369.000 0.368 
370.000 0.402 
371.000 0.410 
372.000 0.395 
373.000 0.368 
374.000 0.337 
375.000 0.309 
376.000 0.288 
377.000 0.278 
378.000 0.281 
379.000 0.293 
380.000 0.312 
381.000 0.334 
382.000 0.355 
383.000 0.374 
384.000 0.388 
385.000 0.396 
386.000 0.398 
387.000 0.397 
388.000 0.393 
389.000 0.388 
390.000 0.385 
391.000 0.384 
392.000 0.386 
393.000 0.391 
394.000 0.399 
395.000 0.410 
396.000 0.421 
397.000 0.432 
398.000 0.442 
399.000 0.450 
400.000 0.457 
401.000 0.461 
402.000 0.465 
403.000 0.467 
404.000 0.468 
405.000 0.470 
406.000 0.473 
407.000 0.477 
408.000 0.483 
409.000 0.490 
410.000 0.498 
411.000 0.506 
412.000 0.515 
413.000 0.524 
414.000 0.532 
415.000 0.539 
416.000 0.545 
417.000 0.550 
418.000 0.554 
419.000 0.557 
420.000 0.561 
421.000 0.565 
422.000 0.569 
423.000 0.574 
424.000 0.580 
425.000 0.587 
426.000 0.594 
427.000 0.602 
428.000 0.610 
429.000 0.618 
430.000 0.626 
431.000 0.633 
432.000 0.639 
433.000 0.644 
434.000 0.648 
435.000 0.652 
436.000 0.655 
437.000 0.658 
438.000 0.661 
439.000 0.665 
440.000 0.670 
441.000 0.676 
442.000 0.682 
443.000 0.690 
444.000 0.697 
445.000 0.705 
446.000 0.713 
447.000 0.720 
448.000 0.727 
449.000 0.732 
450.000 0.736 
451.000 0.738 
452.000 0.740 
453.000 0.741 
454.000 0.742 
455.000 0.743 
456.000 0.744 
457.000 0.747 
458.000 0.751 
459.000 0.756 
460.000 0.763 
461.000 0.771 
462.000 0.780 
463.000 0.789 
464.000 0.797 
465.000 0.805 
466.000 0.810 
467.000 0.814 
468.000 0.815 
469.000 0.814 
470.000 0.811 
471.000 0.806 
472.000 0.800 
473.000 0.795 
474.000 0.792 
475.000 0.790 
476.000 0.792 
477.000 0.798 
478.000 0.807 
479.000 0.819 
480.000 0.833 
481.000 0.849 
482.000 0.864 
483.000 0.878 
484.000 0.888 
485.000 0.893 
486.000 1.004 
487.000 1.212 
488.000 1.470 
489.000 1.761 
490.000 2.072 
491.000 2.391 
492.000 2.706 
493.000 3.006 
494.000 3.283 
495.000 3.531 
496.000 3.744 
497.000 3.920 
498.000 4.056 
499.000 4.153 
500.000 4.210 
501.000 4.232 
502.000 4.220 
503.000 4.181 
504.000 4.119 
505.000 4.040 
506.000 3.950 
507.000 3.854 
508.000 3.757 
509.000 3.664 
510.000 3.579 
511.000 3.504 
512.000 3.441 
513.000 3.392 
514.000 3.356 
515.000 3.334 
516.000 3.325 
517.000 3.327 
518.000 3.338 
519.000 3.358 
520.000 3.383 
521.000 3.413 
522.000 3.446 
523.000 3.479 
524.000 3.512 
525.000 3.543 
526.000 3.571 
527.000 3.595 
528.000 3.616 
529.000 3.632 
530.000 3.643 
531.000 3.650 
532.000 3.653 
533.000 3.653 
534.000 3.649 
535.000 3.642 
536.000 3.634 
537.000 3.624 
538.000 3.613 
539.000 3.603 
540.000 3.592 
541.000 3.582 
542.000 3.573 
543.000 3.566 
544.000 3.560 
545.000 3.555 
546.000 3.552 
547.000 3.550 
548.000 3.549 
549.000 3.550 
550.000 3.552 
551.000 3.554 
552.000 3.557 
553.000 3.560 
554.000 3.564 
555.000 3.568 
556.000 3.571 
557.000 3.574 
558.000 3.577 
559.000 3.580 
560.000 3.582 
561.000 3.583 
562.000 3.584 
563.000 3.585 
564.000 3.585 
565.000 3.584 
566.000 3.584 
567.000 3.583 
568.000 3.582 
569.000 3.581 
570.000 3.580 
571.000 3.578 
572.000 3.577 
573.000 3.576 
574.000 3.575 
575.000 3.575 
576.000 3.574 
577.000 3.574 
578.000 3.573 
579.000 3.573 
580.000 3.573 
581.000 3.573 
582.000 3.573 
583.000 3.574 
584.000 3.574 
585.000 3.575 
586.000 3.575 
587.000 3.575 
588.000 3.576 
589.000 3.576 
590.000 3.576 
591.000 3.577 
592.000 3.577 
593.000 3.577 
594.000 3.577 
595.000 3.577 
596.000 3.577 
597.000 3.577 
598.000 3.577 
599.000 3.577 
600.000 3.577 
601.000 3.576 
602.000 3.576 
603.000 3.576 
604.000 3.576 
605.000 3.576 
606.000 3.631 
607.000 3.741 
608.000 3.887 
609.000 4.054 
610.000 4.229 
611.000 4.404 
612.000 4.572 
613.000 4.729 
614.000 4.872 
615.000 5.000 
616.000 5.113 
617.000 5.211 
618.000 5.294 
619.000 5.364 
620.000 5.423 
621.000 5.470 
622.000 5.509 
623.000 5.539 
624.000 5.562 
625.000 5.580 
626.000 5.593 
627.000 5.603 
628.000 5.609 
629.000 5.613 
630.000 5.615 
631.000 5.616 
632.000 5.615 
633.000 5.614 
634.000 5.613 
635.000 5.611 
636.000 5.609 
637.000 5.608 
638.000 5.606 
639.000 5.604 
640.000 5.602 
641.000 5.601 
642.000 5.600 
643.000 5.599 
644.000 5.598 
645.000 5.597 
646.000 5.596 
647.000 5.596 
648.000 5.595 
649.000 5.595 
650.000 5.595 
651.000 5.594 
652.000 5.594 
653.000 5.594 
654.000 5.594 
655.000 5.594 
656.000 5.594 
657.000 5.594 
658.000 5.594 
659.000 5.594 
660.000 5.594 
661.000 5.594 
662.000 5.594 
663.000 5.594 
664.000 5.594 
665.000 5.594 
666.000 5.594 
667.000 5.594 
668.000 5.594 
669.000 5.594 
670.000 5.594 
671.000 5.594 
672.000 5.594 
673.000 5.594 
674.000 5.594 
675.000 5.594 
676.000 5.594 
677.000 5.594 
678.000 5.594 
679.000 5.594 
680.000 5.594 
681.000 5.594 
682.000 5.594 
683.000 5.594 
684.000 5.594 
685.000 5.594 
686.000 5.594 
687.000 5.594 
688.000 5.594 
689.000 5.594 
690.000 5.594 
691.000 5.594 
692.000 5.594 
693.000 5.594 
694.000 5.594 
695.000 5.594 
696.000 5.594 
697.000 5.594 
698.000 5.594 
699.000 5.594 
700.000 5.594 
701.000 5.594 
702.000 5.594 
703.000 5.594 
704.000 5.594 
705.000 5.594 
706.000 5.594 
707.000 5.594 
708.000 5.594 
709.000 5.594 
710.000 5.594 
711.000 5.594 
712.000 5.594 
713.000 5.594 
714.000 5.594 
715.000 5.594 
716.000 5.594 
717.000 5.594 
718.000 5.594 
719.000 5.594 
720.000 5.594 
721.000 5.594 
722.000 5.594 
723.000 5.594 
724.000 5.594 
725.000 5.594 
726.000 5.594 
727.000 5.594 
728.000 5.594 
729.000 5.594 
730.000 5.594 
731.000 5.594 
732.000 5.594 
733.000 5.594 
734.000 5.594 
735.000 5.594 
736.000 5.594 
737.000 5.594 
738.000 5.594 
739.000 5.594 
740.000 5.594 
741.000 5.594 
742.000 5.594 
743.000 5.594 
744.000 5.594 
745.000 5.594 
746.000 5.594 
747.000 5.594 
748.000 5.594 
749.000 5.594 
750.000 5.594 
751.000 5.594 
752.000 5.594 
753.000 5.594 
754.000 5.594 
755.000 5.594 
756.000 5.594 
757.000 5.594 
758.000 5.594 
759.000 5.594 
760.000 5.594 
761.000 5.594 
762.000 5.594 
763.000 5.594 
764.000 5.594 
765.000 5.594 
766.000 5.594 
767.000 5.594 
768.000 5.594 
769.000 5.594 
770.000 5.594 
771.000 5.594 
772.000 5.594 
773.000 5.594 
774.000 5.594 
775.000 5.594 
776.000 5.594 
777.000 5.594 
778.000 5.594 
779.000 5.594 
780.000 5.594 
781.000 5.594 
782.000 5.594 
783.000 5.594 
784.000 5.594 
785.000 5.594 
786.000 5.594 
787.000 5.594 
788.000 5.594 
789.000 5.594 
790.000 5.594 
791.000 5.594 
792.000 5.594 
793.000 5.594 
794.000 5.594 
795.000 5.594 
796.000 5.594 
797.000 5.594 
798.000 5.594 
799.000 5.594 
800.000 5.594 
