1.000 0.000 
2.000 0.000 
3.000 0.000 
4.000 0.000 
5.000 0.000 
6.000 0.000 
7.000 0.000 
8.000 0.000 
9.000 0.000 
10.000 0.000 
11.000 0.000 
12.000 -0.010 
13.000 -0.024 
14.000 -0.031 
15.000 -0.033 
16.000 -0.034 
17.000 -0.034 
18.000 -0.031 
19.000 -0.029 
20.000 -0.027 
21.000 -0.026 
22.000 -0.026 
23.000 -0.026 
24.000 -0.026 
25.000 -0.027 
26.000 -0.028 
27.000 -0.028 
28.000 -0.028 
29.000 -0.028 
30.000 -0.028 
31.000 -0.028 
32.000 -0.028 
33.000 -0.028 
34.000 -0.028 
35.000 -0.028 
36.000 -0.028 
37.000 -0.029 
38.000 -0.029 
39.000 -0.029 
40.000 -0.029 
41.000 -0.029 
42.000 -0.029 
43.000 -0.029 
44.000 -0.029 
45.000 -0.029 
46.000 -0.029 
47.000 -0.029 
48.000 -0.029 
49.000 -0.030 
50.000 -0.030 
51.000 -0.030 
52.000 -0.030 
53.000 -0.030 
54.000 -0.030 
55.000 -0.030 
56.000 -0.030 
57.000 -0.030 
58.000 -0.030 
59.000 -0.030 
60.000 -0.030 
61.000 -0.030 
62.000 -0.030 
63.000 -0.031 
64.000 -0.031 
65.000 -0.031 
66.000 -0.031 
67.000 -0.031 
68.000 -0.031 
69.000 -0.031 
70.000 -0.031 
71.000 -0.031 
72.000 -0.031 
73.000 -0.031 
74.000 -0.031 
75.000 -0.031 
76.000 -0.032 
77.000 -0.032 
78.000 -0.032 
79.000 -0.032 
80.000 -0.032 
81.000 -0.032 
82.000 -0.032 
83.000 -0.032 
84.000 -0.032 
85.000 -0.032 
86.000 -0.032 
87.000 -0.032 
88.000 -0.032 
89.000 -0.032 
90.000 -0.033 
91.000 -0.033 
92.000 -0.033 
93.000 -0.033 
94.000 -0.033 
95.000 -0.033 
96.000 -0.033 
97.000 -0.033 
98.000 -0.033 
99.000 -0.033 
100.000 -0.033 
101.000 -0.033 
102.000 -0.033 
103.000 -0.033 
104.000 -0.034 
105.000 -0.034 
106.000 -0.034 
107.000 -0.034 
108.000 -0.034 
109.000 -0.034 
110.000 -0.034 
111.000 -0.034 
112.000 -0.034 
113.000 -0.034 
114.000 -0.034 
115.000 -0.034 
116.000 -0.034 
117.000 -0.034 
118.000 -0.034 
119.000 -0.035 
120.000 -0.035 
121.000 -0.035 
122.000 -0.035 
123.000 -0.035 
124.000 -0.035 
125.000 -0.035 
126.000 -0.031 
127.000 -0.026 
128.000 -0.023 
129.000 -0.022 
130.000 -0.022 
131.000 -0.023 
132.000 -0.024 
133.000 -0.025 
134.000 -0.026 
135.000 -0.026 
136.000 -0.026 
137.000 -0.026 
138.000 -0.026 
139.000 -0.026 
140.000 -0.026 
141.000 -0.026 
142.000 -0.026 
143.000 -0.026 
144.000 -0.026 
145.000 -0.026 
146.000 -0.026 
147.000 -0.026 
148.000 -0.026 
149.000 -0.026 
150.000 -0.026 
151.000 -0.026 
152.000 -0.026 
153.000 -0.026 
154.000 -0.026 
155.000 -0.026 
156.000 -0.026 
157.000 -0.026 
158.000 -0.026 
159.000 -0.026 
160.000 -0.026 
161.000 -0.026 
162.000 -0.027 
163.000 -0.027 
164.000 -0.027 
165.000 -0.027 
166.000 -0.027 
167.000 -0.027 
168.000 -0.027 
169.000 -0.027 
170.000 -0.027 
171.000 -0.027 
172.000 -0.027 
173.000 -0.027 
174.000 -0.027 
175.000 -0.027 
176.000 -0.027 
177.000 -0.027 
178.000 -0.027 
179.000 -0.027 
180.000 -0.027 
181.000 -0.027 
182.000 -0.027 
183.000 -0.027 
184.000 -0.027 
185.000 -0.027 
186.000 -0.027 
187.000 -0.027 
188.000 -0.027 
189.000 -0.028 
190.000 -0.028 
191.000 -0.028 
192.000 -0.028 
193.000 -0.028 
194.000 -0.028 
195.000 -0.028 
196.000 -0.028 
197.000 -0.028 
198.000 -0.028 
199.000 -0.028 
200.000 -0.028 
201.000 -0.028 
202.000 -0.028 
203.000 -0.028 
204.000 -0.028 
205.000 -0.028 
206.000 -0.028 
207.000 -0.028 
208.000 -0.028 
209.000 -0.028 
210.000 -0.028 
211.000 -0.028 
212.000 -0.028 
213.000 -0.028 
214.000 -0.028 
215.000 -0.028 
216.000 -0.028 
217.000 -0.029 
218.000 -0.029 
219.000 -0.029 
220.000 -0.029 
221.000 -0.029 
222.000 -0.029 
223.000 -0.029 
224.000 -0.029 
225.000 -0.029 
226.000 -0.029 
227.000 -0.029 
228.000 -0.029 
229.000 -0.029 
230.000 -0.029 
231.000 -0.029 
232.000 -0.029 
233.000 -0.029 
234.000 -0.029 
235.000 -0.029 
236.000 -0.029 
237.000 -0.029 
238.000 -0.029 
239.000 -0.029 
240.000 -0.029 
241.000 -0.029 
242.000 -0.029 
243.000 -0.029 
244.000 -0.029 
245.000 -0.030 
246.000 0.001 
247.000 0.026 
248.000 0.035 
249.000 0.042 
250.000 0.046 
251.000 0.045 
252.000 0.041 
253.000 0.037 
254.000 0.035 
255.000 0.033 
256.000 0.032 
257.000 0.032 
258.000 0.033 
259.000 0.035 
260.000 0.036 
261.000 0.037 
262.000 0.038 
263.000 0.038 
264.000 0.038 
265.000 0.038 
266.000 0.038 
267.000 0.038 
268.000 0.038 
269.000 0.039 
270.000 0.039 
271.000 0.039 
272.000 0.040 
273.000 0.040 
274.000 0.040 
275.000 0.041 
276.000 0.041 
277.000 0.041 
278.000 0.041 
279.000 0.042 
280.000 0.042 
281.000 0.042 
282.000 0.043 
283.000 0.043 
284.000 0.043 
285.000 0.044 
286.000 0.044 
287.000 0.044 
288.000 0.044 
289.000 0.045 
290.000 0.045 
291.000 0.045 
292.000 0.046 
293.000 0.046 
294.000 0.046 
295.000 0.047 
296.000 0.047 
297.000 0.047 
298.000 0.048 
299.000 0.048 
300.000 0.048 
301.000 0.049 
302.000 0.049 
303.000 0.049 
304.000 0.050 
305.000 0.050 
306.000 0.050 
307.000 0.051 
308.000 0.051 
309.000 0.051 
310.000 0.052 
311.000 0.052 
312.000 0.052 
313.000 0.053 
314.000 0.053 
315.000 0.053 
316.000 0.054 
317.000 0.054 
318.000 0.054 
319.000 0.055 
320.000 0.055 
321.000 0.055 
322.000 0.056 
323.000 0.056 
324.000 0.057 
325.000 0.057 
326.000 0.057 
327.000 0.058 
328.000 0.058 
329.000 0.058 
330.000 0.059 
331.000 0.059 
332.000 0.060 
333.000 0.060 
334.000 0.060 
335.000 0.061 
336.000 0.061 
337.000 0.061 
338.000 0.062 
339.000 0.062 
340.000 0.063 
341.000 0.063 
342.000 0.063 
343.000 0.064 
344.000 0.064 
345.000 0.065 
346.000 0.065 
347.000 0.065 
348.000 0.066 
349.000 0.066 
350.000 0.067 
351.000 0.067 
352.000 0.067 
353.000 0.068 
354.000 0.068 
355.000 0.069 
356.000 0.069 
357.000 0.069 
358.000 0.070 
359.000 0.070 
360.000 0.071 
361.000 0.071 
362.000 0.071 
363.000 0.072 
364.000 0.072 
365.000 0.073 
366.000 0.152 
367.000 0.232 
368.000 0.291 
369.000 0.336 
370.000 0.368 
371.000 0.377 
372.000 0.367 
373.000 0.347 
374.000 0.323 
375.000 0.300 
376.000 0.283 
377.000 0.274 
378.000 0.275 
379.000 0.283 
380.000 0.297 
381.000 0.314 
382.000 0.331 
383.000 0.346 
384.000 0.357 
385.000 0.365 
386.000 0.369 
387.000 0.370 
388.000 0.369 
389.000 0.368 
390.000 0.366 
391.000 0.367 
392.000 0.369 
393.000 0.373 
394.000 0.379 
395.000 0.386 
396.000 0.395 
397.000 0.403 
398.000 0.411 
399.000 0.418 
400.000 0.425 
401.000 0.430 
402.000 0.434 
403.000 0.438 
404.000 0.441 
405.000 0.444 
406.000 0.448 
407.000 0.452 
408.000 0.457 
409.000 0.463 
410.000 0.469 
411.000 0.476 
412.000 0.483 
413.000 0.490 
414.000 0.496 
415.000 0.503 
416.000 0.509 
417.000 0.514 
418.000 0.519 
419.000 0.524 
420.000 0.529 
421.000 0.534 
422.000 0.539 
423.000 0.544 
424.000 0.549 
425.000 0.555 
426.000 0.562 
427.000 0.568 
428.000 0.575 
429.000 0.581 
430.000 0.588 
431.000 0.594 
432.000 0.600 
433.000 0.606 
434.000 0.611 
435.000 0.616 
436.000 0.621 
437.000 0.626 
438.000 0.631 
439.000 0.636 
440.000 0.641 
441.000 0.646 
442.000 0.652 
443.000 0.658 
444.000 0.664 
445.000 0.670 
446.000 0.676 
447.000 0.682 
448.000 0.687 
449.000 0.693 
450.000 0.698 
451.000 0.702 
452.000 0.707 
453.000 0.711 
454.000 0.715 
455.000 0.718 
456.000 0.722 
457.000 0.726 
458.000 0.730 
459.000 0.735 
460.000 0.740 
461.000 0.745 
462.000 0.750 
463.000 0.755 
464.000 0.760 
465.000 0.765 
466.000 0.770 
467.000 0.774 
468.000 0.778 
469.000 0.781 
470.000 0.783 
471.000 0.785 
472.000 0.787 
473.000 0.789 
474.000 0.791 
475.000 0.793 
476.000 0.795 
477.000 0.798 
478.000 0.802 
479.000 0.806 
480.000 0.811 
481.000 0.816 
482.000 0.821 
483.000 0.826 
484.000 0.830 
485.000 0.834 
486.000 0.942 
487.000 1.146 
488.000 1.398 
489.000 1.682 
490.000 1.984 
491.000 2.293 
492.000 2.597 
493.000 2.886 
494.000 3.153 
495.000 3.392 
496.000 3.599 
497.000 3.771 
498.000 3.905 
499.000 4.004 
500.000 4.067 
501.000 4.097 
502.000 4.098 
503.000 4.073 
504.000 4.028 
505.000 3.967 
506.000 3.896 
507.000 3.818 
508.000 3.739 
509.000 3.662 
510.000 3.591 
511.000 3.528 
512.000 3.474 
513.000 3.430 
514.000 3.398 
515.000 3.377 
516.000 3.366 
517.000 3.364 
518.000 3.371 
519.000 3.384 
520.000 3.403 
521.000 3.426 
522.000 3.451 
523.000 3.477 
524.000 3.503 
525.000 3.528 
526.000 3.552 
527.000 3.572 
528.000 3.590 
529.000 3.604 
530.000 3.615 
531.000 3.623 
532.000 3.628 
533.000 3.629 
534.000 3.628 
535.000 3.625 
536.000 3.620 
537.000 3.614 
538.000 3.607 
539.000 3.600 
540.000 3.593 
541.000 3.585 
542.000 3.579 
543.000 3.573 
544.000 3.568 
545.000 3.564 
546.000 3.561 
547.000 3.559 
548.000 3.558 
549.000 3.558 
550.000 3.558 
551.000 3.559 
552.000 3.561 
553.000 3.563 
554.000 3.565 
555.000 3.568 
556.000 3.570 
557.000 3.572 
558.000 3.574 
559.000 3.576 
560.000 3.578 
561.000 3.579 
562.000 3.580 
563.000 3.581 
564.000 3.581 
565.000 3.581 
566.000 3.581 
567.000 3.581 
568.000 3.580 
569.000 3.580 
570.000 3.579 
571.000 3.578 
572.000 3.578 
573.000 3.577 
574.000 3.576 
575.000 3.576 
576.000 3.575 
577.000 3.575 
578.000 3.575 
579.000 3.574 
580.000 3.574 
581.000 3.574 
582.000 3.574 
583.000 3.575 
584.000 3.575 
585.000 3.575 
586.000 3.575 
587.000 3.575 
588.000 3.575 
589.000 3.576 
590.000 3.576 
591.000 3.576 
592.000 3.576 
593.000 3.576 
594.000 3.576 
595.000 3.576 
596.000 3.576 
597.000 3.576 
598.000 3.576 
599.000 3.576 
600.000 3.576 
601.000 3.576 
602.000 3.576 
603.000 3.576 
604.000 3.576 
605.000 3.576 
606.000 3.631 
607.000 3.738 
608.000 3.881 
609.000 4.046 
610.000 4.220 
611.000 4.394 
612.000 4.562 
613.000 4.720 
614.000 4.863 
615.000 4.992 
616.000 5.106 
617.000 5.204 
618.000 5.289 
619.000 5.360 
620.000 5.419 
621.000 5.467 
622.000 5.506 
623.000 5.537 
624.000 5.561 
625.000 5.579 
626.000 5.593 
627.000 5.602 
628.000 5.609 
629.000 5.613 
630.000 5.615 
631.000 5.616 
632.000 5.615 
633.000 5.614 
634.000 5.613 
635.000 5.611 
636.000 5.609 
637.000 5.608 
638.000 5.606 
639.000 5.604 
640.000 5.602 
641.000 5.601 
642.000 5.600 
643.000 5.599 
644.000 5.598 
645.000 5.597 
646.000 5.596 
647.000 5.596 
648.000 5.595 
649.000 5.595 
650.000 5.595 
651.000 5.594 
652.000 5.594 
653.000 5.594 
654.000 5.594 
655.000 5.594 
656.000 5.594 
657.000 5.594 
658.000 5.594 
659.000 5.594 
660.000 5.594 
661.000 5.594 
662.000 5.594 
663.000 5.594 
664.000 5.594 
665.000 5.594 
666.000 5.594 
667.000 5.594 
668.000 5.594 
669.000 5.594 
670.000 5.594 
671.000 5.594 
672.000 5.594 
673.000 5.594 
674.000 5.594 
675.000 5.594 
676.000 5.594 
677.000 5.594 
678.000 5.594 
679.000 5.594 
680.000 5.594 
681.000 5.594 
682.000 5.594 
683.000 5.594 
684.000 5.594 
685.000 5.594 
686.000 5.594 
687.000 5.594 
688.000 5.594 
689.000 5.594 
690.000 5.594 
691.000 5.594 
692.000 5.594 
693.000 5.594 
694.000 5.594 
695.000 5.594 
696.000 5.594 
697.000 5.594 
698.000 5.594 
699.000 5.594 
700.000 5.594 
701.000 5.594 
702.000 5.594 
703.000 5.594 
704.000 5.594 
705.000 5.594 
706.000 5.594 
707.000 5.594 
708.000 5.594 
709.000 5.594 
710.000 5.594 
711.000 5.594 
712.000 5.594 
713.000 5.594 
714.000 5.594 
715.000 5.594 
716.000 5.594 
717.000 5.594 
718.000 5.594 
719.000 5.594 
720.000 5.594 
721.000 5.594 
722.000 5.594 
723.000 5.594 
724.000 5.594 
725.000 5.594 
726.000 5.594 
727.000 5.594 
728.000 5.594 
729.000 5.594 
730.000 5.594 
731.000 5.594 
732.000 5.594 
733.000 5.594 
734.000 5.594 
735.000 5.594 
736.000 5.594 
737.000 5.594 
738.000 5.594 
739.000 5.594 
740.000 5.594 
741.000 5.594 
742.000 5.594 
743.000 5.594 
744.000 5.594 
745.000 5.594 
746.000 5.594 
747.000 5.594 
748.000 5.594 
749.000 5.594 
750.000 5.594 
751.000 5.594 
752.000 5.594 
753.000 5.594 
754.000 5.594 
755.000 5.594 
756.000 5.594 
757.000 5.594 
758.000 5.594 
759.000 5.594 
760.000 5.594 
761.000 5.594 
762.000 5.594 
763.000 5.594 
764.000 5.594 
765.000 5.594 
766.000 5.594 
767.000 5.594 
768.000 5.594 
769.000 5.594 
770.000 5.594 
771.000 5.594 
772.000 5.594 
773.000 5.594 
774.000 5.594 
775.000 5.594 
776.000 5.594 
777.000 5.594 
778.000 5.594 
779.000 5.594 
780.000 5.594 
781.000 5.594 
782.000 5.594 
783.000 5.594 
784.000 5.594 
785.000 5.594 
786.000 5.594 
787.000 5.594 
788.000 5.594 
789.000 5.594 
790.000 5.594 
791.000 5.594 
792.000 5.594 
793.000 5.594 
794.000 5.594 
795.000 5.594 
796.000 5.594 
797.000 5.594 
798.000 5.594 
799.000 5.594 
800.000 5.594 
