1.000 0.000 
2.000 0.000 
3.000 0.000 
4.000 0.000 
5.000 0.000 
6.000 0.000 
7.000 0.000 
8.000 0.000 
9.000 0.000 
10.000 0.000 
11.000 0.000 
12.000 -0.035 
13.000 -0.076 
14.000 -0.097 
15.000 -0.109 
16.000 -0.115 
17.000 -0.119 
18.000 -0.115 
19.000 -0.102 
20.000 -0.088 
21.000 -0.074 
22.000 -0.064 
23.000 -0.057 
24.000 -0.057 
25.000 -0.063 
26.000 -0.072 
27.000 -0.081 
28.000 -0.088 
29.000 -0.094 
30.000 -0.097 
31.000 -0.098 
32.000 -0.096 
33.000 -0.092 
34.000 -0.088 
35.000 -0.083 
36.000 -0.080 
37.000 -0.079 
38.000 -0.079 
39.000 -0.080 
40.000 -0.082 
41.000 -0.085 
42.000 -0.087 
43.000 -0.089 
44.000 -0.090 
45.000 -0.090 
46.000 -0.090 
47.000 -0.089 
48.000 -0.088 
49.000 -0.087 
50.000 -0.086 
51.000 -0.085 
52.000 -0.085 
53.000 -0.086 
54.000 -0.087 
55.000 -0.087 
56.000 -0.088 
57.000 -0.089 
58.000 -0.089 
59.000 -0.089 
60.000 -0.089 
61.000 -0.089 
62.000 -0.089 
63.000 -0.089 
64.000 -0.088 
65.000 -0.088 
66.000 -0.088 
67.000 -0.089 
68.000 -0.089 
69.000 -0.089 
70.000 -0.089 
71.000 -0.090 
72.000 -0.090 
73.000 -0.090 
74.000 -0.090 
75.000 -0.090 
76.000 -0.090 
77.000 -0.090 
78.000 -0.090 
79.000 -0.090 
80.000 -0.090 
81.000 -0.090 
82.000 -0.090 
83.000 -0.091 
84.000 -0.091 
85.000 -0.091 
86.000 -0.091 
87.000 -0.091 
88.000 -0.091 
89.000 -0.091 
90.000 -0.091 
91.000 -0.091 
92.000 -0.092 
93.000 -0.092 
94.000 -0.092 
95.000 -0.092 
96.000 -0.092 
97.000 -0.092 
98.000 -0.092 
99.000 -0.092 
100.000 -0.092 
101.000 -0.092 
102.000 -0.092 
103.000 -0.093 
104.000 -0.093 
105.000 -0.093 
106.000 -0.093 
107.000 -0.093 
108.000 -0.093 
109.000 -0.093 
110.000 -0.093 
111.000 -0.093 
112.000 -0.093 
113.000 -0.093 
114.000 -0.094 
115.000 -0.094 
116.000 -0.094 
117.000 -0.094 
118.000 -0.094 
119.000 -0.094 
120.000 -0.094 
121.000 -0.094 
122.000 -0.094 
123.000 -0.094 
124.000 -0.094 
125.000 -0.094 
126.000 -0.090 
127.000 -0.070 
128.000 -0.055 
129.000 -0.046 
130.000 -0.040 
131.000 -0.038 
132.000 -0.043 
133.000 -0.054 
134.000 -0.066 
135.000 -0.076 
136.000 -0.083 
137.000 -0.087 
138.000 -0.088 
139.000 -0.084 
140.000 -0.078 
141.000 -0.070 
142.000 -0.062 
143.000 -0.055 
144.000 -0.052 
145.000 -0.052 
146.000 -0.056 
147.000 -0.062 
148.000 -0.068 
149.000 -0.074 
150.000 -0.079 
151.000 -0.081 
152.000 -0.081 
153.000 -0.078 
154.000 -0.074 
155.000 -0.069 
156.000 -0.065 
157.000 -0.061 
158.000 -0.060 
159.000 -0.060 
160.000 -0.062 
161.000 -0.066 
162.000 -0.070 
163.000 -0.073 
164.000 -0.076 
165.000 -0.077 
166.000 -0.076 
167.000 -0.075 
168.000 -0.072 
169.000 -0.069 
170.000 -0.067 
171.000 -0.065 
172.000 -0.064 
173.000 -0.065 
174.000 -0.066 
175.000 -0.068 
176.000 -0.070 
177.000 -0.072 
178.000 -0.074 
179.000 -0.074 
180.000 -0.074 
181.000 -0.073 
182.000 -0.071 
183.000 -0.070 
184.000 -0.068 
185.000 -0.067 
186.000 -0.067 
187.000 -0.067 
188.000 -0.068 
189.000 -0.069 
190.000 -0.071 
191.000 -0.072 
192.000 -0.072 
193.000 -0.073 
194.000 -0.072 
195.000 -0.072 
196.000 -0.071 
197.000 -0.070 
198.000 -0.069 
199.000 -0.069 
200.000 -0.069 
201.000 -0.069 
202.000 -0.070 
203.000 -0.070 
204.000 -0.071 
205.000 -0.072 
206.000 -0.072 
207.000 -0.072 
208.000 -0.072 
209.000 -0.072 
210.000 -0.071 
211.000 -0.071 
212.000 -0.070 
213.000 -0.070 
214.000 -0.070 
215.000 -0.070 
216.000 -0.070 
217.000 -0.071 
218.000 -0.071 
219.000 -0.072 
220.000 -0.072 
221.000 -0.072 
222.000 -0.072 
223.000 -0.071 
224.000 -0.071 
225.000 -0.071 
226.000 -0.071 
227.000 -0.071 
228.000 -0.071 
229.000 -0.071 
230.000 -0.071 
231.000 -0.071 
232.000 -0.071 
233.000 -0.072 
234.000 -0.072 
235.000 -0.072 
236.000 -0.072 
237.000 -0.072 
238.000 -0.071 
239.000 -0.071 
240.000 -0.071 
241.000 -0.071 
242.000 -0.071 
243.000 -0.071 
244.000 -0.071 
245.000 -0.072 
246.000 0.025 
247.000 0.136 
248.000 0.311 
249.000 0.404 
250.000 0.555 
251.000 0.537 
252.000 0.445 
253.000 0.264 
254.000 0.108 
255.000 -0.001 
256.000 -0.074 
257.000 -0.114 
258.000 -0.141 
259.000 -0.075 
260.000 0.044 
261.000 0.204 
262.000 0.330 
263.000 0.490 
264.000 0.509 
265.000 0.515 
266.000 0.390 
267.000 0.215 
268.000 0.071 
269.000 -0.028 
270.000 -0.088 
271.000 -0.132 
272.000 -0.127 
273.000 -0.039 
274.000 0.104 
275.000 0.248 
276.000 0.414 
277.000 0.497 
278.000 0.591 
279.000 0.513 
280.000 0.330 
281.000 0.154 
282.000 0.024 
283.000 -0.059 
284.000 -0.106 
285.000 -0.152 
286.000 -0.103 
287.000 -0.001 
288.000 0.165 
289.000 0.294 
290.000 0.467 
291.000 0.521 
292.000 0.585 
293.000 0.480 
294.000 0.291 
295.000 0.123 
296.000 0.003 
297.000 -0.072 
298.000 -0.114 
299.000 -0.144 
300.000 -0.076 
301.000 0.042 
302.000 0.208 
303.000 0.323 
304.000 0.486 
305.000 0.521 
306.000 0.547 
307.000 0.426 
308.000 0.247 
309.000 0.094 
310.000 -0.015 
311.000 -0.082 
312.000 -0.126 
313.000 -0.131 
314.000 -0.046 
315.000 0.092 
316.000 0.249 
317.000 0.408 
318.000 0.545 
319.000 0.633 
320.000 0.597 
321.000 0.412 
322.000 0.212 
323.000 0.061 
324.000 -0.036 
325.000 -0.096 
326.000 -0.148 
327.000 -0.126 
328.000 -0.030 
329.000 0.130 
330.000 0.264 
331.000 0.441 
332.000 0.521 
333.000 0.621 
334.000 0.532 
335.000 0.345 
336.000 0.162 
337.000 0.028 
338.000 -0.057 
339.000 -0.104 
340.000 -0.151 
341.000 -0.097 
342.000 0.013 
343.000 0.183 
344.000 0.317 
345.000 0.491 
346.000 0.547 
347.000 0.610 
348.000 0.502 
349.000 0.305 
350.000 0.131 
351.000 0.007 
352.000 -0.069 
353.000 -0.112 
354.000 -0.143 
355.000 -0.071 
356.000 0.051 
357.000 0.220 
358.000 0.344 
359.000 0.509 
360.000 0.547 
361.000 0.575 
362.000 0.454 
363.000 0.265 
364.000 0.104 
365.000 -0.009 
366.000 -0.077 
367.000 0.002 
368.000 0.163 
369.000 0.368 
370.000 0.587 
371.000 0.787 
372.000 0.933 
373.000 1.021 
374.000 1.048 
375.000 0.998 
376.000 0.802 
377.000 0.520 
378.000 0.283 
379.000 0.121 
380.000 0.012 
381.000 0.022 
382.000 0.157 
383.000 0.349 
384.000 0.561 
385.000 0.774 
386.000 0.934 
387.000 1.048 
388.000 1.073 
389.000 1.076 
390.000 0.889 
391.000 0.593 
392.000 0.331 
393.000 0.148 
394.000 0.036 
395.000 -0.008 
396.000 0.076 
397.000 0.243 
398.000 0.456 
399.000 0.678 
400.000 0.879 
401.000 1.020 
402.000 1.107 
403.000 1.117 
404.000 1.043 
405.000 0.801 
406.000 0.496 
407.000 0.258 
408.000 0.100 
409.000 -0.008 
410.000 0.023 
411.000 0.198 
412.000 0.423 
413.000 0.666 
414.000 0.902 
415.000 1.076 
416.000 1.181 
417.000 1.204 
418.000 1.133 
419.000 0.853 
420.000 0.511 
421.000 0.256 
422.000 0.091 
423.000 -0.015 
424.000 -0.006 
425.000 0.164 
426.000 0.402 
427.000 0.666 
428.000 0.925 
429.000 1.130 
430.000 1.242 
431.000 1.285 
432.000 1.194 
433.000 0.875 
434.000 0.511 
435.000 0.247 
436.000 0.078 
437.000 -0.029 
438.000 -0.029 
439.000 0.142 
440.000 0.393 
441.000 0.676 
442.000 0.958 
443.000 1.192 
444.000 1.310 
445.000 1.365 
446.000 1.242 
447.000 0.872 
448.000 0.494 
449.000 0.229 
450.000 0.064 
451.000 -0.039 
452.000 -0.038 
453.000 0.140 
454.000 0.405 
455.000 0.705 
456.000 1.004 
457.000 1.256 
458.000 1.375 
459.000 1.433 
460.000 1.274 
461.000 0.855 
462.000 0.475 
463.000 0.215 
464.000 0.056 
465.000 -0.045 
466.000 -0.040 
467.000 0.145 
468.000 0.421 
469.000 0.734 
470.000 1.047 
471.000 1.313 
472.000 1.432 
473.000 1.491 
474.000 1.305 
475.000 0.850 
476.000 0.466 
477.000 0.209 
478.000 0.052 
479.000 -0.047 
480.000 -0.041 
481.000 0.149 
482.000 0.434 
483.000 0.758 
484.000 1.084 
485.000 1.364 
486.000 1.679 
487.000 2.048 
488.000 2.440 
489.000 2.808 
490.000 3.123 
491.000 3.338 
492.000 3.380 
493.000 3.239 
494.000 2.998 
495.000 2.678 
496.000 2.376 
497.000 2.119 
498.000 1.964 
499.000 1.938 
500.000 2.043 
501.000 2.249 
502.000 2.519 
503.000 2.825 
504.000 3.144 
505.000 3.434 
506.000 3.625 
507.000 3.650 
508.000 3.489 
509.000 3.218 
510.000 2.862 
511.000 2.480 
512.000 2.180 
513.000 1.992 
514.000 1.946 
515.000 2.040 
516.000 2.239 
517.000 2.504 
518.000 2.806 
519.000 3.123 
520.000 3.438 
521.000 3.687 
522.000 3.800 
523.000 3.727 
524.000 3.505 
525.000 3.174 
526.000 2.747 
527.000 2.326 
528.000 2.038 
529.000 1.907 
530.000 1.934 
531.000 2.089 
532.000 2.329 
533.000 2.620 
534.000 2.936 
535.000 3.259 
536.000 3.572 
537.000 3.814 
538.000 3.919 
539.000 3.843 
540.000 3.615 
541.000 3.281 
542.000 2.821 
543.000 2.339 
544.000 2.007 
545.000 1.857 
546.000 1.876 
547.000 2.028 
548.000 2.268 
549.000 2.561 
550.000 2.881 
551.000 3.208 
552.000 3.529 
553.000 3.809 
554.000 3.988 
555.000 4.014 
556.000 3.856 
557.000 3.580 
558.000 3.163 
559.000 2.621 
560.000 2.129 
561.000 1.826 
562.000 1.736 
563.000 1.816 
564.000 2.012 
565.000 2.284 
566.000 2.600 
567.000 2.934 
568.000 3.270 
569.000 3.593 
570.000 3.884 
571.000 4.085 
572.000 4.145 
573.000 4.031 
574.000 3.774 
575.000 3.362 
576.000 2.761 
577.000 2.105 
578.000 1.647 
579.000 1.441 
580.000 1.447 
581.000 1.606 
582.000 1.866 
583.000 2.189 
584.000 2.543 
585.000 2.908 
586.000 3.266 
587.000 3.605 
588.000 3.920 
589.000 4.164 
590.000 4.284 
591.000 4.246 
592.000 4.037 
593.000 3.670 
594.000 3.073 
595.000 2.210 
596.000 1.461 
597.000 0.992 
598.000 0.830 
599.000 0.891 
600.000 1.110 
601.000 1.430 
602.000 1.812 
603.000 2.223 
604.000 2.638 
605.000 3.043 
606.000 3.423 
607.000 3.774 
608.000 4.089 
609.000 4.369 
610.000 4.612 
611.000 4.821 
612.000 4.997 
613.000 5.144 
614.000 5.265 
615.000 5.363 
616.000 5.441 
617.000 5.502 
618.000 5.548 
619.000 5.583 
620.000 5.608 
621.000 5.625 
622.000 5.636 
623.000 5.642 
624.000 5.645 
625.000 5.645 
626.000 5.643 
627.000 5.640 
628.000 5.636 
629.000 5.632 
630.000 5.627 
631.000 5.623 
632.000 5.619 
633.000 5.615 
634.000 5.611 
635.000 5.608 
636.000 5.605 
637.000 5.603 
638.000 5.601 
639.000 5.599 
640.000 5.598 
641.000 5.597 
642.000 5.596 
643.000 5.595 
644.000 5.595 
645.000 5.594 
646.000 5.594 
647.000 5.594 
648.000 5.594 
649.000 5.594 
650.000 5.594 
651.000 5.594 
652.000 5.594 
653.000 5.594 
654.000 5.594 
655.000 5.594 
656.000 5.594 
657.000 5.594 
658.000 5.594 
659.000 5.594 
660.000 5.594 
661.000 5.594 
662.000 5.594 
663.000 5.594 
664.000 5.594 
665.000 5.594 
666.000 5.594 
667.000 5.594 
668.000 5.594 
669.000 5.594 
670.000 5.594 
671.000 5.594 
672.000 5.594 
673.000 5.594 
674.000 5.594 
675.000 5.594 
676.000 5.594 
677.000 5.594 
678.000 5.594 
679.000 5.594 
680.000 5.594 
681.000 5.594 
682.000 5.594 
683.000 5.594 
684.000 5.594 
685.000 5.594 
686.000 5.594 
687.000 5.594 
688.000 5.594 
689.000 5.594 
690.000 5.594 
691.000 5.594 
692.000 5.594 
693.000 5.594 
694.000 5.594 
695.000 5.594 
696.000 5.594 
697.000 5.594 
698.000 5.594 
699.000 5.594 
700.000 5.594 
701.000 5.594 
702.000 5.594 
703.000 5.594 
704.000 5.594 
705.000 5.594 
706.000 5.594 
707.000 5.594 
708.000 5.594 
709.000 5.594 
710.000 5.594 
711.000 5.594 
712.000 5.594 
713.000 5.594 
714.000 5.594 
715.000 5.594 
716.000 5.594 
717.000 5.594 
718.000 5.594 
719.000 5.594 
720.000 5.594 
721.000 5.594 
722.000 5.594 
723.000 5.594 
724.000 5.594 
725.000 5.594 
726.000 5.594 
727.000 5.594 
728.000 5.594 
729.000 5.594 
730.000 5.594 
731.000 5.594 
732.000 5.594 
733.000 5.594 
734.000 5.594 
735.000 5.594 
736.000 5.594 
737.000 5.594 
738.000 5.594 
739.000 5.594 
740.000 5.594 
741.000 5.594 
742.000 5.594 
743.000 5.594 
744.000 5.594 
745.000 5.594 
746.000 5.594 
747.000 5.594 
748.000 5.594 
749.000 5.594 
750.000 5.594 
751.000 5.594 
752.000 5.594 
753.000 5.594 
754.000 5.594 
755.000 5.594 
756.000 5.594 
757.000 5.594 
758.000 5.594 
759.000 5.594 
760.000 5.594 
761.000 5.594 
762.000 5.594 
763.000 5.594 
764.000 5.594 
765.000 5.594 
766.000 5.594 
767.000 5.594 
768.000 5.594 
769.000 5.594 
770.000 5.594 
771.000 5.594 
772.000 5.594 
773.000 5.594 
774.000 5.594 
775.000 5.594 
776.000 5.594 
777.000 5.594 
778.000 5.594 
779.000 5.594 
780.000 5.594 
781.000 5.594 
782.000 5.594 
783.000 5.594 
784.000 5.594 
785.000 5.594 
786.000 5.594 
787.000 5.594 
788.000 5.594 
789.000 5.594 
790.000 5.594 
791.000 5.594 
792.000 5.594 
793.000 5.594 
794.000 5.594 
795.000 5.594 
796.000 5.594 
797.000 5.594 
798.000 5.594 
799.000 5.594 
800.000 5.594 
