1.000 0.000 
2.000 0.000 
3.000 0.000 
4.000 0.000 
5.000 0.000 
6.000 0.000 
7.000 0.000 
8.000 0.000 
9.000 0.000 
10.000 0.000 
11.000 0.000 
12.000 -0.037 
13.000 -0.080 
14.000 -0.099 
15.000 -0.108 
16.000 -0.113 
17.000 -0.117 
18.000 -0.110 
19.000 -0.093 
20.000 -0.078 
21.000 -0.066 
22.000 -0.057 
23.000 -0.053 
24.000 -0.057 
25.000 -0.066 
26.000 -0.076 
27.000 -0.084 
28.000 -0.091 
29.000 -0.095 
30.000 -0.096 
31.000 -0.094 
32.000 -0.090 
33.000 -0.085 
34.000 -0.081 
35.000 -0.077 
36.000 -0.076 
37.000 -0.076 
38.000 -0.078 
39.000 -0.080 
40.000 -0.083 
41.000 -0.086 
42.000 -0.087 
43.000 -0.088 
44.000 -0.088 
45.000 -0.087 
46.000 -0.086 
47.000 -0.085 
48.000 -0.084 
49.000 -0.083 
50.000 -0.083 
51.000 -0.083 
52.000 -0.084 
53.000 -0.085 
54.000 -0.086 
55.000 -0.086 
56.000 -0.087 
57.000 -0.087 
58.000 -0.087 
59.000 -0.087 
60.000 -0.086 
61.000 -0.086 
62.000 -0.086 
63.000 -0.086 
64.000 -0.086 
65.000 -0.086 
66.000 -0.086 
67.000 -0.087 
68.000 -0.087 
69.000 -0.087 
70.000 -0.087 
71.000 -0.088 
72.000 -0.088 
73.000 -0.088 
74.000 -0.088 
75.000 -0.088 
76.000 -0.088 
77.000 -0.088 
78.000 -0.088 
79.000 -0.088 
80.000 -0.088 
81.000 -0.088 
82.000 -0.088 
83.000 -0.089 
84.000 -0.089 
85.000 -0.089 
86.000 -0.089 
87.000 -0.089 
88.000 -0.089 
89.000 -0.089 
90.000 -0.089 
91.000 -0.089 
92.000 -0.089 
93.000 -0.089 
94.000 -0.090 
95.000 -0.090 
96.000 -0.090 
97.000 -0.090 
98.000 -0.090 
99.000 -0.090 
100.000 -0.090 
101.000 -0.090 
102.000 -0.090 
103.000 -0.090 
104.000 -0.090 
105.000 -0.091 
106.000 -0.091 
107.000 -0.091 
108.000 -0.091 
109.000 -0.091 
110.000 -0.091 
111.000 -0.091 
112.000 -0.091 
113.000 -0.091 
114.000 -0.091 
115.000 -0.091 
116.000 -0.092 
117.000 -0.092 
118.000 -0.092 
119.000 -0.092 
120.000 -0.092 
121.000 -0.092 
122.000 -0.092 
123.000 -0.092 
124.000 -0.092 
125.000 -0.092 
126.000 -0.086 
127.000 -0.064 
128.000 -0.050 
129.000 -0.042 
130.000 -0.038 
131.000 -0.038 
132.000 -0.046 
133.000 -0.058 
134.000 -0.070 
135.000 -0.078 
136.000 -0.084 
137.000 -0.086 
138.000 -0.084 
139.000 -0.079 
140.000 -0.071 
141.000 -0.063 
142.000 -0.056 
143.000 -0.052 
144.000 -0.051 
145.000 -0.054 
146.000 -0.060 
147.000 -0.066 
148.000 -0.072 
149.000 -0.077 
150.000 -0.079 
151.000 -0.079 
152.000 -0.076 
153.000 -0.072 
154.000 -0.067 
155.000 -0.063 
156.000 -0.060 
157.000 -0.059 
158.000 -0.060 
159.000 -0.062 
160.000 -0.066 
161.000 -0.070 
162.000 -0.073 
163.000 -0.074 
164.000 -0.075 
165.000 -0.074 
166.000 -0.072 
167.000 -0.069 
168.000 -0.066 
169.000 -0.064 
170.000 -0.063 
171.000 -0.063 
172.000 -0.065 
173.000 -0.067 
174.000 -0.069 
175.000 -0.070 
176.000 -0.072 
177.000 -0.072 
178.000 -0.072 
179.000 -0.071 
180.000 -0.070 
181.000 -0.068 
182.000 -0.067 
183.000 -0.066 
184.000 -0.066 
185.000 -0.066 
186.000 -0.067 
187.000 -0.068 
188.000 -0.070 
189.000 -0.071 
190.000 -0.071 
191.000 -0.071 
192.000 -0.071 
193.000 -0.070 
194.000 -0.069 
195.000 -0.068 
196.000 -0.068 
197.000 -0.068 
198.000 -0.068 
199.000 -0.068 
200.000 -0.069 
201.000 -0.069 
202.000 -0.070 
203.000 -0.070 
204.000 -0.070 
205.000 -0.070 
206.000 -0.070 
207.000 -0.070 
208.000 -0.069 
209.000 -0.069 
210.000 -0.069 
211.000 -0.069 
212.000 -0.069 
213.000 -0.069 
214.000 -0.070 
215.000 -0.070 
216.000 -0.070 
217.000 -0.070 
218.000 -0.070 
219.000 -0.070 
220.000 -0.070 
221.000 -0.070 
222.000 -0.070 
223.000 -0.069 
224.000 -0.069 
225.000 -0.069 
226.000 -0.070 
227.000 -0.070 
228.000 -0.070 
229.000 -0.070 
230.000 -0.070 
231.000 -0.070 
232.000 -0.070 
233.000 -0.070 
234.000 -0.070 
235.000 -0.070 
236.000 -0.070 
237.000 -0.070 
238.000 -0.070 
239.000 -0.070 
240.000 -0.070 
241.000 -0.070 
242.000 -0.070 
243.000 -0.070 
244.000 -0.070 
245.000 -0.071 
246.000 0.027 
247.000 0.138 
248.000 0.303 
249.000 0.388 
250.000 0.525 
251.000 0.510 
252.000 0.398 
253.000 0.221 
254.000 0.079 
255.000 -0.019 
256.000 -0.081 
257.000 -0.125 
258.000 -0.110 
259.000 -0.025 
260.000 0.125 
261.000 0.240 
262.000 0.408 
263.000 0.480 
264.000 0.548 
265.000 0.462 
266.000 0.290 
267.000 0.125 
268.000 0.006 
269.000 -0.069 
270.000 -0.113 
271.000 -0.136 
272.000 -0.064 
273.000 0.058 
274.000 0.217 
275.000 0.350 
276.000 0.508 
277.000 0.522 
278.000 0.485 
279.000 0.333 
280.000 0.166 
281.000 0.037 
282.000 -0.048 
283.000 -0.096 
284.000 -0.140 
285.000 -0.088 
286.000 0.014 
287.000 0.177 
288.000 0.298 
289.000 0.467 
290.000 0.518 
291.000 0.548 
292.000 0.428 
293.000 0.247 
294.000 0.093 
295.000 -0.015 
296.000 -0.082 
297.000 -0.133 
298.000 -0.125 
299.000 -0.038 
300.000 0.112 
301.000 0.234 
302.000 0.404 
303.000 0.487 
304.000 0.573 
305.000 0.501 
306.000 0.328 
307.000 0.153 
308.000 0.024 
309.000 -0.058 
310.000 -0.105 
311.000 -0.140 
312.000 -0.076 
313.000 0.038 
314.000 0.203 
315.000 0.320 
316.000 0.483 
317.000 0.526 
318.000 0.536 
319.000 0.402 
320.000 0.225 
321.000 0.078 
322.000 -0.024 
323.000 -0.085 
324.000 -0.140 
325.000 -0.112 
326.000 -0.021 
327.000 0.139 
328.000 0.273 
329.000 0.450 
330.000 0.526 
331.000 0.601 
332.000 0.512 
333.000 0.319 
334.000 0.142 
335.000 0.014 
336.000 -0.065 
337.000 -0.110 
338.000 -0.136 
339.000 -0.063 
340.000 0.065 
341.000 0.226 
342.000 0.372 
343.000 0.529 
344.000 0.578 
345.000 0.558 
346.000 0.396 
347.000 0.207 
348.000 0.062 
349.000 -0.036 
350.000 -0.093 
351.000 -0.151 
352.000 -0.107 
353.000 -0.001 
354.000 0.168 
355.000 0.304 
356.000 0.482 
357.000 0.550 
358.000 0.606 
359.000 0.498 
360.000 0.300 
361.000 0.127 
362.000 0.005 
363.000 -0.071 
364.000 -0.116 
365.000 -0.125 
366.000 0.028 
367.000 0.255 
368.000 0.491 
369.000 0.699 
370.000 0.889 
371.000 0.967 
372.000 1.046 
373.000 0.907 
374.000 0.720 
375.000 0.464 
376.000 0.250 
377.000 0.105 
378.000 0.004 
379.000 0.025 
380.000 0.140 
381.000 0.307 
382.000 0.502 
383.000 0.693 
384.000 0.856 
385.000 0.963 
386.000 1.033 
387.000 1.020 
388.000 0.902 
389.000 0.660 
390.000 0.402 
391.000 0.205 
392.000 0.068 
393.000 0.017 
394.000 0.076 
395.000 0.217 
396.000 0.400 
397.000 0.604 
398.000 0.788 
399.000 0.940 
400.000 1.026 
401.000 1.081 
402.000 1.009 
403.000 0.824 
404.000 0.547 
405.000 0.307 
406.000 0.140 
407.000 0.019 
408.000 0.037 
409.000 0.170 
410.000 0.360 
411.000 0.572 
412.000 0.789 
413.000 0.953 
414.000 1.077 
415.000 1.111 
416.000 1.104 
417.000 0.919 
418.000 0.610 
419.000 0.339 
420.000 0.151 
421.000 0.035 
422.000 0.015 
423.000 0.127 
424.000 0.310 
425.000 0.530 
426.000 0.754 
427.000 0.948 
428.000 1.083 
429.000 1.159 
430.000 1.165 
431.000 1.017 
432.000 0.702 
433.000 0.403 
434.000 0.192 
435.000 0.057 
436.000 -0.022 
437.000 0.034 
438.000 0.190 
439.000 0.401 
440.000 0.632 
441.000 0.860 
442.000 1.034 
443.000 1.156 
444.000 1.195 
445.000 1.158 
446.000 0.931 
447.000 0.590 
448.000 0.316 
449.000 0.133 
450.000 0.015 
451.000 0.020 
452.000 0.177 
453.000 0.396 
454.000 0.644 
455.000 0.893 
456.000 1.097 
457.000 1.223 
458.000 1.282 
459.000 1.219 
460.000 0.936 
461.000 0.565 
462.000 0.287 
463.000 0.108 
464.000 -0.009 
465.000 -0.009 
466.000 0.154 
467.000 0.389 
468.000 0.656 
469.000 0.926 
470.000 1.154 
471.000 1.286 
472.000 1.354 
473.000 1.269 
474.000 0.932 
475.000 0.544 
476.000 0.265 
477.000 0.087 
478.000 -0.029 
479.000 -0.030 
480.000 0.138 
481.000 0.386 
482.000 0.670 
483.000 0.958 
484.000 1.207 
485.000 1.344 
486.000 1.539 
487.000 1.828 
488.000 2.161 
489.000 2.498 
490.000 2.837 
491.000 3.140 
492.000 3.335 
493.000 3.361 
494.000 3.235 
495.000 2.992 
496.000 2.690 
497.000 2.386 
498.000 2.132 
499.000 1.958 
500.000 1.894 
501.000 1.957 
502.000 2.132 
503.000 2.384 
504.000 2.682 
505.000 3.001 
506.000 3.302 
507.000 3.522 
508.000 3.599 
509.000 3.486 
510.000 3.257 
511.000 2.925 
512.000 2.560 
513.000 2.245 
514.000 2.020 
515.000 1.909 
516.000 1.937 
517.000 2.091 
518.000 2.329 
519.000 2.619 
520.000 2.935 
521.000 3.257 
522.000 3.535 
523.000 3.704 
524.000 3.709 
525.000 3.538 
526.000 3.261 
527.000 2.879 
528.000 2.473 
529.000 2.164 
530.000 1.970 
531.000 1.911 
532.000 1.992 
533.000 2.184 
534.000 2.446 
535.000 2.748 
536.000 3.068 
537.000 3.388 
538.000 3.660 
539.000 3.820 
540.000 3.820 
541.000 3.642 
542.000 3.359 
543.000 2.952 
544.000 2.504 
545.000 2.160 
546.000 1.951 
547.000 1.891 
548.000 1.976 
549.000 2.170 
550.000 2.435 
551.000 2.740 
552.000 3.061 
553.000 3.383 
554.000 3.676 
555.000 3.881 
556.000 3.944 
557.000 3.832 
558.000 3.585 
559.000 3.208 
560.000 2.727 
561.000 2.288 
562.000 1.996 
563.000 1.869 
564.000 1.903 
565.000 2.064 
566.000 2.309 
567.000 2.604 
568.000 2.924 
569.000 3.250 
570.000 3.567 
571.000 3.841 
572.000 4.013 
573.000 4.038 
574.000 3.888 
575.000 3.616 
576.000 3.197 
577.000 2.661 
578.000 2.196 
579.000 1.901 
580.000 1.794 
581.000 1.851 
582.000 2.030 
583.000 2.289 
584.000 2.595 
585.000 2.923 
586.000 3.255 
587.000 3.576 
588.000 3.868 
589.000 4.077 
590.000 4.153 
591.000 4.065 
592.000 3.824 
593.000 3.429 
594.000 2.862 
595.000 2.265 
596.000 1.853 
597.000 1.656 
598.000 1.651 
599.000 1.793 
600.000 2.035 
601.000 2.338 
602.000 2.674 
603.000 3.020 
604.000 3.360 
605.000 3.684 
606.000 3.984 
607.000 4.257 
608.000 4.499 
609.000 4.712 
610.000 4.895 
611.000 5.051 
612.000 5.181 
613.000 5.289 
614.000 5.376 
615.000 5.441 
616.000 5.478 
617.000 5.483 
618.000 5.459 
619.000 5.409 
620.000 5.343 
621.000 5.271 
622.000 5.209 
623.000 5.171 
624.000 5.158 
625.000 5.165 
626.000 5.186 
627.000 5.216 
628.000 5.251 
629.000 5.289 
630.000 5.327 
631.000 5.363 
632.000 5.398 
633.000 5.430 
634.000 5.459 
635.000 5.483 
636.000 5.501 
637.000 5.509 
638.000 5.506 
639.000 5.494 
640.000 5.472 
641.000 5.444 
642.000 5.416 
643.000 5.393 
644.000 5.380 
645.000 5.377 
646.000 5.384 
647.000 5.396 
648.000 5.412 
649.000 5.430 
650.000 5.449 
651.000 5.468 
652.000 5.486 
653.000 5.503 
654.000 5.517 
655.000 5.526 
656.000 5.530 
657.000 5.526 
658.000 5.516 
659.000 5.501 
660.000 5.482 
661.000 5.464 
662.000 5.450 
663.000 5.443 
664.000 5.444 
665.000 5.450 
666.000 5.459 
667.000 5.471 
668.000 5.484 
669.000 5.497 
670.000 5.510 
671.000 5.522 
672.000 5.533 
673.000 5.542 
674.000 5.546 
675.000 5.545 
676.000 5.539 
677.000 5.529 
678.000 5.516 
679.000 5.502 
680.000 5.490 
681.000 5.483 
682.000 5.481 
683.000 5.484 
684.000 5.490 
685.000 5.499 
686.000 5.508 
687.000 5.518 
688.000 5.528 
689.000 5.537 
690.000 5.546 
691.000 5.553 
692.000 5.557 
693.000 5.558 
694.000 5.555 
695.000 5.548 
696.000 5.539 
697.000 5.528 
698.000 5.519 
699.000 5.512 
700.000 5.510 
701.000 5.511 
702.000 5.515 
703.000 5.521 
704.000 5.528 
705.000 5.535 
706.000 5.542 
707.000 5.550 
708.000 5.556 
709.000 5.562 
710.000 5.566 
711.000 5.567 
712.000 5.565 
713.000 5.561 
714.000 5.554 
715.000 5.547 
716.000 5.539 
717.000 5.534 
718.000 5.531 
719.000 5.531 
720.000 5.534 
721.000 5.538 
722.000 5.543 
723.000 5.548 
724.000 5.554 
725.000 5.559 
726.000 5.564 
727.000 5.569 
728.000 5.572 
729.000 5.573 
730.000 5.573 
731.000 5.570 
732.000 5.566 
733.000 5.560 
734.000 5.554 
735.000 5.550 
736.000 5.547 
737.000 5.546 
738.000 5.548 
739.000 5.551 
740.000 5.554 
741.000 5.558 
742.000 5.562 
743.000 5.567 
744.000 5.571 
745.000 5.574 
746.000 5.577 
747.000 5.579 
748.000 5.579 
749.000 5.577 
750.000 5.574 
751.000 5.570 
752.000 5.565 
753.000 5.561 
754.000 5.559 
755.000 5.558 
756.000 5.559 
757.000 5.561 
758.000 5.563 
759.000 5.566 
760.000 5.569 
761.000 5.572 
762.000 5.575 
763.000 5.578 
764.000 5.581 
765.000 5.582 
766.000 5.582 
767.000 5.582 
768.000 5.580 
769.000 5.577 
770.000 5.574 
771.000 5.570 
772.000 5.568 
773.000 5.567 
774.000 5.567 
775.000 5.569 
776.000 5.570 
777.000 5.572 
778.000 5.575 
779.000 5.577 
780.000 5.579 
781.000 5.582 
782.000 5.584 
783.000 5.585 
784.000 5.585 
785.000 5.585 
786.000 5.584 
787.000 5.582 
788.000 5.579 
789.000 5.577 
790.000 5.575 
791.000 5.574 
792.000 5.574 
793.000 5.575 
794.000 5.576 
795.000 5.577 
796.000 5.579 
797.000 5.581 
798.000 5.583 
799.000 5.584 
800.000 5.586 
