1.000 0.000 
2.000 0.000 
3.000 0.000 
4.000 0.000 
5.000 0.000 
6.000 0.000 
7.000 0.000 
8.000 0.000 
9.000 0.000 
10.000 0.000 
11.000 0.000 
12.000 -0.037 
13.000 -0.079 
14.000 -0.098 
15.000 -0.108 
16.000 -0.113 
17.000 -0.116 
18.000 -0.110 
19.000 -0.094 
20.000 -0.079 
21.000 -0.067 
22.000 -0.058 
23.000 -0.054 
24.000 -0.057 
25.000 -0.065 
26.000 -0.075 
27.000 -0.083 
28.000 -0.090 
29.000 -0.094 
30.000 -0.095 
31.000 -0.094 
32.000 -0.090 
33.000 -0.086 
34.000 -0.081 
35.000 -0.078 
36.000 -0.076 
37.000 -0.076 
38.000 -0.077 
39.000 -0.080 
40.000 -0.083 
41.000 -0.085 
42.000 -0.087 
43.000 -0.088 
44.000 -0.088 
45.000 -0.087 
46.000 -0.086 
47.000 -0.085 
48.000 -0.084 
49.000 -0.083 
50.000 -0.083 
51.000 -0.083 
52.000 -0.084 
53.000 -0.084 
54.000 -0.085 
55.000 -0.086 
56.000 -0.086 
57.000 -0.087 
58.000 -0.087 
59.000 -0.087 
60.000 -0.086 
61.000 -0.086 
62.000 -0.086 
63.000 -0.086 
64.000 -0.086 
65.000 -0.086 
66.000 -0.086 
67.000 -0.087 
68.000 -0.087 
69.000 -0.087 
70.000 -0.087 
71.000 -0.087 
72.000 -0.087 
73.000 -0.087 
74.000 -0.087 
75.000 -0.087 
76.000 -0.088 
77.000 -0.088 
78.000 -0.088 
79.000 -0.088 
80.000 -0.088 
81.000 -0.088 
82.000 -0.088 
83.000 -0.088 
84.000 -0.088 
85.000 -0.089 
86.000 -0.089 
87.000 -0.089 
88.000 -0.089 
89.000 -0.089 
90.000 -0.089 
91.000 -0.089 
92.000 -0.089 
93.000 -0.089 
94.000 -0.089 
95.000 -0.089 
96.000 -0.090 
97.000 -0.090 
98.000 -0.090 
99.000 -0.090 
100.000 -0.090 
101.000 -0.090 
102.000 -0.090 
103.000 -0.090 
104.000 -0.090 
105.000 -0.090 
106.000 -0.090 
107.000 -0.091 
108.000 -0.091 
109.000 -0.091 
110.000 -0.091 
111.000 -0.091 
112.000 -0.091 
113.000 -0.091 
114.000 -0.091 
115.000 -0.091 
116.000 -0.091 
117.000 -0.091 
118.000 -0.092 
119.000 -0.092 
120.000 -0.092 
121.000 -0.092 
122.000 -0.092 
123.000 -0.092 
124.000 -0.092 
125.000 -0.092 
126.000 -0.086 
127.000 -0.065 
128.000 -0.051 
129.000 -0.043 
130.000 -0.039 
131.000 -0.039 
132.000 -0.046 
133.000 -0.058 
134.000 -0.069 
135.000 -0.077 
136.000 -0.083 
137.000 -0.085 
138.000 -0.084 
139.000 -0.079 
140.000 -0.071 
141.000 -0.063 
142.000 -0.057 
143.000 -0.052 
144.000 -0.052 
145.000 -0.054 
146.000 -0.060 
147.000 -0.066 
148.000 -0.071 
149.000 -0.076 
150.000 -0.078 
151.000 -0.078 
152.000 -0.076 
153.000 -0.072 
154.000 -0.068 
155.000 -0.064 
156.000 -0.060 
157.000 -0.059 
158.000 -0.060 
159.000 -0.062 
160.000 -0.065 
161.000 -0.069 
162.000 -0.072 
163.000 -0.074 
164.000 -0.074 
165.000 -0.074 
166.000 -0.072 
167.000 -0.069 
168.000 -0.067 
169.000 -0.065 
170.000 -0.064 
171.000 -0.064 
172.000 -0.065 
173.000 -0.066 
174.000 -0.068 
175.000 -0.070 
176.000 -0.071 
177.000 -0.072 
178.000 -0.072 
179.000 -0.071 
180.000 -0.070 
181.000 -0.068 
182.000 -0.067 
183.000 -0.066 
184.000 -0.066 
185.000 -0.066 
186.000 -0.067 
187.000 -0.068 
188.000 -0.069 
189.000 -0.070 
190.000 -0.071 
191.000 -0.071 
192.000 -0.071 
193.000 -0.070 
194.000 -0.069 
195.000 -0.069 
196.000 -0.068 
197.000 -0.068 
198.000 -0.068 
199.000 -0.068 
200.000 -0.069 
201.000 -0.069 
202.000 -0.070 
203.000 -0.070 
204.000 -0.070 
205.000 -0.070 
206.000 -0.070 
207.000 -0.070 
208.000 -0.069 
209.000 -0.069 
210.000 -0.069 
211.000 -0.069 
212.000 -0.069 
213.000 -0.069 
214.000 -0.069 
215.000 -0.070 
216.000 -0.070 
217.000 -0.070 
218.000 -0.070 
219.000 -0.070 
220.000 -0.070 
221.000 -0.070 
222.000 -0.070 
223.000 -0.069 
224.000 -0.069 
225.000 -0.069 
226.000 -0.070 
227.000 -0.070 
228.000 -0.070 
229.000 -0.070 
230.000 -0.070 
231.000 -0.070 
232.000 -0.070 
233.000 -0.070 
234.000 -0.070 
235.000 -0.070 
236.000 -0.070 
237.000 -0.070 
238.000 -0.070 
239.000 -0.070 
240.000 -0.070 
241.000 -0.070 
242.000 -0.070 
243.000 -0.070 
244.000 -0.070 
245.000 -0.070 
246.000 0.027 
247.000 0.138 
248.000 0.302 
249.000 0.387 
250.000 0.522 
251.000 0.507 
252.000 0.397 
253.000 0.223 
254.000 0.081 
255.000 -0.017 
256.000 -0.080 
257.000 -0.122 
258.000 -0.111 
259.000 -0.026 
260.000 0.120 
261.000 0.232 
262.000 0.397 
263.000 0.471 
264.000 0.542 
265.000 0.462 
266.000 0.297 
267.000 0.134 
268.000 0.013 
269.000 -0.064 
270.000 -0.109 
271.000 -0.137 
272.000 -0.071 
273.000 0.045 
274.000 0.206 
275.000 0.323 
276.000 0.482 
277.000 0.513 
278.000 0.502 
279.000 0.362 
280.000 0.193 
281.000 0.058 
282.000 -0.036 
283.000 -0.089 
284.000 -0.140 
285.000 -0.102 
286.000 -0.009 
287.000 0.152 
288.000 0.279 
289.000 0.453 
290.000 0.516 
291.000 0.572 
292.000 0.470 
293.000 0.284 
294.000 0.118 
295.000 -0.000 
296.000 -0.074 
297.000 -0.118 
298.000 -0.132 
299.000 -0.054 
300.000 0.078 
301.000 0.231 
302.000 0.388 
303.000 0.524 
304.000 0.605 
305.000 0.562 
306.000 0.377 
307.000 0.187 
308.000 0.046 
309.000 -0.045 
310.000 -0.098 
311.000 -0.156 
312.000 -0.112 
313.000 -0.011 
314.000 0.155 
315.000 0.288 
316.000 0.464 
317.000 0.529 
318.000 0.587 
319.000 0.484 
320.000 0.293 
321.000 0.124 
322.000 0.003 
323.000 -0.072 
324.000 -0.116 
325.000 -0.131 
326.000 -0.053 
327.000 0.081 
328.000 0.235 
329.000 0.394 
330.000 0.530 
331.000 0.617 
332.000 0.576 
333.000 0.390 
334.000 0.196 
335.000 0.052 
336.000 -0.042 
337.000 -0.097 
338.000 -0.157 
339.000 -0.113 
340.000 -0.009 
341.000 0.159 
342.000 0.293 
343.000 0.471 
344.000 0.539 
345.000 0.600 
346.000 0.498 
347.000 0.304 
348.000 0.130 
349.000 0.007 
350.000 -0.069 
351.000 -0.114 
352.000 -0.130 
353.000 -0.052 
354.000 0.082 
355.000 0.238 
356.000 0.397 
357.000 0.537 
358.000 0.625 
359.000 0.590 
360.000 0.405 
361.000 0.207 
362.000 0.059 
363.000 -0.037 
364.000 -0.094 
365.000 -0.157 
366.000 -0.078 
367.000 0.110 
368.000 0.330 
369.000 0.538 
370.000 0.749 
371.000 0.875 
372.000 0.990 
373.000 0.937 
374.000 0.905 
375.000 0.718 
376.000 0.477 
377.000 0.264 
378.000 0.100 
379.000 0.028 
380.000 0.080 
381.000 0.218 
382.000 0.403 
383.000 0.600 
384.000 0.789 
385.000 0.919 
386.000 1.020 
387.000 1.023 
388.000 0.980 
389.000 0.786 
390.000 0.519 
391.000 0.287 
392.000 0.120 
393.000 0.019 
394.000 0.054 
395.000 0.200 
396.000 0.394 
397.000 0.602 
398.000 0.806 
399.000 0.951 
400.000 1.060 
401.000 1.073 
402.000 1.036 
403.000 0.830 
404.000 0.538 
405.000 0.293 
406.000 0.122 
407.000 0.014 
408.000 0.042 
409.000 0.197 
410.000 0.401 
411.000 0.620 
412.000 0.834 
413.000 0.993 
414.000 1.103 
415.000 1.130 
416.000 1.080 
417.000 0.851 
418.000 0.537 
419.000 0.285 
420.000 0.116 
421.000 0.004 
422.000 0.026 
423.000 0.185 
424.000 0.395 
425.000 0.624 
426.000 0.849 
427.000 1.022 
428.000 1.136 
429.000 1.175 
430.000 1.125 
431.000 0.887 
432.000 0.554 
433.000 0.292 
434.000 0.118 
435.000 0.004 
436.000 0.016 
437.000 0.175 
438.000 0.389 
439.000 0.626 
440.000 0.861 
441.000 1.048 
442.000 1.167 
443.000 1.218 
444.000 1.167 
445.000 0.920 
446.000 0.571 
447.000 0.299 
448.000 0.121 
449.000 0.003 
450.000 0.008 
451.000 0.166 
452.000 0.385 
453.000 0.631 
454.000 0.878 
455.000 1.079 
456.000 1.205 
457.000 1.263 
458.000 1.210 
459.000 0.948 
460.000 0.582 
461.000 0.301 
462.000 0.119 
463.000 0.001 
464.000 -0.002 
465.000 0.157 
466.000 0.384 
467.000 0.644 
468.000 0.906 
469.000 1.126 
470.000 1.257 
471.000 1.323 
472.000 1.254 
473.000 0.954 
474.000 0.571 
475.000 0.287 
476.000 0.105 
477.000 -0.013 
478.000 -0.018 
479.000 0.145 
480.000 0.384 
481.000 0.659 
482.000 0.937 
483.000 1.177 
484.000 1.312 
485.000 1.385 
486.000 1.540 
487.000 1.788 
488.000 2.078 
489.000 2.396 
490.000 2.736 
491.000 3.053 
492.000 3.279 
493.000 3.360 
494.000 3.266 
495.000 3.059 
496.000 2.757 
497.000 2.458 
498.000 2.176 
499.000 1.979 
500.000 1.885 
501.000 1.913 
502.000 2.063 
503.000 2.299 
504.000 2.589 
505.000 2.905 
506.000 3.218 
507.000 3.466 
508.000 3.582 
509.000 3.516 
510.000 3.312 
511.000 3.002 
512.000 2.648 
513.000 2.317 
514.000 2.069 
515.000 1.926 
516.000 1.917 
517.000 2.038 
518.000 2.256 
519.000 2.534 
520.000 2.844 
521.000 3.166 
522.000 3.458 
523.000 3.657 
524.000 3.703 
525.000 3.560 
526.000 3.310 
527.000 2.957 
528.000 2.565 
529.000 2.241 
530.000 2.022 
531.000 1.931 
532.000 1.984 
533.000 2.156 
534.000 2.405 
535.000 2.700 
536.000 3.016 
537.000 3.335 
538.000 3.614 
539.000 3.789 
540.000 3.808 
541.000 3.644 
542.000 3.375 
543.000 2.989 
544.000 2.559 
545.000 2.216 
546.000 1.996 
547.000 1.921 
548.000 1.992 
549.000 2.175 
550.000 2.432 
551.000 2.731 
552.000 3.049 
553.000 3.369 
554.000 3.660 
555.000 3.862 
556.000 3.924 
557.000 3.809 
558.000 3.562 
559.000 3.193 
560.000 2.732 
561.000 2.317 
562.000 2.038 
563.000 1.918 
564.000 1.954 
565.000 2.115 
566.000 2.357 
567.000 2.649 
568.000 2.965 
569.000 3.287 
570.000 3.600 
571.000 3.860 
572.000 4.010 
573.000 4.006 
574.000 3.824 
575.000 3.536 
576.000 3.107 
577.000 2.595 
578.000 2.180 
579.000 1.928 
580.000 1.855 
581.000 1.937 
582.000 2.131 
583.000 2.397 
584.000 2.703 
585.000 3.028 
586.000 3.353 
587.000 3.666 
588.000 3.931 
589.000 4.094 
590.000 4.110 
591.000 3.957 
592.000 3.676 
593.000 3.245 
594.000 2.690 
595.000 2.200 
596.000 1.891 
597.000 1.783 
598.000 1.842 
599.000 2.024 
600.000 2.285 
601.000 2.592 
602.000 2.921 
603.000 3.254 
604.000 3.576 
605.000 3.879 
606.000 4.157 
607.000 4.407 
608.000 4.629 
609.000 4.821 
610.000 4.986 
611.000 5.126 
612.000 5.242 
613.000 5.337 
614.000 5.405 
615.000 5.438 
616.000 5.434 
617.000 5.396 
618.000 5.329 
619.000 5.245 
620.000 5.160 
621.000 5.090 
622.000 5.053 
623.000 5.045 
624.000 5.060 
625.000 5.091 
626.000 5.131 
627.000 5.177 
628.000 5.225 
629.000 5.272 
630.000 5.318 
631.000 5.361 
632.000 5.399 
633.000 5.434 
634.000 5.460 
635.000 5.474 
636.000 5.473 
637.000 5.459 
638.000 5.432 
639.000 5.395 
640.000 5.357 
641.000 5.323 
642.000 5.301 
643.000 5.295 
644.000 5.302 
645.000 5.317 
646.000 5.339 
647.000 5.363 
648.000 5.389 
649.000 5.415 
650.000 5.440 
651.000 5.464 
652.000 5.484 
653.000 5.498 
654.000 5.504 
655.000 5.500 
656.000 5.487 
657.000 5.466 
658.000 5.441 
659.000 5.415 
660.000 5.395 
661.000 5.384 
662.000 5.383 
663.000 5.391 
664.000 5.404 
665.000 5.420 
666.000 5.438 
667.000 5.456 
668.000 5.474 
669.000 5.492 
670.000 5.508 
671.000 5.520 
672.000 5.526 
673.000 5.525 
674.000 5.518 
675.000 5.504 
676.000 5.486 
677.000 5.467 
678.000 5.450 
679.000 5.439 
680.000 5.436 
681.000 5.439 
682.000 5.448 
683.000 5.459 
684.000 5.472 
685.000 5.486 
686.000 5.500 
687.000 5.513 
688.000 5.525 
689.000 5.536 
690.000 5.542 
691.000 5.543 
692.000 5.539 
693.000 5.530 
694.000 5.517 
695.000 5.503 
696.000 5.489 
697.000 5.480 
698.000 5.476 
699.000 5.477 
700.000 5.483 
701.000 5.491 
702.000 5.500 
703.000 5.511 
704.000 5.521 
705.000 5.531 
706.000 5.540 
707.000 5.548 
708.000 5.554 
709.000 5.555 
710.000 5.553 
711.000 5.547 
712.000 5.539 
713.000 5.528 
714.000 5.518 
715.000 5.509 
716.000 5.505 
717.000 5.506 
718.000 5.509 
719.000 5.515 
720.000 5.522 
721.000 5.529 
722.000 5.537 
723.000 5.545 
724.000 5.552 
725.000 5.558 
726.000 5.563 
727.000 5.565 
728.000 5.564 
729.000 5.560 
730.000 5.554 
731.000 5.546 
732.000 5.538 
733.000 5.532 
734.000 5.528 
735.000 5.527 
736.000 5.529 
737.000 5.533 
738.000 5.538 
739.000 5.544 
740.000 5.549 
741.000 5.555 
742.000 5.561 
743.000 5.566 
744.000 5.570 
745.000 5.572 
746.000 5.572 
747.000 5.570 
748.000 5.566 
749.000 5.560 
750.000 5.554 
751.000 5.548 
752.000 5.544 
753.000 5.543 
754.000 5.544 
755.000 5.547 
756.000 5.550 
757.000 5.555 
758.000 5.559 
759.000 5.564 
760.000 5.568 
761.000 5.572 
762.000 5.575 
763.000 5.577 
764.000 5.578 
765.000 5.576 
766.000 5.574 
767.000 5.570 
768.000 5.565 
769.000 5.561 
770.000 5.557 
771.000 5.556 
772.000 5.556 
773.000 5.558 
774.000 5.561 
775.000 5.564 
776.000 5.567 
777.000 5.570 
778.000 5.574 
779.000 5.577 
780.000 5.579 
781.000 5.581 
782.000 5.582 
783.000 5.581 
784.000 5.579 
785.000 5.576 
786.000 5.573 
787.000 5.570 
788.000 5.567 
789.000 5.566 
790.000 5.566 
791.000 5.567 
792.000 5.568 
793.000 5.571 
794.000 5.573 
795.000 5.575 
796.000 5.578 
797.000 5.580 
798.000 5.582 
799.000 5.584 
800.000 5.585 
