1.000 0.000 
2.000 0.000 
3.000 0.000 
4.000 0.000 
5.000 0.000 
6.000 0.000 
7.000 0.000 
8.000 0.000 
9.000 0.000 
10.000 0.000 
11.000 0.000 
12.000 -0.038 
13.000 -0.081 
14.000 -0.100 
15.000 -0.109 
16.000 -0.114 
17.000 -0.117 
18.000 -0.110 
19.000 -0.093 
20.000 -0.078 
21.000 -0.066 
22.000 -0.057 
23.000 -0.053 
24.000 -0.057 
25.000 -0.066 
26.000 -0.076 
27.000 -0.085 
28.000 -0.091 
29.000 -0.095 
30.000 -0.096 
31.000 -0.094 
32.000 -0.090 
33.000 -0.085 
34.000 -0.081 
35.000 -0.077 
36.000 -0.076 
37.000 -0.076 
38.000 -0.078 
39.000 -0.080 
40.000 -0.083 
41.000 -0.086 
42.000 -0.088 
43.000 -0.089 
44.000 -0.088 
45.000 -0.088 
46.000 -0.086 
47.000 -0.085 
48.000 -0.084 
49.000 -0.083 
50.000 -0.083 
51.000 -0.083 
52.000 -0.084 
53.000 -0.085 
54.000 -0.086 
55.000 -0.087 
56.000 -0.087 
57.000 -0.087 
58.000 -0.087 
59.000 -0.087 
60.000 -0.087 
61.000 -0.086 
62.000 -0.086 
63.000 -0.086 
64.000 -0.086 
65.000 -0.086 
66.000 -0.087 
67.000 -0.087 
68.000 -0.087 
69.000 -0.087 
70.000 -0.088 
71.000 -0.088 
72.000 -0.088 
73.000 -0.088 
74.000 -0.088 
75.000 -0.088 
76.000 -0.088 
77.000 -0.088 
78.000 -0.088 
79.000 -0.088 
80.000 -0.088 
81.000 -0.088 
82.000 -0.089 
83.000 -0.089 
84.000 -0.089 
85.000 -0.089 
86.000 -0.089 
87.000 -0.089 
88.000 -0.089 
89.000 -0.089 
90.000 -0.089 
91.000 -0.089 
92.000 -0.089 
93.000 -0.090 
94.000 -0.090 
95.000 -0.090 
96.000 -0.090 
97.000 -0.090 
98.000 -0.090 
99.000 -0.090 
100.000 -0.090 
101.000 -0.090 
102.000 -0.090 
103.000 -0.091 
104.000 -0.091 
105.000 -0.091 
106.000 -0.091 
107.000 -0.091 
108.000 -0.091 
109.000 -0.091 
110.000 -0.091 
111.000 -0.091 
112.000 -0.091 
113.000 -0.091 
114.000 -0.092 
115.000 -0.092 
116.000 -0.092 
117.000 -0.092 
118.000 -0.092 
119.000 -0.092 
120.000 -0.092 
121.000 -0.092 
122.000 -0.092 
123.000 -0.092 
124.000 -0.092 
125.000 -0.093 
126.000 -0.086 
127.000 -0.064 
128.000 -0.050 
129.000 -0.042 
130.000 -0.038 
131.000 -0.038 
132.000 -0.046 
133.000 -0.058 
134.000 -0.070 
135.000 -0.078 
136.000 -0.084 
137.000 -0.086 
138.000 -0.085 
139.000 -0.079 
140.000 -0.071 
141.000 -0.063 
142.000 -0.056 
143.000 -0.051 
144.000 -0.051 
145.000 -0.054 
146.000 -0.060 
147.000 -0.067 
148.000 -0.073 
149.000 -0.077 
150.000 -0.079 
151.000 -0.079 
152.000 -0.076 
153.000 -0.072 
154.000 -0.067 
155.000 -0.063 
156.000 -0.060 
157.000 -0.059 
158.000 -0.060 
159.000 -0.062 
160.000 -0.066 
161.000 -0.070 
162.000 -0.073 
163.000 -0.075 
164.000 -0.075 
165.000 -0.074 
166.000 -0.072 
167.000 -0.069 
168.000 -0.066 
169.000 -0.064 
170.000 -0.063 
171.000 -0.063 
172.000 -0.065 
173.000 -0.067 
174.000 -0.069 
175.000 -0.071 
176.000 -0.072 
177.000 -0.073 
178.000 -0.072 
179.000 -0.071 
180.000 -0.070 
181.000 -0.068 
182.000 -0.067 
183.000 -0.066 
184.000 -0.066 
185.000 -0.066 
186.000 -0.067 
187.000 -0.069 
188.000 -0.070 
189.000 -0.071 
190.000 -0.071 
191.000 -0.071 
192.000 -0.071 
193.000 -0.070 
194.000 -0.069 
195.000 -0.068 
196.000 -0.068 
197.000 -0.068 
198.000 -0.068 
199.000 -0.068 
200.000 -0.069 
201.000 -0.070 
202.000 -0.070 
203.000 -0.071 
204.000 -0.071 
205.000 -0.071 
206.000 -0.070 
207.000 -0.070 
208.000 -0.069 
209.000 -0.069 
210.000 -0.069 
211.000 -0.069 
212.000 -0.069 
213.000 -0.069 
214.000 -0.070 
215.000 -0.070 
216.000 -0.070 
217.000 -0.070 
218.000 -0.070 
219.000 -0.070 
220.000 -0.070 
221.000 -0.070 
222.000 -0.070 
223.000 -0.069 
224.000 -0.069 
225.000 -0.070 
226.000 -0.070 
227.000 -0.070 
228.000 -0.070 
229.000 -0.070 
230.000 -0.070 
231.000 -0.070 
232.000 -0.070 
233.000 -0.070 
234.000 -0.070 
235.000 -0.070 
236.000 -0.070 
237.000 -0.070 
238.000 -0.070 
239.000 -0.070 
240.000 -0.070 
241.000 -0.070 
242.000 -0.070 
243.000 -0.071 
244.000 -0.071 
245.000 -0.071 
246.000 0.027 
247.000 0.138 
248.000 0.304 
249.000 0.390 
250.000 0.527 
251.000 0.515 
252.000 0.402 
253.000 0.224 
254.000 0.080 
255.000 -0.018 
256.000 -0.081 
257.000 -0.125 
258.000 -0.111 
259.000 -0.027 
260.000 0.123 
261.000 0.238 
262.000 0.406 
263.000 0.480 
264.000 0.551 
265.000 0.468 
266.000 0.296 
267.000 0.129 
268.000 0.008 
269.000 -0.068 
270.000 -0.112 
271.000 -0.137 
272.000 -0.068 
273.000 0.052 
274.000 0.211 
275.000 0.340 
276.000 0.498 
277.000 0.520 
278.000 0.494 
279.000 0.345 
280.000 0.177 
281.000 0.045 
282.000 -0.044 
283.000 -0.095 
284.000 -0.143 
285.000 -0.096 
286.000 0.001 
287.000 0.165 
288.000 0.290 
289.000 0.463 
290.000 0.521 
291.000 0.565 
292.000 0.454 
293.000 0.267 
294.000 0.106 
295.000 -0.007 
296.000 -0.078 
297.000 -0.124 
298.000 -0.126 
299.000 -0.044 
300.000 0.099 
301.000 0.234 
302.000 0.403 
303.000 0.482 
304.000 0.569 
305.000 0.506 
306.000 0.329 
307.000 0.152 
308.000 0.024 
309.000 -0.058 
310.000 -0.104 
311.000 -0.143 
312.000 -0.080 
313.000 0.034 
314.000 0.198 
315.000 0.313 
316.000 0.477 
317.000 0.524 
318.000 0.539 
319.000 0.409 
320.000 0.232 
321.000 0.083 
322.000 -0.021 
323.000 -0.084 
324.000 -0.139 
325.000 -0.115 
326.000 -0.026 
327.000 0.133 
328.000 0.264 
329.000 0.441 
330.000 0.521 
331.000 0.601 
332.000 0.519 
333.000 0.328 
334.000 0.148 
335.000 0.018 
336.000 -0.063 
337.000 -0.108 
338.000 -0.139 
339.000 -0.069 
340.000 0.053 
341.000 0.216 
342.000 0.351 
343.000 0.513 
344.000 0.546 
345.000 0.537 
346.000 0.394 
347.000 0.213 
348.000 0.068 
349.000 -0.031 
350.000 -0.088 
351.000 -0.143 
352.000 -0.100 
353.000 0.004 
354.000 0.171 
355.000 0.306 
356.000 0.483 
357.000 0.551 
358.000 0.606 
359.000 0.499 
360.000 0.300 
361.000 0.127 
362.000 0.005 
363.000 -0.071 
364.000 -0.116 
365.000 -0.125 
366.000 0.029 
367.000 0.254 
368.000 0.489 
369.000 0.695 
370.000 0.885 
371.000 0.965 
372.000 1.045 
373.000 0.912 
374.000 0.732 
375.000 0.476 
376.000 0.259 
377.000 0.111 
378.000 0.005 
379.000 0.022 
380.000 0.133 
381.000 0.295 
382.000 0.487 
383.000 0.678 
384.000 0.842 
385.000 0.955 
386.000 1.027 
387.000 1.032 
388.000 0.928 
389.000 0.695 
390.000 0.431 
391.000 0.225 
392.000 0.084 
393.000 0.011 
394.000 0.058 
395.000 0.187 
396.000 0.367 
397.000 0.564 
398.000 0.759 
399.000 0.908 
400.000 1.021 
401.000 1.058 
402.000 1.053 
403.000 0.897 
404.000 0.627 
405.000 0.365 
406.000 0.174 
407.000 0.052 
408.000 0.028 
409.000 0.118 
410.000 0.282 
411.000 0.485 
412.000 0.697 
413.000 0.881 
414.000 1.022 
415.000 1.098 
416.000 1.134 
417.000 1.022 
418.000 0.758 
419.000 0.459 
420.000 0.234 
421.000 0.088 
422.000 -0.016 
423.000 0.018 
424.000 0.160 
425.000 0.358 
426.000 0.578 
427.000 0.802 
428.000 0.976 
429.000 1.106 
430.000 1.151 
431.000 1.151 
432.000 0.971 
433.000 0.648 
434.000 0.362 
435.000 0.164 
436.000 0.042 
437.000 -0.000 
438.000 0.092 
439.000 0.265 
440.000 0.486 
441.000 0.717 
442.000 0.930 
443.000 1.085 
444.000 1.184 
445.000 1.208 
446.000 1.109 
447.000 0.816 
448.000 0.488 
449.000 0.245 
450.000 0.088 
451.000 -0.027 
452.000 0.002 
453.000 0.168 
454.000 0.391 
455.000 0.638 
456.000 0.888 
457.000 1.090 
458.000 1.222 
459.000 1.279 
460.000 1.233 
461.000 0.965 
462.000 0.590 
463.000 0.303 
464.000 0.118 
465.000 0.001 
466.000 -0.006 
467.000 0.149 
468.000 0.375 
469.000 0.636 
470.000 0.900 
471.000 1.129 
472.000 1.267 
473.000 1.343 
474.000 1.283 
475.000 0.988 
476.000 0.593 
477.000 0.299 
478.000 0.109 
479.000 -0.009 
480.000 -0.024 
481.000 0.133 
482.000 0.368 
483.000 0.643 
484.000 0.924 
485.000 1.173 
486.000 1.471 
487.000 1.835 
488.000 2.233 
489.000 2.638 
490.000 3.023 
491.000 3.332 
492.000 3.496 
493.000 3.452 
494.000 3.262 
495.000 2.947 
496.000 2.591 
497.000 2.234 
498.000 1.971 
499.000 1.809 
500.000 1.772 
501.000 1.874 
502.000 2.085 
503.000 2.364 
504.000 2.681 
505.000 3.014 
506.000 3.326 
507.000 3.552 
508.000 3.632 
509.000 3.521 
510.000 3.291 
511.000 2.956 
512.000 2.571 
513.000 2.238 
514.000 1.998 
515.000 1.874 
516.000 1.889 
517.000 2.032 
518.000 2.265 
519.000 2.554 
520.000 2.872 
521.000 3.197 
522.000 3.493 
523.000 3.696 
524.000 3.751 
525.000 3.621 
526.000 3.374 
527.000 3.015 
528.000 2.595 
529.000 2.238 
530.000 1.994 
531.000 1.881 
532.000 1.919 
533.000 2.082 
534.000 2.328 
535.000 2.623 
536.000 2.942 
537.000 3.266 
538.000 3.568 
539.000 3.788 
540.000 3.871 
541.000 3.779 
542.000 3.545 
543.000 3.194 
544.000 2.739 
545.000 2.312 
546.000 2.017 
547.000 1.872 
548.000 1.887 
549.000 2.034 
550.000 2.271 
551.000 2.562 
552.000 2.880 
553.000 3.206 
554.000 3.526 
555.000 3.796 
556.000 3.958 
557.000 3.966 
558.000 3.795 
559.000 3.515 
560.000 3.088 
561.000 2.563 
562.000 2.133 
563.000 1.863 
564.000 1.767 
565.000 1.831 
566.000 2.016 
567.000 2.280 
568.000 2.590 
569.000 2.920 
570.000 3.254 
571.000 3.577 
572.000 3.859 
573.000 4.045 
574.000 4.088 
575.000 3.959 
576.000 3.697 
577.000 3.276 
578.000 2.697 
579.000 2.154 
580.000 1.802 
581.000 1.655 
582.000 1.686 
583.000 1.852 
584.000 2.109 
585.000 2.420 
586.000 2.758 
587.000 3.102 
588.000 3.439 
589.000 3.757 
590.000 4.022 
591.000 4.181 
592.000 4.193 
593.000 4.035 
594.000 3.731 
595.000 3.244 
596.000 2.559 
597.000 1.936 
598.000 1.542 
599.000 1.395 
600.000 1.444 
601.000 1.633 
602.000 1.913 
603.000 2.249 
604.000 2.610 
605.000 2.977 
606.000 3.333 
607.000 3.670 
608.000 3.980 
609.000 4.259 
610.000 4.506 
611.000 4.722 
612.000 4.907 
613.000 5.063 
614.000 5.194 
615.000 5.301 
616.000 5.388 
617.000 5.457 
618.000 5.511 
619.000 5.548 
620.000 5.566 
621.000 5.563 
622.000 5.542 
623.000 5.507 
624.000 5.462 
625.000 5.417 
626.000 5.381 
627.000 5.361 
628.000 5.355 
629.000 5.360 
630.000 5.372 
631.000 5.389 
632.000 5.408 
633.000 5.429 
634.000 5.450 
635.000 5.470 
636.000 5.489 
637.000 5.506 
638.000 5.521 
639.000 5.535 
640.000 5.547 
641.000 5.557 
642.000 5.563 
643.000 5.564 
644.000 5.562 
645.000 5.555 
646.000 5.545 
647.000 5.534 
648.000 5.522 
649.000 5.514 
650.000 5.510 
651.000 5.510 
652.000 5.513 
653.000 5.519 
654.000 5.525 
655.000 5.532 
656.000 5.540 
657.000 5.547 
658.000 5.554 
659.000 5.560 
660.000 5.566 
661.000 5.570 
662.000 5.571 
663.000 5.570 
664.000 5.566 
665.000 5.561 
666.000 5.554 
667.000 5.547 
668.000 5.541 
669.000 5.538 
670.000 5.538 
671.000 5.540 
672.000 5.543 
673.000 5.547 
674.000 5.552 
675.000 5.557 
676.000 5.562 
677.000 5.566 
678.000 5.571 
679.000 5.574 
680.000 5.576 
681.000 5.577 
682.000 5.575 
683.000 5.572 
684.000 5.568 
685.000 5.562 
686.000 5.558 
687.000 5.554 
688.000 5.553 
689.000 5.553 
690.000 5.555 
691.000 5.558 
692.000 5.561 
693.000 5.564 
694.000 5.568 
695.000 5.572 
696.000 5.575 
697.000 5.578 
698.000 5.580 
699.000 5.581 
700.000 5.581 
701.000 5.579 
702.000 5.576 
703.000 5.572 
704.000 5.569 
705.000 5.565 
706.000 5.563 
707.000 5.563 
708.000 5.564 
709.000 5.566 
710.000 5.568 
711.000 5.570 
712.000 5.573 
713.000 5.576 
714.000 5.578 
715.000 5.581 
716.000 5.583 
717.000 5.584 
718.000 5.584 
719.000 5.583 
720.000 5.582 
721.000 5.579 
722.000 5.576 
723.000 5.574 
724.000 5.572 
725.000 5.571 
726.000 5.571 
727.000 5.572 
728.000 5.573 
729.000 5.575 
730.000 5.577 
731.000 5.579 
732.000 5.581 
733.000 5.583 
734.000 5.585 
735.000 5.586 
736.000 5.587 
737.000 5.586 
738.000 5.585 
739.000 5.584 
740.000 5.582 
741.000 5.580 
742.000 5.578 
743.000 5.577 
744.000 5.576 
745.000 5.577 
746.000 5.578 
747.000 5.579 
748.000 5.581 
749.000 5.582 
750.000 5.584 
751.000 5.585 
752.000 5.587 
753.000 5.588 
754.000 5.588 
755.000 5.589 
756.000 5.588 
757.000 5.587 
758.000 5.586 
759.000 5.584 
760.000 5.582 
761.000 5.581 
762.000 5.581 
763.000 5.581 
764.000 5.582 
765.000 5.582 
766.000 5.583 
767.000 5.585 
768.000 5.586 
769.000 5.587 
770.000 5.588 
771.000 5.589 
772.000 5.590 
773.000 5.590 
774.000 5.590 
775.000 5.589 
776.000 5.588 
777.000 5.587 
778.000 5.586 
779.000 5.585 
780.000 5.584 
781.000 5.584 
782.000 5.584 
783.000 5.585 
784.000 5.586 
785.000 5.587 
786.000 5.587 
787.000 5.588 
788.000 5.589 
789.000 5.590 
790.000 5.591 
791.000 5.591 
792.000 5.591 
793.000 5.591 
794.000 5.590 
795.000 5.589 
796.000 5.588 
797.000 5.587 
798.000 5.587 
799.000 5.586 
800.000 5.587 
