1.000 0.000 
2.000 0.000 
3.000 0.000 
4.000 0.000 
5.000 0.000 
6.000 0.000 
7.000 0.000 
8.000 0.000 
9.000 0.000 
10.000 0.000 
11.000 0.000 
12.000 -0.043 
13.000 -0.094 
14.000 -0.126 
15.000 -0.145 
16.000 -0.157 
17.000 -0.147 
18.000 -0.059 
19.000 0.114 
20.000 0.222 
21.000 0.330 
22.000 0.323 
23.000 0.167 
24.000 0.033 
25.000 -0.053 
26.000 -0.106 
27.000 -0.138 
28.000 -0.144 
29.000 -0.065 
30.000 0.099 
31.000 0.195 
32.000 0.362 
33.000 0.401 
34.000 0.223 
35.000 0.068 
36.000 -0.032 
37.000 -0.093 
38.000 -0.130 
39.000 -0.140 
40.000 -0.067 
41.000 0.088 
42.000 0.171 
43.000 0.326 
44.000 0.354 
45.000 0.191 
46.000 0.048 
47.000 -0.044 
48.000 -0.101 
49.000 -0.134 
50.000 -0.142 
51.000 -0.071 
52.000 0.079 
53.000 0.153 
54.000 0.292 
55.000 0.308 
56.000 0.158 
57.000 0.028 
58.000 -0.057 
59.000 -0.108 
60.000 -0.139 
61.000 -0.144 
62.000 -0.075 
63.000 0.071 
64.000 0.137 
65.000 0.250 
66.000 0.251 
67.000 0.119 
68.000 0.003 
69.000 -0.071 
70.000 -0.117 
71.000 -0.144 
72.000 -0.147 
73.000 -0.079 
74.000 0.064 
75.000 0.124 
76.000 0.210 
77.000 0.199 
78.000 0.083 
79.000 -0.019 
80.000 -0.085 
81.000 -0.125 
82.000 -0.149 
83.000 -0.149 
84.000 -0.082 
85.000 0.058 
86.000 0.113 
87.000 0.176 
88.000 0.152 
89.000 0.050 
90.000 -0.039 
91.000 -0.097 
92.000 -0.132 
93.000 -0.153 
94.000 -0.151 
95.000 -0.084 
96.000 0.053 
97.000 0.103 
98.000 0.145 
99.000 0.109 
100.000 0.019 
101.000 -0.059 
102.000 -0.109 
103.000 -0.139 
104.000 -0.154 
105.000 -0.125 
106.000 -0.060 
107.000 0.073 
108.000 0.113 
109.000 0.108 
110.000 0.035 
111.000 -0.044 
112.000 -0.099 
113.000 -0.133 
114.000 -0.154 
115.000 -0.152 
116.000 -0.088 
117.000 0.044 
118.000 0.087 
119.000 0.111 
120.000 0.069 
121.000 -0.010 
122.000 -0.077 
123.000 -0.120 
124.000 -0.146 
125.000 -0.161 
126.000 -0.094 
127.000 -0.028 
128.000 0.105 
129.000 0.137 
130.000 0.176 
131.000 0.121 
132.000 0.022 
133.000 -0.057 
134.000 -0.108 
135.000 -0.139 
136.000 -0.193 
137.000 -0.131 
138.000 -0.070 
139.000 0.060 
140.000 0.100 
141.000 0.209 
142.000 0.191 
143.000 0.074 
144.000 -0.025 
145.000 -0.088 
146.000 -0.127 
147.000 -0.150 
148.000 -0.150 
149.000 -0.087 
150.000 0.042 
151.000 0.084 
152.000 0.154 
153.000 0.137 
154.000 0.039 
155.000 -0.046 
156.000 -0.101 
157.000 -0.134 
158.000 -0.155 
159.000 -0.152 
160.000 -0.089 
161.000 0.040 
162.000 0.080 
163.000 0.135 
164.000 0.115 
165.000 0.024 
166.000 -0.055 
167.000 -0.107 
168.000 -0.138 
169.000 -0.157 
170.000 -0.153 
171.000 -0.090 
172.000 0.038 
173.000 0.077 
174.000 0.124 
175.000 0.101 
176.000 0.015 
177.000 -0.061 
178.000 -0.110 
179.000 -0.140 
180.000 -0.158 
181.000 -0.153 
182.000 -0.091 
183.000 0.036 
184.000 0.074 
185.000 0.115 
186.000 0.088 
187.000 0.006 
188.000 -0.067 
189.000 -0.113 
190.000 -0.142 
191.000 -0.156 
192.000 -0.132 
193.000 -0.072 
194.000 0.052 
195.000 0.084 
196.000 0.098 
197.000 0.044 
198.000 -0.032 
199.000 -0.091 
200.000 -0.128 
201.000 -0.151 
202.000 -0.196 
203.000 -0.150 
204.000 -0.005 
205.000 0.046 
206.000 0.107 
207.000 0.109 
208.000 0.024 
209.000 -0.055 
210.000 -0.106 
211.000 -0.138 
212.000 -0.156 
213.000 -0.153 
214.000 -0.092 
215.000 0.032 
216.000 0.067 
217.000 0.102 
218.000 0.076 
219.000 -0.002 
220.000 -0.072 
221.000 -0.116 
222.000 -0.144 
223.000 -0.157 
224.000 -0.130 
225.000 -0.072 
226.000 0.049 
227.000 0.078 
228.000 0.081 
229.000 0.025 
230.000 -0.047 
231.000 -0.100 
232.000 -0.134 
233.000 -0.154 
234.000 -0.188 
235.000 -0.139 
236.000 -0.025 
237.000 0.023 
238.000 0.069 
239.000 0.100 
240.000 0.025 
241.000 -0.053 
242.000 -0.105 
243.000 -0.137 
244.000 -0.156 
245.000 -0.153 
246.000 -0.053 
247.000 0.117 
248.000 0.173 
249.000 0.302 
250.000 0.308 
251.000 0.157 
252.000 0.027 
253.000 -0.057 
254.000 -0.108 
255.000 -0.139 
256.000 -0.144 
257.000 -0.073 
258.000 0.077 
259.000 0.153 
260.000 0.301 
261.000 0.326 
262.000 0.171 
263.000 0.036 
264.000 -0.052 
265.000 -0.105 
266.000 -0.137 
267.000 -0.143 
268.000 -0.069 
269.000 0.087 
270.000 0.173 
271.000 0.330 
272.000 0.366 
273.000 0.199 
274.000 0.053 
275.000 -0.041 
276.000 -0.099 
277.000 -0.133 
278.000 -0.141 
279.000 -0.065 
280.000 0.095 
281.000 0.192 
282.000 0.359 
283.000 0.406 
284.000 0.227 
285.000 0.070 
286.000 -0.031 
287.000 -0.092 
288.000 -0.129 
289.000 -0.140 
290.000 -0.061 
291.000 0.104 
292.000 0.210 
293.000 0.386 
294.000 0.443 
295.000 0.254 
296.000 0.087 
297.000 -0.021 
298.000 -0.086 
299.000 -0.126 
300.000 -0.138 
301.000 -0.057 
302.000 0.111 
303.000 0.226 
304.000 0.405 
305.000 0.470 
306.000 0.275 
307.000 0.102 
308.000 -0.012 
309.000 -0.081 
310.000 -0.123 
311.000 -0.136 
312.000 -0.054 
313.000 0.113 
314.000 0.234 
315.000 0.413 
316.000 0.486 
317.000 0.290 
318.000 0.112 
319.000 -0.005 
320.000 -0.077 
321.000 -0.120 
322.000 -0.135 
323.000 -0.051 
324.000 0.116 
325.000 0.241 
326.000 0.421 
327.000 0.502 
328.000 0.305 
329.000 0.123 
330.000 0.001 
331.000 -0.073 
332.000 -0.118 
333.000 -0.134 
334.000 -0.048 
335.000 0.118 
336.000 0.249 
337.000 0.430 
338.000 0.518 
339.000 0.319 
340.000 0.133 
341.000 0.008 
342.000 -0.069 
343.000 -0.115 
344.000 -0.133 
345.000 -0.045 
346.000 0.121 
347.000 0.256 
348.000 0.438 
349.000 0.533 
350.000 0.334 
351.000 0.144 
352.000 0.015 
353.000 -0.065 
354.000 -0.113 
355.000 -0.132 
356.000 -0.042 
357.000 0.123 
358.000 0.263 
359.000 0.446 
360.000 0.548 
361.000 0.349 
362.000 0.154 
363.000 0.021 
364.000 -0.061 
365.000 -0.111 
366.000 -0.130 
367.000 0.006 
368.000 0.207 
369.000 0.439 
370.000 0.683 
371.000 0.918 
372.000 1.085 
373.000 0.911 
374.000 0.538 
375.000 0.258 
376.000 0.082 
377.000 -0.025 
378.000 -0.088 
379.000 0.020 
380.000 0.210 
381.000 0.455 
382.000 0.726 
383.000 1.006 
384.000 1.234 
385.000 1.241 
386.000 0.814 
387.000 0.442 
388.000 0.194 
389.000 0.043 
390.000 -0.048 
391.000 -0.100 
392.000 0.033 
393.000 0.258 
394.000 0.544 
395.000 0.864 
396.000 1.197 
397.000 1.475 
398.000 1.590 
399.000 1.177 
400.000 0.689 
401.000 0.347 
402.000 0.135 
403.000 0.007 
404.000 -0.073 
405.000 0.041 
406.000 0.260 
407.000 0.555 
408.000 0.895 
409.000 1.259 
410.000 1.577 
411.000 1.767 
412.000 1.506 
413.000 0.924 
414.000 0.493 
415.000 0.223 
416.000 0.060 
417.000 -0.047 
418.000 0.045 
419.000 0.251 
420.000 0.544 
421.000 0.892 
422.000 1.272 
423.000 1.619 
424.000 1.847 
425.000 1.714 
426.000 1.093 
427.000 0.605 
428.000 0.291 
429.000 0.101 
430.000 -0.067 
431.000 -0.069 
432.000 0.102 
433.000 0.381 
434.000 0.731 
435.000 1.136 
436.000 1.551 
437.000 1.890 
438.000 2.051 
439.000 1.616 
440.000 0.978 
441.000 0.524 
442.000 0.241 
443.000 0.070 
444.000 -0.042 
445.000 0.053 
446.000 0.272 
447.000 0.585 
448.000 0.958 
449.000 1.366 
450.000 1.742 
451.000 1.995 
452.000 1.907 
453.000 1.243 
454.000 0.701 
455.000 0.350 
456.000 0.136 
457.000 0.007 
458.000 -0.073 
459.000 0.057 
460.000 0.314 
461.000 0.659 
462.000 1.058 
463.000 1.487 
464.000 1.870 
465.000 2.107 
466.000 1.900 
467.000 1.200 
468.000 0.667 
469.000 0.328 
470.000 0.123 
471.000 -0.016 
472.000 0.054 
473.000 0.251 
474.000 0.552 
475.000 0.923 
476.000 1.337 
477.000 1.730 
478.000 2.016 
479.000 2.061 
480.000 1.438 
481.000 0.839 
482.000 0.436 
483.000 0.188 
484.000 0.038 
485.000 -0.058 
486.000 0.084 
487.000 0.389 
488.000 0.798 
489.000 1.265 
490.000 1.757 
491.000 2.247 
492.000 2.719 
493.000 3.159 
494.000 3.562 
495.000 3.922 
496.000 4.239 
497.000 4.502 
498.000 4.638 
499.000 4.568 
500.000 4.166 
501.000 2.900 
502.000 1.746 
503.000 0.983 
504.000 0.516 
505.000 0.177 
506.000 0.138 
507.000 0.313 
508.000 0.633 
509.000 1.043 
510.000 1.503 
511.000 1.980 
512.000 2.452 
513.000 2.902 
514.000 3.322 
515.000 3.703 
516.000 4.043 
517.000 4.341 
518.000 4.599 
519.000 4.819 
520.000 4.973 
521.000 5.006 
522.000 4.868 
523.000 4.538 
524.000 3.727 
525.000 2.369 
526.000 1.380 
527.000 0.757 
528.000 0.299 
529.000 0.171 
530.000 0.282 
531.000 0.557 
532.000 0.939 
533.000 1.382 
534.000 1.852 
535.000 2.323 
536.000 2.779 
537.000 3.206 
538.000 3.597 
539.000 3.948 
540.000 4.257 
541.000 4.526 
542.000 4.756 
543.000 4.950 
544.000 5.112 
545.000 5.232 
546.000 5.268 
547.000 5.185 
548.000 4.963 
549.000 4.605 
550.000 4.009 
551.000 2.799 
552.000 1.686 
553.000 0.846 
554.000 0.428 
555.000 0.323 
556.000 0.444 
557.000 0.721 
558.000 1.098 
559.000 1.532 
560.000 1.989 
561.000 2.447 
562.000 2.888 
563.000 3.301 
564.000 3.678 
565.000 4.017 
566.000 4.315 
567.000 4.573 
568.000 4.794 
569.000 4.981 
570.000 5.135 
571.000 5.262 
572.000 5.364 
573.000 5.410 
574.000 5.367 
575.000 5.218 
576.000 4.962 
577.000 4.607 
578.000 4.159 
579.000 3.571 
580.000 2.642 
581.000 1.991 
582.000 1.664 
583.000 1.578 
584.000 1.666 
585.000 1.874 
586.000 2.159 
587.000 2.489 
588.000 2.837 
589.000 3.186 
590.000 3.523 
591.000 3.838 
592.000 4.126 
593.000 4.385 
594.000 4.613 
595.000 4.811 
596.000 4.980 
597.000 5.123 
598.000 5.241 
599.000 5.315 
600.000 5.309 
601.000 5.200 
602.000 4.979 
603.000 4.649 
604.000 4.210 
605.000 3.579 
606.000 3.136 
607.000 2.913 
608.000 2.854 
609.000 2.915 
610.000 3.057 
611.000 3.251 
612.000 3.476 
613.000 3.714 
614.000 3.952 
615.000 4.182 
616.000 4.397 
617.000 4.593 
618.000 4.770 
619.000 4.925 
620.000 5.060 
621.000 5.176 
622.000 5.273 
623.000 5.354 
624.000 5.420 
625.000 5.473 
626.000 5.515 
627.000 5.548 
628.000 5.573 
629.000 5.592 
630.000 5.605 
631.000 5.614 
632.000 5.619 
633.000 5.622 
634.000 5.624 
635.000 5.623 
636.000 5.622 
637.000 5.620 
638.000 5.618 
639.000 5.615 
640.000 5.613 
641.000 5.610 
642.000 5.608 
643.000 5.606 
644.000 5.604 
645.000 5.602 
646.000 5.600 
647.000 5.599 
648.000 5.598 
649.000 5.597 
650.000 5.596 
651.000 5.596 
652.000 5.595 
653.000 5.595 
654.000 5.594 
655.000 5.594 
656.000 5.594 
657.000 5.594 
658.000 5.594 
659.000 5.594 
660.000 5.594 
661.000 5.594 
662.000 5.594 
663.000 5.594 
664.000 5.594 
665.000 5.594 
666.000 5.594 
667.000 5.594 
668.000 5.594 
669.000 5.594 
670.000 5.594 
671.000 5.594 
672.000 5.594 
673.000 5.594 
674.000 5.594 
675.000 5.594 
676.000 5.594 
677.000 5.594 
678.000 5.594 
679.000 5.594 
680.000 5.594 
681.000 5.594 
682.000 5.594 
683.000 5.594 
684.000 5.594 
685.000 5.594 
686.000 5.594 
687.000 5.594 
688.000 5.594 
689.000 5.594 
690.000 5.594 
691.000 5.594 
692.000 5.594 
693.000 5.594 
694.000 5.594 
695.000 5.594 
696.000 5.594 
697.000 5.594 
698.000 5.594 
699.000 5.594 
700.000 5.594 
701.000 5.594 
702.000 5.594 
703.000 5.594 
704.000 5.594 
705.000 5.594 
706.000 5.594 
707.000 5.594 
708.000 5.594 
709.000 5.594 
710.000 5.594 
711.000 5.594 
712.000 5.594 
713.000 5.594 
714.000 5.594 
715.000 5.594 
716.000 5.594 
717.000 5.594 
718.000 5.594 
719.000 5.594 
720.000 5.594 
721.000 5.594 
722.000 5.594 
723.000 5.594 
724.000 5.594 
725.000 5.594 
726.000 5.594 
727.000 5.594 
728.000 5.594 
729.000 5.594 
730.000 5.594 
731.000 5.594 
732.000 5.594 
733.000 5.594 
734.000 5.594 
735.000 5.594 
736.000 5.594 
737.000 5.594 
738.000 5.594 
739.000 5.594 
740.000 5.594 
741.000 5.594 
742.000 5.594 
743.000 5.594 
744.000 5.594 
745.000 5.594 
746.000 5.594 
747.000 5.594 
748.000 5.594 
749.000 5.594 
750.000 5.594 
751.000 5.594 
752.000 5.594 
753.000 5.594 
754.000 5.594 
755.000 5.594 
756.000 5.594 
757.000 5.594 
758.000 5.594 
759.000 5.594 
760.000 5.594 
761.000 5.594 
762.000 5.594 
763.000 5.594 
764.000 5.594 
765.000 5.594 
766.000 5.594 
767.000 5.594 
768.000 5.594 
769.000 5.594 
770.000 5.594 
771.000 5.594 
772.000 5.594 
773.000 5.594 
774.000 5.594 
775.000 5.594 
776.000 5.594 
777.000 5.594 
778.000 5.594 
779.000 5.594 
780.000 5.594 
781.000 5.594 
782.000 5.594 
783.000 5.594 
784.000 5.594 
785.000 5.594 
786.000 5.594 
787.000 5.594 
788.000 5.594 
789.000 5.594 
790.000 5.594 
791.000 5.594 
792.000 5.594 
793.000 5.594 
794.000 5.594 
795.000 5.594 
796.000 5.594 
797.000 5.594 
798.000 5.594 
799.000 5.594 
800.000 5.594 
