1.000 0.000 
2.000 0.000 
3.000 0.000 
4.000 0.000 
5.000 0.000 
6.000 0.000 
7.000 0.000 
8.000 0.000 
9.000 0.000 
10.000 0.000 
11.000 0.000 
12.000 -0.040 
13.000 -0.084 
14.000 -0.103 
15.000 -0.112 
16.000 -0.117 
17.000 -0.122 
18.000 -0.114 
19.000 -0.096 
20.000 -0.079 
21.000 -0.065 
22.000 -0.056 
23.000 -0.051 
24.000 -0.056 
25.000 -0.066 
26.000 -0.077 
27.000 -0.087 
28.000 -0.094 
29.000 -0.099 
30.000 -0.100 
31.000 -0.098 
32.000 -0.093 
33.000 -0.088 
34.000 -0.083 
35.000 -0.078 
36.000 -0.076 
37.000 -0.076 
38.000 -0.079 
39.000 -0.082 
40.000 -0.085 
41.000 -0.088 
42.000 -0.091 
43.000 -0.092 
44.000 -0.092 
45.000 -0.090 
46.000 -0.089 
47.000 -0.087 
48.000 -0.086 
49.000 -0.085 
50.000 -0.085 
51.000 -0.085 
52.000 -0.086 
53.000 -0.087 
54.000 -0.088 
55.000 -0.089 
56.000 -0.089 
57.000 -0.090 
58.000 -0.090 
59.000 -0.089 
60.000 -0.089 
61.000 -0.088 
62.000 -0.088 
63.000 -0.088 
64.000 -0.088 
65.000 -0.088 
66.000 -0.089 
67.000 -0.089 
68.000 -0.089 
69.000 -0.090 
70.000 -0.090 
71.000 -0.090 
72.000 -0.090 
73.000 -0.090 
74.000 -0.090 
75.000 -0.090 
76.000 -0.090 
77.000 -0.090 
78.000 -0.090 
79.000 -0.090 
80.000 -0.090 
81.000 -0.091 
82.000 -0.091 
83.000 -0.091 
84.000 -0.091 
85.000 -0.091 
86.000 -0.091 
87.000 -0.091 
88.000 -0.091 
89.000 -0.091 
90.000 -0.092 
91.000 -0.092 
92.000 -0.092 
93.000 -0.092 
94.000 -0.092 
95.000 -0.092 
96.000 -0.092 
97.000 -0.092 
98.000 -0.092 
99.000 -0.092 
100.000 -0.093 
101.000 -0.093 
102.000 -0.093 
103.000 -0.093 
104.000 -0.093 
105.000 -0.093 
106.000 -0.093 
107.000 -0.093 
108.000 -0.093 
109.000 -0.093 
110.000 -0.093 
111.000 -0.094 
112.000 -0.094 
113.000 -0.094 
114.000 -0.094 
115.000 -0.094 
116.000 -0.094 
117.000 -0.094 
118.000 -0.094 
119.000 -0.094 
120.000 -0.094 
121.000 -0.094 
122.000 -0.094 
123.000 -0.095 
124.000 -0.095 
125.000 -0.095 
126.000 -0.088 
127.000 -0.065 
128.000 -0.050 
129.000 -0.042 
130.000 -0.037 
131.000 -0.037 
132.000 -0.045 
133.000 -0.059 
134.000 -0.072 
135.000 -0.081 
136.000 -0.087 
137.000 -0.090 
138.000 -0.088 
139.000 -0.082 
140.000 -0.073 
141.000 -0.063 
142.000 -0.055 
143.000 -0.050 
144.000 -0.049 
145.000 -0.053 
146.000 -0.060 
147.000 -0.068 
148.000 -0.075 
149.000 -0.081 
150.000 -0.083 
151.000 -0.083 
152.000 -0.080 
153.000 -0.075 
154.000 -0.068 
155.000 -0.063 
156.000 -0.058 
157.000 -0.057 
158.000 -0.059 
159.000 -0.062 
160.000 -0.067 
161.000 -0.072 
162.000 -0.076 
163.000 -0.078 
164.000 -0.079 
165.000 -0.078 
166.000 -0.075 
167.000 -0.071 
168.000 -0.067 
169.000 -0.064 
170.000 -0.063 
171.000 -0.063 
172.000 -0.065 
173.000 -0.067 
174.000 -0.071 
175.000 -0.073 
176.000 -0.075 
177.000 -0.076 
178.000 -0.076 
179.000 -0.074 
180.000 -0.072 
181.000 -0.069 
182.000 -0.067 
183.000 -0.066 
184.000 -0.066 
185.000 -0.067 
186.000 -0.068 
187.000 -0.070 
188.000 -0.072 
189.000 -0.073 
190.000 -0.074 
191.000 -0.074 
192.000 -0.073 
193.000 -0.072 
194.000 -0.071 
195.000 -0.069 
196.000 -0.068 
197.000 -0.068 
198.000 -0.068 
199.000 -0.069 
200.000 -0.070 
201.000 -0.071 
202.000 -0.072 
203.000 -0.073 
204.000 -0.073 
205.000 -0.073 
206.000 -0.072 
207.000 -0.071 
208.000 -0.071 
209.000 -0.070 
210.000 -0.069 
211.000 -0.069 
212.000 -0.070 
213.000 -0.070 
214.000 -0.071 
215.000 -0.072 
216.000 -0.072 
217.000 -0.073 
218.000 -0.073 
219.000 -0.072 
220.000 -0.072 
221.000 -0.071 
222.000 -0.071 
223.000 -0.070 
224.000 -0.070 
225.000 -0.071 
226.000 -0.071 
227.000 -0.071 
228.000 -0.072 
229.000 -0.072 
230.000 -0.072 
231.000 -0.072 
232.000 -0.072 
233.000 -0.072 
234.000 -0.072 
235.000 -0.071 
236.000 -0.071 
237.000 -0.071 
238.000 -0.071 
239.000 -0.071 
240.000 -0.072 
241.000 -0.072 
242.000 -0.072 
243.000 -0.072 
244.000 -0.072 
245.000 -0.072 
246.000 0.024 
247.000 0.139 
248.000 0.315 
249.000 0.413 
250.000 0.565 
251.000 0.557 
252.000 0.437 
253.000 0.240 
254.000 0.083 
255.000 -0.020 
256.000 -0.086 
257.000 -0.128 
258.000 -0.121 
259.000 -0.038 
260.000 0.114 
261.000 0.237 
262.000 0.409 
263.000 0.491 
264.000 0.579 
265.000 0.500 
266.000 0.316 
267.000 0.141 
268.000 0.014 
269.000 -0.065 
270.000 -0.109 
271.000 -0.148 
272.000 -0.084 
273.000 0.030 
274.000 0.195 
275.000 0.308 
276.000 0.471 
277.000 0.515 
278.000 0.528 
279.000 0.393 
280.000 0.216 
281.000 0.072 
282.000 -0.029 
283.000 -0.091 
284.000 -0.148 
285.000 -0.123 
286.000 -0.032 
287.000 0.130 
288.000 0.265 
289.000 0.444 
290.000 0.522 
291.000 0.606 
292.000 0.517 
293.000 0.318 
294.000 0.139 
295.000 0.012 
296.000 -0.066 
297.000 -0.110 
298.000 -0.145 
299.000 -0.077 
300.000 0.047 
301.000 0.207 
302.000 0.348 
303.000 0.510 
304.000 0.542 
305.000 0.534 
306.000 0.388 
307.000 0.204 
308.000 0.060 
309.000 -0.037 
310.000 -0.095 
311.000 -0.153 
312.000 -0.110 
313.000 -0.003 
314.000 0.168 
315.000 0.304 
316.000 0.481 
317.000 0.548 
318.000 0.605 
319.000 0.492 
320.000 0.289 
321.000 0.118 
322.000 -0.001 
323.000 -0.074 
324.000 -0.117 
325.000 -0.125 
326.000 -0.045 
327.000 0.099 
328.000 0.233 
329.000 0.404 
330.000 0.495 
331.000 0.602 
332.000 0.540 
333.000 0.356 
334.000 0.169 
335.000 0.031 
336.000 -0.055 
337.000 -0.103 
338.000 -0.154 
339.000 -0.094 
340.000 0.015 
341.000 0.186 
342.000 0.319 
343.000 0.494 
344.000 0.552 
345.000 0.598 
346.000 0.480 
347.000 0.279 
348.000 0.111 
349.000 -0.005 
350.000 -0.077 
351.000 -0.121 
352.000 -0.118 
353.000 -0.035 
354.000 0.117 
355.000 0.248 
356.000 0.423 
357.000 0.516 
358.000 0.622 
359.000 0.554 
360.000 0.364 
361.000 0.173 
362.000 0.034 
363.000 -0.053 
364.000 -0.102 
365.000 -0.154 
366.000 -0.049 
367.000 0.156 
368.000 0.384 
369.000 0.598 
370.000 0.809 
371.000 0.927 
372.000 1.032 
373.000 0.964 
374.000 0.892 
375.000 0.669 
376.000 0.411 
377.000 0.208 
378.000 0.046 
379.000 -0.013 
380.000 0.046 
381.000 0.183 
382.000 0.370 
383.000 0.574 
384.000 0.769 
385.000 0.914 
386.000 1.021 
387.000 1.048 
388.000 1.027 
389.000 0.844 
390.000 0.559 
391.000 0.309 
392.000 0.134 
393.000 0.023 
394.000 0.037 
395.000 0.174 
396.000 0.365 
397.000 0.575 
398.000 0.786 
399.000 0.947 
400.000 1.063 
401.000 1.097 
402.000 1.084 
403.000 0.890 
404.000 0.578 
405.000 0.314 
406.000 0.134 
407.000 0.023 
408.000 0.018 
409.000 0.147 
410.000 0.337 
411.000 0.554 
412.000 0.773 
413.000 0.954 
414.000 1.078 
415.000 1.137 
416.000 1.136 
417.000 0.963 
418.000 0.639 
419.000 0.355 
420.000 0.160 
421.000 0.037 
422.000 -0.012 
423.000 0.071 
424.000 0.238 
425.000 0.452 
426.000 0.678 
427.000 0.889 
428.000 1.044 
429.000 1.143 
430.000 1.171 
431.000 1.095 
432.000 0.832 
433.000 0.507 
434.000 0.260 
435.000 0.098 
436.000 -0.018 
437.000 0.010 
438.000 0.177 
439.000 0.396 
440.000 0.637 
441.000 0.877 
442.000 1.065 
443.000 1.187 
444.000 1.233 
445.000 1.190 
446.000 0.930 
447.000 0.568 
448.000 0.292 
449.000 0.112 
450.000 -0.001 
451.000 -0.002 
452.000 0.154 
453.000 0.373 
454.000 0.623 
455.000 0.874 
456.000 1.085 
457.000 1.215 
458.000 1.282 
459.000 1.239 
460.000 0.980 
461.000 0.598 
462.000 0.307 
463.000 0.118 
464.000 0.000 
465.000 -0.014 
466.000 0.137 
467.000 0.361 
468.000 0.622 
469.000 0.888 
470.000 1.120 
471.000 1.259 
472.000 1.336 
473.000 1.285 
474.000 1.003 
475.000 0.603 
476.000 0.304 
477.000 0.111 
478.000 -0.007 
479.000 -0.027 
480.000 0.125 
481.000 0.357 
482.000 0.631 
483.000 0.912 
484.000 1.162 
485.000 1.307 
486.000 1.509 
487.000 1.803 
488.000 2.153 
489.000 2.517 
490.000 2.885 
491.000 3.216 
492.000 3.436 
493.000 3.474 
494.000 3.332 
495.000 3.067 
496.000 2.726 
497.000 2.375 
498.000 2.083 
499.000 1.878 
500.000 1.787 
501.000 1.832 
502.000 1.999 
503.000 2.251 
504.000 2.553 
505.000 2.880 
506.000 3.209 
507.000 3.478 
508.000 3.618 
509.000 3.573 
510.000 3.374 
511.000 3.060 
512.000 2.692 
513.000 2.332 
514.000 2.058 
515.000 1.887 
516.000 1.848 
517.000 1.947 
518.000 2.153 
519.000 2.426 
520.000 2.737 
521.000 3.063 
522.000 3.380 
523.000 3.626 
524.000 3.735 
525.000 3.658 
526.000 3.436 
527.000 3.107 
528.000 2.706 
529.000 2.336 
530.000 2.062 
531.000 1.907 
532.000 1.897 
533.000 2.021 
534.000 2.242 
535.000 2.522 
536.000 2.835 
537.000 3.158 
538.000 3.474 
539.000 3.724 
540.000 3.842 
541.000 3.782 
542.000 3.563 
543.000 3.240 
544.000 2.814 
545.000 2.401 
546.000 2.099 
547.000 1.930 
548.000 1.910 
549.000 2.028 
550.000 2.244 
551.000 2.521 
552.000 2.831 
553.000 3.153 
554.000 3.472 
555.000 3.744 
556.000 3.909 
557.000 3.916 
558.000 3.736 
559.000 3.450 
560.000 3.038 
561.000 2.579 
562.000 2.223 
563.000 1.998 
564.000 1.923 
565.000 1.995 
566.000 2.180 
567.000 2.438 
568.000 2.737 
569.000 3.055 
570.000 3.375 
571.000 3.682 
572.000 3.920 
573.000 4.032 
574.000 3.974 
575.000 3.750 
576.000 3.417 
577.000 2.953 
578.000 2.468 
579.000 2.127 
580.000 1.947 
581.000 1.933 
582.000 2.059 
583.000 2.279 
584.000 2.558 
585.000 2.868 
586.000 3.189 
587.000 3.505 
588.000 3.801 
589.000 4.023 
590.000 4.114 
591.000 4.038 
592.000 3.801 
593.000 3.439 
594.000 2.943 
595.000 2.439 
596.000 2.091 
597.000 1.919 
598.000 1.916 
599.000 2.050 
600.000 2.276 
601.000 2.560 
602.000 2.873 
603.000 3.196 
604.000 3.514 
605.000 3.816 
606.000 4.096 
607.000 4.349 
608.000 4.575 
609.000 4.773 
610.000 4.944 
611.000 5.089 
612.000 5.210 
613.000 5.310 
614.000 5.378 
615.000 5.405 
616.000 5.387 
617.000 5.329 
618.000 5.237 
619.000 5.124 
620.000 5.013 
621.000 4.925 
622.000 4.879 
623.000 4.873 
624.000 4.895 
625.000 4.936 
626.000 4.990 
627.000 5.051 
628.000 5.114 
629.000 5.176 
630.000 5.236 
631.000 5.292 
632.000 5.342 
633.000 5.387 
634.000 5.419 
635.000 5.434 
636.000 5.428 
637.000 5.402 
638.000 5.359 
639.000 5.305 
640.000 5.248 
641.000 5.199 
642.000 5.169 
643.000 5.162 
644.000 5.173 
645.000 5.196 
646.000 5.228 
647.000 5.263 
648.000 5.301 
649.000 5.339 
650.000 5.375 
651.000 5.408 
652.000 5.438 
653.000 5.460 
654.000 5.469 
655.000 5.464 
656.000 5.446 
657.000 5.415 
658.000 5.376 
659.000 5.336 
660.000 5.302 
661.000 5.282 
662.000 5.277 
663.000 5.286 
664.000 5.304 
665.000 5.327 
666.000 5.353 
667.000 5.381 
668.000 5.408 
669.000 5.435 
670.000 5.459 
671.000 5.480 
672.000 5.493 
673.000 5.497 
674.000 5.490 
675.000 5.473 
676.000 5.448 
677.000 5.418 
678.000 5.389 
679.000 5.366 
680.000 5.355 
681.000 5.355 
682.000 5.364 
683.000 5.379 
684.000 5.397 
685.000 5.418 
686.000 5.439 
687.000 5.459 
688.000 5.479 
689.000 5.497 
690.000 5.511 
691.000 5.519 
692.000 5.519 
693.000 5.511 
694.000 5.495 
695.000 5.474 
696.000 5.450 
697.000 5.429 
698.000 5.414 
699.000 5.408 
700.000 5.412 
701.000 5.421 
702.000 5.434 
703.000 5.449 
704.000 5.465 
705.000 5.481 
706.000 5.497 
707.000 5.511 
708.000 5.524 
709.000 5.533 
710.000 5.537 
711.000 5.534 
712.000 5.525 
713.000 5.511 
714.000 5.494 
715.000 5.476 
716.000 5.462 
717.000 5.453 
718.000 5.452 
719.000 5.456 
720.000 5.464 
721.000 5.475 
722.000 5.487 
723.000 5.499 
724.000 5.511 
725.000 5.523 
726.000 5.534 
727.000 5.543 
728.000 5.549 
729.000 5.550 
730.000 5.546 
731.000 5.538 
732.000 5.526 
733.000 5.512 
734.000 5.499 
735.000 5.489 
736.000 5.485 
737.000 5.485 
738.000 5.490 
739.000 5.497 
740.000 5.506 
741.000 5.515 
742.000 5.525 
743.000 5.534 
744.000 5.543 
745.000 5.551 
746.000 5.557 
747.000 5.560 
748.000 5.559 
749.000 5.555 
750.000 5.547 
751.000 5.537 
752.000 5.527 
753.000 5.517 
754.000 5.511 
755.000 5.509 
756.000 5.511 
757.000 5.515 
758.000 5.521 
759.000 5.528 
760.000 5.536 
761.000 5.543 
762.000 5.550 
763.000 5.557 
764.000 5.563 
765.000 5.567 
766.000 5.568 
767.000 5.566 
768.000 5.562 
769.000 5.555 
770.000 5.547 
771.000 5.540 
772.000 5.533 
773.000 5.529 
774.000 5.529 
775.000 5.531 
776.000 5.535 
777.000 5.540 
778.000 5.546 
779.000 5.551 
780.000 5.557 
781.000 5.562 
782.000 5.567 
783.000 5.571 
784.000 5.574 
785.000 5.574 
786.000 5.572 
787.000 5.568 
788.000 5.562 
789.000 5.556 
790.000 5.550 
791.000 5.546 
792.000 5.544 
793.000 5.545 
794.000 5.547 
795.000 5.550 
796.000 5.554 
797.000 5.559 
798.000 5.563 
799.000 5.567 
800.000 5.571 
