1.000 0.000 
2.000 0.000 
3.000 0.000 
4.000 0.000 
5.000 0.000 
6.000 0.000 
7.000 0.000 
8.000 0.000 
9.000 0.000 
10.000 0.000 
11.000 0.000 
12.000 -0.036 
13.000 -0.078 
14.000 -0.098 
15.000 -0.107 
16.000 -0.113 
17.000 -0.116 
18.000 -0.111 
19.000 -0.096 
20.000 -0.081 
21.000 -0.069 
22.000 -0.060 
23.000 -0.055 
24.000 -0.057 
25.000 -0.065 
26.000 -0.074 
27.000 -0.082 
28.000 -0.089 
29.000 -0.094 
30.000 -0.095 
31.000 -0.094 
32.000 -0.091 
33.000 -0.087 
34.000 -0.083 
35.000 -0.079 
36.000 -0.077 
37.000 -0.076 
38.000 -0.078 
39.000 -0.080 
40.000 -0.082 
41.000 -0.085 
42.000 -0.087 
43.000 -0.088 
44.000 -0.088 
45.000 -0.088 
46.000 -0.087 
47.000 -0.086 
48.000 -0.085 
49.000 -0.084 
50.000 -0.083 
51.000 -0.083 
52.000 -0.084 
53.000 -0.085 
54.000 -0.085 
55.000 -0.086 
56.000 -0.087 
57.000 -0.087 
58.000 -0.087 
59.000 -0.087 
60.000 -0.087 
61.000 -0.087 
62.000 -0.086 
63.000 -0.086 
64.000 -0.086 
65.000 -0.086 
66.000 -0.087 
67.000 -0.087 
68.000 -0.087 
69.000 -0.087 
70.000 -0.088 
71.000 -0.088 
72.000 -0.088 
73.000 -0.088 
74.000 -0.088 
75.000 -0.088 
76.000 -0.088 
77.000 -0.088 
78.000 -0.088 
79.000 -0.088 
80.000 -0.088 
81.000 -0.088 
82.000 -0.089 
83.000 -0.089 
84.000 -0.089 
85.000 -0.089 
86.000 -0.089 
87.000 -0.089 
88.000 -0.089 
89.000 -0.089 
90.000 -0.089 
91.000 -0.089 
92.000 -0.089 
93.000 -0.090 
94.000 -0.090 
95.000 -0.090 
96.000 -0.090 
97.000 -0.090 
98.000 -0.090 
99.000 -0.090 
100.000 -0.090 
101.000 -0.090 
102.000 -0.090 
103.000 -0.091 
104.000 -0.091 
105.000 -0.091 
106.000 -0.091 
107.000 -0.091 
108.000 -0.091 
109.000 -0.091 
110.000 -0.091 
111.000 -0.091 
112.000 -0.091 
113.000 -0.091 
114.000 -0.092 
115.000 -0.092 
116.000 -0.092 
117.000 -0.092 
118.000 -0.092 
119.000 -0.092 
120.000 -0.092 
121.000 -0.092 
122.000 -0.092 
123.000 -0.092 
124.000 -0.092 
125.000 -0.093 
126.000 -0.087 
127.000 -0.066 
128.000 -0.052 
129.000 -0.044 
130.000 -0.039 
131.000 -0.039 
132.000 -0.045 
133.000 -0.057 
134.000 -0.068 
135.000 -0.077 
136.000 -0.082 
137.000 -0.085 
138.000 -0.085 
139.000 -0.080 
140.000 -0.073 
141.000 -0.065 
142.000 -0.058 
143.000 -0.053 
144.000 -0.052 
145.000 -0.054 
146.000 -0.059 
147.000 -0.065 
148.000 -0.071 
149.000 -0.075 
150.000 -0.078 
151.000 -0.078 
152.000 -0.077 
153.000 -0.073 
154.000 -0.069 
155.000 -0.065 
156.000 -0.061 
157.000 -0.060 
158.000 -0.060 
159.000 -0.062 
160.000 -0.065 
161.000 -0.068 
162.000 -0.071 
163.000 -0.073 
164.000 -0.074 
165.000 -0.074 
166.000 -0.073 
167.000 -0.070 
168.000 -0.068 
169.000 -0.066 
170.000 -0.064 
171.000 -0.064 
172.000 -0.064 
173.000 -0.066 
174.000 -0.068 
175.000 -0.069 
176.000 -0.071 
177.000 -0.072 
178.000 -0.072 
179.000 -0.072 
180.000 -0.071 
181.000 -0.069 
182.000 -0.068 
183.000 -0.067 
184.000 -0.066 
185.000 -0.067 
186.000 -0.067 
187.000 -0.068 
188.000 -0.069 
189.000 -0.070 
190.000 -0.071 
191.000 -0.071 
192.000 -0.071 
193.000 -0.070 
194.000 -0.070 
195.000 -0.069 
196.000 -0.069 
197.000 -0.068 
198.000 -0.068 
199.000 -0.068 
200.000 -0.068 
201.000 -0.069 
202.000 -0.070 
203.000 -0.070 
204.000 -0.070 
205.000 -0.070 
206.000 -0.070 
207.000 -0.070 
208.000 -0.070 
209.000 -0.069 
210.000 -0.069 
211.000 -0.069 
212.000 -0.069 
213.000 -0.069 
214.000 -0.069 
215.000 -0.070 
216.000 -0.070 
217.000 -0.070 
218.000 -0.070 
219.000 -0.070 
220.000 -0.070 
221.000 -0.070 
222.000 -0.070 
223.000 -0.070 
224.000 -0.070 
225.000 -0.070 
226.000 -0.070 
227.000 -0.070 
228.000 -0.070 
229.000 -0.070 
230.000 -0.070 
231.000 -0.070 
232.000 -0.070 
233.000 -0.070 
234.000 -0.070 
235.000 -0.070 
236.000 -0.070 
237.000 -0.070 
238.000 -0.070 
239.000 -0.070 
240.000 -0.070 
241.000 -0.070 
242.000 -0.070 
243.000 -0.070 
244.000 -0.071 
245.000 -0.071 
246.000 0.027 
247.000 0.138 
248.000 0.303 
249.000 0.389 
250.000 0.526 
251.000 0.510 
252.000 0.405 
253.000 0.230 
254.000 0.086 
255.000 -0.014 
256.000 -0.078 
257.000 -0.119 
258.000 -0.116 
259.000 -0.034 
260.000 0.107 
261.000 0.237 
262.000 0.402 
263.000 0.470 
264.000 0.544 
265.000 0.471 
266.000 0.300 
267.000 0.134 
268.000 0.014 
269.000 -0.063 
270.000 -0.108 
271.000 -0.140 
272.000 -0.078 
273.000 0.034 
274.000 0.196 
275.000 0.305 
276.000 0.465 
277.000 0.504 
278.000 0.513 
279.000 0.386 
280.000 0.217 
281.000 0.075 
282.000 -0.025 
283.000 -0.084 
284.000 -0.134 
285.000 -0.116 
286.000 -0.026 
287.000 0.125 
288.000 0.242 
289.000 0.410 
290.000 0.486 
291.000 0.563 
292.000 0.484 
293.000 0.314 
294.000 0.145 
295.000 0.020 
296.000 -0.060 
297.000 -0.106 
298.000 -0.139 
299.000 -0.076 
300.000 0.037 
301.000 0.201 
302.000 0.316 
303.000 0.479 
304.000 0.520 
305.000 0.535 
306.000 0.408 
307.000 0.232 
308.000 0.084 
309.000 -0.020 
310.000 -0.082 
311.000 -0.133 
312.000 -0.119 
313.000 -0.028 
314.000 0.123 
315.000 0.246 
316.000 0.416 
317.000 0.496 
318.000 0.581 
319.000 0.506 
320.000 0.332 
321.000 0.157 
322.000 0.027 
323.000 -0.056 
324.000 -0.103 
325.000 -0.141 
326.000 -0.080 
327.000 0.031 
328.000 0.197 
329.000 0.320 
330.000 0.487 
331.000 0.535 
332.000 0.562 
333.000 0.441 
334.000 0.256 
335.000 0.099 
336.000 -0.011 
337.000 -0.079 
338.000 -0.129 
339.000 -0.125 
340.000 -0.036 
341.000 0.111 
342.000 0.249 
343.000 0.421 
344.000 0.503 
345.000 0.596 
346.000 0.528 
347.000 0.348 
348.000 0.167 
349.000 0.034 
350.000 -0.052 
351.000 -0.101 
352.000 -0.144 
353.000 -0.084 
354.000 0.025 
355.000 0.193 
356.000 0.322 
357.000 0.493 
358.000 0.546 
359.000 0.585 
360.000 0.470 
361.000 0.279 
362.000 0.114 
363.000 -0.003 
364.000 -0.075 
365.000 -0.122 
366.000 -0.073 
367.000 0.097 
368.000 0.306 
369.000 0.513 
370.000 0.720 
371.000 0.865 
372.000 0.980 
373.000 0.983 
374.000 0.986 
375.000 0.810 
376.000 0.555 
377.000 0.318 
378.000 0.142 
379.000 0.039 
380.000 0.044 
381.000 0.160 
382.000 0.335 
383.000 0.532 
384.000 0.731 
385.000 0.884 
386.000 1.001 
387.000 1.034 
388.000 1.042 
389.000 0.884 
390.000 0.621 
391.000 0.363 
392.000 0.173 
393.000 0.055 
394.000 0.017 
395.000 0.092 
396.000 0.247 
397.000 0.444 
398.000 0.652 
399.000 0.836 
400.000 0.979 
401.000 1.058 
402.000 1.096 
403.000 1.006 
404.000 0.786 
405.000 0.499 
406.000 0.268 
407.000 0.112 
408.000 0.002 
409.000 0.029 
410.000 0.172 
411.000 0.369 
412.000 0.586 
413.000 0.805 
414.000 0.970 
415.000 1.091 
416.000 1.122 
417.000 1.112 
418.000 0.922 
419.000 0.610 
420.000 0.339 
421.000 0.151 
422.000 0.035 
423.000 0.009 
424.000 0.117 
425.000 0.299 
426.000 0.521 
427.000 0.748 
428.000 0.948 
429.000 1.085 
430.000 1.166 
431.000 1.176 
432.000 1.045 
433.000 0.740 
434.000 0.433 
435.000 0.212 
436.000 0.069 
437.000 -0.028 
438.000 0.015 
439.000 0.176 
440.000 0.395 
441.000 0.636 
442.000 0.875 
443.000 1.058 
444.000 1.182 
445.000 1.221 
446.000 1.184 
447.000 0.946 
448.000 0.593 
449.000 0.314 
450.000 0.129 
451.000 0.014 
452.000 0.007 
453.000 0.156 
454.000 0.376 
455.000 0.630 
456.000 0.887 
457.000 1.103 
458.000 1.234 
459.000 1.301 
460.000 1.246 
461.000 0.978 
462.000 0.597 
463.000 0.307 
464.000 0.119 
465.000 0.001 
466.000 -0.014 
467.000 0.141 
468.000 0.374 
469.000 0.646 
470.000 0.923 
471.000 1.162 
472.000 1.298 
473.000 1.372 
474.000 1.290 
475.000 0.967 
476.000 0.570 
477.000 0.281 
478.000 0.097 
479.000 -0.018 
480.000 -0.029 
481.000 0.136 
482.000 0.385 
483.000 0.674 
484.000 0.968 
485.000 1.223 
486.000 1.525 
487.000 1.890 
488.000 2.286 
489.000 2.677 
490.000 3.035 
491.000 3.307 
492.000 3.423 
493.000 3.327 
494.000 3.121 
495.000 2.790 
496.000 2.476 
497.000 2.159 
498.000 1.944 
499.000 1.843 
500.000 1.877 
501.000 2.035 
502.000 2.279 
503.000 2.574 
504.000 2.896 
505.000 3.219 
506.000 3.480 
507.000 3.611 
508.000 3.559 
509.000 3.360 
510.000 3.050 
511.000 2.686 
512.000 2.335 
513.000 2.074 
514.000 1.925 
515.000 1.913 
516.000 2.033 
517.000 2.251 
518.000 2.529 
519.000 2.839 
520.000 3.161 
521.000 3.459 
522.000 3.668 
523.000 3.729 
524.000 3.601 
525.000 3.356 
526.000 3.013 
527.000 2.616 
528.000 2.277 
529.000 2.046 
530.000 1.947 
531.000 1.995 
532.000 2.163 
533.000 2.409 
534.000 2.701 
535.000 3.015 
536.000 3.333 
537.000 3.616 
538.000 3.801 
539.000 3.834 
540.000 3.681 
541.000 3.418 
542.000 3.040 
543.000 2.606 
544.000 2.246 
545.000 2.015 
546.000 1.933 
547.000 2.000 
548.000 2.180 
549.000 2.434 
550.000 2.732 
551.000 3.048 
552.000 3.367 
553.000 3.662 
554.000 3.874 
555.000 3.949 
556.000 3.849 
557.000 3.609 
558.000 3.249 
559.000 2.786 
560.000 2.348 
561.000 2.053 
562.000 1.923 
563.000 1.953 
564.000 2.109 
565.000 2.349 
566.000 2.639 
567.000 2.954 
568.000 3.275 
569.000 3.589 
570.000 3.856 
571.000 4.020 
572.000 4.034 
573.000 3.873 
574.000 3.596 
575.000 3.178 
576.000 2.658 
577.000 2.213 
578.000 1.936 
579.000 1.846 
580.000 1.916 
581.000 2.102 
582.000 2.364 
583.000 2.669 
584.000 2.993 
585.000 3.319 
586.000 3.635 
587.000 3.912 
588.000 4.097 
589.000 4.142 
590.000 4.021 
591.000 3.761 
592.000 3.353 
593.000 2.795 
594.000 2.253 
595.000 1.900 
596.000 1.760 
597.000 1.796 
598.000 1.963 
599.000 2.215 
600.000 2.519 
601.000 2.849 
602.000 3.184 
603.000 3.511 
604.000 3.820 
605.000 4.075 
606.000 4.302 
607.000 4.511 
608.000 4.699 
609.000 4.866 
610.000 5.011 
611.000 5.135 
612.000 5.240 
613.000 5.328 
614.000 5.399 
615.000 5.447 
616.000 5.466 
617.000 5.458 
618.000 5.423 
619.000 5.368 
620.000 5.302 
621.000 5.238 
622.000 5.190 
623.000 5.168 
624.000 5.168 
625.000 5.184 
626.000 5.210 
627.000 5.243 
628.000 5.279 
629.000 5.317 
630.000 5.354 
631.000 5.389 
632.000 5.421 
633.000 5.450 
634.000 5.475 
635.000 5.493 
636.000 5.499 
637.000 5.495 
638.000 5.480 
639.000 5.457 
640.000 5.428 
641.000 5.399 
642.000 5.376 
643.000 5.365 
644.000 5.365 
645.000 5.374 
646.000 5.388 
647.000 5.406 
648.000 5.425 
649.000 5.445 
650.000 5.465 
651.000 5.484 
652.000 5.501 
653.000 5.515 
654.000 5.523 
655.000 5.524 
656.000 5.517 
657.000 5.504 
658.000 5.486 
659.000 5.465 
660.000 5.447 
661.000 5.435 
662.000 5.431 
663.000 5.435 
664.000 5.443 
665.000 5.454 
666.000 5.468 
667.000 5.482 
668.000 5.496 
669.000 5.510 
670.000 5.523 
671.000 5.533 
672.000 5.540 
673.000 5.542 
674.000 5.538 
675.000 5.530 
676.000 5.517 
677.000 5.503 
678.000 5.489 
679.000 5.479 
680.000 5.475 
681.000 5.476 
682.000 5.481 
683.000 5.489 
684.000 5.499 
685.000 5.509 
686.000 5.520 
687.000 5.530 
688.000 5.539 
689.000 5.548 
690.000 5.553 
691.000 5.555 
692.000 5.553 
693.000 5.547 
694.000 5.539 
695.000 5.528 
696.000 5.518 
697.000 5.509 
698.000 5.506 
699.000 5.506 
700.000 5.509 
701.000 5.515 
702.000 5.522 
703.000 5.530 
704.000 5.537 
705.000 5.545 
706.000 5.552 
707.000 5.559 
708.000 5.563 
709.000 5.565 
710.000 5.564 
711.000 5.560 
712.000 5.554 
713.000 5.546 
714.000 5.538 
715.000 5.532 
716.000 5.528 
717.000 5.528 
718.000 5.530 
719.000 5.534 
720.000 5.539 
721.000 5.545 
722.000 5.551 
723.000 5.556 
724.000 5.562 
725.000 5.567 
726.000 5.571 
727.000 5.572 
728.000 5.572 
729.000 5.570 
730.000 5.566 
731.000 5.560 
732.000 5.554 
733.000 5.549 
734.000 5.545 
735.000 5.545 
736.000 5.546 
737.000 5.548 
738.000 5.552 
739.000 5.556 
740.000 5.561 
741.000 5.565 
742.000 5.569 
743.000 5.573 
744.000 5.576 
745.000 5.578 
746.000 5.578 
747.000 5.577 
748.000 5.574 
749.000 5.570 
750.000 5.565 
751.000 5.561 
752.000 5.558 
753.000 5.557 
754.000 5.558 
755.000 5.560 
756.000 5.562 
757.000 5.565 
758.000 5.569 
759.000 5.572 
760.000 5.575 
761.000 5.578 
762.000 5.580 
763.000 5.582 
764.000 5.582 
765.000 5.581 
766.000 5.579 
767.000 5.576 
768.000 5.573 
769.000 5.570 
770.000 5.568 
771.000 5.567 
772.000 5.567 
773.000 5.568 
774.000 5.570 
775.000 5.572 
776.000 5.575 
777.000 5.577 
778.000 5.579 
779.000 5.582 
780.000 5.584 
781.000 5.585 
782.000 5.585 
783.000 5.585 
784.000 5.583 
785.000 5.581 
786.000 5.579 
787.000 5.576 
788.000 5.575 
789.000 5.574 
790.000 5.574 
791.000 5.575 
792.000 5.576 
793.000 5.578 
794.000 5.579 
795.000 5.581 
796.000 5.583 
797.000 5.585 
798.000 5.586 
799.000 5.587 
800.000 5.587 
