1.000 0.000 
2.000 0.000 
3.000 0.000 
4.000 0.000 
5.000 0.000 
6.000 0.000 
7.000 0.000 
8.000 0.000 
9.000 0.000 
10.000 0.000 
11.000 0.000 
12.000 -0.034 
13.000 -0.075 
14.000 -0.096 
15.000 -0.107 
16.000 -0.114 
17.000 -0.118 
18.000 -0.114 
19.000 -0.102 
20.000 -0.088 
21.000 -0.075 
22.000 -0.065 
23.000 -0.058 
24.000 -0.058 
25.000 -0.063 
26.000 -0.071 
27.000 -0.080 
28.000 -0.087 
29.000 -0.093 
30.000 -0.096 
31.000 -0.096 
32.000 -0.095 
33.000 -0.091 
34.000 -0.087 
35.000 -0.083 
36.000 -0.080 
37.000 -0.079 
38.000 -0.078 
39.000 -0.080 
40.000 -0.082 
41.000 -0.084 
42.000 -0.086 
43.000 -0.088 
44.000 -0.089 
45.000 -0.090 
46.000 -0.089 
47.000 -0.088 
48.000 -0.087 
49.000 -0.086 
50.000 -0.085 
51.000 -0.085 
52.000 -0.085 
53.000 -0.085 
54.000 -0.086 
55.000 -0.087 
56.000 -0.087 
57.000 -0.088 
58.000 -0.088 
59.000 -0.089 
60.000 -0.089 
61.000 -0.088 
62.000 -0.088 
63.000 -0.088 
64.000 -0.088 
65.000 -0.088 
66.000 -0.088 
67.000 -0.088 
68.000 -0.088 
69.000 -0.089 
70.000 -0.089 
71.000 -0.089 
72.000 -0.089 
73.000 -0.089 
74.000 -0.089 
75.000 -0.089 
76.000 -0.089 
77.000 -0.089 
78.000 -0.090 
79.000 -0.090 
80.000 -0.090 
81.000 -0.090 
82.000 -0.090 
83.000 -0.090 
84.000 -0.090 
85.000 -0.090 
86.000 -0.090 
87.000 -0.091 
88.000 -0.091 
89.000 -0.091 
90.000 -0.091 
91.000 -0.091 
92.000 -0.091 
93.000 -0.091 
94.000 -0.091 
95.000 -0.091 
96.000 -0.091 
97.000 -0.091 
98.000 -0.091 
99.000 -0.092 
100.000 -0.092 
101.000 -0.092 
102.000 -0.092 
103.000 -0.092 
104.000 -0.092 
105.000 -0.092 
106.000 -0.092 
107.000 -0.092 
108.000 -0.092 
109.000 -0.093 
110.000 -0.093 
111.000 -0.093 
112.000 -0.093 
113.000 -0.093 
114.000 -0.093 
115.000 -0.093 
116.000 -0.093 
117.000 -0.093 
118.000 -0.093 
119.000 -0.093 
120.000 -0.093 
121.000 -0.094 
122.000 -0.094 
123.000 -0.094 
124.000 -0.094 
125.000 -0.094 
126.000 -0.090 
127.000 -0.070 
128.000 -0.056 
129.000 -0.046 
130.000 -0.041 
131.000 -0.039 
132.000 -0.043 
133.000 -0.054 
134.000 -0.065 
135.000 -0.075 
136.000 -0.082 
137.000 -0.086 
138.000 -0.087 
139.000 -0.084 
140.000 -0.078 
141.000 -0.070 
142.000 -0.063 
143.000 -0.056 
144.000 -0.053 
145.000 -0.053 
146.000 -0.056 
147.000 -0.062 
148.000 -0.068 
149.000 -0.073 
150.000 -0.077 
151.000 -0.079 
152.000 -0.079 
153.000 -0.077 
154.000 -0.074 
155.000 -0.070 
156.000 -0.065 
157.000 -0.062 
158.000 -0.060 
159.000 -0.061 
160.000 -0.063 
161.000 -0.066 
162.000 -0.069 
163.000 -0.072 
164.000 -0.074 
165.000 -0.075 
166.000 -0.075 
167.000 -0.074 
168.000 -0.072 
169.000 -0.070 
170.000 -0.067 
171.000 -0.066 
172.000 -0.065 
173.000 -0.065 
174.000 -0.066 
175.000 -0.068 
176.000 -0.070 
177.000 -0.071 
178.000 -0.073 
179.000 -0.073 
180.000 -0.073 
181.000 -0.072 
182.000 -0.071 
183.000 -0.070 
184.000 -0.069 
185.000 -0.068 
186.000 -0.067 
187.000 -0.067 
188.000 -0.068 
189.000 -0.069 
190.000 -0.070 
191.000 -0.071 
192.000 -0.072 
193.000 -0.072 
194.000 -0.072 
195.000 -0.071 
196.000 -0.071 
197.000 -0.070 
198.000 -0.069 
199.000 -0.069 
200.000 -0.069 
201.000 -0.069 
202.000 -0.069 
203.000 -0.070 
204.000 -0.070 
205.000 -0.071 
206.000 -0.071 
207.000 -0.071 
208.000 -0.071 
209.000 -0.071 
210.000 -0.071 
211.000 -0.070 
212.000 -0.070 
213.000 -0.070 
214.000 -0.070 
215.000 -0.070 
216.000 -0.070 
217.000 -0.070 
218.000 -0.071 
219.000 -0.071 
220.000 -0.071 
221.000 -0.071 
222.000 -0.071 
223.000 -0.071 
224.000 -0.071 
225.000 -0.071 
226.000 -0.071 
227.000 -0.071 
228.000 -0.070 
229.000 -0.071 
230.000 -0.071 
231.000 -0.071 
232.000 -0.071 
233.000 -0.071 
234.000 -0.071 
235.000 -0.071 
236.000 -0.071 
237.000 -0.071 
238.000 -0.071 
239.000 -0.071 
240.000 -0.071 
241.000 -0.071 
242.000 -0.071 
243.000 -0.071 
244.000 -0.071 
245.000 -0.071 
246.000 0.026 
247.000 0.136 
248.000 0.307 
249.000 0.396 
250.000 0.543 
251.000 0.523 
252.000 0.434 
253.000 0.260 
254.000 0.109 
255.000 0.000 
256.000 -0.071 
257.000 -0.111 
258.000 -0.136 
259.000 -0.071 
260.000 0.046 
261.000 0.205 
262.000 0.329 
263.000 0.487 
264.000 0.504 
265.000 0.509 
266.000 0.385 
267.000 0.214 
268.000 0.071 
269.000 -0.027 
270.000 -0.086 
271.000 -0.129 
272.000 -0.124 
273.000 -0.037 
274.000 0.104 
275.000 0.249 
276.000 0.412 
277.000 0.508 
278.000 0.598 
279.000 0.527 
280.000 0.344 
281.000 0.164 
282.000 0.031 
283.000 -0.055 
284.000 -0.103 
285.000 -0.152 
286.000 -0.110 
287.000 -0.010 
288.000 0.154 
289.000 0.282 
290.000 0.456 
291.000 0.514 
292.000 0.585 
293.000 0.483 
294.000 0.298 
295.000 0.129 
296.000 0.007 
297.000 -0.069 
298.000 -0.112 
299.000 -0.145 
300.000 -0.081 
301.000 0.032 
302.000 0.198 
303.000 0.316 
304.000 0.481 
305.000 0.519 
306.000 0.554 
307.000 0.439 
308.000 0.259 
309.000 0.102 
310.000 -0.009 
311.000 -0.078 
312.000 -0.121 
313.000 -0.134 
314.000 -0.054 
315.000 0.076 
316.000 0.238 
317.000 0.383 
318.000 0.538 
319.000 0.577 
320.000 0.567 
321.000 0.414 
322.000 0.223 
323.000 0.072 
324.000 -0.029 
325.000 -0.091 
326.000 -0.139 
327.000 -0.128 
328.000 -0.034 
329.000 0.117 
330.000 0.257 
331.000 0.429 
332.000 0.507 
333.000 0.606 
334.000 0.524 
335.000 0.345 
336.000 0.166 
337.000 0.033 
338.000 -0.052 
339.000 -0.101 
340.000 -0.146 
341.000 -0.096 
342.000 0.010 
343.000 0.178 
344.000 0.311 
345.000 0.486 
346.000 0.543 
347.000 0.608 
348.000 0.504 
349.000 0.310 
350.000 0.135 
351.000 0.010 
352.000 -0.068 
353.000 -0.111 
354.000 -0.144 
355.000 -0.076 
356.000 0.044 
357.000 0.213 
358.000 0.338 
359.000 0.504 
360.000 0.546 
361.000 0.582 
362.000 0.465 
363.000 0.276 
364.000 0.112 
365.000 -0.004 
366.000 -0.072 
367.000 0.006 
368.000 0.165 
369.000 0.370 
370.000 0.588 
371.000 0.786 
372.000 0.931 
373.000 1.018 
374.000 1.046 
375.000 0.992 
376.000 0.801 
377.000 0.525 
378.000 0.289 
379.000 0.125 
380.000 0.015 
381.000 0.022 
382.000 0.151 
383.000 0.340 
384.000 0.550 
385.000 0.762 
386.000 0.924 
387.000 1.039 
388.000 1.067 
389.000 1.077 
390.000 0.898 
391.000 0.611 
392.000 0.348 
393.000 0.160 
394.000 0.045 
395.000 -0.009 
396.000 0.063 
397.000 0.223 
398.000 0.432 
399.000 0.653 
400.000 0.859 
401.000 1.005 
402.000 1.099 
403.000 1.114 
404.000 1.061 
405.000 0.842 
406.000 0.536 
407.000 0.287 
408.000 0.119 
409.000 0.009 
410.000 0.020 
411.000 0.173 
412.000 0.387 
413.000 0.627 
414.000 0.862 
415.000 1.048 
416.000 1.159 
417.000 1.203 
418.000 1.153 
419.000 0.916 
420.000 0.570 
421.000 0.298 
422.000 0.119 
423.000 0.006 
424.000 -0.022 
425.000 0.103 
426.000 0.314 
427.000 0.567 
428.000 0.826 
429.000 1.052 
430.000 1.190 
431.000 1.265 
432.000 1.239 
433.000 1.034 
434.000 0.660 
435.000 0.353 
436.000 0.148 
437.000 0.021 
438.000 -0.072 
439.000 -0.011 
440.000 0.182 
441.000 0.442 
442.000 0.725 
443.000 1.005 
444.000 1.214 
445.000 1.331 
446.000 1.354 
447.000 1.232 
448.000 0.848 
449.000 0.476 
450.000 0.218 
451.000 0.058 
452.000 -0.044 
453.000 -0.039 
454.000 0.144 
455.000 0.414 
456.000 0.720 
457.000 1.026 
458.000 1.283 
459.000 1.401 
460.000 1.458 
461.000 1.285 
462.000 0.850 
463.000 0.469 
464.000 0.212 
465.000 0.053 
466.000 -0.046 
467.000 -0.041 
468.000 0.147 
469.000 0.428 
470.000 0.747 
471.000 1.067 
472.000 1.339 
473.000 1.458 
474.000 1.517 
475.000 1.317 
476.000 0.849 
477.000 0.463 
478.000 0.207 
479.000 0.051 
480.000 -0.048 
481.000 -0.041 
482.000 0.151 
483.000 0.441 
484.000 0.771 
485.000 1.103 
486.000 1.478 
487.000 1.895 
488.000 2.329 
489.000 2.756 
490.000 3.137 
491.000 3.406 
492.000 3.487 
493.000 3.362 
494.000 3.111 
495.000 2.763 
496.000 2.431 
497.000 2.138 
498.000 1.951 
499.000 1.902 
500.000 1.991 
501.000 2.187 
502.000 2.453 
503.000 2.758 
504.000 3.079 
505.000 3.387 
506.000 3.616 
507.000 3.695 
508.000 3.576 
509.000 3.338 
510.000 2.989 
511.000 2.593 
512.000 2.242 
513.000 2.010 
514.000 1.925 
515.000 1.987 
516.000 2.164 
517.000 2.417 
518.000 2.714 
519.000 3.031 
520.000 3.351 
521.000 3.629 
522.000 3.798 
523.000 3.802 
524.000 3.624 
525.000 3.340 
526.000 2.945 
527.000 2.499 
528.000 2.145 
529.000 1.940 
530.000 1.907 
531.000 2.019 
532.000 2.231 
533.000 2.506 
534.000 2.815 
535.000 3.137 
536.000 3.456 
537.000 3.736 
538.000 3.912 
539.000 3.933 
540.000 3.766 
541.000 3.491 
542.000 3.082 
543.000 2.574 
544.000 2.132 
545.000 1.866 
546.000 1.799 
547.000 1.893 
548.000 2.096 
549.000 2.370 
550.000 2.684 
551.000 3.014 
552.000 3.343 
553.000 3.660 
554.000 3.919 
555.000 4.061 
556.000 4.041 
557.000 3.844 
558.000 3.533 
559.000 3.068 
560.000 2.464 
561.000 1.945 
562.000 1.640 
563.000 1.561 
564.000 1.655 
565.000 1.868 
566.000 2.157 
567.000 2.489 
568.000 2.839 
569.000 3.189 
570.000 3.527 
571.000 3.842 
572.000 4.088 
573.000 4.210 
574.000 4.171 
575.000 3.958 
576.000 3.596 
577.000 3.023 
578.000 2.223 
579.000 1.521 
580.000 1.088 
581.000 0.946 
582.000 1.019 
583.000 1.239 
584.000 1.557 
585.000 1.932 
586.000 2.334 
587.000 2.739 
588.000 3.132 
589.000 3.501 
590.000 3.841 
591.000 4.135 
592.000 4.336 
593.000 4.399 
594.000 4.302 
595.000 4.050 
596.000 3.606 
597.000 2.796 
598.000 1.786 
599.000 1.012 
600.000 0.546 
601.000 0.403 
602.000 0.494 
603.000 0.748 
604.000 1.108 
605.000 1.529 
606.000 1.977 
607.000 2.430 
608.000 2.867 
609.000 3.278 
610.000 3.655 
611.000 3.994 
612.000 4.294 
613.000 4.554 
614.000 4.777 
615.000 4.965 
616.000 5.122 
617.000 5.250 
618.000 5.354 
619.000 5.436 
620.000 5.501 
621.000 5.549 
622.000 5.586 
623.000 5.612 
624.000 5.630 
625.000 5.641 
626.000 5.647 
627.000 5.650 
628.000 5.649 
629.000 5.647 
630.000 5.644 
631.000 5.639 
632.000 5.634 
633.000 5.630 
634.000 5.625 
635.000 5.620 
636.000 5.616 
637.000 5.612 
638.000 5.609 
639.000 5.606 
640.000 5.604 
641.000 5.602 
642.000 5.600 
643.000 5.598 
644.000 5.597 
645.000 5.596 
646.000 5.595 
647.000 5.595 
648.000 5.594 
649.000 5.594 
650.000 5.594 
651.000 5.594 
652.000 5.594 
653.000 5.594 
654.000 5.594 
655.000 5.594 
656.000 5.594 
657.000 5.594 
658.000 5.594 
659.000 5.594 
660.000 5.594 
661.000 5.594 
662.000 5.594 
663.000 5.594 
664.000 5.594 
665.000 5.594 
666.000 5.594 
667.000 5.594 
668.000 5.594 
669.000 5.594 
670.000 5.594 
671.000 5.594 
672.000 5.594 
673.000 5.594 
674.000 5.594 
675.000 5.594 
676.000 5.594 
677.000 5.594 
678.000 5.594 
679.000 5.594 
680.000 5.594 
681.000 5.594 
682.000 5.594 
683.000 5.594 
684.000 5.594 
685.000 5.594 
686.000 5.594 
687.000 5.594 
688.000 5.594 
689.000 5.594 
690.000 5.594 
691.000 5.594 
692.000 5.594 
693.000 5.594 
694.000 5.594 
695.000 5.594 
696.000 5.594 
697.000 5.594 
698.000 5.594 
699.000 5.594 
700.000 5.594 
701.000 5.594 
702.000 5.594 
703.000 5.594 
704.000 5.594 
705.000 5.594 
706.000 5.594 
707.000 5.594 
708.000 5.594 
709.000 5.594 
710.000 5.594 
711.000 5.594 
712.000 5.594 
713.000 5.594 
714.000 5.594 
715.000 5.594 
716.000 5.594 
717.000 5.594 
718.000 5.594 
719.000 5.594 
720.000 5.594 
721.000 5.594 
722.000 5.594 
723.000 5.594 
724.000 5.594 
725.000 5.594 
726.000 5.594 
727.000 5.594 
728.000 5.594 
729.000 5.594 
730.000 5.594 
731.000 5.594 
732.000 5.594 
733.000 5.594 
734.000 5.594 
735.000 5.594 
736.000 5.594 
737.000 5.594 
738.000 5.594 
739.000 5.594 
740.000 5.594 
741.000 5.594 
742.000 5.594 
743.000 5.594 
744.000 5.594 
745.000 5.594 
746.000 5.594 
747.000 5.594 
748.000 5.594 
749.000 5.594 
750.000 5.594 
751.000 5.594 
752.000 5.594 
753.000 5.594 
754.000 5.594 
755.000 5.594 
756.000 5.594 
757.000 5.594 
758.000 5.594 
759.000 5.594 
760.000 5.594 
761.000 5.594 
762.000 5.594 
763.000 5.594 
764.000 5.594 
765.000 5.594 
766.000 5.594 
767.000 5.594 
768.000 5.594 
769.000 5.594 
770.000 5.594 
771.000 5.594 
772.000 5.594 
773.000 5.594 
774.000 5.594 
775.000 5.594 
776.000 5.594 
777.000 5.594 
778.000 5.594 
779.000 5.594 
780.000 5.594 
781.000 5.594 
782.000 5.594 
783.000 5.594 
784.000 5.594 
785.000 5.594 
786.000 5.594 
787.000 5.594 
788.000 5.594 
789.000 5.594 
790.000 5.594 
791.000 5.594 
792.000 5.594 
793.000 5.594 
794.000 5.594 
795.000 5.594 
796.000 5.594 
797.000 5.594 
798.000 5.594 
799.000 5.594 
800.000 5.594 
