1.000 0.000 
2.000 0.000 
3.000 0.000 
4.000 0.000 
5.000 0.000 
6.000 0.000 
7.000 0.000 
8.000 0.000 
9.000 0.000 
10.000 0.000 
11.000 0.000 
12.000 -0.005 
13.000 -0.014 
14.000 -0.023 
15.000 -0.030 
16.000 -0.035 
17.000 -0.038 
18.000 -0.039 
19.000 -0.039 
20.000 -0.038 
21.000 -0.037 
22.000 -0.036 
23.000 -0.035 
24.000 -0.034 
25.000 -0.033 
26.000 -0.033 
27.000 -0.033 
28.000 -0.034 
29.000 -0.034 
30.000 -0.034 
31.000 -0.034 
32.000 -0.035 
33.000 -0.035 
34.000 -0.035 
35.000 -0.035 
36.000 -0.035 
37.000 -0.035 
38.000 -0.036 
39.000 -0.036 
40.000 -0.036 
41.000 -0.036 
42.000 -0.036 
43.000 -0.036 
44.000 -0.036 
45.000 -0.036 
46.000 -0.036 
47.000 -0.036 
48.000 -0.036 
49.000 -0.037 
50.000 -0.037 
51.000 -0.037 
52.000 -0.037 
53.000 -0.037 
54.000 -0.037 
55.000 -0.037 
56.000 -0.037 
57.000 -0.037 
58.000 -0.038 
59.000 -0.038 
60.000 -0.038 
61.000 -0.038 
62.000 -0.038 
63.000 -0.038 
64.000 -0.038 
65.000 -0.038 
66.000 -0.038 
67.000 -0.038 
68.000 -0.038 
69.000 -0.039 
70.000 -0.039 
71.000 -0.039 
72.000 -0.039 
73.000 -0.039 
74.000 -0.039 
75.000 -0.039 
76.000 -0.039 
77.000 -0.039 
78.000 -0.039 
79.000 -0.040 
80.000 -0.040 
81.000 -0.040 
82.000 -0.040 
83.000 -0.040 
84.000 -0.040 
85.000 -0.040 
86.000 -0.040 
87.000 -0.040 
88.000 -0.040 
89.000 -0.041 
90.000 -0.041 
91.000 -0.041 
92.000 -0.041 
93.000 -0.041 
94.000 -0.041 
95.000 -0.041 
96.000 -0.041 
97.000 -0.041 
98.000 -0.041 
99.000 -0.041 
100.000 -0.042 
101.000 -0.042 
102.000 -0.042 
103.000 -0.042 
104.000 -0.042 
105.000 -0.042 
106.000 -0.042 
107.000 -0.042 
108.000 -0.042 
109.000 -0.042 
110.000 -0.042 
111.000 -0.043 
112.000 -0.043 
113.000 -0.043 
114.000 -0.043 
115.000 -0.043 
116.000 -0.043 
117.000 -0.043 
118.000 -0.043 
119.000 -0.043 
120.000 -0.043 
121.000 -0.043 
122.000 -0.044 
123.000 -0.044 
124.000 -0.044 
125.000 -0.044 
126.000 -0.043 
127.000 -0.039 
128.000 -0.036 
129.000 -0.034 
130.000 -0.032 
131.000 -0.031 
132.000 -0.030 
133.000 -0.030 
134.000 -0.031 
135.000 -0.031 
136.000 -0.032 
137.000 -0.032 
138.000 -0.033 
139.000 -0.033 
140.000 -0.033 
141.000 -0.033 
142.000 -0.033 
143.000 -0.033 
144.000 -0.033 
145.000 -0.033 
146.000 -0.033 
147.000 -0.033 
148.000 -0.033 
149.000 -0.033 
150.000 -0.033 
151.000 -0.033 
152.000 -0.033 
153.000 -0.034 
154.000 -0.034 
155.000 -0.034 
156.000 -0.034 
157.000 -0.034 
158.000 -0.034 
159.000 -0.034 
160.000 -0.034 
161.000 -0.034 
162.000 -0.034 
163.000 -0.034 
164.000 -0.034 
165.000 -0.034 
166.000 -0.034 
167.000 -0.034 
168.000 -0.034 
169.000 -0.034 
170.000 -0.034 
171.000 -0.034 
172.000 -0.034 
173.000 -0.034 
174.000 -0.035 
175.000 -0.035 
176.000 -0.035 
177.000 -0.035 
178.000 -0.035 
179.000 -0.035 
180.000 -0.035 
181.000 -0.035 
182.000 -0.035 
183.000 -0.035 
184.000 -0.035 
185.000 -0.035 
186.000 -0.035 
187.000 -0.035 
188.000 -0.035 
189.000 -0.035 
190.000 -0.035 
191.000 -0.035 
192.000 -0.035 
193.000 -0.035 
194.000 -0.035 
195.000 -0.035 
196.000 -0.036 
197.000 -0.036 
198.000 -0.036 
199.000 -0.036 
200.000 -0.036 
201.000 -0.036 
202.000 -0.036 
203.000 -0.036 
204.000 -0.036 
205.000 -0.036 
206.000 -0.036 
207.000 -0.036 
208.000 -0.036 
209.000 -0.036 
210.000 -0.036 
211.000 -0.036 
212.000 -0.036 
213.000 -0.036 
214.000 -0.036 
215.000 -0.036 
216.000 -0.036 
217.000 -0.036 
218.000 -0.036 
219.000 -0.037 
220.000 -0.037 
221.000 -0.037 
222.000 -0.037 
223.000 -0.037 
224.000 -0.037 
225.000 -0.037 
226.000 -0.037 
227.000 -0.037 
228.000 -0.037 
229.000 -0.037 
230.000 -0.037 
231.000 -0.037 
232.000 -0.037 
233.000 -0.037 
234.000 -0.037 
235.000 -0.037 
236.000 -0.037 
237.000 -0.037 
238.000 -0.037 
239.000 -0.037 
240.000 -0.037 
241.000 -0.037 
242.000 -0.038 
243.000 -0.038 
244.000 -0.038 
245.000 -0.038 
246.000 -0.027 
247.000 -0.004 
248.000 0.022 
249.000 0.045 
250.000 0.062 
251.000 0.075 
252.000 0.081 
253.000 0.081 
254.000 0.078 
255.000 0.071 
256.000 0.064 
257.000 0.057 
258.000 0.051 
259.000 0.047 
260.000 0.045 
261.000 0.045 
262.000 0.046 
263.000 0.048 
264.000 0.051 
265.000 0.053 
266.000 0.056 
267.000 0.058 
268.000 0.059 
269.000 0.060 
270.000 0.060 
271.000 0.060 
272.000 0.060 
273.000 0.059 
274.000 0.059 
275.000 0.059 
276.000 0.059 
277.000 0.059 
278.000 0.059 
279.000 0.060 
280.000 0.060 
281.000 0.061 
282.000 0.061 
283.000 0.062 
284.000 0.062 
285.000 0.063 
286.000 0.063 
287.000 0.063 
288.000 0.064 
289.000 0.064 
290.000 0.064 
291.000 0.065 
292.000 0.065 
293.000 0.065 
294.000 0.065 
295.000 0.066 
296.000 0.066 
297.000 0.067 
298.000 0.067 
299.000 0.067 
300.000 0.068 
301.000 0.068 
302.000 0.068 
303.000 0.069 
304.000 0.069 
305.000 0.069 
306.000 0.070 
307.000 0.070 
308.000 0.070 
309.000 0.071 
310.000 0.071 
311.000 0.071 
312.000 0.072 
313.000 0.072 
314.000 0.073 
315.000 0.073 
316.000 0.073 
317.000 0.074 
318.000 0.074 
319.000 0.074 
320.000 0.075 
321.000 0.075 
322.000 0.075 
323.000 0.076 
324.000 0.076 
325.000 0.076 
326.000 0.077 
327.000 0.077 
328.000 0.077 
329.000 0.078 
330.000 0.078 
331.000 0.078 
332.000 0.079 
333.000 0.079 
334.000 0.080 
335.000 0.080 
336.000 0.080 
337.000 0.081 
338.000 0.081 
339.000 0.081 
340.000 0.082 
341.000 0.082 
342.000 0.082 
343.000 0.083 
344.000 0.083 
345.000 0.083 
346.000 0.084 
347.000 0.084 
348.000 0.084 
349.000 0.085 
350.000 0.085 
351.000 0.085 
352.000 0.086 
353.000 0.086 
354.000 0.086 
355.000 0.087 
356.000 0.087 
357.000 0.087 
358.000 0.088 
359.000 0.088 
360.000 0.088 
361.000 0.089 
362.000 0.089 
363.000 0.089 
364.000 0.090 
365.000 0.090 
366.000 0.130 
367.000 0.201 
368.000 0.282 
369.000 0.360 
370.000 0.431 
371.000 0.487 
372.000 0.522 
373.000 0.534 
374.000 0.523 
375.000 0.494 
376.000 0.452 
377.000 0.405 
378.000 0.361 
379.000 0.324 
380.000 0.299 
381.000 0.287 
382.000 0.289 
383.000 0.303 
384.000 0.325 
385.000 0.353 
386.000 0.383 
387.000 0.411 
388.000 0.434 
389.000 0.451 
390.000 0.459 
391.000 0.458 
392.000 0.451 
393.000 0.438 
394.000 0.423 
395.000 0.407 
396.000 0.393 
397.000 0.383 
398.000 0.377 
399.000 0.377 
400.000 0.381 
401.000 0.390 
402.000 0.401 
403.000 0.414 
404.000 0.426 
405.000 0.438 
406.000 0.446 
407.000 0.452 
408.000 0.454 
409.000 0.453 
410.000 0.450 
411.000 0.445 
412.000 0.439 
413.000 0.434 
414.000 0.430 
415.000 0.428 
416.000 0.427 
417.000 0.429 
418.000 0.433 
419.000 0.439 
420.000 0.445 
421.000 0.451 
422.000 0.457 
423.000 0.463 
424.000 0.467 
425.000 0.469 
426.000 0.470 
427.000 0.470 
428.000 0.469 
429.000 0.468 
430.000 0.466 
431.000 0.465 
432.000 0.464 
433.000 0.464 
434.000 0.466 
435.000 0.468 
436.000 0.471 
437.000 0.475 
438.000 0.478 
439.000 0.482 
440.000 0.486 
441.000 0.489 
442.000 0.491 
443.000 0.493 
444.000 0.494 
445.000 0.495 
446.000 0.495 
447.000 0.495 
448.000 0.495 
449.000 0.495 
450.000 0.496 
451.000 0.497 
452.000 0.498 
453.000 0.501 
454.000 0.503 
455.000 0.506 
456.000 0.508 
457.000 0.511 
458.000 0.514 
459.000 0.516 
460.000 0.518 
461.000 0.519 
462.000 0.520 
463.000 0.521 
464.000 0.522 
465.000 0.522 
466.000 0.523 
467.000 0.524 
468.000 0.525 
469.000 0.527 
470.000 0.528 
471.000 0.530 
472.000 0.532 
473.000 0.534 
474.000 0.536 
475.000 0.539 
476.000 0.540 
477.000 0.542 
478.000 0.544 
479.000 0.545 
480.000 0.546 
481.000 0.547 
482.000 0.548 
483.000 0.549 
484.000 0.550 
485.000 0.552 
486.000 0.672 
487.000 0.939 
488.000 1.302 
489.000 1.717 
490.000 2.156 
491.000 2.593 
492.000 3.003 
493.000 3.345 
494.000 3.580 
495.000 3.675 
496.000 3.604 
497.000 3.367 
498.000 2.978 
499.000 2.477 
500.000 1.944 
501.000 1.465 
502.000 1.097 
503.000 0.867 
504.000 0.780 
505.000 0.829 
506.000 1.005 
507.000 1.290 
508.000 1.652 
509.000 2.055 
510.000 2.471 
511.000 2.882 
512.000 3.261 
513.000 3.572 
514.000 3.776 
515.000 3.844 
516.000 3.754 
517.000 3.504 
518.000 3.102 
519.000 2.589 
520.000 2.042 
521.000 1.550 
522.000 1.172 
523.000 0.937 
524.000 0.854 
525.000 0.917 
526.000 1.114 
527.000 1.418 
528.000 1.787 
529.000 2.190 
530.000 2.602 
531.000 3.005 
532.000 3.386 
533.000 3.711 
534.000 3.940 
535.000 4.042 
536.000 3.993 
537.000 3.784 
538.000 3.415 
539.000 2.906 
540.000 2.324 
541.000 1.767 
542.000 1.314 
543.000 1.007 
544.000 0.863 
545.000 0.882 
546.000 1.053 
547.000 1.342 
548.000 1.705 
549.000 2.106 
550.000 2.519 
551.000 2.926 
552.000 3.313 
553.000 3.672 
554.000 3.967 
555.000 4.161 
556.000 4.221 
557.000 4.132 
558.000 3.886 
559.000 3.481 
560.000 2.937 
561.000 2.325 
562.000 1.751 
563.000 1.294 
564.000 0.996 
565.000 0.872 
566.000 0.921 
567.000 1.121 
568.000 1.428 
569.000 1.801 
570.000 2.205 
571.000 2.617 
572.000 3.019 
573.000 3.400 
574.000 3.751 
575.000 4.051 
576.000 4.264 
577.000 4.357 
578.000 4.309 
579.000 4.113 
580.000 3.767 
581.000 3.274 
582.000 2.678 
583.000 2.073 
584.000 1.557 
585.000 1.187 
586.000 0.990 
587.000 0.975 
588.000 1.123 
589.000 1.394 
590.000 1.742 
591.000 2.131 
592.000 2.535 
593.000 2.935 
594.000 3.317 
595.000 3.672 
596.000 3.994 
597.000 4.258 
598.000 4.427 
599.000 4.474 
600.000 4.383 
601.000 4.153 
602.000 3.782 
603.000 3.277 
604.000 2.684 
605.000 2.096 
606.000 1.736 
607.000 1.624 
608.000 1.692 
609.000 1.885 
610.000 2.159 
611.000 2.481 
612.000 2.824 
613.000 3.170 
614.000 3.505 
615.000 3.819 
616.000 4.108 
617.000 4.368 
618.000 4.597 
619.000 4.796 
620.000 4.967 
621.000 5.111 
622.000 5.231 
623.000 5.330 
624.000 5.410 
625.000 5.466 
626.000 5.489 
627.000 5.476 
628.000 5.426 
629.000 5.344 
630.000 5.235 
631.000 5.111 
632.000 4.982 
633.000 4.863 
634.000 4.764 
635.000 4.696 
636.000 4.667 
637.000 4.677 
638.000 4.719 
639.000 4.780 
640.000 4.854 
641.000 4.934 
642.000 5.015 
643.000 5.094 
644.000 5.168 
645.000 5.237 
646.000 5.299 
647.000 5.353 
648.000 5.398 
649.000 5.427 
650.000 5.438 
651.000 5.428 
652.000 5.398 
653.000 5.350 
654.000 5.289 
655.000 5.220 
656.000 5.149 
657.000 5.084 
658.000 5.031 
659.000 4.997 
660.000 4.983 
661.000 4.994 
662.000 5.023 
663.000 5.066 
664.000 5.115 
665.000 5.168 
666.000 5.221 
667.000 5.273 
668.000 5.321 
669.000 5.365 
670.000 5.405 
671.000 5.437 
672.000 5.456 
673.000 5.461 
674.000 5.451 
675.000 5.427 
676.000 5.390 
677.000 5.344 
678.000 5.292 
679.000 5.241 
680.000 5.194 
681.000 5.157 
682.000 5.134 
683.000 5.127 
684.000 5.137 
685.000 5.162 
686.000 5.196 
687.000 5.234 
688.000 5.275 
689.000 5.315 
690.000 5.354 
691.000 5.391 
692.000 5.424 
693.000 5.453 
694.000 5.475 
695.000 5.486 
696.000 5.486 
697.000 5.474 
698.000 5.452 
699.000 5.420 
700.000 5.383 
701.000 5.343 
702.000 5.304 
703.000 5.270 
704.000 5.244 
705.000 5.230 
706.000 5.229 
707.000 5.242 
708.000 5.263 
709.000 5.291 
710.000 5.322 
711.000 5.354 
712.000 5.385 
713.000 5.415 
714.000 5.443 
715.000 5.469 
716.000 5.490 
717.000 5.504 
718.000 5.510 
719.000 5.506 
720.000 5.494 
721.000 5.474 
722.000 5.447 
723.000 5.417 
724.000 5.385 
725.000 5.355 
726.000 5.331 
727.000 5.314 
728.000 5.306 
729.000 5.309 
730.000 5.321 
731.000 5.340 
732.000 5.363 
733.000 5.388 
734.000 5.413 
735.000 5.438 
736.000 5.461 
737.000 5.482 
738.000 5.501 
739.000 5.517 
740.000 5.526 
741.000 5.528 
742.000 5.523 
743.000 5.511 
744.000 5.493 
745.000 5.471 
746.000 5.446 
747.000 5.421 
748.000 5.399 
749.000 5.381 
750.000 5.369 
751.000 5.366 
752.000 5.371 
753.000 5.383 
754.000 5.399 
755.000 5.418 
756.000 5.438 
757.000 5.458 
758.000 5.477 
759.000 5.495 
760.000 5.511 
761.000 5.525 
762.000 5.536 
763.000 5.541 
764.000 5.541 
765.000 5.535 
766.000 5.524 
767.000 5.509 
768.000 5.491 
769.000 5.471 
770.000 5.452 
771.000 5.435 
772.000 5.423 
773.000 5.416 
774.000 5.415 
775.000 5.421 
776.000 5.432 
777.000 5.445 
778.000 5.460 
779.000 5.476 
780.000 5.492 
781.000 5.506 
782.000 5.520 
783.000 5.532 
784.000 5.543 
785.000 5.550 
786.000 5.553 
787.000 5.551 
788.000 5.545 
789.000 5.535 
790.000 5.523 
791.000 5.508 
792.000 5.492 
793.000 5.478 
794.000 5.465 
795.000 5.457 
796.000 5.453 
797.000 5.454 
798.000 5.460 
799.000 5.469 
800.000 5.480 
