1.000 0.000 
2.000 0.000 
3.000 0.000 
4.000 0.000 
5.000 0.000 
6.000 0.000 
7.000 0.000 
8.000 0.000 
9.000 0.000 
10.000 0.000 
11.000 0.000 
12.000 -0.014 
13.000 -0.032 
14.000 -0.040 
15.000 -0.043 
16.000 -0.043 
17.000 -0.041 
18.000 -0.038 
19.000 -0.033 
20.000 -0.030 
21.000 -0.029 
22.000 -0.029 
23.000 -0.030 
24.000 -0.031 
25.000 -0.032 
26.000 -0.033 
27.000 -0.034 
28.000 -0.034 
29.000 -0.034 
30.000 -0.034 
31.000 -0.034 
32.000 -0.033 
33.000 -0.033 
34.000 -0.033 
35.000 -0.033 
36.000 -0.034 
37.000 -0.034 
38.000 -0.034 
39.000 -0.034 
40.000 -0.034 
41.000 -0.034 
42.000 -0.034 
43.000 -0.034 
44.000 -0.034 
45.000 -0.034 
46.000 -0.035 
47.000 -0.035 
48.000 -0.035 
49.000 -0.035 
50.000 -0.035 
51.000 -0.035 
52.000 -0.035 
53.000 -0.035 
54.000 -0.035 
55.000 -0.035 
56.000 -0.035 
57.000 -0.035 
58.000 -0.036 
59.000 -0.036 
60.000 -0.036 
61.000 -0.036 
62.000 -0.036 
63.000 -0.036 
64.000 -0.036 
65.000 -0.036 
66.000 -0.036 
67.000 -0.036 
68.000 -0.036 
69.000 -0.036 
70.000 -0.037 
71.000 -0.037 
72.000 -0.037 
73.000 -0.037 
74.000 -0.037 
75.000 -0.037 
76.000 -0.037 
77.000 -0.037 
78.000 -0.037 
79.000 -0.037 
80.000 -0.037 
81.000 -0.037 
82.000 -0.038 
83.000 -0.038 
84.000 -0.038 
85.000 -0.038 
86.000 -0.038 
87.000 -0.038 
88.000 -0.038 
89.000 -0.038 
90.000 -0.038 
91.000 -0.038 
92.000 -0.038 
93.000 -0.038 
94.000 -0.038 
95.000 -0.039 
96.000 -0.039 
97.000 -0.039 
98.000 -0.039 
99.000 -0.039 
100.000 -0.039 
101.000 -0.039 
102.000 -0.039 
103.000 -0.039 
104.000 -0.039 
105.000 -0.039 
106.000 -0.039 
107.000 -0.039 
108.000 -0.040 
109.000 -0.040 
110.000 -0.040 
111.000 -0.040 
112.000 -0.040 
113.000 -0.040 
114.000 -0.040 
115.000 -0.040 
116.000 -0.040 
117.000 -0.040 
118.000 -0.040 
119.000 -0.040 
120.000 -0.040 
121.000 -0.041 
122.000 -0.041 
123.000 -0.041 
124.000 -0.041 
125.000 -0.041 
126.000 -0.036 
127.000 -0.029 
128.000 -0.026 
129.000 -0.025 
130.000 -0.025 
131.000 -0.026 
132.000 -0.028 
133.000 -0.029 
134.000 -0.030 
135.000 -0.031 
136.000 -0.031 
137.000 -0.031 
138.000 -0.031 
139.000 -0.030 
140.000 -0.030 
141.000 -0.030 
142.000 -0.030 
143.000 -0.030 
144.000 -0.030 
145.000 -0.030 
146.000 -0.030 
147.000 -0.030 
148.000 -0.030 
149.000 -0.030 
150.000 -0.030 
151.000 -0.030 
152.000 -0.030 
153.000 -0.030 
154.000 -0.030 
155.000 -0.031 
156.000 -0.031 
157.000 -0.031 
158.000 -0.031 
159.000 -0.031 
160.000 -0.031 
161.000 -0.031 
162.000 -0.031 
163.000 -0.031 
164.000 -0.031 
165.000 -0.031 
166.000 -0.031 
167.000 -0.031 
168.000 -0.031 
169.000 -0.031 
170.000 -0.031 
171.000 -0.031 
172.000 -0.031 
173.000 -0.031 
174.000 -0.031 
175.000 -0.031 
176.000 -0.031 
177.000 -0.031 
178.000 -0.031 
179.000 -0.032 
180.000 -0.032 
181.000 -0.032 
182.000 -0.032 
183.000 -0.032 
184.000 -0.032 
185.000 -0.032 
186.000 -0.032 
187.000 -0.032 
188.000 -0.032 
189.000 -0.032 
190.000 -0.032 
191.000 -0.032 
192.000 -0.032 
193.000 -0.032 
194.000 -0.032 
195.000 -0.032 
196.000 -0.032 
197.000 -0.032 
198.000 -0.032 
199.000 -0.032 
200.000 -0.032 
201.000 -0.032 
202.000 -0.032 
203.000 -0.032 
204.000 -0.033 
205.000 -0.033 
206.000 -0.033 
207.000 -0.033 
208.000 -0.033 
209.000 -0.033 
210.000 -0.033 
211.000 -0.033 
212.000 -0.033 
213.000 -0.033 
214.000 -0.033 
215.000 -0.033 
216.000 -0.033 
217.000 -0.033 
218.000 -0.033 
219.000 -0.033 
220.000 -0.033 
221.000 -0.033 
222.000 -0.033 
223.000 -0.033 
224.000 -0.033 
225.000 -0.033 
226.000 -0.033 
227.000 -0.033 
228.000 -0.033 
229.000 -0.033 
230.000 -0.033 
231.000 -0.034 
232.000 -0.034 
233.000 -0.034 
234.000 -0.034 
235.000 -0.034 
236.000 -0.034 
237.000 -0.034 
238.000 -0.034 
239.000 -0.034 
240.000 -0.034 
241.000 -0.034 
242.000 -0.034 
243.000 -0.034 
244.000 -0.034 
245.000 -0.034 
246.000 0.013 
247.000 0.038 
248.000 0.044 
249.000 0.050 
250.000 0.055 
251.000 0.052 
252.000 0.045 
253.000 0.041 
254.000 0.039 
255.000 0.037 
256.000 0.037 
257.000 0.039 
258.000 0.042 
259.000 0.044 
260.000 0.046 
261.000 0.047 
262.000 0.047 
263.000 0.047 
264.000 0.047 
265.000 0.047 
266.000 0.046 
267.000 0.046 
268.000 0.047 
269.000 0.047 
270.000 0.048 
271.000 0.048 
272.000 0.049 
273.000 0.049 
274.000 0.050 
275.000 0.050 
276.000 0.050 
277.000 0.051 
278.000 0.051 
279.000 0.051 
280.000 0.052 
281.000 0.052 
282.000 0.052 
283.000 0.053 
284.000 0.053 
285.000 0.054 
286.000 0.054 
287.000 0.054 
288.000 0.055 
289.000 0.055 
290.000 0.055 
291.000 0.056 
292.000 0.056 
293.000 0.057 
294.000 0.057 
295.000 0.057 
296.000 0.058 
297.000 0.058 
298.000 0.059 
299.000 0.059 
300.000 0.059 
301.000 0.060 
302.000 0.060 
303.000 0.061 
304.000 0.061 
305.000 0.061 
306.000 0.062 
307.000 0.062 
308.000 0.063 
309.000 0.063 
310.000 0.063 
311.000 0.064 
312.000 0.064 
313.000 0.065 
314.000 0.065 
315.000 0.066 
316.000 0.066 
317.000 0.066 
318.000 0.067 
319.000 0.067 
320.000 0.068 
321.000 0.068 
322.000 0.069 
323.000 0.069 
324.000 0.070 
325.000 0.070 
326.000 0.070 
327.000 0.071 
328.000 0.071 
329.000 0.072 
330.000 0.072 
331.000 0.073 
332.000 0.073 
333.000 0.074 
334.000 0.074 
335.000 0.074 
336.000 0.075 
337.000 0.075 
338.000 0.076 
339.000 0.076 
340.000 0.077 
341.000 0.077 
342.000 0.078 
343.000 0.078 
344.000 0.079 
345.000 0.079 
346.000 0.080 
347.000 0.080 
348.000 0.081 
349.000 0.081 
350.000 0.082 
351.000 0.082 
352.000 0.083 
353.000 0.083 
354.000 0.084 
355.000 0.084 
356.000 0.085 
357.000 0.085 
358.000 0.086 
359.000 0.086 
360.000 0.087 
361.000 0.087 
362.000 0.088 
363.000 0.088 
364.000 0.089 
365.000 0.089 
366.000 0.190 
367.000 0.293 
368.000 0.374 
369.000 0.435 
370.000 0.479 
371.000 0.488 
372.000 0.464 
373.000 0.422 
374.000 0.375 
375.000 0.331 
376.000 0.300 
377.000 0.287 
378.000 0.294 
379.000 0.316 
380.000 0.349 
381.000 0.386 
382.000 0.421 
383.000 0.450 
384.000 0.468 
385.000 0.475 
386.000 0.471 
387.000 0.459 
388.000 0.443 
389.000 0.427 
390.000 0.415 
391.000 0.410 
392.000 0.413 
393.000 0.424 
394.000 0.441 
395.000 0.462 
396.000 0.484 
397.000 0.504 
398.000 0.519 
399.000 0.529 
400.000 0.533 
401.000 0.531 
402.000 0.525 
403.000 0.517 
404.000 0.509 
405.000 0.505 
406.000 0.505 
407.000 0.510 
408.000 0.521 
409.000 0.535 
410.000 0.553 
411.000 0.571 
412.000 0.588 
413.000 0.602 
414.000 0.611 
415.000 0.615 
416.000 0.615 
417.000 0.611 
418.000 0.604 
419.000 0.597 
420.000 0.591 
421.000 0.590 
422.000 0.593 
423.000 0.601 
424.000 0.615 
425.000 0.632 
426.000 0.651 
427.000 0.671 
428.000 0.688 
429.000 0.702 
430.000 0.710 
431.000 0.712 
432.000 0.707 
433.000 0.698 
434.000 0.685 
435.000 0.672 
436.000 0.661 
437.000 0.654 
438.000 0.655 
439.000 0.664 
440.000 0.680 
441.000 0.704 
442.000 0.731 
443.000 0.761 
444.000 0.788 
445.000 0.810 
446.000 0.824 
447.000 0.827 
448.000 0.818 
449.000 0.797 
450.000 0.767 
451.000 0.732 
452.000 0.696 
453.000 0.667 
454.000 0.650 
455.000 0.649 
456.000 0.667 
457.000 0.702 
458.000 0.751 
459.000 0.811 
460.000 0.874 
461.000 0.933 
462.000 0.981 
463.000 1.011 
464.000 1.017 
465.000 0.991 
466.000 0.932 
467.000 0.840 
468.000 0.725 
469.000 0.605 
470.000 0.499 
471.000 0.426 
472.000 0.400 
473.000 0.429 
474.000 0.510 
475.000 0.631 
476.000 0.780 
477.000 0.942 
478.000 1.102 
479.000 1.249 
480.000 1.372 
481.000 1.457 
482.000 1.486 
483.000 1.433 
484.000 1.260 
485.000 0.945 
486.000 0.793 
487.000 0.828 
488.000 0.974 
489.000 1.203 
490.000 1.500 
491.000 1.845 
492.000 2.219 
493.000 2.605 
494.000 2.987 
495.000 3.352 
496.000 3.690 
497.000 3.990 
498.000 4.246 
499.000 4.451 
500.000 4.602 
501.000 4.698 
502.000 4.740 
503.000 4.731 
504.000 4.675 
505.000 4.580 
506.000 4.453 
507.000 4.303 
508.000 4.139 
509.000 3.971 
510.000 3.807 
511.000 3.654 
512.000 3.517 
513.000 3.401 
514.000 3.308 
515.000 3.239 
516.000 3.194 
517.000 3.172 
518.000 3.170 
519.000 3.187 
520.000 3.218 
521.000 3.262 
522.000 3.313 
523.000 3.370 
524.000 3.429 
525.000 3.487 
526.000 3.542 
527.000 3.593 
528.000 3.637 
529.000 3.673 
530.000 3.701 
531.000 3.721 
532.000 3.732 
533.000 3.736 
534.000 3.732 
535.000 3.722 
536.000 3.707 
537.000 3.689 
538.000 3.668 
539.000 3.645 
540.000 3.622 
541.000 3.600 
542.000 3.580 
543.000 3.562 
544.000 3.547 
545.000 3.535 
546.000 3.526 
547.000 3.520 
548.000 3.518 
549.000 3.518 
550.000 3.521 
551.000 3.526 
552.000 3.532 
553.000 3.540 
554.000 3.548 
555.000 3.556 
556.000 3.564 
557.000 3.572 
558.000 3.579 
559.000 3.585 
560.000 3.590 
561.000 3.594 
562.000 3.596 
563.000 3.598 
564.000 3.598 
565.000 3.597 
566.000 3.596 
567.000 3.594 
568.000 3.591 
569.000 3.588 
570.000 3.585 
571.000 3.582 
572.000 3.579 
573.000 3.576 
574.000 3.573 
575.000 3.571 
576.000 3.570 
577.000 3.569 
578.000 3.568 
579.000 3.568 
580.000 3.568 
581.000 3.568 
582.000 3.569 
583.000 3.570 
584.000 3.571 
585.000 3.572 
586.000 3.573 
587.000 3.575 
588.000 3.576 
589.000 3.577 
590.000 3.577 
591.000 3.578 
592.000 3.579 
593.000 3.579 
594.000 3.579 
595.000 3.579 
596.000 3.579 
597.000 3.579 
598.000 3.578 
599.000 3.578 
600.000 3.578 
601.000 3.577 
602.000 3.577 
603.000 3.576 
604.000 3.576 
605.000 3.576 
606.000 3.631 
607.000 3.742 
608.000 3.890 
609.000 4.058 
610.000 4.234 
611.000 4.409 
612.000 4.577 
613.000 4.734 
614.000 4.876 
615.000 5.004 
616.000 5.117 
617.000 5.214 
618.000 5.297 
619.000 5.367 
620.000 5.425 
621.000 5.472 
622.000 5.510 
623.000 5.540 
624.000 5.563 
625.000 5.581 
626.000 5.594 
627.000 5.603 
628.000 5.609 
629.000 5.613 
630.000 5.615 
631.000 5.616 
632.000 5.615 
633.000 5.614 
634.000 5.613 
635.000 5.611 
636.000 5.609 
637.000 5.607 
638.000 5.606 
639.000 5.604 
640.000 5.602 
641.000 5.601 
642.000 5.600 
643.000 5.599 
644.000 5.598 
645.000 5.597 
646.000 5.596 
647.000 5.596 
648.000 5.595 
649.000 5.595 
650.000 5.595 
651.000 5.594 
652.000 5.594 
653.000 5.594 
654.000 5.594 
655.000 5.594 
656.000 5.594 
657.000 5.594 
658.000 5.594 
659.000 5.594 
660.000 5.594 
661.000 5.594 
662.000 5.594 
663.000 5.594 
664.000 5.594 
665.000 5.594 
666.000 5.594 
667.000 5.594 
668.000 5.594 
669.000 5.594 
670.000 5.594 
671.000 5.594 
672.000 5.594 
673.000 5.594 
674.000 5.594 
675.000 5.594 
676.000 5.594 
677.000 5.594 
678.000 5.594 
679.000 5.594 
680.000 5.594 
681.000 5.594 
682.000 5.594 
683.000 5.594 
684.000 5.594 
685.000 5.594 
686.000 5.594 
687.000 5.594 
688.000 5.594 
689.000 5.594 
690.000 5.594 
691.000 5.594 
692.000 5.594 
693.000 5.594 
694.000 5.594 
695.000 5.594 
696.000 5.594 
697.000 5.594 
698.000 5.594 
699.000 5.594 
700.000 5.594 
701.000 5.594 
702.000 5.594 
703.000 5.594 
704.000 5.594 
705.000 5.594 
706.000 5.594 
707.000 5.594 
708.000 5.594 
709.000 5.594 
710.000 5.594 
711.000 5.594 
712.000 5.594 
713.000 5.594 
714.000 5.594 
715.000 5.594 
716.000 5.594 
717.000 5.594 
718.000 5.594 
719.000 5.594 
720.000 5.594 
721.000 5.594 
722.000 5.594 
723.000 5.594 
724.000 5.594 
725.000 5.594 
726.000 5.594 
727.000 5.594 
728.000 5.594 
729.000 5.594 
730.000 5.594 
731.000 5.594 
732.000 5.594 
733.000 5.594 
734.000 5.594 
735.000 5.594 
736.000 5.594 
737.000 5.594 
738.000 5.594 
739.000 5.594 
740.000 5.594 
741.000 5.594 
742.000 5.594 
743.000 5.594 
744.000 5.594 
745.000 5.594 
746.000 5.594 
747.000 5.594 
748.000 5.594 
749.000 5.594 
750.000 5.594 
751.000 5.594 
752.000 5.594 
753.000 5.594 
754.000 5.594 
755.000 5.594 
756.000 5.594 
757.000 5.594 
758.000 5.594 
759.000 5.594 
760.000 5.594 
761.000 5.594 
762.000 5.594 
763.000 5.594 
764.000 5.594 
765.000 5.594 
766.000 5.594 
767.000 5.594 
768.000 5.594 
769.000 5.594 
770.000 5.594 
771.000 5.594 
772.000 5.594 
773.000 5.594 
774.000 5.594 
775.000 5.594 
776.000 5.594 
777.000 5.594 
778.000 5.594 
779.000 5.594 
780.000 5.594 
781.000 5.594 
782.000 5.594 
783.000 5.594 
784.000 5.594 
785.000 5.594 
786.000 5.594 
787.000 5.594 
788.000 5.594 
789.000 5.594 
790.000 5.594 
791.000 5.594 
792.000 5.594 
793.000 5.594 
794.000 5.594 
795.000 5.594 
796.000 5.594 
797.000 5.594 
798.000 5.594 
799.000 5.594 
800.000 5.594 
