1.000 0.000 
2.000 0.000 
3.000 0.000 
4.000 0.000 
5.000 0.000 
6.000 0.000 
7.000 0.000 
8.000 0.000 
9.000 0.000 
10.000 0.000 
11.000 0.000 
12.000 -0.004 
13.000 -0.013 
14.000 -0.021 
15.000 -0.027 
16.000 -0.032 
17.000 -0.034 
18.000 -0.036 
19.000 -0.036 
20.000 -0.035 
21.000 -0.034 
22.000 -0.033 
23.000 -0.032 
24.000 -0.032 
25.000 -0.031 
26.000 -0.031 
27.000 -0.031 
28.000 -0.031 
29.000 -0.031 
30.000 -0.032 
31.000 -0.032 
32.000 -0.032 
33.000 -0.032 
34.000 -0.032 
35.000 -0.033 
36.000 -0.033 
37.000 -0.033 
38.000 -0.033 
39.000 -0.033 
40.000 -0.033 
41.000 -0.033 
42.000 -0.033 
43.000 -0.033 
44.000 -0.033 
45.000 -0.033 
46.000 -0.034 
47.000 -0.034 
48.000 -0.034 
49.000 -0.034 
50.000 -0.034 
51.000 -0.034 
52.000 -0.034 
53.000 -0.034 
54.000 -0.034 
55.000 -0.034 
56.000 -0.035 
57.000 -0.035 
58.000 -0.035 
59.000 -0.035 
60.000 -0.035 
61.000 -0.035 
62.000 -0.035 
63.000 -0.035 
64.000 -0.035 
65.000 -0.035 
66.000 -0.035 
67.000 -0.036 
68.000 -0.036 
69.000 -0.036 
70.000 -0.036 
71.000 -0.036 
72.000 -0.036 
73.000 -0.036 
74.000 -0.036 
75.000 -0.036 
76.000 -0.036 
77.000 -0.037 
78.000 -0.037 
79.000 -0.037 
80.000 -0.037 
81.000 -0.037 
82.000 -0.037 
83.000 -0.037 
84.000 -0.037 
85.000 -0.037 
86.000 -0.037 
87.000 -0.037 
88.000 -0.038 
89.000 -0.038 
90.000 -0.038 
91.000 -0.038 
92.000 -0.038 
93.000 -0.038 
94.000 -0.038 
95.000 -0.038 
96.000 -0.038 
97.000 -0.038 
98.000 -0.038 
99.000 -0.039 
100.000 -0.039 
101.000 -0.039 
102.000 -0.039 
103.000 -0.039 
104.000 -0.039 
105.000 -0.039 
106.000 -0.039 
107.000 -0.039 
108.000 -0.039 
109.000 -0.039 
110.000 -0.039 
111.000 -0.040 
112.000 -0.040 
113.000 -0.040 
114.000 -0.040 
115.000 -0.040 
116.000 -0.040 
117.000 -0.040 
118.000 -0.040 
119.000 -0.040 
120.000 -0.040 
121.000 -0.040 
122.000 -0.041 
123.000 -0.041 
124.000 -0.041 
125.000 -0.041 
126.000 -0.040 
127.000 -0.037 
128.000 -0.034 
129.000 -0.032 
130.000 -0.030 
131.000 -0.029 
132.000 -0.028 
133.000 -0.028 
134.000 -0.029 
135.000 -0.029 
136.000 -0.030 
137.000 -0.030 
138.000 -0.031 
139.000 -0.031 
140.000 -0.031 
141.000 -0.031 
142.000 -0.031 
143.000 -0.031 
144.000 -0.031 
145.000 -0.031 
146.000 -0.031 
147.000 -0.031 
148.000 -0.031 
149.000 -0.031 
150.000 -0.031 
151.000 -0.031 
152.000 -0.031 
153.000 -0.031 
154.000 -0.031 
155.000 -0.031 
156.000 -0.031 
157.000 -0.031 
158.000 -0.032 
159.000 -0.032 
160.000 -0.032 
161.000 -0.032 
162.000 -0.032 
163.000 -0.032 
164.000 -0.032 
165.000 -0.032 
166.000 -0.032 
167.000 -0.032 
168.000 -0.032 
169.000 -0.032 
170.000 -0.032 
171.000 -0.032 
172.000 -0.032 
173.000 -0.032 
174.000 -0.032 
175.000 -0.032 
176.000 -0.032 
177.000 -0.032 
178.000 -0.032 
179.000 -0.032 
180.000 -0.033 
181.000 -0.033 
182.000 -0.033 
183.000 -0.033 
184.000 -0.033 
185.000 -0.033 
186.000 -0.033 
187.000 -0.033 
188.000 -0.033 
189.000 -0.033 
190.000 -0.033 
191.000 -0.033 
192.000 -0.033 
193.000 -0.033 
194.000 -0.033 
195.000 -0.033 
196.000 -0.033 
197.000 -0.033 
198.000 -0.033 
199.000 -0.033 
200.000 -0.033 
201.000 -0.033 
202.000 -0.033 
203.000 -0.034 
204.000 -0.034 
205.000 -0.034 
206.000 -0.034 
207.000 -0.034 
208.000 -0.034 
209.000 -0.034 
210.000 -0.034 
211.000 -0.034 
212.000 -0.034 
213.000 -0.034 
214.000 -0.034 
215.000 -0.034 
216.000 -0.034 
217.000 -0.034 
218.000 -0.034 
219.000 -0.034 
220.000 -0.034 
221.000 -0.034 
222.000 -0.034 
223.000 -0.034 
224.000 -0.034 
225.000 -0.034 
226.000 -0.034 
227.000 -0.035 
228.000 -0.035 
229.000 -0.035 
230.000 -0.035 
231.000 -0.035 
232.000 -0.035 
233.000 -0.035 
234.000 -0.035 
235.000 -0.035 
236.000 -0.035 
237.000 -0.035 
238.000 -0.035 
239.000 -0.035 
240.000 -0.035 
241.000 -0.035 
242.000 -0.035 
243.000 -0.035 
244.000 -0.035 
245.000 -0.035 
246.000 -0.026 
247.000 -0.004 
248.000 0.021 
249.000 0.043 
250.000 0.061 
251.000 0.073 
252.000 0.076 
253.000 0.073 
254.000 0.066 
255.000 0.057 
256.000 0.049 
257.000 0.043 
258.000 0.040 
259.000 0.039 
260.000 0.040 
261.000 0.043 
262.000 0.047 
263.000 0.051 
264.000 0.054 
265.000 0.056 
266.000 0.057 
267.000 0.058 
268.000 0.057 
269.000 0.056 
270.000 0.055 
271.000 0.055 
272.000 0.054 
273.000 0.055 
274.000 0.055 
275.000 0.056 
276.000 0.057 
277.000 0.059 
278.000 0.060 
279.000 0.061 
280.000 0.061 
281.000 0.062 
282.000 0.062 
283.000 0.063 
284.000 0.063 
285.000 0.063 
286.000 0.063 
287.000 0.064 
288.000 0.065 
289.000 0.065 
290.000 0.066 
291.000 0.067 
292.000 0.068 
293.000 0.068 
294.000 0.069 
295.000 0.069 
296.000 0.070 
297.000 0.071 
298.000 0.071 
299.000 0.072 
300.000 0.072 
301.000 0.073 
302.000 0.073 
303.000 0.074 
304.000 0.075 
305.000 0.075 
306.000 0.076 
307.000 0.077 
308.000 0.077 
309.000 0.078 
310.000 0.079 
311.000 0.079 
312.000 0.080 
313.000 0.080 
314.000 0.081 
315.000 0.082 
316.000 0.082 
317.000 0.083 
318.000 0.084 
319.000 0.084 
320.000 0.085 
321.000 0.086 
322.000 0.086 
323.000 0.087 
324.000 0.088 
325.000 0.088 
326.000 0.089 
327.000 0.090 
328.000 0.090 
329.000 0.091 
330.000 0.092 
331.000 0.092 
332.000 0.093 
333.000 0.094 
334.000 0.094 
335.000 0.095 
336.000 0.096 
337.000 0.096 
338.000 0.097 
339.000 0.098 
340.000 0.098 
341.000 0.099 
342.000 0.100 
343.000 0.100 
344.000 0.101 
345.000 0.102 
346.000 0.102 
347.000 0.103 
348.000 0.104 
349.000 0.105 
350.000 0.105 
351.000 0.106 
352.000 0.107 
353.000 0.107 
354.000 0.108 
355.000 0.109 
356.000 0.109 
357.000 0.110 
358.000 0.111 
359.000 0.111 
360.000 0.112 
361.000 0.113 
362.000 0.114 
363.000 0.114 
364.000 0.115 
365.000 0.116 
366.000 0.167 
367.000 0.337 
368.000 0.640 
369.000 1.039 
370.000 1.490 
371.000 1.925 
372.000 1.671 
373.000 1.309 
374.000 0.862 
375.000 0.499 
376.000 0.256 
377.000 0.100 
378.000 0.005 
379.000 -0.044 
380.000 -0.041 
381.000 0.045 
382.000 0.266 
383.000 0.618 
384.000 1.051 
385.000 1.527 
386.000 1.981 
387.000 1.577 
388.000 1.150 
389.000 0.727 
390.000 0.405 
391.000 0.197 
392.000 0.063 
393.000 -0.017 
394.000 -0.049 
395.000 -0.019 
396.000 0.116 
397.000 0.390 
398.000 0.777 
399.000 1.229 
400.000 1.712 
401.000 2.055 
402.000 1.440 
403.000 0.899 
404.000 0.517 
405.000 0.264 
406.000 0.109 
407.000 0.007 
408.000 -0.047 
409.000 -0.047 
410.000 0.040 
411.000 0.265 
412.000 0.622 
413.000 1.058 
414.000 1.536 
415.000 2.020 
416.000 1.708 
417.000 1.322 
418.000 0.859 
419.000 0.492 
420.000 0.251 
421.000 0.095 
422.000 0.002 
423.000 -0.045 
424.000 -0.034 
425.000 0.070 
426.000 0.315 
427.000 0.684 
428.000 1.128 
429.000 1.608 
430.000 2.069 
431.000 1.621 
432.000 1.161 
433.000 0.728 
434.000 0.403 
435.000 0.196 
436.000 0.061 
437.000 -0.019 
438.000 -0.049 
439.000 -0.012 
440.000 0.140 
441.000 0.430 
442.000 0.826 
443.000 1.284 
444.000 1.768 
445.000 2.127 
446.000 1.478 
447.000 0.912 
448.000 0.520 
449.000 0.264 
450.000 0.109 
451.000 0.006 
452.000 -0.048 
453.000 -0.044 
454.000 0.056 
455.000 0.296 
456.000 0.664 
457.000 1.106 
458.000 1.586 
459.000 2.075 
460.000 1.786 
461.000 1.404 
462.000 0.919 
463.000 0.530 
464.000 0.274 
465.000 0.109 
466.000 0.009 
467.000 -0.042 
468.000 -0.036 
469.000 0.065 
470.000 0.308 
471.000 0.675 
472.000 1.118 
473.000 1.598 
474.000 2.086 
475.000 1.820 
476.000 1.447 
477.000 0.952 
478.000 0.552 
479.000 0.287 
480.000 0.117 
481.000 0.014 
482.000 -0.041 
483.000 -0.038 
484.000 0.057 
485.000 0.294 
486.000 0.659 
487.000 1.100 
488.000 1.579 
489.000 2.067 
490.000 2.544 
491.000 2.995 
492.000 3.410 
493.000 3.710 
494.000 3.295 
495.000 2.836 
496.000 1.853 
497.000 1.074 
498.000 0.594 
499.000 0.262 
500.000 0.121 
501.000 0.193 
502.000 0.445 
503.000 0.814 
504.000 1.252 
505.000 1.724 
506.000 2.202 
507.000 2.666 
508.000 3.103 
509.000 3.505 
510.000 3.868 
511.000 3.984 
512.000 3.423 
513.000 2.788 
514.000 1.883 
515.000 1.154 
516.000 0.648 
517.000 0.324 
518.000 0.204 
519.000 0.298 
520.000 0.562 
521.000 0.935 
522.000 1.372 
523.000 1.838 
524.000 2.307 
525.000 2.762 
526.000 3.189 
527.000 3.580 
528.000 3.932 
529.000 4.226 
530.000 4.210 
531.000 3.649 
532.000 2.866 
533.000 2.002 
534.000 1.273 
535.000 0.740 
536.000 0.382 
537.000 0.219 
538.000 0.277 
539.000 0.515 
540.000 0.872 
541.000 1.300 
542.000 1.763 
543.000 2.232 
544.000 2.690 
545.000 3.121 
546.000 3.519 
547.000 3.877 
548.000 4.195 
549.000 4.471 
550.000 4.543 
551.000 4.165 
552.000 3.383 
553.000 2.443 
554.000 1.587 
555.000 0.940 
556.000 0.494 
557.000 0.227 
558.000 0.180 
559.000 0.344 
560.000 0.654 
561.000 1.058 
562.000 1.511 
563.000 1.984 
564.000 2.453 
565.000 2.901 
566.000 3.319 
567.000 3.699 
568.000 4.039 
569.000 4.337 
570.000 4.595 
571.000 4.778 
572.000 4.763 
573.000 4.436 
574.000 3.701 
575.000 2.696 
576.000 1.741 
577.000 1.023 
578.000 0.535 
579.000 0.227 
580.000 0.130 
581.000 0.252 
582.000 0.537 
583.000 0.927 
584.000 1.376 
585.000 1.850 
586.000 2.325 
587.000 2.782 
588.000 3.211 
589.000 3.602 
590.000 3.954 
591.000 4.264 
592.000 4.532 
593.000 4.762 
594.000 4.955 
595.000 5.070 
596.000 5.038 
597.000 4.822 
598.000 4.401 
599.000 3.715 
600.000 2.870 
601.000 2.025 
602.000 1.304 
603.000 0.770 
604.000 0.423 
605.000 0.303 
606.000 0.406 
607.000 0.671 
608.000 1.042 
609.000 1.473 
610.000 1.931 
611.000 2.392 
612.000 2.837 
613.000 3.254 
614.000 3.636 
615.000 3.980 
616.000 4.283 
617.000 4.546 
618.000 4.772 
619.000 4.962 
620.000 5.120 
621.000 5.249 
622.000 5.354 
623.000 5.437 
624.000 5.502 
625.000 5.551 
626.000 5.587 
627.000 5.613 
628.000 5.631 
629.000 5.642 
630.000 5.648 
631.000 5.651 
632.000 5.650 
633.000 5.648 
634.000 5.644 
635.000 5.640 
636.000 5.635 
637.000 5.630 
638.000 5.625 
639.000 5.621 
640.000 5.616 
641.000 5.613 
642.000 5.609 
643.000 5.606 
644.000 5.604 
645.000 5.602 
646.000 5.600 
647.000 5.598 
648.000 5.597 
649.000 5.596 
650.000 5.595 
651.000 5.595 
652.000 5.594 
653.000 5.594 
654.000 5.594 
655.000 5.594 
656.000 5.594 
657.000 5.594 
658.000 5.594 
659.000 5.594 
660.000 5.594 
661.000 5.594 
662.000 5.594 
663.000 5.594 
664.000 5.594 
665.000 5.594 
666.000 5.594 
667.000 5.594 
668.000 5.594 
669.000 5.594 
670.000 5.594 
671.000 5.594 
672.000 5.594 
673.000 5.594 
674.000 5.594 
675.000 5.594 
676.000 5.594 
677.000 5.594 
678.000 5.594 
679.000 5.594 
680.000 5.594 
681.000 5.594 
682.000 5.594 
683.000 5.594 
684.000 5.594 
685.000 5.594 
686.000 5.594 
687.000 5.594 
688.000 5.594 
689.000 5.594 
690.000 5.594 
691.000 5.594 
692.000 5.594 
693.000 5.594 
694.000 5.594 
695.000 5.594 
696.000 5.594 
697.000 5.594 
698.000 5.594 
699.000 5.594 
700.000 5.594 
701.000 5.594 
702.000 5.594 
703.000 5.594 
704.000 5.594 
705.000 5.594 
706.000 5.594 
707.000 5.594 
708.000 5.594 
709.000 5.594 
710.000 5.594 
711.000 5.594 
712.000 5.594 
713.000 5.594 
714.000 5.594 
715.000 5.594 
716.000 5.594 
717.000 5.594 
718.000 5.594 
719.000 5.594 
720.000 5.594 
721.000 5.594 
722.000 5.594 
723.000 5.594 
724.000 5.594 
725.000 5.594 
726.000 5.594 
727.000 5.594 
728.000 5.594 
729.000 5.594 
730.000 5.594 
731.000 5.594 
732.000 5.594 
733.000 5.594 
734.000 5.594 
735.000 5.594 
736.000 5.594 
737.000 5.594 
738.000 5.594 
739.000 5.594 
740.000 5.594 
741.000 5.594 
742.000 5.594 
743.000 5.594 
744.000 5.594 
745.000 5.594 
746.000 5.594 
747.000 5.594 
748.000 5.594 
749.000 5.594 
750.000 5.594 
751.000 5.594 
752.000 5.594 
753.000 5.594 
754.000 5.594 
755.000 5.594 
756.000 5.594 
757.000 5.594 
758.000 5.594 
759.000 5.594 
760.000 5.594 
761.000 5.594 
762.000 5.594 
763.000 5.594 
764.000 5.594 
765.000 5.594 
766.000 5.594 
767.000 5.594 
768.000 5.594 
769.000 5.594 
770.000 5.594 
771.000 5.594 
772.000 5.594 
773.000 5.594 
774.000 5.594 
775.000 5.594 
776.000 5.594 
777.000 5.594 
778.000 5.594 
779.000 5.594 
780.000 5.594 
781.000 5.594 
782.000 5.594 
783.000 5.594 
784.000 5.594 
785.000 5.594 
786.000 5.594 
787.000 5.594 
788.000 5.594 
789.000 5.594 
790.000 5.594 
791.000 5.594 
792.000 5.594 
793.000 5.594 
794.000 5.594 
795.000 5.594 
796.000 5.594 
797.000 5.594 
798.000 5.594 
799.000 5.594 
800.000 5.594 
