1.000 0.000 
2.000 0.000 
3.000 0.000 
4.000 0.000 
5.000 0.000 
6.000 0.000 
7.000 0.000 
8.000 0.000 
9.000 0.000 
10.000 0.000 
11.000 0.000 
12.000 -0.014 
13.000 -0.034 
14.000 -0.042 
15.000 -0.045 
16.000 -0.045 
17.000 -0.043 
18.000 -0.039 
19.000 -0.034 
20.000 -0.031 
21.000 -0.030 
22.000 -0.030 
23.000 -0.031 
24.000 -0.032 
25.000 -0.034 
26.000 -0.035 
27.000 -0.035 
28.000 -0.036 
29.000 -0.035 
30.000 -0.035 
31.000 -0.035 
32.000 -0.035 
33.000 -0.034 
34.000 -0.034 
35.000 -0.035 
36.000 -0.035 
37.000 -0.035 
38.000 -0.035 
39.000 -0.035 
40.000 -0.036 
41.000 -0.036 
42.000 -0.036 
43.000 -0.036 
44.000 -0.036 
45.000 -0.036 
46.000 -0.036 
47.000 -0.036 
48.000 -0.036 
49.000 -0.036 
50.000 -0.036 
51.000 -0.036 
52.000 -0.036 
53.000 -0.037 
54.000 -0.037 
55.000 -0.037 
56.000 -0.037 
57.000 -0.037 
58.000 -0.037 
59.000 -0.037 
60.000 -0.037 
61.000 -0.037 
62.000 -0.037 
63.000 -0.037 
64.000 -0.037 
65.000 -0.038 
66.000 -0.038 
67.000 -0.038 
68.000 -0.038 
69.000 -0.038 
70.000 -0.038 
71.000 -0.038 
72.000 -0.038 
73.000 -0.038 
74.000 -0.038 
75.000 -0.038 
76.000 -0.038 
77.000 -0.038 
78.000 -0.039 
79.000 -0.039 
80.000 -0.039 
81.000 -0.039 
82.000 -0.039 
83.000 -0.039 
84.000 -0.039 
85.000 -0.039 
86.000 -0.039 
87.000 -0.039 
88.000 -0.039 
89.000 -0.039 
90.000 -0.040 
91.000 -0.040 
92.000 -0.040 
93.000 -0.040 
94.000 -0.040 
95.000 -0.040 
96.000 -0.040 
97.000 -0.040 
98.000 -0.040 
99.000 -0.040 
100.000 -0.040 
101.000 -0.040 
102.000 -0.040 
103.000 -0.041 
104.000 -0.041 
105.000 -0.041 
106.000 -0.041 
107.000 -0.041 
108.000 -0.041 
109.000 -0.041 
110.000 -0.041 
111.000 -0.041 
112.000 -0.041 
113.000 -0.041 
114.000 -0.041 
115.000 -0.041 
116.000 -0.042 
117.000 -0.042 
118.000 -0.042 
119.000 -0.042 
120.000 -0.042 
121.000 -0.042 
122.000 -0.042 
123.000 -0.042 
124.000 -0.042 
125.000 -0.042 
126.000 -0.037 
127.000 -0.030 
128.000 -0.027 
129.000 -0.026 
130.000 -0.026 
131.000 -0.027 
132.000 -0.028 
133.000 -0.030 
134.000 -0.032 
135.000 -0.032 
136.000 -0.032 
137.000 -0.032 
138.000 -0.032 
139.000 -0.031 
140.000 -0.031 
141.000 -0.031 
142.000 -0.031 
143.000 -0.031 
144.000 -0.031 
145.000 -0.031 
146.000 -0.031 
147.000 -0.031 
148.000 -0.032 
149.000 -0.032 
150.000 -0.032 
151.000 -0.032 
152.000 -0.032 
153.000 -0.032 
154.000 -0.032 
155.000 -0.032 
156.000 -0.032 
157.000 -0.032 
158.000 -0.032 
159.000 -0.032 
160.000 -0.032 
161.000 -0.032 
162.000 -0.032 
163.000 -0.032 
164.000 -0.032 
165.000 -0.032 
166.000 -0.032 
167.000 -0.032 
168.000 -0.032 
169.000 -0.032 
170.000 -0.032 
171.000 -0.032 
172.000 -0.032 
173.000 -0.032 
174.000 -0.032 
175.000 -0.032 
176.000 -0.032 
177.000 -0.033 
178.000 -0.033 
179.000 -0.033 
180.000 -0.033 
181.000 -0.033 
182.000 -0.033 
183.000 -0.033 
184.000 -0.033 
185.000 -0.033 
186.000 -0.033 
187.000 -0.033 
188.000 -0.033 
189.000 -0.033 
190.000 -0.033 
191.000 -0.033 
192.000 -0.033 
193.000 -0.033 
194.000 -0.033 
195.000 -0.033 
196.000 -0.033 
197.000 -0.033 
198.000 -0.033 
199.000 -0.033 
200.000 -0.033 
201.000 -0.033 
202.000 -0.034 
203.000 -0.034 
204.000 -0.034 
205.000 -0.034 
206.000 -0.034 
207.000 -0.034 
208.000 -0.034 
209.000 -0.034 
210.000 -0.034 
211.000 -0.034 
212.000 -0.034 
213.000 -0.034 
214.000 -0.034 
215.000 -0.034 
216.000 -0.034 
217.000 -0.034 
218.000 -0.034 
219.000 -0.034 
220.000 -0.034 
221.000 -0.034 
222.000 -0.034 
223.000 -0.034 
224.000 -0.034 
225.000 -0.034 
226.000 -0.034 
227.000 -0.034 
228.000 -0.035 
229.000 -0.035 
230.000 -0.035 
231.000 -0.035 
232.000 -0.035 
233.000 -0.035 
234.000 -0.035 
235.000 -0.035 
236.000 -0.035 
237.000 -0.035 
238.000 -0.035 
239.000 -0.035 
240.000 -0.035 
241.000 -0.035 
242.000 -0.035 
243.000 -0.035 
244.000 -0.035 
245.000 -0.035 
246.000 0.014 
247.000 0.041 
248.000 0.048 
249.000 0.055 
250.000 0.061 
251.000 0.057 
252.000 0.049 
253.000 0.044 
254.000 0.041 
255.000 0.039 
256.000 0.039 
257.000 0.041 
258.000 0.044 
259.000 0.047 
260.000 0.049 
261.000 0.050 
262.000 0.051 
263.000 0.051 
264.000 0.050 
265.000 0.050 
266.000 0.049 
267.000 0.049 
268.000 0.050 
269.000 0.050 
270.000 0.051 
271.000 0.051 
272.000 0.052 
273.000 0.053 
274.000 0.053 
275.000 0.053 
276.000 0.054 
277.000 0.054 
278.000 0.054 
279.000 0.054 
280.000 0.055 
281.000 0.055 
282.000 0.056 
283.000 0.056 
284.000 0.056 
285.000 0.057 
286.000 0.057 
287.000 0.058 
288.000 0.058 
289.000 0.058 
290.000 0.059 
291.000 0.059 
292.000 0.059 
293.000 0.060 
294.000 0.060 
295.000 0.061 
296.000 0.061 
297.000 0.061 
298.000 0.062 
299.000 0.062 
300.000 0.063 
301.000 0.063 
302.000 0.063 
303.000 0.064 
304.000 0.064 
305.000 0.065 
306.000 0.065 
307.000 0.066 
308.000 0.066 
309.000 0.066 
310.000 0.067 
311.000 0.067 
312.000 0.068 
313.000 0.068 
314.000 0.068 
315.000 0.069 
316.000 0.069 
317.000 0.070 
318.000 0.070 
319.000 0.071 
320.000 0.071 
321.000 0.071 
322.000 0.072 
323.000 0.072 
324.000 0.073 
325.000 0.073 
326.000 0.074 
327.000 0.074 
328.000 0.075 
329.000 0.075 
330.000 0.075 
331.000 0.076 
332.000 0.076 
333.000 0.077 
334.000 0.077 
335.000 0.078 
336.000 0.078 
337.000 0.079 
338.000 0.079 
339.000 0.080 
340.000 0.080 
341.000 0.080 
342.000 0.081 
343.000 0.081 
344.000 0.082 
345.000 0.082 
346.000 0.083 
347.000 0.083 
348.000 0.084 
349.000 0.084 
350.000 0.085 
351.000 0.085 
352.000 0.086 
353.000 0.086 
354.000 0.087 
355.000 0.087 
356.000 0.088 
357.000 0.088 
358.000 0.089 
359.000 0.089 
360.000 0.090 
361.000 0.090 
362.000 0.091 
363.000 0.091 
364.000 0.092 
365.000 0.092 
366.000 0.192 
367.000 0.292 
368.000 0.374 
369.000 0.435 
370.000 0.481 
371.000 0.492 
372.000 0.470 
373.000 0.430 
374.000 0.384 
375.000 0.340 
376.000 0.308 
377.000 0.294 
378.000 0.300 
379.000 0.321 
380.000 0.352 
381.000 0.389 
382.000 0.423 
383.000 0.451 
384.000 0.469 
385.000 0.476 
386.000 0.471 
387.000 0.459 
388.000 0.443 
389.000 0.427 
390.000 0.415 
391.000 0.410 
392.000 0.413 
393.000 0.424 
394.000 0.441 
395.000 0.461 
396.000 0.481 
397.000 0.499 
398.000 0.513 
399.000 0.521 
400.000 0.524 
401.000 0.521 
402.000 0.515 
403.000 0.507 
404.000 0.501 
405.000 0.497 
406.000 0.498 
407.000 0.504 
408.000 0.514 
409.000 0.528 
410.000 0.544 
411.000 0.560 
412.000 0.575 
413.000 0.586 
414.000 0.592 
415.000 0.595 
416.000 0.593 
417.000 0.589 
418.000 0.583 
419.000 0.578 
420.000 0.576 
421.000 0.577 
422.000 0.582 
423.000 0.592 
424.000 0.605 
425.000 0.620 
426.000 0.637 
427.000 0.652 
428.000 0.664 
429.000 0.672 
430.000 0.676 
431.000 0.675 
432.000 0.669 
433.000 0.662 
434.000 0.653 
435.000 0.647 
436.000 0.643 
437.000 0.644 
438.000 0.651 
439.000 0.664 
440.000 0.681 
441.000 0.701 
442.000 0.721 
443.000 0.740 
444.000 0.755 
445.000 0.764 
446.000 0.766 
447.000 0.760 
448.000 0.747 
449.000 0.730 
450.000 0.711 
451.000 0.694 
452.000 0.681 
453.000 0.677 
454.000 0.683 
455.000 0.700 
456.000 0.725 
457.000 0.758 
458.000 0.794 
459.000 0.828 
460.000 0.858 
461.000 0.878 
462.000 0.884 
463.000 0.875 
464.000 0.849 
465.000 0.808 
466.000 0.758 
467.000 0.704 
468.000 0.657 
469.000 0.624 
470.000 0.613 
471.000 0.628 
472.000 0.669 
473.000 0.731 
474.000 0.809 
475.000 0.893 
476.000 0.974 
477.000 1.044 
478.000 1.093 
479.000 1.111 
480.000 1.089 
481.000 1.018 
482.000 0.896 
483.000 0.733 
484.000 0.556 
485.000 0.399 
486.000 0.390 
487.000 0.546 
488.000 0.798 
489.000 1.121 
490.000 1.495 
491.000 1.900 
492.000 2.318 
493.000 2.733 
494.000 3.130 
495.000 3.499 
496.000 3.830 
497.000 4.115 
498.000 4.348 
499.000 4.526 
500.000 4.647 
501.000 4.713 
502.000 4.726 
503.000 4.690 
504.000 4.613 
505.000 4.501 
506.000 4.364 
507.000 4.210 
508.000 4.048 
509.000 3.887 
510.000 3.734 
511.000 3.595 
512.000 3.474 
513.000 3.374 
514.000 3.297 
515.000 3.242 
516.000 3.210 
517.000 3.198 
518.000 3.204 
519.000 3.225 
520.000 3.258 
521.000 3.301 
522.000 3.350 
523.000 3.402 
524.000 3.456 
525.000 3.507 
526.000 3.555 
527.000 3.598 
528.000 3.635 
529.000 3.665 
530.000 3.688 
531.000 3.703 
532.000 3.711 
533.000 3.712 
534.000 3.708 
535.000 3.699 
536.000 3.685 
537.000 3.669 
538.000 3.651 
539.000 3.632 
540.000 3.613 
541.000 3.595 
542.000 3.579 
543.000 3.565 
544.000 3.553 
545.000 3.543 
546.000 3.536 
547.000 3.532 
548.000 3.530 
549.000 3.530 
550.000 3.533 
551.000 3.537 
552.000 3.542 
553.000 3.547 
554.000 3.554 
555.000 3.560 
556.000 3.566 
557.000 3.572 
558.000 3.578 
559.000 3.582 
560.000 3.586 
561.000 3.589 
562.000 3.591 
563.000 3.592 
564.000 3.592 
565.000 3.592 
566.000 3.591 
567.000 3.589 
568.000 3.587 
569.000 3.585 
570.000 3.583 
571.000 3.581 
572.000 3.579 
573.000 3.577 
574.000 3.575 
575.000 3.573 
576.000 3.572 
577.000 3.571 
578.000 3.571 
579.000 3.570 
580.000 3.570 
581.000 3.571 
582.000 3.571 
583.000 3.572 
584.000 3.572 
585.000 3.573 
586.000 3.574 
587.000 3.575 
588.000 3.575 
589.000 3.576 
590.000 3.577 
591.000 3.577 
592.000 3.577 
593.000 3.578 
594.000 3.578 
595.000 3.578 
596.000 3.578 
597.000 3.578 
598.000 3.578 
599.000 3.577 
600.000 3.577 
601.000 3.577 
602.000 3.577 
603.000 3.576 
604.000 3.576 
605.000 3.576 
606.000 3.631 
607.000 3.743 
608.000 3.891 
609.000 4.059 
610.000 4.234 
611.000 4.409 
612.000 4.577 
613.000 4.734 
614.000 4.877 
615.000 5.004 
616.000 5.117 
617.000 5.214 
618.000 5.297 
619.000 5.367 
620.000 5.425 
621.000 5.472 
622.000 5.510 
623.000 5.540 
624.000 5.563 
625.000 5.581 
626.000 5.594 
627.000 5.603 
628.000 5.609 
629.000 5.613 
630.000 5.615 
631.000 5.616 
632.000 5.615 
633.000 5.614 
634.000 5.613 
635.000 5.611 
636.000 5.609 
637.000 5.607 
638.000 5.606 
639.000 5.604 
640.000 5.602 
641.000 5.601 
642.000 5.600 
643.000 5.599 
644.000 5.598 
645.000 5.597 
646.000 5.596 
647.000 5.596 
648.000 5.595 
649.000 5.595 
650.000 5.595 
651.000 5.594 
652.000 5.594 
653.000 5.594 
654.000 5.594 
655.000 5.594 
656.000 5.594 
657.000 5.594 
658.000 5.594 
659.000 5.594 
660.000 5.594 
661.000 5.594 
662.000 5.594 
663.000 5.594 
664.000 5.594 
665.000 5.594 
666.000 5.594 
667.000 5.594 
668.000 5.594 
669.000 5.594 
670.000 5.594 
671.000 5.594 
672.000 5.594 
673.000 5.594 
674.000 5.594 
675.000 5.594 
676.000 5.594 
677.000 5.594 
678.000 5.594 
679.000 5.594 
680.000 5.594 
681.000 5.594 
682.000 5.594 
683.000 5.594 
684.000 5.594 
685.000 5.594 
686.000 5.594 
687.000 5.594 
688.000 5.594 
689.000 5.594 
690.000 5.594 
691.000 5.594 
692.000 5.594 
693.000 5.594 
694.000 5.594 
695.000 5.594 
696.000 5.594 
697.000 5.594 
698.000 5.594 
699.000 5.594 
700.000 5.594 
701.000 5.594 
702.000 5.594 
703.000 5.594 
704.000 5.594 
705.000 5.594 
706.000 5.594 
707.000 5.594 
708.000 5.594 
709.000 5.594 
710.000 5.594 
711.000 5.594 
712.000 5.594 
713.000 5.594 
714.000 5.594 
715.000 5.594 
716.000 5.594 
717.000 5.594 
718.000 5.594 
719.000 5.594 
720.000 5.594 
721.000 5.594 
722.000 5.594 
723.000 5.594 
724.000 5.594 
725.000 5.594 
726.000 5.594 
727.000 5.594 
728.000 5.594 
729.000 5.594 
730.000 5.594 
731.000 5.594 
732.000 5.594 
733.000 5.594 
734.000 5.594 
735.000 5.594 
736.000 5.594 
737.000 5.594 
738.000 5.594 
739.000 5.594 
740.000 5.594 
741.000 5.594 
742.000 5.594 
743.000 5.594 
744.000 5.594 
745.000 5.594 
746.000 5.594 
747.000 5.594 
748.000 5.594 
749.000 5.594 
750.000 5.594 
751.000 5.594 
752.000 5.594 
753.000 5.594 
754.000 5.594 
755.000 5.594 
756.000 5.594 
757.000 5.594 
758.000 5.594 
759.000 5.594 
760.000 5.594 
761.000 5.594 
762.000 5.594 
763.000 5.594 
764.000 5.594 
765.000 5.594 
766.000 5.594 
767.000 5.594 
768.000 5.594 
769.000 5.594 
770.000 5.594 
771.000 5.594 
772.000 5.594 
773.000 5.594 
774.000 5.594 
775.000 5.594 
776.000 5.594 
777.000 5.594 
778.000 5.594 
779.000 5.594 
780.000 5.594 
781.000 5.594 
782.000 5.594 
783.000 5.594 
784.000 5.594 
785.000 5.594 
786.000 5.594 
787.000 5.594 
788.000 5.594 
789.000 5.594 
790.000 5.594 
791.000 5.594 
792.000 5.594 
793.000 5.594 
794.000 5.594 
795.000 5.594 
796.000 5.594 
797.000 5.594 
798.000 5.594 
799.000 5.594 
800.000 5.594 
