1.000 0.000 
2.000 0.000 
3.000 0.000 
4.000 0.000 
5.000 0.000 
6.000 0.000 
7.000 0.000 
8.000 0.000 
9.000 0.000 
10.000 0.000 
11.000 0.000 
12.000 -0.003 
13.000 -0.010 
14.000 -0.016 
15.000 -0.021 
16.000 -0.025 
17.000 -0.027 
18.000 -0.028 
19.000 -0.028 
20.000 -0.028 
21.000 -0.027 
22.000 -0.027 
23.000 -0.026 
24.000 -0.026 
25.000 -0.025 
26.000 -0.025 
27.000 -0.025 
28.000 -0.025 
29.000 -0.025 
30.000 -0.026 
31.000 -0.026 
32.000 -0.026 
33.000 -0.026 
34.000 -0.026 
35.000 -0.026 
36.000 -0.026 
37.000 -0.027 
38.000 -0.027 
39.000 -0.027 
40.000 -0.027 
41.000 -0.027 
42.000 -0.027 
43.000 -0.027 
44.000 -0.027 
45.000 -0.027 
46.000 -0.027 
47.000 -0.027 
48.000 -0.027 
49.000 -0.028 
50.000 -0.028 
51.000 -0.028 
52.000 -0.028 
53.000 -0.028 
54.000 -0.028 
55.000 -0.028 
56.000 -0.028 
57.000 -0.028 
58.000 -0.028 
59.000 -0.028 
60.000 -0.028 
61.000 -0.029 
62.000 -0.029 
63.000 -0.029 
64.000 -0.029 
65.000 -0.029 
66.000 -0.029 
67.000 -0.029 
68.000 -0.029 
69.000 -0.029 
70.000 -0.029 
71.000 -0.029 
72.000 -0.029 
73.000 -0.030 
74.000 -0.030 
75.000 -0.030 
76.000 -0.030 
77.000 -0.030 
78.000 -0.030 
79.000 -0.030 
80.000 -0.030 
81.000 -0.030 
82.000 -0.030 
83.000 -0.030 
84.000 -0.030 
85.000 -0.031 
86.000 -0.031 
87.000 -0.031 
88.000 -0.031 
89.000 -0.031 
90.000 -0.031 
91.000 -0.031 
92.000 -0.031 
93.000 -0.031 
94.000 -0.031 
95.000 -0.031 
96.000 -0.031 
97.000 -0.032 
98.000 -0.032 
99.000 -0.032 
100.000 -0.032 
101.000 -0.032 
102.000 -0.032 
103.000 -0.032 
104.000 -0.032 
105.000 -0.032 
106.000 -0.032 
107.000 -0.032 
108.000 -0.032 
109.000 -0.032 
110.000 -0.033 
111.000 -0.033 
112.000 -0.033 
113.000 -0.033 
114.000 -0.033 
115.000 -0.033 
116.000 -0.033 
117.000 -0.033 
118.000 -0.033 
119.000 -0.033 
120.000 -0.033 
121.000 -0.033 
122.000 -0.033 
123.000 -0.034 
124.000 -0.034 
125.000 -0.034 
126.000 -0.033 
127.000 -0.030 
128.000 -0.028 
129.000 -0.026 
130.000 -0.025 
131.000 -0.024 
132.000 -0.024 
133.000 -0.024 
134.000 -0.024 
135.000 -0.024 
136.000 -0.025 
137.000 -0.025 
138.000 -0.025 
139.000 -0.025 
140.000 -0.026 
141.000 -0.026 
142.000 -0.026 
143.000 -0.026 
144.000 -0.026 
145.000 -0.026 
146.000 -0.026 
147.000 -0.026 
148.000 -0.026 
149.000 -0.026 
150.000 -0.026 
151.000 -0.026 
152.000 -0.026 
153.000 -0.026 
154.000 -0.026 
155.000 -0.026 
156.000 -0.026 
157.000 -0.026 
158.000 -0.026 
159.000 -0.026 
160.000 -0.026 
161.000 -0.026 
162.000 -0.026 
163.000 -0.026 
164.000 -0.026 
165.000 -0.026 
166.000 -0.027 
167.000 -0.027 
168.000 -0.027 
169.000 -0.027 
170.000 -0.027 
171.000 -0.027 
172.000 -0.027 
173.000 -0.027 
174.000 -0.027 
175.000 -0.027 
176.000 -0.027 
177.000 -0.027 
178.000 -0.027 
179.000 -0.027 
180.000 -0.027 
181.000 -0.027 
182.000 -0.027 
183.000 -0.027 
184.000 -0.027 
185.000 -0.027 
186.000 -0.027 
187.000 -0.027 
188.000 -0.027 
189.000 -0.027 
190.000 -0.027 
191.000 -0.028 
192.000 -0.028 
193.000 -0.028 
194.000 -0.028 
195.000 -0.028 
196.000 -0.028 
197.000 -0.028 
198.000 -0.028 
199.000 -0.028 
200.000 -0.028 
201.000 -0.028 
202.000 -0.028 
203.000 -0.028 
204.000 -0.028 
205.000 -0.028 
206.000 -0.028 
207.000 -0.028 
208.000 -0.028 
209.000 -0.028 
210.000 -0.028 
211.000 -0.028 
212.000 -0.028 
213.000 -0.028 
214.000 -0.028 
215.000 -0.028 
216.000 -0.029 
217.000 -0.029 
218.000 -0.029 
219.000 -0.029 
220.000 -0.029 
221.000 -0.029 
222.000 -0.029 
223.000 -0.029 
224.000 -0.029 
225.000 -0.029 
226.000 -0.029 
227.000 -0.029 
228.000 -0.029 
229.000 -0.029 
230.000 -0.029 
231.000 -0.029 
232.000 -0.029 
233.000 -0.029 
234.000 -0.029 
235.000 -0.029 
236.000 -0.029 
237.000 -0.029 
238.000 -0.029 
239.000 -0.029 
240.000 -0.029 
241.000 -0.029 
242.000 -0.030 
243.000 -0.030 
244.000 -0.030 
245.000 -0.030 
246.000 -0.023 
247.000 -0.006 
248.000 0.012 
249.000 0.029 
250.000 0.042 
251.000 0.047 
252.000 0.044 
253.000 0.038 
254.000 0.031 
255.000 0.025 
256.000 0.022 
257.000 0.023 
258.000 0.027 
259.000 0.036 
260.000 0.047 
261.000 0.057 
262.000 0.061 
263.000 0.058 
264.000 0.050 
265.000 0.042 
266.000 0.034 
267.000 0.029 
268.000 0.028 
269.000 0.032 
270.000 0.044 
271.000 0.063 
272.000 0.085 
273.000 0.099 
274.000 0.097 
275.000 0.083 
276.000 0.064 
277.000 0.046 
278.000 0.033 
279.000 0.026 
280.000 0.028 
281.000 0.047 
282.000 0.101 
283.000 0.214 
284.000 0.385 
285.000 0.496 
286.000 0.396 
287.000 0.273 
288.000 0.170 
289.000 0.090 
290.000 0.034 
291.000 -0.003 
292.000 -0.021 
293.000 -0.025 
294.000 -0.017 
295.000 0.007 
296.000 0.063 
297.000 0.180 
298.000 0.376 
299.000 0.488 
300.000 0.409 
301.000 0.300 
302.000 0.196 
303.000 0.109 
304.000 0.048 
305.000 0.006 
306.000 -0.016 
307.000 -0.023 
308.000 -0.018 
309.000 0.002 
310.000 0.049 
311.000 0.151 
312.000 0.350 
313.000 0.550 
314.000 0.470 
315.000 0.347 
316.000 0.228 
317.000 0.130 
318.000 0.060 
319.000 0.011 
320.000 -0.016 
321.000 -0.027 
322.000 -0.024 
323.000 -0.008 
324.000 0.031 
325.000 0.117 
326.000 0.291 
327.000 0.519 
328.000 0.520 
329.000 0.435 
330.000 0.310 
331.000 0.195 
332.000 0.106 
333.000 0.042 
334.000 0.000 
335.000 -0.021 
336.000 -0.027 
337.000 -0.019 
338.000 0.006 
339.000 0.063 
340.000 0.185 
341.000 0.423 
342.000 0.660 
343.000 0.532 
344.000 0.373 
345.000 0.235 
346.000 0.127 
347.000 0.053 
348.000 0.002 
349.000 -0.025 
350.000 -0.034 
351.000 -0.029 
352.000 -0.009 
353.000 0.037 
354.000 0.136 
355.000 0.334 
356.000 0.588 
357.000 0.563 
358.000 0.457 
359.000 0.319 
360.000 0.196 
361.000 0.103 
362.000 0.037 
363.000 -0.005 
364.000 -0.026 
365.000 -0.030 
366.000 -0.002 
367.000 0.106 
368.000 0.347 
369.000 0.713 
370.000 1.153 
371.000 1.629 
372.000 1.090 
373.000 0.611 
374.000 0.325 
375.000 0.137 
376.000 0.036 
377.000 -0.024 
378.000 -0.044 
379.000 -0.013 
380.000 0.109 
381.000 0.365 
382.000 0.740 
383.000 1.186 
384.000 1.665 
385.000 1.114 
386.000 0.625 
387.000 0.333 
388.000 0.141 
389.000 0.039 
390.000 -0.023 
391.000 -0.044 
392.000 -0.011 
393.000 0.114 
394.000 0.374 
395.000 0.752 
396.000 1.199 
397.000 1.678 
398.000 1.123 
399.000 0.631 
400.000 0.337 
401.000 0.143 
402.000 0.039 
403.000 -0.023 
404.000 -0.043 
405.000 -0.008 
406.000 0.123 
407.000 0.389 
408.000 0.770 
409.000 1.219 
410.000 1.699 
411.000 1.137 
412.000 0.639 
413.000 0.342 
414.000 0.145 
415.000 0.041 
416.000 -0.022 
417.000 -0.042 
418.000 -0.005 
419.000 0.130 
420.000 0.401 
421.000 0.786 
422.000 1.236 
423.000 1.717 
424.000 1.148 
425.000 0.647 
426.000 0.347 
427.000 0.148 
428.000 0.042 
429.000 -0.022 
430.000 -0.042 
431.000 -0.003 
432.000 0.138 
433.000 0.414 
434.000 0.801 
435.000 1.254 
436.000 1.735 
437.000 1.160 
438.000 0.654 
439.000 0.351 
440.000 0.150 
441.000 0.043 
442.000 -0.021 
443.000 -0.041 
444.000 -0.000 
445.000 0.145 
446.000 0.426 
447.000 0.817 
448.000 1.270 
449.000 1.752 
450.000 1.172 
451.000 0.661 
452.000 0.356 
453.000 0.152 
454.000 0.044 
455.000 -0.020 
456.000 -0.040 
457.000 0.003 
458.000 0.153 
459.000 0.438 
460.000 0.832 
461.000 1.287 
462.000 1.769 
463.000 1.183 
464.000 0.668 
465.000 0.360 
466.000 0.154 
467.000 0.045 
468.000 -0.020 
469.000 -0.039 
470.000 0.005 
471.000 0.160 
472.000 0.450 
473.000 0.846 
474.000 1.303 
475.000 1.785 
476.000 1.193 
477.000 0.674 
478.000 0.364 
479.000 0.156 
480.000 0.046 
481.000 -0.019 
482.000 -0.038 
483.000 0.008 
484.000 0.167 
485.000 0.461 
486.000 0.860 
487.000 1.318 
488.000 1.801 
489.000 2.284 
490.000 2.546 
491.000 1.792 
492.000 1.236 
493.000 0.737 
494.000 0.329 
495.000 0.151 
496.000 0.016 
497.000 0.099 
498.000 0.361 
499.000 0.741 
500.000 1.190 
501.000 1.671 
502.000 2.158 
503.000 2.630 
504.000 1.748 
505.000 1.065 
506.000 0.615 
507.000 0.253 
508.000 0.104 
509.000 -0.017 
510.000 0.084 
511.000 0.360 
512.000 0.749 
513.000 1.204 
514.000 1.690 
515.000 2.178 
516.000 2.651 
517.000 1.762 
518.000 1.078 
519.000 0.625 
520.000 0.264 
521.000 0.112 
522.000 -0.006 
523.000 0.101 
524.000 0.381 
525.000 0.772 
526.000 1.228 
527.000 1.713 
528.000 2.200 
529.000 2.671 
530.000 2.456 
531.000 2.305 
532.000 1.477 
533.000 0.822 
534.000 0.454 
535.000 0.157 
536.000 0.114 
537.000 0.286 
538.000 0.606 
539.000 1.017 
540.000 1.478 
541.000 1.957 
542.000 2.431 
543.000 2.884 
544.000 2.413 
545.000 2.088 
546.000 1.321 
547.000 0.713 
548.000 0.386 
549.000 0.125 
550.000 0.116 
551.000 0.312 
552.000 0.647 
553.000 1.068 
554.000 1.534 
555.000 2.014 
556.000 2.487 
557.000 2.938 
558.000 3.321 
559.000 2.192 
560.000 1.312 
561.000 0.760 
562.000 0.318 
563.000 0.139 
564.000 0.003 
565.000 0.099 
566.000 0.371 
567.000 0.757 
568.000 1.210 
569.000 1.694 
570.000 2.181 
571.000 2.652 
572.000 3.095 
573.000 3.359 
574.000 2.205 
575.000 1.309 
576.000 0.756 
577.000 0.315 
578.000 0.159 
579.000 0.250 
580.000 0.513 
581.000 0.887 
582.000 1.327 
583.000 1.797 
584.000 2.270 
585.000 2.729 
586.000 3.160 
587.000 3.556 
588.000 2.429 
589.000 1.573 
590.000 0.933 
591.000 0.426 
592.000 0.204 
593.000 0.038 
594.000 0.113 
595.000 0.370 
596.000 0.746 
597.000 1.191 
598.000 1.670 
599.000 2.155 
600.000 2.626 
601.000 3.070 
602.000 3.477 
603.000 3.829 
604.000 2.532 
605.000 1.519 
606.000 0.939 
607.000 0.700 
608.000 0.712 
609.000 0.902 
610.000 1.211 
611.000 1.592 
612.000 2.010 
613.000 2.439 
614.000 2.860 
615.000 3.260 
616.000 3.629 
617.000 3.964 
618.000 4.261 
619.000 4.522 
620.000 4.746 
621.000 4.936 
622.000 5.095 
623.000 5.226 
624.000 5.333 
625.000 5.418 
626.000 5.485 
627.000 5.536 
628.000 5.575 
629.000 5.603 
630.000 5.622 
631.000 5.635 
632.000 5.643 
633.000 5.646 
634.000 5.647 
635.000 5.645 
636.000 5.642 
637.000 5.638 
638.000 5.634 
639.000 5.629 
640.000 5.625 
641.000 5.620 
642.000 5.616 
643.000 5.613 
644.000 5.609 
645.000 5.606 
646.000 5.604 
647.000 5.602 
648.000 5.600 
649.000 5.599 
650.000 5.597 
651.000 5.596 
652.000 5.596 
653.000 5.595 
654.000 5.595 
655.000 5.594 
656.000 5.594 
657.000 5.594 
658.000 5.594 
659.000 5.594 
660.000 5.594 
661.000 5.594 
662.000 5.594 
663.000 5.594 
664.000 5.594 
665.000 5.594 
666.000 5.594 
667.000 5.594 
668.000 5.594 
669.000 5.594 
670.000 5.594 
671.000 5.594 
672.000 5.594 
673.000 5.594 
674.000 5.594 
675.000 5.594 
676.000 5.594 
677.000 5.594 
678.000 5.594 
679.000 5.594 
680.000 5.594 
681.000 5.594 
682.000 5.594 
683.000 5.594 
684.000 5.594 
685.000 5.594 
686.000 5.594 
687.000 5.594 
688.000 5.594 
689.000 5.594 
690.000 5.594 
691.000 5.594 
692.000 5.594 
693.000 5.594 
694.000 5.594 
695.000 5.594 
696.000 5.594 
697.000 5.594 
698.000 5.594 
699.000 5.594 
700.000 5.594 
701.000 5.594 
702.000 5.594 
703.000 5.594 
704.000 5.594 
705.000 5.594 
706.000 5.594 
707.000 5.594 
708.000 5.594 
709.000 5.594 
710.000 5.594 
711.000 5.594 
712.000 5.594 
713.000 5.594 
714.000 5.594 
715.000 5.594 
716.000 5.594 
717.000 5.594 
718.000 5.594 
719.000 5.594 
720.000 5.594 
721.000 5.594 
722.000 5.594 
723.000 5.594 
724.000 5.594 
725.000 5.594 
726.000 5.594 
727.000 5.594 
728.000 5.594 
729.000 5.594 
730.000 5.594 
731.000 5.594 
732.000 5.594 
733.000 5.594 
734.000 5.594 
735.000 5.594 
736.000 5.594 
737.000 5.594 
738.000 5.594 
739.000 5.594 
740.000 5.594 
741.000 5.594 
742.000 5.594 
743.000 5.594 
744.000 5.594 
745.000 5.594 
746.000 5.594 
747.000 5.594 
748.000 5.594 
749.000 5.594 
750.000 5.594 
751.000 5.594 
752.000 5.594 
753.000 5.594 
754.000 5.594 
755.000 5.594 
756.000 5.594 
757.000 5.594 
758.000 5.594 
759.000 5.594 
760.000 5.594 
761.000 5.594 
762.000 5.594 
763.000 5.594 
764.000 5.594 
765.000 5.594 
766.000 5.594 
767.000 5.594 
768.000 5.594 
769.000 5.594 
770.000 5.594 
771.000 5.594 
772.000 5.594 
773.000 5.594 
774.000 5.594 
775.000 5.594 
776.000 5.594 
777.000 5.594 
778.000 5.594 
779.000 5.594 
780.000 5.594 
781.000 5.594 
782.000 5.594 
783.000 5.594 
784.000 5.594 
785.000 5.594 
786.000 5.594 
787.000 5.594 
788.000 5.594 
789.000 5.594 
790.000 5.594 
791.000 5.594 
792.000 5.594 
793.000 5.594 
794.000 5.594 
795.000 5.594 
796.000 5.594 
797.000 5.594 
798.000 5.594 
799.000 5.594 
800.000 5.594 
