1.000 0.000 
2.000 0.000 
3.000 0.000 
4.000 0.000 
5.000 0.000 
6.000 0.000 
7.000 0.000 
8.000 0.000 
9.000 0.000 
10.000 0.000 
11.000 0.000 
12.000 -0.036 
13.000 -0.078 
14.000 -0.098 
15.000 -0.108 
16.000 -0.113 
17.000 -0.117 
18.000 -0.112 
19.000 -0.097 
20.000 -0.082 
21.000 -0.070 
22.000 -0.060 
23.000 -0.055 
24.000 -0.057 
25.000 -0.065 
26.000 -0.074 
27.000 -0.082 
28.000 -0.089 
29.000 -0.094 
30.000 -0.096 
31.000 -0.095 
32.000 -0.092 
33.000 -0.088 
34.000 -0.083 
35.000 -0.080 
36.000 -0.077 
37.000 -0.077 
38.000 -0.078 
39.000 -0.080 
40.000 -0.082 
41.000 -0.085 
42.000 -0.087 
43.000 -0.088 
44.000 -0.089 
45.000 -0.088 
46.000 -0.087 
47.000 -0.086 
48.000 -0.085 
49.000 -0.084 
50.000 -0.084 
51.000 -0.084 
52.000 -0.084 
53.000 -0.085 
54.000 -0.086 
55.000 -0.086 
56.000 -0.087 
57.000 -0.087 
58.000 -0.087 
59.000 -0.087 
60.000 -0.087 
61.000 -0.087 
62.000 -0.087 
63.000 -0.087 
64.000 -0.087 
65.000 -0.087 
66.000 -0.087 
67.000 -0.087 
68.000 -0.087 
69.000 -0.088 
70.000 -0.088 
71.000 -0.088 
72.000 -0.088 
73.000 -0.088 
74.000 -0.088 
75.000 -0.088 
76.000 -0.088 
77.000 -0.088 
78.000 -0.088 
79.000 -0.088 
80.000 -0.089 
81.000 -0.089 
82.000 -0.089 
83.000 -0.089 
84.000 -0.089 
85.000 -0.089 
86.000 -0.089 
87.000 -0.089 
88.000 -0.090 
89.000 -0.090 
90.000 -0.090 
91.000 -0.090 
92.000 -0.090 
93.000 -0.090 
94.000 -0.090 
95.000 -0.090 
96.000 -0.090 
97.000 -0.090 
98.000 -0.090 
99.000 -0.091 
100.000 -0.091 
101.000 -0.091 
102.000 -0.091 
103.000 -0.091 
104.000 -0.091 
105.000 -0.091 
106.000 -0.091 
107.000 -0.091 
108.000 -0.091 
109.000 -0.091 
110.000 -0.092 
111.000 -0.092 
112.000 -0.092 
113.000 -0.092 
114.000 -0.092 
115.000 -0.092 
116.000 -0.092 
117.000 -0.092 
118.000 -0.092 
119.000 -0.092 
120.000 -0.092 
121.000 -0.093 
122.000 -0.093 
123.000 -0.093 
124.000 -0.093 
125.000 -0.093 
126.000 -0.087 
127.000 -0.067 
128.000 -0.053 
129.000 -0.044 
130.000 -0.039 
131.000 -0.039 
132.000 -0.045 
133.000 -0.056 
134.000 -0.068 
135.000 -0.077 
136.000 -0.083 
137.000 -0.086 
138.000 -0.085 
139.000 -0.081 
140.000 -0.074 
141.000 -0.066 
142.000 -0.059 
143.000 -0.053 
144.000 -0.052 
145.000 -0.054 
146.000 -0.058 
147.000 -0.064 
148.000 -0.070 
149.000 -0.075 
150.000 -0.078 
151.000 -0.079 
152.000 -0.077 
153.000 -0.074 
154.000 -0.070 
155.000 -0.066 
156.000 -0.062 
157.000 -0.060 
158.000 -0.060 
159.000 -0.061 
160.000 -0.064 
161.000 -0.068 
162.000 -0.071 
163.000 -0.073 
164.000 -0.075 
165.000 -0.075 
166.000 -0.073 
167.000 -0.071 
168.000 -0.069 
169.000 -0.066 
170.000 -0.065 
171.000 -0.064 
172.000 -0.064 
173.000 -0.066 
174.000 -0.067 
175.000 -0.069 
176.000 -0.071 
177.000 -0.072 
178.000 -0.072 
179.000 -0.072 
180.000 -0.071 
181.000 -0.070 
182.000 -0.069 
183.000 -0.067 
184.000 -0.067 
185.000 -0.067 
186.000 -0.067 
187.000 -0.068 
188.000 -0.069 
189.000 -0.070 
190.000 -0.071 
191.000 -0.071 
192.000 -0.071 
193.000 -0.071 
194.000 -0.070 
195.000 -0.070 
196.000 -0.069 
197.000 -0.068 
198.000 -0.068 
199.000 -0.068 
200.000 -0.069 
201.000 -0.069 
202.000 -0.070 
203.000 -0.070 
204.000 -0.071 
205.000 -0.071 
206.000 -0.071 
207.000 -0.070 
208.000 -0.070 
209.000 -0.070 
210.000 -0.069 
211.000 -0.069 
212.000 -0.069 
213.000 -0.069 
214.000 -0.069 
215.000 -0.070 
216.000 -0.070 
217.000 -0.070 
218.000 -0.071 
219.000 -0.071 
220.000 -0.071 
221.000 -0.070 
222.000 -0.070 
223.000 -0.070 
224.000 -0.070 
225.000 -0.070 
226.000 -0.070 
227.000 -0.070 
228.000 -0.070 
229.000 -0.070 
230.000 -0.070 
231.000 -0.071 
232.000 -0.071 
233.000 -0.071 
234.000 -0.071 
235.000 -0.071 
236.000 -0.070 
237.000 -0.070 
238.000 -0.070 
239.000 -0.070 
240.000 -0.070 
241.000 -0.070 
242.000 -0.071 
243.000 -0.071 
244.000 -0.071 
245.000 -0.071 
246.000 0.026 
247.000 0.138 
248.000 0.304 
249.000 0.391 
250.000 0.531 
251.000 0.515 
252.000 0.412 
253.000 0.236 
254.000 0.090 
255.000 -0.012 
256.000 -0.077 
257.000 -0.118 
258.000 -0.120 
259.000 -0.040 
260.000 0.098 
261.000 0.236 
262.000 0.399 
263.000 0.477 
264.000 0.559 
265.000 0.490 
266.000 0.315 
267.000 0.144 
268.000 0.019 
269.000 -0.061 
270.000 -0.106 
271.000 -0.146 
272.000 -0.090 
273.000 0.018 
274.000 0.181 
275.000 0.297 
276.000 0.462 
277.000 0.507 
278.000 0.536 
279.000 0.419 
280.000 0.243 
281.000 0.092 
282.000 -0.015 
283.000 -0.081 
284.000 -0.129 
285.000 -0.129 
286.000 -0.045 
287.000 0.096 
288.000 0.240 
289.000 0.406 
290.000 0.499 
291.000 0.589 
292.000 0.523 
293.000 0.340 
294.000 0.160 
295.000 0.028 
296.000 -0.056 
297.000 -0.104 
298.000 -0.151 
299.000 -0.098 
300.000 0.008 
301.000 0.173 
302.000 0.298 
303.000 0.469 
304.000 0.523 
305.000 0.568 
306.000 0.458 
307.000 0.273 
308.000 0.111 
309.000 -0.004 
310.000 -0.076 
311.000 -0.120 
312.000 -0.131 
313.000 -0.051 
314.000 0.084 
315.000 0.239 
316.000 0.396 
317.000 0.534 
318.000 0.617 
319.000 0.578 
320.000 0.395 
321.000 0.200 
322.000 0.055 
323.000 -0.040 
324.000 -0.097 
325.000 -0.156 
326.000 -0.118 
327.000 -0.016 
328.000 0.152 
329.000 0.287 
330.000 0.465 
331.000 0.535 
332.000 0.606 
333.000 0.509 
334.000 0.315 
335.000 0.138 
336.000 0.012 
337.000 -0.066 
338.000 -0.110 
339.000 -0.140 
340.000 -0.069 
341.000 0.054 
342.000 0.218 
343.000 0.350 
344.000 0.513 
345.000 0.544 
346.000 0.545 
347.000 0.411 
348.000 0.228 
349.000 0.079 
350.000 -0.024 
351.000 -0.085 
352.000 -0.135 
353.000 -0.113 
354.000 -0.019 
355.000 0.139 
356.000 0.270 
357.000 0.445 
358.000 0.526 
359.000 0.612 
360.000 0.529 
361.000 0.342 
362.000 0.159 
363.000 0.026 
364.000 -0.058 
365.000 -0.105 
366.000 -0.085 
367.000 0.069 
368.000 0.270 
369.000 0.475 
370.000 0.682 
371.000 0.842 
372.000 0.962 
373.000 0.996 
374.000 1.022 
375.000 0.865 
376.000 0.615 
377.000 0.365 
378.000 0.178 
379.000 0.061 
380.000 0.015 
381.000 0.078 
382.000 0.223 
383.000 0.411 
384.000 0.613 
385.000 0.792 
386.000 0.935 
387.000 1.012 
388.000 1.059 
389.000 0.977 
390.000 0.790 
391.000 0.523 
392.000 0.293 
393.000 0.132 
394.000 0.017 
395.000 0.040 
396.000 0.171 
397.000 0.358 
398.000 0.565 
399.000 0.777 
400.000 0.932 
401.000 1.052 
402.000 1.073 
403.000 1.075 
404.000 0.896 
405.000 0.608 
406.000 0.345 
407.000 0.156 
408.000 0.042 
409.000 0.015 
410.000 0.113 
411.000 0.286 
412.000 0.499 
413.000 0.718 
414.000 0.910 
415.000 1.046 
416.000 1.124 
417.000 1.141 
418.000 1.025 
419.000 0.749 
420.000 0.449 
421.000 0.226 
422.000 0.081 
423.000 -0.020 
424.000 0.018 
425.000 0.175 
426.000 0.386 
427.000 0.618 
428.000 0.849 
429.000 1.024 
430.000 1.145 
431.000 1.181 
432.000 1.154 
433.000 0.936 
434.000 0.598 
435.000 0.321 
436.000 0.136 
437.000 0.021 
438.000 0.003 
439.000 0.132 
440.000 0.334 
441.000 0.573 
442.000 0.818 
443.000 1.028 
444.000 1.164 
445.000 1.238 
446.000 1.224 
447.000 1.034 
448.000 0.675 
449.000 0.370 
450.000 0.164 
451.000 0.035 
452.000 -0.040 
453.000 0.030 
454.000 0.208 
455.000 0.448 
456.000 0.709 
457.000 0.963 
458.000 1.147 
459.000 1.267 
460.000 1.287 
461.000 1.200 
462.000 0.877 
463.000 0.516 
464.000 0.253 
465.000 0.086 
466.000 -0.026 
467.000 -0.011 
468.000 0.167 
469.000 0.419 
470.000 0.702 
471.000 0.986 
472.000 1.222 
473.000 1.348 
474.000 1.406 
475.000 1.285 
476.000 0.894 
477.000 0.505 
478.000 0.235 
479.000 0.068 
480.000 -0.041 
481.000 -0.037 
482.000 0.142 
483.000 0.406 
484.000 0.706 
485.000 1.009 
486.000 1.362 
487.000 1.769 
488.000 2.199 
489.000 2.630 
490.000 3.032 
491.000 3.345 
492.000 3.491 
493.000 3.406 
494.000 3.198 
495.000 2.845 
496.000 2.505 
497.000 2.155 
498.000 1.917 
499.000 1.801 
500.000 1.829 
501.000 1.987 
502.000 2.233 
503.000 2.531 
504.000 2.856 
505.000 3.188 
506.000 3.469 
507.000 3.627 
508.000 3.608 
509.000 3.423 
510.000 3.127 
511.000 2.762 
512.000 2.389 
513.000 2.110 
514.000 1.943 
515.000 1.912 
516.000 2.018 
517.000 2.226 
518.000 2.498 
519.000 2.805 
520.000 3.126 
521.000 3.434 
522.000 3.666 
523.000 3.758 
524.000 3.666 
525.000 3.438 
526.000 3.108 
527.000 2.702 
528.000 2.329 
529.000 2.068 
530.000 1.944 
531.000 1.972 
532.000 2.126 
533.000 2.364 
534.000 2.652 
535.000 2.965 
536.000 3.284 
537.000 3.581 
538.000 3.794 
539.000 3.866 
540.000 3.757 
541.000 3.515 
542.000 3.164 
543.000 2.726 
544.000 2.325 
545.000 2.055 
546.000 1.940 
547.000 1.979 
548.000 2.141 
549.000 2.383 
550.000 2.674 
551.000 2.989 
552.000 3.308 
553.000 3.618 
554.000 3.861 
555.000 3.978 
556.000 3.928 
557.000 3.713 
558.000 3.387 
559.000 2.928 
560.000 2.430 
561.000 2.067 
562.000 1.877 
563.000 1.862 
564.000 1.990 
565.000 2.214 
566.000 2.498 
567.000 2.814 
568.000 3.141 
569.000 3.463 
570.000 3.764 
571.000 3.989 
572.000 4.081 
573.000 4.006 
574.000 3.775 
575.000 3.409 
576.000 2.897 
577.000 2.349 
578.000 1.960 
579.000 1.769 
580.000 1.763 
581.000 1.900 
582.000 2.135 
583.000 2.429 
584.000 2.755 
585.000 3.091 
586.000 3.422 
587.000 3.737 
588.000 4.000 
589.000 4.158 
590.000 4.167 
591.000 4.006 
592.000 3.712 
593.000 3.259 
594.000 2.650 
595.000 2.094 
596.000 1.746 
597.000 1.630 
598.000 1.694 
599.000 1.885 
600.000 2.157 
601.000 2.478 
602.000 2.820 
603.000 3.166 
604.000 3.500 
605.000 3.815 
606.000 4.104 
607.000 4.364 
608.000 4.594 
609.000 4.793 
610.000 4.965 
611.000 5.109 
612.000 5.230 
613.000 5.328 
614.000 5.408 
615.000 5.472 
616.000 5.514 
617.000 5.532 
618.000 5.526 
619.000 5.500 
620.000 5.457 
621.000 5.406 
622.000 5.357 
623.000 5.322 
624.000 5.305 
625.000 5.304 
626.000 5.314 
627.000 5.332 
628.000 5.354 
629.000 5.378 
630.000 5.404 
631.000 5.429 
632.000 5.453 
633.000 5.475 
634.000 5.495 
635.000 5.513 
636.000 5.529 
637.000 5.541 
638.000 5.549 
639.000 5.552 
640.000 5.548 
641.000 5.540 
642.000 5.527 
643.000 5.513 
644.000 5.499 
645.000 5.489 
646.000 5.486 
647.000 5.487 
648.000 5.492 
649.000 5.499 
650.000 5.508 
651.000 5.517 
652.000 5.527 
653.000 5.536 
654.000 5.545 
655.000 5.553 
656.000 5.559 
657.000 5.563 
658.000 5.563 
659.000 5.560 
660.000 5.554 
661.000 5.546 
662.000 5.537 
663.000 5.529 
664.000 5.524 
665.000 5.522 
666.000 5.524 
667.000 5.527 
668.000 5.532 
669.000 5.538 
670.000 5.545 
671.000 5.551 
672.000 5.557 
673.000 5.563 
674.000 5.567 
675.000 5.570 
676.000 5.571 
677.000 5.570 
678.000 5.566 
679.000 5.561 
680.000 5.555 
681.000 5.549 
682.000 5.544 
683.000 5.542 
684.000 5.543 
685.000 5.545 
686.000 5.549 
687.000 5.553 
688.000 5.557 
689.000 5.562 
690.000 5.566 
691.000 5.570 
692.000 5.574 
693.000 5.576 
694.000 5.577 
695.000 5.576 
696.000 5.574 
697.000 5.570 
698.000 5.566 
699.000 5.561 
700.000 5.558 
701.000 5.556 
702.000 5.556 
703.000 5.558 
704.000 5.560 
705.000 5.563 
706.000 5.566 
707.000 5.570 
708.000 5.573 
709.000 5.576 
710.000 5.579 
711.000 5.581 
712.000 5.582 
713.000 5.581 
714.000 5.580 
715.000 5.577 
716.000 5.574 
717.000 5.570 
718.000 5.568 
719.000 5.566 
720.000 5.566 
721.000 5.567 
722.000 5.569 
723.000 5.571 
724.000 5.573 
725.000 5.576 
726.000 5.578 
727.000 5.580 
728.000 5.582 
729.000 5.584 
730.000 5.585 
731.000 5.585 
732.000 5.584 
733.000 5.582 
734.000 5.580 
735.000 5.577 
736.000 5.575 
737.000 5.573 
738.000 5.573 
739.000 5.574 
740.000 5.575 
741.000 5.576 
742.000 5.578 
743.000 5.580 
744.000 5.582 
745.000 5.584 
746.000 5.585 
747.000 5.586 
748.000 5.587 
749.000 5.587 
750.000 5.587 
751.000 5.585 
752.000 5.584 
753.000 5.582 
754.000 5.580 
755.000 5.579 
756.000 5.579 
757.000 5.579 
758.000 5.580 
759.000 5.581 
760.000 5.582 
761.000 5.583 
762.000 5.585 
763.000 5.586 
764.000 5.587 
765.000 5.588 
766.000 5.589 
767.000 5.589 
768.000 5.589 
769.000 5.588 
770.000 5.587 
771.000 5.585 
772.000 5.584 
773.000 5.583 
774.000 5.583 
775.000 5.583 
776.000 5.583 
777.000 5.584 
778.000 5.585 
779.000 5.586 
780.000 5.587 
781.000 5.588 
782.000 5.589 
783.000 5.590 
784.000 5.590 
785.000 5.590 
786.000 5.590 
787.000 5.590 
788.000 5.589 
789.000 5.588 
790.000 5.587 
791.000 5.586 
792.000 5.586 
793.000 5.586 
794.000 5.586 
795.000 5.587 
796.000 5.587 
797.000 5.588 
798.000 5.589 
799.000 5.590 
800.000 5.590 
