1.000 0.000 
2.000 0.000 
3.000 0.000 
4.000 0.000 
5.000 0.000 
6.000 0.000 
7.000 0.000 
8.000 0.000 
9.000 0.000 
10.000 0.000 
11.000 0.000 
12.000 -0.043 
13.000 -0.090 
14.000 -0.110 
15.000 -0.120 
16.000 -0.126 
17.000 -0.133 
18.000 -0.121 
19.000 -0.094 
20.000 -0.070 
21.000 -0.052 
22.000 -0.039 
23.000 -0.036 
24.000 -0.049 
25.000 -0.069 
26.000 -0.087 
27.000 -0.101 
28.000 -0.110 
29.000 -0.115 
30.000 -0.114 
31.000 -0.106 
32.000 -0.094 
33.000 -0.082 
34.000 -0.072 
35.000 -0.067 
36.000 -0.067 
37.000 -0.073 
38.000 -0.082 
39.000 -0.090 
40.000 -0.097 
41.000 -0.102 
42.000 -0.104 
43.000 -0.102 
44.000 -0.098 
45.000 -0.093 
46.000 -0.088 
47.000 -0.084 
48.000 -0.082 
49.000 -0.082 
50.000 -0.085 
51.000 -0.088 
52.000 -0.092 
53.000 -0.095 
54.000 -0.097 
55.000 -0.098 
56.000 -0.097 
57.000 -0.095 
58.000 -0.093 
59.000 -0.091 
60.000 -0.090 
61.000 -0.089 
62.000 -0.089 
63.000 -0.090 
64.000 -0.092 
65.000 -0.093 
66.000 -0.094 
67.000 -0.095 
68.000 -0.096 
69.000 -0.095 
70.000 -0.095 
71.000 -0.094 
72.000 -0.093 
73.000 -0.093 
74.000 -0.092 
75.000 -0.093 
76.000 -0.093 
77.000 -0.094 
78.000 -0.094 
79.000 -0.095 
80.000 -0.095 
81.000 -0.095 
82.000 -0.095 
83.000 -0.095 
84.000 -0.095 
85.000 -0.095 
86.000 -0.095 
87.000 -0.095 
88.000 -0.095 
89.000 -0.095 
90.000 -0.095 
91.000 -0.095 
92.000 -0.096 
93.000 -0.096 
94.000 -0.096 
95.000 -0.096 
96.000 -0.096 
97.000 -0.096 
98.000 -0.096 
99.000 -0.096 
100.000 -0.096 
101.000 -0.096 
102.000 -0.096 
103.000 -0.096 
104.000 -0.097 
105.000 -0.097 
106.000 -0.097 
107.000 -0.097 
108.000 -0.097 
109.000 -0.097 
110.000 -0.097 
111.000 -0.097 
112.000 -0.097 
113.000 -0.097 
114.000 -0.097 
115.000 -0.097 
116.000 -0.098 
117.000 -0.098 
118.000 -0.098 
119.000 -0.098 
120.000 -0.098 
121.000 -0.098 
122.000 -0.098 
123.000 -0.098 
124.000 -0.098 
125.000 -0.098 
126.000 -0.086 
127.000 -0.053 
128.000 -0.035 
129.000 -0.027 
130.000 -0.024 
131.000 -0.029 
132.000 -0.047 
133.000 -0.070 
134.000 -0.087 
135.000 -0.097 
136.000 -0.102 
137.000 -0.103 
138.000 -0.094 
139.000 -0.076 
140.000 -0.055 
141.000 -0.037 
142.000 -0.025 
143.000 -0.023 
144.000 -0.035 
145.000 -0.054 
146.000 -0.072 
147.000 -0.088 
148.000 -0.099 
149.000 -0.104 
150.000 -0.101 
151.000 -0.091 
152.000 -0.074 
153.000 -0.054 
154.000 -0.036 
155.000 -0.025 
156.000 -0.027 
157.000 -0.040 
158.000 -0.058 
159.000 -0.075 
160.000 -0.090 
161.000 -0.099 
162.000 -0.103 
163.000 -0.100 
164.000 -0.088 
165.000 -0.071 
166.000 -0.052 
167.000 -0.036 
168.000 -0.028 
169.000 -0.032 
170.000 -0.045 
171.000 -0.062 
172.000 -0.078 
173.000 -0.091 
174.000 -0.100 
175.000 -0.102 
176.000 -0.097 
177.000 -0.086 
178.000 -0.069 
179.000 -0.051 
180.000 -0.037 
181.000 -0.032 
182.000 -0.037 
183.000 -0.050 
184.000 -0.066 
185.000 -0.081 
186.000 -0.092 
187.000 -0.099 
188.000 -0.100 
189.000 -0.095 
190.000 -0.083 
191.000 -0.067 
192.000 -0.051 
193.000 -0.039 
194.000 -0.036 
195.000 -0.042 
196.000 -0.055 
197.000 -0.069 
198.000 -0.083 
199.000 -0.093 
200.000 -0.098 
201.000 -0.098 
202.000 -0.092 
203.000 -0.080 
204.000 -0.066 
205.000 -0.052 
206.000 -0.042 
207.000 -0.041 
208.000 -0.047 
209.000 -0.059 
210.000 -0.072 
211.000 -0.084 
212.000 -0.093 
213.000 -0.097 
214.000 -0.096 
215.000 -0.089 
216.000 -0.078 
217.000 -0.065 
218.000 -0.053 
219.000 -0.045 
220.000 -0.045 
221.000 -0.052 
222.000 -0.063 
223.000 -0.075 
224.000 -0.085 
225.000 -0.092 
226.000 -0.095 
227.000 -0.093 
228.000 -0.087 
229.000 -0.076 
230.000 -0.064 
231.000 -0.054 
232.000 -0.049 
233.000 -0.050 
234.000 -0.056 
235.000 -0.066 
236.000 -0.076 
237.000 -0.085 
238.000 -0.091 
239.000 -0.093 
240.000 -0.091 
241.000 -0.084 
242.000 -0.075 
243.000 -0.064 
244.000 -0.056 
245.000 -0.052 
246.000 0.051 
247.000 0.163 
248.000 0.337 
249.000 0.426 
250.000 0.573 
251.000 0.568 
252.000 0.395 
253.000 0.196 
254.000 0.048 
255.000 -0.045 
256.000 -0.101 
257.000 -0.175 
258.000 -0.123 
259.000 -0.019 
260.000 0.154 
261.000 0.287 
262.000 0.467 
263.000 0.537 
264.000 0.590 
265.000 0.458 
266.000 0.248 
267.000 0.084 
268.000 -0.022 
269.000 -0.087 
270.000 -0.136 
271.000 -0.079 
272.000 0.042 
273.000 0.224 
274.000 0.354 
275.000 0.527 
276.000 0.577 
277.000 0.544 
278.000 0.339 
279.000 0.149 
280.000 0.018 
281.000 -0.063 
282.000 -0.112 
283.000 -0.165 
284.000 -0.112 
285.000 0.030 
286.000 0.169 
287.000 0.356 
288.000 0.481 
289.000 0.637 
290.000 0.616 
291.000 0.412 
292.000 0.202 
293.000 0.051 
294.000 -0.043 
295.000 -0.100 
296.000 -0.175 
297.000 -0.129 
298.000 -0.019 
299.000 0.141 
300.000 0.269 
301.000 0.441 
302.000 0.517 
303.000 0.580 
304.000 0.475 
305.000 0.271 
306.000 0.103 
307.000 -0.010 
308.000 -0.080 
309.000 -0.123 
310.000 -0.084 
311.000 0.027 
312.000 0.202 
313.000 0.336 
314.000 0.511 
315.000 0.577 
316.000 0.594 
317.000 0.415 
318.000 0.207 
319.000 0.055 
320.000 -0.040 
321.000 -0.098 
322.000 -0.174 
323.000 -0.125 
324.000 -0.021 
325.000 0.150 
326.000 0.290 
327.000 0.472 
328.000 0.554 
329.000 0.630 
330.000 0.525 
331.000 0.299 
332.000 0.118 
333.000 -0.002 
334.000 -0.075 
335.000 -0.116 
336.000 -0.088 
337.000 0.021 
338.000 0.194 
339.000 0.331 
340.000 0.507 
341.000 0.581 
342.000 0.615 
343.000 0.449 
344.000 0.234 
345.000 0.073 
346.000 -0.030 
347.000 -0.092 
348.000 -0.164 
349.000 -0.104 
350.000 0.021 
351.000 0.205 
352.000 0.346 
353.000 0.526 
354.000 0.596 
355.000 0.613 
356.000 0.426 
357.000 0.213 
358.000 0.058 
359.000 -0.039 
360.000 -0.097 
361.000 -0.174 
362.000 -0.126 
363.000 -0.023 
364.000 0.146 
365.000 0.289 
366.000 0.502 
367.000 0.715 
368.000 0.904 
369.000 0.991 
370.000 1.082 
371.000 0.988 
372.000 0.705 
373.000 0.398 
374.000 0.179 
375.000 0.042 
376.000 -0.094 
377.000 -0.083 
378.000 0.039 
379.000 0.223 
380.000 0.429 
381.000 0.654 
382.000 0.849 
383.000 1.008 
384.000 1.091 
385.000 1.148 
386.000 1.011 
387.000 0.654 
388.000 0.346 
389.000 0.139 
390.000 0.011 
391.000 -0.112 
392.000 -0.088 
393.000 0.039 
394.000 0.229 
395.000 0.448 
396.000 0.684 
397.000 0.891 
398.000 1.056 
399.000 1.151 
400.000 1.205 
401.000 1.057 
402.000 0.674 
403.000 0.354 
404.000 0.142 
405.000 0.011 
406.000 -0.114 
407.000 -0.088 
408.000 0.044 
409.000 0.243 
410.000 0.473 
411.000 0.722 
412.000 0.947 
413.000 1.120 
414.000 1.227 
415.000 1.274 
416.000 1.096 
417.000 0.677 
418.000 0.349 
419.000 0.137 
420.000 0.008 
421.000 -0.111 
422.000 -0.075 
423.000 0.068 
424.000 0.278 
425.000 0.521 
426.000 0.781 
427.000 1.017 
428.000 1.193 
429.000 1.301 
430.000 1.324 
431.000 1.076 
432.000 0.641 
433.000 0.320 
434.000 0.119 
435.000 -0.003 
436.000 -0.077 
437.000 0.027 
438.000 0.217 
439.000 0.458 
440.000 0.719 
441.000 0.982 
442.000 1.192 
443.000 1.335 
444.000 1.392 
445.000 1.244 
446.000 0.779 
447.000 0.412 
448.000 0.176 
449.000 0.031 
450.000 -0.090 
451.000 -0.064 
452.000 0.117 
453.000 0.361 
454.000 0.637 
455.000 0.929 
456.000 1.198 
457.000 1.375 
458.000 1.481 
459.000 1.420 
460.000 0.951 
461.000 0.531 
462.000 0.249 
463.000 0.075 
464.000 -0.029 
465.000 -0.090 
466.000 0.035 
467.000 0.249 
468.000 0.518 
469.000 0.811 
470.000 1.106 
471.000 1.345 
472.000 1.492 
473.000 1.548 
474.000 1.307 
475.000 0.796 
476.000 0.415 
477.000 0.176 
478.000 0.032 
479.000 -0.108 
480.000 -0.082 
481.000 0.086 
482.000 0.336 
483.000 0.631 
484.000 0.954 
485.000 1.262 
486.000 1.608 
487.000 2.001 
488.000 2.412 
489.000 2.822 
490.000 3.214 
491.000 3.574 
492.000 3.838 
493.000 3.938 
494.000 3.819 
495.000 3.521 
496.000 2.742 
497.000 1.691 
498.000 0.957 
499.000 0.433 
500.000 0.205 
501.000 0.207 
502.000 0.408 
503.000 0.743 
504.000 1.160 
505.000 1.619 
506.000 2.092 
507.000 2.557 
508.000 2.999 
509.000 3.409 
510.000 3.779 
511.000 4.080 
512.000 4.246 
513.000 4.219 
514.000 3.962 
515.000 3.101 
516.000 1.920 
517.000 1.095 
518.000 0.582 
519.000 0.244 
520.000 0.203 
521.000 0.374 
522.000 0.689 
523.000 1.094 
524.000 1.547 
525.000 2.019 
526.000 2.485 
527.000 2.931 
528.000 3.345 
529.000 3.722 
530.000 4.059 
531.000 4.332 
532.000 4.486 
533.000 4.469 
534.000 4.252 
535.000 3.576 
536.000 2.294 
537.000 1.338 
538.000 0.733 
539.000 0.261 
540.000 0.092 
541.000 0.177 
542.000 0.437 
543.000 0.813 
544.000 1.257 
545.000 1.732 
546.000 2.211 
547.000 2.677 
548.000 3.114 
549.000 3.516 
550.000 3.878 
551.000 4.198 
552.000 4.476 
553.000 4.673 
554.000 4.737 
555.000 4.636 
556.000 4.358 
557.000 3.700 
558.000 2.409 
559.000 1.416 
560.000 0.781 
561.000 0.318 
562.000 0.186 
563.000 0.293 
564.000 0.565 
565.000 0.944 
566.000 1.386 
567.000 1.854 
568.000 2.325 
569.000 2.779 
570.000 3.206 
571.000 3.596 
572.000 3.947 
573.000 4.256 
574.000 4.525 
575.000 4.751 
576.000 4.893 
577.000 4.908 
578.000 4.776 
579.000 4.496 
580.000 3.980 
581.000 2.839 
582.000 1.719 
583.000 0.969 
584.000 0.406 
585.000 0.187 
586.000 0.232 
587.000 0.463 
588.000 0.817 
589.000 1.245 
590.000 1.709 
591.000 2.182 
592.000 2.643 
593.000 3.080 
594.000 3.482 
595.000 3.845 
596.000 4.167 
597.000 4.448 
598.000 4.690 
599.000 4.895 
600.000 5.033 
601.000 5.069 
602.000 4.981 
603.000 4.767 
604.000 4.438 
605.000 3.958 
606.000 3.621 
607.000 3.455 
608.000 3.417 
609.000 3.470 
610.000 3.587 
611.000 3.744 
612.000 3.924 
613.000 4.114 
614.000 4.303 
615.000 4.485 
616.000 4.654 
617.000 4.810 
618.000 4.949 
619.000 5.071 
620.000 5.177 
621.000 5.268 
622.000 5.344 
623.000 5.407 
624.000 5.459 
625.000 5.501 
626.000 5.534 
627.000 5.559 
628.000 5.579 
629.000 5.593 
630.000 5.603 
631.000 5.610 
632.000 5.614 
633.000 5.617 
634.000 5.618 
635.000 5.617 
636.000 5.616 
637.000 5.615 
638.000 5.613 
639.000 5.611 
640.000 5.609 
641.000 5.607 
642.000 5.605 
643.000 5.603 
644.000 5.602 
645.000 5.600 
646.000 5.599 
647.000 5.598 
648.000 5.597 
649.000 5.596 
650.000 5.596 
651.000 5.595 
652.000 5.595 
653.000 5.595 
654.000 5.594 
655.000 5.594 
656.000 5.594 
657.000 5.594 
658.000 5.594 
659.000 5.594 
660.000 5.594 
661.000 5.594 
662.000 5.594 
663.000 5.594 
664.000 5.594 
665.000 5.594 
666.000 5.594 
667.000 5.594 
668.000 5.594 
669.000 5.594 
670.000 5.594 
671.000 5.594 
672.000 5.594 
673.000 5.594 
674.000 5.594 
675.000 5.594 
676.000 5.594 
677.000 5.594 
678.000 5.594 
679.000 5.594 
680.000 5.594 
681.000 5.594 
682.000 5.594 
683.000 5.594 
684.000 5.594 
685.000 5.594 
686.000 5.594 
687.000 5.594 
688.000 5.594 
689.000 5.594 
690.000 5.594 
691.000 5.594 
692.000 5.594 
693.000 5.594 
694.000 5.594 
695.000 5.594 
696.000 5.594 
697.000 5.594 
698.000 5.594 
699.000 5.594 
700.000 5.594 
701.000 5.594 
702.000 5.594 
703.000 5.594 
704.000 5.594 
705.000 5.594 
706.000 5.594 
707.000 5.594 
708.000 5.594 
709.000 5.594 
710.000 5.594 
711.000 5.594 
712.000 5.594 
713.000 5.594 
714.000 5.594 
715.000 5.594 
716.000 5.594 
717.000 5.594 
718.000 5.594 
719.000 5.594 
720.000 5.594 
721.000 5.594 
722.000 5.594 
723.000 5.594 
724.000 5.594 
725.000 5.594 
726.000 5.594 
727.000 5.594 
728.000 5.594 
729.000 5.594 
730.000 5.594 
731.000 5.594 
732.000 5.594 
733.000 5.594 
734.000 5.594 
735.000 5.594 
736.000 5.594 
737.000 5.594 
738.000 5.594 
739.000 5.594 
740.000 5.594 
741.000 5.594 
742.000 5.594 
743.000 5.594 
744.000 5.594 
745.000 5.594 
746.000 5.594 
747.000 5.594 
748.000 5.594 
749.000 5.594 
750.000 5.594 
751.000 5.594 
752.000 5.594 
753.000 5.594 
754.000 5.594 
755.000 5.594 
756.000 5.594 
757.000 5.594 
758.000 5.594 
759.000 5.594 
760.000 5.594 
761.000 5.594 
762.000 5.594 
763.000 5.594 
764.000 5.594 
765.000 5.594 
766.000 5.594 
767.000 5.594 
768.000 5.594 
769.000 5.594 
770.000 5.594 
771.000 5.594 
772.000 5.594 
773.000 5.594 
774.000 5.594 
775.000 5.594 
776.000 5.594 
777.000 5.594 
778.000 5.594 
779.000 5.594 
780.000 5.594 
781.000 5.594 
782.000 5.594 
783.000 5.594 
784.000 5.594 
785.000 5.594 
786.000 5.594 
787.000 5.594 
788.000 5.594 
789.000 5.594 
790.000 5.594 
791.000 5.594 
792.000 5.594 
793.000 5.594 
794.000 5.594 
795.000 5.594 
796.000 5.594 
797.000 5.594 
798.000 5.594 
799.000 5.594 
800.000 5.594 
