1.000 0.000 
2.000 0.000 
3.000 0.000 
4.000 0.000 
5.000 0.000 
6.000 0.000 
7.000 0.000 
8.000 0.000 
9.000 0.000 
10.000 0.000 
11.000 0.000 
12.000 -0.014 
13.000 -0.037 
14.000 -0.056 
15.000 -0.070 
16.000 -0.078 
17.000 -0.083 
18.000 -0.085 
19.000 -0.083 
20.000 -0.078 
21.000 -0.073 
22.000 -0.067 
23.000 -0.062 
24.000 -0.059 
25.000 -0.057 
26.000 -0.057 
27.000 -0.058 
28.000 -0.060 
29.000 -0.063 
30.000 -0.065 
31.000 -0.067 
32.000 -0.068 
33.000 -0.069 
34.000 -0.069 
35.000 -0.069 
36.000 -0.068 
37.000 -0.067 
38.000 -0.067 
39.000 -0.066 
40.000 -0.066 
41.000 -0.066 
42.000 -0.066 
43.000 -0.066 
44.000 -0.067 
45.000 -0.067 
46.000 -0.067 
47.000 -0.068 
48.000 -0.068 
49.000 -0.068 
50.000 -0.068 
51.000 -0.068 
52.000 -0.068 
53.000 -0.068 
54.000 -0.069 
55.000 -0.069 
56.000 -0.069 
57.000 -0.069 
58.000 -0.069 
59.000 -0.069 
60.000 -0.069 
61.000 -0.069 
62.000 -0.069 
63.000 -0.070 
64.000 -0.070 
65.000 -0.070 
66.000 -0.070 
67.000 -0.070 
68.000 -0.070 
69.000 -0.070 
70.000 -0.070 
71.000 -0.070 
72.000 -0.071 
73.000 -0.071 
74.000 -0.071 
75.000 -0.071 
76.000 -0.071 
77.000 -0.071 
78.000 -0.071 
79.000 -0.071 
80.000 -0.071 
81.000 -0.072 
82.000 -0.072 
83.000 -0.072 
84.000 -0.072 
85.000 -0.072 
86.000 -0.072 
87.000 -0.072 
88.000 -0.072 
89.000 -0.072 
90.000 -0.073 
91.000 -0.073 
92.000 -0.073 
93.000 -0.073 
94.000 -0.073 
95.000 -0.073 
96.000 -0.073 
97.000 -0.073 
98.000 -0.073 
99.000 -0.073 
100.000 -0.074 
101.000 -0.074 
102.000 -0.074 
103.000 -0.074 
104.000 -0.074 
105.000 -0.074 
106.000 -0.074 
107.000 -0.074 
108.000 -0.074 
109.000 -0.074 
110.000 -0.075 
111.000 -0.075 
112.000 -0.075 
113.000 -0.075 
114.000 -0.075 
115.000 -0.075 
116.000 -0.075 
117.000 -0.075 
118.000 -0.075 
119.000 -0.075 
120.000 -0.076 
121.000 -0.076 
122.000 -0.076 
123.000 -0.076 
124.000 -0.076 
125.000 -0.076 
126.000 -0.074 
127.000 -0.067 
128.000 -0.059 
129.000 -0.053 
130.000 -0.048 
131.000 -0.046 
132.000 -0.045 
133.000 -0.046 
134.000 -0.049 
135.000 -0.052 
136.000 -0.055 
137.000 -0.058 
138.000 -0.060 
139.000 -0.061 
140.000 -0.061 
141.000 -0.060 
142.000 -0.059 
143.000 -0.058 
144.000 -0.057 
145.000 -0.056 
146.000 -0.055 
147.000 -0.055 
148.000 -0.055 
149.000 -0.055 
150.000 -0.056 
151.000 -0.056 
152.000 -0.057 
153.000 -0.057 
154.000 -0.058 
155.000 -0.058 
156.000 -0.058 
157.000 -0.058 
158.000 -0.058 
159.000 -0.058 
160.000 -0.057 
161.000 -0.057 
162.000 -0.057 
163.000 -0.057 
164.000 -0.057 
165.000 -0.057 
166.000 -0.057 
167.000 -0.058 
168.000 -0.058 
169.000 -0.058 
170.000 -0.058 
171.000 -0.058 
172.000 -0.058 
173.000 -0.058 
174.000 -0.058 
175.000 -0.058 
176.000 -0.058 
177.000 -0.058 
178.000 -0.058 
179.000 -0.058 
180.000 -0.058 
181.000 -0.058 
182.000 -0.058 
183.000 -0.058 
184.000 -0.058 
185.000 -0.058 
186.000 -0.058 
187.000 -0.058 
188.000 -0.059 
189.000 -0.059 
190.000 -0.059 
191.000 -0.059 
192.000 -0.059 
193.000 -0.059 
194.000 -0.059 
195.000 -0.059 
196.000 -0.059 
197.000 -0.059 
198.000 -0.059 
199.000 -0.059 
200.000 -0.059 
201.000 -0.059 
202.000 -0.059 
203.000 -0.059 
204.000 -0.059 
205.000 -0.059 
206.000 -0.059 
207.000 -0.059 
208.000 -0.059 
209.000 -0.059 
210.000 -0.059 
211.000 -0.059 
212.000 -0.059 
213.000 -0.059 
214.000 -0.059 
215.000 -0.060 
216.000 -0.060 
217.000 -0.060 
218.000 -0.060 
219.000 -0.060 
220.000 -0.060 
221.000 -0.060 
222.000 -0.060 
223.000 -0.060 
224.000 -0.060 
225.000 -0.060 
226.000 -0.060 
227.000 -0.060 
228.000 -0.060 
229.000 -0.060 
230.000 -0.060 
231.000 -0.060 
232.000 -0.060 
233.000 -0.060 
234.000 -0.060 
235.000 -0.060 
236.000 -0.060 
237.000 -0.060 
238.000 -0.060 
239.000 -0.060 
240.000 -0.060 
241.000 -0.060 
242.000 -0.061 
243.000 -0.061 
244.000 -0.061 
245.000 -0.061 
246.000 -0.023 
247.000 0.044 
248.000 0.124 
249.000 0.199 
250.000 0.268 
251.000 0.297 
252.000 0.295 
253.000 0.253 
254.000 0.192 
255.000 0.124 
256.000 0.061 
257.000 0.012 
258.000 -0.018 
259.000 -0.029 
260.000 -0.013 
261.000 0.033 
262.000 0.104 
263.000 0.183 
264.000 0.252 
265.000 0.297 
266.000 0.306 
267.000 0.278 
268.000 0.221 
269.000 0.153 
270.000 0.086 
271.000 0.031 
272.000 -0.007 
273.000 -0.026 
274.000 -0.020 
275.000 0.017 
276.000 0.083 
277.000 0.164 
278.000 0.240 
279.000 0.297 
280.000 0.320 
281.000 0.302 
282.000 0.252 
283.000 0.183 
284.000 0.111 
285.000 0.049 
286.000 0.003 
287.000 -0.023 
288.000 -0.026 
289.000 0.002 
290.000 0.063 
291.000 0.144 
292.000 0.228 
293.000 0.297 
294.000 0.333 
295.000 0.327 
296.000 0.282 
297.000 0.213 
298.000 0.137 
299.000 0.068 
300.000 0.015 
301.000 -0.019 
302.000 -0.030 
303.000 -0.012 
304.000 0.042 
305.000 0.124 
306.000 0.214 
307.000 0.293 
308.000 0.342 
309.000 0.349 
310.000 0.312 
311.000 0.245 
312.000 0.164 
313.000 0.088 
314.000 0.028 
315.000 -0.013 
316.000 -0.032 
317.000 -0.024 
318.000 0.021 
319.000 0.101 
320.000 0.195 
321.000 0.284 
322.000 0.348 
323.000 0.368 
324.000 0.342 
325.000 0.278 
326.000 0.195 
327.000 0.111 
328.000 0.043 
329.000 -0.006 
330.000 -0.033 
331.000 -0.033 
332.000 0.002 
333.000 0.077 
334.000 0.175 
335.000 0.272 
336.000 0.348 
337.000 0.384 
338.000 0.369 
339.000 0.310 
340.000 0.226 
341.000 0.137 
342.000 0.060 
343.000 0.004 
344.000 -0.030 
345.000 -0.040 
346.000 -0.014 
347.000 0.054 
348.000 0.153 
349.000 0.256 
350.000 0.345 
351.000 0.395 
352.000 0.393 
353.000 0.342 
354.000 0.258 
355.000 0.163 
356.000 0.079 
357.000 0.016 
358.000 -0.025 
359.000 -0.043 
360.000 -0.028 
361.000 0.031 
362.000 0.128 
363.000 0.237 
364.000 0.335 
365.000 0.400 
366.000 0.566 
367.000 0.518 
368.000 0.559 
369.000 0.457 
370.000 0.440 
371.000 0.298 
372.000 0.209 
373.000 0.168 
374.000 0.212 
375.000 0.289 
376.000 0.451 
377.000 0.669 
378.000 0.845 
379.000 0.933 
380.000 0.981 
381.000 0.812 
382.000 0.689 
383.000 0.451 
384.000 0.246 
385.000 0.120 
386.000 0.056 
387.000 0.083 
388.000 0.254 
389.000 0.570 
390.000 0.932 
391.000 1.226 
392.000 1.330 
393.000 1.326 
394.000 0.955 
395.000 0.619 
396.000 0.354 
397.000 0.164 
398.000 0.043 
399.000 -0.047 
400.000 -0.037 
401.000 0.140 
402.000 0.466 
403.000 0.840 
404.000 1.189 
405.000 1.342 
406.000 1.365 
407.000 1.031 
408.000 0.740 
409.000 0.442 
410.000 0.217 
411.000 0.075 
412.000 -0.028 
413.000 -0.052 
414.000 0.080 
415.000 0.376 
416.000 0.752 
417.000 1.127 
418.000 1.379 
419.000 1.350 
420.000 1.315 
421.000 0.841 
422.000 0.448 
423.000 0.220 
424.000 0.075 
425.000 -0.010 
426.000 -0.069 
427.000 0.025 
428.000 0.294 
429.000 0.659 
430.000 1.022 
431.000 1.321 
432.000 1.229 
433.000 1.226 
434.000 0.782 
435.000 0.396 
436.000 0.190 
437.000 0.057 
438.000 -0.016 
439.000 -0.044 
440.000 0.088 
441.000 0.386 
442.000 0.763 
443.000 1.118 
444.000 1.368 
445.000 1.295 
446.000 1.271 
447.000 0.806 
448.000 0.414 
449.000 0.198 
450.000 0.063 
451.000 -0.014 
452.000 -0.049 
453.000 0.078 
454.000 0.373 
455.000 0.753 
456.000 1.119 
457.000 1.394 
458.000 1.291 
459.000 1.270 
460.000 0.808 
461.000 0.415 
462.000 0.199 
463.000 0.062 
464.000 -0.014 
465.000 -0.043 
466.000 0.090 
467.000 0.389 
468.000 0.774 
469.000 1.149 
470.000 1.425 
471.000 1.320 
472.000 1.293 
473.000 0.823 
474.000 0.425 
475.000 0.205 
476.000 0.065 
477.000 -0.013 
478.000 -0.044 
479.000 0.090 
480.000 0.388 
481.000 0.777 
482.000 1.161 
483.000 1.451 
484.000 1.329 
485.000 1.300 
486.000 1.436 
487.000 0.982 
488.000 0.670 
489.000 0.631 
490.000 0.776 
491.000 0.868 
492.000 1.037 
493.000 1.325 
494.000 1.687 
495.000 1.917 
496.000 2.098 
497.000 2.079 
498.000 1.953 
499.000 1.545 
500.000 1.305 
501.000 1.024 
502.000 0.897 
503.000 0.981 
504.000 1.211 
505.000 1.537 
506.000 1.918 
507.000 2.324 
508.000 2.657 
509.000 2.472 
510.000 2.316 
511.000 1.537 
512.000 0.975 
513.000 0.583 
514.000 0.331 
515.000 0.348 
516.000 0.554 
517.000 0.887 
518.000 1.298 
519.000 1.748 
520.000 2.209 
521.000 2.478 
522.000 2.307 
523.000 2.145 
524.000 1.398 
525.000 0.853 
526.000 0.519 
527.000 0.349 
528.000 0.424 
529.000 0.668 
530.000 1.024 
531.000 1.445 
532.000 1.898 
533.000 2.355 
534.000 2.570 
535.000 2.460 
536.000 2.238 
537.000 1.709 
538.000 1.375 
539.000 1.063 
540.000 0.917 
541.000 0.987 
542.000 1.207 
543.000 1.526 
544.000 1.903 
545.000 2.307 
546.000 2.714 
547.000 2.899 
548.000 2.733 
549.000 2.490 
550.000 1.843 
551.000 1.413 
552.000 1.091 
553.000 0.949 
554.000 1.020 
555.000 1.241 
556.000 1.558 
557.000 1.933 
558.000 2.334 
559.000 2.739 
560.000 2.963 
561.000 2.762 
562.000 2.545 
563.000 1.738 
564.000 1.169 
565.000 0.794 
566.000 0.616 
567.000 0.675 
568.000 0.899 
569.000 1.232 
570.000 1.629 
571.000 2.058 
572.000 2.493 
573.000 2.823 
574.000 2.705 
575.000 2.557 
576.000 1.783 
577.000 1.241 
578.000 0.812 
579.000 0.568 
580.000 0.582 
581.000 0.778 
582.000 1.095 
583.000 1.487 
584.000 1.916 
585.000 2.357 
586.000 2.769 
587.000 2.900 
588.000 2.789 
589.000 2.459 
590.000 2.127 
591.000 1.607 
592.000 1.288 
593.000 1.221 
594.000 1.336 
595.000 1.576 
596.000 1.894 
597.000 2.257 
598.000 2.638 
599.000 3.017 
600.000 3.260 
601.000 3.103 
602.000 2.892 
603.000 2.178 
604.000 1.689 
605.000 1.311 
606.000 1.123 
607.000 1.155 
608.000 1.343 
609.000 1.634 
610.000 1.986 
611.000 2.370 
612.000 2.761 
613.000 3.143 
614.000 3.505 
615.000 3.768 
616.000 3.838 
617.000 3.706 
618.000 3.468 
619.000 3.157 
620.000 2.920 
621.000 2.829 
622.000 2.866 
623.000 2.994 
624.000 3.181 
625.000 3.403 
626.000 3.642 
627.000 3.883 
628.000 4.117 
629.000 4.338 
630.000 4.541 
631.000 4.699 
632.000 4.789 
633.000 4.811 
634.000 4.780 
635.000 4.722 
636.000 4.691 
637.000 4.700 
638.000 4.739 
639.000 4.799 
640.000 4.870 
641.000 4.948 
642.000 5.027 
643.000 5.104 
644.000 5.177 
645.000 5.244 
646.000 5.304 
647.000 5.358 
648.000 5.404 
649.000 5.444 
650.000 5.478 
651.000 5.507 
652.000 5.530 
653.000 5.549 
654.000 5.564 
655.000 5.576 
656.000 5.585 
657.000 5.592 
658.000 5.596 
659.000 5.600 
660.000 5.602 
661.000 5.603 
662.000 5.604 
663.000 5.604 
664.000 5.604 
665.000 5.603 
666.000 5.602 
667.000 5.601 
668.000 5.601 
669.000 5.600 
670.000 5.599 
671.000 5.598 
672.000 5.597 
673.000 5.597 
674.000 5.596 
675.000 5.596 
676.000 5.596 
677.000 5.595 
678.000 5.595 
679.000 5.595 
680.000 5.595 
681.000 5.594 
682.000 5.594 
683.000 5.594 
684.000 5.594 
685.000 5.594 
686.000 5.594 
687.000 5.594 
688.000 5.594 
689.000 5.594 
690.000 5.594 
691.000 5.594 
692.000 5.594 
693.000 5.594 
694.000 5.594 
695.000 5.594 
696.000 5.594 
697.000 5.594 
698.000 5.594 
699.000 5.594 
700.000 5.594 
701.000 5.594 
702.000 5.594 
703.000 5.594 
704.000 5.594 
705.000 5.594 
706.000 5.594 
707.000 5.594 
708.000 5.594 
709.000 5.594 
710.000 5.594 
711.000 5.594 
712.000 5.594 
713.000 5.594 
714.000 5.594 
715.000 5.594 
716.000 5.594 
717.000 5.594 
718.000 5.594 
719.000 5.594 
720.000 5.594 
721.000 5.594 
722.000 5.594 
723.000 5.594 
724.000 5.594 
725.000 5.594 
726.000 5.594 
727.000 5.594 
728.000 5.594 
729.000 5.594 
730.000 5.594 
731.000 5.594 
732.000 5.594 
733.000 5.594 
734.000 5.594 
735.000 5.594 
736.000 5.594 
737.000 5.594 
738.000 5.594 
739.000 5.594 
740.000 5.594 
741.000 5.594 
742.000 5.594 
743.000 5.594 
744.000 5.594 
745.000 5.594 
746.000 5.594 
747.000 5.594 
748.000 5.594 
749.000 5.594 
750.000 5.594 
751.000 5.594 
752.000 5.594 
753.000 5.594 
754.000 5.594 
755.000 5.594 
756.000 5.594 
757.000 5.594 
758.000 5.594 
759.000 5.594 
760.000 5.594 
761.000 5.594 
762.000 5.594 
763.000 5.594 
764.000 5.594 
765.000 5.594 
766.000 5.594 
767.000 5.594 
768.000 5.594 
769.000 5.594 
770.000 5.594 
771.000 5.594 
772.000 5.594 
773.000 5.594 
774.000 5.594 
775.000 5.594 
776.000 5.594 
777.000 5.594 
778.000 5.594 
779.000 5.594 
780.000 5.594 
781.000 5.594 
782.000 5.594 
783.000 5.594 
784.000 5.594 
785.000 5.594 
786.000 5.594 
787.000 5.594 
788.000 5.594 
789.000 5.594 
790.000 5.594 
791.000 5.594 
792.000 5.594 
793.000 5.594 
794.000 5.594 
795.000 5.594 
796.000 5.594 
797.000 5.594 
798.000 5.594 
799.000 5.594 
800.000 5.594 
