1.000 0.000 
2.000 0.000 
3.000 0.000 
4.000 0.000 
5.000 0.000 
6.000 0.000 
7.000 0.000 
8.000 0.000 
9.000 0.000 
10.000 0.000 
11.000 0.000 
12.000 -0.016 
13.000 -0.038 
14.000 -0.048 
15.000 -0.051 
16.000 -0.052 
17.000 -0.050 
18.000 -0.045 
19.000 -0.039 
20.000 -0.035 
21.000 -0.033 
22.000 -0.033 
23.000 -0.034 
24.000 -0.036 
25.000 -0.038 
26.000 -0.039 
27.000 -0.040 
28.000 -0.041 
29.000 -0.040 
30.000 -0.040 
31.000 -0.040 
32.000 -0.039 
33.000 -0.039 
34.000 -0.039 
35.000 -0.039 
36.000 -0.039 
37.000 -0.040 
38.000 -0.040 
39.000 -0.040 
40.000 -0.040 
41.000 -0.040 
42.000 -0.040 
43.000 -0.040 
44.000 -0.040 
45.000 -0.040 
46.000 -0.040 
47.000 -0.041 
48.000 -0.041 
49.000 -0.041 
50.000 -0.041 
51.000 -0.041 
52.000 -0.041 
53.000 -0.041 
54.000 -0.041 
55.000 -0.041 
56.000 -0.041 
57.000 -0.042 
58.000 -0.042 
59.000 -0.042 
60.000 -0.042 
61.000 -0.042 
62.000 -0.042 
63.000 -0.042 
64.000 -0.042 
65.000 -0.042 
66.000 -0.042 
67.000 -0.042 
68.000 -0.042 
69.000 -0.043 
70.000 -0.043 
71.000 -0.043 
72.000 -0.043 
73.000 -0.043 
74.000 -0.043 
75.000 -0.043 
76.000 -0.043 
77.000 -0.043 
78.000 -0.043 
79.000 -0.043 
80.000 -0.044 
81.000 -0.044 
82.000 -0.044 
83.000 -0.044 
84.000 -0.044 
85.000 -0.044 
86.000 -0.044 
87.000 -0.044 
88.000 -0.044 
89.000 -0.044 
90.000 -0.044 
91.000 -0.044 
92.000 -0.045 
93.000 -0.045 
94.000 -0.045 
95.000 -0.045 
96.000 -0.045 
97.000 -0.045 
98.000 -0.045 
99.000 -0.045 
100.000 -0.045 
101.000 -0.045 
102.000 -0.045 
103.000 -0.045 
104.000 -0.046 
105.000 -0.046 
106.000 -0.046 
107.000 -0.046 
108.000 -0.046 
109.000 -0.046 
110.000 -0.046 
111.000 -0.046 
112.000 -0.046 
113.000 -0.046 
114.000 -0.046 
115.000 -0.046 
116.000 -0.047 
117.000 -0.047 
118.000 -0.047 
119.000 -0.047 
120.000 -0.047 
121.000 -0.047 
122.000 -0.047 
123.000 -0.047 
124.000 -0.047 
125.000 -0.047 
126.000 -0.042 
127.000 -0.033 
128.000 -0.029 
129.000 -0.028 
130.000 -0.028 
131.000 -0.029 
132.000 -0.031 
133.000 -0.034 
134.000 -0.036 
135.000 -0.036 
136.000 -0.037 
137.000 -0.036 
138.000 -0.036 
139.000 -0.035 
140.000 -0.034 
141.000 -0.034 
142.000 -0.034 
143.000 -0.034 
144.000 -0.034 
145.000 -0.035 
146.000 -0.035 
147.000 -0.035 
148.000 -0.035 
149.000 -0.035 
150.000 -0.035 
151.000 -0.035 
152.000 -0.035 
153.000 -0.035 
154.000 -0.035 
155.000 -0.035 
156.000 -0.035 
157.000 -0.035 
158.000 -0.035 
159.000 -0.035 
160.000 -0.036 
161.000 -0.036 
162.000 -0.036 
163.000 -0.036 
164.000 -0.036 
165.000 -0.036 
166.000 -0.036 
167.000 -0.036 
168.000 -0.036 
169.000 -0.036 
170.000 -0.036 
171.000 -0.036 
172.000 -0.036 
173.000 -0.036 
174.000 -0.036 
175.000 -0.036 
176.000 -0.036 
177.000 -0.036 
178.000 -0.036 
179.000 -0.036 
180.000 -0.036 
181.000 -0.036 
182.000 -0.036 
183.000 -0.036 
184.000 -0.037 
185.000 -0.037 
186.000 -0.037 
187.000 -0.037 
188.000 -0.037 
189.000 -0.037 
190.000 -0.037 
191.000 -0.037 
192.000 -0.037 
193.000 -0.037 
194.000 -0.037 
195.000 -0.037 
196.000 -0.037 
197.000 -0.037 
198.000 -0.037 
199.000 -0.037 
200.000 -0.037 
201.000 -0.037 
202.000 -0.037 
203.000 -0.037 
204.000 -0.037 
205.000 -0.037 
206.000 -0.037 
207.000 -0.037 
208.000 -0.037 
209.000 -0.038 
210.000 -0.038 
211.000 -0.038 
212.000 -0.038 
213.000 -0.038 
214.000 -0.038 
215.000 -0.038 
216.000 -0.038 
217.000 -0.038 
218.000 -0.038 
219.000 -0.038 
220.000 -0.038 
221.000 -0.038 
222.000 -0.038 
223.000 -0.038 
224.000 -0.038 
225.000 -0.038 
226.000 -0.038 
227.000 -0.038 
228.000 -0.038 
229.000 -0.038 
230.000 -0.038 
231.000 -0.038 
232.000 -0.038 
233.000 -0.038 
234.000 -0.039 
235.000 -0.039 
236.000 -0.039 
237.000 -0.039 
238.000 -0.039 
239.000 -0.039 
240.000 -0.039 
241.000 -0.039 
242.000 -0.039 
243.000 -0.039 
244.000 -0.039 
245.000 -0.039 
246.000 0.020 
247.000 0.053 
248.000 0.065 
249.000 0.076 
250.000 0.084 
251.000 0.078 
252.000 0.066 
253.000 0.056 
254.000 0.049 
255.000 0.044 
256.000 0.043 
257.000 0.047 
258.000 0.052 
259.000 0.057 
260.000 0.062 
261.000 0.065 
262.000 0.066 
263.000 0.065 
264.000 0.064 
265.000 0.062 
266.000 0.060 
267.000 0.059 
268.000 0.059 
269.000 0.060 
270.000 0.061 
271.000 0.062 
272.000 0.064 
273.000 0.065 
274.000 0.065 
275.000 0.066 
276.000 0.066 
277.000 0.066 
278.000 0.066 
279.000 0.066 
280.000 0.066 
281.000 0.066 
282.000 0.067 
283.000 0.067 
284.000 0.068 
285.000 0.069 
286.000 0.069 
287.000 0.069 
288.000 0.070 
289.000 0.070 
290.000 0.070 
291.000 0.071 
292.000 0.071 
293.000 0.071 
294.000 0.072 
295.000 0.072 
296.000 0.073 
297.000 0.073 
298.000 0.074 
299.000 0.074 
300.000 0.074 
301.000 0.075 
302.000 0.075 
303.000 0.076 
304.000 0.076 
305.000 0.076 
306.000 0.077 
307.000 0.077 
308.000 0.078 
309.000 0.078 
310.000 0.078 
311.000 0.079 
312.000 0.079 
313.000 0.080 
314.000 0.080 
315.000 0.080 
316.000 0.081 
317.000 0.081 
318.000 0.082 
319.000 0.082 
320.000 0.082 
321.000 0.083 
322.000 0.083 
323.000 0.084 
324.000 0.084 
325.000 0.085 
326.000 0.085 
327.000 0.085 
328.000 0.086 
329.000 0.086 
330.000 0.087 
331.000 0.087 
332.000 0.088 
333.000 0.088 
334.000 0.088 
335.000 0.089 
336.000 0.089 
337.000 0.090 
338.000 0.090 
339.000 0.091 
340.000 0.091 
341.000 0.091 
342.000 0.092 
343.000 0.092 
344.000 0.093 
345.000 0.093 
346.000 0.094 
347.000 0.094 
348.000 0.094 
349.000 0.095 
350.000 0.095 
351.000 0.096 
352.000 0.096 
353.000 0.097 
354.000 0.097 
355.000 0.097 
356.000 0.098 
357.000 0.098 
358.000 0.099 
359.000 0.099 
360.000 0.100 
361.000 0.100 
362.000 0.101 
363.000 0.101 
364.000 0.101 
365.000 0.102 
366.000 0.200 
367.000 0.287 
368.000 0.372 
369.000 0.433 
370.000 0.487 
371.000 0.502 
372.000 0.490 
373.000 0.457 
374.000 0.415 
375.000 0.372 
376.000 0.338 
377.000 0.321 
378.000 0.321 
379.000 0.338 
380.000 0.365 
381.000 0.398 
382.000 0.430 
383.000 0.456 
384.000 0.473 
385.000 0.479 
386.000 0.475 
387.000 0.463 
388.000 0.448 
389.000 0.432 
390.000 0.420 
391.000 0.415 
392.000 0.417 
393.000 0.426 
394.000 0.440 
395.000 0.457 
396.000 0.474 
397.000 0.488 
398.000 0.498 
399.000 0.503 
400.000 0.503 
401.000 0.499 
402.000 0.493 
403.000 0.487 
404.000 0.482 
405.000 0.481 
406.000 0.483 
407.000 0.489 
408.000 0.497 
409.000 0.508 
410.000 0.519 
411.000 0.530 
412.000 0.538 
413.000 0.543 
414.000 0.545 
415.000 0.545 
416.000 0.543 
417.000 0.540 
418.000 0.538 
419.000 0.538 
420.000 0.539 
421.000 0.543 
422.000 0.549 
423.000 0.558 
424.000 0.566 
425.000 0.575 
426.000 0.583 
427.000 0.589 
428.000 0.593 
429.000 0.594 
430.000 0.594 
431.000 0.593 
432.000 0.591 
433.000 0.591 
434.000 0.591 
435.000 0.594 
436.000 0.598 
437.000 0.605 
438.000 0.612 
439.000 0.620 
440.000 0.628 
441.000 0.635 
442.000 0.640 
443.000 0.644 
444.000 0.645 
445.000 0.644 
446.000 0.643 
447.000 0.642 
448.000 0.641 
449.000 0.641 
450.000 0.644 
451.000 0.648 
452.000 0.654 
453.000 0.662 
454.000 0.670 
455.000 0.679 
456.000 0.686 
457.000 0.691 
458.000 0.694 
459.000 0.695 
460.000 0.694 
461.000 0.691 
462.000 0.689 
463.000 0.686 
464.000 0.685 
465.000 0.687 
466.000 0.690 
467.000 0.697 
468.000 0.705 
469.000 0.715 
470.000 0.724 
471.000 0.733 
472.000 0.740 
473.000 0.744 
474.000 0.745 
475.000 0.743 
476.000 0.738 
477.000 0.732 
478.000 0.726 
479.000 0.721 
480.000 0.719 
481.000 0.721 
482.000 0.727 
483.000 0.736 
484.000 0.749 
485.000 0.762 
486.000 0.872 
487.000 1.056 
488.000 1.270 
489.000 1.503 
490.000 1.745 
491.000 1.987 
492.000 2.223 
493.000 2.446 
494.000 2.650 
495.000 2.835 
496.000 2.996 
497.000 3.134 
498.000 3.248 
499.000 3.340 
500.000 3.410 
501.000 3.460 
502.000 3.494 
503.000 3.513 
504.000 3.520 
505.000 3.517 
506.000 3.508 
507.000 3.494 
508.000 3.477 
509.000 3.460 
510.000 3.444 
511.000 3.429 
512.000 3.418 
513.000 3.409 
514.000 3.404 
515.000 3.403 
516.000 3.405 
517.000 3.410 
518.000 3.418 
519.000 3.429 
520.000 3.440 
521.000 3.453 
522.000 3.467 
523.000 3.481 
524.000 3.495 
525.000 3.508 
526.000 3.520 
527.000 3.531 
528.000 3.541 
529.000 3.550 
530.000 3.557 
531.000 3.563 
532.000 3.567 
533.000 3.571 
534.000 3.573 
535.000 3.574 
536.000 3.575 
537.000 3.575 
538.000 3.574 
539.000 3.573 
540.000 3.572 
541.000 3.571 
542.000 3.570 
543.000 3.569 
544.000 3.568 
545.000 3.567 
546.000 3.567 
547.000 3.567 
548.000 3.566 
549.000 3.567 
550.000 3.567 
551.000 3.567 
552.000 3.568 
553.000 3.569 
554.000 3.569 
555.000 3.570 
556.000 3.571 
557.000 3.572 
558.000 3.573 
559.000 3.573 
560.000 3.574 
561.000 3.574 
562.000 3.575 
563.000 3.575 
564.000 3.576 
565.000 3.576 
566.000 3.576 
567.000 3.576 
568.000 3.576 
569.000 3.576 
570.000 3.576 
571.000 3.576 
572.000 3.576 
573.000 3.576 
574.000 3.576 
575.000 3.576 
576.000 3.576 
577.000 3.576 
578.000 3.576 
579.000 3.575 
580.000 3.575 
581.000 3.575 
582.000 3.575 
583.000 3.575 
584.000 3.576 
585.000 3.576 
586.000 3.576 
587.000 3.576 
588.000 3.576 
589.000 3.576 
590.000 3.576 
591.000 3.576 
592.000 3.576 
593.000 3.576 
594.000 3.576 
595.000 3.576 
596.000 3.576 
597.000 3.576 
598.000 3.576 
599.000 3.576 
600.000 3.576 
601.000 3.576 
602.000 3.576 
603.000 3.576 
604.000 3.576 
605.000 3.576 
606.000 3.631 
607.000 3.734 
608.000 3.869 
609.000 4.026 
610.000 4.196 
611.000 4.368 
612.000 4.535 
613.000 4.693 
614.000 4.838 
615.000 4.969 
616.000 5.085 
617.000 5.186 
618.000 5.273 
619.000 5.346 
620.000 5.407 
621.000 5.457 
622.000 5.498 
623.000 5.530 
624.000 5.556 
625.000 5.575 
626.000 5.589 
627.000 5.600 
628.000 5.607 
629.000 5.611 
630.000 5.614 
631.000 5.615 
632.000 5.615 
633.000 5.614 
634.000 5.613 
635.000 5.612 
636.000 5.610 
637.000 5.608 
638.000 5.606 
639.000 5.604 
640.000 5.603 
641.000 5.601 
642.000 5.600 
643.000 5.599 
644.000 5.598 
645.000 5.597 
646.000 5.596 
647.000 5.596 
648.000 5.595 
649.000 5.595 
650.000 5.595 
651.000 5.594 
652.000 5.594 
653.000 5.594 
654.000 5.594 
655.000 5.594 
656.000 5.594 
657.000 5.594 
658.000 5.594 
659.000 5.594 
660.000 5.594 
661.000 5.594 
662.000 5.594 
663.000 5.594 
664.000 5.594 
665.000 5.594 
666.000 5.594 
667.000 5.594 
668.000 5.594 
669.000 5.594 
670.000 5.594 
671.000 5.594 
672.000 5.594 
673.000 5.594 
674.000 5.594 
675.000 5.594 
676.000 5.594 
677.000 5.594 
678.000 5.594 
679.000 5.594 
680.000 5.594 
681.000 5.594 
682.000 5.594 
683.000 5.594 
684.000 5.594 
685.000 5.594 
686.000 5.594 
687.000 5.594 
688.000 5.594 
689.000 5.594 
690.000 5.594 
691.000 5.594 
692.000 5.594 
693.000 5.594 
694.000 5.594 
695.000 5.594 
696.000 5.594 
697.000 5.594 
698.000 5.594 
699.000 5.594 
700.000 5.594 
701.000 5.594 
702.000 5.594 
703.000 5.594 
704.000 5.594 
705.000 5.594 
706.000 5.594 
707.000 5.594 
708.000 5.594 
709.000 5.594 
710.000 5.594 
711.000 5.594 
712.000 5.594 
713.000 5.594 
714.000 5.594 
715.000 5.594 
716.000 5.594 
717.000 5.594 
718.000 5.594 
719.000 5.594 
720.000 5.594 
721.000 5.594 
722.000 5.594 
723.000 5.594 
724.000 5.594 
725.000 5.594 
726.000 5.594 
727.000 5.594 
728.000 5.594 
729.000 5.594 
730.000 5.594 
731.000 5.594 
732.000 5.594 
733.000 5.594 
734.000 5.594 
735.000 5.594 
736.000 5.594 
737.000 5.594 
738.000 5.594 
739.000 5.594 
740.000 5.594 
741.000 5.594 
742.000 5.594 
743.000 5.594 
744.000 5.594 
745.000 5.594 
746.000 5.594 
747.000 5.594 
748.000 5.594 
749.000 5.594 
750.000 5.594 
751.000 5.594 
752.000 5.594 
753.000 5.594 
754.000 5.594 
755.000 5.594 
756.000 5.594 
757.000 5.594 
758.000 5.594 
759.000 5.594 
760.000 5.594 
761.000 5.594 
762.000 5.594 
763.000 5.594 
764.000 5.594 
765.000 5.594 
766.000 5.594 
767.000 5.594 
768.000 5.594 
769.000 5.594 
770.000 5.594 
771.000 5.594 
772.000 5.594 
773.000 5.594 
774.000 5.594 
775.000 5.594 
776.000 5.594 
777.000 5.594 
778.000 5.594 
779.000 5.594 
780.000 5.594 
781.000 5.594 
782.000 5.594 
783.000 5.594 
784.000 5.594 
785.000 5.594 
786.000 5.594 
787.000 5.594 
788.000 5.594 
789.000 5.594 
790.000 5.594 
791.000 5.594 
792.000 5.594 
793.000 5.594 
794.000 5.594 
795.000 5.594 
796.000 5.594 
797.000 5.594 
798.000 5.594 
799.000 5.594 
800.000 5.594 
