1.000 0.000 
2.000 0.000 
3.000 0.000 
4.000 0.000 
5.000 0.000 
6.000 0.000 
7.000 0.000 
8.000 0.000 
9.000 0.000 
10.000 0.000 
11.000 0.000 
12.000 -0.036 
13.000 -0.078 
14.000 -0.098 
15.000 -0.107 
16.000 -0.113 
17.000 -0.116 
18.000 -0.111 
19.000 -0.096 
20.000 -0.081 
21.000 -0.068 
22.000 -0.060 
23.000 -0.055 
24.000 -0.057 
25.000 -0.065 
26.000 -0.074 
27.000 -0.082 
28.000 -0.089 
29.000 -0.094 
30.000 -0.095 
31.000 -0.094 
32.000 -0.091 
33.000 -0.087 
34.000 -0.083 
35.000 -0.079 
36.000 -0.077 
37.000 -0.076 
38.000 -0.078 
39.000 -0.080 
40.000 -0.082 
41.000 -0.085 
42.000 -0.087 
43.000 -0.088 
44.000 -0.088 
45.000 -0.088 
46.000 -0.087 
47.000 -0.086 
48.000 -0.084 
49.000 -0.084 
50.000 -0.083 
51.000 -0.083 
52.000 -0.084 
53.000 -0.085 
54.000 -0.085 
55.000 -0.086 
56.000 -0.087 
57.000 -0.087 
58.000 -0.087 
59.000 -0.087 
60.000 -0.087 
61.000 -0.086 
62.000 -0.086 
63.000 -0.086 
64.000 -0.086 
65.000 -0.086 
66.000 -0.087 
67.000 -0.087 
68.000 -0.087 
69.000 -0.087 
70.000 -0.088 
71.000 -0.088 
72.000 -0.088 
73.000 -0.088 
74.000 -0.088 
75.000 -0.088 
76.000 -0.088 
77.000 -0.088 
78.000 -0.088 
79.000 -0.088 
80.000 -0.088 
81.000 -0.088 
82.000 -0.088 
83.000 -0.089 
84.000 -0.089 
85.000 -0.089 
86.000 -0.089 
87.000 -0.089 
88.000 -0.089 
89.000 -0.089 
90.000 -0.089 
91.000 -0.089 
92.000 -0.089 
93.000 -0.090 
94.000 -0.090 
95.000 -0.090 
96.000 -0.090 
97.000 -0.090 
98.000 -0.090 
99.000 -0.090 
100.000 -0.090 
101.000 -0.090 
102.000 -0.090 
103.000 -0.090 
104.000 -0.091 
105.000 -0.091 
106.000 -0.091 
107.000 -0.091 
108.000 -0.091 
109.000 -0.091 
110.000 -0.091 
111.000 -0.091 
112.000 -0.091 
113.000 -0.091 
114.000 -0.091 
115.000 -0.092 
116.000 -0.092 
117.000 -0.092 
118.000 -0.092 
119.000 -0.092 
120.000 -0.092 
121.000 -0.092 
122.000 -0.092 
123.000 -0.092 
124.000 -0.092 
125.000 -0.092 
126.000 -0.087 
127.000 -0.066 
128.000 -0.052 
129.000 -0.044 
130.000 -0.039 
131.000 -0.039 
132.000 -0.045 
133.000 -0.057 
134.000 -0.068 
135.000 -0.077 
136.000 -0.082 
137.000 -0.085 
138.000 -0.085 
139.000 -0.080 
140.000 -0.073 
141.000 -0.065 
142.000 -0.058 
143.000 -0.053 
144.000 -0.052 
145.000 -0.054 
146.000 -0.059 
147.000 -0.065 
148.000 -0.071 
149.000 -0.075 
150.000 -0.078 
151.000 -0.078 
152.000 -0.077 
153.000 -0.073 
154.000 -0.069 
155.000 -0.065 
156.000 -0.061 
157.000 -0.060 
158.000 -0.060 
159.000 -0.062 
160.000 -0.065 
161.000 -0.068 
162.000 -0.071 
163.000 -0.073 
164.000 -0.074 
165.000 -0.074 
166.000 -0.072 
167.000 -0.070 
168.000 -0.068 
169.000 -0.066 
170.000 -0.064 
171.000 -0.064 
172.000 -0.064 
173.000 -0.066 
174.000 -0.068 
175.000 -0.069 
176.000 -0.071 
177.000 -0.072 
178.000 -0.072 
179.000 -0.072 
180.000 -0.071 
181.000 -0.069 
182.000 -0.068 
183.000 -0.067 
184.000 -0.066 
185.000 -0.066 
186.000 -0.067 
187.000 -0.068 
188.000 -0.069 
189.000 -0.070 
190.000 -0.071 
191.000 -0.071 
192.000 -0.071 
193.000 -0.070 
194.000 -0.070 
195.000 -0.069 
196.000 -0.068 
197.000 -0.068 
198.000 -0.068 
199.000 -0.068 
200.000 -0.068 
201.000 -0.069 
202.000 -0.070 
203.000 -0.070 
204.000 -0.070 
205.000 -0.070 
206.000 -0.070 
207.000 -0.070 
208.000 -0.070 
209.000 -0.069 
210.000 -0.069 
211.000 -0.069 
212.000 -0.069 
213.000 -0.069 
214.000 -0.069 
215.000 -0.070 
216.000 -0.070 
217.000 -0.070 
218.000 -0.070 
219.000 -0.070 
220.000 -0.070 
221.000 -0.070 
222.000 -0.070 
223.000 -0.070 
224.000 -0.070 
225.000 -0.070 
226.000 -0.070 
227.000 -0.070 
228.000 -0.070 
229.000 -0.070 
230.000 -0.070 
231.000 -0.070 
232.000 -0.070 
233.000 -0.070 
234.000 -0.070 
235.000 -0.070 
236.000 -0.070 
237.000 -0.070 
238.000 -0.070 
239.000 -0.070 
240.000 -0.070 
241.000 -0.070 
242.000 -0.070 
243.000 -0.070 
244.000 -0.070 
245.000 -0.071 
246.000 0.027 
247.000 0.138 
248.000 0.303 
249.000 0.388 
250.000 0.525 
251.000 0.510 
252.000 0.404 
253.000 0.229 
254.000 0.086 
255.000 -0.014 
256.000 -0.078 
257.000 -0.119 
258.000 -0.115 
259.000 -0.033 
260.000 0.108 
261.000 0.237 
262.000 0.402 
263.000 0.470 
264.000 0.544 
265.000 0.470 
266.000 0.300 
267.000 0.134 
268.000 0.014 
269.000 -0.063 
270.000 -0.108 
271.000 -0.140 
272.000 -0.078 
273.000 0.035 
274.000 0.197 
275.000 0.306 
276.000 0.466 
277.000 0.504 
278.000 0.512 
279.000 0.384 
280.000 0.215 
281.000 0.074 
282.000 -0.026 
283.000 -0.085 
284.000 -0.134 
285.000 -0.115 
286.000 -0.024 
287.000 0.128 
288.000 0.245 
289.000 0.413 
290.000 0.488 
291.000 0.564 
292.000 0.483 
293.000 0.311 
294.000 0.142 
295.000 0.018 
296.000 -0.061 
297.000 -0.107 
298.000 -0.139 
299.000 -0.074 
300.000 0.040 
301.000 0.204 
302.000 0.317 
303.000 0.479 
304.000 0.519 
305.000 0.529 
306.000 0.400 
307.000 0.226 
308.000 0.080 
309.000 -0.022 
310.000 -0.083 
311.000 -0.134 
312.000 -0.116 
313.000 -0.024 
314.000 0.129 
315.000 0.251 
316.000 0.421 
317.000 0.500 
318.000 0.582 
319.000 0.503 
320.000 0.327 
321.000 0.153 
322.000 0.024 
323.000 -0.058 
324.000 -0.105 
325.000 -0.140 
326.000 -0.076 
327.000 0.037 
328.000 0.203 
329.000 0.322 
330.000 0.488 
331.000 0.533 
332.000 0.554 
333.000 0.429 
334.000 0.247 
335.000 0.094 
336.000 -0.014 
337.000 -0.080 
338.000 -0.131 
339.000 -0.121 
340.000 -0.031 
341.000 0.120 
342.000 0.250 
343.000 0.421 
344.000 0.506 
345.000 0.597 
346.000 0.525 
347.000 0.348 
348.000 0.167 
349.000 0.034 
350.000 -0.052 
351.000 -0.101 
352.000 -0.143 
353.000 -0.082 
354.000 0.028 
355.000 0.195 
356.000 0.324 
357.000 0.494 
358.000 0.547 
359.000 0.583 
360.000 0.467 
361.000 0.276 
362.000 0.112 
363.000 -0.004 
364.000 -0.076 
365.000 -0.124 
366.000 -0.074 
367.000 0.097 
368.000 0.307 
369.000 0.514 
370.000 0.721 
371.000 0.865 
372.000 0.981 
373.000 0.981 
374.000 0.983 
375.000 0.806 
376.000 0.552 
377.000 0.316 
378.000 0.140 
379.000 0.038 
380.000 0.047 
381.000 0.165 
382.000 0.342 
383.000 0.540 
384.000 0.739 
385.000 0.889 
386.000 1.005 
387.000 1.034 
388.000 1.037 
389.000 0.875 
390.000 0.609 
391.000 0.354 
392.000 0.167 
393.000 0.050 
394.000 0.021 
395.000 0.105 
396.000 0.265 
397.000 0.464 
398.000 0.672 
399.000 0.852 
400.000 0.990 
401.000 1.062 
402.000 1.098 
403.000 0.992 
404.000 0.756 
405.000 0.471 
406.000 0.247 
407.000 0.099 
408.000 -0.003 
409.000 0.029 
410.000 0.168 
411.000 0.363 
412.000 0.578 
413.000 0.795 
414.000 0.958 
415.000 1.080 
416.000 1.112 
417.000 1.109 
418.000 0.929 
419.000 0.626 
420.000 0.353 
421.000 0.161 
422.000 0.043 
423.000 0.010 
424.000 0.106 
425.000 0.281 
426.000 0.499 
427.000 0.725 
428.000 0.928 
429.000 1.071 
430.000 1.157 
431.000 1.173 
432.000 1.061 
433.000 0.775 
434.000 0.463 
435.000 0.233 
436.000 0.083 
437.000 -0.023 
438.000 0.012 
439.000 0.174 
440.000 0.393 
441.000 0.634 
442.000 0.874 
443.000 1.060 
444.000 1.185 
445.000 1.226 
446.000 1.188 
447.000 0.946 
448.000 0.592 
449.000 0.312 
450.000 0.128 
451.000 0.012 
452.000 0.006 
453.000 0.156 
454.000 0.376 
455.000 0.630 
456.000 0.887 
457.000 1.103 
458.000 1.234 
459.000 1.300 
460.000 1.244 
461.000 0.975 
462.000 0.595 
463.000 0.306 
464.000 0.119 
465.000 -0.000 
466.000 -0.012 
467.000 0.146 
468.000 0.380 
469.000 0.652 
470.000 0.928 
471.000 1.165 
472.000 1.299 
473.000 1.371 
474.000 1.286 
475.000 0.957 
476.000 0.563 
477.000 0.276 
478.000 0.094 
479.000 -0.021 
480.000 -0.029 
481.000 0.137 
482.000 0.386 
483.000 0.675 
484.000 0.968 
485.000 1.223 
486.000 1.523 
487.000 1.887 
488.000 2.282 
489.000 2.673 
490.000 3.031 
491.000 3.305 
492.000 3.422 
493.000 3.328 
494.000 3.123 
495.000 2.792 
496.000 2.478 
497.000 2.160 
498.000 1.944 
499.000 1.842 
500.000 1.874 
501.000 2.030 
502.000 2.273 
503.000 2.568 
504.000 2.889 
505.000 3.213 
506.000 3.476 
507.000 3.609 
508.000 3.561 
509.000 3.363 
510.000 3.055 
511.000 2.692 
512.000 2.340 
513.000 2.077 
514.000 1.926 
515.000 1.910 
516.000 2.028 
517.000 2.243 
518.000 2.520 
519.000 2.830 
520.000 3.153 
521.000 3.452 
522.000 3.664 
523.000 3.728 
524.000 3.605 
525.000 3.363 
526.000 3.022 
527.000 2.625 
528.000 2.284 
529.000 2.050 
530.000 1.947 
531.000 1.991 
532.000 2.156 
533.000 2.401 
534.000 2.692 
535.000 3.006 
536.000 3.325 
537.000 3.609 
538.000 3.796 
539.000 3.833 
540.000 3.685 
541.000 3.424 
542.000 3.049 
543.000 2.616 
544.000 2.255 
545.000 2.021 
546.000 1.935 
547.000 1.998 
548.000 2.176 
549.000 2.429 
550.000 2.726 
551.000 3.042 
552.000 3.361 
553.000 3.656 
554.000 3.870 
555.000 3.947 
556.000 3.851 
557.000 3.612 
558.000 3.255 
559.000 2.794 
560.000 2.355 
561.000 2.059 
562.000 1.927 
563.000 1.955 
564.000 2.109 
565.000 2.348 
566.000 2.637 
567.000 2.952 
568.000 3.273 
569.000 3.586 
570.000 3.853 
571.000 4.017 
572.000 4.031 
573.000 3.871 
574.000 3.594 
575.000 3.178 
576.000 2.660 
577.000 2.217 
578.000 1.941 
579.000 1.850 
580.000 1.920 
581.000 2.106 
582.000 2.367 
583.000 2.671 
584.000 2.995 
585.000 3.321 
586.000 3.636 
587.000 3.912 
588.000 4.096 
589.000 4.139 
590.000 4.015 
591.000 3.755 
592.000 3.345 
593.000 2.790 
594.000 2.253 
595.000 1.905 
596.000 1.768 
597.000 1.806 
598.000 1.973 
599.000 2.226 
600.000 2.530 
601.000 2.859 
602.000 3.193 
603.000 3.519 
604.000 3.827 
605.000 4.079 
606.000 4.304 
607.000 4.511 
608.000 4.698 
609.000 4.864 
610.000 5.008 
611.000 5.132 
612.000 5.237 
613.000 5.325 
614.000 5.395 
615.000 5.443 
616.000 5.461 
617.000 5.451 
618.000 5.415 
619.000 5.359 
620.000 5.291 
621.000 5.226 
622.000 5.178 
623.000 5.156 
624.000 5.157 
625.000 5.174 
626.000 5.201 
627.000 5.235 
628.000 5.273 
629.000 5.311 
630.000 5.349 
631.000 5.385 
632.000 5.418 
633.000 5.448 
634.000 5.473 
635.000 5.489 
636.000 5.495 
637.000 5.489 
638.000 5.473 
639.000 5.447 
640.000 5.417 
641.000 5.388 
642.000 5.365 
643.000 5.355 
644.000 5.357 
645.000 5.367 
646.000 5.382 
647.000 5.401 
648.000 5.421 
649.000 5.442 
650.000 5.463 
651.000 5.482 
652.000 5.500 
653.000 5.513 
654.000 5.520 
655.000 5.520 
656.000 5.512 
657.000 5.497 
658.000 5.477 
659.000 5.456 
660.000 5.438 
661.000 5.426 
662.000 5.423 
663.000 5.427 
664.000 5.437 
665.000 5.449 
666.000 5.463 
667.000 5.478 
668.000 5.493 
669.000 5.507 
670.000 5.520 
671.000 5.531 
672.000 5.538 
673.000 5.539 
674.000 5.535 
675.000 5.526 
676.000 5.512 
677.000 5.497 
678.000 5.483 
679.000 5.472 
680.000 5.469 
681.000 5.471 
682.000 5.477 
683.000 5.485 
684.000 5.496 
685.000 5.506 
686.000 5.517 
687.000 5.528 
688.000 5.538 
689.000 5.546 
690.000 5.552 
691.000 5.553 
692.000 5.551 
693.000 5.544 
694.000 5.535 
695.000 5.523 
696.000 5.513 
697.000 5.504 
698.000 5.501 
699.000 5.502 
700.000 5.506 
701.000 5.512 
702.000 5.519 
703.000 5.527 
704.000 5.536 
705.000 5.543 
706.000 5.551 
707.000 5.557 
708.000 5.562 
709.000 5.564 
710.000 5.562 
711.000 5.558 
712.000 5.551 
713.000 5.543 
714.000 5.535 
715.000 5.528 
716.000 5.525 
717.000 5.525 
718.000 5.527 
719.000 5.532 
720.000 5.537 
721.000 5.543 
722.000 5.549 
723.000 5.555 
724.000 5.561 
725.000 5.566 
726.000 5.570 
727.000 5.571 
728.000 5.571 
729.000 5.568 
730.000 5.563 
731.000 5.557 
732.000 5.551 
733.000 5.546 
734.000 5.543 
735.000 5.542 
736.000 5.544 
737.000 5.547 
738.000 5.551 
739.000 5.555 
740.000 5.560 
741.000 5.564 
742.000 5.568 
743.000 5.572 
744.000 5.575 
745.000 5.577 
746.000 5.577 
747.000 5.575 
748.000 5.572 
749.000 5.568 
750.000 5.563 
751.000 5.559 
752.000 5.556 
753.000 5.555 
754.000 5.556 
755.000 5.558 
756.000 5.561 
757.000 5.564 
758.000 5.567 
759.000 5.571 
760.000 5.574 
761.000 5.577 
762.000 5.580 
763.000 5.581 
764.000 5.581 
765.000 5.581 
766.000 5.578 
767.000 5.575 
768.000 5.572 
769.000 5.568 
770.000 5.566 
771.000 5.565 
772.000 5.566 
773.000 5.567 
774.000 5.569 
775.000 5.571 
776.000 5.574 
777.000 5.576 
778.000 5.579 
779.000 5.581 
780.000 5.583 
781.000 5.584 
782.000 5.585 
783.000 5.584 
784.000 5.583 
785.000 5.580 
786.000 5.578 
787.000 5.575 
788.000 5.573 
789.000 5.573 
790.000 5.573 
791.000 5.574 
792.000 5.575 
793.000 5.577 
794.000 5.579 
795.000 5.581 
796.000 5.582 
797.000 5.584 
798.000 5.586 
799.000 5.587 
800.000 5.587 
