1.000 0.000 
2.000 0.000 
3.000 0.000 
4.000 0.000 
5.000 0.000 
6.000 0.000 
7.000 0.000 
8.000 0.000 
9.000 0.000 
10.000 0.000 
11.000 0.000 
12.000 -0.009 
13.000 -0.021 
14.000 -0.027 
15.000 -0.030 
16.000 -0.031 
17.000 -0.031 
18.000 -0.029 
19.000 -0.027 
20.000 -0.026 
21.000 -0.025 
22.000 -0.025 
23.000 -0.025 
24.000 -0.025 
25.000 -0.025 
26.000 -0.026 
27.000 -0.026 
28.000 -0.026 
29.000 -0.026 
30.000 -0.026 
31.000 -0.027 
32.000 -0.027 
33.000 -0.027 
34.000 -0.027 
35.000 -0.027 
36.000 -0.027 
37.000 -0.027 
38.000 -0.027 
39.000 -0.027 
40.000 -0.027 
41.000 -0.027 
42.000 -0.027 
43.000 -0.027 
44.000 -0.027 
45.000 -0.027 
46.000 -0.027 
47.000 -0.028 
48.000 -0.028 
49.000 -0.028 
50.000 -0.028 
51.000 -0.028 
52.000 -0.028 
53.000 -0.028 
54.000 -0.028 
55.000 -0.028 
56.000 -0.028 
57.000 -0.028 
58.000 -0.028 
59.000 -0.028 
60.000 -0.028 
61.000 -0.029 
62.000 -0.029 
63.000 -0.029 
64.000 -0.029 
65.000 -0.029 
66.000 -0.029 
67.000 -0.029 
68.000 -0.029 
69.000 -0.029 
70.000 -0.029 
71.000 -0.029 
72.000 -0.029 
73.000 -0.029 
74.000 -0.029 
75.000 -0.030 
76.000 -0.030 
77.000 -0.030 
78.000 -0.030 
79.000 -0.030 
80.000 -0.030 
81.000 -0.030 
82.000 -0.030 
83.000 -0.030 
84.000 -0.030 
85.000 -0.030 
86.000 -0.030 
87.000 -0.030 
88.000 -0.030 
89.000 -0.030 
90.000 -0.031 
91.000 -0.031 
92.000 -0.031 
93.000 -0.031 
94.000 -0.031 
95.000 -0.031 
96.000 -0.031 
97.000 -0.031 
98.000 -0.031 
99.000 -0.031 
100.000 -0.031 
101.000 -0.031 
102.000 -0.031 
103.000 -0.031 
104.000 -0.032 
105.000 -0.032 
106.000 -0.032 
107.000 -0.032 
108.000 -0.032 
109.000 -0.032 
110.000 -0.032 
111.000 -0.032 
112.000 -0.032 
113.000 -0.032 
114.000 -0.032 
115.000 -0.032 
116.000 -0.032 
117.000 -0.032 
118.000 -0.032 
119.000 -0.033 
120.000 -0.033 
121.000 -0.033 
122.000 -0.033 
123.000 -0.033 
124.000 -0.033 
125.000 -0.033 
126.000 -0.030 
127.000 -0.025 
128.000 -0.023 
129.000 -0.022 
130.000 -0.021 
131.000 -0.022 
132.000 -0.022 
133.000 -0.023 
134.000 -0.024 
135.000 -0.024 
136.000 -0.024 
137.000 -0.025 
138.000 -0.024 
139.000 -0.024 
140.000 -0.024 
141.000 -0.024 
142.000 -0.024 
143.000 -0.024 
144.000 -0.024 
145.000 -0.024 
146.000 -0.024 
147.000 -0.024 
148.000 -0.024 
149.000 -0.025 
150.000 -0.025 
151.000 -0.025 
152.000 -0.025 
153.000 -0.025 
154.000 -0.025 
155.000 -0.025 
156.000 -0.025 
157.000 -0.025 
158.000 -0.025 
159.000 -0.025 
160.000 -0.025 
161.000 -0.025 
162.000 -0.025 
163.000 -0.025 
164.000 -0.025 
165.000 -0.025 
166.000 -0.025 
167.000 -0.025 
168.000 -0.025 
169.000 -0.025 
170.000 -0.025 
171.000 -0.025 
172.000 -0.025 
173.000 -0.025 
174.000 -0.025 
175.000 -0.025 
176.000 -0.025 
177.000 -0.026 
178.000 -0.026 
179.000 -0.026 
180.000 -0.026 
181.000 -0.026 
182.000 -0.026 
183.000 -0.026 
184.000 -0.026 
185.000 -0.026 
186.000 -0.026 
187.000 -0.026 
188.000 -0.026 
189.000 -0.026 
190.000 -0.026 
191.000 -0.026 
192.000 -0.026 
193.000 -0.026 
194.000 -0.026 
195.000 -0.026 
196.000 -0.026 
197.000 -0.026 
198.000 -0.026 
199.000 -0.026 
200.000 -0.026 
201.000 -0.026 
202.000 -0.026 
203.000 -0.026 
204.000 -0.026 
205.000 -0.027 
206.000 -0.027 
207.000 -0.027 
208.000 -0.027 
209.000 -0.027 
210.000 -0.027 
211.000 -0.027 
212.000 -0.027 
213.000 -0.027 
214.000 -0.027 
215.000 -0.027 
216.000 -0.027 
217.000 -0.027 
218.000 -0.027 
219.000 -0.027 
220.000 -0.027 
221.000 -0.027 
222.000 -0.027 
223.000 -0.027 
224.000 -0.027 
225.000 -0.027 
226.000 -0.027 
227.000 -0.027 
228.000 -0.027 
229.000 -0.027 
230.000 -0.027 
231.000 -0.027 
232.000 -0.027 
233.000 -0.027 
234.000 -0.028 
235.000 -0.028 
236.000 -0.028 
237.000 -0.028 
238.000 -0.028 
239.000 -0.028 
240.000 -0.028 
241.000 -0.028 
242.000 -0.028 
243.000 -0.028 
244.000 -0.028 
245.000 -0.028 
246.000 -0.002 
247.000 0.021 
248.000 0.032 
249.000 0.039 
250.000 0.043 
251.000 0.043 
252.000 0.039 
253.000 0.036 
254.000 0.033 
255.000 0.031 
256.000 0.030 
257.000 0.030 
258.000 0.031 
259.000 0.032 
260.000 0.033 
261.000 0.034 
262.000 0.035 
263.000 0.035 
264.000 0.035 
265.000 0.035 
266.000 0.036 
267.000 0.036 
268.000 0.036 
269.000 0.036 
270.000 0.036 
271.000 0.037 
272.000 0.037 
273.000 0.037 
274.000 0.037 
275.000 0.038 
276.000 0.038 
277.000 0.038 
278.000 0.039 
279.000 0.039 
280.000 0.039 
281.000 0.039 
282.000 0.040 
283.000 0.040 
284.000 0.040 
285.000 0.040 
286.000 0.041 
287.000 0.041 
288.000 0.041 
289.000 0.042 
290.000 0.042 
291.000 0.042 
292.000 0.042 
293.000 0.043 
294.000 0.043 
295.000 0.043 
296.000 0.044 
297.000 0.044 
298.000 0.044 
299.000 0.044 
300.000 0.045 
301.000 0.045 
302.000 0.045 
303.000 0.046 
304.000 0.046 
305.000 0.046 
306.000 0.047 
307.000 0.047 
308.000 0.047 
309.000 0.047 
310.000 0.048 
311.000 0.048 
312.000 0.048 
313.000 0.049 
314.000 0.049 
315.000 0.049 
316.000 0.050 
317.000 0.050 
318.000 0.050 
319.000 0.051 
320.000 0.051 
321.000 0.051 
322.000 0.052 
323.000 0.052 
324.000 0.052 
325.000 0.053 
326.000 0.053 
327.000 0.053 
328.000 0.054 
329.000 0.054 
330.000 0.054 
331.000 0.055 
332.000 0.055 
333.000 0.055 
334.000 0.056 
335.000 0.056 
336.000 0.056 
337.000 0.057 
338.000 0.057 
339.000 0.057 
340.000 0.058 
341.000 0.058 
342.000 0.058 
343.000 0.059 
344.000 0.059 
345.000 0.059 
346.000 0.060 
347.000 0.060 
348.000 0.061 
349.000 0.061 
350.000 0.061 
351.000 0.062 
352.000 0.062 
353.000 0.062 
354.000 0.063 
355.000 0.063 
356.000 0.063 
357.000 0.064 
358.000 0.064 
359.000 0.065 
360.000 0.065 
361.000 0.065 
362.000 0.066 
363.000 0.066 
364.000 0.066 
365.000 0.067 
366.000 0.135 
367.000 0.203 
368.000 0.254 
369.000 0.293 
370.000 0.321 
371.000 0.332 
372.000 0.328 
373.000 0.315 
374.000 0.298 
375.000 0.282 
376.000 0.270 
377.000 0.263 
378.000 0.262 
379.000 0.266 
380.000 0.275 
381.000 0.286 
382.000 0.298 
383.000 0.309 
384.000 0.318 
385.000 0.325 
386.000 0.330 
387.000 0.333 
388.000 0.334 
389.000 0.335 
390.000 0.336 
391.000 0.337 
392.000 0.339 
393.000 0.343 
394.000 0.347 
395.000 0.352 
396.000 0.358 
397.000 0.364 
398.000 0.370 
399.000 0.376 
400.000 0.381 
401.000 0.386 
402.000 0.391 
403.000 0.395 
404.000 0.399 
405.000 0.403 
406.000 0.407 
407.000 0.412 
408.000 0.416 
409.000 0.421 
410.000 0.426 
411.000 0.431 
412.000 0.437 
413.000 0.442 
414.000 0.448 
415.000 0.453 
416.000 0.459 
417.000 0.464 
418.000 0.469 
419.000 0.474 
420.000 0.480 
421.000 0.485 
422.000 0.490 
423.000 0.495 
424.000 0.500 
425.000 0.505 
426.000 0.511 
427.000 0.517 
428.000 0.522 
429.000 0.528 
430.000 0.534 
431.000 0.539 
432.000 0.545 
433.000 0.550 
434.000 0.556 
435.000 0.561 
436.000 0.567 
437.000 0.572 
438.000 0.577 
439.000 0.583 
440.000 0.588 
441.000 0.594 
442.000 0.599 
443.000 0.604 
444.000 0.610 
445.000 0.615 
446.000 0.621 
447.000 0.626 
448.000 0.632 
449.000 0.637 
450.000 0.643 
451.000 0.648 
452.000 0.653 
453.000 0.658 
454.000 0.663 
455.000 0.668 
456.000 0.673 
457.000 0.678 
458.000 0.682 
459.000 0.687 
460.000 0.692 
461.000 0.697 
462.000 0.702 
463.000 0.706 
464.000 0.711 
465.000 0.716 
466.000 0.720 
467.000 0.725 
468.000 0.729 
469.000 0.733 
470.000 0.738 
471.000 0.742 
472.000 0.746 
473.000 0.749 
474.000 0.753 
475.000 0.757 
476.000 0.761 
477.000 0.764 
478.000 0.768 
479.000 0.771 
480.000 0.775 
481.000 0.779 
482.000 0.782 
483.000 0.786 
484.000 0.789 
485.000 0.792 
486.000 0.896 
487.000 1.091 
488.000 1.329 
489.000 1.596 
490.000 1.877 
491.000 2.163 
492.000 2.443 
493.000 2.709 
494.000 2.953 
495.000 3.172 
496.000 3.362 
497.000 3.521 
498.000 3.649 
499.000 3.745 
500.000 3.812 
501.000 3.852 
502.000 3.867 
503.000 3.862 
504.000 3.840 
505.000 3.805 
506.000 3.761 
507.000 3.711 
508.000 3.660 
509.000 3.608 
510.000 3.560 
511.000 3.517 
512.000 3.480 
513.000 3.450 
514.000 3.427 
515.000 3.412 
516.000 3.404 
517.000 3.402 
518.000 3.405 
519.000 3.414 
520.000 3.427 
521.000 3.442 
522.000 3.459 
523.000 3.477 
524.000 3.496 
525.000 3.514 
526.000 3.531 
527.000 3.546 
528.000 3.560 
529.000 3.571 
530.000 3.581 
531.000 3.588 
532.000 3.593 
533.000 3.597 
534.000 3.598 
535.000 3.598 
536.000 3.597 
537.000 3.595 
538.000 3.592 
539.000 3.589 
540.000 3.585 
541.000 3.581 
542.000 3.578 
543.000 3.575 
544.000 3.572 
545.000 3.569 
546.000 3.567 
547.000 3.566 
548.000 3.565 
549.000 3.565 
550.000 3.565 
551.000 3.565 
552.000 3.566 
553.000 3.567 
554.000 3.568 
555.000 3.569 
556.000 3.570 
557.000 3.571 
558.000 3.573 
559.000 3.574 
560.000 3.575 
561.000 3.575 
562.000 3.576 
563.000 3.577 
564.000 3.577 
565.000 3.577 
566.000 3.578 
567.000 3.578 
568.000 3.578 
569.000 3.578 
570.000 3.577 
571.000 3.577 
572.000 3.577 
573.000 3.577 
574.000 3.576 
575.000 3.576 
576.000 3.576 
577.000 3.576 
578.000 3.576 
579.000 3.575 
580.000 3.575 
581.000 3.575 
582.000 3.575 
583.000 3.575 
584.000 3.575 
585.000 3.575 
586.000 3.575 
587.000 3.575 
588.000 3.576 
589.000 3.576 
590.000 3.576 
591.000 3.576 
592.000 3.576 
593.000 3.576 
594.000 3.576 
595.000 3.576 
596.000 3.576 
597.000 3.576 
598.000 3.576 
599.000 3.576 
600.000 3.576 
601.000 3.576 
602.000 3.576 
603.000 3.576 
604.000 3.576 
605.000 3.576 
606.000 3.631 
607.000 3.734 
608.000 3.868 
609.000 4.026 
610.000 4.196 
611.000 4.368 
612.000 4.535 
613.000 4.693 
614.000 4.838 
615.000 4.969 
616.000 5.085 
617.000 5.186 
618.000 5.273 
619.000 5.346 
620.000 5.407 
621.000 5.457 
622.000 5.498 
623.000 5.530 
624.000 5.556 
625.000 5.575 
626.000 5.589 
627.000 5.600 
628.000 5.607 
629.000 5.611 
630.000 5.614 
631.000 5.615 
632.000 5.615 
633.000 5.614 
634.000 5.613 
635.000 5.612 
636.000 5.610 
637.000 5.608 
638.000 5.606 
639.000 5.604 
640.000 5.603 
641.000 5.601 
642.000 5.600 
643.000 5.599 
644.000 5.598 
645.000 5.597 
646.000 5.596 
647.000 5.596 
648.000 5.595 
649.000 5.595 
650.000 5.595 
651.000 5.594 
652.000 5.594 
653.000 5.594 
654.000 5.594 
655.000 5.594 
656.000 5.594 
657.000 5.594 
658.000 5.594 
659.000 5.594 
660.000 5.594 
661.000 5.594 
662.000 5.594 
663.000 5.594 
664.000 5.594 
665.000 5.594 
666.000 5.594 
667.000 5.594 
668.000 5.594 
669.000 5.594 
670.000 5.594 
671.000 5.594 
672.000 5.594 
673.000 5.594 
674.000 5.594 
675.000 5.594 
676.000 5.594 
677.000 5.594 
678.000 5.594 
679.000 5.594 
680.000 5.594 
681.000 5.594 
682.000 5.594 
683.000 5.594 
684.000 5.594 
685.000 5.594 
686.000 5.594 
687.000 5.594 
688.000 5.594 
689.000 5.594 
690.000 5.594 
691.000 5.594 
692.000 5.594 
693.000 5.594 
694.000 5.594 
695.000 5.594 
696.000 5.594 
697.000 5.594 
698.000 5.594 
699.000 5.594 
700.000 5.594 
701.000 5.594 
702.000 5.594 
703.000 5.594 
704.000 5.594 
705.000 5.594 
706.000 5.594 
707.000 5.594 
708.000 5.594 
709.000 5.594 
710.000 5.594 
711.000 5.594 
712.000 5.594 
713.000 5.594 
714.000 5.594 
715.000 5.594 
716.000 5.594 
717.000 5.594 
718.000 5.594 
719.000 5.594 
720.000 5.594 
721.000 5.594 
722.000 5.594 
723.000 5.594 
724.000 5.594 
725.000 5.594 
726.000 5.594 
727.000 5.594 
728.000 5.594 
729.000 5.594 
730.000 5.594 
731.000 5.594 
732.000 5.594 
733.000 5.594 
734.000 5.594 
735.000 5.594 
736.000 5.594 
737.000 5.594 
738.000 5.594 
739.000 5.594 
740.000 5.594 
741.000 5.594 
742.000 5.594 
743.000 5.594 
744.000 5.594 
745.000 5.594 
746.000 5.594 
747.000 5.594 
748.000 5.594 
749.000 5.594 
750.000 5.594 
751.000 5.594 
752.000 5.594 
753.000 5.594 
754.000 5.594 
755.000 5.594 
756.000 5.594 
757.000 5.594 
758.000 5.594 
759.000 5.594 
760.000 5.594 
761.000 5.594 
762.000 5.594 
763.000 5.594 
764.000 5.594 
765.000 5.594 
766.000 5.594 
767.000 5.594 
768.000 5.594 
769.000 5.594 
770.000 5.594 
771.000 5.594 
772.000 5.594 
773.000 5.594 
774.000 5.594 
775.000 5.594 
776.000 5.594 
777.000 5.594 
778.000 5.594 
779.000 5.594 
780.000 5.594 
781.000 5.594 
782.000 5.594 
783.000 5.594 
784.000 5.594 
785.000 5.594 
786.000 5.594 
787.000 5.594 
788.000 5.594 
789.000 5.594 
790.000 5.594 
791.000 5.594 
792.000 5.594 
793.000 5.594 
794.000 5.594 
795.000 5.594 
796.000 5.594 
797.000 5.594 
798.000 5.594 
799.000 5.594 
800.000 5.594 
