1.000 0.000 
2.000 0.000 
3.000 0.000 
4.000 0.000 
5.000 0.000 
6.000 0.000 
7.000 0.000 
8.000 0.000 
9.000 0.000 
10.000 0.000 
11.000 0.000 
12.000 -0.036 
13.000 -0.078 
14.000 -0.098 
15.000 -0.107 
16.000 -0.113 
17.000 -0.116 
18.000 -0.110 
19.000 -0.095 
20.000 -0.080 
21.000 -0.068 
22.000 -0.059 
23.000 -0.055 
24.000 -0.057 
25.000 -0.065 
26.000 -0.074 
27.000 -0.083 
28.000 -0.089 
29.000 -0.094 
30.000 -0.095 
31.000 -0.094 
32.000 -0.091 
33.000 -0.087 
34.000 -0.082 
35.000 -0.079 
36.000 -0.077 
37.000 -0.076 
38.000 -0.078 
39.000 -0.080 
40.000 -0.082 
41.000 -0.085 
42.000 -0.087 
43.000 -0.088 
44.000 -0.088 
45.000 -0.087 
46.000 -0.087 
47.000 -0.085 
48.000 -0.084 
49.000 -0.083 
50.000 -0.083 
51.000 -0.083 
52.000 -0.084 
53.000 -0.084 
54.000 -0.085 
55.000 -0.086 
56.000 -0.086 
57.000 -0.087 
58.000 -0.087 
59.000 -0.087 
60.000 -0.087 
61.000 -0.086 
62.000 -0.086 
63.000 -0.086 
64.000 -0.086 
65.000 -0.086 
66.000 -0.086 
67.000 -0.087 
68.000 -0.087 
69.000 -0.087 
70.000 -0.087 
71.000 -0.088 
72.000 -0.088 
73.000 -0.088 
74.000 -0.088 
75.000 -0.088 
76.000 -0.088 
77.000 -0.088 
78.000 -0.088 
79.000 -0.088 
80.000 -0.088 
81.000 -0.088 
82.000 -0.088 
83.000 -0.088 
84.000 -0.089 
85.000 -0.089 
86.000 -0.089 
87.000 -0.089 
88.000 -0.089 
89.000 -0.089 
90.000 -0.089 
91.000 -0.089 
92.000 -0.089 
93.000 -0.089 
94.000 -0.090 
95.000 -0.090 
96.000 -0.090 
97.000 -0.090 
98.000 -0.090 
99.000 -0.090 
100.000 -0.090 
101.000 -0.090 
102.000 -0.090 
103.000 -0.090 
104.000 -0.090 
105.000 -0.091 
106.000 -0.091 
107.000 -0.091 
108.000 -0.091 
109.000 -0.091 
110.000 -0.091 
111.000 -0.091 
112.000 -0.091 
113.000 -0.091 
114.000 -0.091 
115.000 -0.091 
116.000 -0.092 
117.000 -0.092 
118.000 -0.092 
119.000 -0.092 
120.000 -0.092 
121.000 -0.092 
122.000 -0.092 
123.000 -0.092 
124.000 -0.092 
125.000 -0.092 
126.000 -0.087 
127.000 -0.066 
128.000 -0.052 
129.000 -0.044 
130.000 -0.039 
131.000 -0.039 
132.000 -0.045 
133.000 -0.057 
134.000 -0.068 
135.000 -0.077 
136.000 -0.082 
137.000 -0.085 
138.000 -0.084 
139.000 -0.080 
140.000 -0.072 
141.000 -0.065 
142.000 -0.058 
143.000 -0.053 
144.000 -0.052 
145.000 -0.054 
146.000 -0.059 
147.000 -0.065 
148.000 -0.071 
149.000 -0.075 
150.000 -0.078 
151.000 -0.078 
152.000 -0.076 
153.000 -0.073 
154.000 -0.069 
155.000 -0.064 
156.000 -0.061 
157.000 -0.060 
158.000 -0.060 
159.000 -0.062 
160.000 -0.065 
161.000 -0.068 
162.000 -0.071 
163.000 -0.073 
164.000 -0.074 
165.000 -0.074 
166.000 -0.072 
167.000 -0.070 
168.000 -0.068 
169.000 -0.066 
170.000 -0.064 
171.000 -0.064 
172.000 -0.064 
173.000 -0.066 
174.000 -0.068 
175.000 -0.069 
176.000 -0.071 
177.000 -0.072 
178.000 -0.072 
179.000 -0.071 
180.000 -0.070 
181.000 -0.069 
182.000 -0.068 
183.000 -0.067 
184.000 -0.066 
185.000 -0.066 
186.000 -0.067 
187.000 -0.068 
188.000 -0.069 
189.000 -0.070 
190.000 -0.070 
191.000 -0.071 
192.000 -0.071 
193.000 -0.070 
194.000 -0.070 
195.000 -0.069 
196.000 -0.068 
197.000 -0.068 
198.000 -0.068 
199.000 -0.068 
200.000 -0.068 
201.000 -0.069 
202.000 -0.070 
203.000 -0.070 
204.000 -0.070 
205.000 -0.070 
206.000 -0.070 
207.000 -0.070 
208.000 -0.070 
209.000 -0.069 
210.000 -0.069 
211.000 -0.069 
212.000 -0.069 
213.000 -0.069 
214.000 -0.069 
215.000 -0.070 
216.000 -0.070 
217.000 -0.070 
218.000 -0.070 
219.000 -0.070 
220.000 -0.070 
221.000 -0.070 
222.000 -0.070 
223.000 -0.070 
224.000 -0.070 
225.000 -0.070 
226.000 -0.070 
227.000 -0.070 
228.000 -0.070 
229.000 -0.070 
230.000 -0.070 
231.000 -0.070 
232.000 -0.070 
233.000 -0.070 
234.000 -0.070 
235.000 -0.070 
236.000 -0.070 
237.000 -0.070 
238.000 -0.070 
239.000 -0.070 
240.000 -0.070 
241.000 -0.070 
242.000 -0.070 
243.000 -0.070 
244.000 -0.070 
245.000 -0.070 
246.000 0.027 
247.000 0.138 
248.000 0.302 
249.000 0.387 
250.000 0.523 
251.000 0.508 
252.000 0.402 
253.000 0.227 
254.000 0.084 
255.000 -0.014 
256.000 -0.078 
257.000 -0.120 
258.000 -0.114 
259.000 -0.031 
260.000 0.111 
261.000 0.236 
262.000 0.402 
263.000 0.471 
264.000 0.544 
265.000 0.469 
266.000 0.299 
267.000 0.134 
268.000 0.013 
269.000 -0.063 
270.000 -0.108 
271.000 -0.139 
272.000 -0.076 
273.000 0.038 
274.000 0.199 
275.000 0.310 
276.000 0.470 
277.000 0.507 
278.000 0.510 
279.000 0.378 
280.000 0.210 
281.000 0.070 
282.000 -0.028 
283.000 -0.086 
284.000 -0.135 
285.000 -0.112 
286.000 -0.021 
287.000 0.134 
288.000 0.253 
289.000 0.422 
290.000 0.495 
291.000 0.565 
292.000 0.480 
293.000 0.304 
294.000 0.136 
295.000 0.013 
296.000 -0.065 
297.000 -0.110 
298.000 -0.138 
299.000 -0.070 
300.000 0.049 
301.000 0.211 
302.000 0.333 
303.000 0.494 
304.000 0.525 
305.000 0.521 
306.000 0.384 
307.000 0.210 
308.000 0.068 
309.000 -0.029 
310.000 -0.087 
311.000 -0.137 
312.000 -0.107 
313.000 -0.014 
314.000 0.145 
315.000 0.273 
316.000 0.447 
317.000 0.518 
318.000 0.588 
319.000 0.497 
320.000 0.311 
321.000 0.137 
322.000 0.012 
323.000 -0.066 
324.000 -0.111 
325.000 -0.137 
326.000 -0.066 
327.000 0.057 
328.000 0.220 
329.000 0.353 
330.000 0.515 
331.000 0.541 
332.000 0.531 
333.000 0.390 
334.000 0.211 
335.000 0.067 
336.000 -0.030 
337.000 -0.087 
338.000 -0.138 
339.000 -0.103 
340.000 -0.006 
341.000 0.157 
342.000 0.290 
343.000 0.466 
344.000 0.536 
345.000 0.604 
346.000 0.508 
347.000 0.315 
348.000 0.139 
349.000 0.012 
350.000 -0.066 
351.000 -0.111 
352.000 -0.136 
353.000 -0.062 
354.000 0.066 
355.000 0.228 
356.000 0.372 
357.000 0.531 
358.000 0.569 
359.000 0.556 
360.000 0.406 
361.000 0.218 
362.000 0.070 
363.000 -0.030 
364.000 -0.089 
365.000 -0.144 
366.000 -0.070 
367.000 0.114 
368.000 0.332 
369.000 0.540 
370.000 0.748 
371.000 0.877 
372.000 0.991 
373.000 0.950 
374.000 0.928 
375.000 0.742 
376.000 0.497 
377.000 0.277 
378.000 0.110 
379.000 0.028 
380.000 0.074 
381.000 0.218 
382.000 0.408 
383.000 0.608 
384.000 0.802 
385.000 0.933 
386.000 1.034 
387.000 1.035 
388.000 0.989 
389.000 0.786 
390.000 0.512 
391.000 0.280 
392.000 0.114 
393.000 0.013 
394.000 0.049 
395.000 0.201 
396.000 0.399 
397.000 0.610 
398.000 0.817 
399.000 0.964 
400.000 1.071 
401.000 1.084 
402.000 1.043 
403.000 0.831 
404.000 0.534 
405.000 0.289 
406.000 0.119 
407.000 0.011 
408.000 0.038 
409.000 0.195 
410.000 0.401 
411.000 0.622 
412.000 0.840 
413.000 1.001 
414.000 1.111 
415.000 1.139 
416.000 1.090 
417.000 0.861 
418.000 0.542 
419.000 0.288 
420.000 0.117 
421.000 0.005 
422.000 0.023 
423.000 0.182 
424.000 0.393 
425.000 0.624 
426.000 0.852 
427.000 1.029 
428.000 1.143 
429.000 1.185 
430.000 1.135 
431.000 0.898 
432.000 0.562 
433.000 0.296 
434.000 0.121 
435.000 0.006 
436.000 0.014 
437.000 0.172 
438.000 0.387 
439.000 0.627 
440.000 0.864 
441.000 1.056 
442.000 1.175 
443.000 1.228 
444.000 1.176 
445.000 0.931 
446.000 0.578 
447.000 0.303 
448.000 0.123 
449.000 0.005 
450.000 0.006 
451.000 0.163 
452.000 0.385 
453.000 0.636 
454.000 0.888 
455.000 1.095 
456.000 1.221 
457.000 1.281 
458.000 1.222 
459.000 0.950 
460.000 0.579 
461.000 0.297 
462.000 0.115 
463.000 -0.003 
464.000 -0.007 
465.000 0.152 
466.000 0.385 
467.000 0.650 
468.000 0.918 
469.000 1.145 
470.000 1.276 
471.000 1.343 
472.000 1.265 
473.000 0.951 
474.000 0.564 
475.000 0.280 
476.000 0.098 
477.000 -0.018 
478.000 -0.024 
479.000 0.140 
480.000 0.385 
481.000 0.666 
482.000 0.951 
483.000 1.197 
484.000 1.333 
485.000 1.405 
486.000 1.561 
487.000 1.806 
488.000 2.089 
489.000 2.399 
490.000 2.734 
491.000 3.046 
492.000 3.268 
493.000 3.348 
494.000 3.256 
495.000 3.052 
496.000 2.755 
497.000 2.461 
498.000 2.184 
499.000 1.992 
500.000 1.902 
501.000 1.937 
502.000 2.090 
503.000 2.328 
504.000 2.618 
505.000 2.934 
506.000 3.243 
507.000 3.484 
508.000 3.590 
509.000 3.511 
510.000 3.300 
511.000 2.983 
512.000 2.629 
513.000 2.302 
514.000 2.062 
515.000 1.932 
516.000 1.939 
517.000 2.073 
518.000 2.299 
519.000 2.581 
520.000 2.892 
521.000 3.213 
522.000 3.498 
523.000 3.680 
524.000 3.704 
525.000 3.546 
526.000 3.281 
527.000 2.919 
528.000 2.526 
529.000 2.215 
530.000 2.012 
531.000 1.940 
532.000 2.010 
533.000 2.193 
534.000 2.449 
535.000 2.747 
536.000 3.063 
537.000 3.381 
538.000 3.651 
539.000 3.810 
540.000 3.808 
541.000 3.629 
542.000 3.346 
543.000 2.949 
544.000 2.518 
545.000 2.186 
546.000 1.985 
547.000 1.933 
548.000 2.023 
549.000 2.219 
550.000 2.483 
551.000 2.785 
552.000 3.104 
553.000 3.422 
554.000 3.703 
555.000 3.888 
556.000 3.926 
557.000 3.784 
558.000 3.522 
559.000 3.136 
560.000 2.670 
561.000 2.270 
562.000 2.011 
563.000 1.914 
564.000 1.972 
565.000 2.147 
566.000 2.398 
567.000 2.695 
568.000 3.013 
569.000 3.334 
570.000 3.645 
571.000 3.897 
572.000 4.031 
573.000 4.006 
574.000 3.808 
575.000 3.497 
576.000 3.047 
577.000 2.525 
578.000 2.118 
579.000 1.882 
580.000 1.831 
581.000 1.935 
582.000 2.144 
583.000 2.420 
584.000 2.733 
585.000 3.061 
586.000 3.388 
587.000 3.701 
588.000 3.961 
589.000 4.114 
590.000 4.117 
591.000 3.948 
592.000 3.653 
593.000 3.208 
594.000 2.641 
595.000 2.150 
596.000 1.848 
597.000 1.753 
598.000 1.828 
599.000 2.021 
600.000 2.289 
601.000 2.603 
602.000 2.935 
603.000 3.269 
604.000 3.592 
605.000 3.895 
606.000 4.173 
607.000 4.422 
608.000 4.642 
609.000 4.833 
610.000 4.997 
611.000 5.135 
612.000 5.250 
613.000 5.344 
614.000 5.413 
615.000 5.451 
616.000 5.455 
617.000 5.426 
618.000 5.371 
619.000 5.298 
620.000 5.220 
621.000 5.155 
622.000 5.117 
623.000 5.106 
624.000 5.117 
625.000 5.142 
626.000 5.177 
627.000 5.217 
628.000 5.259 
629.000 5.301 
630.000 5.342 
631.000 5.381 
632.000 5.416 
633.000 5.447 
634.000 5.472 
635.000 5.488 
636.000 5.492 
637.000 5.483 
638.000 5.464 
639.000 5.435 
640.000 5.403 
641.000 5.373 
642.000 5.351 
643.000 5.343 
644.000 5.347 
645.000 5.359 
646.000 5.376 
647.000 5.396 
648.000 5.418 
649.000 5.439 
650.000 5.461 
651.000 5.481 
652.000 5.499 
653.000 5.512 
654.000 5.518 
655.000 5.516 
656.000 5.506 
657.000 5.490 
658.000 5.469 
659.000 5.448 
660.000 5.429 
661.000 5.419 
662.000 5.417 
663.000 5.422 
664.000 5.432 
665.000 5.446 
666.000 5.460 
667.000 5.476 
668.000 5.491 
669.000 5.506 
670.000 5.520 
671.000 5.530 
672.000 5.536 
673.000 5.537 
674.000 5.532 
675.000 5.521 
676.000 5.506 
677.000 5.490 
678.000 5.476 
679.000 5.466 
680.000 5.463 
681.000 5.465 
682.000 5.472 
683.000 5.481 
684.000 5.492 
685.000 5.503 
686.000 5.515 
687.000 5.526 
688.000 5.536 
689.000 5.545 
690.000 5.550 
691.000 5.551 
692.000 5.548 
693.000 5.541 
694.000 5.531 
695.000 5.519 
696.000 5.508 
697.000 5.500 
698.000 5.497 
699.000 5.498 
700.000 5.502 
701.000 5.509 
702.000 5.517 
703.000 5.525 
704.000 5.534 
705.000 5.542 
706.000 5.550 
707.000 5.556 
708.000 5.561 
709.000 5.562 
710.000 5.560 
711.000 5.556 
712.000 5.548 
713.000 5.540 
714.000 5.531 
715.000 5.525 
716.000 5.521 
717.000 5.522 
718.000 5.525 
719.000 5.529 
720.000 5.535 
721.000 5.541 
722.000 5.548 
723.000 5.554 
724.000 5.560 
725.000 5.565 
726.000 5.569 
727.000 5.570 
728.000 5.569 
729.000 5.566 
730.000 5.561 
731.000 5.555 
732.000 5.548 
733.000 5.543 
734.000 5.540 
735.000 5.540 
736.000 5.541 
737.000 5.545 
738.000 5.549 
739.000 5.553 
740.000 5.558 
741.000 5.563 
742.000 5.567 
743.000 5.572 
744.000 5.575 
745.000 5.576 
746.000 5.576 
747.000 5.574 
748.000 5.571 
749.000 5.566 
750.000 5.561 
751.000 5.557 
752.000 5.554 
753.000 5.553 
754.000 5.554 
755.000 5.556 
756.000 5.559 
757.000 5.563 
758.000 5.566 
759.000 5.570 
760.000 5.573 
761.000 5.576 
762.000 5.579 
763.000 5.581 
764.000 5.581 
765.000 5.580 
766.000 5.577 
767.000 5.574 
768.000 5.570 
769.000 5.567 
770.000 5.564 
771.000 5.564 
772.000 5.564 
773.000 5.566 
774.000 5.568 
775.000 5.570 
776.000 5.573 
777.000 5.576 
778.000 5.578 
779.000 5.581 
780.000 5.583 
781.000 5.584 
782.000 5.584 
783.000 5.583 
784.000 5.582 
785.000 5.579 
786.000 5.577 
787.000 5.574 
788.000 5.572 
789.000 5.571 
790.000 5.571 
791.000 5.573 
792.000 5.574 
793.000 5.576 
794.000 5.578 
795.000 5.580 
796.000 5.582 
797.000 5.584 
798.000 5.585 
799.000 5.586 
800.000 5.587 
