1.000 0.000 
2.000 0.000 
3.000 0.000 
4.000 0.000 
5.000 0.000 
6.000 0.000 
7.000 0.000 
8.000 0.000 
9.000 0.000 
10.000 0.000 
11.000 0.000 
12.000 -0.037 
13.000 -0.080 
14.000 -0.099 
15.000 -0.109 
16.000 -0.114 
17.000 -0.118 
18.000 -0.112 
19.000 -0.096 
20.000 -0.080 
21.000 -0.067 
22.000 -0.058 
23.000 -0.054 
24.000 -0.057 
25.000 -0.065 
26.000 -0.075 
27.000 -0.084 
28.000 -0.091 
29.000 -0.095 
30.000 -0.097 
31.000 -0.095 
32.000 -0.092 
33.000 -0.087 
34.000 -0.083 
35.000 -0.079 
36.000 -0.077 
37.000 -0.076 
38.000 -0.078 
39.000 -0.080 
40.000 -0.083 
41.000 -0.086 
42.000 -0.088 
43.000 -0.089 
44.000 -0.089 
45.000 -0.089 
46.000 -0.087 
47.000 -0.086 
48.000 -0.085 
49.000 -0.084 
50.000 -0.084 
51.000 -0.084 
52.000 -0.084 
53.000 -0.085 
54.000 -0.086 
55.000 -0.087 
56.000 -0.088 
57.000 -0.088 
58.000 -0.088 
59.000 -0.088 
60.000 -0.087 
61.000 -0.087 
62.000 -0.087 
63.000 -0.087 
64.000 -0.087 
65.000 -0.087 
66.000 -0.087 
67.000 -0.088 
68.000 -0.088 
69.000 -0.088 
70.000 -0.088 
71.000 -0.088 
72.000 -0.089 
73.000 -0.089 
74.000 -0.089 
75.000 -0.089 
76.000 -0.089 
77.000 -0.089 
78.000 -0.089 
79.000 -0.089 
80.000 -0.089 
81.000 -0.089 
82.000 -0.089 
83.000 -0.089 
84.000 -0.090 
85.000 -0.090 
86.000 -0.090 
87.000 -0.090 
88.000 -0.090 
89.000 -0.090 
90.000 -0.090 
91.000 -0.090 
92.000 -0.090 
93.000 -0.090 
94.000 -0.090 
95.000 -0.091 
96.000 -0.091 
97.000 -0.091 
98.000 -0.091 
99.000 -0.091 
100.000 -0.091 
101.000 -0.091 
102.000 -0.091 
103.000 -0.091 
104.000 -0.091 
105.000 -0.091 
106.000 -0.092 
107.000 -0.092 
108.000 -0.092 
109.000 -0.092 
110.000 -0.092 
111.000 -0.092 
112.000 -0.092 
113.000 -0.092 
114.000 -0.092 
115.000 -0.092 
116.000 -0.092 
117.000 -0.093 
118.000 -0.093 
119.000 -0.093 
120.000 -0.093 
121.000 -0.093 
122.000 -0.093 
123.000 -0.093 
124.000 -0.093 
125.000 -0.093 
126.000 -0.087 
127.000 -0.065 
128.000 -0.051 
129.000 -0.043 
130.000 -0.039 
131.000 -0.038 
132.000 -0.045 
133.000 -0.058 
134.000 -0.069 
135.000 -0.078 
136.000 -0.084 
137.000 -0.087 
138.000 -0.086 
139.000 -0.081 
140.000 -0.073 
141.000 -0.064 
142.000 -0.057 
143.000 -0.052 
144.000 -0.051 
145.000 -0.054 
146.000 -0.059 
147.000 -0.066 
148.000 -0.072 
149.000 -0.077 
150.000 -0.080 
151.000 -0.080 
152.000 -0.078 
153.000 -0.074 
154.000 -0.069 
155.000 -0.064 
156.000 -0.061 
157.000 -0.059 
158.000 -0.060 
159.000 -0.062 
160.000 -0.066 
161.000 -0.069 
162.000 -0.073 
163.000 -0.075 
164.000 -0.076 
165.000 -0.075 
166.000 -0.073 
167.000 -0.071 
168.000 -0.068 
169.000 -0.065 
170.000 -0.064 
171.000 -0.064 
172.000 -0.065 
173.000 -0.066 
174.000 -0.069 
175.000 -0.071 
176.000 -0.072 
177.000 -0.073 
178.000 -0.073 
179.000 -0.072 
180.000 -0.071 
181.000 -0.069 
182.000 -0.068 
183.000 -0.067 
184.000 -0.066 
185.000 -0.067 
186.000 -0.067 
187.000 -0.069 
188.000 -0.070 
189.000 -0.071 
190.000 -0.072 
191.000 -0.072 
192.000 -0.072 
193.000 -0.071 
194.000 -0.070 
195.000 -0.069 
196.000 -0.069 
197.000 -0.068 
198.000 -0.068 
199.000 -0.068 
200.000 -0.069 
201.000 -0.070 
202.000 -0.070 
203.000 -0.071 
204.000 -0.071 
205.000 -0.071 
206.000 -0.071 
207.000 -0.071 
208.000 -0.070 
209.000 -0.070 
210.000 -0.069 
211.000 -0.069 
212.000 -0.069 
213.000 -0.070 
214.000 -0.070 
215.000 -0.070 
216.000 -0.071 
217.000 -0.071 
218.000 -0.071 
219.000 -0.071 
220.000 -0.071 
221.000 -0.071 
222.000 -0.070 
223.000 -0.070 
224.000 -0.070 
225.000 -0.070 
226.000 -0.070 
227.000 -0.070 
228.000 -0.070 
229.000 -0.071 
230.000 -0.071 
231.000 -0.071 
232.000 -0.071 
233.000 -0.071 
234.000 -0.071 
235.000 -0.071 
236.000 -0.071 
237.000 -0.070 
238.000 -0.070 
239.000 -0.071 
240.000 -0.071 
241.000 -0.071 
242.000 -0.071 
243.000 -0.071 
244.000 -0.071 
245.000 -0.071 
246.000 0.026 
247.000 0.138 
248.000 0.307 
249.000 0.396 
250.000 0.539 
251.000 0.526 
252.000 0.415 
253.000 0.233 
254.000 0.085 
255.000 -0.016 
256.000 -0.081 
257.000 -0.123 
258.000 -0.119 
259.000 -0.036 
260.000 0.109 
261.000 0.229 
262.000 0.397 
263.000 0.473 
264.000 0.554 
265.000 0.480 
266.000 0.310 
267.000 0.140 
268.000 0.015 
269.000 -0.063 
270.000 -0.108 
271.000 -0.143 
272.000 -0.081 
273.000 0.030 
274.000 0.194 
275.000 0.308 
276.000 0.471 
277.000 0.512 
278.000 0.525 
279.000 0.395 
280.000 0.220 
281.000 0.076 
282.000 -0.025 
283.000 -0.087 
284.000 -0.139 
285.000 -0.121 
286.000 -0.031 
287.000 0.124 
288.000 0.247 
289.000 0.419 
290.000 0.497 
291.000 0.578 
292.000 0.497 
293.000 0.317 
294.000 0.143 
295.000 0.015 
296.000 -0.064 
297.000 -0.109 
298.000 -0.143 
299.000 -0.077 
300.000 0.038 
301.000 0.203 
302.000 0.318 
303.000 0.481 
304.000 0.522 
305.000 0.534 
306.000 0.402 
307.000 0.225 
308.000 0.079 
309.000 -0.024 
310.000 -0.086 
311.000 -0.139 
312.000 -0.118 
313.000 -0.027 
314.000 0.130 
315.000 0.260 
316.000 0.434 
317.000 0.514 
318.000 0.598 
319.000 0.515 
320.000 0.328 
321.000 0.149 
322.000 0.019 
323.000 -0.062 
324.000 -0.107 
325.000 -0.143 
326.000 -0.076 
327.000 0.041 
328.000 0.207 
329.000 0.324 
330.000 0.488 
331.000 0.532 
332.000 0.548 
333.000 0.418 
334.000 0.237 
335.000 0.086 
336.000 -0.019 
337.000 -0.084 
338.000 -0.138 
339.000 -0.118 
340.000 -0.027 
341.000 0.130 
342.000 0.263 
343.000 0.439 
344.000 0.522 
345.000 0.612 
346.000 0.533 
347.000 0.343 
348.000 0.159 
349.000 0.025 
350.000 -0.059 
351.000 -0.105 
352.000 -0.145 
353.000 -0.079 
354.000 0.036 
355.000 0.204 
356.000 0.329 
357.000 0.496 
358.000 0.546 
359.000 0.572 
360.000 0.447 
361.000 0.259 
362.000 0.100 
363.000 -0.011 
364.000 -0.081 
365.000 -0.132 
366.000 -0.076 
367.000 0.099 
368.000 0.312 
369.000 0.520 
370.000 0.730 
371.000 0.873 
372.000 0.990 
373.000 0.984 
374.000 0.981 
375.000 0.799 
376.000 0.537 
377.000 0.301 
378.000 0.126 
379.000 0.028 
380.000 0.049 
381.000 0.184 
382.000 0.371 
383.000 0.573 
384.000 0.773 
385.000 0.919 
386.000 1.028 
387.000 1.048 
388.000 1.026 
389.000 0.838 
390.000 0.554 
391.000 0.307 
392.000 0.132 
393.000 0.024 
394.000 0.034 
395.000 0.166 
396.000 0.354 
397.000 0.563 
398.000 0.772 
399.000 0.934 
400.000 1.051 
401.000 1.088 
402.000 1.080 
403.000 0.901 
404.000 0.602 
405.000 0.337 
406.000 0.152 
407.000 0.036 
408.000 0.011 
409.000 0.112 
410.000 0.286 
411.000 0.496 
412.000 0.714 
413.000 0.902 
414.000 1.039 
415.000 1.114 
416.000 1.137 
417.000 1.017 
418.000 0.737 
419.000 0.439 
420.000 0.219 
421.000 0.077 
422.000 -0.021 
423.000 0.019 
424.000 0.167 
425.000 0.371 
426.000 0.595 
427.000 0.821 
428.000 0.994 
429.000 1.119 
430.000 1.157 
431.000 1.148 
432.000 0.954 
433.000 0.625 
434.000 0.344 
435.000 0.152 
436.000 0.034 
437.000 0.004 
438.000 0.114 
439.000 0.301 
440.000 0.530 
441.000 0.766 
442.000 0.976 
443.000 1.118 
444.000 1.205 
445.000 1.211 
446.000 1.072 
447.000 0.744 
448.000 0.428 
449.000 0.204 
450.000 0.062 
451.000 -0.038 
452.000 0.007 
453.000 0.172 
454.000 0.399 
455.000 0.651 
456.000 0.903 
457.000 1.100 
458.000 1.229 
459.000 1.275 
460.000 1.228 
461.000 0.956 
462.000 0.583 
463.000 0.299 
464.000 0.116 
465.000 0.001 
466.000 -0.004 
467.000 0.155 
468.000 0.387 
469.000 0.654 
470.000 0.925 
471.000 1.155 
472.000 1.288 
473.000 1.357 
474.000 1.280 
475.000 0.958 
476.000 0.565 
477.000 0.279 
478.000 0.096 
479.000 -0.020 
480.000 -0.029 
481.000 0.136 
482.000 0.381 
483.000 0.665 
484.000 0.955 
485.000 1.207 
486.000 1.506 
487.000 1.870 
488.000 2.266 
489.000 2.663 
490.000 3.032 
491.000 3.320 
492.000 3.455 
493.000 3.373 
494.000 3.170 
495.000 2.835 
496.000 2.511 
497.000 2.175 
498.000 1.942 
499.000 1.820 
500.000 1.831 
501.000 1.971 
502.000 2.205 
503.000 2.496 
504.000 2.818 
505.000 3.148 
506.000 3.432 
507.000 3.598 
508.000 3.590 
509.000 3.414 
510.000 3.126 
511.000 2.771 
512.000 2.404 
513.000 2.121 
514.000 1.939 
515.000 1.885 
516.000 1.970 
517.000 2.165 
518.000 2.430 
519.000 2.735 
520.000 3.057 
521.000 3.373 
522.000 3.619 
523.000 3.732 
524.000 3.664 
525.000 3.449 
526.000 3.128 
527.000 2.730 
528.000 2.356 
529.000 2.083 
530.000 1.935 
531.000 1.932 
532.000 2.061 
533.000 2.284 
534.000 2.564 
535.000 2.875 
536.000 3.196 
537.000 3.504 
538.000 3.740 
539.000 3.841 
540.000 3.765 
541.000 3.540 
542.000 3.216 
543.000 2.793 
544.000 2.389 
545.000 2.103 
546.000 1.956 
547.000 1.963 
548.000 2.102 
549.000 2.330 
550.000 2.613 
551.000 2.924 
552.000 3.243 
553.000 3.556 
554.000 3.809 
555.000 3.940 
556.000 3.905 
557.000 3.700 
558.000 3.394 
559.000 2.958 
560.000 2.487 
561.000 2.142 
562.000 1.949 
563.000 1.919 
564.000 2.031 
565.000 2.242 
566.000 2.516 
567.000 2.825 
568.000 3.146 
569.000 3.464 
570.000 3.755 
571.000 3.963 
572.000 4.035 
573.000 3.935 
574.000 3.689 
575.000 3.316 
576.000 2.827 
577.000 2.358 
578.000 2.043 
579.000 1.902 
580.000 1.926 
581.000 2.078 
582.000 2.317 
583.000 2.607 
584.000 2.924 
585.000 3.247 
586.000 3.563 
587.000 3.851 
588.000 4.056 
589.000 4.127 
590.000 4.033 
591.000 3.788 
592.000 3.404 
593.000 2.880 
594.000 2.354 
595.000 2.000 
596.000 1.841 
597.000 1.856 
598.000 2.004 
599.000 2.243 
600.000 2.536 
601.000 2.857 
602.000 3.186 
603.000 3.509 
604.000 3.814 
605.000 4.064 
606.000 4.286 
607.000 4.492 
608.000 4.679 
609.000 4.845 
610.000 4.991 
611.000 5.116 
612.000 5.223 
613.000 5.312 
614.000 5.380 
615.000 5.418 
616.000 5.423 
617.000 5.395 
618.000 5.339 
619.000 5.263 
620.000 5.181 
621.000 5.108 
622.000 5.062 
623.000 5.046 
624.000 5.056 
625.000 5.082 
626.000 5.120 
627.000 5.164 
628.000 5.212 
629.000 5.259 
630.000 5.306 
631.000 5.349 
632.000 5.389 
633.000 5.425 
634.000 5.451 
635.000 5.464 
636.000 5.461 
637.000 5.444 
638.000 5.413 
639.000 5.373 
640.000 5.331 
641.000 5.295 
642.000 5.273 
643.000 5.267 
644.000 5.276 
645.000 5.294 
646.000 5.317 
647.000 5.344 
648.000 5.373 
649.000 5.401 
650.000 5.428 
651.000 5.454 
652.000 5.476 
653.000 5.490 
654.000 5.495 
655.000 5.490 
656.000 5.474 
657.000 5.450 
658.000 5.422 
659.000 5.394 
660.000 5.372 
661.000 5.361 
662.000 5.361 
663.000 5.370 
664.000 5.384 
665.000 5.402 
666.000 5.422 
667.000 5.443 
668.000 5.463 
669.000 5.482 
670.000 5.500 
671.000 5.513 
672.000 5.519 
673.000 5.518 
674.000 5.510 
675.000 5.494 
676.000 5.473 
677.000 5.452 
678.000 5.433 
679.000 5.420 
680.000 5.417 
681.000 5.422 
682.000 5.431 
683.000 5.444 
684.000 5.459 
685.000 5.474 
686.000 5.489 
687.000 5.504 
688.000 5.518 
689.000 5.529 
690.000 5.536 
691.000 5.538 
692.000 5.533 
693.000 5.523 
694.000 5.509 
695.000 5.493 
696.000 5.478 
697.000 5.466 
698.000 5.462 
699.000 5.463 
700.000 5.469 
701.000 5.478 
702.000 5.489 
703.000 5.500 
704.000 5.512 
705.000 5.523 
706.000 5.533 
707.000 5.543 
708.000 5.549 
709.000 5.551 
710.000 5.549 
711.000 5.543 
712.000 5.533 
713.000 5.522 
714.000 5.510 
715.000 5.500 
716.000 5.495 
717.000 5.494 
718.000 5.498 
719.000 5.504 
720.000 5.512 
721.000 5.520 
722.000 5.529 
723.000 5.537 
724.000 5.546 
725.000 5.553 
726.000 5.559 
727.000 5.562 
728.000 5.562 
729.000 5.558 
730.000 5.551 
731.000 5.543 
732.000 5.533 
733.000 5.525 
734.000 5.519 
735.000 5.518 
736.000 5.520 
737.000 5.524 
738.000 5.529 
739.000 5.535 
740.000 5.542 
741.000 5.549 
742.000 5.555 
743.000 5.561 
744.000 5.566 
745.000 5.569 
746.000 5.570 
747.000 5.568 
748.000 5.564 
749.000 5.558 
750.000 5.551 
751.000 5.544 
752.000 5.539 
753.000 5.537 
754.000 5.538 
755.000 5.540 
756.000 5.544 
757.000 5.548 
758.000 5.553 
759.000 5.558 
760.000 5.563 
761.000 5.568 
762.000 5.572 
763.000 5.575 
764.000 5.576 
765.000 5.575 
766.000 5.572 
767.000 5.568 
768.000 5.563 
769.000 5.558 
770.000 5.554 
771.000 5.551 
772.000 5.551 
773.000 5.552 
774.000 5.555 
775.000 5.558 
776.000 5.562 
777.000 5.566 
778.000 5.569 
779.000 5.573 
780.000 5.576 
781.000 5.579 
782.000 5.580 
783.000 5.580 
784.000 5.579 
785.000 5.576 
786.000 5.572 
787.000 5.568 
788.000 5.564 
789.000 5.562 
790.000 5.561 
791.000 5.562 
792.000 5.564 
793.000 5.566 
794.000 5.569 
795.000 5.571 
796.000 5.574 
797.000 5.577 
798.000 5.580 
799.000 5.582 
800.000 5.583 
