1.000 0.000 
2.000 0.000 
3.000 0.000 
4.000 0.000 
5.000 0.000 
6.000 0.000 
7.000 0.000 
8.000 0.000 
9.000 0.000 
10.000 0.000 
11.000 0.000 
12.000 -0.039 
13.000 -0.083 
14.000 -0.101 
15.000 -0.110 
16.000 -0.115 
17.000 -0.119 
18.000 -0.111 
19.000 -0.092 
20.000 -0.076 
21.000 -0.064 
22.000 -0.055 
23.000 -0.052 
24.000 -0.057 
25.000 -0.067 
26.000 -0.077 
27.000 -0.086 
28.000 -0.093 
29.000 -0.097 
30.000 -0.097 
31.000 -0.095 
32.000 -0.090 
33.000 -0.085 
34.000 -0.080 
35.000 -0.077 
36.000 -0.075 
37.000 -0.076 
38.000 -0.078 
39.000 -0.081 
40.000 -0.084 
41.000 -0.087 
42.000 -0.089 
43.000 -0.090 
44.000 -0.089 
45.000 -0.088 
46.000 -0.086 
47.000 -0.085 
48.000 -0.084 
49.000 -0.083 
50.000 -0.083 
51.000 -0.084 
52.000 -0.085 
53.000 -0.086 
54.000 -0.087 
55.000 -0.087 
56.000 -0.088 
57.000 -0.088 
58.000 -0.088 
59.000 -0.087 
60.000 -0.087 
61.000 -0.087 
62.000 -0.086 
63.000 -0.086 
64.000 -0.086 
65.000 -0.087 
66.000 -0.087 
67.000 -0.087 
68.000 -0.088 
69.000 -0.088 
70.000 -0.088 
71.000 -0.088 
72.000 -0.088 
73.000 -0.088 
74.000 -0.088 
75.000 -0.088 
76.000 -0.088 
77.000 -0.088 
78.000 -0.088 
79.000 -0.089 
80.000 -0.089 
81.000 -0.089 
82.000 -0.089 
83.000 -0.089 
84.000 -0.089 
85.000 -0.089 
86.000 -0.089 
87.000 -0.089 
88.000 -0.090 
89.000 -0.090 
90.000 -0.090 
91.000 -0.090 
92.000 -0.090 
93.000 -0.090 
94.000 -0.090 
95.000 -0.090 
96.000 -0.090 
97.000 -0.090 
98.000 -0.091 
99.000 -0.091 
100.000 -0.091 
101.000 -0.091 
102.000 -0.091 
103.000 -0.091 
104.000 -0.091 
105.000 -0.091 
106.000 -0.091 
107.000 -0.091 
108.000 -0.091 
109.000 -0.092 
110.000 -0.092 
111.000 -0.092 
112.000 -0.092 
113.000 -0.092 
114.000 -0.092 
115.000 -0.092 
116.000 -0.092 
117.000 -0.092 
118.000 -0.092 
119.000 -0.092 
120.000 -0.092 
121.000 -0.093 
122.000 -0.093 
123.000 -0.093 
124.000 -0.093 
125.000 -0.093 
126.000 -0.086 
127.000 -0.063 
128.000 -0.049 
129.000 -0.041 
130.000 -0.037 
131.000 -0.038 
132.000 -0.046 
133.000 -0.059 
134.000 -0.071 
135.000 -0.080 
136.000 -0.085 
137.000 -0.088 
138.000 -0.085 
139.000 -0.079 
140.000 -0.070 
141.000 -0.061 
142.000 -0.054 
143.000 -0.050 
144.000 -0.050 
145.000 -0.054 
146.000 -0.061 
147.000 -0.068 
148.000 -0.074 
149.000 -0.079 
150.000 -0.081 
151.000 -0.080 
152.000 -0.076 
153.000 -0.071 
154.000 -0.066 
155.000 -0.061 
156.000 -0.058 
157.000 -0.058 
158.000 -0.059 
159.000 -0.063 
160.000 -0.067 
161.000 -0.072 
162.000 -0.075 
163.000 -0.076 
164.000 -0.076 
165.000 -0.074 
166.000 -0.072 
167.000 -0.068 
168.000 -0.065 
169.000 -0.063 
170.000 -0.062 
171.000 -0.063 
172.000 -0.065 
173.000 -0.067 
174.000 -0.070 
175.000 -0.072 
176.000 -0.073 
177.000 -0.074 
178.000 -0.073 
179.000 -0.071 
180.000 -0.069 
181.000 -0.067 
182.000 -0.066 
183.000 -0.065 
184.000 -0.066 
185.000 -0.067 
186.000 -0.068 
187.000 -0.070 
188.000 -0.071 
189.000 -0.072 
190.000 -0.072 
191.000 -0.072 
192.000 -0.071 
193.000 -0.070 
194.000 -0.069 
195.000 -0.068 
196.000 -0.067 
197.000 -0.067 
198.000 -0.068 
199.000 -0.069 
200.000 -0.069 
201.000 -0.070 
202.000 -0.071 
203.000 -0.071 
204.000 -0.071 
205.000 -0.071 
206.000 -0.070 
207.000 -0.070 
208.000 -0.069 
209.000 -0.069 
210.000 -0.069 
211.000 -0.069 
212.000 -0.069 
213.000 -0.070 
214.000 -0.070 
215.000 -0.071 
216.000 -0.071 
217.000 -0.071 
218.000 -0.071 
219.000 -0.070 
220.000 -0.070 
221.000 -0.070 
222.000 -0.070 
223.000 -0.069 
224.000 -0.070 
225.000 -0.070 
226.000 -0.070 
227.000 -0.070 
228.000 -0.071 
229.000 -0.071 
230.000 -0.071 
231.000 -0.071 
232.000 -0.071 
233.000 -0.070 
234.000 -0.070 
235.000 -0.070 
236.000 -0.070 
237.000 -0.070 
238.000 -0.070 
239.000 -0.070 
240.000 -0.071 
241.000 -0.071 
242.000 -0.071 
243.000 -0.071 
244.000 -0.071 
245.000 -0.071 
246.000 0.026 
247.000 0.138 
248.000 0.306 
249.000 0.394 
250.000 0.534 
251.000 0.525 
252.000 0.407 
253.000 0.224 
254.000 0.077 
255.000 -0.021 
256.000 -0.084 
257.000 -0.131 
258.000 -0.112 
259.000 -0.029 
260.000 0.126 
261.000 0.250 
262.000 0.423 
263.000 0.496 
264.000 0.567 
265.000 0.478 
266.000 0.294 
267.000 0.125 
268.000 0.004 
269.000 -0.071 
270.000 -0.114 
271.000 -0.135 
272.000 -0.063 
273.000 0.064 
274.000 0.216 
275.000 0.368 
276.000 0.510 
277.000 0.587 
278.000 0.547 
279.000 0.365 
280.000 0.178 
281.000 0.040 
282.000 -0.049 
283.000 -0.101 
284.000 -0.161 
285.000 -0.113 
286.000 -0.015 
287.000 0.151 
288.000 0.281 
289.000 0.458 
290.000 0.522 
291.000 0.576 
292.000 0.470 
293.000 0.279 
294.000 0.113 
295.000 -0.004 
296.000 -0.076 
297.000 -0.120 
298.000 -0.125 
299.000 -0.045 
300.000 0.097 
301.000 0.226 
302.000 0.395 
303.000 0.479 
304.000 0.571 
305.000 0.511 
306.000 0.335 
307.000 0.156 
308.000 0.025 
309.000 -0.058 
310.000 -0.105 
311.000 -0.145 
312.000 -0.081 
313.000 0.031 
314.000 0.195 
315.000 0.312 
316.000 0.477 
317.000 0.526 
318.000 0.541 
319.000 0.409 
320.000 0.230 
321.000 0.081 
322.000 -0.023 
323.000 -0.087 
324.000 -0.145 
325.000 -0.116 
326.000 -0.024 
327.000 0.138 
328.000 0.274 
329.000 0.453 
330.000 0.531 
331.000 0.607 
332.000 0.520 
333.000 0.321 
334.000 0.141 
335.000 0.014 
336.000 -0.065 
337.000 -0.110 
338.000 -0.135 
339.000 -0.062 
340.000 0.070 
341.000 0.223 
342.000 0.382 
343.000 0.522 
344.000 0.620 
345.000 0.592 
346.000 0.407 
347.000 0.207 
348.000 0.058 
349.000 -0.038 
350.000 -0.096 
351.000 -0.164 
352.000 -0.119 
353.000 -0.012 
354.000 0.159 
355.000 0.296 
356.000 0.476 
357.000 0.550 
358.000 0.613 
359.000 0.510 
360.000 0.308 
361.000 0.131 
362.000 0.008 
363.000 -0.069 
364.000 -0.114 
365.000 -0.124 
366.000 0.026 
367.000 0.245 
368.000 0.477 
369.000 0.680 
370.000 0.871 
371.000 0.953 
372.000 1.038 
373.000 0.915 
374.000 0.745 
375.000 0.490 
376.000 0.270 
377.000 0.118 
378.000 0.007 
379.000 0.019 
380.000 0.125 
381.000 0.283 
382.000 0.473 
383.000 0.663 
384.000 0.829 
385.000 0.947 
386.000 1.023 
387.000 1.039 
388.000 0.943 
389.000 0.711 
390.000 0.442 
391.000 0.231 
392.000 0.088 
393.000 0.005 
394.000 0.045 
395.000 0.167 
396.000 0.345 
397.000 0.540 
398.000 0.739 
399.000 0.887 
400.000 1.011 
401.000 1.041 
402.000 1.057 
403.000 0.909 
404.000 0.646 
405.000 0.379 
406.000 0.181 
407.000 0.060 
408.000 0.025 
409.000 0.104 
410.000 0.260 
411.000 0.459 
412.000 0.670 
413.000 0.857 
414.000 1.004 
415.000 1.091 
416.000 1.134 
417.000 1.044 
418.000 0.796 
419.000 0.490 
420.000 0.254 
421.000 0.100 
422.000 -0.015 
423.000 0.011 
424.000 0.155 
425.000 0.354 
426.000 0.575 
427.000 0.800 
428.000 0.978 
429.000 1.111 
430.000 1.162 
431.000 1.160 
432.000 0.975 
433.000 0.640 
434.000 0.352 
435.000 0.156 
436.000 0.035 
437.000 -0.005 
438.000 0.092 
439.000 0.268 
440.000 0.488 
441.000 0.719 
442.000 0.932 
443.000 1.087 
444.000 1.187 
445.000 1.214 
446.000 1.111 
447.000 0.805 
448.000 0.476 
449.000 0.235 
450.000 0.081 
451.000 -0.035 
452.000 -0.007 
453.000 0.155 
454.000 0.375 
455.000 0.619 
456.000 0.868 
457.000 1.073 
458.000 1.210 
459.000 1.276 
460.000 1.245 
461.000 0.995 
462.000 0.613 
463.000 0.318 
464.000 0.126 
465.000 0.008 
466.000 -0.009 
467.000 0.137 
468.000 0.354 
469.000 0.608 
470.000 0.869 
471.000 1.099 
472.000 1.245 
473.000 1.332 
474.000 1.296 
475.000 1.036 
476.000 0.632 
477.000 0.325 
478.000 0.125 
479.000 0.003 
480.000 -0.027 
481.000 0.115 
482.000 0.337 
483.000 0.603 
484.000 0.880 
485.000 1.132 
486.000 1.435 
487.000 1.805 
488.000 2.207 
489.000 2.617 
490.000 3.014 
491.000 3.346 
492.000 3.541 
493.000 3.536 
494.000 3.362 
495.000 3.062 
496.000 2.667 
497.000 2.249 
498.000 1.943 
499.000 1.742 
500.000 1.664 
501.000 1.736 
502.000 1.929 
503.000 2.202 
504.000 2.521 
505.000 2.861 
506.000 3.203 
507.000 3.493 
508.000 3.663 
509.000 3.663 
510.000 3.489 
511.000 3.205 
512.000 2.804 
513.000 2.374 
514.000 2.055 
515.000 1.849 
516.000 1.770 
517.000 1.838 
518.000 2.024 
519.000 2.289 
520.000 2.599 
521.000 2.930 
522.000 3.263 
523.000 3.558 
524.000 3.755 
525.000 3.801 
526.000 3.660 
527.000 3.404 
528.000 3.014 
529.000 2.541 
530.000 2.143 
531.000 1.877 
532.000 1.755 
533.000 1.791 
534.000 1.957 
535.000 2.209 
536.000 2.514 
537.000 2.843 
538.000 3.179 
539.000 3.506 
540.000 3.775 
541.000 3.926 
542.000 3.914 
543.000 3.724 
544.000 3.420 
545.000 2.953 
546.000 2.393 
547.000 1.961 
548.000 1.696 
549.000 1.605 
550.000 1.679 
551.000 1.876 
552.000 2.154 
553.000 2.478 
554.000 2.823 
555.000 3.170 
556.000 3.506 
557.000 3.804 
558.000 4.008 
559.000 4.068 
560.000 3.953 
561.000 3.697 
562.000 3.267 
563.000 2.633 
564.000 2.011 
565.000 1.607 
566.000 1.427 
567.000 1.437 
568.000 1.599 
569.000 1.861 
570.000 2.185 
571.000 2.541 
572.000 2.907 
573.000 3.265 
574.000 3.606 
575.000 3.912 
576.000 4.132 
577.000 4.215 
578.000 4.130 
579.000 3.886 
580.000 3.447 
581.000 2.708 
582.000 1.867 
583.000 1.259 
584.000 0.931 
585.000 0.854 
586.000 0.976 
587.000 1.233 
588.000 1.577 
589.000 1.970 
590.000 2.382 
591.000 2.794 
592.000 3.189 
593.000 3.558 
594.000 3.895 
595.000 4.177 
596.000 4.356 
597.000 4.388 
598.000 4.252 
599.000 3.946 
600.000 3.369 
601.000 2.355 
602.000 1.459 
603.000 0.824 
604.000 0.516 
605.000 0.481 
606.000 0.646 
607.000 0.947 
608.000 1.332 
609.000 1.763 
610.000 2.210 
611.000 2.652 
612.000 3.075 
613.000 3.467 
614.000 3.824 
615.000 4.143 
616.000 4.422 
617.000 4.663 
618.000 4.869 
619.000 5.041 
620.000 5.184 
621.000 5.300 
622.000 5.393 
623.000 5.467 
624.000 5.524 
625.000 5.566 
626.000 5.598 
627.000 5.620 
628.000 5.635 
629.000 5.643 
630.000 5.648 
631.000 5.649 
632.000 5.648 
633.000 5.645 
634.000 5.641 
635.000 5.637 
636.000 5.632 
637.000 5.627 
638.000 5.623 
639.000 5.618 
640.000 5.614 
641.000 5.611 
642.000 5.608 
643.000 5.605 
644.000 5.603 
645.000 5.601 
646.000 5.599 
647.000 5.598 
648.000 5.597 
649.000 5.596 
650.000 5.595 
651.000 5.595 
652.000 5.594 
653.000 5.594 
654.000 5.594 
655.000 5.594 
656.000 5.594 
657.000 5.594 
658.000 5.594 
659.000 5.594 
660.000 5.594 
661.000 5.594 
662.000 5.594 
663.000 5.594 
664.000 5.594 
665.000 5.594 
666.000 5.594 
667.000 5.594 
668.000 5.594 
669.000 5.594 
670.000 5.594 
671.000 5.594 
672.000 5.594 
673.000 5.594 
674.000 5.594 
675.000 5.594 
676.000 5.594 
677.000 5.594 
678.000 5.594 
679.000 5.594 
680.000 5.594 
681.000 5.594 
682.000 5.594 
683.000 5.594 
684.000 5.594 
685.000 5.594 
686.000 5.594 
687.000 5.594 
688.000 5.594 
689.000 5.594 
690.000 5.594 
691.000 5.594 
692.000 5.594 
693.000 5.594 
694.000 5.594 
695.000 5.594 
696.000 5.594 
697.000 5.594 
698.000 5.594 
699.000 5.594 
700.000 5.594 
701.000 5.594 
702.000 5.594 
703.000 5.594 
704.000 5.594 
705.000 5.594 
706.000 5.594 
707.000 5.594 
708.000 5.594 
709.000 5.594 
710.000 5.594 
711.000 5.594 
712.000 5.594 
713.000 5.594 
714.000 5.594 
715.000 5.594 
716.000 5.594 
717.000 5.594 
718.000 5.594 
719.000 5.594 
720.000 5.594 
721.000 5.594 
722.000 5.594 
723.000 5.594 
724.000 5.594 
725.000 5.594 
726.000 5.594 
727.000 5.594 
728.000 5.594 
729.000 5.594 
730.000 5.594 
731.000 5.594 
732.000 5.594 
733.000 5.594 
734.000 5.594 
735.000 5.594 
736.000 5.594 
737.000 5.594 
738.000 5.594 
739.000 5.594 
740.000 5.594 
741.000 5.594 
742.000 5.594 
743.000 5.594 
744.000 5.594 
745.000 5.594 
746.000 5.594 
747.000 5.594 
748.000 5.594 
749.000 5.594 
750.000 5.594 
751.000 5.594 
752.000 5.594 
753.000 5.594 
754.000 5.594 
755.000 5.594 
756.000 5.594 
757.000 5.594 
758.000 5.594 
759.000 5.594 
760.000 5.594 
761.000 5.594 
762.000 5.594 
763.000 5.594 
764.000 5.594 
765.000 5.594 
766.000 5.594 
767.000 5.594 
768.000 5.594 
769.000 5.594 
770.000 5.594 
771.000 5.594 
772.000 5.594 
773.000 5.594 
774.000 5.594 
775.000 5.594 
776.000 5.594 
777.000 5.594 
778.000 5.594 
779.000 5.594 
780.000 5.594 
781.000 5.594 
782.000 5.594 
783.000 5.594 
784.000 5.594 
785.000 5.594 
786.000 5.594 
787.000 5.594 
788.000 5.594 
789.000 5.594 
790.000 5.594 
791.000 5.594 
792.000 5.594 
793.000 5.594 
794.000 5.594 
795.000 5.594 
796.000 5.594 
797.000 5.594 
798.000 5.594 
799.000 5.594 
800.000 5.594 
