1.000 0.000 
2.000 0.000 
3.000 0.000 
4.000 0.000 
5.000 0.000 
6.000 0.000 
7.000 0.000 
8.000 0.000 
9.000 0.000 
10.000 0.000 
11.000 0.000 
12.000 -0.013 
13.000 -0.031 
14.000 -0.039 
15.000 -0.041 
16.000 -0.041 
17.000 -0.040 
18.000 -0.036 
19.000 -0.032 
20.000 -0.029 
21.000 -0.028 
22.000 -0.028 
23.000 -0.029 
24.000 -0.030 
25.000 -0.031 
26.000 -0.032 
27.000 -0.033 
28.000 -0.033 
29.000 -0.033 
30.000 -0.032 
31.000 -0.032 
32.000 -0.032 
33.000 -0.032 
34.000 -0.032 
35.000 -0.032 
36.000 -0.032 
37.000 -0.032 
38.000 -0.033 
39.000 -0.033 
40.000 -0.033 
41.000 -0.033 
42.000 -0.033 
43.000 -0.033 
44.000 -0.033 
45.000 -0.033 
46.000 -0.033 
47.000 -0.033 
48.000 -0.033 
49.000 -0.033 
50.000 -0.034 
51.000 -0.034 
52.000 -0.034 
53.000 -0.034 
54.000 -0.034 
55.000 -0.034 
56.000 -0.034 
57.000 -0.034 
58.000 -0.034 
59.000 -0.034 
60.000 -0.034 
61.000 -0.034 
62.000 -0.035 
63.000 -0.035 
64.000 -0.035 
65.000 -0.035 
66.000 -0.035 
67.000 -0.035 
68.000 -0.035 
69.000 -0.035 
70.000 -0.035 
71.000 -0.035 
72.000 -0.035 
73.000 -0.035 
74.000 -0.035 
75.000 -0.036 
76.000 -0.036 
77.000 -0.036 
78.000 -0.036 
79.000 -0.036 
80.000 -0.036 
81.000 -0.036 
82.000 -0.036 
83.000 -0.036 
84.000 -0.036 
85.000 -0.036 
86.000 -0.036 
87.000 -0.036 
88.000 -0.037 
89.000 -0.037 
90.000 -0.037 
91.000 -0.037 
92.000 -0.037 
93.000 -0.037 
94.000 -0.037 
95.000 -0.037 
96.000 -0.037 
97.000 -0.037 
98.000 -0.037 
99.000 -0.037 
100.000 -0.037 
101.000 -0.038 
102.000 -0.038 
103.000 -0.038 
104.000 -0.038 
105.000 -0.038 
106.000 -0.038 
107.000 -0.038 
108.000 -0.038 
109.000 -0.038 
110.000 -0.038 
111.000 -0.038 
112.000 -0.038 
113.000 -0.038 
114.000 -0.039 
115.000 -0.039 
116.000 -0.039 
117.000 -0.039 
118.000 -0.039 
119.000 -0.039 
120.000 -0.039 
121.000 -0.039 
122.000 -0.039 
123.000 -0.039 
124.000 -0.039 
125.000 -0.039 
126.000 -0.034 
127.000 -0.028 
128.000 -0.025 
129.000 -0.024 
130.000 -0.024 
131.000 -0.025 
132.000 -0.027 
133.000 -0.028 
134.000 -0.029 
135.000 -0.030 
136.000 -0.030 
137.000 -0.030 
138.000 -0.029 
139.000 -0.029 
140.000 -0.029 
141.000 -0.029 
142.000 -0.029 
143.000 -0.029 
144.000 -0.029 
145.000 -0.029 
146.000 -0.029 
147.000 -0.029 
148.000 -0.029 
149.000 -0.029 
150.000 -0.029 
151.000 -0.029 
152.000 -0.029 
153.000 -0.029 
154.000 -0.029 
155.000 -0.029 
156.000 -0.029 
157.000 -0.030 
158.000 -0.030 
159.000 -0.030 
160.000 -0.030 
161.000 -0.030 
162.000 -0.030 
163.000 -0.030 
164.000 -0.030 
165.000 -0.030 
166.000 -0.030 
167.000 -0.030 
168.000 -0.030 
169.000 -0.030 
170.000 -0.030 
171.000 -0.030 
172.000 -0.030 
173.000 -0.030 
174.000 -0.030 
175.000 -0.030 
176.000 -0.030 
177.000 -0.030 
178.000 -0.030 
179.000 -0.030 
180.000 -0.030 
181.000 -0.031 
182.000 -0.031 
183.000 -0.031 
184.000 -0.031 
185.000 -0.031 
186.000 -0.031 
187.000 -0.031 
188.000 -0.031 
189.000 -0.031 
190.000 -0.031 
191.000 -0.031 
192.000 -0.031 
193.000 -0.031 
194.000 -0.031 
195.000 -0.031 
196.000 -0.031 
197.000 -0.031 
198.000 -0.031 
199.000 -0.031 
200.000 -0.031 
201.000 -0.031 
202.000 -0.031 
203.000 -0.031 
204.000 -0.031 
205.000 -0.031 
206.000 -0.031 
207.000 -0.032 
208.000 -0.032 
209.000 -0.032 
210.000 -0.032 
211.000 -0.032 
212.000 -0.032 
213.000 -0.032 
214.000 -0.032 
215.000 -0.032 
216.000 -0.032 
217.000 -0.032 
218.000 -0.032 
219.000 -0.032 
220.000 -0.032 
221.000 -0.032 
222.000 -0.032 
223.000 -0.032 
224.000 -0.032 
225.000 -0.032 
226.000 -0.032 
227.000 -0.032 
228.000 -0.032 
229.000 -0.032 
230.000 -0.032 
231.000 -0.032 
232.000 -0.032 
233.000 -0.032 
234.000 -0.033 
235.000 -0.033 
236.000 -0.033 
237.000 -0.033 
238.000 -0.033 
239.000 -0.033 
240.000 -0.033 
241.000 -0.033 
242.000 -0.033 
243.000 -0.033 
244.000 -0.033 
245.000 -0.033 
246.000 0.012 
247.000 0.035 
248.000 0.039 
249.000 0.045 
250.000 0.049 
251.000 0.047 
252.000 0.041 
253.000 0.038 
254.000 0.036 
255.000 0.035 
256.000 0.036 
257.000 0.037 
258.000 0.039 
259.000 0.041 
260.000 0.042 
261.000 0.043 
262.000 0.044 
263.000 0.044 
264.000 0.044 
265.000 0.043 
266.000 0.043 
267.000 0.044 
268.000 0.044 
269.000 0.044 
270.000 0.045 
271.000 0.045 
272.000 0.046 
273.000 0.046 
274.000 0.047 
275.000 0.047 
276.000 0.047 
277.000 0.047 
278.000 0.048 
279.000 0.048 
280.000 0.048 
281.000 0.049 
282.000 0.049 
283.000 0.050 
284.000 0.050 
285.000 0.050 
286.000 0.051 
287.000 0.051 
288.000 0.051 
289.000 0.052 
290.000 0.052 
291.000 0.053 
292.000 0.053 
293.000 0.053 
294.000 0.054 
295.000 0.054 
296.000 0.055 
297.000 0.055 
298.000 0.055 
299.000 0.056 
300.000 0.056 
301.000 0.056 
302.000 0.057 
303.000 0.057 
304.000 0.058 
305.000 0.058 
306.000 0.059 
307.000 0.059 
308.000 0.059 
309.000 0.060 
310.000 0.060 
311.000 0.061 
312.000 0.061 
313.000 0.061 
314.000 0.062 
315.000 0.062 
316.000 0.063 
317.000 0.063 
318.000 0.064 
319.000 0.064 
320.000 0.064 
321.000 0.065 
322.000 0.065 
323.000 0.066 
324.000 0.066 
325.000 0.067 
326.000 0.067 
327.000 0.068 
328.000 0.068 
329.000 0.068 
330.000 0.069 
331.000 0.069 
332.000 0.070 
333.000 0.070 
334.000 0.071 
335.000 0.071 
336.000 0.072 
337.000 0.072 
338.000 0.073 
339.000 0.073 
340.000 0.074 
341.000 0.074 
342.000 0.075 
343.000 0.075 
344.000 0.076 
345.000 0.076 
346.000 0.076 
347.000 0.077 
348.000 0.077 
349.000 0.078 
350.000 0.078 
351.000 0.079 
352.000 0.079 
353.000 0.080 
354.000 0.080 
355.000 0.081 
356.000 0.081 
357.000 0.082 
358.000 0.083 
359.000 0.083 
360.000 0.084 
361.000 0.084 
362.000 0.085 
363.000 0.085 
364.000 0.086 
365.000 0.086 
366.000 0.187 
367.000 0.295 
368.000 0.375 
369.000 0.434 
370.000 0.476 
371.000 0.483 
372.000 0.457 
373.000 0.413 
374.000 0.365 
375.000 0.322 
376.000 0.292 
377.000 0.280 
378.000 0.288 
379.000 0.311 
380.000 0.345 
381.000 0.383 
382.000 0.419 
383.000 0.448 
384.000 0.467 
385.000 0.475 
386.000 0.471 
387.000 0.459 
388.000 0.443 
389.000 0.427 
390.000 0.415 
391.000 0.410 
392.000 0.413 
393.000 0.424 
394.000 0.442 
395.000 0.464 
396.000 0.487 
397.000 0.509 
398.000 0.526 
399.000 0.538 
400.000 0.543 
401.000 0.542 
402.000 0.536 
403.000 0.528 
404.000 0.520 
405.000 0.514 
406.000 0.513 
407.000 0.517 
408.000 0.527 
409.000 0.543 
410.000 0.561 
411.000 0.582 
412.000 0.602 
413.000 0.619 
414.000 0.632 
415.000 0.639 
416.000 0.641 
417.000 0.637 
418.000 0.629 
419.000 0.620 
420.000 0.611 
421.000 0.605 
422.000 0.605 
423.000 0.610 
424.000 0.622 
425.000 0.640 
426.000 0.662 
427.000 0.687 
428.000 0.711 
429.000 0.732 
430.000 0.747 
431.000 0.755 
432.000 0.755 
433.000 0.746 
434.000 0.731 
435.000 0.710 
436.000 0.689 
437.000 0.670 
438.000 0.658 
439.000 0.655 
440.000 0.664 
441.000 0.686 
442.000 0.717 
443.000 0.756 
444.000 0.800 
445.000 0.842 
446.000 0.878 
447.000 0.903 
448.000 0.914 
449.000 0.905 
450.000 0.877 
451.000 0.829 
452.000 0.767 
453.000 0.698 
454.000 0.633 
455.000 0.583 
456.000 0.557 
457.000 0.563 
458.000 0.602 
459.000 0.671 
460.000 0.763 
461.000 0.870 
462.000 0.981 
463.000 1.086 
464.000 1.175 
465.000 1.237 
466.000 1.258 
467.000 1.225 
468.000 1.120 
469.000 0.936 
470.000 0.693 
471.000 0.450 
472.000 0.260 
473.000 0.135 
474.000 0.084 
475.000 0.122 
476.000 0.245 
477.000 0.430 
478.000 0.651 
479.000 0.888 
480.000 1.123 
481.000 1.342 
482.000 1.533 
483.000 1.689 
484.000 1.802 
485.000 1.861 
486.000 1.990 
487.000 2.170 
488.000 2.363 
489.000 2.562 
490.000 2.764 
491.000 2.964 
492.000 3.154 
493.000 3.329 
494.000 3.486 
495.000 3.620 
496.000 3.730 
497.000 3.815 
498.000 3.874 
499.000 3.909 
500.000 3.921 
501.000 3.913 
502.000 3.887 
503.000 3.847 
504.000 3.797 
505.000 3.740 
506.000 3.680 
507.000 3.621 
508.000 3.564 
509.000 3.513 
510.000 3.470 
511.000 3.435 
512.000 3.409 
513.000 3.392 
514.000 3.385 
515.000 3.386 
516.000 3.394 
517.000 3.409 
518.000 3.429 
519.000 3.452 
520.000 3.478 
521.000 3.505 
522.000 3.531 
523.000 3.556 
524.000 3.579 
525.000 3.599 
526.000 3.616 
527.000 3.629 
528.000 3.638 
529.000 3.643 
530.000 3.645 
531.000 3.643 
532.000 3.639 
533.000 3.632 
534.000 3.624 
535.000 3.614 
536.000 3.604 
537.000 3.593 
538.000 3.584 
539.000 3.574 
540.000 3.566 
541.000 3.560 
542.000 3.554 
543.000 3.550 
544.000 3.548 
545.000 3.547 
546.000 3.548 
547.000 3.549 
548.000 3.552 
549.000 3.555 
550.000 3.559 
551.000 3.563 
552.000 3.567 
553.000 3.572 
554.000 3.575 
555.000 3.579 
556.000 3.582 
557.000 3.584 
558.000 3.586 
559.000 3.587 
560.000 3.587 
561.000 3.587 
562.000 3.587 
563.000 3.586 
564.000 3.585 
565.000 3.583 
566.000 3.581 
567.000 3.580 
568.000 3.578 
569.000 3.577 
570.000 3.575 
571.000 3.574 
572.000 3.573 
573.000 3.572 
574.000 3.572 
575.000 3.571 
576.000 3.571 
577.000 3.572 
578.000 3.572 
579.000 3.572 
580.000 3.573 
581.000 3.574 
582.000 3.574 
583.000 3.575 
584.000 3.576 
585.000 3.576 
586.000 3.577 
587.000 3.577 
588.000 3.577 
589.000 3.578 
590.000 3.578 
591.000 3.578 
592.000 3.578 
593.000 3.578 
594.000 3.577 
595.000 3.577 
596.000 3.577 
597.000 3.577 
598.000 3.576 
599.000 3.576 
600.000 3.576 
601.000 3.576 
602.000 3.576 
603.000 3.575 
604.000 3.575 
605.000 3.575 
606.000 3.630 
607.000 3.742 
608.000 3.890 
609.000 4.058 
610.000 4.234 
611.000 4.409 
612.000 4.577 
613.000 4.734 
614.000 4.877 
615.000 5.005 
616.000 5.117 
617.000 5.214 
618.000 5.297 
619.000 5.367 
620.000 5.425 
621.000 5.472 
622.000 5.510 
623.000 5.540 
624.000 5.563 
625.000 5.581 
626.000 5.594 
627.000 5.603 
628.000 5.609 
629.000 5.613 
630.000 5.615 
631.000 5.616 
632.000 5.615 
633.000 5.614 
634.000 5.613 
635.000 5.611 
636.000 5.609 
637.000 5.607 
638.000 5.606 
639.000 5.604 
640.000 5.602 
641.000 5.601 
642.000 5.600 
643.000 5.599 
644.000 5.598 
645.000 5.597 
646.000 5.596 
647.000 5.596 
648.000 5.595 
649.000 5.595 
650.000 5.595 
651.000 5.594 
652.000 5.594 
653.000 5.594 
654.000 5.594 
655.000 5.594 
656.000 5.594 
657.000 5.594 
658.000 5.594 
659.000 5.594 
660.000 5.594 
661.000 5.594 
662.000 5.594 
663.000 5.594 
664.000 5.594 
665.000 5.594 
666.000 5.594 
667.000 5.594 
668.000 5.594 
669.000 5.594 
670.000 5.594 
671.000 5.594 
672.000 5.594 
673.000 5.594 
674.000 5.594 
675.000 5.594 
676.000 5.594 
677.000 5.594 
678.000 5.594 
679.000 5.594 
680.000 5.594 
681.000 5.594 
682.000 5.594 
683.000 5.594 
684.000 5.594 
685.000 5.594 
686.000 5.594 
687.000 5.594 
688.000 5.594 
689.000 5.594 
690.000 5.594 
691.000 5.594 
692.000 5.594 
693.000 5.594 
694.000 5.594 
695.000 5.594 
696.000 5.594 
697.000 5.594 
698.000 5.594 
699.000 5.594 
700.000 5.594 
701.000 5.594 
702.000 5.594 
703.000 5.594 
704.000 5.594 
705.000 5.594 
706.000 5.594 
707.000 5.594 
708.000 5.594 
709.000 5.594 
710.000 5.594 
711.000 5.594 
712.000 5.594 
713.000 5.594 
714.000 5.594 
715.000 5.594 
716.000 5.594 
717.000 5.594 
718.000 5.594 
719.000 5.594 
720.000 5.594 
721.000 5.594 
722.000 5.594 
723.000 5.594 
724.000 5.594 
725.000 5.594 
726.000 5.594 
727.000 5.594 
728.000 5.594 
729.000 5.594 
730.000 5.594 
731.000 5.594 
732.000 5.594 
733.000 5.594 
734.000 5.594 
735.000 5.594 
736.000 5.594 
737.000 5.594 
738.000 5.594 
739.000 5.594 
740.000 5.594 
741.000 5.594 
742.000 5.594 
743.000 5.594 
744.000 5.594 
745.000 5.594 
746.000 5.594 
747.000 5.594 
748.000 5.594 
749.000 5.594 
750.000 5.594 
751.000 5.594 
752.000 5.594 
753.000 5.594 
754.000 5.594 
755.000 5.594 
756.000 5.594 
757.000 5.594 
758.000 5.594 
759.000 5.594 
760.000 5.594 
761.000 5.594 
762.000 5.594 
763.000 5.594 
764.000 5.594 
765.000 5.594 
766.000 5.594 
767.000 5.594 
768.000 5.594 
769.000 5.594 
770.000 5.594 
771.000 5.594 
772.000 5.594 
773.000 5.594 
774.000 5.594 
775.000 5.594 
776.000 5.594 
777.000 5.594 
778.000 5.594 
779.000 5.594 
780.000 5.594 
781.000 5.594 
782.000 5.594 
783.000 5.594 
784.000 5.594 
785.000 5.594 
786.000 5.594 
787.000 5.594 
788.000 5.594 
789.000 5.594 
790.000 5.594 
791.000 5.594 
792.000 5.594 
793.000 5.594 
794.000 5.594 
795.000 5.594 
796.000 5.594 
797.000 5.594 
798.000 5.594 
799.000 5.594 
800.000 5.594 
