1.000 0.000 
2.000 0.000 
3.000 0.000 
4.000 0.000 
5.000 0.000 
6.000 0.000 
7.000 0.000 
8.000 0.000 
9.000 0.000 
10.000 0.000 
11.000 0.000 
12.000 -0.036 
13.000 -0.078 
14.000 -0.098 
15.000 -0.108 
16.000 -0.113 
17.000 -0.117 
18.000 -0.112 
19.000 -0.098 
20.000 -0.083 
21.000 -0.070 
22.000 -0.061 
23.000 -0.056 
24.000 -0.057 
25.000 -0.064 
26.000 -0.073 
27.000 -0.082 
28.000 -0.089 
29.000 -0.094 
30.000 -0.096 
31.000 -0.095 
32.000 -0.092 
33.000 -0.088 
34.000 -0.084 
35.000 -0.080 
36.000 -0.078 
37.000 -0.077 
38.000 -0.078 
39.000 -0.080 
40.000 -0.082 
41.000 -0.085 
42.000 -0.087 
43.000 -0.088 
44.000 -0.089 
45.000 -0.089 
46.000 -0.088 
47.000 -0.087 
48.000 -0.085 
49.000 -0.085 
50.000 -0.084 
51.000 -0.084 
52.000 -0.084 
53.000 -0.085 
54.000 -0.086 
55.000 -0.086 
56.000 -0.087 
57.000 -0.087 
58.000 -0.088 
59.000 -0.088 
60.000 -0.087 
61.000 -0.087 
62.000 -0.087 
63.000 -0.087 
64.000 -0.087 
65.000 -0.087 
66.000 -0.087 
67.000 -0.087 
68.000 -0.088 
69.000 -0.088 
70.000 -0.088 
71.000 -0.088 
72.000 -0.088 
73.000 -0.088 
74.000 -0.088 
75.000 -0.088 
76.000 -0.089 
77.000 -0.089 
78.000 -0.089 
79.000 -0.089 
80.000 -0.089 
81.000 -0.089 
82.000 -0.089 
83.000 -0.089 
84.000 -0.089 
85.000 -0.089 
86.000 -0.090 
87.000 -0.090 
88.000 -0.090 
89.000 -0.090 
90.000 -0.090 
91.000 -0.090 
92.000 -0.090 
93.000 -0.090 
94.000 -0.090 
95.000 -0.090 
96.000 -0.090 
97.000 -0.091 
98.000 -0.091 
99.000 -0.091 
100.000 -0.091 
101.000 -0.091 
102.000 -0.091 
103.000 -0.091 
104.000 -0.091 
105.000 -0.091 
106.000 -0.091 
107.000 -0.091 
108.000 -0.092 
109.000 -0.092 
110.000 -0.092 
111.000 -0.092 
112.000 -0.092 
113.000 -0.092 
114.000 -0.092 
115.000 -0.092 
116.000 -0.092 
117.000 -0.092 
118.000 -0.092 
119.000 -0.093 
120.000 -0.093 
121.000 -0.093 
122.000 -0.093 
123.000 -0.093 
124.000 -0.093 
125.000 -0.093 
126.000 -0.088 
127.000 -0.067 
128.000 -0.053 
129.000 -0.044 
130.000 -0.040 
131.000 -0.039 
132.000 -0.045 
133.000 -0.056 
134.000 -0.068 
135.000 -0.076 
136.000 -0.083 
137.000 -0.086 
138.000 -0.086 
139.000 -0.081 
140.000 -0.074 
141.000 -0.066 
142.000 -0.059 
143.000 -0.054 
144.000 -0.052 
145.000 -0.054 
146.000 -0.058 
147.000 -0.064 
148.000 -0.070 
149.000 -0.075 
150.000 -0.078 
151.000 -0.079 
152.000 -0.078 
153.000 -0.075 
154.000 -0.071 
155.000 -0.066 
156.000 -0.062 
157.000 -0.060 
158.000 -0.060 
159.000 -0.061 
160.000 -0.064 
161.000 -0.068 
162.000 -0.071 
163.000 -0.073 
164.000 -0.075 
165.000 -0.075 
166.000 -0.074 
167.000 -0.072 
168.000 -0.069 
169.000 -0.067 
170.000 -0.065 
171.000 -0.064 
172.000 -0.064 
173.000 -0.065 
174.000 -0.067 
175.000 -0.069 
176.000 -0.071 
177.000 -0.072 
178.000 -0.073 
179.000 -0.072 
180.000 -0.072 
181.000 -0.070 
182.000 -0.069 
183.000 -0.068 
184.000 -0.067 
185.000 -0.067 
186.000 -0.067 
187.000 -0.068 
188.000 -0.069 
189.000 -0.070 
190.000 -0.071 
191.000 -0.071 
192.000 -0.071 
193.000 -0.071 
194.000 -0.071 
195.000 -0.070 
196.000 -0.069 
197.000 -0.069 
198.000 -0.068 
199.000 -0.068 
200.000 -0.069 
201.000 -0.069 
202.000 -0.070 
203.000 -0.070 
204.000 -0.071 
205.000 -0.071 
206.000 -0.071 
207.000 -0.071 
208.000 -0.070 
209.000 -0.070 
210.000 -0.070 
211.000 -0.069 
212.000 -0.069 
213.000 -0.069 
214.000 -0.070 
215.000 -0.070 
216.000 -0.070 
217.000 -0.070 
218.000 -0.071 
219.000 -0.071 
220.000 -0.071 
221.000 -0.071 
222.000 -0.070 
223.000 -0.070 
224.000 -0.070 
225.000 -0.070 
226.000 -0.070 
227.000 -0.070 
228.000 -0.070 
229.000 -0.070 
230.000 -0.071 
231.000 -0.071 
232.000 -0.071 
233.000 -0.071 
234.000 -0.071 
235.000 -0.071 
236.000 -0.071 
237.000 -0.071 
238.000 -0.070 
239.000 -0.070 
240.000 -0.070 
241.000 -0.071 
242.000 -0.071 
243.000 -0.071 
244.000 -0.071 
245.000 -0.071 
246.000 0.026 
247.000 0.137 
248.000 0.305 
249.000 0.393 
250.000 0.535 
251.000 0.519 
252.000 0.417 
253.000 0.239 
254.000 0.092 
255.000 -0.010 
256.000 -0.077 
257.000 -0.117 
258.000 -0.122 
259.000 -0.044 
260.000 0.091 
261.000 0.234 
262.000 0.395 
263.000 0.496 
264.000 0.584 
265.000 0.520 
266.000 0.339 
267.000 0.160 
268.000 0.028 
269.000 -0.056 
270.000 -0.104 
271.000 -0.153 
272.000 -0.105 
273.000 -0.004 
274.000 0.161 
275.000 0.284 
276.000 0.456 
277.000 0.510 
278.000 0.561 
279.000 0.455 
280.000 0.273 
281.000 0.111 
282.000 -0.004 
283.000 -0.076 
284.000 -0.118 
285.000 -0.135 
286.000 -0.059 
287.000 0.069 
288.000 0.226 
289.000 0.372 
290.000 0.524 
291.000 0.572 
292.000 0.546 
293.000 0.383 
294.000 0.197 
295.000 0.055 
296.000 -0.039 
297.000 -0.096 
298.000 -0.150 
299.000 -0.117 
300.000 -0.023 
301.000 0.140 
302.000 0.273 
303.000 0.450 
304.000 0.520 
305.000 0.596 
306.000 0.502 
307.000 0.312 
308.000 0.138 
309.000 0.012 
310.000 -0.067 
311.000 -0.110 
312.000 -0.143 
313.000 -0.077 
314.000 0.041 
315.000 0.206 
316.000 0.323 
317.000 0.485 
318.000 0.524 
319.000 0.540 
320.000 0.414 
321.000 0.237 
322.000 0.087 
323.000 -0.018 
324.000 -0.082 
325.000 -0.131 
326.000 -0.121 
327.000 -0.031 
328.000 0.119 
329.000 0.252 
330.000 0.423 
331.000 0.502 
332.000 0.592 
333.000 0.518 
334.000 0.339 
335.000 0.160 
336.000 0.029 
337.000 -0.055 
338.000 -0.103 
339.000 -0.145 
340.000 -0.086 
341.000 0.024 
342.000 0.191 
343.000 0.319 
344.000 0.490 
345.000 0.542 
346.000 0.583 
347.000 0.470 
348.000 0.279 
349.000 0.114 
350.000 -0.003 
351.000 -0.075 
352.000 -0.120 
353.000 -0.129 
354.000 -0.045 
355.000 0.094 
356.000 0.249 
357.000 0.412 
358.000 0.544 
359.000 0.640 
360.000 0.598 
361.000 0.409 
362.000 0.208 
363.000 0.059 
364.000 -0.037 
365.000 -0.095 
366.000 -0.116 
367.000 0.015 
368.000 0.205 
369.000 0.409 
370.000 0.620 
371.000 0.801 
372.000 0.932 
373.000 1.001 
374.000 1.032 
375.000 0.932 
376.000 0.715 
377.000 0.451 
378.000 0.239 
379.000 0.097 
380.000 0.002 
381.000 0.037 
382.000 0.167 
383.000 0.351 
384.000 0.549 
385.000 0.750 
386.000 0.891 
387.000 1.008 
388.000 1.011 
389.000 1.020 
390.000 0.846 
391.000 0.590 
392.000 0.343 
393.000 0.158 
394.000 0.049 
395.000 0.040 
396.000 0.148 
397.000 0.322 
398.000 0.529 
399.000 0.738 
400.000 0.911 
401.000 1.034 
402.000 1.091 
403.000 1.104 
404.000 0.960 
405.000 0.680 
406.000 0.399 
407.000 0.195 
408.000 0.064 
409.000 -0.012 
410.000 0.041 
411.000 0.188 
412.000 0.389 
413.000 0.607 
414.000 0.821 
415.000 0.980 
416.000 1.095 
417.000 1.122 
418.000 1.105 
419.000 0.914 
420.000 0.605 
421.000 0.336 
422.000 0.150 
423.000 0.034 
424.000 0.012 
425.000 0.126 
426.000 0.314 
427.000 0.541 
428.000 0.773 
429.000 0.975 
430.000 1.110 
431.000 1.187 
432.000 1.188 
433.000 1.039 
434.000 0.715 
435.000 0.409 
436.000 0.194 
437.000 0.057 
438.000 -0.037 
439.000 0.012 
440.000 0.181 
441.000 0.410 
442.000 0.661 
443.000 0.909 
444.000 1.096 
445.000 1.218 
446.000 1.250 
447.000 1.195 
448.000 0.922 
449.000 0.561 
450.000 0.287 
451.000 0.109 
452.000 -0.002 
453.000 -0.001 
454.000 0.163 
455.000 0.401 
456.000 0.671 
457.000 0.941 
458.000 1.165 
459.000 1.290 
460.000 1.350 
461.000 1.254 
462.000 0.915 
463.000 0.532 
464.000 0.257 
465.000 0.082 
466.000 -0.030 
467.000 -0.032 
468.000 0.139 
469.000 0.392 
470.000 0.682 
471.000 0.974 
472.000 1.225 
473.000 1.355 
474.000 1.423 
475.000 1.301 
476.000 0.911 
477.000 0.516 
478.000 0.241 
479.000 0.071 
480.000 -0.035 
481.000 -0.036 
482.000 0.141 
483.000 0.406 
484.000 0.709 
485.000 1.014 
486.000 1.369 
487.000 1.777 
488.000 2.207 
489.000 2.638 
490.000 3.039 
491.000 3.349 
492.000 3.491 
493.000 3.403 
494.000 3.192 
495.000 2.838 
496.000 2.500 
497.000 2.153 
498.000 1.918 
499.000 1.807 
500.000 1.842 
501.000 2.006 
502.000 2.255 
503.000 2.556 
504.000 2.881 
505.000 3.212 
506.000 3.489 
507.000 3.639 
508.000 3.607 
509.000 3.416 
510.000 3.111 
511.000 2.740 
512.000 2.367 
513.000 2.091 
514.000 1.932 
515.000 1.914 
516.000 2.031 
517.000 2.246 
518.000 2.522 
519.000 2.832 
520.000 3.153 
521.000 3.458 
522.000 3.682 
523.000 3.763 
524.000 3.656 
525.000 3.420 
526.000 3.083 
527.000 2.674 
528.000 2.308 
529.000 2.056 
530.000 1.944 
531.000 1.982 
532.000 2.144 
533.000 2.386 
534.000 2.676 
535.000 2.990 
536.000 3.309 
537.000 3.603 
538.000 3.809 
539.000 3.871 
540.000 3.751 
541.000 3.503 
542.000 3.142 
543.000 2.698 
544.000 2.299 
545.000 2.036 
546.000 1.930 
547.000 1.979 
548.000 2.147 
549.000 2.395 
550.000 2.688 
551.000 3.004 
552.000 3.324 
553.000 3.633 
554.000 3.874 
555.000 3.987 
556.000 3.931 
557.000 3.714 
558.000 3.381 
559.000 2.915 
560.000 2.411 
561.000 2.046 
562.000 1.858 
563.000 1.847 
564.000 1.978 
565.000 2.205 
566.000 2.491 
567.000 2.809 
568.000 3.137 
569.000 3.461 
570.000 3.765 
571.000 3.995 
572.000 4.093 
573.000 4.025 
574.000 3.796 
575.000 3.432 
576.000 2.915 
577.000 2.344 
578.000 1.929 
579.000 1.717 
580.000 1.699 
581.000 1.830 
582.000 2.063 
583.000 2.358 
584.000 2.688 
585.000 3.029 
586.000 3.366 
587.000 3.687 
588.000 3.967 
589.000 4.151 
590.000 4.194 
591.000 4.068 
592.000 3.804 
593.000 3.381 
594.000 2.775 
595.000 2.156 
596.000 1.744 
597.000 1.573 
598.000 1.598 
599.000 1.764 
600.000 2.023 
601.000 2.339 
602.000 2.684 
603.000 3.036 
604.000 3.380 
605.000 3.706 
606.000 4.007 
607.000 4.279 
608.000 4.520 
609.000 4.731 
610.000 4.913 
611.000 5.066 
612.000 5.195 
613.000 5.300 
614.000 5.386 
615.000 5.455 
616.000 5.508 
617.000 5.545 
618.000 5.563 
619.000 5.562 
620.000 5.545 
621.000 5.515 
622.000 5.478 
623.000 5.442 
624.000 5.416 
625.000 5.403 
626.000 5.400 
627.000 5.406 
628.000 5.417 
629.000 5.431 
630.000 5.447 
631.000 5.464 
632.000 5.481 
633.000 5.497 
634.000 5.512 
635.000 5.526 
636.000 5.538 
637.000 5.549 
638.000 5.558 
639.000 5.566 
640.000 5.572 
641.000 5.576 
642.000 5.578 
643.000 5.577 
644.000 5.573 
645.000 5.567 
646.000 5.561 
647.000 5.555 
648.000 5.550 
649.000 5.549 
650.000 5.549 
651.000 5.551 
652.000 5.554 
653.000 5.558 
654.000 5.562 
655.000 5.566 
656.000 5.569 
657.000 5.573 
658.000 5.577 
659.000 5.579 
660.000 5.582 
661.000 5.582 
662.000 5.582 
663.000 5.581 
664.000 5.578 
665.000 5.575 
666.000 5.571 
667.000 5.568 
668.000 5.567 
669.000 5.567 
670.000 5.568 
671.000 5.569 
672.000 5.572 
673.000 5.574 
674.000 5.576 
675.000 5.579 
676.000 5.581 
677.000 5.583 
678.000 5.585 
679.000 5.586 
680.000 5.586 
681.000 5.585 
682.000 5.583 
683.000 5.581 
684.000 5.579 
685.000 5.576 
686.000 5.575 
687.000 5.575 
688.000 5.575 
689.000 5.576 
690.000 5.577 
691.000 5.579 
692.000 5.581 
693.000 5.582 
694.000 5.584 
695.000 5.586 
696.000 5.587 
697.000 5.588 
698.000 5.588 
699.000 5.587 
700.000 5.586 
701.000 5.585 
702.000 5.583 
703.000 5.582 
704.000 5.580 
705.000 5.580 
706.000 5.580 
707.000 5.581 
708.000 5.582 
709.000 5.583 
710.000 5.584 
711.000 5.585 
712.000 5.587 
713.000 5.588 
714.000 5.589 
715.000 5.589 
716.000 5.590 
717.000 5.589 
718.000 5.588 
719.000 5.587 
720.000 5.586 
721.000 5.585 
722.000 5.584 
723.000 5.584 
724.000 5.584 
725.000 5.584 
726.000 5.585 
727.000 5.586 
728.000 5.587 
729.000 5.588 
730.000 5.589 
731.000 5.589 
732.000 5.590 
733.000 5.591 
734.000 5.591 
735.000 5.591 
736.000 5.590 
737.000 5.589 
738.000 5.588 
739.000 5.587 
740.000 5.587 
741.000 5.586 
742.000 5.586 
743.000 5.587 
744.000 5.587 
745.000 5.588 
746.000 5.589 
747.000 5.589 
748.000 5.590 
749.000 5.591 
750.000 5.591 
751.000 5.591 
752.000 5.592 
753.000 5.591 
754.000 5.591 
755.000 5.591 
756.000 5.590 
757.000 5.589 
758.000 5.589 
759.000 5.588 
760.000 5.588 
761.000 5.589 
762.000 5.589 
763.000 5.590 
764.000 5.590 
765.000 5.591 
766.000 5.591 
767.000 5.591 
768.000 5.592 
769.000 5.592 
770.000 5.592 
771.000 5.592 
772.000 5.592 
773.000 5.591 
774.000 5.591 
775.000 5.590 
776.000 5.590 
777.000 5.590 
778.000 5.590 
779.000 5.590 
780.000 5.590 
781.000 5.591 
782.000 5.591 
783.000 5.591 
784.000 5.592 
785.000 5.592 
786.000 5.592 
787.000 5.593 
788.000 5.593 
789.000 5.593 
790.000 5.593 
791.000 5.592 
792.000 5.592 
793.000 5.591 
794.000 5.591 
795.000 5.591 
796.000 5.591 
797.000 5.591 
798.000 5.591 
799.000 5.592 
800.000 5.592 
