1.000 0.000 
2.000 0.000 
3.000 0.000 
4.000 0.000 
5.000 0.000 
6.000 0.000 
7.000 0.000 
8.000 0.000 
9.000 0.000 
10.000 0.000 
11.000 0.000 
12.000 -0.036 
13.000 -0.079 
14.000 -0.098 
15.000 -0.108 
16.000 -0.113 
17.000 -0.117 
18.000 -0.111 
19.000 -0.095 
20.000 -0.080 
21.000 -0.068 
22.000 -0.059 
23.000 -0.055 
24.000 -0.057 
25.000 -0.065 
26.000 -0.074 
27.000 -0.083 
28.000 -0.090 
29.000 -0.094 
30.000 -0.096 
31.000 -0.094 
32.000 -0.091 
33.000 -0.087 
34.000 -0.082 
35.000 -0.079 
36.000 -0.077 
37.000 -0.076 
38.000 -0.078 
39.000 -0.080 
40.000 -0.083 
41.000 -0.085 
42.000 -0.087 
43.000 -0.088 
44.000 -0.088 
45.000 -0.088 
46.000 -0.087 
47.000 -0.086 
48.000 -0.084 
49.000 -0.084 
50.000 -0.083 
51.000 -0.083 
52.000 -0.084 
53.000 -0.085 
54.000 -0.085 
55.000 -0.086 
56.000 -0.087 
57.000 -0.087 
58.000 -0.087 
59.000 -0.087 
60.000 -0.087 
61.000 -0.087 
62.000 -0.086 
63.000 -0.086 
64.000 -0.086 
65.000 -0.086 
66.000 -0.087 
67.000 -0.087 
68.000 -0.087 
69.000 -0.087 
70.000 -0.088 
71.000 -0.088 
72.000 -0.088 
73.000 -0.088 
74.000 -0.088 
75.000 -0.088 
76.000 -0.088 
77.000 -0.088 
78.000 -0.088 
79.000 -0.088 
80.000 -0.088 
81.000 -0.088 
82.000 -0.089 
83.000 -0.089 
84.000 -0.089 
85.000 -0.089 
86.000 -0.089 
87.000 -0.089 
88.000 -0.089 
89.000 -0.089 
90.000 -0.089 
91.000 -0.089 
92.000 -0.090 
93.000 -0.090 
94.000 -0.090 
95.000 -0.090 
96.000 -0.090 
97.000 -0.090 
98.000 -0.090 
99.000 -0.090 
100.000 -0.090 
101.000 -0.090 
102.000 -0.091 
103.000 -0.091 
104.000 -0.091 
105.000 -0.091 
106.000 -0.091 
107.000 -0.091 
108.000 -0.091 
109.000 -0.091 
110.000 -0.091 
111.000 -0.091 
112.000 -0.091 
113.000 -0.092 
114.000 -0.092 
115.000 -0.092 
116.000 -0.092 
117.000 -0.092 
118.000 -0.092 
119.000 -0.092 
120.000 -0.092 
121.000 -0.092 
122.000 -0.092 
123.000 -0.092 
124.000 -0.093 
125.000 -0.093 
126.000 -0.087 
127.000 -0.066 
128.000 -0.052 
129.000 -0.044 
130.000 -0.039 
131.000 -0.039 
132.000 -0.045 
133.000 -0.057 
134.000 -0.068 
135.000 -0.077 
136.000 -0.083 
137.000 -0.086 
138.000 -0.085 
139.000 -0.080 
140.000 -0.073 
141.000 -0.065 
142.000 -0.058 
143.000 -0.053 
144.000 -0.052 
145.000 -0.054 
146.000 -0.059 
147.000 -0.065 
148.000 -0.071 
149.000 -0.076 
150.000 -0.078 
151.000 -0.079 
152.000 -0.077 
153.000 -0.073 
154.000 -0.069 
155.000 -0.064 
156.000 -0.061 
157.000 -0.060 
158.000 -0.060 
159.000 -0.062 
160.000 -0.065 
161.000 -0.068 
162.000 -0.072 
163.000 -0.074 
164.000 -0.075 
165.000 -0.074 
166.000 -0.073 
167.000 -0.070 
168.000 -0.068 
169.000 -0.066 
170.000 -0.064 
171.000 -0.064 
172.000 -0.064 
173.000 -0.066 
174.000 -0.068 
175.000 -0.070 
176.000 -0.071 
177.000 -0.072 
178.000 -0.072 
179.000 -0.072 
180.000 -0.071 
181.000 -0.069 
182.000 -0.068 
183.000 -0.067 
184.000 -0.066 
185.000 -0.067 
186.000 -0.067 
187.000 -0.068 
188.000 -0.069 
189.000 -0.070 
190.000 -0.071 
191.000 -0.071 
192.000 -0.071 
193.000 -0.070 
194.000 -0.070 
195.000 -0.069 
196.000 -0.068 
197.000 -0.068 
198.000 -0.068 
199.000 -0.068 
200.000 -0.069 
201.000 -0.069 
202.000 -0.070 
203.000 -0.070 
204.000 -0.070 
205.000 -0.071 
206.000 -0.070 
207.000 -0.070 
208.000 -0.070 
209.000 -0.069 
210.000 -0.069 
211.000 -0.069 
212.000 -0.069 
213.000 -0.069 
214.000 -0.069 
215.000 -0.070 
216.000 -0.070 
217.000 -0.070 
218.000 -0.070 
219.000 -0.070 
220.000 -0.070 
221.000 -0.070 
222.000 -0.070 
223.000 -0.070 
224.000 -0.070 
225.000 -0.070 
226.000 -0.070 
227.000 -0.070 
228.000 -0.070 
229.000 -0.070 
230.000 -0.070 
231.000 -0.070 
232.000 -0.070 
233.000 -0.070 
234.000 -0.070 
235.000 -0.070 
236.000 -0.070 
237.000 -0.070 
238.000 -0.070 
239.000 -0.070 
240.000 -0.070 
241.000 -0.070 
242.000 -0.070 
243.000 -0.071 
244.000 -0.071 
245.000 -0.071 
246.000 0.026 
247.000 0.138 
248.000 0.304 
249.000 0.390 
250.000 0.527 
251.000 0.513 
252.000 0.406 
253.000 0.229 
254.000 0.085 
255.000 -0.015 
256.000 -0.079 
257.000 -0.120 
258.000 -0.115 
259.000 -0.033 
260.000 0.110 
261.000 0.235 
262.000 0.401 
263.000 0.472 
264.000 0.546 
265.000 0.472 
266.000 0.302 
267.000 0.135 
268.000 0.014 
269.000 -0.063 
270.000 -0.108 
271.000 -0.141 
272.000 -0.078 
273.000 0.035 
274.000 0.198 
275.000 0.306 
276.000 0.466 
277.000 0.505 
278.000 0.512 
279.000 0.383 
280.000 0.214 
281.000 0.073 
282.000 -0.026 
283.000 -0.085 
284.000 -0.136 
285.000 -0.115 
286.000 -0.024 
287.000 0.130 
288.000 0.249 
289.000 0.418 
290.000 0.493 
291.000 0.567 
292.000 0.484 
293.000 0.310 
294.000 0.139 
295.000 0.015 
296.000 -0.064 
297.000 -0.109 
298.000 -0.139 
299.000 -0.073 
300.000 0.043 
301.000 0.207 
302.000 0.321 
303.000 0.482 
304.000 0.520 
305.000 0.526 
306.000 0.393 
307.000 0.219 
308.000 0.075 
309.000 -0.025 
310.000 -0.085 
311.000 -0.137 
312.000 -0.113 
313.000 -0.021 
314.000 0.136 
315.000 0.262 
316.000 0.434 
317.000 0.511 
318.000 0.588 
319.000 0.503 
320.000 0.321 
321.000 0.145 
322.000 0.017 
323.000 -0.063 
324.000 -0.108 
325.000 -0.140 
326.000 -0.072 
327.000 0.046 
328.000 0.211 
329.000 0.329 
330.000 0.492 
331.000 0.532 
332.000 0.541 
333.000 0.409 
334.000 0.231 
335.000 0.083 
336.000 -0.021 
337.000 -0.083 
338.000 -0.136 
339.000 -0.114 
340.000 -0.021 
341.000 0.136 
342.000 0.265 
343.000 0.439 
344.000 0.520 
345.000 0.604 
346.000 0.523 
347.000 0.337 
348.000 0.156 
349.000 0.024 
350.000 -0.059 
351.000 -0.106 
352.000 -0.142 
353.000 -0.076 
354.000 0.041 
355.000 0.208 
356.000 0.331 
357.000 0.496 
358.000 0.543 
359.000 0.565 
360.000 0.439 
361.000 0.254 
362.000 0.097 
363.000 -0.012 
364.000 -0.080 
365.000 -0.132 
366.000 -0.074 
367.000 0.102 
368.000 0.315 
369.000 0.523 
370.000 0.731 
371.000 0.870 
372.000 0.986 
373.000 0.971 
374.000 0.966 
375.000 0.784 
376.000 0.531 
377.000 0.301 
378.000 0.127 
379.000 0.031 
380.000 0.061 
381.000 0.200 
382.000 0.389 
383.000 0.591 
384.000 0.789 
385.000 0.928 
386.000 1.034 
387.000 1.043 
388.000 1.009 
389.000 0.813 
390.000 0.532 
391.000 0.292 
392.000 0.123 
393.000 0.017 
394.000 0.046 
395.000 0.196 
396.000 0.394 
397.000 0.606 
398.000 0.815 
399.000 0.966 
400.000 1.074 
401.000 1.092 
402.000 1.052 
403.000 0.840 
404.000 0.538 
405.000 0.290 
406.000 0.120 
407.000 0.011 
408.000 0.034 
409.000 0.189 
410.000 0.394 
411.000 0.616 
412.000 0.834 
413.000 0.999 
414.000 1.109 
415.000 1.141 
416.000 1.097 
417.000 0.871 
418.000 0.551 
419.000 0.293 
420.000 0.121 
421.000 0.008 
422.000 0.022 
423.000 0.178 
424.000 0.389 
425.000 0.620 
426.000 0.848 
427.000 1.026 
428.000 1.142 
429.000 1.186 
430.000 1.140 
431.000 0.907 
432.000 0.568 
433.000 0.300 
434.000 0.123 
435.000 0.007 
436.000 0.013 
437.000 0.168 
438.000 0.382 
439.000 0.622 
440.000 0.860 
441.000 1.053 
442.000 1.173 
443.000 1.229 
444.000 1.180 
445.000 0.939 
446.000 0.585 
447.000 0.307 
448.000 0.125 
449.000 0.007 
450.000 0.002 
451.000 0.154 
452.000 0.373 
453.000 0.623 
454.000 0.875 
455.000 1.085 
456.000 1.215 
457.000 1.279 
458.000 1.229 
459.000 0.972 
460.000 0.598 
461.000 0.310 
462.000 0.123 
463.000 0.004 
464.000 -0.010 
465.000 0.142 
466.000 0.369 
467.000 0.632 
468.000 0.900 
469.000 1.131 
470.000 1.266 
471.000 1.339 
472.000 1.274 
473.000 0.981 
474.000 0.589 
475.000 0.297 
476.000 0.109 
477.000 -0.009 
478.000 -0.023 
479.000 0.136 
480.000 0.377 
481.000 0.657 
482.000 0.942 
483.000 1.190 
484.000 1.328 
485.000 1.404 
486.000 1.562 
487.000 1.811 
488.000 2.098 
489.000 2.412 
490.000 2.748 
491.000 3.062 
492.000 3.282 
493.000 3.358 
494.000 3.261 
495.000 3.051 
496.000 2.750 
497.000 2.452 
498.000 2.175 
499.000 1.983 
500.000 1.895 
501.000 1.932 
502.000 2.089 
503.000 2.329 
504.000 2.621 
505.000 2.937 
506.000 3.247 
507.000 3.488 
508.000 3.592 
509.000 3.511 
510.000 3.299 
511.000 2.979 
512.000 2.624 
513.000 2.297 
514.000 2.057 
515.000 1.928 
516.000 1.936 
517.000 2.072 
518.000 2.298 
519.000 2.581 
520.000 2.893 
521.000 3.214 
522.000 3.499 
523.000 3.681 
524.000 3.705 
525.000 3.546 
526.000 3.280 
527.000 2.918 
528.000 2.525 
529.000 2.215 
530.000 2.011 
531.000 1.939 
532.000 2.010 
533.000 2.193 
534.000 2.448 
535.000 2.746 
536.000 3.063 
537.000 3.381 
538.000 3.651 
539.000 3.811 
540.000 3.808 
541.000 3.629 
542.000 3.345 
543.000 2.948 
544.000 2.517 
545.000 2.187 
546.000 1.987 
547.000 1.934 
548.000 2.024 
549.000 2.220 
550.000 2.485 
551.000 2.787 
552.000 3.105 
553.000 3.423 
554.000 3.704 
555.000 3.888 
556.000 3.925 
557.000 3.781 
558.000 3.519 
559.000 3.131 
560.000 2.666 
561.000 2.269 
562.000 2.012 
563.000 1.916 
564.000 1.974 
565.000 2.150 
566.000 2.401 
567.000 2.698 
568.000 3.016 
569.000 3.337 
570.000 3.647 
571.000 3.898 
572.000 4.031 
573.000 4.004 
574.000 3.803 
575.000 3.491 
576.000 3.040 
577.000 2.519 
578.000 2.117 
579.000 1.886 
580.000 1.838 
581.000 1.944 
582.000 2.154 
583.000 2.431 
584.000 2.744 
585.000 3.071 
586.000 3.397 
587.000 3.709 
588.000 3.967 
589.000 4.115 
590.000 4.112 
591.000 3.937 
592.000 3.636 
593.000 3.186 
594.000 2.620 
595.000 2.140 
596.000 1.846 
597.000 1.759 
598.000 1.840 
599.000 2.036 
600.000 2.308 
601.000 2.621 
602.000 2.954 
603.000 3.287 
604.000 3.609 
605.000 3.909 
606.000 4.183 
607.000 4.429 
608.000 4.647 
609.000 4.837 
610.000 4.999 
611.000 5.136 
612.000 5.250 
613.000 5.343 
614.000 5.412 
615.000 5.448 
616.000 5.449 
617.000 5.419 
618.000 5.361 
619.000 5.285 
620.000 5.206 
621.000 5.140 
622.000 5.102 
623.000 5.093 
624.000 5.104 
625.000 5.131 
626.000 5.167 
627.000 5.208 
628.000 5.252 
629.000 5.295 
630.000 5.337 
631.000 5.377 
632.000 5.412 
633.000 5.445 
634.000 5.470 
635.000 5.485 
636.000 5.487 
637.000 5.477 
638.000 5.456 
639.000 5.425 
640.000 5.391 
641.000 5.360 
642.000 5.339 
643.000 5.331 
644.000 5.336 
645.000 5.349 
646.000 5.367 
647.000 5.388 
648.000 5.411 
649.000 5.434 
650.000 5.456 
651.000 5.477 
652.000 5.495 
653.000 5.508 
654.000 5.514 
655.000 5.512 
656.000 5.502 
657.000 5.484 
658.000 5.462 
659.000 5.440 
660.000 5.421 
661.000 5.410 
662.000 5.409 
663.000 5.414 
664.000 5.425 
665.000 5.439 
666.000 5.455 
667.000 5.471 
668.000 5.487 
669.000 5.502 
670.000 5.517 
671.000 5.528 
672.000 5.534 
673.000 5.534 
674.000 5.529 
675.000 5.517 
676.000 5.502 
677.000 5.485 
678.000 5.470 
679.000 5.459 
680.000 5.456 
681.000 5.459 
682.000 5.466 
683.000 5.476 
684.000 5.487 
685.000 5.499 
686.000 5.511 
687.000 5.523 
688.000 5.533 
689.000 5.542 
690.000 5.548 
691.000 5.549 
692.000 5.546 
693.000 5.539 
694.000 5.528 
695.000 5.516 
696.000 5.504 
697.000 5.495 
698.000 5.492 
699.000 5.493 
700.000 5.497 
701.000 5.504 
702.000 5.512 
703.000 5.521 
704.000 5.530 
705.000 5.539 
706.000 5.547 
707.000 5.554 
708.000 5.559 
709.000 5.561 
710.000 5.559 
711.000 5.554 
712.000 5.546 
713.000 5.537 
714.000 5.528 
715.000 5.521 
716.000 5.518 
717.000 5.518 
718.000 5.521 
719.000 5.526 
720.000 5.531 
721.000 5.538 
722.000 5.545 
723.000 5.551 
724.000 5.558 
725.000 5.563 
726.000 5.567 
727.000 5.569 
728.000 5.568 
729.000 5.565 
730.000 5.560 
731.000 5.553 
732.000 5.546 
733.000 5.540 
734.000 5.537 
735.000 5.537 
736.000 5.538 
737.000 5.542 
738.000 5.546 
739.000 5.551 
740.000 5.556 
741.000 5.561 
742.000 5.566 
743.000 5.570 
744.000 5.573 
745.000 5.575 
746.000 5.575 
747.000 5.573 
748.000 5.570 
749.000 5.565 
750.000 5.560 
751.000 5.555 
752.000 5.552 
753.000 5.551 
754.000 5.552 
755.000 5.554 
756.000 5.557 
757.000 5.561 
758.000 5.564 
759.000 5.568 
760.000 5.572 
761.000 5.575 
762.000 5.578 
763.000 5.580 
764.000 5.580 
765.000 5.579 
766.000 5.577 
767.000 5.573 
768.000 5.569 
769.000 5.566 
770.000 5.563 
771.000 5.562 
772.000 5.562 
773.000 5.564 
774.000 5.566 
775.000 5.568 
776.000 5.571 
777.000 5.574 
778.000 5.577 
779.000 5.579 
780.000 5.582 
781.000 5.583 
782.000 5.584 
783.000 5.583 
784.000 5.581 
785.000 5.579 
786.000 5.576 
787.000 5.573 
788.000 5.571 
789.000 5.570 
790.000 5.570 
791.000 5.571 
792.000 5.573 
793.000 5.574 
794.000 5.577 
795.000 5.579 
796.000 5.581 
797.000 5.583 
798.000 5.584 
799.000 5.586 
800.000 5.586 
