1.000 0.000 
2.000 0.000 
3.000 0.000 
4.000 0.000 
5.000 0.000 
6.000 0.000 
7.000 0.000 
8.000 0.000 
9.000 0.000 
10.000 0.000 
11.000 0.000 
12.000 -0.021 
13.000 -0.052 
14.000 -0.076 
15.000 -0.092 
16.000 -0.101 
17.000 -0.107 
18.000 -0.108 
19.000 -0.104 
20.000 -0.097 
21.000 -0.088 
22.000 -0.079 
23.000 -0.070 
24.000 -0.065 
25.000 -0.062 
26.000 -0.063 
27.000 -0.067 
28.000 -0.071 
29.000 -0.077 
30.000 -0.081 
31.000 -0.085 
32.000 -0.087 
33.000 -0.088 
34.000 -0.088 
35.000 -0.086 
36.000 -0.084 
37.000 -0.082 
38.000 -0.080 
39.000 -0.079 
40.000 -0.078 
41.000 -0.078 
42.000 -0.078 
43.000 -0.079 
44.000 -0.080 
45.000 -0.082 
46.000 -0.083 
47.000 -0.083 
48.000 -0.084 
49.000 -0.084 
50.000 -0.084 
51.000 -0.084 
52.000 -0.083 
53.000 -0.083 
54.000 -0.083 
55.000 -0.083 
56.000 -0.083 
57.000 -0.083 
58.000 -0.083 
59.000 -0.083 
60.000 -0.083 
61.000 -0.084 
62.000 -0.084 
63.000 -0.084 
64.000 -0.084 
65.000 -0.084 
66.000 -0.085 
67.000 -0.085 
68.000 -0.085 
69.000 -0.085 
70.000 -0.085 
71.000 -0.085 
72.000 -0.085 
73.000 -0.085 
74.000 -0.085 
75.000 -0.085 
76.000 -0.085 
77.000 -0.085 
78.000 -0.086 
79.000 -0.086 
80.000 -0.086 
81.000 -0.086 
82.000 -0.086 
83.000 -0.086 
84.000 -0.086 
85.000 -0.086 
86.000 -0.086 
87.000 -0.086 
88.000 -0.086 
89.000 -0.087 
90.000 -0.087 
91.000 -0.087 
92.000 -0.087 
93.000 -0.087 
94.000 -0.087 
95.000 -0.087 
96.000 -0.087 
97.000 -0.087 
98.000 -0.087 
99.000 -0.088 
100.000 -0.088 
101.000 -0.088 
102.000 -0.088 
103.000 -0.088 
104.000 -0.088 
105.000 -0.088 
106.000 -0.088 
107.000 -0.088 
108.000 -0.088 
109.000 -0.089 
110.000 -0.089 
111.000 -0.089 
112.000 -0.089 
113.000 -0.089 
114.000 -0.089 
115.000 -0.089 
116.000 -0.089 
117.000 -0.089 
118.000 -0.089 
119.000 -0.089 
120.000 -0.090 
121.000 -0.090 
122.000 -0.090 
123.000 -0.090 
124.000 -0.090 
125.000 -0.090 
126.000 -0.088 
127.000 -0.077 
128.000 -0.065 
129.000 -0.056 
130.000 -0.049 
131.000 -0.044 
132.000 -0.044 
133.000 -0.047 
134.000 -0.053 
135.000 -0.060 
136.000 -0.067 
137.000 -0.073 
138.000 -0.077 
139.000 -0.078 
140.000 -0.078 
141.000 -0.076 
142.000 -0.072 
143.000 -0.068 
144.000 -0.064 
145.000 -0.060 
146.000 -0.058 
147.000 -0.057 
148.000 -0.058 
149.000 -0.060 
150.000 -0.063 
151.000 -0.066 
152.000 -0.069 
153.000 -0.070 
154.000 -0.071 
155.000 -0.072 
156.000 -0.071 
157.000 -0.069 
158.000 -0.068 
159.000 -0.066 
160.000 -0.065 
161.000 -0.064 
162.000 -0.063 
163.000 -0.063 
164.000 -0.064 
165.000 -0.065 
166.000 -0.066 
167.000 -0.067 
168.000 -0.068 
169.000 -0.069 
170.000 -0.069 
171.000 -0.069 
172.000 -0.068 
173.000 -0.068 
174.000 -0.067 
175.000 -0.066 
176.000 -0.066 
177.000 -0.066 
178.000 -0.066 
179.000 -0.066 
180.000 -0.066 
181.000 -0.067 
182.000 -0.067 
183.000 -0.068 
184.000 -0.068 
185.000 -0.068 
186.000 -0.068 
187.000 -0.068 
188.000 -0.068 
189.000 -0.068 
190.000 -0.067 
191.000 -0.067 
192.000 -0.067 
193.000 -0.067 
194.000 -0.067 
195.000 -0.067 
196.000 -0.067 
197.000 -0.068 
198.000 -0.068 
199.000 -0.068 
200.000 -0.068 
201.000 -0.068 
202.000 -0.068 
203.000 -0.068 
204.000 -0.068 
205.000 -0.068 
206.000 -0.068 
207.000 -0.068 
208.000 -0.068 
209.000 -0.068 
210.000 -0.068 
211.000 -0.068 
212.000 -0.068 
213.000 -0.068 
214.000 -0.068 
215.000 -0.068 
216.000 -0.068 
217.000 -0.068 
218.000 -0.068 
219.000 -0.068 
220.000 -0.068 
221.000 -0.068 
222.000 -0.068 
223.000 -0.068 
224.000 -0.068 
225.000 -0.068 
226.000 -0.068 
227.000 -0.069 
228.000 -0.069 
229.000 -0.069 
230.000 -0.069 
231.000 -0.069 
232.000 -0.069 
233.000 -0.069 
234.000 -0.069 
235.000 -0.069 
236.000 -0.069 
237.000 -0.069 
238.000 -0.069 
239.000 -0.069 
240.000 -0.069 
241.000 -0.069 
242.000 -0.069 
243.000 -0.069 
244.000 -0.069 
245.000 -0.069 
246.000 0.006 
247.000 0.095 
248.000 0.235 
249.000 0.309 
250.000 0.431 
251.000 0.298 
252.000 0.176 
253.000 0.083 
254.000 -0.002 
255.000 -0.046 
256.000 -0.083 
257.000 -0.091 
258.000 -0.025 
259.000 0.152 
260.000 0.364 
261.000 0.570 
262.000 0.684 
263.000 0.697 
264.000 0.524 
265.000 0.313 
266.000 0.139 
267.000 0.014 
268.000 -0.065 
269.000 -0.110 
270.000 -0.139 
271.000 -0.135 
272.000 -0.019 
273.000 0.215 
274.000 0.464 
275.000 0.682 
276.000 0.780 
277.000 0.718 
278.000 0.543 
279.000 0.314 
280.000 0.131 
281.000 0.007 
282.000 -0.070 
283.000 -0.114 
284.000 -0.144 
285.000 -0.138 
286.000 -0.015 
287.000 0.224 
288.000 0.471 
289.000 0.691 
290.000 0.776 
291.000 0.734 
292.000 0.530 
293.000 0.298 
294.000 0.119 
295.000 -0.001 
296.000 -0.074 
297.000 -0.116 
298.000 -0.146 
299.000 -0.135 
300.000 -0.000 
301.000 0.245 
302.000 0.489 
303.000 0.710 
304.000 0.755 
305.000 0.756 
306.000 0.496 
307.000 0.257 
308.000 0.091 
309.000 -0.018 
310.000 -0.085 
311.000 -0.121 
312.000 -0.152 
313.000 -0.124 
314.000 0.037 
315.000 0.296 
316.000 0.529 
317.000 0.746 
318.000 0.677 
319.000 0.642 
320.000 0.389 
321.000 0.175 
322.000 0.037 
323.000 -0.051 
324.000 -0.104 
325.000 -0.135 
326.000 -0.149 
327.000 -0.062 
328.000 0.156 
329.000 0.422 
330.000 0.642 
331.000 0.818 
332.000 0.625 
333.000 0.446 
334.000 0.252 
335.000 0.091 
336.000 -0.017 
337.000 -0.084 
338.000 -0.121 
339.000 -0.145 
340.000 -0.110 
341.000 0.058 
342.000 0.323 
343.000 0.559 
344.000 0.767 
345.000 0.703 
346.000 0.665 
347.000 0.407 
348.000 0.186 
349.000 0.043 
350.000 -0.048 
351.000 -0.103 
352.000 -0.133 
353.000 -0.150 
354.000 -0.069 
355.000 0.147 
356.000 0.417 
357.000 0.638 
358.000 0.823 
359.000 0.618 
360.000 0.434 
361.000 0.244 
362.000 0.086 
363.000 -0.021 
364.000 -0.086 
365.000 -0.122 
366.000 -0.086 
367.000 0.150 
368.000 0.520 
369.000 0.943 
370.000 1.313 
371.000 1.231 
372.000 1.234 
373.000 0.788 
374.000 0.408 
375.000 0.189 
376.000 0.044 
377.000 -0.044 
378.000 -0.135 
379.000 -0.053 
380.000 0.214 
381.000 0.603 
382.000 1.064 
383.000 1.558 
384.000 1.197 
385.000 0.967 
386.000 0.592 
387.000 0.294 
388.000 0.117 
389.000 0.001 
390.000 -0.081 
391.000 -0.043 
392.000 0.187 
393.000 0.551 
394.000 0.995 
395.000 1.481 
396.000 1.451 
397.000 1.486 
398.000 0.957 
399.000 0.512 
400.000 0.252 
401.000 0.079 
402.000 -0.026 
403.000 -0.120 
404.000 -0.075 
405.000 0.167 
406.000 0.540 
407.000 0.992 
408.000 1.482 
409.000 1.420 
410.000 1.429 
411.000 0.917 
412.000 0.483 
413.000 0.235 
414.000 0.069 
415.000 -0.032 
416.000 -0.137 
417.000 -0.082 
418.000 0.167 
419.000 0.545 
420.000 1.000 
421.000 1.492 
422.000 1.369 
423.000 1.330 
424.000 0.848 
425.000 0.437 
426.000 0.207 
427.000 0.053 
428.000 -0.041 
429.000 -0.137 
430.000 -0.052 
431.000 0.218 
432.000 0.608 
433.000 1.070 
434.000 1.564 
435.000 1.228 
436.000 1.020 
437.000 0.629 
438.000 0.305 
439.000 0.126 
440.000 0.007 
441.000 -0.075 
442.000 -0.023 
443.000 0.222 
444.000 0.595 
445.000 1.044 
446.000 1.531 
447.000 1.444 
448.000 1.434 
449.000 0.918 
450.000 0.481 
451.000 0.234 
452.000 0.069 
453.000 -0.033 
454.000 -0.141 
455.000 -0.072 
456.000 0.187 
457.000 0.571 
458.000 1.029 
459.000 1.523 
460.000 1.333 
461.000 1.243 
462.000 0.786 
463.000 0.391 
464.000 0.181 
465.000 0.040 
466.000 -0.040 
467.000 -0.064 
468.000 0.103 
469.000 0.426 
470.000 0.846 
471.000 1.319 
472.000 1.729 
473.000 1.143 
474.000 0.697 
475.000 0.395 
476.000 0.174 
477.000 0.039 
478.000 -0.063 
479.000 -0.043 
480.000 0.181 
481.000 0.540 
482.000 0.982 
483.000 1.466 
484.000 1.696 
485.000 1.525 
486.000 1.462 
487.000 0.932 
488.000 0.534 
489.000 0.292 
490.000 0.122 
491.000 0.204 
492.000 0.462 
493.000 0.835 
494.000 1.275 
495.000 1.748 
496.000 2.115 
497.000 1.395 
498.000 0.847 
499.000 0.485 
500.000 0.222 
501.000 0.099 
502.000 0.020 
503.000 0.170 
504.000 0.478 
505.000 0.885 
506.000 1.349 
507.000 1.834 
508.000 1.936 
509.000 1.890 
510.000 1.348 
511.000 0.994 
512.000 0.599 
513.000 0.308 
514.000 0.298 
515.000 0.487 
516.000 0.811 
517.000 1.217 
518.000 1.668 
519.000 2.132 
520.000 1.853 
521.000 1.685 
522.000 1.070 
523.000 0.606 
524.000 0.334 
525.000 0.140 
526.000 0.205 
527.000 0.451 
528.000 0.816 
529.000 1.251 
530.000 1.721 
531.000 2.197 
532.000 1.626 
533.000 1.229 
534.000 0.749 
535.000 0.393 
536.000 0.204 
537.000 0.073 
538.000 0.185 
539.000 0.465 
540.000 0.854 
541.000 1.305 
542.000 1.783 
543.000 2.251 
544.000 1.596 
545.000 1.126 
546.000 0.675 
547.000 0.342 
548.000 0.172 
549.000 0.056 
550.000 0.180 
551.000 0.468 
552.000 0.862 
553.000 1.317 
554.000 1.797 
555.000 2.279 
556.000 1.653 
557.000 1.209 
558.000 0.732 
559.000 0.379 
560.000 0.194 
561.000 0.068 
562.000 0.183 
563.000 0.465 
564.000 0.855 
565.000 1.307 
566.000 1.786 
567.000 2.267 
568.000 1.772 
569.000 1.437 
570.000 0.892 
571.000 0.484 
572.000 0.259 
573.000 0.101 
574.000 0.192 
575.000 0.458 
576.000 0.836 
577.000 1.281 
578.000 1.755 
579.000 2.234 
580.000 2.074 
581.000 1.988 
582.000 1.276 
583.000 0.735 
584.000 0.412 
585.000 0.179 
586.000 0.215 
587.000 0.440 
588.000 0.790 
589.000 1.217 
590.000 1.681 
591.000 2.155 
592.000 2.456 
593.000 1.772 
594.000 1.291 
595.000 0.783 
596.000 0.405 
597.000 0.219 
598.000 0.121 
599.000 0.255 
600.000 0.547 
601.000 0.942 
602.000 1.394 
603.000 1.870 
604.000 2.345 
605.000 2.212 
606.000 2.150 
607.000 1.392 
608.000 0.819 
609.000 0.465 
610.000 0.207 
611.000 0.225 
612.000 0.437 
613.000 0.778 
614.000 1.198 
615.000 1.659 
616.000 2.131 
617.000 2.594 
618.000 2.807 
619.000 2.430 
620.000 2.165 
621.000 1.375 
622.000 0.776 
623.000 0.530 
624.000 0.544 
625.000 0.741 
626.000 1.060 
627.000 1.455 
628.000 1.887 
629.000 2.332 
630.000 2.767 
631.000 3.119 
632.000 2.774 
633.000 2.521 
634.000 1.672 
635.000 1.059 
636.000 0.671 
637.000 0.480 
638.000 0.534 
639.000 0.760 
640.000 1.099 
641.000 1.506 
642.000 1.946 
643.000 2.393 
644.000 2.828 
645.000 3.203 
646.000 3.058 
647.000 2.872 
648.000 1.993 
649.000 1.367 
650.000 0.924 
651.000 0.687 
652.000 0.702 
653.000 0.894 
654.000 1.204 
655.000 1.586 
656.000 2.006 
657.000 2.436 
658.000 2.858 
659.000 3.258 
660.000 3.499 
661.000 3.251 
662.000 2.998 
663.000 2.330 
664.000 1.877 
665.000 1.693 
666.000 1.708 
667.000 1.863 
668.000 2.110 
669.000 2.415 
670.000 2.749 
671.000 3.091 
672.000 3.426 
673.000 3.743 
674.000 4.037 
675.000 4.284 
676.000 4.427 
677.000 4.466 
678.000 4.454 
679.000 4.455 
680.000 4.493 
681.000 4.560 
682.000 4.647 
683.000 4.743 
684.000 4.843 
685.000 4.941 
686.000 5.035 
687.000 5.122 
688.000 5.202 
689.000 5.273 
690.000 5.335 
691.000 5.388 
692.000 5.434 
693.000 5.472 
694.000 5.504 
695.000 5.529 
696.000 5.550 
697.000 5.566 
698.000 5.579 
699.000 5.588 
700.000 5.595 
701.000 5.600 
702.000 5.603 
703.000 5.605 
704.000 5.606 
705.000 5.606 
706.000 5.606 
707.000 5.606 
708.000 5.605 
709.000 5.604 
710.000 5.603 
711.000 5.602 
712.000 5.600 
713.000 5.600 
714.000 5.599 
715.000 5.598 
716.000 5.597 
717.000 5.597 
718.000 5.596 
719.000 5.596 
720.000 5.595 
721.000 5.595 
722.000 5.595 
723.000 5.595 
724.000 5.594 
725.000 5.594 
726.000 5.594 
727.000 5.594 
728.000 5.594 
729.000 5.594 
730.000 5.594 
731.000 5.594 
732.000 5.594 
733.000 5.594 
734.000 5.594 
735.000 5.594 
736.000 5.594 
737.000 5.594 
738.000 5.594 
739.000 5.594 
740.000 5.594 
741.000 5.594 
742.000 5.594 
743.000 5.594 
744.000 5.594 
745.000 5.594 
746.000 5.594 
747.000 5.594 
748.000 5.594 
749.000 5.594 
750.000 5.594 
751.000 5.594 
752.000 5.594 
753.000 5.594 
754.000 5.594 
755.000 5.594 
756.000 5.594 
757.000 5.594 
758.000 5.594 
759.000 5.594 
760.000 5.594 
761.000 5.594 
762.000 5.594 
763.000 5.594 
764.000 5.594 
765.000 5.594 
766.000 5.594 
767.000 5.594 
768.000 5.594 
769.000 5.594 
770.000 5.594 
771.000 5.594 
772.000 5.594 
773.000 5.594 
774.000 5.594 
775.000 5.594 
776.000 5.594 
777.000 5.594 
778.000 5.594 
779.000 5.594 
780.000 5.594 
781.000 5.594 
782.000 5.594 
783.000 5.594 
784.000 5.594 
785.000 5.594 
786.000 5.594 
787.000 5.594 
788.000 5.594 
789.000 5.594 
790.000 5.594 
791.000 5.594 
792.000 5.594 
793.000 5.594 
794.000 5.594 
795.000 5.594 
796.000 5.594 
797.000 5.594 
798.000 5.594 
799.000 5.594 
800.000 5.594 
