1.000 0.000 
2.000 0.000 
3.000 0.000 
4.000 0.000 
5.000 0.000 
6.000 0.000 
7.000 0.000 
8.000 0.000 
9.000 0.000 
10.000 0.000 
11.000 0.000 
12.000 -0.039 
13.000 -0.082 
14.000 -0.101 
15.000 -0.111 
16.000 -0.116 
17.000 -0.120 
18.000 -0.113 
19.000 -0.096 
20.000 -0.079 
21.000 -0.066 
22.000 -0.057 
23.000 -0.053 
24.000 -0.056 
25.000 -0.066 
26.000 -0.076 
27.000 -0.086 
28.000 -0.093 
29.000 -0.097 
30.000 -0.099 
31.000 -0.097 
32.000 -0.093 
33.000 -0.088 
34.000 -0.083 
35.000 -0.079 
36.000 -0.076 
37.000 -0.076 
38.000 -0.078 
39.000 -0.081 
40.000 -0.084 
41.000 -0.087 
42.000 -0.089 
43.000 -0.090 
44.000 -0.090 
45.000 -0.090 
46.000 -0.088 
47.000 -0.087 
48.000 -0.085 
49.000 -0.084 
50.000 -0.084 
51.000 -0.084 
52.000 -0.085 
53.000 -0.086 
54.000 -0.087 
55.000 -0.088 
56.000 -0.089 
57.000 -0.089 
58.000 -0.089 
59.000 -0.089 
60.000 -0.088 
61.000 -0.088 
62.000 -0.088 
63.000 -0.087 
64.000 -0.088 
65.000 -0.088 
66.000 -0.088 
67.000 -0.088 
68.000 -0.089 
69.000 -0.089 
70.000 -0.089 
71.000 -0.089 
72.000 -0.089 
73.000 -0.089 
74.000 -0.089 
75.000 -0.089 
76.000 -0.089 
77.000 -0.089 
78.000 -0.090 
79.000 -0.090 
80.000 -0.090 
81.000 -0.090 
82.000 -0.090 
83.000 -0.090 
84.000 -0.090 
85.000 -0.090 
86.000 -0.091 
87.000 -0.091 
88.000 -0.091 
89.000 -0.091 
90.000 -0.091 
91.000 -0.091 
92.000 -0.091 
93.000 -0.091 
94.000 -0.091 
95.000 -0.091 
96.000 -0.091 
97.000 -0.092 
98.000 -0.092 
99.000 -0.092 
100.000 -0.092 
101.000 -0.092 
102.000 -0.092 
103.000 -0.092 
104.000 -0.092 
105.000 -0.092 
106.000 -0.092 
107.000 -0.092 
108.000 -0.093 
109.000 -0.093 
110.000 -0.093 
111.000 -0.093 
112.000 -0.093 
113.000 -0.093 
114.000 -0.093 
115.000 -0.093 
116.000 -0.093 
117.000 -0.093 
118.000 -0.093 
119.000 -0.094 
120.000 -0.094 
121.000 -0.094 
122.000 -0.094 
123.000 -0.094 
124.000 -0.094 
125.000 -0.094 
126.000 -0.088 
127.000 -0.065 
128.000 -0.051 
129.000 -0.042 
130.000 -0.038 
131.000 -0.038 
132.000 -0.045 
133.000 -0.059 
134.000 -0.071 
135.000 -0.080 
136.000 -0.086 
137.000 -0.089 
138.000 -0.087 
139.000 -0.081 
140.000 -0.073 
141.000 -0.064 
142.000 -0.056 
143.000 -0.051 
144.000 -0.050 
145.000 -0.054 
146.000 -0.060 
147.000 -0.067 
148.000 -0.074 
149.000 -0.079 
150.000 -0.082 
151.000 -0.082 
152.000 -0.079 
153.000 -0.074 
154.000 -0.069 
155.000 -0.063 
156.000 -0.060 
157.000 -0.058 
158.000 -0.059 
159.000 -0.062 
160.000 -0.066 
161.000 -0.071 
162.000 -0.074 
163.000 -0.077 
164.000 -0.077 
165.000 -0.076 
166.000 -0.074 
167.000 -0.071 
168.000 -0.067 
169.000 -0.065 
170.000 -0.063 
171.000 -0.063 
172.000 -0.065 
173.000 -0.067 
174.000 -0.070 
175.000 -0.072 
176.000 -0.074 
177.000 -0.075 
178.000 -0.074 
179.000 -0.073 
180.000 -0.072 
181.000 -0.070 
182.000 -0.068 
183.000 -0.066 
184.000 -0.066 
185.000 -0.067 
186.000 -0.068 
187.000 -0.069 
188.000 -0.071 
189.000 -0.072 
190.000 -0.073 
191.000 -0.073 
192.000 -0.073 
193.000 -0.072 
194.000 -0.071 
195.000 -0.069 
196.000 -0.069 
197.000 -0.068 
198.000 -0.068 
199.000 -0.069 
200.000 -0.070 
201.000 -0.071 
202.000 -0.071 
203.000 -0.072 
204.000 -0.072 
205.000 -0.072 
206.000 -0.072 
207.000 -0.071 
208.000 -0.070 
209.000 -0.070 
210.000 -0.069 
211.000 -0.069 
212.000 -0.070 
213.000 -0.070 
214.000 -0.071 
215.000 -0.071 
216.000 -0.072 
217.000 -0.072 
218.000 -0.072 
219.000 -0.072 
220.000 -0.071 
221.000 -0.071 
222.000 -0.071 
223.000 -0.070 
224.000 -0.070 
225.000 -0.070 
226.000 -0.071 
227.000 -0.071 
228.000 -0.071 
229.000 -0.071 
230.000 -0.072 
231.000 -0.072 
232.000 -0.072 
233.000 -0.072 
234.000 -0.071 
235.000 -0.071 
236.000 -0.071 
237.000 -0.071 
238.000 -0.071 
239.000 -0.071 
240.000 -0.071 
241.000 -0.071 
242.000 -0.072 
243.000 -0.072 
244.000 -0.072 
245.000 -0.072 
246.000 0.025 
247.000 0.139 
248.000 0.312 
249.000 0.405 
250.000 0.554 
251.000 0.544 
252.000 0.428 
253.000 0.238 
254.000 0.085 
255.000 -0.018 
256.000 -0.084 
257.000 -0.128 
258.000 -0.123 
259.000 -0.040 
260.000 0.108 
261.000 0.226 
262.000 0.396 
263.000 0.478 
264.000 0.567 
265.000 0.492 
266.000 0.318 
267.000 0.144 
268.000 0.016 
269.000 -0.064 
270.000 -0.108 
271.000 -0.147 
272.000 -0.084 
273.000 0.025 
274.000 0.191 
275.000 0.309 
276.000 0.475 
277.000 0.519 
278.000 0.538 
279.000 0.408 
280.000 0.227 
281.000 0.079 
282.000 -0.024 
283.000 -0.088 
284.000 -0.141 
285.000 -0.124 
286.000 -0.035 
287.000 0.121 
288.000 0.249 
289.000 0.424 
290.000 0.505 
291.000 0.592 
292.000 0.510 
293.000 0.323 
294.000 0.145 
295.000 0.016 
296.000 -0.064 
297.000 -0.108 
298.000 -0.146 
299.000 -0.080 
300.000 0.036 
301.000 0.201 
302.000 0.316 
303.000 0.478 
304.000 0.523 
305.000 0.537 
306.000 0.405 
307.000 0.226 
308.000 0.079 
309.000 -0.024 
310.000 -0.088 
311.000 -0.143 
312.000 -0.121 
313.000 -0.031 
314.000 0.129 
315.000 0.265 
316.000 0.444 
317.000 0.525 
318.000 0.613 
319.000 0.529 
320.000 0.332 
321.000 0.149 
322.000 0.019 
323.000 -0.062 
324.000 -0.107 
325.000 -0.146 
326.000 -0.079 
327.000 0.040 
328.000 0.205 
329.000 0.331 
330.000 0.496 
331.000 0.538 
332.000 0.552 
333.000 0.419 
334.000 0.234 
335.000 0.083 
336.000 -0.022 
337.000 -0.087 
338.000 -0.143 
339.000 -0.118 
340.000 -0.026 
341.000 0.136 
342.000 0.275 
343.000 0.454 
344.000 0.536 
345.000 0.625 
346.000 0.541 
347.000 0.339 
348.000 0.154 
349.000 0.021 
350.000 -0.061 
351.000 -0.106 
352.000 -0.145 
353.000 -0.077 
354.000 0.044 
355.000 0.210 
356.000 0.342 
357.000 0.508 
358.000 0.550 
359.000 0.564 
360.000 0.431 
361.000 0.241 
362.000 0.086 
363.000 -0.020 
364.000 -0.086 
365.000 -0.142 
366.000 -0.081 
367.000 0.098 
368.000 0.314 
369.000 0.525 
370.000 0.738 
371.000 0.881 
372.000 0.999 
373.000 0.990 
374.000 0.983 
375.000 0.795 
376.000 0.525 
377.000 0.289 
378.000 0.114 
379.000 0.018 
380.000 0.047 
381.000 0.192 
382.000 0.385 
383.000 0.591 
384.000 0.792 
385.000 0.937 
386.000 1.043 
387.000 1.059 
388.000 1.023 
389.000 0.814 
390.000 0.520 
391.000 0.279 
392.000 0.112 
393.000 0.007 
394.000 0.033 
395.000 0.186 
396.000 0.386 
397.000 0.600 
398.000 0.811 
399.000 0.966 
400.000 1.077 
401.000 1.099 
402.000 1.065 
403.000 0.849 
404.000 0.539 
405.000 0.287 
406.000 0.116 
407.000 0.008 
408.000 0.026 
409.000 0.178 
410.000 0.382 
411.000 0.604 
412.000 0.823 
413.000 0.992 
414.000 1.106 
415.000 1.145 
416.000 1.110 
417.000 0.890 
418.000 0.562 
419.000 0.298 
420.000 0.123 
421.000 0.010 
422.000 0.017 
423.000 0.168 
424.000 0.374 
425.000 0.604 
426.000 0.832 
427.000 1.015 
428.000 1.134 
429.000 1.186 
430.000 1.152 
431.000 0.930 
432.000 0.586 
433.000 0.311 
434.000 0.129 
435.000 0.012 
436.000 0.007 
437.000 0.153 
438.000 0.361 
439.000 0.597 
440.000 0.834 
441.000 1.032 
442.000 1.158 
443.000 1.223 
444.000 1.193 
445.000 0.977 
446.000 0.618 
447.000 0.329 
448.000 0.138 
449.000 0.017 
450.000 -0.009 
451.000 0.117 
452.000 0.317 
453.000 0.558 
454.000 0.806 
455.000 1.025 
456.000 1.170 
457.000 1.253 
458.000 1.251 
459.000 1.072 
460.000 0.701 
461.000 0.385 
462.000 0.171 
463.000 0.038 
464.000 -0.049 
465.000 0.012 
466.000 0.183 
467.000 0.417 
468.000 0.677 
469.000 0.936 
470.000 1.136 
471.000 1.267 
472.000 1.307 
473.000 1.248 
474.000 0.942 
475.000 0.562 
476.000 0.280 
477.000 0.100 
478.000 -0.012 
479.000 -0.014 
480.000 0.151 
481.000 0.391 
482.000 0.668 
483.000 0.948 
484.000 1.189 
485.000 1.325 
486.000 1.520 
487.000 1.810 
488.000 2.151 
489.000 2.504 
490.000 2.863 
491.000 3.186 
492.000 3.400 
493.000 3.436 
494.000 3.301 
495.000 3.043 
496.000 2.715 
497.000 2.388 
498.000 2.107 
499.000 1.913 
500.000 1.832 
501.000 1.884 
502.000 2.055 
503.000 2.307 
504.000 2.607 
505.000 2.931 
506.000 3.248 
507.000 3.497 
508.000 3.608 
509.000 3.531 
510.000 3.318 
511.000 2.993 
512.000 2.631 
513.000 2.294 
514.000 2.043 
515.000 1.900 
516.000 1.892 
517.000 2.017 
518.000 2.238 
519.000 2.519 
520.000 2.832 
521.000 3.156 
522.000 3.454 
523.000 3.663 
524.000 3.721 
525.000 3.585 
526.000 3.336 
527.000 2.985 
528.000 2.590 
529.000 2.260 
530.000 2.030 
531.000 1.924 
532.000 1.964 
533.000 2.128 
534.000 2.372 
535.000 2.665 
536.000 2.981 
537.000 3.301 
538.000 3.589 
539.000 3.781 
540.000 3.822 
541.000 3.674 
542.000 3.412 
543.000 3.041 
544.000 2.618 
545.000 2.269 
546.000 2.034 
547.000 1.937 
548.000 1.988 
549.000 2.158 
550.000 2.406 
551.000 2.700 
552.000 3.015 
553.000 3.334 
554.000 3.632 
555.000 3.850 
556.000 3.930 
557.000 3.832 
558.000 3.592 
559.000 3.243 
560.000 2.796 
561.000 2.381 
562.000 2.092 
563.000 1.952 
564.000 1.970 
565.000 2.116 
566.000 2.349 
567.000 2.635 
568.000 2.947 
569.000 3.266 
570.000 3.578 
571.000 3.842 
572.000 3.999 
573.000 4.001 
574.000 3.821 
575.000 3.534 
576.000 3.112 
577.000 2.621 
578.000 2.230 
579.000 1.987 
580.000 1.910 
581.000 1.985 
582.000 2.172 
583.000 2.431 
584.000 2.732 
585.000 3.051 
586.000 3.372 
587.000 3.681 
588.000 3.940 
589.000 4.090 
590.000 4.089 
591.000 3.911 
592.000 3.620 
593.000 3.186 
594.000 2.658 
595.000 2.229 
596.000 1.963 
597.000 1.878 
598.000 1.951 
599.000 2.138 
600.000 2.398 
601.000 2.702 
602.000 3.023 
603.000 3.347 
604.000 3.659 
605.000 3.939 
606.000 4.195 
607.000 4.427 
608.000 4.635 
609.000 4.818 
610.000 4.977 
611.000 5.112 
612.000 5.225 
613.000 5.319 
614.000 5.383 
615.000 5.407 
616.000 5.392 
617.000 5.339 
618.000 5.255 
619.000 5.154 
620.000 5.053 
621.000 4.975 
622.000 4.936 
623.000 4.932 
624.000 4.954 
625.000 4.993 
626.000 5.043 
627.000 5.099 
628.000 5.157 
629.000 5.214 
630.000 5.269 
631.000 5.320 
632.000 5.366 
633.000 5.405 
634.000 5.431 
635.000 5.441 
636.000 5.432 
637.000 5.405 
638.000 5.363 
639.000 5.313 
640.000 5.263 
641.000 5.223 
642.000 5.202 
643.000 5.201 
644.000 5.215 
645.000 5.239 
646.000 5.269 
647.000 5.302 
648.000 5.337 
649.000 5.371 
650.000 5.403 
651.000 5.433 
652.000 5.458 
653.000 5.473 
654.000 5.475 
655.000 5.466 
656.000 5.444 
657.000 5.412 
658.000 5.376 
659.000 5.342 
660.000 5.317 
661.000 5.306 
662.000 5.309 
663.000 5.322 
664.000 5.341 
665.000 5.364 
666.000 5.388 
667.000 5.414 
668.000 5.438 
669.000 5.461 
670.000 5.482 
671.000 5.497 
672.000 5.504 
673.000 5.501 
674.000 5.489 
675.000 5.468 
676.000 5.442 
677.000 5.415 
678.000 5.392 
679.000 5.378 
680.000 5.375 
681.000 5.381 
682.000 5.393 
683.000 5.409 
684.000 5.427 
685.000 5.446 
686.000 5.466 
687.000 5.484 
688.000 5.501 
689.000 5.515 
690.000 5.523 
691.000 5.525 
692.000 5.519 
693.000 5.507 
694.000 5.489 
695.000 5.468 
696.000 5.448 
697.000 5.434 
698.000 5.427 
699.000 5.429 
700.000 5.436 
701.000 5.447 
702.000 5.461 
703.000 5.475 
704.000 5.490 
705.000 5.504 
706.000 5.517 
707.000 5.529 
708.000 5.538 
709.000 5.541 
710.000 5.540 
711.000 5.532 
712.000 5.520 
713.000 5.505 
714.000 5.489 
715.000 5.476 
716.000 5.468 
717.000 5.466 
718.000 5.470 
719.000 5.477 
720.000 5.487 
721.000 5.497 
722.000 5.508 
723.000 5.520 
724.000 5.530 
725.000 5.540 
726.000 5.548 
727.000 5.553 
728.000 5.554 
729.000 5.550 
730.000 5.543 
731.000 5.532 
732.000 5.520 
733.000 5.509 
734.000 5.500 
735.000 5.497 
736.000 5.498 
737.000 5.502 
738.000 5.509 
739.000 5.517 
740.000 5.525 
741.000 5.533 
742.000 5.542 
743.000 5.550 
744.000 5.556 
745.000 5.561 
746.000 5.563 
747.000 5.562 
748.000 5.558 
749.000 5.551 
750.000 5.542 
751.000 5.533 
752.000 5.525 
753.000 5.520 
754.000 5.520 
755.000 5.522 
756.000 5.526 
757.000 5.532 
758.000 5.538 
759.000 5.544 
760.000 5.551 
761.000 5.557 
762.000 5.563 
763.000 5.567 
764.000 5.570 
765.000 5.570 
766.000 5.568 
767.000 5.564 
768.000 5.558 
769.000 5.551 
770.000 5.544 
771.000 5.539 
772.000 5.537 
773.000 5.538 
774.000 5.541 
775.000 5.544 
776.000 5.549 
777.000 5.554 
778.000 5.559 
779.000 5.564 
780.000 5.568 
781.000 5.572 
782.000 5.575 
783.000 5.576 
784.000 5.575 
785.000 5.573 
786.000 5.568 
787.000 5.563 
788.000 5.558 
789.000 5.553 
790.000 5.551 
791.000 5.551 
792.000 5.552 
793.000 5.555 
794.000 5.558 
795.000 5.561 
796.000 5.565 
797.000 5.569 
798.000 5.573 
799.000 5.576 
800.000 5.579 
