1.000 0.000 
2.000 0.000 
3.000 0.000 
4.000 0.000 
5.000 0.000 
6.000 0.000 
7.000 0.000 
8.000 0.000 
9.000 0.000 
10.000 0.000 
11.000 0.000 
12.000 -0.005 
13.000 -0.014 
14.000 -0.023 
15.000 -0.030 
16.000 -0.035 
17.000 -0.038 
18.000 -0.039 
19.000 -0.039 
20.000 -0.039 
21.000 -0.037 
22.000 -0.036 
23.000 -0.035 
24.000 -0.034 
25.000 -0.034 
26.000 -0.033 
27.000 -0.033 
28.000 -0.034 
29.000 -0.034 
30.000 -0.034 
31.000 -0.035 
32.000 -0.035 
33.000 -0.035 
34.000 -0.035 
35.000 -0.035 
36.000 -0.035 
37.000 -0.036 
38.000 -0.036 
39.000 -0.036 
40.000 -0.036 
41.000 -0.036 
42.000 -0.036 
43.000 -0.036 
44.000 -0.036 
45.000 -0.036 
46.000 -0.036 
47.000 -0.036 
48.000 -0.037 
49.000 -0.037 
50.000 -0.037 
51.000 -0.037 
52.000 -0.037 
53.000 -0.037 
54.000 -0.037 
55.000 -0.037 
56.000 -0.037 
57.000 -0.037 
58.000 -0.038 
59.000 -0.038 
60.000 -0.038 
61.000 -0.038 
62.000 -0.038 
63.000 -0.038 
64.000 -0.038 
65.000 -0.038 
66.000 -0.038 
67.000 -0.038 
68.000 -0.039 
69.000 -0.039 
70.000 -0.039 
71.000 -0.039 
72.000 -0.039 
73.000 -0.039 
74.000 -0.039 
75.000 -0.039 
76.000 -0.039 
77.000 -0.039 
78.000 -0.040 
79.000 -0.040 
80.000 -0.040 
81.000 -0.040 
82.000 -0.040 
83.000 -0.040 
84.000 -0.040 
85.000 -0.040 
86.000 -0.040 
87.000 -0.040 
88.000 -0.041 
89.000 -0.041 
90.000 -0.041 
91.000 -0.041 
92.000 -0.041 
93.000 -0.041 
94.000 -0.041 
95.000 -0.041 
96.000 -0.041 
97.000 -0.041 
98.000 -0.041 
99.000 -0.042 
100.000 -0.042 
101.000 -0.042 
102.000 -0.042 
103.000 -0.042 
104.000 -0.042 
105.000 -0.042 
106.000 -0.042 
107.000 -0.042 
108.000 -0.042 
109.000 -0.042 
110.000 -0.043 
111.000 -0.043 
112.000 -0.043 
113.000 -0.043 
114.000 -0.043 
115.000 -0.043 
116.000 -0.043 
117.000 -0.043 
118.000 -0.043 
119.000 -0.043 
120.000 -0.043 
121.000 -0.044 
122.000 -0.044 
123.000 -0.044 
124.000 -0.044 
125.000 -0.044 
126.000 -0.043 
127.000 -0.039 
128.000 -0.036 
129.000 -0.034 
130.000 -0.032 
131.000 -0.031 
132.000 -0.030 
133.000 -0.030 
134.000 -0.031 
135.000 -0.031 
136.000 -0.032 
137.000 -0.032 
138.000 -0.033 
139.000 -0.033 
140.000 -0.033 
141.000 -0.033 
142.000 -0.033 
143.000 -0.033 
144.000 -0.033 
145.000 -0.033 
146.000 -0.033 
147.000 -0.033 
148.000 -0.033 
149.000 -0.033 
150.000 -0.033 
151.000 -0.033 
152.000 -0.034 
153.000 -0.034 
154.000 -0.034 
155.000 -0.034 
156.000 -0.034 
157.000 -0.034 
158.000 -0.034 
159.000 -0.034 
160.000 -0.034 
161.000 -0.034 
162.000 -0.034 
163.000 -0.034 
164.000 -0.034 
165.000 -0.034 
166.000 -0.034 
167.000 -0.034 
168.000 -0.034 
169.000 -0.034 
170.000 -0.034 
171.000 -0.034 
172.000 -0.035 
173.000 -0.035 
174.000 -0.035 
175.000 -0.035 
176.000 -0.035 
177.000 -0.035 
178.000 -0.035 
179.000 -0.035 
180.000 -0.035 
181.000 -0.035 
182.000 -0.035 
183.000 -0.035 
184.000 -0.035 
185.000 -0.035 
186.000 -0.035 
187.000 -0.035 
188.000 -0.035 
189.000 -0.035 
190.000 -0.035 
191.000 -0.035 
192.000 -0.035 
193.000 -0.035 
194.000 -0.036 
195.000 -0.036 
196.000 -0.036 
197.000 -0.036 
198.000 -0.036 
199.000 -0.036 
200.000 -0.036 
201.000 -0.036 
202.000 -0.036 
203.000 -0.036 
204.000 -0.036 
205.000 -0.036 
206.000 -0.036 
207.000 -0.036 
208.000 -0.036 
209.000 -0.036 
210.000 -0.036 
211.000 -0.036 
212.000 -0.036 
213.000 -0.036 
214.000 -0.036 
215.000 -0.036 
216.000 -0.036 
217.000 -0.037 
218.000 -0.037 
219.000 -0.037 
220.000 -0.037 
221.000 -0.037 
222.000 -0.037 
223.000 -0.037 
224.000 -0.037 
225.000 -0.037 
226.000 -0.037 
227.000 -0.037 
228.000 -0.037 
229.000 -0.037 
230.000 -0.037 
231.000 -0.037 
232.000 -0.037 
233.000 -0.037 
234.000 -0.037 
235.000 -0.037 
236.000 -0.037 
237.000 -0.037 
238.000 -0.037 
239.000 -0.037 
240.000 -0.037 
241.000 -0.038 
242.000 -0.038 
243.000 -0.038 
244.000 -0.038 
245.000 -0.038 
246.000 -0.027 
247.000 -0.004 
248.000 0.022 
249.000 0.045 
250.000 0.062 
251.000 0.075 
252.000 0.081 
253.000 0.081 
254.000 0.078 
255.000 0.071 
256.000 0.064 
257.000 0.057 
258.000 0.051 
259.000 0.047 
260.000 0.045 
261.000 0.045 
262.000 0.046 
263.000 0.048 
264.000 0.051 
265.000 0.053 
266.000 0.056 
267.000 0.058 
268.000 0.059 
269.000 0.060 
270.000 0.060 
271.000 0.060 
272.000 0.060 
273.000 0.059 
274.000 0.059 
275.000 0.059 
276.000 0.059 
277.000 0.059 
278.000 0.059 
279.000 0.060 
280.000 0.060 
281.000 0.061 
282.000 0.061 
283.000 0.062 
284.000 0.062 
285.000 0.063 
286.000 0.063 
287.000 0.063 
288.000 0.064 
289.000 0.064 
290.000 0.064 
291.000 0.064 
292.000 0.065 
293.000 0.065 
294.000 0.065 
295.000 0.066 
296.000 0.066 
297.000 0.066 
298.000 0.067 
299.000 0.067 
300.000 0.068 
301.000 0.068 
302.000 0.068 
303.000 0.069 
304.000 0.069 
305.000 0.069 
306.000 0.070 
307.000 0.070 
308.000 0.070 
309.000 0.071 
310.000 0.071 
311.000 0.071 
312.000 0.072 
313.000 0.072 
314.000 0.072 
315.000 0.073 
316.000 0.073 
317.000 0.073 
318.000 0.074 
319.000 0.074 
320.000 0.074 
321.000 0.075 
322.000 0.075 
323.000 0.075 
324.000 0.076 
325.000 0.076 
326.000 0.076 
327.000 0.077 
328.000 0.077 
329.000 0.077 
330.000 0.078 
331.000 0.078 
332.000 0.078 
333.000 0.079 
334.000 0.079 
335.000 0.079 
336.000 0.080 
337.000 0.080 
338.000 0.080 
339.000 0.081 
340.000 0.081 
341.000 0.081 
342.000 0.082 
343.000 0.082 
344.000 0.082 
345.000 0.083 
346.000 0.083 
347.000 0.083 
348.000 0.084 
349.000 0.084 
350.000 0.084 
351.000 0.085 
352.000 0.085 
353.000 0.085 
354.000 0.086 
355.000 0.086 
356.000 0.086 
357.000 0.087 
358.000 0.087 
359.000 0.087 
360.000 0.088 
361.000 0.088 
362.000 0.088 
363.000 0.089 
364.000 0.089 
365.000 0.089 
366.000 0.129 
367.000 0.196 
368.000 0.271 
369.000 0.345 
370.000 0.410 
371.000 0.462 
372.000 0.494 
373.000 0.506 
374.000 0.497 
375.000 0.473 
376.000 0.437 
377.000 0.397 
378.000 0.359 
379.000 0.327 
380.000 0.305 
381.000 0.294 
382.000 0.295 
383.000 0.305 
384.000 0.323 
385.000 0.345 
386.000 0.369 
387.000 0.392 
388.000 0.411 
389.000 0.424 
390.000 0.432 
391.000 0.433 
392.000 0.429 
393.000 0.420 
394.000 0.410 
395.000 0.399 
396.000 0.388 
397.000 0.381 
398.000 0.376 
399.000 0.376 
400.000 0.378 
401.000 0.384 
402.000 0.392 
403.000 0.401 
404.000 0.410 
405.000 0.418 
406.000 0.424 
407.000 0.429 
408.000 0.432 
409.000 0.432 
410.000 0.431 
411.000 0.429 
412.000 0.426 
413.000 0.423 
414.000 0.421 
415.000 0.420 
416.000 0.420 
417.000 0.421 
418.000 0.424 
419.000 0.427 
420.000 0.431 
421.000 0.435 
422.000 0.439 
423.000 0.443 
424.000 0.446 
425.000 0.449 
426.000 0.450 
427.000 0.451 
428.000 0.452 
429.000 0.452 
430.000 0.452 
431.000 0.452 
432.000 0.452 
433.000 0.453 
434.000 0.454 
435.000 0.455 
436.000 0.457 
437.000 0.460 
438.000 0.462 
439.000 0.465 
440.000 0.467 
441.000 0.469 
442.000 0.471 
443.000 0.473 
444.000 0.475 
445.000 0.476 
446.000 0.477 
447.000 0.478 
448.000 0.479 
449.000 0.479 
450.000 0.481 
451.000 0.482 
452.000 0.483 
453.000 0.485 
454.000 0.486 
455.000 0.488 
456.000 0.490 
457.000 0.492 
458.000 0.494 
459.000 0.496 
460.000 0.497 
461.000 0.499 
462.000 0.500 
463.000 0.502 
464.000 0.503 
465.000 0.504 
466.000 0.505 
467.000 0.506 
468.000 0.508 
469.000 0.509 
470.000 0.510 
471.000 0.512 
472.000 0.513 
473.000 0.515 
474.000 0.517 
475.000 0.518 
476.000 0.520 
477.000 0.521 
478.000 0.523 
479.000 0.524 
480.000 0.526 
481.000 0.527 
482.000 0.528 
483.000 0.530 
484.000 0.531 
485.000 0.532 
486.000 0.651 
487.000 0.902 
488.000 1.229 
489.000 1.599 
490.000 1.987 
491.000 2.368 
492.000 2.712 
493.000 2.989 
494.000 3.173 
495.000 3.243 
496.000 3.186 
497.000 3.018 
498.000 2.757 
499.000 2.434 
500.000 2.091 
501.000 1.774 
502.000 1.518 
503.000 1.344 
504.000 1.257 
505.000 1.251 
506.000 1.322 
507.000 1.460 
508.000 1.655 
509.000 1.890 
510.000 2.147 
511.000 2.404 
512.000 2.643 
513.000 2.844 
514.000 2.988 
515.000 3.062 
516.000 3.058 
517.000 2.977 
518.000 2.831 
519.000 2.638 
520.000 2.422 
521.000 2.207 
522.000 2.017 
523.000 1.870 
524.000 1.776 
525.000 1.737 
526.000 1.754 
527.000 1.824 
528.000 1.942 
529.000 2.096 
530.000 2.274 
531.000 2.462 
532.000 2.644 
533.000 2.807 
534.000 2.937 
535.000 3.021 
536.000 3.053 
537.000 3.030 
538.000 2.954 
539.000 2.834 
540.000 2.686 
541.000 2.526 
542.000 2.372 
543.000 2.238 
544.000 2.137 
545.000 2.076 
546.000 2.058 
547.000 2.086 
548.000 2.155 
549.000 2.259 
550.000 2.390 
551.000 2.537 
552.000 2.688 
553.000 2.832 
554.000 2.955 
555.000 3.049 
556.000 3.104 
557.000 3.116 
558.000 3.085 
559.000 3.014 
560.000 2.910 
561.000 2.785 
562.000 2.653 
563.000 2.528 
564.000 2.421 
565.000 2.343 
566.000 2.299 
567.000 2.294 
568.000 2.327 
569.000 2.395 
570.000 2.491 
571.000 2.608 
572.000 2.737 
573.000 2.867 
574.000 2.987 
575.000 3.088 
576.000 3.162 
577.000 3.201 
578.000 3.202 
579.000 3.166 
580.000 3.097 
581.000 3.002 
582.000 2.891 
583.000 2.776 
584.000 2.669 
585.000 2.579 
586.000 2.515 
587.000 2.482 
588.000 2.484 
589.000 2.518 
590.000 2.583 
591.000 2.672 
592.000 2.779 
593.000 2.894 
594.000 3.009 
595.000 3.113 
596.000 3.199 
597.000 3.259 
598.000 3.288 
599.000 3.283 
600.000 3.245 
601.000 3.179 
602.000 3.091 
603.000 2.990 
604.000 2.887 
605.000 2.792 
606.000 2.795 
607.000 2.901 
608.000 3.075 
609.000 3.293 
610.000 3.532 
611.000 3.778 
612.000 4.020 
613.000 4.249 
614.000 4.461 
615.000 4.654 
616.000 4.825 
617.000 4.975 
618.000 5.096 
619.000 5.175 
620.000 5.203 
621.000 5.176 
622.000 5.097 
623.000 4.973 
624.000 4.814 
625.000 4.636 
626.000 4.456 
627.000 4.292 
628.000 4.157 
629.000 4.065 
630.000 4.023 
631.000 4.035 
632.000 4.098 
633.000 4.197 
634.000 4.320 
635.000 4.454 
636.000 4.591 
637.000 4.726 
638.000 4.853 
639.000 4.971 
640.000 5.075 
641.000 5.157 
642.000 5.207 
643.000 5.221 
644.000 5.199 
645.000 5.140 
646.000 5.052 
647.000 4.941 
648.000 4.818 
649.000 4.694 
650.000 4.582 
651.000 4.491 
652.000 4.429 
653.000 4.403 
654.000 4.415 
655.000 4.464 
656.000 4.540 
657.000 4.634 
658.000 4.735 
659.000 4.839 
660.000 4.941 
661.000 5.037 
662.000 5.126 
663.000 5.201 
664.000 5.254 
665.000 5.282 
666.000 5.281 
667.000 5.251 
668.000 5.196 
669.000 5.119 
670.000 5.028 
671.000 4.931 
672.000 4.838 
673.000 4.756 
674.000 4.693 
675.000 4.655 
676.000 4.646 
677.000 4.667 
678.000 4.714 
679.000 4.781 
680.000 4.858 
681.000 4.940 
682.000 5.022 
683.000 5.102 
684.000 5.176 
685.000 5.243 
686.000 5.297 
687.000 5.331 
688.000 5.344 
689.000 5.334 
690.000 5.302 
691.000 5.251 
692.000 5.184 
693.000 5.109 
694.000 5.032 
695.000 4.960 
696.000 4.899 
697.000 4.856 
698.000 4.834 
699.000 4.836 
700.000 4.862 
701.000 4.906 
702.000 4.964 
703.000 5.027 
704.000 5.094 
705.000 5.159 
706.000 5.222 
707.000 5.280 
708.000 5.330 
709.000 5.368 
710.000 5.389 
711.000 5.392 
712.000 5.377 
713.000 5.346 
714.000 5.300 
715.000 5.243 
716.000 5.182 
717.000 5.121 
718.000 5.066 
719.000 5.022 
720.000 4.993 
721.000 4.982 
722.000 4.990 
723.000 5.017 
724.000 5.057 
725.000 5.106 
726.000 5.158 
727.000 5.212 
728.000 5.264 
729.000 5.313 
730.000 5.358 
731.000 5.395 
732.000 5.421 
733.000 5.433 
734.000 5.431 
735.000 5.414 
736.000 5.384 
737.000 5.343 
738.000 5.296 
739.000 5.246 
740.000 5.198 
741.000 5.156 
742.000 5.124 
743.000 5.105 
744.000 5.101 
745.000 5.113 
746.000 5.138 
747.000 5.173 
748.000 5.214 
749.000 5.256 
750.000 5.299 
751.000 5.340 
752.000 5.379 
753.000 5.414 
754.000 5.441 
755.000 5.459 
756.000 5.466 
757.000 5.460 
758.000 5.444 
759.000 5.417 
760.000 5.383 
761.000 5.344 
762.000 5.304 
763.000 5.267 
764.000 5.235 
765.000 5.212 
766.000 5.200 
767.000 5.200 
768.000 5.212 
769.000 5.235 
770.000 5.265 
771.000 5.298 
772.000 5.333 
773.000 5.367 
774.000 5.399 
775.000 5.430 
776.000 5.456 
777.000 5.476 
778.000 5.488 
779.000 5.491 
780.000 5.484 
781.000 5.468 
782.000 5.445 
783.000 5.417 
784.000 5.385 
785.000 5.354 
786.000 5.324 
787.000 5.300 
788.000 5.284 
789.000 5.277 
790.000 5.280 
791.000 5.292 
792.000 5.313 
793.000 5.337 
794.000 5.364 
795.000 5.392 
796.000 5.419 
797.000 5.445 
798.000 5.469 
799.000 5.489 
800.000 5.503 
