1.000 0.000 
2.000 0.000 
3.000 0.000 
4.000 0.000 
5.000 0.000 
6.000 0.000 
7.000 0.000 
8.000 0.000 
9.000 0.000 
10.000 0.000 
11.000 0.000 
12.000 -0.029 
13.000 -0.066 
14.000 -0.091 
15.000 -0.107 
16.000 -0.116 
17.000 -0.121 
18.000 -0.121 
19.000 -0.114 
20.000 -0.103 
21.000 -0.090 
22.000 -0.077 
23.000 -0.066 
24.000 -0.060 
25.000 -0.060 
26.000 -0.064 
27.000 -0.072 
28.000 -0.080 
29.000 -0.088 
30.000 -0.094 
31.000 -0.098 
32.000 -0.100 
33.000 -0.100 
34.000 -0.098 
35.000 -0.094 
36.000 -0.090 
37.000 -0.086 
38.000 -0.083 
39.000 -0.082 
40.000 -0.081 
41.000 -0.082 
42.000 -0.084 
43.000 -0.087 
44.000 -0.089 
45.000 -0.091 
46.000 -0.092 
47.000 -0.093 
48.000 -0.093 
49.000 -0.093 
50.000 -0.092 
51.000 -0.091 
52.000 -0.090 
53.000 -0.089 
54.000 -0.089 
55.000 -0.088 
56.000 -0.089 
57.000 -0.089 
58.000 -0.090 
59.000 -0.091 
60.000 -0.091 
61.000 -0.092 
62.000 -0.092 
63.000 -0.092 
64.000 -0.092 
65.000 -0.092 
66.000 -0.092 
67.000 -0.092 
68.000 -0.091 
69.000 -0.091 
70.000 -0.091 
71.000 -0.092 
72.000 -0.092 
73.000 -0.092 
74.000 -0.092 
75.000 -0.093 
76.000 -0.093 
77.000 -0.093 
78.000 -0.093 
79.000 -0.093 
80.000 -0.093 
81.000 -0.093 
82.000 -0.093 
83.000 -0.093 
84.000 -0.093 
85.000 -0.093 
86.000 -0.093 
87.000 -0.094 
88.000 -0.094 
89.000 -0.094 
90.000 -0.094 
91.000 -0.094 
92.000 -0.094 
93.000 -0.094 
94.000 -0.094 
95.000 -0.094 
96.000 -0.094 
97.000 -0.095 
98.000 -0.095 
99.000 -0.095 
100.000 -0.095 
101.000 -0.095 
102.000 -0.095 
103.000 -0.095 
104.000 -0.095 
105.000 -0.095 
106.000 -0.095 
107.000 -0.095 
108.000 -0.096 
109.000 -0.096 
110.000 -0.096 
111.000 -0.096 
112.000 -0.096 
113.000 -0.096 
114.000 -0.096 
115.000 -0.096 
116.000 -0.096 
117.000 -0.096 
118.000 -0.096 
119.000 -0.097 
120.000 -0.097 
121.000 -0.097 
122.000 -0.097 
123.000 -0.097 
124.000 -0.097 
125.000 -0.097 
126.000 -0.095 
127.000 -0.080 
128.000 -0.064 
129.000 -0.052 
130.000 -0.043 
131.000 -0.038 
132.000 -0.039 
133.000 -0.046 
134.000 -0.057 
135.000 -0.068 
136.000 -0.078 
137.000 -0.085 
138.000 -0.090 
139.000 -0.091 
140.000 -0.088 
141.000 -0.083 
142.000 -0.075 
143.000 -0.067 
144.000 -0.059 
145.000 -0.054 
146.000 -0.052 
147.000 -0.053 
148.000 -0.058 
149.000 -0.064 
150.000 -0.071 
151.000 -0.077 
152.000 -0.081 
153.000 -0.084 
154.000 -0.084 
155.000 -0.082 
156.000 -0.078 
157.000 -0.073 
158.000 -0.068 
159.000 -0.064 
160.000 -0.061 
161.000 -0.060 
162.000 -0.061 
163.000 -0.064 
164.000 -0.068 
165.000 -0.072 
166.000 -0.076 
167.000 -0.078 
168.000 -0.079 
169.000 -0.079 
170.000 -0.078 
171.000 -0.075 
172.000 -0.072 
173.000 -0.069 
174.000 -0.067 
175.000 -0.065 
176.000 -0.065 
177.000 -0.066 
178.000 -0.068 
179.000 -0.070 
180.000 -0.073 
181.000 -0.075 
182.000 -0.076 
183.000 -0.077 
184.000 -0.076 
185.000 -0.075 
186.000 -0.074 
187.000 -0.072 
188.000 -0.070 
189.000 -0.069 
190.000 -0.068 
191.000 -0.068 
192.000 -0.069 
193.000 -0.070 
194.000 -0.071 
195.000 -0.073 
196.000 -0.074 
197.000 -0.075 
198.000 -0.075 
199.000 -0.075 
200.000 -0.074 
201.000 -0.073 
202.000 -0.072 
203.000 -0.071 
204.000 -0.070 
205.000 -0.070 
206.000 -0.070 
207.000 -0.071 
208.000 -0.071 
209.000 -0.072 
210.000 -0.073 
211.000 -0.074 
212.000 -0.074 
213.000 -0.074 
214.000 -0.074 
215.000 -0.074 
216.000 -0.073 
217.000 -0.072 
218.000 -0.072 
219.000 -0.071 
220.000 -0.071 
221.000 -0.071 
222.000 -0.072 
223.000 -0.072 
224.000 -0.073 
225.000 -0.073 
226.000 -0.073 
227.000 -0.074 
228.000 -0.074 
229.000 -0.074 
230.000 -0.073 
231.000 -0.073 
232.000 -0.073 
233.000 -0.072 
234.000 -0.072 
235.000 -0.072 
236.000 -0.072 
237.000 -0.072 
238.000 -0.073 
239.000 -0.073 
240.000 -0.073 
241.000 -0.073 
242.000 -0.074 
243.000 -0.074 
244.000 -0.073 
245.000 -0.073 
246.000 0.023 
247.000 0.125 
248.000 0.297 
249.000 0.382 
250.000 0.532 
251.000 0.494 
252.000 0.448 
253.000 0.306 
254.000 0.152 
255.000 0.031 
256.000 -0.052 
257.000 -0.100 
258.000 -0.133 
259.000 -0.122 
260.000 -0.031 
261.000 0.106 
262.000 0.256 
263.000 0.407 
264.000 0.527 
265.000 0.618 
266.000 0.577 
267.000 0.420 
268.000 0.228 
269.000 0.076 
270.000 -0.027 
271.000 -0.090 
272.000 -0.124 
273.000 -0.153 
274.000 -0.091 
275.000 0.019 
276.000 0.186 
277.000 0.301 
278.000 0.467 
279.000 0.492 
280.000 0.568 
281.000 0.452 
282.000 0.277 
283.000 0.121 
284.000 0.006 
285.000 -0.068 
286.000 -0.110 
287.000 -0.146 
288.000 -0.108 
289.000 -0.004 
290.000 0.156 
291.000 0.274 
292.000 0.441 
293.000 0.493 
294.000 0.596 
295.000 0.491 
296.000 0.324 
297.000 0.159 
298.000 0.033 
299.000 -0.051 
300.000 -0.101 
301.000 -0.138 
302.000 -0.125 
303.000 -0.027 
304.000 0.118 
305.000 0.276 
306.000 0.435 
307.000 0.560 
308.000 0.661 
309.000 0.614 
310.000 0.444 
311.000 0.241 
312.000 0.083 
313.000 -0.023 
314.000 -0.088 
315.000 -0.122 
316.000 -0.154 
317.000 -0.088 
318.000 0.027 
319.000 0.199 
320.000 0.329 
321.000 0.500 
322.000 0.535 
323.000 0.616 
324.000 0.497 
325.000 0.307 
326.000 0.136 
327.000 0.012 
328.000 -0.066 
329.000 -0.111 
330.000 -0.150 
331.000 -0.117 
332.000 -0.009 
333.000 0.153 
334.000 0.293 
335.000 0.467 
336.000 0.533 
337.000 0.647 
338.000 0.545 
339.000 0.364 
340.000 0.183 
341.000 0.045 
342.000 -0.046 
343.000 -0.101 
344.000 -0.139 
345.000 -0.136 
346.000 -0.039 
347.000 0.105 
348.000 0.276 
349.000 0.430 
350.000 0.585 
351.000 0.628 
352.000 0.650 
353.000 0.502 
354.000 0.285 
355.000 0.112 
356.000 -0.005 
357.000 -0.077 
358.000 -0.117 
359.000 -0.160 
360.000 -0.108 
361.000 0.011 
362.000 0.185 
363.000 0.327 
364.000 0.505 
365.000 0.567 
366.000 0.709 
367.000 0.726 
368.000 0.811 
369.000 0.725 
370.000 0.742 
371.000 0.645 
372.000 0.620 
373.000 0.534 
374.000 0.536 
375.000 0.524 
376.000 0.598 
377.000 0.657 
378.000 0.768 
379.000 0.820 
380.000 0.911 
381.000 0.878 
382.000 0.917 
383.000 0.811 
384.000 0.724 
385.000 0.580 
386.000 0.460 
387.000 0.352 
388.000 0.318 
389.000 0.353 
390.000 0.462 
391.000 0.602 
392.000 0.768 
393.000 0.901 
394.000 1.019 
395.000 1.044 
396.000 1.083 
397.000 0.929 
398.000 0.734 
399.000 0.487 
400.000 0.271 
401.000 0.120 
402.000 0.008 
403.000 0.034 
404.000 0.196 
405.000 0.438 
406.000 0.721 
407.000 1.013 
408.000 1.242 
409.000 1.354 
410.000 1.382 
411.000 1.274 
412.000 0.901 
413.000 0.511 
414.000 0.239 
415.000 0.070 
416.000 -0.032 
417.000 -0.135 
418.000 -0.054 
419.000 0.188 
420.000 0.511 
421.000 0.859 
422.000 1.214 
423.000 1.481 
424.000 1.568 
425.000 1.575 
426.000 1.272 
427.000 0.768 
428.000 0.398 
429.000 0.166 
430.000 0.026 
431.000 -0.057 
432.000 -0.087 
433.000 0.099 
434.000 0.414 
435.000 0.784 
436.000 1.159 
437.000 1.505 
438.000 1.664 
439.000 1.717 
440.000 1.470 
441.000 0.930 
442.000 0.507 
443.000 0.233 
444.000 0.066 
445.000 -0.035 
446.000 -0.131 
447.000 -0.028 
448.000 0.246 
449.000 0.609 
450.000 1.004 
451.000 1.406 
452.000 1.711 
453.000 1.775 
454.000 1.772 
455.000 1.321 
456.000 0.782 
457.000 0.403 
458.000 0.169 
459.000 0.027 
460.000 -0.056 
461.000 -0.088 
462.000 0.099 
463.000 0.427 
464.000 0.823 
465.000 1.234 
466.000 1.622 
467.000 1.836 
468.000 1.883 
469.000 1.660 
470.000 1.049 
471.000 0.577 
472.000 0.274 
473.000 0.091 
474.000 -0.020 
475.000 -0.134 
476.000 -0.076 
477.000 0.175 
478.000 0.542 
479.000 0.958 
480.000 1.399 
481.000 1.780 
482.000 1.913 
483.000 1.940 
484.000 1.504 
485.000 0.904 
486.000 0.458 
487.000 0.318 
488.000 0.401 
489.000 0.653 
490.000 1.015 
491.000 1.441 
492.000 1.897 
493.000 2.357 
494.000 2.802 
495.000 3.222 
496.000 3.591 
497.000 3.844 
498.000 3.918 
499.000 3.782 
500.000 3.526 
501.000 3.162 
502.000 2.669 
503.000 2.106 
504.000 1.693 
505.000 1.509 
506.000 1.529 
507.000 1.695 
508.000 1.957 
509.000 2.277 
510.000 2.627 
511.000 2.985 
512.000 3.335 
513.000 3.667 
514.000 3.973 
515.000 4.210 
516.000 4.325 
517.000 4.288 
518.000 4.091 
519.000 3.693 
520.000 2.745 
521.000 1.676 
522.000 0.945 
523.000 0.478 
524.000 0.201 
525.000 0.205 
526.000 0.408 
527.000 0.743 
528.000 1.161 
529.000 1.621 
530.000 2.095 
531.000 2.560 
532.000 3.002 
533.000 3.411 
534.000 3.781 
535.000 4.111 
536.000 4.400 
537.000 4.637 
538.000 4.791 
539.000 4.840 
540.000 4.777 
541.000 4.611 
542.000 4.366 
543.000 4.100 
544.000 3.878 
545.000 3.754 
546.000 3.731 
547.000 3.783 
548.000 3.888 
549.000 4.025 
550.000 4.180 
551.000 4.343 
552.000 4.504 
553.000 4.657 
554.000 4.765 
555.000 4.793 
556.000 4.725 
557.000 4.555 
558.000 4.292 
559.000 3.972 
560.000 3.654 
561.000 3.424 
562.000 3.327 
563.000 3.341 
564.000 3.435 
565.000 3.582 
566.000 3.760 
567.000 3.955 
568.000 4.153 
569.000 4.347 
570.000 4.508 
571.000 4.591 
572.000 4.567 
573.000 4.423 
574.000 4.161 
575.000 3.742 
576.000 2.962 
577.000 1.855 
578.000 1.063 
579.000 0.561 
580.000 0.241 
581.000 0.212 
582.000 0.392 
583.000 0.712 
584.000 1.120 
585.000 1.575 
586.000 2.046 
587.000 2.511 
588.000 2.955 
589.000 3.367 
590.000 3.742 
591.000 4.076 
592.000 4.369 
593.000 4.622 
594.000 4.812 
595.000 4.913 
596.000 4.912 
597.000 4.810 
598.000 4.617 
599.000 4.371 
600.000 4.131 
601.000 3.955 
602.000 3.878 
603.000 3.887 
604.000 3.957 
605.000 4.067 
606.000 4.202 
607.000 4.349 
608.000 4.499 
609.000 4.646 
610.000 4.785 
611.000 4.914 
612.000 5.031 
613.000 5.134 
614.000 5.224 
615.000 5.302 
616.000 5.368 
617.000 5.423 
618.000 5.468 
619.000 5.505 
620.000 5.534 
621.000 5.557 
622.000 5.575 
623.000 5.588 
624.000 5.598 
625.000 5.604 
626.000 5.609 
627.000 5.611 
628.000 5.612 
629.000 5.613 
630.000 5.612 
631.000 5.611 
632.000 5.610 
633.000 5.608 
634.000 5.606 
635.000 5.605 
636.000 5.603 
637.000 5.602 
638.000 5.601 
639.000 5.599 
640.000 5.598 
641.000 5.598 
642.000 5.597 
643.000 5.596 
644.000 5.596 
645.000 5.595 
646.000 5.595 
647.000 5.595 
648.000 5.594 
649.000 5.594 
650.000 5.594 
651.000 5.594 
652.000 5.594 
653.000 5.594 
654.000 5.594 
655.000 5.594 
656.000 5.594 
657.000 5.594 
658.000 5.594 
659.000 5.594 
660.000 5.594 
661.000 5.594 
662.000 5.594 
663.000 5.594 
664.000 5.594 
665.000 5.594 
666.000 5.594 
667.000 5.594 
668.000 5.594 
669.000 5.594 
670.000 5.594 
671.000 5.594 
672.000 5.594 
673.000 5.594 
674.000 5.594 
675.000 5.594 
676.000 5.594 
677.000 5.594 
678.000 5.594 
679.000 5.594 
680.000 5.594 
681.000 5.594 
682.000 5.594 
683.000 5.594 
684.000 5.594 
685.000 5.594 
686.000 5.594 
687.000 5.594 
688.000 5.594 
689.000 5.594 
690.000 5.594 
691.000 5.594 
692.000 5.594 
693.000 5.594 
694.000 5.594 
695.000 5.594 
696.000 5.594 
697.000 5.594 
698.000 5.594 
699.000 5.594 
700.000 5.594 
701.000 5.594 
702.000 5.594 
703.000 5.594 
704.000 5.594 
705.000 5.594 
706.000 5.594 
707.000 5.594 
708.000 5.594 
709.000 5.594 
710.000 5.594 
711.000 5.594 
712.000 5.594 
713.000 5.594 
714.000 5.594 
715.000 5.594 
716.000 5.594 
717.000 5.594 
718.000 5.594 
719.000 5.594 
720.000 5.594 
721.000 5.594 
722.000 5.594 
723.000 5.594 
724.000 5.594 
725.000 5.594 
726.000 5.594 
727.000 5.594 
728.000 5.594 
729.000 5.594 
730.000 5.594 
731.000 5.594 
732.000 5.594 
733.000 5.594 
734.000 5.594 
735.000 5.594 
736.000 5.594 
737.000 5.594 
738.000 5.594 
739.000 5.594 
740.000 5.594 
741.000 5.594 
742.000 5.594 
743.000 5.594 
744.000 5.594 
745.000 5.594 
746.000 5.594 
747.000 5.594 
748.000 5.594 
749.000 5.594 
750.000 5.594 
751.000 5.594 
752.000 5.594 
753.000 5.594 
754.000 5.594 
755.000 5.594 
756.000 5.594 
757.000 5.594 
758.000 5.594 
759.000 5.594 
760.000 5.594 
761.000 5.594 
762.000 5.594 
763.000 5.594 
764.000 5.594 
765.000 5.594 
766.000 5.594 
767.000 5.594 
768.000 5.594 
769.000 5.594 
770.000 5.594 
771.000 5.594 
772.000 5.594 
773.000 5.594 
774.000 5.594 
775.000 5.594 
776.000 5.594 
777.000 5.594 
778.000 5.594 
779.000 5.594 
780.000 5.594 
781.000 5.594 
782.000 5.594 
783.000 5.594 
784.000 5.594 
785.000 5.594 
786.000 5.594 
787.000 5.594 
788.000 5.594 
789.000 5.594 
790.000 5.594 
791.000 5.594 
792.000 5.594 
793.000 5.594 
794.000 5.594 
795.000 5.594 
796.000 5.594 
797.000 5.594 
798.000 5.594 
799.000 5.594 
800.000 5.594 
