1.000 0.000 
2.000 0.000 
3.000 0.000 
4.000 0.000 
5.000 0.000 
6.000 0.000 
7.000 0.000 
8.000 0.000 
9.000 0.000 
10.000 0.000 
11.000 0.000 
12.000 -0.013 
13.000 -0.030 
14.000 -0.038 
15.000 -0.040 
16.000 -0.041 
17.000 -0.039 
18.000 -0.035 
19.000 -0.032 
20.000 -0.029 
21.000 -0.028 
22.000 -0.028 
23.000 -0.028 
24.000 -0.029 
25.000 -0.031 
26.000 -0.031 
27.000 -0.032 
28.000 -0.032 
29.000 -0.032 
30.000 -0.032 
31.000 -0.032 
32.000 -0.032 
33.000 -0.032 
34.000 -0.032 
35.000 -0.032 
36.000 -0.032 
37.000 -0.032 
38.000 -0.032 
39.000 -0.032 
40.000 -0.032 
41.000 -0.032 
42.000 -0.033 
43.000 -0.033 
44.000 -0.033 
45.000 -0.033 
46.000 -0.033 
47.000 -0.033 
48.000 -0.033 
49.000 -0.033 
50.000 -0.033 
51.000 -0.033 
52.000 -0.033 
53.000 -0.033 
54.000 -0.033 
55.000 -0.034 
56.000 -0.034 
57.000 -0.034 
58.000 -0.034 
59.000 -0.034 
60.000 -0.034 
61.000 -0.034 
62.000 -0.034 
63.000 -0.034 
64.000 -0.034 
65.000 -0.034 
66.000 -0.034 
67.000 -0.034 
68.000 -0.035 
69.000 -0.035 
70.000 -0.035 
71.000 -0.035 
72.000 -0.035 
73.000 -0.035 
74.000 -0.035 
75.000 -0.035 
76.000 -0.035 
77.000 -0.035 
78.000 -0.035 
79.000 -0.035 
80.000 -0.035 
81.000 -0.036 
82.000 -0.036 
83.000 -0.036 
84.000 -0.036 
85.000 -0.036 
86.000 -0.036 
87.000 -0.036 
88.000 -0.036 
89.000 -0.036 
90.000 -0.036 
91.000 -0.036 
92.000 -0.036 
93.000 -0.036 
94.000 -0.037 
95.000 -0.037 
96.000 -0.037 
97.000 -0.037 
98.000 -0.037 
99.000 -0.037 
100.000 -0.037 
101.000 -0.037 
102.000 -0.037 
103.000 -0.037 
104.000 -0.037 
105.000 -0.037 
106.000 -0.037 
107.000 -0.038 
108.000 -0.038 
109.000 -0.038 
110.000 -0.038 
111.000 -0.038 
112.000 -0.038 
113.000 -0.038 
114.000 -0.038 
115.000 -0.038 
116.000 -0.038 
117.000 -0.038 
118.000 -0.038 
119.000 -0.038 
120.000 -0.038 
121.000 -0.039 
122.000 -0.039 
123.000 -0.039 
124.000 -0.039 
125.000 -0.039 
126.000 -0.034 
127.000 -0.028 
128.000 -0.025 
129.000 -0.024 
130.000 -0.024 
131.000 -0.025 
132.000 -0.026 
133.000 -0.028 
134.000 -0.029 
135.000 -0.029 
136.000 -0.030 
137.000 -0.029 
138.000 -0.029 
139.000 -0.029 
140.000 -0.028 
141.000 -0.028 
142.000 -0.028 
143.000 -0.028 
144.000 -0.028 
145.000 -0.029 
146.000 -0.029 
147.000 -0.029 
148.000 -0.029 
149.000 -0.029 
150.000 -0.029 
151.000 -0.029 
152.000 -0.029 
153.000 -0.029 
154.000 -0.029 
155.000 -0.029 
156.000 -0.029 
157.000 -0.029 
158.000 -0.029 
159.000 -0.029 
160.000 -0.029 
161.000 -0.029 
162.000 -0.029 
163.000 -0.029 
164.000 -0.029 
165.000 -0.030 
166.000 -0.030 
167.000 -0.030 
168.000 -0.030 
169.000 -0.030 
170.000 -0.030 
171.000 -0.030 
172.000 -0.030 
173.000 -0.030 
174.000 -0.030 
175.000 -0.030 
176.000 -0.030 
177.000 -0.030 
178.000 -0.030 
179.000 -0.030 
180.000 -0.030 
181.000 -0.030 
182.000 -0.030 
183.000 -0.030 
184.000 -0.030 
185.000 -0.030 
186.000 -0.030 
187.000 -0.030 
188.000 -0.030 
189.000 -0.030 
190.000 -0.030 
191.000 -0.031 
192.000 -0.031 
193.000 -0.031 
194.000 -0.031 
195.000 -0.031 
196.000 -0.031 
197.000 -0.031 
198.000 -0.031 
199.000 -0.031 
200.000 -0.031 
201.000 -0.031 
202.000 -0.031 
203.000 -0.031 
204.000 -0.031 
205.000 -0.031 
206.000 -0.031 
207.000 -0.031 
208.000 -0.031 
209.000 -0.031 
210.000 -0.031 
211.000 -0.031 
212.000 -0.031 
213.000 -0.031 
214.000 -0.031 
215.000 -0.031 
216.000 -0.031 
217.000 -0.032 
218.000 -0.032 
219.000 -0.032 
220.000 -0.032 
221.000 -0.032 
222.000 -0.032 
223.000 -0.032 
224.000 -0.032 
225.000 -0.032 
226.000 -0.032 
227.000 -0.032 
228.000 -0.032 
229.000 -0.032 
230.000 -0.032 
231.000 -0.032 
232.000 -0.032 
233.000 -0.032 
234.000 -0.032 
235.000 -0.032 
236.000 -0.032 
237.000 -0.032 
238.000 -0.032 
239.000 -0.032 
240.000 -0.032 
241.000 -0.032 
242.000 -0.032 
243.000 -0.032 
244.000 -0.033 
245.000 -0.033 
246.000 0.010 
247.000 0.034 
248.000 0.039 
249.000 0.045 
250.000 0.049 
251.000 0.047 
252.000 0.042 
253.000 0.038 
254.000 0.036 
255.000 0.035 
256.000 0.035 
257.000 0.037 
258.000 0.039 
259.000 0.040 
260.000 0.042 
261.000 0.043 
262.000 0.043 
263.000 0.043 
264.000 0.043 
265.000 0.043 
266.000 0.043 
267.000 0.043 
268.000 0.043 
269.000 0.044 
270.000 0.044 
271.000 0.045 
272.000 0.045 
273.000 0.045 
274.000 0.046 
275.000 0.046 
276.000 0.046 
277.000 0.047 
278.000 0.047 
279.000 0.047 
280.000 0.048 
281.000 0.048 
282.000 0.048 
283.000 0.049 
284.000 0.049 
285.000 0.050 
286.000 0.050 
287.000 0.050 
288.000 0.051 
289.000 0.051 
290.000 0.051 
291.000 0.052 
292.000 0.052 
293.000 0.053 
294.000 0.053 
295.000 0.053 
296.000 0.054 
297.000 0.054 
298.000 0.054 
299.000 0.055 
300.000 0.055 
301.000 0.056 
302.000 0.056 
303.000 0.056 
304.000 0.057 
305.000 0.057 
306.000 0.058 
307.000 0.058 
308.000 0.058 
309.000 0.059 
310.000 0.059 
311.000 0.060 
312.000 0.060 
313.000 0.060 
314.000 0.061 
315.000 0.061 
316.000 0.062 
317.000 0.062 
318.000 0.063 
319.000 0.063 
320.000 0.063 
321.000 0.064 
322.000 0.064 
323.000 0.065 
324.000 0.065 
325.000 0.066 
326.000 0.066 
327.000 0.066 
328.000 0.067 
329.000 0.067 
330.000 0.068 
331.000 0.068 
332.000 0.069 
333.000 0.069 
334.000 0.070 
335.000 0.070 
336.000 0.070 
337.000 0.071 
338.000 0.071 
339.000 0.072 
340.000 0.072 
341.000 0.073 
342.000 0.073 
343.000 0.074 
344.000 0.074 
345.000 0.075 
346.000 0.075 
347.000 0.076 
348.000 0.076 
349.000 0.077 
350.000 0.077 
351.000 0.078 
352.000 0.078 
353.000 0.079 
354.000 0.079 
355.000 0.080 
356.000 0.080 
357.000 0.081 
358.000 0.081 
359.000 0.082 
360.000 0.082 
361.000 0.083 
362.000 0.083 
363.000 0.084 
364.000 0.084 
365.000 0.085 
366.000 0.186 
367.000 0.292 
368.000 0.371 
369.000 0.428 
370.000 0.468 
371.000 0.474 
372.000 0.448 
373.000 0.406 
374.000 0.360 
375.000 0.318 
376.000 0.289 
377.000 0.278 
378.000 0.286 
379.000 0.308 
380.000 0.340 
381.000 0.375 
382.000 0.409 
383.000 0.437 
384.000 0.455 
385.000 0.462 
386.000 0.459 
387.000 0.449 
388.000 0.435 
389.000 0.421 
390.000 0.411 
391.000 0.406 
392.000 0.409 
393.000 0.420 
394.000 0.436 
395.000 0.455 
396.000 0.476 
397.000 0.495 
398.000 0.511 
399.000 0.522 
400.000 0.527 
401.000 0.528 
402.000 0.524 
403.000 0.519 
404.000 0.513 
405.000 0.509 
406.000 0.509 
407.000 0.513 
408.000 0.522 
409.000 0.535 
410.000 0.551 
411.000 0.569 
412.000 0.586 
413.000 0.601 
414.000 0.612 
415.000 0.620 
416.000 0.623 
417.000 0.621 
418.000 0.617 
419.000 0.612 
420.000 0.606 
421.000 0.603 
422.000 0.604 
423.000 0.609 
424.000 0.619 
425.000 0.634 
426.000 0.651 
427.000 0.671 
428.000 0.690 
429.000 0.707 
430.000 0.720 
431.000 0.728 
432.000 0.730 
433.000 0.726 
434.000 0.717 
435.000 0.705 
436.000 0.692 
437.000 0.680 
438.000 0.673 
439.000 0.672 
440.000 0.679 
441.000 0.694 
442.000 0.717 
443.000 0.745 
444.000 0.775 
445.000 0.806 
446.000 0.832 
447.000 0.851 
448.000 0.860 
449.000 0.857 
450.000 0.840 
451.000 0.812 
452.000 0.775 
453.000 0.733 
454.000 0.693 
455.000 0.662 
456.000 0.645 
457.000 0.648 
458.000 0.671 
459.000 0.714 
460.000 0.773 
461.000 0.843 
462.000 0.917 
463.000 0.987 
464.000 1.046 
465.000 1.086 
466.000 1.098 
467.000 1.075 
468.000 1.010 
469.000 0.901 
470.000 0.758 
471.000 0.600 
472.000 0.456 
473.000 0.347 
474.000 0.292 
475.000 0.300 
476.000 0.375 
477.000 0.505 
478.000 0.675 
479.000 0.866 
480.000 1.064 
481.000 1.255 
482.000 1.426 
483.000 1.570 
484.000 1.676 
485.000 1.727 
486.000 1.852 
487.000 2.033 
488.000 2.233 
489.000 2.442 
490.000 2.657 
491.000 2.870 
492.000 3.076 
493.000 3.266 
494.000 3.438 
495.000 3.587 
496.000 3.711 
497.000 3.809 
498.000 3.879 
499.000 3.924 
500.000 3.943 
501.000 3.940 
502.000 3.918 
503.000 3.880 
504.000 3.829 
505.000 3.771 
506.000 3.709 
507.000 3.646 
508.000 3.585 
509.000 3.530 
510.000 3.481 
511.000 3.442 
512.000 3.411 
513.000 3.391 
514.000 3.380 
515.000 3.378 
516.000 3.384 
517.000 3.397 
518.000 3.416 
519.000 3.438 
520.000 3.464 
521.000 3.491 
522.000 3.518 
523.000 3.545 
524.000 3.569 
525.000 3.591 
526.000 3.609 
527.000 3.623 
528.000 3.634 
529.000 3.641 
530.000 3.644 
531.000 3.644 
532.000 3.641 
533.000 3.635 
534.000 3.627 
535.000 3.618 
536.000 3.608 
537.000 3.598 
538.000 3.588 
539.000 3.579 
540.000 3.570 
541.000 3.563 
542.000 3.557 
543.000 3.553 
544.000 3.550 
545.000 3.548 
546.000 3.548 
547.000 3.549 
548.000 3.551 
549.000 3.554 
550.000 3.558 
551.000 3.562 
552.000 3.566 
553.000 3.570 
554.000 3.573 
555.000 3.577 
556.000 3.580 
557.000 3.582 
558.000 3.584 
559.000 3.586 
560.000 3.586 
561.000 3.587 
562.000 3.586 
563.000 3.586 
564.000 3.585 
565.000 3.583 
566.000 3.582 
567.000 3.580 
568.000 3.579 
569.000 3.577 
570.000 3.576 
571.000 3.575 
572.000 3.574 
573.000 3.573 
574.000 3.572 
575.000 3.572 
576.000 3.572 
577.000 3.572 
578.000 3.572 
579.000 3.572 
580.000 3.573 
581.000 3.573 
582.000 3.574 
583.000 3.575 
584.000 3.575 
585.000 3.576 
586.000 3.576 
587.000 3.577 
588.000 3.577 
589.000 3.577 
590.000 3.578 
591.000 3.578 
592.000 3.578 
593.000 3.578 
594.000 3.577 
595.000 3.577 
596.000 3.577 
597.000 3.577 
598.000 3.577 
599.000 3.576 
600.000 3.576 
601.000 3.576 
602.000 3.576 
603.000 3.576 
604.000 3.575 
605.000 3.575 
606.000 3.631 
607.000 3.743 
608.000 3.890 
609.000 4.058 
610.000 4.234 
611.000 4.409 
612.000 4.577 
613.000 4.734 
614.000 4.877 
615.000 5.005 
616.000 5.117 
617.000 5.214 
618.000 5.297 
619.000 5.367 
620.000 5.425 
621.000 5.472 
622.000 5.510 
623.000 5.540 
624.000 5.563 
625.000 5.581 
626.000 5.594 
627.000 5.603 
628.000 5.609 
629.000 5.613 
630.000 5.615 
631.000 5.616 
632.000 5.615 
633.000 5.614 
634.000 5.613 
635.000 5.611 
636.000 5.609 
637.000 5.607 
638.000 5.606 
639.000 5.604 
640.000 5.602 
641.000 5.601 
642.000 5.600 
643.000 5.599 
644.000 5.598 
645.000 5.597 
646.000 5.596 
647.000 5.596 
648.000 5.595 
649.000 5.595 
650.000 5.595 
651.000 5.594 
652.000 5.594 
653.000 5.594 
654.000 5.594 
655.000 5.594 
656.000 5.594 
657.000 5.594 
658.000 5.594 
659.000 5.594 
660.000 5.594 
661.000 5.594 
662.000 5.594 
663.000 5.594 
664.000 5.594 
665.000 5.594 
666.000 5.594 
667.000 5.594 
668.000 5.594 
669.000 5.594 
670.000 5.594 
671.000 5.594 
672.000 5.594 
673.000 5.594 
674.000 5.594 
675.000 5.594 
676.000 5.594 
677.000 5.594 
678.000 5.594 
679.000 5.594 
680.000 5.594 
681.000 5.594 
682.000 5.594 
683.000 5.594 
684.000 5.594 
685.000 5.594 
686.000 5.594 
687.000 5.594 
688.000 5.594 
689.000 5.594 
690.000 5.594 
691.000 5.594 
692.000 5.594 
693.000 5.594 
694.000 5.594 
695.000 5.594 
696.000 5.594 
697.000 5.594 
698.000 5.594 
699.000 5.594 
700.000 5.594 
701.000 5.594 
702.000 5.594 
703.000 5.594 
704.000 5.594 
705.000 5.594 
706.000 5.594 
707.000 5.594 
708.000 5.594 
709.000 5.594 
710.000 5.594 
711.000 5.594 
712.000 5.594 
713.000 5.594 
714.000 5.594 
715.000 5.594 
716.000 5.594 
717.000 5.594 
718.000 5.594 
719.000 5.594 
720.000 5.594 
721.000 5.594 
722.000 5.594 
723.000 5.594 
724.000 5.594 
725.000 5.594 
726.000 5.594 
727.000 5.594 
728.000 5.594 
729.000 5.594 
730.000 5.594 
731.000 5.594 
732.000 5.594 
733.000 5.594 
734.000 5.594 
735.000 5.594 
736.000 5.594 
737.000 5.594 
738.000 5.594 
739.000 5.594 
740.000 5.594 
741.000 5.594 
742.000 5.594 
743.000 5.594 
744.000 5.594 
745.000 5.594 
746.000 5.594 
747.000 5.594 
748.000 5.594 
749.000 5.594 
750.000 5.594 
751.000 5.594 
752.000 5.594 
753.000 5.594 
754.000 5.594 
755.000 5.594 
756.000 5.594 
757.000 5.594 
758.000 5.594 
759.000 5.594 
760.000 5.594 
761.000 5.594 
762.000 5.594 
763.000 5.594 
764.000 5.594 
765.000 5.594 
766.000 5.594 
767.000 5.594 
768.000 5.594 
769.000 5.594 
770.000 5.594 
771.000 5.594 
772.000 5.594 
773.000 5.594 
774.000 5.594 
775.000 5.594 
776.000 5.594 
777.000 5.594 
778.000 5.594 
779.000 5.594 
780.000 5.594 
781.000 5.594 
782.000 5.594 
783.000 5.594 
784.000 5.594 
785.000 5.594 
786.000 5.594 
787.000 5.594 
788.000 5.594 
789.000 5.594 
790.000 5.594 
791.000 5.594 
792.000 5.594 
793.000 5.594 
794.000 5.594 
795.000 5.594 
796.000 5.594 
797.000 5.594 
798.000 5.594 
799.000 5.594 
800.000 5.594 
