1.000 0.000 
2.000 0.000 
3.000 0.000 
4.000 0.000 
5.000 0.000 
6.000 0.000 
7.000 0.000 
8.000 0.000 
9.000 0.000 
10.000 0.000 
11.000 0.000 
12.000 -0.036 
13.000 -0.079 
14.000 -0.098 
15.000 -0.107 
16.000 -0.112 
17.000 -0.116 
18.000 -0.110 
19.000 -0.094 
20.000 -0.079 
21.000 -0.067 
22.000 -0.059 
23.000 -0.054 
24.000 -0.057 
25.000 -0.065 
26.000 -0.075 
27.000 -0.083 
28.000 -0.089 
29.000 -0.094 
30.000 -0.095 
31.000 -0.094 
32.000 -0.090 
33.000 -0.086 
34.000 -0.082 
35.000 -0.078 
36.000 -0.076 
37.000 -0.076 
38.000 -0.077 
39.000 -0.080 
40.000 -0.082 
41.000 -0.085 
42.000 -0.087 
43.000 -0.088 
44.000 -0.088 
45.000 -0.087 
46.000 -0.086 
47.000 -0.085 
48.000 -0.084 
49.000 -0.083 
50.000 -0.083 
51.000 -0.083 
52.000 -0.084 
53.000 -0.084 
54.000 -0.085 
55.000 -0.086 
56.000 -0.086 
57.000 -0.087 
58.000 -0.087 
59.000 -0.086 
60.000 -0.086 
61.000 -0.086 
62.000 -0.086 
63.000 -0.086 
64.000 -0.086 
65.000 -0.086 
66.000 -0.086 
67.000 -0.087 
68.000 -0.087 
69.000 -0.087 
70.000 -0.087 
71.000 -0.087 
72.000 -0.087 
73.000 -0.087 
74.000 -0.087 
75.000 -0.087 
76.000 -0.087 
77.000 -0.088 
78.000 -0.088 
79.000 -0.088 
80.000 -0.088 
81.000 -0.088 
82.000 -0.088 
83.000 -0.088 
84.000 -0.088 
85.000 -0.089 
86.000 -0.089 
87.000 -0.089 
88.000 -0.089 
89.000 -0.089 
90.000 -0.089 
91.000 -0.089 
92.000 -0.089 
93.000 -0.089 
94.000 -0.089 
95.000 -0.089 
96.000 -0.090 
97.000 -0.090 
98.000 -0.090 
99.000 -0.090 
100.000 -0.090 
101.000 -0.090 
102.000 -0.090 
103.000 -0.090 
104.000 -0.090 
105.000 -0.090 
106.000 -0.090 
107.000 -0.091 
108.000 -0.091 
109.000 -0.091 
110.000 -0.091 
111.000 -0.091 
112.000 -0.091 
113.000 -0.091 
114.000 -0.091 
115.000 -0.091 
116.000 -0.091 
117.000 -0.091 
118.000 -0.092 
119.000 -0.092 
120.000 -0.092 
121.000 -0.092 
122.000 -0.092 
123.000 -0.092 
124.000 -0.092 
125.000 -0.092 
126.000 -0.086 
127.000 -0.065 
128.000 -0.051 
129.000 -0.043 
130.000 -0.039 
131.000 -0.039 
132.000 -0.046 
133.000 -0.057 
134.000 -0.069 
135.000 -0.077 
136.000 -0.083 
137.000 -0.085 
138.000 -0.084 
139.000 -0.079 
140.000 -0.072 
141.000 -0.064 
142.000 -0.057 
143.000 -0.053 
144.000 -0.052 
145.000 -0.054 
146.000 -0.059 
147.000 -0.065 
148.000 -0.071 
149.000 -0.075 
150.000 -0.078 
151.000 -0.078 
152.000 -0.076 
153.000 -0.072 
154.000 -0.068 
155.000 -0.064 
156.000 -0.061 
157.000 -0.059 
158.000 -0.060 
159.000 -0.062 
160.000 -0.065 
161.000 -0.069 
162.000 -0.071 
163.000 -0.073 
164.000 -0.074 
165.000 -0.073 
166.000 -0.072 
167.000 -0.069 
168.000 -0.067 
169.000 -0.065 
170.000 -0.064 
171.000 -0.064 
172.000 -0.065 
173.000 -0.066 
174.000 -0.068 
175.000 -0.070 
176.000 -0.071 
177.000 -0.072 
178.000 -0.072 
179.000 -0.071 
180.000 -0.070 
181.000 -0.069 
182.000 -0.067 
183.000 -0.067 
184.000 -0.066 
185.000 -0.066 
186.000 -0.067 
187.000 -0.068 
188.000 -0.069 
189.000 -0.070 
190.000 -0.070 
191.000 -0.071 
192.000 -0.070 
193.000 -0.070 
194.000 -0.069 
195.000 -0.069 
196.000 -0.068 
197.000 -0.068 
198.000 -0.068 
199.000 -0.068 
200.000 -0.068 
201.000 -0.069 
202.000 -0.070 
203.000 -0.070 
204.000 -0.070 
205.000 -0.070 
206.000 -0.070 
207.000 -0.070 
208.000 -0.069 
209.000 -0.069 
210.000 -0.069 
211.000 -0.069 
212.000 -0.069 
213.000 -0.069 
214.000 -0.069 
215.000 -0.070 
216.000 -0.070 
217.000 -0.070 
218.000 -0.070 
219.000 -0.070 
220.000 -0.070 
221.000 -0.070 
222.000 -0.070 
223.000 -0.069 
224.000 -0.069 
225.000 -0.069 
226.000 -0.069 
227.000 -0.070 
228.000 -0.070 
229.000 -0.070 
230.000 -0.070 
231.000 -0.070 
232.000 -0.070 
233.000 -0.070 
234.000 -0.070 
235.000 -0.070 
236.000 -0.070 
237.000 -0.070 
238.000 -0.070 
239.000 -0.070 
240.000 -0.070 
241.000 -0.070 
242.000 -0.070 
243.000 -0.070 
244.000 -0.070 
245.000 -0.070 
246.000 0.027 
247.000 0.138 
248.000 0.302 
249.000 0.386 
250.000 0.520 
251.000 0.506 
252.000 0.398 
253.000 0.224 
254.000 0.082 
255.000 -0.016 
256.000 -0.079 
257.000 -0.121 
258.000 -0.111 
259.000 -0.027 
260.000 0.118 
261.000 0.233 
262.000 0.399 
263.000 0.471 
264.000 0.542 
265.000 0.464 
266.000 0.298 
267.000 0.134 
268.000 0.013 
269.000 -0.064 
270.000 -0.109 
271.000 -0.137 
272.000 -0.072 
273.000 0.043 
274.000 0.204 
275.000 0.319 
276.000 0.479 
277.000 0.511 
278.000 0.504 
279.000 0.366 
280.000 0.198 
281.000 0.061 
282.000 -0.033 
283.000 -0.088 
284.000 -0.138 
285.000 -0.105 
286.000 -0.012 
287.000 0.147 
288.000 0.272 
289.000 0.445 
290.000 0.511 
291.000 0.570 
292.000 0.473 
293.000 0.289 
294.000 0.123 
295.000 0.003 
296.000 -0.071 
297.000 -0.115 
298.000 -0.133 
299.000 -0.058 
300.000 0.070 
301.000 0.227 
302.000 0.376 
303.000 0.525 
304.000 0.585 
305.000 0.552 
306.000 0.380 
307.000 0.194 
308.000 0.052 
309.000 -0.041 
310.000 -0.096 
311.000 -0.153 
312.000 -0.111 
313.000 -0.011 
314.000 0.154 
315.000 0.287 
316.000 0.463 
317.000 0.530 
318.000 0.589 
319.000 0.488 
320.000 0.297 
321.000 0.126 
322.000 0.005 
323.000 -0.071 
324.000 -0.115 
325.000 -0.132 
326.000 -0.055 
327.000 0.076 
328.000 0.232 
329.000 0.388 
330.000 0.532 
331.000 0.609 
332.000 0.576 
333.000 0.397 
334.000 0.203 
335.000 0.057 
336.000 -0.038 
337.000 -0.095 
338.000 -0.155 
339.000 -0.114 
340.000 -0.011 
341.000 0.156 
342.000 0.291 
343.000 0.469 
344.000 0.539 
345.000 0.603 
346.000 0.503 
347.000 0.308 
348.000 0.134 
349.000 0.009 
350.000 -0.068 
351.000 -0.113 
352.000 -0.132 
353.000 -0.056 
354.000 0.075 
355.000 0.234 
356.000 0.388 
357.000 0.537 
358.000 0.611 
359.000 0.586 
360.000 0.411 
361.000 0.215 
362.000 0.065 
363.000 -0.034 
364.000 -0.092 
365.000 -0.154 
366.000 -0.079 
367.000 0.106 
368.000 0.324 
369.000 0.532 
370.000 0.743 
371.000 0.871 
372.000 0.986 
373.000 0.940 
374.000 0.916 
375.000 0.731 
376.000 0.490 
377.000 0.273 
378.000 0.107 
379.000 0.030 
380.000 0.078 
381.000 0.218 
382.000 0.405 
383.000 0.602 
384.000 0.792 
385.000 0.922 
386.000 1.023 
387.000 1.023 
388.000 0.980 
389.000 0.784 
390.000 0.516 
391.000 0.285 
392.000 0.118 
393.000 0.018 
394.000 0.053 
395.000 0.200 
396.000 0.394 
397.000 0.601 
398.000 0.806 
399.000 0.951 
400.000 1.059 
401.000 1.072 
402.000 1.036 
403.000 0.833 
404.000 0.542 
405.000 0.296 
406.000 0.124 
407.000 0.016 
408.000 0.043 
409.000 0.197 
410.000 0.400 
411.000 0.618 
412.000 0.832 
413.000 0.991 
414.000 1.101 
415.000 1.128 
416.000 1.082 
417.000 0.858 
418.000 0.544 
419.000 0.290 
420.000 0.119 
421.000 0.007 
422.000 0.027 
423.000 0.185 
424.000 0.393 
425.000 0.621 
426.000 0.845 
427.000 1.018 
428.000 1.133 
429.000 1.173 
430.000 1.126 
431.000 0.895 
432.000 0.563 
433.000 0.298 
434.000 0.123 
435.000 0.008 
436.000 0.018 
437.000 0.174 
438.000 0.387 
439.000 0.623 
440.000 0.857 
441.000 1.044 
442.000 1.163 
443.000 1.215 
444.000 1.168 
445.000 0.929 
446.000 0.581 
447.000 0.306 
448.000 0.126 
449.000 0.008 
450.000 0.010 
451.000 0.166 
452.000 0.383 
453.000 0.627 
454.000 0.872 
455.000 1.073 
456.000 1.199 
457.000 1.258 
458.000 1.210 
459.000 0.959 
460.000 0.594 
461.000 0.310 
462.000 0.125 
463.000 0.006 
464.000 0.001 
465.000 0.157 
466.000 0.382 
467.000 0.639 
468.000 0.898 
469.000 1.118 
470.000 1.249 
471.000 1.317 
472.000 1.254 
473.000 0.968 
474.000 0.585 
475.000 0.297 
476.000 0.112 
477.000 -0.006 
478.000 -0.014 
479.000 0.146 
480.000 0.382 
481.000 0.654 
482.000 0.930 
483.000 1.168 
484.000 1.304 
485.000 1.377 
486.000 1.534 
487.000 1.783 
488.000 2.075 
489.000 2.395 
490.000 2.737 
491.000 3.056 
492.000 3.281 
493.000 3.362 
494.000 3.266 
495.000 3.057 
496.000 2.754 
497.000 2.455 
498.000 2.173 
499.000 1.976 
500.000 1.881 
501.000 1.910 
502.000 2.059 
503.000 2.296 
504.000 2.586 
505.000 2.903 
506.000 3.216 
507.000 3.463 
508.000 3.580 
509.000 3.514 
510.000 3.310 
511.000 3.001 
512.000 2.649 
513.000 2.319 
514.000 2.072 
515.000 1.930 
516.000 1.920 
517.000 2.040 
518.000 2.257 
519.000 2.535 
520.000 2.845 
521.000 3.166 
522.000 3.458 
523.000 3.655 
524.000 3.700 
525.000 3.557 
526.000 3.306 
527.000 2.956 
528.000 2.566 
529.000 2.245 
530.000 2.028 
531.000 1.937 
532.000 1.990 
533.000 2.162 
534.000 2.410 
535.000 2.705 
536.000 3.020 
537.000 3.339 
538.000 3.616 
539.000 3.788 
540.000 3.804 
541.000 3.638 
542.000 3.367 
543.000 2.982 
544.000 2.555 
545.000 2.217 
546.000 2.001 
547.000 1.928 
548.000 2.001 
549.000 2.185 
550.000 2.442 
551.000 2.741 
552.000 3.059 
553.000 3.377 
554.000 3.665 
555.000 3.864 
556.000 3.919 
557.000 3.798 
558.000 3.548 
559.000 3.177 
560.000 2.720 
561.000 2.314 
562.000 2.042 
563.000 1.927 
564.000 1.967 
565.000 2.130 
566.000 2.374 
567.000 2.666 
568.000 2.982 
569.000 3.302 
570.000 3.614 
571.000 3.870 
572.000 4.012 
573.000 3.999 
574.000 3.808 
575.000 3.511 
576.000 3.077 
577.000 2.568 
578.000 2.165 
579.000 1.925 
580.000 1.862 
581.000 1.953 
582.000 2.152 
583.000 2.421 
584.000 2.729 
585.000 3.053 
586.000 3.377 
587.000 3.689 
588.000 3.948 
589.000 4.100 
590.000 4.101 
591.000 3.932 
592.000 3.638 
593.000 3.196 
594.000 2.642 
595.000 2.171 
596.000 1.880 
597.000 1.788 
598.000 1.861 
599.000 2.052 
600.000 2.318 
601.000 2.628 
602.000 2.958 
603.000 3.289 
604.000 3.609 
605.000 3.905 
606.000 4.175 
607.000 4.420 
608.000 4.636 
609.000 4.825 
610.000 4.988 
611.000 5.125 
612.000 5.240 
613.000 5.334 
614.000 5.401 
615.000 5.432 
616.000 5.426 
617.000 5.387 
618.000 5.319 
619.000 5.233 
620.000 5.147 
621.000 5.078 
622.000 5.040 
623.000 5.034 
624.000 5.050 
625.000 5.081 
626.000 5.123 
627.000 5.170 
628.000 5.219 
629.000 5.267 
630.000 5.314 
631.000 5.357 
632.000 5.397 
633.000 5.431 
634.000 5.457 
635.000 5.469 
636.000 5.467 
637.000 5.450 
638.000 5.420 
639.000 5.382 
640.000 5.342 
641.000 5.308 
642.000 5.288 
643.000 5.283 
644.000 5.292 
645.000 5.309 
646.000 5.332 
647.000 5.357 
648.000 5.385 
649.000 5.411 
650.000 5.437 
651.000 5.461 
652.000 5.482 
653.000 5.495 
654.000 5.499 
655.000 5.494 
656.000 5.479 
657.000 5.457 
658.000 5.430 
659.000 5.404 
660.000 5.384 
661.000 5.374 
662.000 5.375 
663.000 5.384 
664.000 5.398 
665.000 5.415 
666.000 5.434 
667.000 5.453 
668.000 5.472 
669.000 5.490 
670.000 5.506 
671.000 5.517 
672.000 5.523 
673.000 5.521 
674.000 5.512 
675.000 5.497 
676.000 5.478 
677.000 5.458 
678.000 5.441 
679.000 5.431 
680.000 5.429 
681.000 5.434 
682.000 5.443 
683.000 5.456 
684.000 5.469 
685.000 5.484 
686.000 5.498 
687.000 5.512 
688.000 5.525 
689.000 5.535 
690.000 5.540 
691.000 5.540 
692.000 5.535 
693.000 5.525 
694.000 5.511 
695.000 5.496 
696.000 5.482 
697.000 5.473 
698.000 5.470 
699.000 5.472 
700.000 5.478 
701.000 5.487 
702.000 5.497 
703.000 5.508 
704.000 5.519 
705.000 5.529 
706.000 5.539 
707.000 5.547 
708.000 5.552 
709.000 5.554 
710.000 5.551 
711.000 5.544 
712.000 5.534 
713.000 5.523 
714.000 5.512 
715.000 5.504 
716.000 5.501 
717.000 5.502 
718.000 5.506 
719.000 5.512 
720.000 5.519 
721.000 5.527 
722.000 5.536 
723.000 5.544 
724.000 5.551 
725.000 5.557 
726.000 5.562 
727.000 5.564 
728.000 5.562 
729.000 5.558 
730.000 5.551 
731.000 5.543 
732.000 5.534 
733.000 5.528 
734.000 5.524 
735.000 5.524 
736.000 5.527 
737.000 5.531 
738.000 5.536 
739.000 5.542 
740.000 5.548 
741.000 5.554 
742.000 5.560 
743.000 5.565 
744.000 5.569 
745.000 5.571 
746.000 5.571 
747.000 5.568 
748.000 5.563 
749.000 5.557 
750.000 5.551 
751.000 5.545 
752.000 5.542 
753.000 5.541 
754.000 5.542 
755.000 5.545 
756.000 5.549 
757.000 5.554 
758.000 5.558 
759.000 5.563 
760.000 5.567 
761.000 5.571 
762.000 5.575 
763.000 5.577 
764.000 5.577 
765.000 5.575 
766.000 5.572 
767.000 5.568 
768.000 5.563 
769.000 5.558 
770.000 5.555 
771.000 5.554 
772.000 5.555 
773.000 5.557 
774.000 5.560 
775.000 5.563 
776.000 5.566 
777.000 5.570 
778.000 5.573 
779.000 5.576 
780.000 5.579 
781.000 5.581 
782.000 5.581 
783.000 5.580 
784.000 5.578 
785.000 5.575 
786.000 5.571 
787.000 5.568 
788.000 5.565 
789.000 5.564 
790.000 5.564 
791.000 5.565 
792.000 5.567 
793.000 5.570 
794.000 5.572 
795.000 5.575 
796.000 5.578 
797.000 5.580 
798.000 5.582 
799.000 5.584 
800.000 5.584 
