1.000 0.000 
2.000 0.000 
3.000 0.000 
4.000 0.000 
5.000 0.000 
6.000 0.000 
7.000 0.000 
8.000 0.000 
9.000 0.000 
10.000 0.000 
11.000 0.000 
12.000 -0.043 
13.000 -0.091 
14.000 -0.118 
15.000 -0.134 
16.000 -0.144 
17.000 -0.162 
18.000 -0.099 
19.000 -0.004 
20.000 0.079 
21.000 0.136 
22.000 0.209 
23.000 0.147 
24.000 0.039 
25.000 -0.047 
26.000 -0.102 
27.000 -0.135 
28.000 -0.166 
29.000 -0.090 
30.000 0.015 
31.000 0.197 
32.000 0.290 
33.000 0.424 
34.000 0.401 
35.000 0.216 
36.000 0.063 
37.000 -0.036 
38.000 -0.095 
39.000 -0.131 
40.000 -0.140 
41.000 -0.062 
42.000 0.103 
43.000 0.198 
44.000 0.315 
45.000 0.323 
46.000 0.169 
47.000 0.034 
48.000 -0.053 
49.000 -0.105 
50.000 -0.137 
51.000 -0.143 
52.000 -0.066 
53.000 0.096 
54.000 0.184 
55.000 0.276 
56.000 0.271 
57.000 0.133 
58.000 0.012 
59.000 -0.066 
60.000 -0.113 
61.000 -0.142 
62.000 -0.146 
63.000 -0.069 
64.000 0.090 
65.000 0.171 
66.000 0.242 
67.000 0.223 
68.000 0.099 
69.000 -0.009 
70.000 -0.079 
71.000 -0.121 
72.000 -0.147 
73.000 -0.148 
74.000 -0.072 
75.000 0.081 
76.000 0.155 
77.000 0.205 
78.000 0.173 
79.000 0.064 
80.000 -0.031 
81.000 -0.092 
82.000 -0.129 
83.000 -0.151 
84.000 -0.150 
85.000 -0.075 
86.000 0.055 
87.000 0.115 
88.000 0.145 
89.000 0.108 
90.000 0.019 
91.000 -0.058 
92.000 -0.108 
93.000 -0.139 
94.000 -0.155 
95.000 -0.156 
96.000 -0.091 
97.000 0.008 
98.000 0.056 
99.000 0.065 
100.000 0.036 
101.000 -0.027 
102.000 -0.087 
103.000 -0.126 
104.000 -0.149 
105.000 -0.159 
106.000 -0.170 
107.000 -0.113 
108.000 -0.029 
109.000 0.030 
110.000 0.038 
111.000 0.032 
112.000 -0.022 
113.000 -0.082 
114.000 -0.122 
115.000 -0.147 
116.000 -0.162 
117.000 -0.206 
118.000 -0.160 
119.000 -0.086 
120.000 -0.019 
121.000 0.019 
122.000 0.145 
123.000 0.169 
124.000 0.065 
125.000 -0.029 
126.000 -0.089 
127.000 -0.116 
128.000 -0.142 
129.000 -0.144 
130.000 -0.072 
131.000 0.073 
132.000 0.135 
133.000 0.200 
134.000 0.187 
135.000 0.076 
136.000 -0.023 
137.000 -0.087 
138.000 -0.126 
139.000 -0.150 
140.000 -0.149 
141.000 -0.077 
142.000 0.073 
143.000 0.138 
144.000 0.200 
145.000 0.182 
146.000 0.072 
147.000 -0.026 
148.000 -0.089 
149.000 -0.127 
150.000 -0.150 
151.000 -0.150 
152.000 -0.078 
153.000 0.070 
154.000 0.132 
155.000 0.188 
156.000 0.167 
157.000 0.061 
158.000 -0.032 
159.000 -0.093 
160.000 -0.129 
161.000 -0.152 
162.000 -0.150 
163.000 -0.079 
164.000 0.060 
165.000 0.117 
166.000 0.165 
167.000 0.142 
168.000 0.045 
169.000 -0.042 
170.000 -0.099 
171.000 -0.133 
172.000 -0.154 
173.000 -0.152 
174.000 -0.080 
175.000 0.048 
176.000 0.100 
177.000 0.139 
178.000 0.115 
179.000 0.027 
180.000 -0.054 
181.000 -0.106 
182.000 -0.137 
183.000 -0.156 
184.000 -0.162 
185.000 -0.095 
186.000 0.021 
187.000 0.070 
188.000 0.104 
189.000 0.103 
190.000 0.022 
191.000 -0.056 
192.000 -0.107 
193.000 -0.138 
194.000 -0.157 
195.000 -0.180 
196.000 -0.122 
197.000 -0.015 
198.000 0.039 
199.000 0.076 
200.000 0.124 
201.000 0.057 
202.000 -0.027 
203.000 -0.088 
204.000 -0.127 
205.000 -0.150 
206.000 -0.200 
207.000 -0.140 
208.000 -0.074 
209.000 0.013 
210.000 0.052 
211.000 0.172 
212.000 0.177 
213.000 0.069 
214.000 -0.028 
215.000 -0.090 
216.000 -0.128 
217.000 -0.151 
218.000 -0.150 
219.000 -0.082 
220.000 0.046 
221.000 0.094 
222.000 0.125 
223.000 0.099 
224.000 0.015 
225.000 -0.061 
226.000 -0.110 
227.000 -0.140 
228.000 -0.158 
229.000 -0.171 
230.000 -0.110 
231.000 -0.011 
232.000 0.033 
233.000 0.056 
234.000 0.073 
235.000 0.010 
236.000 -0.061 
237.000 -0.110 
238.000 -0.140 
239.000 -0.158 
240.000 -0.204 
241.000 -0.156 
242.000 -0.064 
243.000 0.016 
244.000 0.073 
245.000 0.199 
246.000 0.309 
247.000 0.191 
248.000 0.058 
249.000 -0.035 
250.000 -0.092 
251.000 -0.129 
252.000 -0.139 
253.000 -0.061 
254.000 0.102 
255.000 0.200 
256.000 0.370 
257.000 0.415 
258.000 0.260 
259.000 0.103 
260.000 -0.010 
261.000 -0.079 
262.000 -0.122 
263.000 -0.136 
264.000 -0.058 
265.000 0.106 
266.000 0.212 
267.000 0.388 
268.000 0.441 
269.000 0.283 
270.000 0.118 
271.000 -0.000 
272.000 -0.074 
273.000 -0.118 
274.000 -0.134 
275.000 -0.056 
276.000 0.111 
277.000 0.223 
278.000 0.400 
279.000 0.458 
280.000 0.298 
281.000 0.128 
282.000 0.006 
283.000 -0.070 
284.000 -0.116 
285.000 -0.133 
286.000 -0.054 
287.000 0.112 
288.000 0.228 
289.000 0.406 
290.000 0.469 
291.000 0.308 
292.000 0.135 
293.000 0.011 
294.000 -0.067 
295.000 -0.114 
296.000 -0.132 
297.000 -0.051 
298.000 0.114 
299.000 0.233 
300.000 0.411 
301.000 0.479 
302.000 0.318 
303.000 0.142 
304.000 0.015 
305.000 -0.065 
306.000 -0.113 
307.000 -0.131 
308.000 -0.049 
309.000 0.116 
310.000 0.238 
311.000 0.417 
312.000 0.490 
313.000 0.328 
314.000 0.149 
315.000 0.019 
316.000 -0.062 
317.000 -0.111 
318.000 -0.131 
319.000 -0.047 
320.000 0.117 
321.000 0.243 
322.000 0.422 
323.000 0.500 
324.000 0.338 
325.000 0.156 
326.000 0.023 
327.000 -0.060 
328.000 -0.110 
329.000 -0.130 
330.000 -0.045 
331.000 0.119 
332.000 0.248 
333.000 0.428 
334.000 0.510 
335.000 0.349 
336.000 0.163 
337.000 0.027 
338.000 -0.057 
339.000 -0.108 
340.000 -0.129 
341.000 -0.043 
342.000 0.121 
343.000 0.253 
344.000 0.433 
345.000 0.520 
346.000 0.359 
347.000 0.170 
348.000 0.032 
349.000 -0.055 
350.000 -0.107 
351.000 -0.128 
352.000 -0.041 
353.000 0.123 
354.000 0.258 
355.000 0.438 
356.000 0.530 
357.000 0.369 
358.000 0.176 
359.000 0.036 
360.000 -0.052 
361.000 -0.105 
362.000 -0.128 
363.000 -0.039 
364.000 0.125 
365.000 0.262 
366.000 0.474 
367.000 0.710 
368.000 0.902 
369.000 0.962 
370.000 0.909 
371.000 0.581 
372.000 0.297 
373.000 0.107 
374.000 -0.010 
375.000 -0.081 
376.000 0.010 
377.000 0.180 
378.000 0.397 
379.000 0.628 
380.000 0.853 
381.000 1.018 
382.000 1.026 
383.000 0.671 
384.000 0.354 
385.000 0.141 
386.000 0.011 
387.000 -0.064 
388.000 -0.080 
389.000 0.067 
390.000 0.280 
391.000 0.528 
392.000 0.782 
393.000 1.021 
394.000 1.175 
395.000 0.941 
396.000 0.552 
397.000 0.265 
398.000 0.086 
399.000 -0.022 
400.000 -0.087 
401.000 0.031 
402.000 0.237 
403.000 0.498 
404.000 0.783 
405.000 1.072 
406.000 1.292 
407.000 1.249 
408.000 0.798 
409.000 0.426 
410.000 0.184 
411.000 0.037 
412.000 -0.050 
413.000 -0.051 
414.000 0.121 
415.000 0.377 
416.000 0.681 
417.000 1.002 
418.000 1.306 
419.000 1.506 
420.000 1.302 
421.000 0.794 
422.000 0.414 
423.000 0.176 
424.000 0.031 
425.000 -0.061 
426.000 0.047 
427.000 0.267 
428.000 0.562 
429.000 0.896 
430.000 1.244 
431.000 1.531 
432.000 1.644 
433.000 1.202 
434.000 0.702 
435.000 0.354 
436.000 0.139 
437.000 0.009 
438.000 -0.072 
439.000 0.053 
440.000 0.296 
441.000 0.614 
442.000 0.972 
443.000 1.343 
444.000 1.648 
445.000 1.786 
446.000 1.357 
447.000 0.807 
448.000 0.419 
449.000 0.178 
450.000 0.033 
451.000 -0.060 
452.000 0.057 
453.000 0.301 
454.000 0.628 
455.000 0.998 
456.000 1.385 
457.000 1.710 
458.000 1.869 
459.000 1.459 
460.000 0.877 
461.000 0.462 
462.000 0.204 
463.000 0.048 
464.000 -0.053 
465.000 0.061 
466.000 0.306 
467.000 0.638 
468.000 1.018 
469.000 1.417 
470.000 1.757 
471.000 1.932 
472.000 1.541 
473.000 0.933 
474.000 0.497 
475.000 0.225 
476.000 0.061 
477.000 -0.046 
478.000 0.063 
479.000 0.309 
480.000 0.646 
481.000 1.033 
482.000 1.442 
483.000 1.794 
484.000 1.980 
485.000 1.608 
486.000 1.383 
487.000 1.380 
488.000 1.534 
489.000 1.794 
490.000 2.119 
491.000 2.478 
492.000 2.848 
493.000 3.212 
494.000 3.558 
495.000 3.878 
496.000 4.116 
497.000 4.198 
498.000 4.062 
499.000 3.389 
500.000 2.150 
501.000 1.245 
502.000 0.676 
503.000 0.259 
504.000 0.161 
505.000 0.294 
506.000 0.584 
507.000 0.976 
508.000 1.424 
509.000 1.897 
510.000 2.368 
511.000 2.822 
512.000 3.246 
513.000 3.634 
514.000 3.981 
515.000 4.286 
516.000 4.519 
517.000 4.614 
518.000 4.515 
519.000 4.124 
520.000 2.939 
521.000 1.781 
522.000 1.006 
523.000 0.529 
524.000 0.211 
525.000 0.185 
526.000 0.368 
527.000 0.691 
528.000 1.101 
529.000 1.559 
530.000 2.032 
531.000 2.500 
532.000 2.946 
533.000 3.360 
534.000 3.736 
535.000 4.071 
536.000 4.365 
537.000 4.619 
538.000 4.819 
539.000 4.915 
540.000 4.860 
541.000 4.633 
542.000 4.136 
543.000 2.925 
544.000 1.769 
545.000 0.998 
546.000 0.427 
547.000 0.213 
548.000 0.262 
549.000 0.494 
550.000 0.848 
551.000 1.274 
552.000 1.736 
553.000 2.207 
554.000 2.666 
555.000 3.099 
556.000 3.499 
557.000 3.860 
558.000 4.179 
559.000 4.458 
560.000 4.698 
561.000 4.901 
562.000 5.062 
563.000 5.141 
564.000 5.101 
565.000 4.927 
566.000 4.621 
567.000 4.137 
568.000 3.194 
569.000 1.977 
570.000 1.094 
571.000 0.518 
572.000 0.299 
573.000 0.340 
574.000 0.564 
575.000 0.909 
576.000 1.327 
577.000 1.781 
578.000 2.245 
579.000 2.697 
580.000 3.125 
581.000 3.519 
582.000 3.876 
583.000 4.192 
584.000 4.468 
585.000 4.705 
586.000 4.906 
587.000 5.074 
588.000 5.212 
589.000 5.291 
590.000 5.279 
591.000 5.162 
592.000 4.938 
593.000 4.618 
594.000 4.237 
595.000 3.836 
596.000 3.490 
597.000 3.280 
598.000 3.213 
599.000 3.254 
600.000 3.370 
601.000 3.534 
602.000 3.727 
603.000 3.933 
604.000 4.140 
605.000 4.341 
606.000 4.530 
607.000 4.703 
608.000 4.858 
609.000 4.996 
610.000 5.116 
611.000 5.218 
612.000 5.305 
613.000 5.377 
614.000 5.436 
615.000 5.483 
616.000 5.521 
617.000 5.551 
618.000 5.573 
619.000 5.590 
620.000 5.602 
621.000 5.610 
622.000 5.616 
623.000 5.618 
624.000 5.620 
625.000 5.620 
626.000 5.618 
627.000 5.617 
628.000 5.615 
629.000 5.613 
630.000 5.610 
631.000 5.608 
632.000 5.606 
633.000 5.604 
634.000 5.603 
635.000 5.601 
636.000 5.600 
637.000 5.599 
638.000 5.598 
639.000 5.597 
640.000 5.596 
641.000 5.596 
642.000 5.595 
643.000 5.595 
644.000 5.594 
645.000 5.594 
646.000 5.594 
647.000 5.594 
648.000 5.594 
649.000 5.594 
650.000 5.594 
651.000 5.594 
652.000 5.594 
653.000 5.594 
654.000 5.594 
655.000 5.594 
656.000 5.594 
657.000 5.594 
658.000 5.594 
659.000 5.594 
660.000 5.594 
661.000 5.594 
662.000 5.594 
663.000 5.594 
664.000 5.594 
665.000 5.594 
666.000 5.594 
667.000 5.594 
668.000 5.594 
669.000 5.594 
670.000 5.594 
671.000 5.594 
672.000 5.594 
673.000 5.594 
674.000 5.594 
675.000 5.594 
676.000 5.594 
677.000 5.594 
678.000 5.594 
679.000 5.594 
680.000 5.594 
681.000 5.594 
682.000 5.594 
683.000 5.594 
684.000 5.594 
685.000 5.594 
686.000 5.594 
687.000 5.594 
688.000 5.594 
689.000 5.594 
690.000 5.594 
691.000 5.594 
692.000 5.594 
693.000 5.594 
694.000 5.594 
695.000 5.594 
696.000 5.594 
697.000 5.594 
698.000 5.594 
699.000 5.594 
700.000 5.594 
701.000 5.594 
702.000 5.594 
703.000 5.594 
704.000 5.594 
705.000 5.594 
706.000 5.594 
707.000 5.594 
708.000 5.594 
709.000 5.594 
710.000 5.594 
711.000 5.594 
712.000 5.594 
713.000 5.594 
714.000 5.594 
715.000 5.594 
716.000 5.594 
717.000 5.594 
718.000 5.594 
719.000 5.594 
720.000 5.594 
721.000 5.594 
722.000 5.594 
723.000 5.594 
724.000 5.594 
725.000 5.594 
726.000 5.594 
727.000 5.594 
728.000 5.594 
729.000 5.594 
730.000 5.594 
731.000 5.594 
732.000 5.594 
733.000 5.594 
734.000 5.594 
735.000 5.594 
736.000 5.594 
737.000 5.594 
738.000 5.594 
739.000 5.594 
740.000 5.594 
741.000 5.594 
742.000 5.594 
743.000 5.594 
744.000 5.594 
745.000 5.594 
746.000 5.594 
747.000 5.594 
748.000 5.594 
749.000 5.594 
750.000 5.594 
751.000 5.594 
752.000 5.594 
753.000 5.594 
754.000 5.594 
755.000 5.594 
756.000 5.594 
757.000 5.594 
758.000 5.594 
759.000 5.594 
760.000 5.594 
761.000 5.594 
762.000 5.594 
763.000 5.594 
764.000 5.594 
765.000 5.594 
766.000 5.594 
767.000 5.594 
768.000 5.594 
769.000 5.594 
770.000 5.594 
771.000 5.594 
772.000 5.594 
773.000 5.594 
774.000 5.594 
775.000 5.594 
776.000 5.594 
777.000 5.594 
778.000 5.594 
779.000 5.594 
780.000 5.594 
781.000 5.594 
782.000 5.594 
783.000 5.594 
784.000 5.594 
785.000 5.594 
786.000 5.594 
787.000 5.594 
788.000 5.594 
789.000 5.594 
790.000 5.594 
791.000 5.594 
792.000 5.594 
793.000 5.594 
794.000 5.594 
795.000 5.594 
796.000 5.594 
797.000 5.594 
798.000 5.594 
799.000 5.594 
800.000 5.594 
