1.000 0.000 
2.000 0.000 
3.000 0.000 
4.000 0.000 
5.000 0.000 
6.000 0.000 
7.000 0.000 
8.000 0.000 
9.000 0.000 
10.000 0.000 
11.000 0.000 
12.000 -0.022 
13.000 -0.052 
14.000 -0.066 
15.000 -0.072 
16.000 -0.074 
17.000 -0.073 
18.000 -0.066 
19.000 -0.057 
20.000 -0.050 
21.000 -0.046 
22.000 -0.044 
23.000 -0.045 
24.000 -0.048 
25.000 -0.051 
26.000 -0.055 
27.000 -0.057 
28.000 -0.058 
29.000 -0.059 
30.000 -0.058 
31.000 -0.057 
32.000 -0.056 
33.000 -0.055 
34.000 -0.054 
35.000 -0.054 
36.000 -0.054 
37.000 -0.055 
38.000 -0.055 
39.000 -0.056 
40.000 -0.056 
41.000 -0.057 
42.000 -0.057 
43.000 -0.057 
44.000 -0.057 
45.000 -0.057 
46.000 -0.056 
47.000 -0.056 
48.000 -0.057 
49.000 -0.057 
50.000 -0.057 
51.000 -0.057 
52.000 -0.057 
53.000 -0.057 
54.000 -0.058 
55.000 -0.058 
56.000 -0.058 
57.000 -0.058 
58.000 -0.058 
59.000 -0.058 
60.000 -0.058 
61.000 -0.058 
62.000 -0.058 
63.000 -0.058 
64.000 -0.058 
65.000 -0.059 
66.000 -0.059 
67.000 -0.059 
68.000 -0.059 
69.000 -0.059 
70.000 -0.059 
71.000 -0.059 
72.000 -0.059 
73.000 -0.059 
74.000 -0.059 
75.000 -0.059 
76.000 -0.060 
77.000 -0.060 
78.000 -0.060 
79.000 -0.060 
80.000 -0.060 
81.000 -0.060 
82.000 -0.060 
83.000 -0.060 
84.000 -0.060 
85.000 -0.060 
86.000 -0.060 
87.000 -0.061 
88.000 -0.061 
89.000 -0.061 
90.000 -0.061 
91.000 -0.061 
92.000 -0.061 
93.000 -0.061 
94.000 -0.061 
95.000 -0.061 
96.000 -0.061 
97.000 -0.061 
98.000 -0.062 
99.000 -0.062 
100.000 -0.062 
101.000 -0.062 
102.000 -0.062 
103.000 -0.062 
104.000 -0.062 
105.000 -0.062 
106.000 -0.062 
107.000 -0.062 
108.000 -0.062 
109.000 -0.063 
110.000 -0.063 
111.000 -0.063 
112.000 -0.063 
113.000 -0.063 
114.000 -0.063 
115.000 -0.063 
116.000 -0.063 
117.000 -0.063 
118.000 -0.063 
119.000 -0.063 
120.000 -0.063 
121.000 -0.064 
122.000 -0.064 
123.000 -0.064 
124.000 -0.064 
125.000 -0.064 
126.000 -0.057 
127.000 -0.045 
128.000 -0.038 
129.000 -0.036 
130.000 -0.035 
131.000 -0.036 
132.000 -0.040 
133.000 -0.045 
134.000 -0.048 
135.000 -0.051 
136.000 -0.051 
137.000 -0.051 
138.000 -0.050 
139.000 -0.048 
140.000 -0.046 
141.000 -0.045 
142.000 -0.045 
143.000 -0.045 
144.000 -0.045 
145.000 -0.046 
146.000 -0.047 
147.000 -0.048 
148.000 -0.048 
149.000 -0.048 
150.000 -0.048 
151.000 -0.048 
152.000 -0.047 
153.000 -0.047 
154.000 -0.047 
155.000 -0.047 
156.000 -0.047 
157.000 -0.047 
158.000 -0.047 
159.000 -0.048 
160.000 -0.048 
161.000 -0.048 
162.000 -0.048 
163.000 -0.048 
164.000 -0.048 
165.000 -0.048 
166.000 -0.048 
167.000 -0.048 
168.000 -0.048 
169.000 -0.048 
170.000 -0.048 
171.000 -0.048 
172.000 -0.048 
173.000 -0.048 
174.000 -0.048 
175.000 -0.048 
176.000 -0.048 
177.000 -0.048 
178.000 -0.048 
179.000 -0.048 
180.000 -0.048 
181.000 -0.048 
182.000 -0.048 
183.000 -0.049 
184.000 -0.049 
185.000 -0.049 
186.000 -0.049 
187.000 -0.049 
188.000 -0.049 
189.000 -0.049 
190.000 -0.049 
191.000 -0.049 
192.000 -0.049 
193.000 -0.049 
194.000 -0.049 
195.000 -0.049 
196.000 -0.049 
197.000 -0.049 
198.000 -0.049 
199.000 -0.049 
200.000 -0.049 
201.000 -0.049 
202.000 -0.049 
203.000 -0.049 
204.000 -0.049 
205.000 -0.049 
206.000 -0.049 
207.000 -0.050 
208.000 -0.050 
209.000 -0.050 
210.000 -0.050 
211.000 -0.050 
212.000 -0.050 
213.000 -0.050 
214.000 -0.050 
215.000 -0.050 
216.000 -0.050 
217.000 -0.050 
218.000 -0.050 
219.000 -0.050 
220.000 -0.050 
221.000 -0.050 
222.000 -0.050 
223.000 -0.050 
224.000 -0.050 
225.000 -0.050 
226.000 -0.050 
227.000 -0.050 
228.000 -0.050 
229.000 -0.050 
230.000 -0.050 
231.000 -0.050 
232.000 -0.051 
233.000 -0.051 
234.000 -0.051 
235.000 -0.051 
236.000 -0.051 
237.000 -0.051 
238.000 -0.051 
239.000 -0.051 
240.000 -0.051 
241.000 -0.051 
242.000 -0.051 
243.000 -0.051 
244.000 -0.051 
245.000 -0.051 
246.000 0.040 
247.000 0.122 
248.000 0.185 
249.000 0.224 
250.000 0.250 
251.000 0.230 
252.000 0.173 
253.000 0.108 
254.000 0.052 
255.000 0.011 
256.000 -0.011 
257.000 -0.007 
258.000 0.023 
259.000 0.068 
260.000 0.116 
261.000 0.160 
262.000 0.189 
263.000 0.197 
264.000 0.182 
265.000 0.149 
266.000 0.109 
267.000 0.070 
268.000 0.041 
269.000 0.029 
270.000 0.034 
271.000 0.055 
272.000 0.086 
273.000 0.121 
274.000 0.150 
275.000 0.169 
276.000 0.173 
277.000 0.161 
278.000 0.138 
279.000 0.109 
280.000 0.082 
281.000 0.063 
282.000 0.055 
283.000 0.060 
284.000 0.076 
285.000 0.099 
286.000 0.124 
287.000 0.145 
288.000 0.157 
289.000 0.159 
290.000 0.149 
291.000 0.132 
292.000 0.111 
293.000 0.092 
294.000 0.079 
295.000 0.074 
296.000 0.079 
297.000 0.092 
298.000 0.109 
299.000 0.127 
300.000 0.141 
301.000 0.150 
302.000 0.150 
303.000 0.143 
304.000 0.130 
305.000 0.114 
306.000 0.101 
307.000 0.092 
308.000 0.089 
309.000 0.093 
310.000 0.103 
311.000 0.116 
312.000 0.129 
313.000 0.140 
314.000 0.145 
315.000 0.145 
316.000 0.139 
317.000 0.129 
318.000 0.118 
319.000 0.108 
320.000 0.102 
321.000 0.101 
322.000 0.104 
323.000 0.112 
324.000 0.122 
325.000 0.131 
326.000 0.139 
327.000 0.143 
328.000 0.142 
329.000 0.137 
330.000 0.130 
331.000 0.122 
332.000 0.115 
333.000 0.111 
334.000 0.110 
335.000 0.113 
336.000 0.119 
337.000 0.127 
338.000 0.134 
339.000 0.139 
340.000 0.142 
341.000 0.141 
342.000 0.137 
343.000 0.132 
344.000 0.126 
345.000 0.121 
346.000 0.118 
347.000 0.118 
348.000 0.121 
349.000 0.125 
350.000 0.131 
351.000 0.136 
352.000 0.140 
353.000 0.142 
354.000 0.141 
355.000 0.138 
356.000 0.134 
357.000 0.130 
358.000 0.126 
359.000 0.124 
360.000 0.125 
361.000 0.127 
362.000 0.130 
363.000 0.135 
364.000 0.138 
365.000 0.141 
366.000 0.233 
367.000 0.271 
368.000 0.381 
369.000 0.405 
370.000 0.500 
371.000 0.495 
372.000 0.537 
373.000 0.492 
374.000 0.489 
375.000 0.435 
376.000 0.422 
377.000 0.384 
378.000 0.393 
379.000 0.371 
380.000 0.404 
381.000 0.376 
382.000 0.413 
383.000 0.391 
384.000 0.431 
385.000 0.406 
386.000 0.444 
387.000 0.417 
388.000 0.449 
389.000 0.417 
390.000 0.445 
391.000 0.412 
392.000 0.439 
393.000 0.406 
394.000 0.436 
395.000 0.406 
396.000 0.438 
397.000 0.410 
398.000 0.445 
399.000 0.416 
400.000 0.451 
401.000 0.422 
402.000 0.455 
403.000 0.424 
404.000 0.456 
405.000 0.424 
406.000 0.455 
407.000 0.423 
408.000 0.455 
409.000 0.423 
410.000 0.456 
411.000 0.425 
412.000 0.459 
413.000 0.428 
414.000 0.463 
415.000 0.431 
416.000 0.466 
417.000 0.434 
418.000 0.468 
419.000 0.435 
420.000 0.469 
421.000 0.436 
422.000 0.469 
423.000 0.437 
424.000 0.471 
425.000 0.438 
426.000 0.473 
427.000 0.441 
428.000 0.476 
429.000 0.443 
430.000 0.478 
431.000 0.445 
432.000 0.480 
433.000 0.446 
434.000 0.481 
435.000 0.448 
436.000 0.483 
437.000 0.449 
438.000 0.485 
439.000 0.451 
440.000 0.486 
441.000 0.453 
442.000 0.488 
443.000 0.454 
444.000 0.490 
445.000 0.456 
446.000 0.492 
447.000 0.458 
448.000 0.494 
449.000 0.459 
450.000 0.496 
451.000 0.461 
452.000 0.497 
453.000 0.463 
454.000 0.499 
455.000 0.464 
456.000 0.501 
457.000 0.466 
458.000 0.503 
459.000 0.468 
460.000 0.504 
461.000 0.469 
462.000 0.506 
463.000 0.471 
464.000 0.508 
465.000 0.472 
466.000 0.510 
467.000 0.474 
468.000 0.511 
469.000 0.475 
470.000 0.513 
471.000 0.477 
472.000 0.515 
473.000 0.479 
474.000 0.517 
475.000 0.480 
476.000 0.518 
477.000 0.482 
478.000 0.520 
479.000 0.483 
480.000 0.522 
481.000 0.485 
482.000 0.523 
483.000 0.486 
484.000 0.525 
485.000 0.488 
486.000 0.553 
487.000 0.533 
488.000 0.608 
489.000 0.582 
490.000 0.651 
491.000 0.614 
492.000 0.674 
493.000 0.630 
494.000 0.684 
495.000 0.635 
496.000 0.686 
497.000 0.635 
498.000 0.685 
499.000 0.634 
500.000 0.683 
501.000 0.633 
502.000 0.682 
503.000 0.632 
504.000 0.682 
505.000 0.631 
506.000 0.682 
507.000 0.631 
508.000 0.682 
509.000 0.631 
510.000 0.682 
511.000 0.631 
512.000 0.682 
513.000 0.631 
514.000 0.682 
515.000 0.631 
516.000 0.682 
517.000 0.631 
518.000 0.682 
519.000 0.631 
520.000 0.682 
521.000 0.631 
522.000 0.682 
523.000 0.631 
524.000 0.682 
525.000 0.631 
526.000 0.682 
527.000 0.631 
528.000 0.682 
529.000 0.631 
530.000 0.682 
531.000 0.631 
532.000 0.682 
533.000 0.631 
534.000 0.682 
535.000 0.631 
536.000 0.682 
537.000 0.631 
538.000 0.682 
539.000 0.631 
540.000 0.682 
541.000 0.631 
542.000 0.682 
543.000 0.631 
544.000 0.682 
545.000 0.631 
546.000 0.682 
547.000 0.631 
548.000 0.682 
549.000 0.631 
550.000 0.682 
551.000 0.631 
552.000 0.682 
553.000 0.631 
554.000 0.682 
555.000 0.631 
556.000 0.682 
557.000 0.631 
558.000 0.682 
559.000 0.631 
560.000 0.682 
561.000 0.631 
562.000 0.682 
563.000 0.631 
564.000 0.682 
565.000 0.631 
566.000 0.682 
567.000 0.631 
568.000 0.682 
569.000 0.631 
570.000 0.682 
571.000 0.631 
572.000 0.682 
573.000 0.631 
574.000 0.682 
575.000 0.631 
576.000 0.682 
577.000 0.631 
578.000 0.682 
579.000 0.631 
580.000 0.682 
581.000 0.631 
582.000 0.682 
583.000 0.631 
584.000 0.682 
585.000 0.631 
586.000 0.682 
587.000 0.631 
588.000 0.682 
589.000 0.631 
590.000 0.682 
591.000 0.631 
592.000 0.682 
593.000 0.631 
594.000 0.682 
595.000 0.631 
596.000 0.682 
597.000 0.631 
598.000 0.682 
599.000 0.631 
600.000 0.682 
601.000 0.631 
602.000 0.682 
603.000 0.631 
604.000 0.682 
605.000 0.631 
606.000 0.682 
607.000 0.631 
608.000 0.682 
609.000 0.631 
610.000 0.682 
611.000 0.631 
612.000 0.682 
613.000 0.631 
614.000 0.682 
615.000 0.631 
616.000 0.682 
617.000 0.631 
618.000 0.682 
619.000 0.631 
620.000 0.682 
621.000 0.631 
622.000 0.682 
623.000 0.631 
624.000 0.682 
625.000 0.631 
626.000 0.682 
627.000 0.631 
628.000 0.682 
629.000 0.631 
630.000 0.682 
631.000 0.631 
632.000 0.682 
633.000 0.631 
634.000 0.682 
635.000 0.631 
636.000 0.682 
637.000 0.631 
638.000 0.682 
639.000 0.631 
640.000 0.682 
641.000 0.631 
642.000 0.682 
643.000 0.631 
644.000 0.682 
645.000 0.631 
646.000 0.682 
647.000 0.631 
648.000 0.682 
649.000 0.631 
650.000 0.682 
651.000 0.631 
652.000 0.682 
653.000 0.631 
654.000 0.682 
655.000 0.631 
656.000 0.682 
657.000 0.631 
658.000 0.682 
659.000 0.631 
660.000 0.682 
661.000 0.631 
662.000 0.682 
663.000 0.631 
664.000 0.682 
665.000 0.631 
666.000 0.682 
667.000 0.631 
668.000 0.682 
669.000 0.631 
670.000 0.682 
671.000 0.631 
672.000 0.682 
673.000 0.631 
674.000 0.682 
675.000 0.631 
676.000 0.682 
677.000 0.631 
678.000 0.682 
679.000 0.631 
680.000 0.682 
681.000 0.631 
682.000 0.682 
683.000 0.631 
684.000 0.682 
685.000 0.631 
686.000 0.682 
687.000 0.631 
688.000 0.682 
689.000 0.631 
690.000 0.682 
691.000 0.631 
692.000 0.682 
693.000 0.631 
694.000 0.682 
695.000 0.631 
696.000 0.682 
697.000 0.631 
698.000 0.682 
699.000 0.631 
700.000 0.682 
701.000 0.631 
702.000 0.682 
703.000 0.631 
704.000 0.682 
705.000 0.631 
706.000 0.682 
707.000 0.631 
708.000 0.682 
709.000 0.631 
710.000 0.682 
711.000 0.631 
712.000 0.682 
713.000 0.631 
714.000 0.682 
715.000 0.631 
716.000 0.682 
717.000 0.631 
718.000 0.682 
719.000 0.631 
720.000 0.682 
721.000 0.631 
722.000 0.682 
723.000 0.631 
724.000 0.682 
725.000 0.631 
726.000 0.682 
727.000 0.631 
728.000 0.682 
729.000 0.631 
730.000 0.682 
731.000 0.631 
732.000 0.682 
733.000 0.631 
734.000 0.682 
735.000 0.631 
736.000 0.682 
737.000 0.631 
738.000 0.682 
739.000 0.631 
740.000 0.682 
741.000 0.631 
742.000 0.682 
743.000 0.631 
744.000 0.682 
745.000 0.631 
746.000 0.682 
747.000 0.631 
748.000 0.682 
749.000 0.631 
750.000 0.682 
751.000 0.631 
752.000 0.682 
753.000 0.631 
754.000 0.682 
755.000 0.631 
756.000 0.682 
757.000 0.631 
758.000 0.682 
759.000 0.631 
760.000 0.682 
761.000 0.631 
762.000 0.682 
763.000 0.631 
764.000 0.682 
765.000 0.631 
766.000 0.682 
767.000 0.631 
768.000 0.682 
769.000 0.631 
770.000 0.682 
771.000 0.631 
772.000 0.682 
773.000 0.631 
774.000 0.682 
775.000 0.631 
776.000 0.682 
777.000 0.631 
778.000 0.682 
779.000 0.631 
780.000 0.682 
781.000 0.631 
782.000 0.682 
783.000 0.631 
784.000 0.682 
785.000 0.631 
786.000 0.682 
787.000 0.631 
788.000 0.682 
789.000 0.631 
790.000 0.682 
791.000 0.631 
792.000 0.682 
793.000 0.631 
794.000 0.682 
795.000 0.631 
796.000 0.682 
797.000 0.631 
798.000 0.682 
799.000 0.631 
800.000 0.682 
