1.000 0.000 
2.000 0.000 
3.000 0.000 
4.000 0.000 
5.000 0.000 
6.000 0.000 
7.000 0.000 
8.000 0.000 
9.000 0.000 
10.000 0.000 
11.000 0.000 
12.000 -0.039 
13.000 -0.084 
14.000 -0.102 
15.000 -0.111 
16.000 -0.115 
17.000 -0.119 
18.000 -0.110 
19.000 -0.091 
20.000 -0.075 
21.000 -0.063 
22.000 -0.054 
23.000 -0.051 
24.000 -0.057 
25.000 -0.067 
26.000 -0.078 
27.000 -0.087 
28.000 -0.093 
29.000 -0.097 
30.000 -0.098 
31.000 -0.095 
32.000 -0.090 
33.000 -0.084 
34.000 -0.079 
35.000 -0.076 
36.000 -0.075 
37.000 -0.076 
38.000 -0.078 
39.000 -0.082 
40.000 -0.085 
41.000 -0.087 
42.000 -0.089 
43.000 -0.090 
44.000 -0.089 
45.000 -0.088 
46.000 -0.086 
47.000 -0.085 
48.000 -0.083 
49.000 -0.083 
50.000 -0.083 
51.000 -0.084 
52.000 -0.085 
53.000 -0.086 
54.000 -0.087 
55.000 -0.087 
56.000 -0.088 
57.000 -0.088 
58.000 -0.087 
59.000 -0.087 
60.000 -0.087 
61.000 -0.086 
62.000 -0.086 
63.000 -0.086 
64.000 -0.086 
65.000 -0.087 
66.000 -0.087 
67.000 -0.087 
68.000 -0.088 
69.000 -0.088 
70.000 -0.088 
71.000 -0.088 
72.000 -0.088 
73.000 -0.088 
74.000 -0.088 
75.000 -0.088 
76.000 -0.088 
77.000 -0.088 
78.000 -0.088 
79.000 -0.089 
80.000 -0.089 
81.000 -0.089 
82.000 -0.089 
83.000 -0.089 
84.000 -0.089 
85.000 -0.089 
86.000 -0.089 
87.000 -0.089 
88.000 -0.089 
89.000 -0.090 
90.000 -0.090 
91.000 -0.090 
92.000 -0.090 
93.000 -0.090 
94.000 -0.090 
95.000 -0.090 
96.000 -0.090 
97.000 -0.090 
98.000 -0.090 
99.000 -0.091 
100.000 -0.091 
101.000 -0.091 
102.000 -0.091 
103.000 -0.091 
104.000 -0.091 
105.000 -0.091 
106.000 -0.091 
107.000 -0.091 
108.000 -0.091 
109.000 -0.091 
110.000 -0.092 
111.000 -0.092 
112.000 -0.092 
113.000 -0.092 
114.000 -0.092 
115.000 -0.092 
116.000 -0.092 
117.000 -0.092 
118.000 -0.092 
119.000 -0.092 
120.000 -0.092 
121.000 -0.092 
122.000 -0.093 
123.000 -0.093 
124.000 -0.093 
125.000 -0.093 
126.000 -0.086 
127.000 -0.062 
128.000 -0.048 
129.000 -0.041 
130.000 -0.037 
131.000 -0.038 
132.000 -0.046 
133.000 -0.060 
134.000 -0.072 
135.000 -0.080 
136.000 -0.086 
137.000 -0.088 
138.000 -0.085 
139.000 -0.078 
140.000 -0.069 
141.000 -0.060 
142.000 -0.053 
143.000 -0.049 
144.000 -0.050 
145.000 -0.055 
146.000 -0.062 
147.000 -0.069 
148.000 -0.075 
149.000 -0.079 
150.000 -0.081 
151.000 -0.080 
152.000 -0.076 
153.000 -0.071 
154.000 -0.065 
155.000 -0.060 
156.000 -0.057 
157.000 -0.057 
158.000 -0.060 
159.000 -0.063 
160.000 -0.068 
161.000 -0.072 
162.000 -0.075 
163.000 -0.077 
164.000 -0.076 
165.000 -0.074 
166.000 -0.071 
167.000 -0.068 
168.000 -0.064 
169.000 -0.063 
170.000 -0.062 
171.000 -0.063 
172.000 -0.065 
173.000 -0.068 
174.000 -0.071 
175.000 -0.073 
176.000 -0.074 
177.000 -0.074 
178.000 -0.073 
179.000 -0.071 
180.000 -0.069 
181.000 -0.067 
182.000 -0.066 
183.000 -0.065 
184.000 -0.066 
185.000 -0.067 
186.000 -0.068 
187.000 -0.070 
188.000 -0.071 
189.000 -0.072 
190.000 -0.072 
191.000 -0.072 
192.000 -0.071 
193.000 -0.070 
194.000 -0.068 
195.000 -0.068 
196.000 -0.067 
197.000 -0.067 
198.000 -0.068 
199.000 -0.069 
200.000 -0.070 
201.000 -0.071 
202.000 -0.071 
203.000 -0.071 
204.000 -0.071 
205.000 -0.071 
206.000 -0.070 
207.000 -0.069 
208.000 -0.069 
209.000 -0.068 
210.000 -0.068 
211.000 -0.069 
212.000 -0.069 
213.000 -0.070 
214.000 -0.070 
215.000 -0.071 
216.000 -0.071 
217.000 -0.071 
218.000 -0.071 
219.000 -0.070 
220.000 -0.070 
221.000 -0.070 
222.000 -0.069 
223.000 -0.069 
224.000 -0.069 
225.000 -0.070 
226.000 -0.070 
227.000 -0.070 
228.000 -0.071 
229.000 -0.071 
230.000 -0.071 
231.000 -0.071 
232.000 -0.071 
233.000 -0.070 
234.000 -0.070 
235.000 -0.070 
236.000 -0.070 
237.000 -0.070 
238.000 -0.070 
239.000 -0.070 
240.000 -0.071 
241.000 -0.071 
242.000 -0.071 
243.000 -0.071 
244.000 -0.071 
245.000 -0.071 
246.000 0.027 
247.000 0.138 
248.000 0.306 
249.000 0.393 
250.000 0.533 
251.000 0.520 
252.000 0.398 
253.000 0.216 
254.000 0.072 
255.000 -0.024 
256.000 -0.086 
257.000 -0.134 
258.000 -0.108 
259.000 -0.021 
260.000 0.138 
261.000 0.265 
262.000 0.440 
263.000 0.507 
264.000 0.564 
265.000 0.460 
266.000 0.273 
267.000 0.110 
268.000 -0.006 
269.000 -0.077 
270.000 -0.121 
271.000 -0.126 
272.000 -0.046 
273.000 0.096 
274.000 0.227 
275.000 0.396 
276.000 0.473 
277.000 0.556 
278.000 0.486 
279.000 0.308 
280.000 0.136 
281.000 0.012 
282.000 -0.066 
283.000 -0.110 
284.000 -0.139 
285.000 -0.068 
286.000 0.055 
287.000 0.214 
288.000 0.351 
289.000 0.509 
290.000 0.529 
291.000 0.493 
292.000 0.336 
293.000 0.165 
294.000 0.035 
295.000 -0.051 
296.000 -0.099 
297.000 -0.144 
298.000 -0.086 
299.000 0.020 
300.000 0.185 
301.000 0.308 
302.000 0.477 
303.000 0.526 
304.000 0.547 
305.000 0.415 
306.000 0.233 
307.000 0.082 
308.000 -0.022 
309.000 -0.087 
310.000 -0.146 
311.000 -0.120 
312.000 -0.027 
313.000 0.136 
314.000 0.271 
315.000 0.450 
316.000 0.527 
317.000 0.600 
318.000 0.504 
319.000 0.307 
320.000 0.132 
321.000 0.008 
322.000 -0.069 
323.000 -0.113 
324.000 -0.128 
325.000 -0.050 
326.000 0.088 
327.000 0.233 
328.000 0.400 
329.000 0.502 
330.000 0.601 
331.000 0.543 
332.000 0.354 
333.000 0.166 
334.000 0.030 
335.000 -0.055 
336.000 -0.103 
337.000 -0.149 
338.000 -0.086 
339.000 0.029 
340.000 0.196 
341.000 0.317 
342.000 0.483 
343.000 0.534 
344.000 0.552 
345.000 0.418 
346.000 0.235 
347.000 0.084 
348.000 -0.021 
349.000 -0.086 
350.000 -0.146 
351.000 -0.114 
352.000 -0.014 
353.000 0.153 
354.000 0.292 
355.000 0.471 
356.000 0.547 
357.000 0.614 
358.000 0.511 
359.000 0.309 
360.000 0.132 
361.000 0.008 
362.000 -0.069 
363.000 -0.114 
364.000 -0.122 
365.000 -0.041 
366.000 0.160 
367.000 0.404 
368.000 0.643 
369.000 0.831 
370.000 0.987 
371.000 1.025 
372.000 1.055 
373.000 0.873 
374.000 0.576 
375.000 0.314 
376.000 0.132 
377.000 0.026 
378.000 -0.010 
379.000 0.078 
380.000 0.241 
381.000 0.436 
382.000 0.639 
383.000 0.817 
384.000 0.952 
385.000 1.024 
386.000 1.062 
387.000 0.947 
388.000 0.696 
389.000 0.420 
390.000 0.212 
391.000 0.077 
392.000 -0.010 
393.000 0.031 
394.000 0.161 
395.000 0.345 
396.000 0.547 
397.000 0.751 
398.000 0.905 
399.000 1.025 
400.000 1.055 
401.000 1.052 
402.000 0.880 
403.000 0.595 
404.000 0.336 
405.000 0.150 
406.000 0.037 
407.000 0.033 
408.000 0.155 
409.000 0.340 
410.000 0.554 
411.000 0.770 
412.000 0.947 
413.000 1.072 
414.000 1.129 
415.000 1.113 
416.000 0.925 
417.000 0.603 
418.000 0.330 
419.000 0.144 
420.000 0.025 
421.000 0.008 
422.000 0.129 
423.000 0.319 
424.000 0.543 
425.000 0.771 
426.000 0.966 
427.000 1.099 
428.000 1.172 
429.000 1.161 
430.000 0.978 
431.000 0.638 
432.000 0.349 
433.000 0.154 
434.000 0.030 
435.000 -0.012 
436.000 0.087 
437.000 0.269 
438.000 0.497 
439.000 0.735 
440.000 0.952 
441.000 1.104 
442.000 1.200 
443.000 1.214 
444.000 1.074 
445.000 0.733 
446.000 0.416 
447.000 0.194 
448.000 0.054 
449.000 -0.045 
450.000 0.001 
451.000 0.167 
452.000 0.395 
453.000 0.648 
454.000 0.902 
455.000 1.101 
456.000 1.233 
457.000 1.280 
458.000 1.212 
459.000 0.900 
460.000 0.531 
461.000 0.262 
462.000 0.090 
463.000 -0.024 
464.000 -0.016 
465.000 0.155 
466.000 0.397 
467.000 0.671 
468.000 0.947 
469.000 1.179 
470.000 1.311 
471.000 1.376 
472.000 1.266 
473.000 0.876 
474.000 0.492 
475.000 0.227 
476.000 0.063 
477.000 -0.053 
478.000 -0.043 
479.000 0.138 
480.000 0.396 
481.000 0.688 
482.000 0.985 
483.000 1.239 
484.000 1.376 
485.000 1.447 
486.000 1.599 
487.000 1.842 
488.000 2.122 
489.000 2.430 
490.000 2.762 
491.000 3.075 
492.000 3.299 
493.000 3.385 
494.000 3.297 
495.000 3.095 
496.000 2.796 
497.000 2.497 
498.000 2.213 
499.000 2.011 
500.000 1.912 
501.000 1.935 
502.000 2.080 
503.000 2.313 
504.000 2.600 
505.000 2.914 
506.000 3.229 
507.000 3.485 
508.000 3.615 
509.000 3.568 
510.000 3.371 
511.000 3.067 
512.000 2.683 
513.000 2.317 
514.000 2.045 
515.000 1.884 
516.000 1.860 
517.000 1.971 
518.000 2.184 
519.000 2.462 
520.000 2.775 
521.000 3.101 
522.000 3.413 
523.000 3.651 
524.000 3.751 
525.000 3.668 
526.000 3.444 
527.000 3.112 
528.000 2.679 
529.000 2.278 
530.000 1.997 
531.000 1.853 
532.000 1.864 
533.000 2.008 
534.000 2.243 
535.000 2.534 
536.000 2.853 
537.000 3.181 
538.000 3.500 
539.000 3.751 
540.000 3.872 
541.000 3.820 
542.000 3.607 
543.000 3.274 
544.000 2.802 
545.000 2.314 
546.000 1.978 
547.000 1.805 
548.000 1.798 
549.000 1.933 
550.000 2.165 
551.000 2.456 
552.000 2.779 
553.000 3.111 
554.000 3.439 
555.000 3.731 
556.000 3.928 
557.000 3.978 
558.000 3.848 
559.000 3.589 
560.000 3.174 
561.000 2.620 
562.000 2.127 
563.000 1.809 
564.000 1.681 
565.000 1.723 
566.000 1.896 
567.000 2.156 
568.000 2.468 
569.000 2.804 
570.000 3.146 
571.000 3.479 
572.000 3.787 
573.000 4.014 
574.000 4.107 
575.000 4.029 
576.000 3.794 
577.000 3.392 
578.000 2.782 
579.000 2.122 
580.000 1.665 
581.000 1.441 
582.000 1.422 
583.000 1.563 
584.000 1.812 
585.000 2.129 
586.000 2.482 
587.000 2.847 
588.000 3.208 
589.000 3.552 
590.000 3.871 
591.000 4.118 
592.000 4.239 
593.000 4.198 
594.000 3.982 
595.000 3.587 
596.000 2.922 
597.000 2.065 
598.000 1.399 
599.000 1.011 
600.000 0.895 
601.000 0.988 
602.000 1.224 
603.000 1.553 
604.000 1.937 
605.000 2.344 
606.000 2.752 
607.000 3.147 
608.000 3.518 
609.000 3.857 
610.000 4.162 
611.000 4.431 
612.000 4.665 
613.000 4.865 
614.000 5.033 
615.000 5.174 
616.000 5.289 
617.000 5.381 
618.000 5.455 
619.000 5.512 
620.000 5.556 
621.000 5.588 
622.000 5.611 
623.000 5.627 
624.000 5.637 
625.000 5.642 
626.000 5.644 
627.000 5.644 
628.000 5.642 
629.000 5.639 
630.000 5.635 
631.000 5.630 
632.000 5.626 
633.000 5.622 
634.000 5.618 
635.000 5.614 
636.000 5.610 
637.000 5.607 
638.000 5.605 
639.000 5.603 
640.000 5.601 
641.000 5.599 
642.000 5.598 
643.000 5.597 
644.000 5.596 
645.000 5.595 
646.000 5.595 
647.000 5.594 
648.000 5.594 
649.000 5.594 
650.000 5.594 
651.000 5.594 
652.000 5.594 
653.000 5.594 
654.000 5.594 
655.000 5.594 
656.000 5.594 
657.000 5.594 
658.000 5.594 
659.000 5.594 
660.000 5.594 
661.000 5.594 
662.000 5.594 
663.000 5.594 
664.000 5.594 
665.000 5.594 
666.000 5.594 
667.000 5.594 
668.000 5.594 
669.000 5.594 
670.000 5.594 
671.000 5.594 
672.000 5.594 
673.000 5.594 
674.000 5.594 
675.000 5.594 
676.000 5.594 
677.000 5.594 
678.000 5.594 
679.000 5.594 
680.000 5.594 
681.000 5.594 
682.000 5.594 
683.000 5.594 
684.000 5.594 
685.000 5.594 
686.000 5.594 
687.000 5.594 
688.000 5.594 
689.000 5.594 
690.000 5.594 
691.000 5.594 
692.000 5.594 
693.000 5.594 
694.000 5.594 
695.000 5.594 
696.000 5.594 
697.000 5.594 
698.000 5.594 
699.000 5.594 
700.000 5.594 
701.000 5.594 
702.000 5.594 
703.000 5.594 
704.000 5.594 
705.000 5.594 
706.000 5.594 
707.000 5.594 
708.000 5.594 
709.000 5.594 
710.000 5.594 
711.000 5.594 
712.000 5.594 
713.000 5.594 
714.000 5.594 
715.000 5.594 
716.000 5.594 
717.000 5.594 
718.000 5.594 
719.000 5.594 
720.000 5.594 
721.000 5.594 
722.000 5.594 
723.000 5.594 
724.000 5.594 
725.000 5.594 
726.000 5.594 
727.000 5.594 
728.000 5.594 
729.000 5.594 
730.000 5.594 
731.000 5.594 
732.000 5.594 
733.000 5.594 
734.000 5.594 
735.000 5.594 
736.000 5.594 
737.000 5.594 
738.000 5.594 
739.000 5.594 
740.000 5.594 
741.000 5.594 
742.000 5.594 
743.000 5.594 
744.000 5.594 
745.000 5.594 
746.000 5.594 
747.000 5.594 
748.000 5.594 
749.000 5.594 
750.000 5.594 
751.000 5.594 
752.000 5.594 
753.000 5.594 
754.000 5.594 
755.000 5.594 
756.000 5.594 
757.000 5.594 
758.000 5.594 
759.000 5.594 
760.000 5.594 
761.000 5.594 
762.000 5.594 
763.000 5.594 
764.000 5.594 
765.000 5.594 
766.000 5.594 
767.000 5.594 
768.000 5.594 
769.000 5.594 
770.000 5.594 
771.000 5.594 
772.000 5.594 
773.000 5.594 
774.000 5.594 
775.000 5.594 
776.000 5.594 
777.000 5.594 
778.000 5.594 
779.000 5.594 
780.000 5.594 
781.000 5.594 
782.000 5.594 
783.000 5.594 
784.000 5.594 
785.000 5.594 
786.000 5.594 
787.000 5.594 
788.000 5.594 
789.000 5.594 
790.000 5.594 
791.000 5.594 
792.000 5.594 
793.000 5.594 
794.000 5.594 
795.000 5.594 
796.000 5.594 
797.000 5.594 
798.000 5.594 
799.000 5.594 
800.000 5.594 
