1.000 0.000 
2.000 0.000 
3.000 0.000 
4.000 0.000 
5.000 0.000 
6.000 0.000 
7.000 0.000 
8.000 0.000 
9.000 0.000 
10.000 0.000 
11.000 0.000 
12.000 -0.038 
13.000 -0.082 
14.000 -0.101 
15.000 -0.110 
16.000 -0.114 
17.000 -0.118 
18.000 -0.110 
19.000 -0.092 
20.000 -0.076 
21.000 -0.064 
22.000 -0.056 
23.000 -0.052 
24.000 -0.057 
25.000 -0.067 
26.000 -0.077 
27.000 -0.086 
28.000 -0.092 
29.000 -0.096 
30.000 -0.097 
31.000 -0.094 
32.000 -0.090 
33.000 -0.085 
34.000 -0.080 
35.000 -0.077 
36.000 -0.075 
37.000 -0.076 
38.000 -0.078 
39.000 -0.081 
40.000 -0.084 
41.000 -0.087 
42.000 -0.088 
43.000 -0.089 
44.000 -0.089 
45.000 -0.088 
46.000 -0.086 
47.000 -0.085 
48.000 -0.084 
49.000 -0.083 
50.000 -0.083 
51.000 -0.083 
52.000 -0.084 
53.000 -0.085 
54.000 -0.086 
55.000 -0.087 
56.000 -0.087 
57.000 -0.087 
58.000 -0.087 
59.000 -0.087 
60.000 -0.087 
61.000 -0.086 
62.000 -0.086 
63.000 -0.086 
64.000 -0.086 
65.000 -0.086 
66.000 -0.087 
67.000 -0.087 
68.000 -0.087 
69.000 -0.088 
70.000 -0.088 
71.000 -0.088 
72.000 -0.088 
73.000 -0.088 
74.000 -0.088 
75.000 -0.088 
76.000 -0.088 
77.000 -0.088 
78.000 -0.088 
79.000 -0.088 
80.000 -0.088 
81.000 -0.089 
82.000 -0.089 
83.000 -0.089 
84.000 -0.089 
85.000 -0.089 
86.000 -0.089 
87.000 -0.089 
88.000 -0.089 
89.000 -0.089 
90.000 -0.089 
91.000 -0.090 
92.000 -0.090 
93.000 -0.090 
94.000 -0.090 
95.000 -0.090 
96.000 -0.090 
97.000 -0.090 
98.000 -0.090 
99.000 -0.090 
100.000 -0.090 
101.000 -0.090 
102.000 -0.091 
103.000 -0.091 
104.000 -0.091 
105.000 -0.091 
106.000 -0.091 
107.000 -0.091 
108.000 -0.091 
109.000 -0.091 
110.000 -0.091 
111.000 -0.091 
112.000 -0.091 
113.000 -0.092 
114.000 -0.092 
115.000 -0.092 
116.000 -0.092 
117.000 -0.092 
118.000 -0.092 
119.000 -0.092 
120.000 -0.092 
121.000 -0.092 
122.000 -0.092 
123.000 -0.092 
124.000 -0.093 
125.000 -0.093 
126.000 -0.086 
127.000 -0.063 
128.000 -0.049 
129.000 -0.041 
130.000 -0.038 
131.000 -0.038 
132.000 -0.046 
133.000 -0.059 
134.000 -0.071 
135.000 -0.079 
136.000 -0.085 
137.000 -0.087 
138.000 -0.085 
139.000 -0.079 
140.000 -0.070 
141.000 -0.061 
142.000 -0.054 
143.000 -0.050 
144.000 -0.050 
145.000 -0.054 
146.000 -0.061 
147.000 -0.068 
148.000 -0.074 
149.000 -0.078 
150.000 -0.080 
151.000 -0.079 
152.000 -0.076 
153.000 -0.071 
154.000 -0.066 
155.000 -0.061 
156.000 -0.059 
157.000 -0.058 
158.000 -0.060 
159.000 -0.063 
160.000 -0.067 
161.000 -0.071 
162.000 -0.074 
163.000 -0.076 
164.000 -0.075 
165.000 -0.074 
166.000 -0.071 
167.000 -0.068 
168.000 -0.065 
169.000 -0.063 
170.000 -0.063 
171.000 -0.063 
172.000 -0.065 
173.000 -0.067 
174.000 -0.070 
175.000 -0.072 
176.000 -0.073 
177.000 -0.073 
178.000 -0.072 
179.000 -0.071 
180.000 -0.069 
181.000 -0.068 
182.000 -0.066 
183.000 -0.066 
184.000 -0.066 
185.000 -0.067 
186.000 -0.068 
187.000 -0.069 
188.000 -0.070 
189.000 -0.071 
190.000 -0.072 
191.000 -0.071 
192.000 -0.071 
193.000 -0.070 
194.000 -0.069 
195.000 -0.068 
196.000 -0.067 
197.000 -0.067 
198.000 -0.068 
199.000 -0.068 
200.000 -0.069 
201.000 -0.070 
202.000 -0.071 
203.000 -0.071 
204.000 -0.071 
205.000 -0.071 
206.000 -0.070 
207.000 -0.070 
208.000 -0.069 
209.000 -0.069 
210.000 -0.069 
211.000 -0.069 
212.000 -0.069 
213.000 -0.069 
214.000 -0.070 
215.000 -0.070 
216.000 -0.071 
217.000 -0.071 
218.000 -0.071 
219.000 -0.070 
220.000 -0.070 
221.000 -0.070 
222.000 -0.069 
223.000 -0.069 
224.000 -0.069 
225.000 -0.070 
226.000 -0.070 
227.000 -0.070 
228.000 -0.070 
229.000 -0.071 
230.000 -0.071 
231.000 -0.071 
232.000 -0.070 
233.000 -0.070 
234.000 -0.070 
235.000 -0.070 
236.000 -0.070 
237.000 -0.070 
238.000 -0.070 
239.000 -0.070 
240.000 -0.070 
241.000 -0.071 
242.000 -0.071 
243.000 -0.071 
244.000 -0.071 
245.000 -0.071 
246.000 0.027 
247.000 0.138 
248.000 0.305 
249.000 0.391 
250.000 0.529 
251.000 0.516 
252.000 0.398 
253.000 0.219 
254.000 0.075 
255.000 -0.022 
256.000 -0.084 
257.000 -0.129 
258.000 -0.109 
259.000 -0.023 
260.000 0.132 
261.000 0.254 
262.000 0.426 
263.000 0.495 
264.000 0.558 
265.000 0.463 
266.000 0.281 
267.000 0.117 
268.000 -0.001 
269.000 -0.074 
270.000 -0.117 
271.000 -0.131 
272.000 -0.055 
273.000 0.078 
274.000 0.227 
275.000 0.386 
276.000 0.512 
277.000 0.595 
278.000 0.538 
279.000 0.347 
280.000 0.162 
281.000 0.029 
282.000 -0.056 
283.000 -0.104 
284.000 -0.155 
285.000 -0.100 
286.000 0.008 
287.000 0.173 
288.000 0.292 
289.000 0.460 
290.000 0.513 
291.000 0.542 
292.000 0.419 
293.000 0.240 
294.000 0.089 
295.000 -0.018 
296.000 -0.084 
297.000 -0.138 
298.000 -0.123 
299.000 -0.035 
300.000 0.120 
301.000 0.246 
302.000 0.420 
303.000 0.501 
304.000 0.582 
305.000 0.501 
306.000 0.317 
307.000 0.142 
308.000 0.015 
309.000 -0.065 
310.000 -0.110 
311.000 -0.137 
312.000 -0.066 
313.000 0.058 
314.000 0.219 
315.000 0.357 
316.000 0.516 
317.000 0.537 
318.000 0.509 
319.000 0.355 
320.000 0.181 
321.000 0.046 
322.000 -0.044 
323.000 -0.095 
324.000 -0.144 
325.000 -0.090 
326.000 0.013 
327.000 0.179 
328.000 0.310 
329.000 0.483 
330.000 0.540 
331.000 0.578 
332.000 0.457 
333.000 0.265 
334.000 0.103 
335.000 -0.010 
336.000 -0.079 
337.000 -0.129 
338.000 -0.119 
339.000 -0.032 
340.000 0.122 
341.000 0.253 
342.000 0.427 
343.000 0.514 
344.000 0.602 
345.000 0.526 
346.000 0.338 
347.000 0.155 
348.000 0.023 
349.000 -0.060 
350.000 -0.106 
351.000 -0.140 
352.000 -0.069 
353.000 0.053 
354.000 0.218 
355.000 0.349 
356.000 0.513 
357.000 0.549 
358.000 0.541 
359.000 0.394 
360.000 0.212 
361.000 0.067 
362.000 -0.031 
363.000 -0.089 
364.000 -0.147 
365.000 -0.102 
366.000 0.110 
367.000 0.366 
368.000 0.614 
369.000 0.827 
370.000 0.997 
371.000 1.056 
372.000 1.102 
373.000 0.923 
374.000 0.608 
375.000 0.332 
376.000 0.142 
377.000 0.028 
378.000 -0.050 
379.000 0.002 
380.000 0.144 
381.000 0.331 
382.000 0.537 
383.000 0.734 
384.000 0.891 
385.000 0.996 
386.000 1.048 
387.000 1.016 
388.000 0.846 
389.000 0.569 
390.000 0.321 
391.000 0.146 
392.000 0.027 
393.000 0.031 
394.000 0.153 
395.000 0.335 
396.000 0.539 
397.000 0.749 
398.000 0.911 
399.000 1.035 
400.000 1.072 
401.000 1.072 
402.000 0.898 
403.000 0.603 
404.000 0.338 
405.000 0.152 
406.000 0.037 
407.000 0.016 
408.000 0.122 
409.000 0.298 
410.000 0.509 
411.000 0.725 
412.000 0.910 
413.000 1.043 
414.000 1.115 
415.000 1.128 
416.000 0.986 
417.000 0.686 
418.000 0.396 
419.000 0.190 
420.000 0.058 
421.000 -0.016 
422.000 0.040 
423.000 0.190 
424.000 0.393 
425.000 0.615 
426.000 0.831 
427.000 0.998 
428.000 1.114 
429.000 1.155 
430.000 1.116 
431.000 0.898 
432.000 0.572 
433.000 0.307 
434.000 0.129 
435.000 0.012 
436.000 0.024 
437.000 0.181 
438.000 0.395 
439.000 0.635 
440.000 0.872 
441.000 1.062 
442.000 1.182 
443.000 1.234 
444.000 1.170 
445.000 0.894 
446.000 0.540 
447.000 0.274 
448.000 0.103 
449.000 -0.014 
450.000 -0.004 
451.000 0.162 
452.000 0.390 
453.000 0.646 
454.000 0.903 
455.000 1.113 
456.000 1.240 
457.000 1.299 
458.000 1.220 
459.000 0.899 
460.000 0.527 
461.000 0.258 
462.000 0.087 
463.000 -0.030 
464.000 -0.023 
465.000 0.147 
466.000 0.388 
467.000 0.661 
468.000 0.936 
469.000 1.168 
470.000 1.300 
471.000 1.367 
472.000 1.267 
473.000 0.898 
474.000 0.512 
475.000 0.241 
476.000 0.072 
477.000 -0.043 
478.000 -0.038 
479.000 0.138 
480.000 0.391 
481.000 0.679 
482.000 0.971 
483.000 1.221 
484.000 1.358 
485.000 1.429 
486.000 1.582 
487.000 1.826 
488.000 2.109 
489.000 2.420 
490.000 2.754 
491.000 3.067 
492.000 3.291 
493.000 3.375 
494.000 3.284 
495.000 3.081 
496.000 2.781 
497.000 2.483 
498.000 2.199 
499.000 2.000 
500.000 1.903 
501.000 1.929 
502.000 2.077 
503.000 2.311 
504.000 2.599 
505.000 2.914 
506.000 3.228 
507.000 3.480 
508.000 3.605 
509.000 3.550 
510.000 3.349 
511.000 3.043 
512.000 2.669 
513.000 2.317 
514.000 2.054 
515.000 1.901 
516.000 1.883 
517.000 1.998 
518.000 2.213 
519.000 2.491 
520.000 2.803 
521.000 3.127 
522.000 3.432 
523.000 3.655 
524.000 3.735 
525.000 3.629 
526.000 3.396 
527.000 3.055 
528.000 2.636 
529.000 2.267 
530.000 2.010 
531.000 1.886 
532.000 1.914 
533.000 2.070 
534.000 2.312 
535.000 2.605 
536.000 2.923 
537.000 3.247 
538.000 3.550 
539.000 3.771 
540.000 3.851 
541.000 3.752 
542.000 3.515 
543.000 3.157 
544.000 2.698 
545.000 2.277 
546.000 1.991 
547.000 1.857 
548.000 1.883 
549.000 2.038 
550.000 2.280 
551.000 2.574 
552.000 2.895 
553.000 3.222 
554.000 3.541 
555.000 3.805 
556.000 3.952 
557.000 3.938 
558.000 3.746 
559.000 3.444 
560.000 2.993 
561.000 2.465 
562.000 2.061 
563.000 1.824 
564.000 1.763 
565.000 1.859 
566.000 2.065 
567.000 2.341 
568.000 2.658 
569.000 2.991 
570.000 3.324 
571.000 3.643 
572.000 3.907 
573.000 4.058 
574.000 4.052 
575.000 3.866 
576.000 3.554 
577.000 3.079 
578.000 2.481 
579.000 1.998 
580.000 1.708 
581.000 1.625 
582.000 1.713 
583.000 1.919 
584.000 2.201 
585.000 2.527 
586.000 2.871 
587.000 3.216 
588.000 3.549 
589.000 3.858 
590.000 4.092 
591.000 4.196 
592.000 4.138 
593.000 3.913 
594.000 3.519 
595.000 2.901 
596.000 2.163 
597.000 1.611 
598.000 1.306 
599.000 1.235 
600.000 1.346 
601.000 1.582 
602.000 1.899 
603.000 2.259 
604.000 2.639 
605.000 3.017 
606.000 3.381 
607.000 3.720 
608.000 4.030 
609.000 4.308 
610.000 4.552 
611.000 4.764 
612.000 4.944 
613.000 5.096 
614.000 5.223 
615.000 5.326 
616.000 5.409 
617.000 5.475 
618.000 5.525 
619.000 5.560 
620.000 5.575 
621.000 5.572 
622.000 5.553 
623.000 5.521 
624.000 5.482 
625.000 5.444 
626.000 5.414 
627.000 5.399 
628.000 5.395 
629.000 5.400 
630.000 5.410 
631.000 5.424 
632.000 5.441 
633.000 5.458 
634.000 5.475 
635.000 5.492 
636.000 5.508 
637.000 5.522 
638.000 5.535 
639.000 5.546 
640.000 5.556 
641.000 5.564 
642.000 5.571 
643.000 5.575 
644.000 5.577 
645.000 5.576 
646.000 5.572 
647.000 5.565 
648.000 5.558 
649.000 5.551 
650.000 5.546 
651.000 5.543 
652.000 5.543 
653.000 5.545 
654.000 5.548 
655.000 5.552 
656.000 5.557 
657.000 5.561 
658.000 5.566 
659.000 5.570 
660.000 5.574 
661.000 5.577 
662.000 5.580 
663.000 5.581 
664.000 5.581 
665.000 5.579 
666.000 5.576 
667.000 5.572 
668.000 5.568 
669.000 5.564 
670.000 5.562 
671.000 5.562 
672.000 5.563 
673.000 5.564 
674.000 5.567 
675.000 5.569 
676.000 5.572 
677.000 5.575 
678.000 5.578 
679.000 5.580 
680.000 5.582 
681.000 5.584 
682.000 5.584 
683.000 5.583 
684.000 5.582 
685.000 5.579 
686.000 5.577 
687.000 5.574 
688.000 5.572 
689.000 5.571 
690.000 5.571 
691.000 5.572 
692.000 5.573 
693.000 5.575 
694.000 5.577 
695.000 5.579 
696.000 5.581 
697.000 5.583 
698.000 5.585 
699.000 5.586 
700.000 5.587 
701.000 5.586 
702.000 5.585 
703.000 5.584 
704.000 5.582 
705.000 5.580 
706.000 5.578 
707.000 5.577 
708.000 5.577 
709.000 5.577 
710.000 5.578 
711.000 5.579 
712.000 5.581 
713.000 5.582 
714.000 5.584 
715.000 5.585 
716.000 5.587 
717.000 5.588 
718.000 5.588 
719.000 5.588 
720.000 5.588 
721.000 5.587 
722.000 5.585 
723.000 5.584 
724.000 5.582 
725.000 5.581 
726.000 5.581 
727.000 5.581 
728.000 5.582 
729.000 5.583 
730.000 5.584 
731.000 5.585 
732.000 5.586 
733.000 5.587 
734.000 5.588 
735.000 5.589 
736.000 5.590 
737.000 5.590 
738.000 5.590 
739.000 5.589 
740.000 5.588 
741.000 5.587 
742.000 5.585 
743.000 5.585 
744.000 5.584 
745.000 5.584 
746.000 5.585 
747.000 5.585 
748.000 5.586 
749.000 5.587 
750.000 5.588 
751.000 5.589 
752.000 5.589 
753.000 5.590 
754.000 5.591 
755.000 5.591 
756.000 5.591 
757.000 5.590 
758.000 5.590 
759.000 5.589 
760.000 5.588 
761.000 5.587 
762.000 5.587 
763.000 5.587 
764.000 5.587 
765.000 5.587 
766.000 5.588 
767.000 5.588 
768.000 5.589 
769.000 5.590 
770.000 5.590 
771.000 5.591 
772.000 5.591 
773.000 5.592 
774.000 5.592 
775.000 5.591 
776.000 5.591 
777.000 5.590 
778.000 5.590 
779.000 5.589 
780.000 5.589 
781.000 5.588 
782.000 5.589 
783.000 5.589 
784.000 5.589 
785.000 5.590 
786.000 5.590 
787.000 5.591 
788.000 5.591 
789.000 5.592 
790.000 5.592 
791.000 5.592 
792.000 5.592 
793.000 5.592 
794.000 5.592 
795.000 5.591 
796.000 5.591 
797.000 5.590 
798.000 5.590 
799.000 5.590 
800.000 5.590 
