1.000 0.000 
2.000 0.000 
3.000 0.000 
4.000 0.000 
5.000 0.000 
6.000 0.000 
7.000 0.000 
8.000 0.000 
9.000 0.000 
10.000 0.000 
11.000 0.000 
12.000 -0.013 
13.000 -0.031 
14.000 -0.040 
15.000 -0.043 
16.000 -0.043 
17.000 -0.042 
18.000 -0.038 
19.000 -0.034 
20.000 -0.031 
21.000 -0.030 
22.000 -0.030 
23.000 -0.030 
24.000 -0.031 
25.000 -0.033 
26.000 -0.034 
27.000 -0.034 
28.000 -0.034 
29.000 -0.034 
30.000 -0.034 
31.000 -0.034 
32.000 -0.034 
33.000 -0.034 
34.000 -0.034 
35.000 -0.034 
36.000 -0.034 
37.000 -0.034 
38.000 -0.034 
39.000 -0.035 
40.000 -0.035 
41.000 -0.035 
42.000 -0.035 
43.000 -0.035 
44.000 -0.035 
45.000 -0.035 
46.000 -0.035 
47.000 -0.035 
48.000 -0.035 
49.000 -0.035 
50.000 -0.035 
51.000 -0.035 
52.000 -0.036 
53.000 -0.036 
54.000 -0.036 
55.000 -0.036 
56.000 -0.036 
57.000 -0.036 
58.000 -0.036 
59.000 -0.036 
60.000 -0.036 
61.000 -0.036 
62.000 -0.036 
63.000 -0.036 
64.000 -0.037 
65.000 -0.037 
66.000 -0.037 
67.000 -0.037 
68.000 -0.037 
69.000 -0.037 
70.000 -0.037 
71.000 -0.037 
72.000 -0.037 
73.000 -0.037 
74.000 -0.037 
75.000 -0.037 
76.000 -0.038 
77.000 -0.038 
78.000 -0.038 
79.000 -0.038 
80.000 -0.038 
81.000 -0.038 
82.000 -0.038 
83.000 -0.038 
84.000 -0.038 
85.000 -0.038 
86.000 -0.038 
87.000 -0.038 
88.000 -0.038 
89.000 -0.039 
90.000 -0.039 
91.000 -0.039 
92.000 -0.039 
93.000 -0.039 
94.000 -0.039 
95.000 -0.039 
96.000 -0.039 
97.000 -0.039 
98.000 -0.039 
99.000 -0.039 
100.000 -0.039 
101.000 -0.040 
102.000 -0.040 
103.000 -0.040 
104.000 -0.040 
105.000 -0.040 
106.000 -0.040 
107.000 -0.040 
108.000 -0.040 
109.000 -0.040 
110.000 -0.040 
111.000 -0.040 
112.000 -0.040 
113.000 -0.040 
114.000 -0.040 
115.000 -0.041 
116.000 -0.041 
117.000 -0.041 
118.000 -0.041 
119.000 -0.041 
120.000 -0.041 
121.000 -0.041 
122.000 -0.041 
123.000 -0.041 
124.000 -0.041 
125.000 -0.041 
126.000 -0.037 
127.000 -0.030 
128.000 -0.027 
129.000 -0.026 
130.000 -0.026 
131.000 -0.026 
132.000 -0.028 
133.000 -0.029 
134.000 -0.031 
135.000 -0.031 
136.000 -0.031 
137.000 -0.031 
138.000 -0.031 
139.000 -0.031 
140.000 -0.030 
141.000 -0.030 
142.000 -0.030 
143.000 -0.030 
144.000 -0.030 
145.000 -0.030 
146.000 -0.031 
147.000 -0.031 
148.000 -0.031 
149.000 -0.031 
150.000 -0.031 
151.000 -0.031 
152.000 -0.031 
153.000 -0.031 
154.000 -0.031 
155.000 -0.031 
156.000 -0.031 
157.000 -0.031 
158.000 -0.031 
159.000 -0.031 
160.000 -0.031 
161.000 -0.031 
162.000 -0.031 
163.000 -0.031 
164.000 -0.031 
165.000 -0.031 
166.000 -0.031 
167.000 -0.031 
168.000 -0.031 
169.000 -0.032 
170.000 -0.032 
171.000 -0.032 
172.000 -0.032 
173.000 -0.032 
174.000 -0.032 
175.000 -0.032 
176.000 -0.032 
177.000 -0.032 
178.000 -0.032 
179.000 -0.032 
180.000 -0.032 
181.000 -0.032 
182.000 -0.032 
183.000 -0.032 
184.000 -0.032 
185.000 -0.032 
186.000 -0.032 
187.000 -0.032 
188.000 -0.032 
189.000 -0.032 
190.000 -0.032 
191.000 -0.032 
192.000 -0.032 
193.000 -0.032 
194.000 -0.033 
195.000 -0.033 
196.000 -0.033 
197.000 -0.033 
198.000 -0.033 
199.000 -0.033 
200.000 -0.033 
201.000 -0.033 
202.000 -0.033 
203.000 -0.033 
204.000 -0.033 
205.000 -0.033 
206.000 -0.033 
207.000 -0.033 
208.000 -0.033 
209.000 -0.033 
210.000 -0.033 
211.000 -0.033 
212.000 -0.033 
213.000 -0.033 
214.000 -0.033 
215.000 -0.033 
216.000 -0.033 
217.000 -0.033 
218.000 -0.033 
219.000 -0.033 
220.000 -0.034 
221.000 -0.034 
222.000 -0.034 
223.000 -0.034 
224.000 -0.034 
225.000 -0.034 
226.000 -0.034 
227.000 -0.034 
228.000 -0.034 
229.000 -0.034 
230.000 -0.034 
231.000 -0.034 
232.000 -0.034 
233.000 -0.034 
234.000 -0.034 
235.000 -0.034 
236.000 -0.034 
237.000 -0.034 
238.000 -0.034 
239.000 -0.034 
240.000 -0.034 
241.000 -0.034 
242.000 -0.034 
243.000 -0.034 
244.000 -0.034 
245.000 -0.034 
246.000 0.010 
247.000 0.035 
248.000 0.041 
249.000 0.048 
250.000 0.054 
251.000 0.052 
252.000 0.047 
253.000 0.043 
254.000 0.041 
255.000 0.039 
256.000 0.039 
257.000 0.040 
258.000 0.042 
259.000 0.044 
260.000 0.046 
261.000 0.047 
262.000 0.047 
263.000 0.048 
264.000 0.047 
265.000 0.047 
266.000 0.047 
267.000 0.047 
268.000 0.047 
269.000 0.048 
270.000 0.048 
271.000 0.049 
272.000 0.049 
273.000 0.050 
274.000 0.050 
275.000 0.051 
276.000 0.051 
277.000 0.051 
278.000 0.052 
279.000 0.052 
280.000 0.052 
281.000 0.053 
282.000 0.053 
283.000 0.054 
284.000 0.054 
285.000 0.054 
286.000 0.055 
287.000 0.055 
288.000 0.056 
289.000 0.056 
290.000 0.056 
291.000 0.057 
292.000 0.057 
293.000 0.057 
294.000 0.058 
295.000 0.058 
296.000 0.059 
297.000 0.059 
298.000 0.060 
299.000 0.060 
300.000 0.060 
301.000 0.061 
302.000 0.061 
303.000 0.062 
304.000 0.062 
305.000 0.062 
306.000 0.063 
307.000 0.063 
308.000 0.064 
309.000 0.064 
310.000 0.065 
311.000 0.065 
312.000 0.065 
313.000 0.066 
314.000 0.066 
315.000 0.067 
316.000 0.067 
317.000 0.068 
318.000 0.068 
319.000 0.069 
320.000 0.069 
321.000 0.069 
322.000 0.070 
323.000 0.070 
324.000 0.071 
325.000 0.071 
326.000 0.072 
327.000 0.072 
328.000 0.073 
329.000 0.073 
330.000 0.074 
331.000 0.074 
332.000 0.075 
333.000 0.075 
334.000 0.076 
335.000 0.076 
336.000 0.076 
337.000 0.077 
338.000 0.077 
339.000 0.078 
340.000 0.078 
341.000 0.079 
342.000 0.079 
343.000 0.080 
344.000 0.080 
345.000 0.081 
346.000 0.081 
347.000 0.082 
348.000 0.082 
349.000 0.083 
350.000 0.083 
351.000 0.084 
352.000 0.084 
353.000 0.085 
354.000 0.085 
355.000 0.086 
356.000 0.087 
357.000 0.087 
358.000 0.088 
359.000 0.088 
360.000 0.089 
361.000 0.089 
362.000 0.090 
363.000 0.090 
364.000 0.091 
365.000 0.091 
366.000 0.192 
367.000 0.299 
368.000 0.383 
369.000 0.447 
370.000 0.494 
371.000 0.507 
372.000 0.486 
373.000 0.445 
374.000 0.396 
375.000 0.350 
376.000 0.314 
377.000 0.296 
378.000 0.299 
379.000 0.318 
380.000 0.350 
381.000 0.388 
382.000 0.427 
383.000 0.460 
384.000 0.484 
385.000 0.496 
386.000 0.496 
387.000 0.486 
388.000 0.470 
389.000 0.452 
390.000 0.436 
391.000 0.426 
392.000 0.424 
393.000 0.431 
394.000 0.447 
395.000 0.468 
396.000 0.491 
397.000 0.515 
398.000 0.536 
399.000 0.551 
400.000 0.560 
401.000 0.561 
402.000 0.557 
403.000 0.548 
404.000 0.538 
405.000 0.529 
406.000 0.523 
407.000 0.523 
408.000 0.529 
409.000 0.541 
410.000 0.558 
411.000 0.579 
412.000 0.600 
413.000 0.620 
414.000 0.637 
415.000 0.648 
416.000 0.653 
417.000 0.651 
418.000 0.644 
419.000 0.634 
420.000 0.622 
421.000 0.612 
422.000 0.606 
423.000 0.606 
424.000 0.613 
425.000 0.627 
426.000 0.648 
427.000 0.673 
428.000 0.699 
429.000 0.724 
430.000 0.744 
431.000 0.758 
432.000 0.763 
433.000 0.759 
434.000 0.745 
435.000 0.725 
436.000 0.700 
437.000 0.675 
438.000 0.656 
439.000 0.644 
440.000 0.645 
441.000 0.659 
442.000 0.687 
443.000 0.724 
444.000 0.769 
445.000 0.816 
446.000 0.859 
447.000 0.894 
448.000 0.916 
449.000 0.919 
450.000 0.900 
451.000 0.859 
452.000 0.799 
453.000 0.725 
454.000 0.649 
455.000 0.583 
456.000 0.540 
457.000 0.527 
458.000 0.551 
459.000 0.609 
460.000 0.697 
461.000 0.804 
462.000 0.921 
463.000 1.037 
464.000 1.141 
465.000 1.221 
466.000 1.265 
467.000 1.258 
468.000 1.182 
469.000 1.021 
470.000 0.782 
471.000 0.521 
472.000 0.306 
473.000 0.157 
474.000 0.078 
475.000 0.084 
476.000 0.182 
477.000 0.351 
478.000 0.564 
479.000 0.799 
480.000 1.038 
481.000 1.264 
482.000 1.466 
483.000 1.634 
484.000 1.761 
485.000 1.836 
486.000 1.981 
487.000 2.175 
488.000 2.383 
489.000 2.595 
490.000 2.809 
491.000 3.018 
492.000 3.214 
493.000 3.393 
494.000 3.549 
495.000 3.679 
496.000 3.783 
497.000 3.859 
498.000 3.906 
499.000 3.927 
500.000 3.925 
501.000 3.901 
502.000 3.860 
503.000 3.807 
504.000 3.745 
505.000 3.678 
506.000 3.611 
507.000 3.548 
508.000 3.490 
509.000 3.441 
510.000 3.402 
511.000 3.373 
512.000 3.356 
513.000 3.349 
514.000 3.353 
515.000 3.365 
516.000 3.384 
517.000 3.409 
518.000 3.438 
519.000 3.470 
520.000 3.502 
521.000 3.534 
522.000 3.563 
523.000 3.590 
524.000 3.613 
525.000 3.631 
526.000 3.645 
527.000 3.654 
528.000 3.658 
529.000 3.658 
530.000 3.654 
531.000 3.646 
532.000 3.637 
533.000 3.625 
534.000 3.612 
535.000 3.599 
536.000 3.586 
537.000 3.574 
538.000 3.564 
539.000 3.555 
540.000 3.547 
541.000 3.542 
542.000 3.539 
543.000 3.538 
544.000 3.539 
545.000 3.541 
546.000 3.545 
547.000 3.549 
548.000 3.555 
549.000 3.560 
550.000 3.566 
551.000 3.572 
552.000 3.577 
553.000 3.581 
554.000 3.585 
555.000 3.588 
556.000 3.590 
557.000 3.591 
558.000 3.592 
559.000 3.591 
560.000 3.590 
561.000 3.589 
562.000 3.587 
563.000 3.584 
564.000 3.582 
565.000 3.580 
566.000 3.577 
567.000 3.575 
568.000 3.573 
569.000 3.572 
570.000 3.571 
571.000 3.570 
572.000 3.569 
573.000 3.569 
574.000 3.569 
575.000 3.570 
576.000 3.571 
577.000 3.572 
578.000 3.573 
579.000 3.574 
580.000 3.575 
581.000 3.576 
582.000 3.576 
583.000 3.577 
584.000 3.578 
585.000 3.578 
586.000 3.579 
587.000 3.579 
588.000 3.579 
589.000 3.579 
590.000 3.579 
591.000 3.578 
592.000 3.578 
593.000 3.577 
594.000 3.577 
595.000 3.577 
596.000 3.576 
597.000 3.576 
598.000 3.575 
599.000 3.575 
600.000 3.575 
601.000 3.575 
602.000 3.575 
603.000 3.575 
604.000 3.575 
605.000 3.575 
606.000 3.630 
607.000 3.742 
608.000 3.890 
609.000 4.058 
610.000 4.234 
611.000 4.409 
612.000 4.577 
613.000 4.734 
614.000 4.877 
615.000 5.005 
616.000 5.117 
617.000 5.214 
618.000 5.297 
619.000 5.367 
620.000 5.425 
621.000 5.472 
622.000 5.510 
623.000 5.540 
624.000 5.563 
625.000 5.581 
626.000 5.594 
627.000 5.603 
628.000 5.609 
629.000 5.613 
630.000 5.615 
631.000 5.616 
632.000 5.615 
633.000 5.614 
634.000 5.613 
635.000 5.611 
636.000 5.609 
637.000 5.607 
638.000 5.606 
639.000 5.604 
640.000 5.602 
641.000 5.601 
642.000 5.600 
643.000 5.599 
644.000 5.598 
645.000 5.597 
646.000 5.596 
647.000 5.596 
648.000 5.595 
649.000 5.595 
650.000 5.595 
651.000 5.594 
652.000 5.594 
653.000 5.594 
654.000 5.594 
655.000 5.594 
656.000 5.594 
657.000 5.594 
658.000 5.594 
659.000 5.594 
660.000 5.594 
661.000 5.594 
662.000 5.594 
663.000 5.594 
664.000 5.594 
665.000 5.594 
666.000 5.594 
667.000 5.594 
668.000 5.594 
669.000 5.594 
670.000 5.594 
671.000 5.594 
672.000 5.594 
673.000 5.594 
674.000 5.594 
675.000 5.594 
676.000 5.594 
677.000 5.594 
678.000 5.594 
679.000 5.594 
680.000 5.594 
681.000 5.594 
682.000 5.594 
683.000 5.594 
684.000 5.594 
685.000 5.594 
686.000 5.594 
687.000 5.594 
688.000 5.594 
689.000 5.594 
690.000 5.594 
691.000 5.594 
692.000 5.594 
693.000 5.594 
694.000 5.594 
695.000 5.594 
696.000 5.594 
697.000 5.594 
698.000 5.594 
699.000 5.594 
700.000 5.594 
701.000 5.594 
702.000 5.594 
703.000 5.594 
704.000 5.594 
705.000 5.594 
706.000 5.594 
707.000 5.594 
708.000 5.594 
709.000 5.594 
710.000 5.594 
711.000 5.594 
712.000 5.594 
713.000 5.594 
714.000 5.594 
715.000 5.594 
716.000 5.594 
717.000 5.594 
718.000 5.594 
719.000 5.594 
720.000 5.594 
721.000 5.594 
722.000 5.594 
723.000 5.594 
724.000 5.594 
725.000 5.594 
726.000 5.594 
727.000 5.594 
728.000 5.594 
729.000 5.594 
730.000 5.594 
731.000 5.594 
732.000 5.594 
733.000 5.594 
734.000 5.594 
735.000 5.594 
736.000 5.594 
737.000 5.594 
738.000 5.594 
739.000 5.594 
740.000 5.594 
741.000 5.594 
742.000 5.594 
743.000 5.594 
744.000 5.594 
745.000 5.594 
746.000 5.594 
747.000 5.594 
748.000 5.594 
749.000 5.594 
750.000 5.594 
751.000 5.594 
752.000 5.594 
753.000 5.594 
754.000 5.594 
755.000 5.594 
756.000 5.594 
757.000 5.594 
758.000 5.594 
759.000 5.594 
760.000 5.594 
761.000 5.594 
762.000 5.594 
763.000 5.594 
764.000 5.594 
765.000 5.594 
766.000 5.594 
767.000 5.594 
768.000 5.594 
769.000 5.594 
770.000 5.594 
771.000 5.594 
772.000 5.594 
773.000 5.594 
774.000 5.594 
775.000 5.594 
776.000 5.594 
777.000 5.594 
778.000 5.594 
779.000 5.594 
780.000 5.594 
781.000 5.594 
782.000 5.594 
783.000 5.594 
784.000 5.594 
785.000 5.594 
786.000 5.594 
787.000 5.594 
788.000 5.594 
789.000 5.594 
790.000 5.594 
791.000 5.594 
792.000 5.594 
793.000 5.594 
794.000 5.594 
795.000 5.594 
796.000 5.594 
797.000 5.594 
798.000 5.594 
799.000 5.594 
800.000 5.594 
