1.000 0.000 
2.000 0.000 
3.000 0.000 
4.000 0.000 
5.000 0.000 
6.000 0.000 
7.000 0.000 
8.000 0.000 
9.000 0.000 
10.000 0.000 
11.000 0.000 
12.000 -0.002 
13.000 -0.005 
14.000 -0.008 
15.000 -0.010 
16.000 -0.012 
17.000 -0.013 
18.000 -0.014 
19.000 -0.014 
20.000 -0.014 
21.000 -0.014 
22.000 -0.014 
23.000 -0.014 
24.000 -0.014 
25.000 -0.014 
26.000 -0.014 
27.000 -0.014 
28.000 -0.014 
29.000 -0.014 
30.000 -0.014 
31.000 -0.014 
32.000 -0.014 
33.000 -0.014 
34.000 -0.014 
35.000 -0.014 
36.000 -0.014 
37.000 -0.014 
38.000 -0.014 
39.000 -0.014 
40.000 -0.014 
41.000 -0.014 
42.000 -0.014 
43.000 -0.015 
44.000 -0.015 
45.000 -0.015 
46.000 -0.015 
47.000 -0.015 
48.000 -0.015 
49.000 -0.015 
50.000 -0.015 
51.000 -0.015 
52.000 -0.015 
53.000 -0.015 
54.000 -0.015 
55.000 -0.015 
56.000 -0.015 
57.000 -0.015 
58.000 -0.015 
59.000 -0.015 
60.000 -0.015 
61.000 -0.015 
62.000 -0.016 
63.000 -0.016 
64.000 -0.016 
65.000 -0.016 
66.000 -0.016 
67.000 -0.016 
68.000 -0.016 
69.000 -0.016 
70.000 -0.016 
71.000 -0.016 
72.000 -0.016 
73.000 -0.016 
74.000 -0.016 
75.000 -0.016 
76.000 -0.016 
77.000 -0.016 
78.000 -0.016 
79.000 -0.016 
80.000 -0.016 
81.000 -0.017 
82.000 -0.017 
83.000 -0.017 
84.000 -0.017 
85.000 -0.017 
86.000 -0.017 
87.000 -0.017 
88.000 -0.017 
89.000 -0.017 
90.000 -0.017 
91.000 -0.017 
92.000 -0.017 
93.000 -0.017 
94.000 -0.017 
95.000 -0.017 
96.000 -0.017 
97.000 -0.017 
98.000 -0.017 
99.000 -0.017 
100.000 -0.018 
101.000 -0.018 
102.000 -0.018 
103.000 -0.018 
104.000 -0.018 
105.000 -0.018 
106.000 -0.018 
107.000 -0.018 
108.000 -0.018 
109.000 -0.018 
110.000 -0.018 
111.000 -0.018 
112.000 -0.018 
113.000 -0.018 
114.000 -0.018 
115.000 -0.018 
116.000 -0.018 
117.000 -0.018 
118.000 -0.018 
119.000 -0.018 
120.000 -0.019 
121.000 -0.019 
122.000 -0.019 
123.000 -0.019 
124.000 -0.019 
125.000 -0.019 
126.000 -0.018 
127.000 -0.017 
128.000 -0.016 
129.000 -0.015 
130.000 -0.014 
131.000 -0.014 
132.000 -0.014 
133.000 -0.014 
134.000 -0.014 
135.000 -0.014 
136.000 -0.014 
137.000 -0.014 
138.000 -0.014 
139.000 -0.014 
140.000 -0.014 
141.000 -0.014 
142.000 -0.014 
143.000 -0.014 
144.000 -0.014 
145.000 -0.014 
146.000 -0.014 
147.000 -0.014 
148.000 -0.014 
149.000 -0.014 
150.000 -0.014 
151.000 -0.014 
152.000 -0.015 
153.000 -0.015 
154.000 -0.015 
155.000 -0.015 
156.000 -0.015 
157.000 -0.015 
158.000 -0.015 
159.000 -0.015 
160.000 -0.015 
161.000 -0.015 
162.000 -0.015 
163.000 -0.015 
164.000 -0.015 
165.000 -0.015 
166.000 -0.015 
167.000 -0.015 
168.000 -0.015 
169.000 -0.015 
170.000 -0.015 
171.000 -0.015 
172.000 -0.015 
173.000 -0.015 
174.000 -0.015 
175.000 -0.015 
176.000 -0.015 
177.000 -0.015 
178.000 -0.015 
179.000 -0.015 
180.000 -0.015 
181.000 -0.015 
182.000 -0.015 
183.000 -0.015 
184.000 -0.015 
185.000 -0.015 
186.000 -0.015 
187.000 -0.016 
188.000 -0.016 
189.000 -0.016 
190.000 -0.016 
191.000 -0.016 
192.000 -0.016 
193.000 -0.016 
194.000 -0.016 
195.000 -0.016 
196.000 -0.016 
197.000 -0.016 
198.000 -0.016 
199.000 -0.016 
200.000 -0.016 
201.000 -0.016 
202.000 -0.016 
203.000 -0.016 
204.000 -0.016 
205.000 -0.016 
206.000 -0.016 
207.000 -0.016 
208.000 -0.016 
209.000 -0.016 
210.000 -0.016 
211.000 -0.016 
212.000 -0.016 
213.000 -0.016 
214.000 -0.016 
215.000 -0.016 
216.000 -0.016 
217.000 -0.016 
218.000 -0.016 
219.000 -0.016 
220.000 -0.016 
221.000 -0.016 
222.000 -0.016 
223.000 -0.016 
224.000 -0.017 
225.000 -0.017 
226.000 -0.017 
227.000 -0.017 
228.000 -0.017 
229.000 -0.017 
230.000 -0.017 
231.000 -0.017 
232.000 -0.017 
233.000 -0.017 
234.000 -0.017 
235.000 -0.017 
236.000 -0.017 
237.000 -0.017 
238.000 -0.017 
239.000 -0.017 
240.000 -0.017 
241.000 -0.017 
242.000 -0.017 
243.000 -0.017 
244.000 -0.017 
245.000 -0.017 
246.000 -0.014 
247.000 -0.008 
248.000 -0.002 
249.000 0.002 
250.000 0.006 
251.000 0.006 
252.000 0.007 
253.000 0.006 
254.000 0.005 
255.000 0.004 
256.000 0.003 
257.000 0.004 
258.000 0.006 
259.000 0.008 
260.000 0.010 
261.000 0.012 
262.000 0.012 
263.000 0.012 
264.000 0.011 
265.000 0.011 
266.000 0.010 
267.000 0.010 
268.000 0.012 
269.000 0.013 
270.000 0.016 
271.000 0.018 
272.000 0.019 
273.000 0.019 
274.000 0.017 
275.000 0.016 
276.000 0.015 
277.000 0.014 
278.000 0.015 
279.000 0.018 
280.000 0.024 
281.000 0.033 
282.000 0.041 
283.000 0.044 
284.000 0.040 
285.000 0.032 
286.000 0.024 
287.000 0.018 
288.000 0.014 
289.000 0.014 
290.000 0.021 
291.000 0.043 
292.000 0.093 
293.000 0.200 
294.000 0.373 
295.000 0.246 
296.000 0.103 
297.000 0.027 
298.000 -0.009 
299.000 -0.023 
300.000 -0.026 
301.000 -0.022 
302.000 -0.010 
303.000 0.011 
304.000 0.052 
305.000 0.135 
306.000 0.202 
307.000 0.157 
308.000 0.098 
309.000 0.056 
310.000 0.028 
311.000 0.011 
312.000 0.002 
313.000 0.001 
314.000 0.010 
315.000 0.034 
316.000 0.087 
317.000 0.196 
318.000 0.409 
319.000 0.312 
320.000 0.185 
321.000 0.100 
322.000 0.046 
323.000 0.014 
324.000 -0.004 
325.000 -0.011 
326.000 -0.009 
327.000 0.003 
328.000 0.029 
329.000 0.083 
330.000 0.195 
331.000 0.410 
332.000 0.291 
333.000 0.149 
334.000 0.065 
335.000 0.018 
336.000 -0.005 
337.000 -0.016 
338.000 -0.017 
339.000 -0.009 
340.000 0.009 
341.000 0.048 
342.000 0.127 
343.000 0.283 
344.000 0.433 
345.000 0.304 
346.000 0.167 
347.000 0.081 
348.000 0.029 
349.000 0.002 
350.000 -0.012 
351.000 -0.014 
352.000 -0.008 
353.000 0.009 
354.000 0.045 
355.000 0.121 
356.000 0.272 
357.000 0.520 
358.000 0.337 
359.000 0.141 
360.000 0.038 
361.000 -0.012 
362.000 -0.031 
363.000 -0.035 
364.000 -0.030 
365.000 -0.016 
366.000 0.019 
367.000 0.109 
368.000 0.299 
369.000 0.612 
370.000 1.018 
371.000 1.215 
372.000 0.912 
373.000 0.616 
374.000 0.377 
375.000 0.203 
376.000 0.094 
377.000 0.030 
378.000 0.002 
379.000 0.006 
380.000 0.057 
381.000 0.190 
382.000 0.450 
383.000 0.825 
384.000 1.267 
385.000 0.849 
386.000 0.463 
387.000 0.232 
388.000 0.088 
389.000 0.015 
390.000 -0.021 
391.000 -0.025 
392.000 0.009 
393.000 0.107 
394.000 0.317 
395.000 0.650 
396.000 1.069 
397.000 1.534 
398.000 1.027 
399.000 0.570 
400.000 0.292 
401.000 0.119 
402.000 0.027 
403.000 -0.019 
404.000 -0.031 
405.000 -0.011 
406.000 0.063 
407.000 0.233 
408.000 0.527 
409.000 0.924 
410.000 1.378 
411.000 0.923 
412.000 0.508 
413.000 0.258 
414.000 0.101 
415.000 0.020 
416.000 -0.020 
417.000 -0.026 
418.000 0.008 
419.000 0.108 
420.000 0.323 
421.000 0.661 
422.000 1.083 
423.000 1.550 
424.000 1.037 
425.000 0.577 
426.000 0.297 
427.000 0.121 
428.000 0.028 
429.000 -0.018 
430.000 -0.029 
431.000 -0.004 
432.000 0.081 
433.000 0.271 
434.000 0.586 
435.000 0.995 
436.000 1.455 
437.000 0.974 
438.000 0.539 
439.000 0.276 
440.000 0.110 
441.000 0.024 
442.000 -0.019 
443.000 -0.026 
444.000 0.009 
445.000 0.115 
446.000 0.342 
447.000 0.691 
448.000 1.120 
449.000 1.589 
450.000 1.063 
451.000 0.593 
452.000 0.306 
453.000 0.126 
454.000 0.031 
455.000 -0.017 
456.000 -0.028 
457.000 0.001 
458.000 0.097 
459.000 0.306 
460.000 0.640 
461.000 1.060 
462.000 1.526 
463.000 1.021 
464.000 0.568 
465.000 0.293 
466.000 0.119 
467.000 0.028 
468.000 -0.018 
469.000 -0.025 
470.000 0.011 
471.000 0.123 
472.000 0.361 
473.000 0.720 
474.000 1.156 
475.000 1.629 
476.000 1.090 
477.000 0.609 
478.000 0.316 
479.000 0.131 
480.000 0.033 
481.000 -0.016 
482.000 -0.027 
483.000 0.006 
484.000 0.111 
485.000 0.338 
486.000 0.689 
487.000 1.119 
488.000 1.590 
489.000 2.072 
490.000 1.382 
491.000 0.803 
492.000 0.450 
493.000 0.170 
494.000 0.059 
495.000 -0.017 
496.000 0.058 
497.000 0.299 
498.000 0.667 
499.000 1.109 
500.000 1.589 
501.000 2.078 
502.000 1.386 
503.000 0.809 
504.000 0.453 
505.000 0.166 
506.000 0.056 
507.000 -0.021 
508.000 0.059 
509.000 0.306 
510.000 0.677 
511.000 1.122 
512.000 1.604 
513.000 2.093 
514.000 1.396 
515.000 0.817 
516.000 0.457 
517.000 0.164 
518.000 0.054 
519.000 -0.025 
520.000 0.059 
521.000 0.311 
522.000 0.686 
523.000 1.134 
524.000 1.616 
525.000 2.106 
526.000 1.405 
527.000 0.824 
528.000 0.461 
529.000 0.160 
530.000 0.051 
531.000 -0.030 
532.000 0.058 
533.000 0.316 
534.000 0.694 
535.000 1.144 
536.000 1.628 
537.000 2.117 
538.000 1.413 
539.000 0.831 
540.000 0.464 
541.000 0.157 
542.000 0.048 
543.000 -0.035 
544.000 0.056 
545.000 0.319 
546.000 0.701 
547.000 1.153 
548.000 1.638 
549.000 2.128 
550.000 2.603 
551.000 1.731 
552.000 1.016 
553.000 0.576 
554.000 0.221 
555.000 0.084 
556.000 -0.012 
557.000 0.066 
558.000 0.317 
559.000 0.691 
560.000 1.137 
561.000 1.619 
562.000 2.107 
563.000 2.582 
564.000 1.717 
565.000 1.010 
566.000 0.571 
567.000 0.213 
568.000 0.079 
569.000 -0.018 
570.000 0.065 
571.000 0.322 
572.000 0.699 
573.000 1.148 
574.000 1.631 
575.000 2.120 
576.000 2.595 
577.000 1.726 
578.000 1.018 
579.000 0.575 
580.000 0.211 
581.000 0.077 
582.000 -0.022 
583.000 0.064 
584.000 0.325 
585.000 0.705 
586.000 1.156 
587.000 1.640 
588.000 2.129 
589.000 2.604 
590.000 1.732 
591.000 1.023 
592.000 0.579 
593.000 0.215 
594.000 0.080 
595.000 -0.023 
596.000 0.064 
597.000 0.328 
598.000 0.711 
599.000 1.163 
600.000 1.647 
601.000 2.136 
602.000 2.611 
603.000 1.736 
604.000 1.028 
605.000 0.583 
606.000 0.241 
607.000 0.100 
608.000 -0.003 
609.000 0.119 
610.000 0.409 
611.000 0.806 
612.000 1.265 
613.000 1.751 
614.000 2.238 
615.000 2.707 
616.000 3.146 
617.000 2.085 
618.000 1.258 
619.000 0.729 
620.000 0.318 
621.000 0.145 
622.000 0.016 
623.000 0.118 
624.000 0.394 
625.000 0.783 
626.000 1.236 
627.000 1.719 
628.000 2.204 
629.000 2.674 
630.000 3.115 
631.000 3.519 
632.000 2.327 
633.000 1.397 
634.000 0.811 
635.000 0.356 
636.000 0.168 
637.000 0.036 
638.000 0.138 
639.000 0.412 
640.000 0.799 
641.000 1.251 
642.000 1.732 
643.000 2.215 
644.000 2.683 
645.000 3.123 
646.000 3.526 
647.000 3.888 
648.000 2.837 
649.000 2.043 
650.000 1.600 
651.000 1.434 
652.000 1.471 
653.000 1.650 
654.000 1.923 
655.000 2.252 
656.000 2.610 
657.000 2.973 
658.000 3.328 
659.000 3.664 
660.000 3.973 
661.000 4.252 
662.000 4.499 
663.000 4.715 
664.000 4.901 
665.000 5.058 
666.000 5.189 
667.000 5.297 
668.000 5.384 
669.000 5.454 
670.000 5.509 
671.000 5.550 
672.000 5.582 
673.000 5.604 
674.000 5.620 
675.000 5.630 
676.000 5.636 
677.000 5.639 
678.000 5.639 
679.000 5.637 
680.000 5.635 
681.000 5.631 
682.000 5.627 
683.000 5.623 
684.000 5.620 
685.000 5.616 
686.000 5.613 
687.000 5.609 
688.000 5.607 
689.000 5.604 
690.000 5.602 
691.000 5.600 
692.000 5.599 
693.000 5.598 
694.000 5.597 
695.000 5.596 
696.000 5.595 
697.000 5.595 
698.000 5.594 
699.000 5.594 
700.000 5.594 
701.000 5.594 
702.000 5.594 
703.000 5.594 
704.000 5.594 
705.000 5.594 
706.000 5.594 
707.000 5.594 
708.000 5.594 
709.000 5.594 
710.000 5.594 
711.000 5.594 
712.000 5.594 
713.000 5.594 
714.000 5.594 
715.000 5.594 
716.000 5.594 
717.000 5.594 
718.000 5.594 
719.000 5.594 
720.000 5.594 
721.000 5.594 
722.000 5.594 
723.000 5.594 
724.000 5.594 
725.000 5.594 
726.000 5.594 
727.000 5.594 
728.000 5.594 
729.000 5.594 
730.000 5.594 
731.000 5.594 
732.000 5.594 
733.000 5.594 
734.000 5.594 
735.000 5.594 
736.000 5.594 
737.000 5.594 
738.000 5.594 
739.000 5.594 
740.000 5.594 
741.000 5.594 
742.000 5.594 
743.000 5.594 
744.000 5.594 
745.000 5.594 
746.000 5.594 
747.000 5.594 
748.000 5.594 
749.000 5.594 
750.000 5.594 
751.000 5.594 
752.000 5.594 
753.000 5.594 
754.000 5.594 
755.000 5.594 
756.000 5.594 
757.000 5.594 
758.000 5.594 
759.000 5.594 
760.000 5.594 
761.000 5.594 
762.000 5.594 
763.000 5.594 
764.000 5.594 
765.000 5.594 
766.000 5.594 
767.000 5.594 
768.000 5.594 
769.000 5.594 
770.000 5.594 
771.000 5.594 
772.000 5.594 
773.000 5.594 
774.000 5.594 
775.000 5.594 
776.000 5.594 
777.000 5.594 
778.000 5.594 
779.000 5.594 
780.000 5.594 
781.000 5.594 
782.000 5.594 
783.000 5.594 
784.000 5.594 
785.000 5.594 
786.000 5.594 
787.000 5.594 
788.000 5.594 
789.000 5.594 
790.000 5.594 
791.000 5.594 
792.000 5.594 
793.000 5.594 
794.000 5.594 
795.000 5.594 
796.000 5.594 
797.000 5.594 
798.000 5.594 
799.000 5.594 
800.000 5.594 
