1.000 0.000 
2.000 0.000 
3.000 0.000 
4.000 0.000 
5.000 0.000 
6.000 0.000 
7.000 0.000 
8.000 0.000 
9.000 0.000 
10.000 0.000 
11.000 0.000 
12.000 -0.043 
13.000 -0.090 
14.000 -0.114 
15.000 -0.127 
16.000 -0.135 
17.000 -0.155 
18.000 -0.106 
19.000 -0.036 
20.000 0.018 
21.000 0.050 
22.000 0.100 
23.000 0.062 
24.000 -0.015 
25.000 -0.080 
26.000 -0.122 
27.000 -0.147 
28.000 -0.160 
29.000 -0.140 
30.000 -0.067 
31.000 0.035 
32.000 0.116 
33.000 0.171 
34.000 0.134 
35.000 0.037 
36.000 -0.048 
37.000 -0.102 
38.000 -0.135 
39.000 -0.152 
40.000 -0.166 
41.000 -0.104 
42.000 0.001 
43.000 0.083 
44.000 0.138 
45.000 0.179 
46.000 0.094 
47.000 -0.004 
48.000 -0.074 
49.000 -0.118 
50.000 -0.145 
51.000 -0.193 
52.000 -0.140 
53.000 -0.056 
54.000 0.047 
55.000 0.119 
56.000 0.252 
57.000 0.275 
58.000 0.138 
59.000 0.015 
60.000 -0.064 
61.000 -0.112 
62.000 -0.141 
63.000 -0.179 
64.000 -0.124 
65.000 -0.008 
66.000 0.075 
67.000 0.140 
68.000 0.217 
69.000 0.141 
70.000 0.031 
71.000 -0.052 
72.000 -0.105 
73.000 -0.137 
74.000 -0.157 
75.000 -0.124 
76.000 -0.052 
77.000 0.038 
78.000 0.101 
79.000 0.139 
80.000 0.078 
81.000 -0.009 
82.000 -0.077 
83.000 -0.120 
84.000 -0.146 
85.000 -0.165 
86.000 -0.142 
87.000 -0.072 
88.000 0.008 
89.000 0.069 
90.000 0.108 
91.000 0.064 
92.000 -0.014 
93.000 -0.079 
94.000 -0.121 
95.000 -0.147 
96.000 -0.158 
97.000 -0.160 
98.000 -0.100 
99.000 -0.025 
100.000 0.034 
101.000 0.057 
102.000 0.043 
103.000 -0.018 
104.000 -0.081 
105.000 -0.122 
106.000 -0.147 
107.000 -0.161 
108.000 -0.195 
109.000 -0.157 
110.000 -0.086 
111.000 -0.023 
112.000 0.015 
113.000 0.093 
114.000 0.098 
115.000 0.017 
116.000 -0.059 
117.000 -0.109 
118.000 -0.139 
119.000 -0.157 
120.000 -0.205 
121.000 -0.166 
122.000 -0.091 
123.000 -0.024 
124.000 0.020 
125.000 0.125 
126.000 0.170 
127.000 0.072 
128.000 -0.025 
129.000 -0.088 
130.000 -0.127 
131.000 -0.150 
132.000 -0.194 
133.000 -0.142 
134.000 -0.031 
135.000 0.049 
136.000 0.131 
137.000 0.228 
138.000 0.160 
139.000 0.047 
140.000 -0.042 
141.000 -0.099 
142.000 -0.133 
143.000 -0.152 
144.000 -0.112 
145.000 -0.036 
146.000 0.078 
147.000 0.130 
148.000 0.171 
149.000 0.112 
150.000 0.016 
151.000 -0.061 
152.000 -0.110 
153.000 -0.140 
154.000 -0.159 
155.000 -0.125 
156.000 -0.056 
157.000 0.043 
158.000 0.099 
159.000 0.151 
160.000 0.108 
161.000 0.016 
162.000 -0.061 
163.000 -0.110 
164.000 -0.140 
165.000 -0.153 
166.000 -0.145 
167.000 -0.084 
168.000 0.011 
169.000 0.072 
170.000 0.111 
171.000 0.095 
172.000 0.015 
173.000 -0.061 
174.000 -0.110 
175.000 -0.140 
176.000 -0.157 
177.000 -0.195 
178.000 -0.144 
179.000 -0.052 
180.000 0.031 
181.000 0.097 
182.000 0.201 
183.000 0.174 
184.000 0.063 
185.000 -0.032 
186.000 -0.092 
187.000 -0.129 
188.000 -0.152 
189.000 -0.185 
190.000 -0.129 
191.000 -0.030 
192.000 0.034 
193.000 0.088 
194.000 0.160 
195.000 0.096 
196.000 0.002 
197.000 -0.070 
198.000 -0.116 
199.000 -0.143 
200.000 -0.166 
201.000 -0.127 
202.000 -0.060 
203.000 0.027 
204.000 0.083 
205.000 0.143 
206.000 0.101 
207.000 0.011 
208.000 -0.064 
209.000 -0.112 
210.000 -0.141 
211.000 -0.154 
212.000 -0.154 
213.000 -0.094 
214.000 -0.002 
215.000 0.061 
216.000 0.094 
217.000 0.087 
218.000 0.012 
219.000 -0.062 
220.000 -0.111 
221.000 -0.140 
222.000 -0.158 
223.000 -0.205 
224.000 -0.161 
225.000 -0.078 
226.000 0.005 
227.000 0.067 
228.000 0.191 
229.000 0.202 
230.000 0.087 
231.000 -0.016 
232.000 -0.083 
233.000 -0.124 
234.000 -0.148 
235.000 -0.191 
236.000 -0.140 
237.000 -0.036 
238.000 0.029 
239.000 0.079 
240.000 0.163 
241.000 0.115 
242.000 0.019 
243.000 -0.059 
244.000 -0.109 
245.000 -0.139 
246.000 -0.144 
247.000 -0.057 
248.000 0.114 
249.000 0.232 
250.000 0.411 
251.000 0.472 
252.000 0.354 
253.000 0.175 
254.000 0.036 
255.000 -0.052 
256.000 -0.105 
257.000 -0.131 
258.000 -0.055 
259.000 0.106 
260.000 0.226 
261.000 0.405 
262.000 0.475 
263.000 0.407 
264.000 0.218 
265.000 0.063 
266.000 -0.035 
267.000 -0.095 
268.000 -0.159 
269.000 -0.090 
270.000 0.030 
271.000 0.214 
272.000 0.326 
273.000 0.494 
274.000 0.507 
275.000 0.290 
276.000 0.109 
277.000 -0.008 
278.000 -0.079 
279.000 -0.121 
280.000 -0.136 
281.000 -0.045 
282.000 0.121 
283.000 0.243 
284.000 0.420 
285.000 0.492 
286.000 0.375 
287.000 0.189 
288.000 0.045 
289.000 -0.047 
290.000 -0.102 
291.000 -0.132 
292.000 -0.056 
293.000 0.103 
294.000 0.231 
295.000 0.411 
296.000 0.495 
297.000 0.456 
298.000 0.257 
299.000 0.090 
300.000 -0.019 
301.000 -0.085 
302.000 -0.121 
303.000 -0.090 
304.000 0.018 
305.000 0.192 
306.000 0.313 
307.000 0.483 
308.000 0.525 
309.000 0.327 
310.000 0.140 
311.000 0.013 
312.000 -0.066 
313.000 -0.114 
314.000 -0.132 
315.000 -0.041 
316.000 0.125 
317.000 0.254 
318.000 0.433 
319.000 0.516 
320.000 0.415 
321.000 0.218 
322.000 0.062 
323.000 -0.036 
324.000 -0.095 
325.000 -0.158 
326.000 -0.112 
327.000 0.026 
328.000 0.162 
329.000 0.348 
330.000 0.470 
331.000 0.611 
332.000 0.555 
333.000 0.315 
334.000 0.123 
335.000 0.001 
336.000 -0.074 
337.000 -0.114 
338.000 -0.100 
339.000 0.008 
340.000 0.180 
341.000 0.309 
342.000 0.482 
343.000 0.544 
344.000 0.361 
345.000 0.168 
346.000 0.030 
347.000 -0.056 
348.000 -0.107 
349.000 -0.129 
350.000 -0.037 
351.000 0.128 
352.000 0.265 
353.000 0.445 
354.000 0.538 
355.000 0.450 
356.000 0.243 
357.000 0.078 
358.000 -0.026 
359.000 -0.090 
360.000 -0.170 
361.000 -0.126 
362.000 -0.022 
363.000 0.143 
364.000 0.271 
365.000 0.447 
366.000 0.732 
367.000 0.924 
368.000 1.086 
369.000 1.076 
370.000 0.737 
371.000 0.403 
372.000 0.173 
373.000 0.030 
374.000 -0.053 
375.000 -0.070 
376.000 0.065 
377.000 0.261 
378.000 0.478 
379.000 0.700 
380.000 0.896 
381.000 1.029 
382.000 0.989 
383.000 0.626 
384.000 0.321 
385.000 0.121 
386.000 -0.001 
387.000 -0.125 
388.000 -0.095 
389.000 0.059 
390.000 0.273 
391.000 0.512 
392.000 0.767 
393.000 0.988 
394.000 1.139 
395.000 1.084 
396.000 0.684 
397.000 0.356 
398.000 0.142 
399.000 0.011 
400.000 -0.117 
401.000 -0.090 
402.000 0.077 
403.000 0.310 
404.000 0.574 
405.000 0.855 
406.000 1.105 
407.000 1.260 
408.000 1.120 
409.000 0.683 
410.000 0.348 
411.000 0.136 
412.000 0.008 
413.000 -0.072 
414.000 0.037 
415.000 0.242 
416.000 0.505 
417.000 0.792 
418.000 1.079 
419.000 1.291 
420.000 1.367 
421.000 0.978 
422.000 0.558 
423.000 0.267 
424.000 0.087 
425.000 -0.022 
426.000 -0.087 
427.000 0.043 
428.000 0.274 
429.000 0.564 
430.000 0.876 
431.000 1.187 
432.000 1.416 
433.000 1.446 
434.000 0.978 
435.000 0.548 
436.000 0.260 
437.000 0.082 
438.000 -0.025 
439.000 -0.089 
440.000 0.048 
441.000 0.295 
442.000 0.603 
443.000 0.937 
444.000 1.272 
445.000 1.523 
446.000 1.553 
447.000 1.050 
448.000 0.592 
449.000 0.286 
450.000 0.098 
451.000 -0.016 
452.000 -0.084 
453.000 0.054 
454.000 0.309 
455.000 0.632 
456.000 0.985 
457.000 1.340 
458.000 1.614 
459.000 1.667 
460.000 1.147 
461.000 0.656 
462.000 0.325 
463.000 0.121 
464.000 -0.002 
465.000 -0.077 
466.000 0.059 
467.000 0.319 
468.000 0.654 
469.000 1.021 
470.000 1.395 
471.000 1.688 
472.000 1.772 
473.000 1.252 
474.000 0.727 
475.000 0.368 
476.000 0.147 
477.000 0.014 
478.000 -0.069 
479.000 0.063 
480.000 0.327 
481.000 0.670 
482.000 1.049 
483.000 1.437 
484.000 1.747 
485.000 1.861 
486.000 2.018 
487.000 2.261 
488.000 2.558 
489.000 2.872 
490.000 3.192 
491.000 3.508 
492.000 3.762 
493.000 3.882 
494.000 3.816 
495.000 3.363 
496.000 2.208 
497.000 1.295 
498.000 0.708 
499.000 0.277 
500.000 0.167 
501.000 0.289 
502.000 0.571 
503.000 0.958 
504.000 1.403 
505.000 1.874 
506.000 2.346 
507.000 2.800 
508.000 3.226 
509.000 3.615 
510.000 3.964 
511.000 4.229 
512.000 4.339 
513.000 4.237 
514.000 3.716 
515.000 2.443 
516.000 1.440 
517.000 0.795 
518.000 0.288 
519.000 0.060 
520.000 0.104 
521.000 0.338 
522.000 0.699 
523.000 1.137 
524.000 1.612 
525.000 2.096 
526.000 2.568 
527.000 3.015 
528.000 3.428 
529.000 3.800 
530.000 4.130 
531.000 4.418 
532.000 4.614 
533.000 4.660 
534.000 4.520 
535.000 4.105 
536.000 2.949 
537.000 1.790 
538.000 1.012 
539.000 0.418 
540.000 0.110 
541.000 0.095 
542.000 0.288 
543.000 0.622 
544.000 1.043 
545.000 1.509 
546.000 1.991 
547.000 2.467 
548.000 2.919 
549.000 3.339 
550.000 3.720 
551.000 4.059 
552.000 4.356 
553.000 4.613 
554.000 4.813 
555.000 4.911 
556.000 4.871 
557.000 4.677 
558.000 4.316 
559.000 3.570 
560.000 2.294 
561.000 1.340 
562.000 0.608 
563.000 0.251 
564.000 0.197 
565.000 0.359 
566.000 0.667 
567.000 1.069 
568.000 1.521 
569.000 1.992 
570.000 2.459 
571.000 2.907 
572.000 3.323 
573.000 3.702 
574.000 4.041 
575.000 4.339 
576.000 4.596 
577.000 4.815 
578.000 4.996 
579.000 5.103 
580.000 5.101 
581.000 4.977 
582.000 4.731 
583.000 4.381 
584.000 3.904 
585.000 3.163 
586.000 2.035 
587.000 1.217 
588.000 0.799 
589.000 0.681 
590.000 0.780 
591.000 1.028 
592.000 1.374 
593.000 1.775 
594.000 2.200 
595.000 2.628 
596.000 3.040 
597.000 3.427 
598.000 3.782 
599.000 4.100 
600.000 4.381 
601.000 4.625 
602.000 4.834 
603.000 5.010 
604.000 5.142 
605.000 5.201 
606.000 5.244 
607.000 5.287 
608.000 5.329 
609.000 5.368 
610.000 5.404 
611.000 5.437 
612.000 5.466 
613.000 5.492 
614.000 5.513 
615.000 5.532 
616.000 5.547 
617.000 5.560 
618.000 5.570 
619.000 5.578 
620.000 5.584 
621.000 5.589 
622.000 5.593 
623.000 5.596 
624.000 5.597 
625.000 5.598 
626.000 5.599 
627.000 5.599 
628.000 5.599 
629.000 5.599 
630.000 5.599 
631.000 5.599 
632.000 5.598 
633.000 5.598 
634.000 5.597 
635.000 5.597 
636.000 5.596 
637.000 5.596 
638.000 5.596 
639.000 5.595 
640.000 5.595 
641.000 5.595 
642.000 5.595 
643.000 5.595 
644.000 5.594 
645.000 5.594 
646.000 5.594 
647.000 5.594 
648.000 5.594 
649.000 5.594 
650.000 5.594 
651.000 5.594 
652.000 5.594 
653.000 5.594 
654.000 5.594 
655.000 5.594 
656.000 5.594 
657.000 5.594 
658.000 5.594 
659.000 5.594 
660.000 5.594 
661.000 5.594 
662.000 5.594 
663.000 5.594 
664.000 5.594 
665.000 5.594 
666.000 5.594 
667.000 5.594 
668.000 5.594 
669.000 5.594 
670.000 5.594 
671.000 5.594 
672.000 5.594 
673.000 5.594 
674.000 5.594 
675.000 5.594 
676.000 5.594 
677.000 5.594 
678.000 5.594 
679.000 5.594 
680.000 5.594 
681.000 5.594 
682.000 5.594 
683.000 5.594 
684.000 5.594 
685.000 5.594 
686.000 5.594 
687.000 5.594 
688.000 5.594 
689.000 5.594 
690.000 5.594 
691.000 5.594 
692.000 5.594 
693.000 5.594 
694.000 5.594 
695.000 5.594 
696.000 5.594 
697.000 5.594 
698.000 5.594 
699.000 5.594 
700.000 5.594 
701.000 5.594 
702.000 5.594 
703.000 5.594 
704.000 5.594 
705.000 5.594 
706.000 5.594 
707.000 5.594 
708.000 5.594 
709.000 5.594 
710.000 5.594 
711.000 5.594 
712.000 5.594 
713.000 5.594 
714.000 5.594 
715.000 5.594 
716.000 5.594 
717.000 5.594 
718.000 5.594 
719.000 5.594 
720.000 5.594 
721.000 5.594 
722.000 5.594 
723.000 5.594 
724.000 5.594 
725.000 5.594 
726.000 5.594 
727.000 5.594 
728.000 5.594 
729.000 5.594 
730.000 5.594 
731.000 5.594 
732.000 5.594 
733.000 5.594 
734.000 5.594 
735.000 5.594 
736.000 5.594 
737.000 5.594 
738.000 5.594 
739.000 5.594 
740.000 5.594 
741.000 5.594 
742.000 5.594 
743.000 5.594 
744.000 5.594 
745.000 5.594 
746.000 5.594 
747.000 5.594 
748.000 5.594 
749.000 5.594 
750.000 5.594 
751.000 5.594 
752.000 5.594 
753.000 5.594 
754.000 5.594 
755.000 5.594 
756.000 5.594 
757.000 5.594 
758.000 5.594 
759.000 5.594 
760.000 5.594 
761.000 5.594 
762.000 5.594 
763.000 5.594 
764.000 5.594 
765.000 5.594 
766.000 5.594 
767.000 5.594 
768.000 5.594 
769.000 5.594 
770.000 5.594 
771.000 5.594 
772.000 5.594 
773.000 5.594 
774.000 5.594 
775.000 5.594 
776.000 5.594 
777.000 5.594 
778.000 5.594 
779.000 5.594 
780.000 5.594 
781.000 5.594 
782.000 5.594 
783.000 5.594 
784.000 5.594 
785.000 5.594 
786.000 5.594 
787.000 5.594 
788.000 5.594 
789.000 5.594 
790.000 5.594 
791.000 5.594 
792.000 5.594 
793.000 5.594 
794.000 5.594 
795.000 5.594 
796.000 5.594 
797.000 5.594 
798.000 5.594 
799.000 5.594 
800.000 5.594 
