1.000 0.000 
2.000 0.000 
3.000 0.000 
4.000 0.000 
5.000 0.000 
6.000 0.000 
7.000 0.000 
8.000 0.000 
9.000 0.000 
10.000 0.000 
11.000 0.000 
12.000 -0.013 
13.000 -0.032 
14.000 -0.040 
15.000 -0.043 
16.000 -0.044 
17.000 -0.043 
18.000 -0.039 
19.000 -0.035 
20.000 -0.032 
21.000 -0.031 
22.000 -0.030 
23.000 -0.031 
24.000 -0.032 
25.000 -0.033 
26.000 -0.034 
27.000 -0.035 
28.000 -0.035 
29.000 -0.035 
30.000 -0.035 
31.000 -0.035 
32.000 -0.035 
33.000 -0.035 
34.000 -0.035 
35.000 -0.035 
36.000 -0.035 
37.000 -0.035 
38.000 -0.035 
39.000 -0.035 
40.000 -0.035 
41.000 -0.035 
42.000 -0.036 
43.000 -0.036 
44.000 -0.036 
45.000 -0.036 
46.000 -0.036 
47.000 -0.036 
48.000 -0.036 
49.000 -0.036 
50.000 -0.036 
51.000 -0.036 
52.000 -0.036 
53.000 -0.036 
54.000 -0.036 
55.000 -0.037 
56.000 -0.037 
57.000 -0.037 
58.000 -0.037 
59.000 -0.037 
60.000 -0.037 
61.000 -0.037 
62.000 -0.037 
63.000 -0.037 
64.000 -0.037 
65.000 -0.037 
66.000 -0.037 
67.000 -0.038 
68.000 -0.038 
69.000 -0.038 
70.000 -0.038 
71.000 -0.038 
72.000 -0.038 
73.000 -0.038 
74.000 -0.038 
75.000 -0.038 
76.000 -0.038 
77.000 -0.038 
78.000 -0.038 
79.000 -0.039 
80.000 -0.039 
81.000 -0.039 
82.000 -0.039 
83.000 -0.039 
84.000 -0.039 
85.000 -0.039 
86.000 -0.039 
87.000 -0.039 
88.000 -0.039 
89.000 -0.039 
90.000 -0.039 
91.000 -0.040 
92.000 -0.040 
93.000 -0.040 
94.000 -0.040 
95.000 -0.040 
96.000 -0.040 
97.000 -0.040 
98.000 -0.040 
99.000 -0.040 
100.000 -0.040 
101.000 -0.040 
102.000 -0.040 
103.000 -0.040 
104.000 -0.041 
105.000 -0.041 
106.000 -0.041 
107.000 -0.041 
108.000 -0.041 
109.000 -0.041 
110.000 -0.041 
111.000 -0.041 
112.000 -0.041 
113.000 -0.041 
114.000 -0.041 
115.000 -0.041 
116.000 -0.041 
117.000 -0.042 
118.000 -0.042 
119.000 -0.042 
120.000 -0.042 
121.000 -0.042 
122.000 -0.042 
123.000 -0.042 
124.000 -0.042 
125.000 -0.042 
126.000 -0.037 
127.000 -0.030 
128.000 -0.027 
129.000 -0.026 
130.000 -0.026 
131.000 -0.027 
132.000 -0.028 
133.000 -0.030 
134.000 -0.031 
135.000 -0.032 
136.000 -0.032 
137.000 -0.032 
138.000 -0.032 
139.000 -0.031 
140.000 -0.031 
141.000 -0.031 
142.000 -0.031 
143.000 -0.031 
144.000 -0.031 
145.000 -0.031 
146.000 -0.031 
147.000 -0.031 
148.000 -0.031 
149.000 -0.031 
150.000 -0.031 
151.000 -0.031 
152.000 -0.031 
153.000 -0.031 
154.000 -0.031 
155.000 -0.032 
156.000 -0.032 
157.000 -0.032 
158.000 -0.032 
159.000 -0.032 
160.000 -0.032 
161.000 -0.032 
162.000 -0.032 
163.000 -0.032 
164.000 -0.032 
165.000 -0.032 
166.000 -0.032 
167.000 -0.032 
168.000 -0.032 
169.000 -0.032 
170.000 -0.032 
171.000 -0.032 
172.000 -0.032 
173.000 -0.032 
174.000 -0.032 
175.000 -0.032 
176.000 -0.032 
177.000 -0.032 
178.000 -0.032 
179.000 -0.033 
180.000 -0.033 
181.000 -0.033 
182.000 -0.033 
183.000 -0.033 
184.000 -0.033 
185.000 -0.033 
186.000 -0.033 
187.000 -0.033 
188.000 -0.033 
189.000 -0.033 
190.000 -0.033 
191.000 -0.033 
192.000 -0.033 
193.000 -0.033 
194.000 -0.033 
195.000 -0.033 
196.000 -0.033 
197.000 -0.033 
198.000 -0.033 
199.000 -0.033 
200.000 -0.033 
201.000 -0.033 
202.000 -0.033 
203.000 -0.033 
204.000 -0.034 
205.000 -0.034 
206.000 -0.034 
207.000 -0.034 
208.000 -0.034 
209.000 -0.034 
210.000 -0.034 
211.000 -0.034 
212.000 -0.034 
213.000 -0.034 
214.000 -0.034 
215.000 -0.034 
216.000 -0.034 
217.000 -0.034 
218.000 -0.034 
219.000 -0.034 
220.000 -0.034 
221.000 -0.034 
222.000 -0.034 
223.000 -0.034 
224.000 -0.034 
225.000 -0.034 
226.000 -0.034 
227.000 -0.034 
228.000 -0.034 
229.000 -0.034 
230.000 -0.035 
231.000 -0.035 
232.000 -0.035 
233.000 -0.035 
234.000 -0.035 
235.000 -0.035 
236.000 -0.035 
237.000 -0.035 
238.000 -0.035 
239.000 -0.035 
240.000 -0.035 
241.000 -0.035 
242.000 -0.035 
243.000 -0.035 
244.000 -0.035 
245.000 -0.035 
246.000 0.010 
247.000 0.035 
248.000 0.042 
249.000 0.050 
250.000 0.056 
251.000 0.055 
252.000 0.049 
253.000 0.045 
254.000 0.043 
255.000 0.040 
256.000 0.040 
257.000 0.041 
258.000 0.043 
259.000 0.045 
260.000 0.047 
261.000 0.048 
262.000 0.049 
263.000 0.049 
264.000 0.049 
265.000 0.049 
266.000 0.049 
267.000 0.049 
268.000 0.049 
269.000 0.049 
270.000 0.050 
271.000 0.050 
272.000 0.051 
273.000 0.051 
274.000 0.052 
275.000 0.052 
276.000 0.053 
277.000 0.053 
278.000 0.053 
279.000 0.054 
280.000 0.054 
281.000 0.054 
282.000 0.055 
283.000 0.055 
284.000 0.056 
285.000 0.056 
286.000 0.056 
287.000 0.057 
288.000 0.057 
289.000 0.058 
290.000 0.058 
291.000 0.058 
292.000 0.059 
293.000 0.059 
294.000 0.060 
295.000 0.060 
296.000 0.060 
297.000 0.061 
298.000 0.061 
299.000 0.062 
300.000 0.062 
301.000 0.063 
302.000 0.063 
303.000 0.063 
304.000 0.064 
305.000 0.064 
306.000 0.065 
307.000 0.065 
308.000 0.066 
309.000 0.066 
310.000 0.066 
311.000 0.067 
312.000 0.067 
313.000 0.068 
314.000 0.068 
315.000 0.069 
316.000 0.069 
317.000 0.070 
318.000 0.070 
319.000 0.070 
320.000 0.071 
321.000 0.071 
322.000 0.072 
323.000 0.072 
324.000 0.073 
325.000 0.073 
326.000 0.074 
327.000 0.074 
328.000 0.075 
329.000 0.075 
330.000 0.076 
331.000 0.076 
332.000 0.077 
333.000 0.077 
334.000 0.077 
335.000 0.078 
336.000 0.078 
337.000 0.079 
338.000 0.079 
339.000 0.080 
340.000 0.080 
341.000 0.081 
342.000 0.081 
343.000 0.082 
344.000 0.082 
345.000 0.083 
346.000 0.083 
347.000 0.084 
348.000 0.084 
349.000 0.085 
350.000 0.085 
351.000 0.086 
352.000 0.086 
353.000 0.087 
354.000 0.088 
355.000 0.088 
356.000 0.089 
357.000 0.089 
358.000 0.090 
359.000 0.090 
360.000 0.091 
361.000 0.091 
362.000 0.092 
363.000 0.092 
364.000 0.093 
365.000 0.093 
366.000 0.194 
367.000 0.300 
368.000 0.386 
369.000 0.452 
370.000 0.501 
371.000 0.517 
372.000 0.498 
373.000 0.458 
374.000 0.410 
375.000 0.361 
376.000 0.323 
377.000 0.303 
378.000 0.303 
379.000 0.321 
380.000 0.351 
381.000 0.390 
382.000 0.429 
383.000 0.464 
384.000 0.489 
385.000 0.504 
386.000 0.506 
387.000 0.497 
388.000 0.481 
389.000 0.462 
390.000 0.445 
391.000 0.433 
392.000 0.429 
393.000 0.434 
394.000 0.448 
395.000 0.468 
396.000 0.492 
397.000 0.516 
398.000 0.538 
399.000 0.555 
400.000 0.566 
401.000 0.569 
402.000 0.565 
403.000 0.557 
404.000 0.546 
405.000 0.536 
406.000 0.528 
407.000 0.526 
408.000 0.530 
409.000 0.540 
410.000 0.557 
411.000 0.577 
412.000 0.599 
413.000 0.620 
414.000 0.638 
415.000 0.651 
416.000 0.658 
417.000 0.658 
418.000 0.651 
419.000 0.641 
420.000 0.628 
421.000 0.616 
422.000 0.608 
423.000 0.605 
424.000 0.610 
425.000 0.622 
426.000 0.641 
427.000 0.665 
428.000 0.692 
429.000 0.718 
430.000 0.741 
431.000 0.758 
432.000 0.766 
433.000 0.765 
434.000 0.753 
435.000 0.733 
436.000 0.708 
437.000 0.681 
438.000 0.658 
439.000 0.643 
440.000 0.639 
441.000 0.649 
442.000 0.672 
443.000 0.708 
444.000 0.753 
445.000 0.801 
446.000 0.848 
447.000 0.887 
448.000 0.914 
449.000 0.924 
450.000 0.912 
451.000 0.876 
452.000 0.819 
453.000 0.745 
454.000 0.665 
455.000 0.592 
456.000 0.538 
457.000 0.515 
458.000 0.528 
459.000 0.578 
460.000 0.660 
461.000 0.766 
462.000 0.885 
463.000 1.005 
464.000 1.116 
465.000 1.206 
466.000 1.263 
467.000 1.272 
468.000 1.216 
469.000 1.075 
470.000 0.848 
471.000 0.579 
472.000 0.348 
473.000 0.183 
474.000 0.085 
475.000 0.068 
476.000 0.145 
477.000 0.300 
478.000 0.506 
479.000 0.738 
480.000 0.977 
481.000 1.208 
482.000 1.417 
483.000 1.594 
484.000 1.731 
485.000 1.817 
486.000 1.973 
487.000 2.179 
488.000 2.396 
489.000 2.617 
490.000 2.838 
491.000 3.052 
492.000 3.253 
493.000 3.433 
494.000 3.589 
495.000 3.717 
496.000 3.817 
497.000 3.887 
498.000 3.928 
499.000 3.941 
500.000 3.930 
501.000 3.898 
502.000 3.849 
503.000 3.788 
504.000 3.719 
505.000 3.647 
506.000 3.577 
507.000 3.512 
508.000 3.454 
509.000 3.406 
510.000 3.369 
511.000 3.344 
512.000 3.331 
513.000 3.330 
514.000 3.339 
515.000 3.356 
516.000 3.381 
517.000 3.411 
518.000 3.445 
519.000 3.480 
520.000 3.516 
521.000 3.549 
522.000 3.580 
523.000 3.607 
524.000 3.630 
525.000 3.647 
526.000 3.659 
527.000 3.665 
528.000 3.667 
529.000 3.664 
530.000 3.656 
531.000 3.646 
532.000 3.634 
533.000 3.620 
534.000 3.605 
535.000 3.590 
536.000 3.576 
537.000 3.564 
538.000 3.553 
539.000 3.545 
540.000 3.539 
541.000 3.535 
542.000 3.533 
543.000 3.533 
544.000 3.536 
545.000 3.540 
546.000 3.545 
547.000 3.551 
548.000 3.557 
549.000 3.564 
550.000 3.570 
551.000 3.576 
552.000 3.582 
553.000 3.586 
554.000 3.590 
555.000 3.592 
556.000 3.594 
557.000 3.594 
558.000 3.594 
559.000 3.593 
560.000 3.591 
561.000 3.588 
562.000 3.586 
563.000 3.583 
564.000 3.580 
565.000 3.577 
566.000 3.575 
567.000 3.573 
568.000 3.571 
569.000 3.569 
570.000 3.568 
571.000 3.568 
572.000 3.568 
573.000 3.568 
574.000 3.569 
575.000 3.570 
576.000 3.571 
577.000 3.572 
578.000 3.573 
579.000 3.575 
580.000 3.576 
581.000 3.577 
582.000 3.578 
583.000 3.578 
584.000 3.579 
585.000 3.579 
586.000 3.580 
587.000 3.580 
588.000 3.579 
589.000 3.579 
590.000 3.579 
591.000 3.578 
592.000 3.578 
593.000 3.577 
594.000 3.576 
595.000 3.576 
596.000 3.575 
597.000 3.575 
598.000 3.575 
599.000 3.575 
600.000 3.574 
601.000 3.574 
602.000 3.574 
603.000 3.575 
604.000 3.575 
605.000 3.575 
606.000 3.630 
607.000 3.742 
608.000 3.890 
609.000 4.059 
610.000 4.234 
611.000 4.410 
612.000 4.577 
613.000 4.734 
614.000 4.877 
615.000 5.005 
616.000 5.117 
617.000 5.214 
618.000 5.297 
619.000 5.367 
620.000 5.425 
621.000 5.472 
622.000 5.510 
623.000 5.540 
624.000 5.563 
625.000 5.581 
626.000 5.594 
627.000 5.603 
628.000 5.609 
629.000 5.613 
630.000 5.615 
631.000 5.616 
632.000 5.615 
633.000 5.614 
634.000 5.613 
635.000 5.611 
636.000 5.609 
637.000 5.607 
638.000 5.606 
639.000 5.604 
640.000 5.602 
641.000 5.601 
642.000 5.600 
643.000 5.599 
644.000 5.598 
645.000 5.597 
646.000 5.596 
647.000 5.596 
648.000 5.595 
649.000 5.595 
650.000 5.595 
651.000 5.594 
652.000 5.594 
653.000 5.594 
654.000 5.594 
655.000 5.594 
656.000 5.594 
657.000 5.594 
658.000 5.594 
659.000 5.594 
660.000 5.594 
661.000 5.594 
662.000 5.594 
663.000 5.594 
664.000 5.594 
665.000 5.594 
666.000 5.594 
667.000 5.594 
668.000 5.594 
669.000 5.594 
670.000 5.594 
671.000 5.594 
672.000 5.594 
673.000 5.594 
674.000 5.594 
675.000 5.594 
676.000 5.594 
677.000 5.594 
678.000 5.594 
679.000 5.594 
680.000 5.594 
681.000 5.594 
682.000 5.594 
683.000 5.594 
684.000 5.594 
685.000 5.594 
686.000 5.594 
687.000 5.594 
688.000 5.594 
689.000 5.594 
690.000 5.594 
691.000 5.594 
692.000 5.594 
693.000 5.594 
694.000 5.594 
695.000 5.594 
696.000 5.594 
697.000 5.594 
698.000 5.594 
699.000 5.594 
700.000 5.594 
701.000 5.594 
702.000 5.594 
703.000 5.594 
704.000 5.594 
705.000 5.594 
706.000 5.594 
707.000 5.594 
708.000 5.594 
709.000 5.594 
710.000 5.594 
711.000 5.594 
712.000 5.594 
713.000 5.594 
714.000 5.594 
715.000 5.594 
716.000 5.594 
717.000 5.594 
718.000 5.594 
719.000 5.594 
720.000 5.594 
721.000 5.594 
722.000 5.594 
723.000 5.594 
724.000 5.594 
725.000 5.594 
726.000 5.594 
727.000 5.594 
728.000 5.594 
729.000 5.594 
730.000 5.594 
731.000 5.594 
732.000 5.594 
733.000 5.594 
734.000 5.594 
735.000 5.594 
736.000 5.594 
737.000 5.594 
738.000 5.594 
739.000 5.594 
740.000 5.594 
741.000 5.594 
742.000 5.594 
743.000 5.594 
744.000 5.594 
745.000 5.594 
746.000 5.594 
747.000 5.594 
748.000 5.594 
749.000 5.594 
750.000 5.594 
751.000 5.594 
752.000 5.594 
753.000 5.594 
754.000 5.594 
755.000 5.594 
756.000 5.594 
757.000 5.594 
758.000 5.594 
759.000 5.594 
760.000 5.594 
761.000 5.594 
762.000 5.594 
763.000 5.594 
764.000 5.594 
765.000 5.594 
766.000 5.594 
767.000 5.594 
768.000 5.594 
769.000 5.594 
770.000 5.594 
771.000 5.594 
772.000 5.594 
773.000 5.594 
774.000 5.594 
775.000 5.594 
776.000 5.594 
777.000 5.594 
778.000 5.594 
779.000 5.594 
780.000 5.594 
781.000 5.594 
782.000 5.594 
783.000 5.594 
784.000 5.594 
785.000 5.594 
786.000 5.594 
787.000 5.594 
788.000 5.594 
789.000 5.594 
790.000 5.594 
791.000 5.594 
792.000 5.594 
793.000 5.594 
794.000 5.594 
795.000 5.594 
796.000 5.594 
797.000 5.594 
798.000 5.594 
799.000 5.594 
800.000 5.594 
