1.000 0.000 
2.000 0.000 
3.000 0.000 
4.000 0.000 
5.000 0.000 
6.000 0.000 
7.000 0.000 
8.000 0.000 
9.000 0.000 
10.000 0.000 
11.000 0.000 
12.000 -0.032 
13.000 -0.071 
14.000 -0.096 
15.000 -0.111 
16.000 -0.120 
17.000 -0.125 
18.000 -0.123 
19.000 -0.115 
20.000 -0.102 
21.000 -0.087 
22.000 -0.073 
23.000 -0.062 
24.000 -0.057 
25.000 -0.059 
26.000 -0.065 
27.000 -0.075 
28.000 -0.084 
29.000 -0.092 
30.000 -0.099 
31.000 -0.102 
32.000 -0.103 
33.000 -0.102 
34.000 -0.098 
35.000 -0.094 
36.000 -0.089 
37.000 -0.085 
38.000 -0.082 
39.000 -0.081 
40.000 -0.082 
41.000 -0.084 
42.000 -0.086 
43.000 -0.089 
44.000 -0.092 
45.000 -0.094 
46.000 -0.095 
47.000 -0.095 
48.000 -0.094 
49.000 -0.093 
50.000 -0.092 
51.000 -0.091 
52.000 -0.090 
53.000 -0.089 
54.000 -0.089 
55.000 -0.089 
56.000 -0.090 
57.000 -0.091 
58.000 -0.092 
59.000 -0.092 
60.000 -0.093 
61.000 -0.093 
62.000 -0.093 
63.000 -0.093 
64.000 -0.093 
65.000 -0.093 
66.000 -0.093 
67.000 -0.092 
68.000 -0.092 
69.000 -0.092 
70.000 -0.093 
71.000 -0.093 
72.000 -0.093 
73.000 -0.093 
74.000 -0.094 
75.000 -0.094 
76.000 -0.094 
77.000 -0.094 
78.000 -0.094 
79.000 -0.094 
80.000 -0.094 
81.000 -0.094 
82.000 -0.094 
83.000 -0.094 
84.000 -0.094 
85.000 -0.094 
86.000 -0.095 
87.000 -0.095 
88.000 -0.095 
89.000 -0.095 
90.000 -0.095 
91.000 -0.095 
92.000 -0.095 
93.000 -0.095 
94.000 -0.095 
95.000 -0.096 
96.000 -0.096 
97.000 -0.096 
98.000 -0.096 
99.000 -0.096 
100.000 -0.096 
101.000 -0.096 
102.000 -0.096 
103.000 -0.096 
104.000 -0.096 
105.000 -0.096 
106.000 -0.097 
107.000 -0.097 
108.000 -0.097 
109.000 -0.097 
110.000 -0.097 
111.000 -0.097 
112.000 -0.097 
113.000 -0.097 
114.000 -0.097 
115.000 -0.097 
116.000 -0.097 
117.000 -0.097 
118.000 -0.098 
119.000 -0.098 
120.000 -0.098 
121.000 -0.098 
122.000 -0.098 
123.000 -0.098 
124.000 -0.098 
125.000 -0.098 
126.000 -0.096 
127.000 -0.078 
128.000 -0.062 
129.000 -0.050 
130.000 -0.041 
131.000 -0.036 
132.000 -0.038 
133.000 -0.047 
134.000 -0.060 
135.000 -0.072 
136.000 -0.082 
137.000 -0.089 
138.000 -0.093 
139.000 -0.093 
140.000 -0.089 
141.000 -0.082 
142.000 -0.073 
143.000 -0.063 
144.000 -0.055 
145.000 -0.050 
146.000 -0.049 
147.000 -0.053 
148.000 -0.060 
149.000 -0.068 
150.000 -0.075 
151.000 -0.082 
152.000 -0.086 
153.000 -0.087 
154.000 -0.086 
155.000 -0.082 
156.000 -0.077 
157.000 -0.070 
158.000 -0.064 
159.000 -0.060 
160.000 -0.058 
161.000 -0.058 
162.000 -0.062 
163.000 -0.066 
164.000 -0.072 
165.000 -0.077 
166.000 -0.080 
167.000 -0.082 
168.000 -0.082 
169.000 -0.081 
170.000 -0.078 
171.000 -0.073 
172.000 -0.069 
173.000 -0.066 
174.000 -0.064 
175.000 -0.063 
176.000 -0.064 
177.000 -0.067 
178.000 -0.070 
179.000 -0.074 
180.000 -0.077 
181.000 -0.078 
182.000 -0.079 
183.000 -0.079 
184.000 -0.077 
185.000 -0.075 
186.000 -0.072 
187.000 -0.070 
188.000 -0.068 
189.000 -0.067 
190.000 -0.067 
191.000 -0.068 
192.000 -0.070 
193.000 -0.072 
194.000 -0.074 
195.000 -0.076 
196.000 -0.077 
197.000 -0.077 
198.000 -0.077 
199.000 -0.075 
200.000 -0.074 
201.000 -0.072 
202.000 -0.070 
203.000 -0.069 
204.000 -0.069 
205.000 -0.070 
206.000 -0.071 
207.000 -0.072 
208.000 -0.073 
209.000 -0.075 
210.000 -0.075 
211.000 -0.076 
212.000 -0.076 
213.000 -0.075 
214.000 -0.074 
215.000 -0.073 
216.000 -0.072 
217.000 -0.071 
218.000 -0.071 
219.000 -0.071 
220.000 -0.071 
221.000 -0.072 
222.000 -0.073 
223.000 -0.074 
224.000 -0.075 
225.000 -0.075 
226.000 -0.075 
227.000 -0.075 
228.000 -0.074 
229.000 -0.074 
230.000 -0.073 
231.000 -0.073 
232.000 -0.072 
233.000 -0.072 
234.000 -0.072 
235.000 -0.072 
236.000 -0.073 
237.000 -0.074 
238.000 -0.074 
239.000 -0.074 
240.000 -0.075 
241.000 -0.075 
242.000 -0.074 
243.000 -0.074 
244.000 -0.074 
245.000 -0.073 
246.000 0.024 
247.000 0.133 
248.000 0.308 
249.000 0.400 
250.000 0.551 
251.000 0.519 
252.000 0.466 
253.000 0.308 
254.000 0.146 
255.000 0.024 
256.000 -0.058 
257.000 -0.106 
258.000 -0.145 
259.000 -0.123 
260.000 -0.025 
261.000 0.127 
262.000 0.263 
263.000 0.431 
264.000 0.486 
265.000 0.595 
266.000 0.497 
267.000 0.322 
268.000 0.152 
269.000 0.024 
270.000 -0.059 
271.000 -0.108 
272.000 -0.147 
273.000 -0.127 
274.000 -0.026 
275.000 0.127 
276.000 0.268 
277.000 0.438 
278.000 0.496 
279.000 0.609 
280.000 0.512 
281.000 0.334 
282.000 0.160 
283.000 0.028 
284.000 -0.056 
285.000 -0.107 
286.000 -0.147 
287.000 -0.129 
288.000 -0.028 
289.000 0.125 
290.000 0.272 
291.000 0.442 
292.000 0.509 
293.000 0.627 
294.000 0.531 
295.000 0.349 
296.000 0.169 
297.000 0.034 
298.000 -0.053 
299.000 -0.105 
300.000 -0.147 
301.000 -0.133 
302.000 -0.032 
303.000 0.120 
304.000 0.274 
305.000 0.444 
306.000 0.540 
307.000 0.662 
308.000 0.557 
309.000 0.368 
310.000 0.182 
311.000 0.042 
312.000 -0.048 
313.000 -0.103 
314.000 -0.142 
315.000 -0.133 
316.000 -0.034 
317.000 0.115 
318.000 0.276 
319.000 0.442 
320.000 0.568 
321.000 0.677 
322.000 0.621 
323.000 0.436 
324.000 0.228 
325.000 0.072 
326.000 -0.030 
327.000 -0.092 
328.000 -0.126 
329.000 -0.145 
330.000 -0.061 
331.000 0.067 
332.000 0.241 
333.000 0.367 
334.000 0.532 
335.000 0.548 
336.000 0.595 
337.000 0.466 
338.000 0.270 
339.000 0.107 
340.000 -0.007 
341.000 -0.078 
342.000 -0.117 
343.000 -0.154 
344.000 -0.088 
345.000 0.033 
346.000 0.209 
347.000 0.346 
348.000 0.520 
349.000 0.562 
350.000 0.644 
351.000 0.522 
352.000 0.316 
353.000 0.138 
354.000 0.012 
355.000 -0.067 
356.000 -0.112 
357.000 -0.160 
358.000 -0.113 
359.000 0.007 
360.000 0.181 
361.000 0.324 
362.000 0.503 
363.000 0.568 
364.000 0.676 
365.000 0.562 
366.000 0.552 
367.000 0.484 
368.000 0.521 
369.000 0.490 
370.000 0.557 
371.000 0.616 
372.000 0.728 
373.000 0.752 
374.000 0.837 
375.000 0.813 
376.000 0.861 
377.000 0.758 
378.000 0.720 
379.000 0.602 
380.000 0.534 
381.000 0.451 
382.000 0.458 
383.000 0.477 
384.000 0.572 
385.000 0.667 
386.000 0.796 
387.000 0.855 
388.000 0.945 
389.000 0.891 
390.000 0.917 
391.000 0.787 
392.000 0.662 
393.000 0.494 
394.000 0.370 
395.000 0.281 
396.000 0.289 
397.000 0.364 
398.000 0.505 
399.000 0.671 
400.000 0.845 
401.000 0.963 
402.000 1.063 
403.000 1.046 
404.000 1.064 
405.000 0.868 
406.000 0.602 
407.000 0.349 
408.000 0.163 
409.000 0.050 
410.000 -0.001 
411.000 0.085 
412.000 0.273 
413.000 0.526 
414.000 0.797 
415.000 1.048 
416.000 1.200 
417.000 1.288 
418.000 1.235 
419.000 1.112 
420.000 0.758 
421.000 0.419 
422.000 0.184 
423.000 0.039 
424.000 -0.051 
425.000 -0.037 
426.000 0.160 
427.000 0.452 
428.000 0.780 
429.000 1.104 
430.000 1.365 
431.000 1.447 
432.000 1.480 
433.000 1.202 
434.000 0.745 
435.000 0.394 
436.000 0.165 
437.000 0.025 
438.000 -0.058 
439.000 -0.052 
440.000 0.147 
441.000 0.453 
442.000 0.799 
443.000 1.142 
444.000 1.432 
445.000 1.511 
446.000 1.551 
447.000 1.220 
448.000 0.742 
449.000 0.388 
450.000 0.160 
451.000 0.022 
452.000 -0.061 
453.000 -0.051 
454.000 0.156 
455.000 0.474 
456.000 0.837 
457.000 1.199 
458.000 1.509 
459.000 1.603 
460.000 1.641 
461.000 1.297 
462.000 0.781 
463.000 0.406 
464.000 0.171 
465.000 0.028 
466.000 -0.054 
467.000 -0.066 
468.000 0.133 
469.000 0.455 
470.000 0.829 
471.000 1.208 
472.000 1.546 
473.000 1.687 
474.000 1.732 
475.000 1.433 
476.000 0.877 
477.000 0.466 
478.000 0.207 
479.000 0.050 
480.000 -0.044 
481.000 -0.098 
482.000 0.075 
483.000 0.390 
484.000 0.773 
485.000 1.169 
486.000 1.595 
487.000 2.044 
488.000 2.495 
489.000 2.925 
490.000 3.282 
491.000 3.491 
492.000 3.474 
493.000 3.293 
494.000 2.968 
495.000 2.627 
496.000 2.290 
497.000 2.060 
498.000 1.979 
499.000 2.045 
500.000 2.223 
501.000 2.474 
502.000 2.767 
503.000 3.080 
504.000 3.395 
505.000 3.667 
506.000 3.822 
507.000 3.794 
508.000 3.588 
509.000 3.272 
510.000 2.854 
511.000 2.369 
512.000 1.981 
513.000 1.782 
514.000 1.775 
515.000 1.912 
516.000 2.145 
517.000 2.438 
518.000 2.763 
519.000 3.098 
520.000 3.428 
521.000 3.732 
522.000 3.943 
523.000 3.996 
524.000 3.851 
525.000 3.580 
526.000 3.170 
527.000 2.576 
528.000 1.895 
529.000 1.407 
530.000 1.182 
531.000 1.187 
532.000 1.354 
533.000 1.629 
534.000 1.971 
535.000 2.348 
536.000 2.735 
537.000 3.115 
538.000 3.476 
539.000 3.811 
540.000 4.075 
541.000 4.208 
542.000 4.170 
543.000 3.954 
544.000 3.600 
545.000 3.011 
546.000 2.043 
547.000 1.232 
548.000 0.653 
549.000 0.389 
550.000 0.395 
551.000 0.592 
552.000 0.917 
553.000 1.321 
554.000 1.765 
555.000 2.222 
556.000 2.671 
557.000 3.097 
558.000 3.491 
559.000 3.849 
560.000 4.166 
561.000 4.412 
562.000 4.539 
563.000 4.520 
564.000 4.350 
565.000 4.024 
566.000 3.372 
567.000 2.197 
568.000 1.288 
569.000 0.696 
570.000 0.301 
571.000 0.208 
572.000 0.342 
573.000 0.632 
574.000 1.021 
575.000 1.466 
576.000 1.934 
577.000 2.402 
578.000 2.851 
579.000 3.272 
580.000 3.655 
581.000 3.999 
582.000 4.301 
583.000 4.564 
584.000 4.769 
585.000 4.886 
586.000 4.897 
587.000 4.797 
588.000 4.597 
589.000 4.331 
590.000 4.060 
591.000 3.848 
592.000 3.746 
593.000 3.742 
594.000 3.808 
595.000 3.921 
596.000 4.063 
597.000 4.220 
598.000 4.383 
599.000 4.543 
600.000 4.695 
601.000 4.808 
602.000 4.850 
603.000 4.802 
604.000 4.658 
605.000 4.424 
606.000 4.264 
607.000 4.200 
608.000 4.206 
609.000 4.263 
610.000 4.352 
611.000 4.461 
612.000 4.580 
613.000 4.702 
614.000 4.822 
615.000 4.935 
616.000 5.040 
617.000 5.135 
618.000 5.219 
619.000 5.292 
620.000 5.356 
621.000 5.409 
622.000 5.454 
623.000 5.491 
624.000 5.521 
625.000 5.545 
626.000 5.564 
627.000 5.578 
628.000 5.589 
629.000 5.597 
630.000 5.602 
631.000 5.606 
632.000 5.608 
633.000 5.609 
634.000 5.609 
635.000 5.609 
636.000 5.608 
637.000 5.607 
638.000 5.605 
639.000 5.604 
640.000 5.603 
641.000 5.602 
642.000 5.600 
643.000 5.599 
644.000 5.598 
645.000 5.598 
646.000 5.597 
647.000 5.596 
648.000 5.596 
649.000 5.595 
650.000 5.595 
651.000 5.595 
652.000 5.595 
653.000 5.594 
654.000 5.594 
655.000 5.594 
656.000 5.594 
657.000 5.594 
658.000 5.594 
659.000 5.594 
660.000 5.594 
661.000 5.594 
662.000 5.594 
663.000 5.594 
664.000 5.594 
665.000 5.594 
666.000 5.594 
667.000 5.594 
668.000 5.594 
669.000 5.594 
670.000 5.594 
671.000 5.594 
672.000 5.594 
673.000 5.594 
674.000 5.594 
675.000 5.594 
676.000 5.594 
677.000 5.594 
678.000 5.594 
679.000 5.594 
680.000 5.594 
681.000 5.594 
682.000 5.594 
683.000 5.594 
684.000 5.594 
685.000 5.594 
686.000 5.594 
687.000 5.594 
688.000 5.594 
689.000 5.594 
690.000 5.594 
691.000 5.594 
692.000 5.594 
693.000 5.594 
694.000 5.594 
695.000 5.594 
696.000 5.594 
697.000 5.594 
698.000 5.594 
699.000 5.594 
700.000 5.594 
701.000 5.594 
702.000 5.594 
703.000 5.594 
704.000 5.594 
705.000 5.594 
706.000 5.594 
707.000 5.594 
708.000 5.594 
709.000 5.594 
710.000 5.594 
711.000 5.594 
712.000 5.594 
713.000 5.594 
714.000 5.594 
715.000 5.594 
716.000 5.594 
717.000 5.594 
718.000 5.594 
719.000 5.594 
720.000 5.594 
721.000 5.594 
722.000 5.594 
723.000 5.594 
724.000 5.594 
725.000 5.594 
726.000 5.594 
727.000 5.594 
728.000 5.594 
729.000 5.594 
730.000 5.594 
731.000 5.594 
732.000 5.594 
733.000 5.594 
734.000 5.594 
735.000 5.594 
736.000 5.594 
737.000 5.594 
738.000 5.594 
739.000 5.594 
740.000 5.594 
741.000 5.594 
742.000 5.594 
743.000 5.594 
744.000 5.594 
745.000 5.594 
746.000 5.594 
747.000 5.594 
748.000 5.594 
749.000 5.594 
750.000 5.594 
751.000 5.594 
752.000 5.594 
753.000 5.594 
754.000 5.594 
755.000 5.594 
756.000 5.594 
757.000 5.594 
758.000 5.594 
759.000 5.594 
760.000 5.594 
761.000 5.594 
762.000 5.594 
763.000 5.594 
764.000 5.594 
765.000 5.594 
766.000 5.594 
767.000 5.594 
768.000 5.594 
769.000 5.594 
770.000 5.594 
771.000 5.594 
772.000 5.594 
773.000 5.594 
774.000 5.594 
775.000 5.594 
776.000 5.594 
777.000 5.594 
778.000 5.594 
779.000 5.594 
780.000 5.594 
781.000 5.594 
782.000 5.594 
783.000 5.594 
784.000 5.594 
785.000 5.594 
786.000 5.594 
787.000 5.594 
788.000 5.594 
789.000 5.594 
790.000 5.594 
791.000 5.594 
792.000 5.594 
793.000 5.594 
794.000 5.594 
795.000 5.594 
796.000 5.594 
797.000 5.594 
798.000 5.594 
799.000 5.594 
800.000 5.594 
