1.000 0.000 
2.000 0.000 
3.000 0.000 
4.000 0.000 
5.000 0.000 
6.000 0.000 
7.000 0.000 
8.000 0.000 
9.000 0.000 
10.000 0.000 
11.000 0.000 
12.000 -0.037 
13.000 -0.079 
14.000 -0.098 
15.000 -0.108 
16.000 -0.113 
17.000 -0.117 
18.000 -0.111 
19.000 -0.095 
20.000 -0.080 
21.000 -0.068 
22.000 -0.059 
23.000 -0.055 
24.000 -0.057 
25.000 -0.065 
26.000 -0.074 
27.000 -0.083 
28.000 -0.090 
29.000 -0.094 
30.000 -0.096 
31.000 -0.095 
32.000 -0.091 
33.000 -0.087 
34.000 -0.082 
35.000 -0.079 
36.000 -0.077 
37.000 -0.076 
38.000 -0.078 
39.000 -0.080 
40.000 -0.083 
41.000 -0.085 
42.000 -0.087 
43.000 -0.088 
44.000 -0.088 
45.000 -0.088 
46.000 -0.087 
47.000 -0.086 
48.000 -0.085 
49.000 -0.084 
50.000 -0.083 
51.000 -0.084 
52.000 -0.084 
53.000 -0.085 
54.000 -0.086 
55.000 -0.086 
56.000 -0.087 
57.000 -0.087 
58.000 -0.087 
59.000 -0.087 
60.000 -0.087 
61.000 -0.087 
62.000 -0.086 
63.000 -0.086 
64.000 -0.086 
65.000 -0.086 
66.000 -0.087 
67.000 -0.087 
68.000 -0.087 
69.000 -0.088 
70.000 -0.088 
71.000 -0.088 
72.000 -0.088 
73.000 -0.088 
74.000 -0.088 
75.000 -0.088 
76.000 -0.088 
77.000 -0.088 
78.000 -0.088 
79.000 -0.088 
80.000 -0.088 
81.000 -0.089 
82.000 -0.089 
83.000 -0.089 
84.000 -0.089 
85.000 -0.089 
86.000 -0.089 
87.000 -0.089 
88.000 -0.089 
89.000 -0.089 
90.000 -0.089 
91.000 -0.090 
92.000 -0.090 
93.000 -0.090 
94.000 -0.090 
95.000 -0.090 
96.000 -0.090 
97.000 -0.090 
98.000 -0.090 
99.000 -0.090 
100.000 -0.090 
101.000 -0.091 
102.000 -0.091 
103.000 -0.091 
104.000 -0.091 
105.000 -0.091 
106.000 -0.091 
107.000 -0.091 
108.000 -0.091 
109.000 -0.091 
110.000 -0.091 
111.000 -0.091 
112.000 -0.092 
113.000 -0.092 
114.000 -0.092 
115.000 -0.092 
116.000 -0.092 
117.000 -0.092 
118.000 -0.092 
119.000 -0.092 
120.000 -0.092 
121.000 -0.092 
122.000 -0.092 
123.000 -0.093 
124.000 -0.093 
125.000 -0.093 
126.000 -0.087 
127.000 -0.066 
128.000 -0.052 
129.000 -0.044 
130.000 -0.039 
131.000 -0.039 
132.000 -0.045 
133.000 -0.057 
134.000 -0.069 
135.000 -0.077 
136.000 -0.083 
137.000 -0.086 
138.000 -0.085 
139.000 -0.080 
140.000 -0.073 
141.000 -0.065 
142.000 -0.057 
143.000 -0.053 
144.000 -0.052 
145.000 -0.054 
146.000 -0.059 
147.000 -0.065 
148.000 -0.071 
149.000 -0.076 
150.000 -0.078 
151.000 -0.079 
152.000 -0.077 
153.000 -0.073 
154.000 -0.069 
155.000 -0.064 
156.000 -0.061 
157.000 -0.059 
158.000 -0.060 
159.000 -0.062 
160.000 -0.065 
161.000 -0.069 
162.000 -0.072 
163.000 -0.074 
164.000 -0.075 
165.000 -0.074 
166.000 -0.073 
167.000 -0.070 
168.000 -0.068 
169.000 -0.066 
170.000 -0.064 
171.000 -0.064 
172.000 -0.064 
173.000 -0.066 
174.000 -0.068 
175.000 -0.070 
176.000 -0.071 
177.000 -0.072 
178.000 -0.072 
179.000 -0.072 
180.000 -0.071 
181.000 -0.069 
182.000 -0.068 
183.000 -0.067 
184.000 -0.066 
185.000 -0.067 
186.000 -0.067 
187.000 -0.068 
188.000 -0.069 
189.000 -0.070 
190.000 -0.071 
191.000 -0.071 
192.000 -0.071 
193.000 -0.071 
194.000 -0.070 
195.000 -0.069 
196.000 -0.068 
197.000 -0.068 
198.000 -0.068 
199.000 -0.068 
200.000 -0.069 
201.000 -0.069 
202.000 -0.070 
203.000 -0.070 
204.000 -0.071 
205.000 -0.071 
206.000 -0.070 
207.000 -0.070 
208.000 -0.070 
209.000 -0.069 
210.000 -0.069 
211.000 -0.069 
212.000 -0.069 
213.000 -0.069 
214.000 -0.070 
215.000 -0.070 
216.000 -0.070 
217.000 -0.070 
218.000 -0.070 
219.000 -0.070 
220.000 -0.070 
221.000 -0.070 
222.000 -0.070 
223.000 -0.070 
224.000 -0.070 
225.000 -0.070 
226.000 -0.070 
227.000 -0.070 
228.000 -0.070 
229.000 -0.070 
230.000 -0.070 
231.000 -0.071 
232.000 -0.071 
233.000 -0.071 
234.000 -0.070 
235.000 -0.070 
236.000 -0.070 
237.000 -0.070 
238.000 -0.070 
239.000 -0.070 
240.000 -0.070 
241.000 -0.070 
242.000 -0.070 
243.000 -0.071 
244.000 -0.071 
245.000 -0.071 
246.000 0.026 
247.000 0.138 
248.000 0.304 
249.000 0.391 
250.000 0.529 
251.000 0.515 
252.000 0.407 
253.000 0.230 
254.000 0.085 
255.000 -0.015 
256.000 -0.079 
257.000 -0.121 
258.000 -0.116 
259.000 -0.033 
260.000 0.110 
261.000 0.234 
262.000 0.401 
263.000 0.472 
264.000 0.548 
265.000 0.473 
266.000 0.303 
267.000 0.136 
268.000 0.014 
269.000 -0.063 
270.000 -0.108 
271.000 -0.141 
272.000 -0.078 
273.000 0.035 
274.000 0.197 
275.000 0.306 
276.000 0.467 
277.000 0.506 
278.000 0.514 
279.000 0.384 
280.000 0.214 
281.000 0.073 
282.000 -0.026 
283.000 -0.086 
284.000 -0.136 
285.000 -0.116 
286.000 -0.025 
287.000 0.129 
288.000 0.249 
289.000 0.418 
290.000 0.493 
291.000 0.569 
292.000 0.486 
293.000 0.311 
294.000 0.140 
295.000 0.015 
296.000 -0.064 
297.000 -0.109 
298.000 -0.140 
299.000 -0.073 
300.000 0.043 
301.000 0.207 
302.000 0.320 
303.000 0.481 
304.000 0.520 
305.000 0.526 
306.000 0.393 
307.000 0.220 
308.000 0.076 
309.000 -0.025 
310.000 -0.085 
311.000 -0.137 
312.000 -0.113 
313.000 -0.021 
314.000 0.136 
315.000 0.262 
316.000 0.435 
317.000 0.511 
318.000 0.589 
319.000 0.505 
320.000 0.321 
321.000 0.145 
322.000 0.017 
323.000 -0.063 
324.000 -0.108 
325.000 -0.141 
326.000 -0.073 
327.000 0.046 
328.000 0.211 
329.000 0.329 
330.000 0.491 
331.000 0.532 
332.000 0.542 
333.000 0.410 
334.000 0.231 
335.000 0.083 
336.000 -0.021 
337.000 -0.083 
338.000 -0.136 
339.000 -0.114 
340.000 -0.022 
341.000 0.135 
342.000 0.265 
343.000 0.440 
344.000 0.521 
345.000 0.605 
346.000 0.524 
347.000 0.337 
348.000 0.156 
349.000 0.023 
350.000 -0.060 
351.000 -0.106 
352.000 -0.142 
353.000 -0.076 
354.000 0.041 
355.000 0.208 
356.000 0.331 
357.000 0.496 
358.000 0.543 
359.000 0.565 
360.000 0.439 
361.000 0.254 
362.000 0.097 
363.000 -0.013 
364.000 -0.080 
365.000 -0.132 
366.000 -0.074 
367.000 0.102 
368.000 0.315 
369.000 0.522 
370.000 0.731 
371.000 0.870 
372.000 0.987 
373.000 0.973 
374.000 0.968 
375.000 0.786 
376.000 0.532 
377.000 0.300 
378.000 0.126 
379.000 0.030 
380.000 0.059 
381.000 0.199 
382.000 0.387 
383.000 0.590 
384.000 0.788 
385.000 0.928 
386.000 1.033 
387.000 1.044 
388.000 1.011 
389.000 0.815 
390.000 0.534 
391.000 0.293 
392.000 0.123 
393.000 0.018 
394.000 0.044 
395.000 0.193 
396.000 0.391 
397.000 0.603 
398.000 0.812 
399.000 0.964 
400.000 1.072 
401.000 1.092 
402.000 1.055 
403.000 0.844 
404.000 0.543 
405.000 0.293 
406.000 0.122 
407.000 0.013 
408.000 0.034 
409.000 0.188 
410.000 0.392 
411.000 0.614 
412.000 0.832 
413.000 0.997 
414.000 1.108 
415.000 1.142 
416.000 1.098 
417.000 0.875 
418.000 0.554 
419.000 0.295 
420.000 0.122 
421.000 0.009 
422.000 0.022 
423.000 0.177 
424.000 0.387 
425.000 0.618 
426.000 0.845 
427.000 1.025 
428.000 1.141 
429.000 1.186 
430.000 1.141 
431.000 0.910 
432.000 0.571 
433.000 0.302 
434.000 0.124 
435.000 0.008 
436.000 0.012 
437.000 0.165 
438.000 0.378 
439.000 0.617 
440.000 0.855 
441.000 1.049 
442.000 1.170 
443.000 1.228 
444.000 1.182 
445.000 0.947 
446.000 0.592 
447.000 0.312 
448.000 0.128 
449.000 0.009 
450.000 -0.000 
451.000 0.145 
452.000 0.359 
453.000 0.607 
454.000 0.858 
455.000 1.071 
456.000 1.204 
457.000 1.273 
458.000 1.235 
459.000 0.998 
460.000 0.622 
461.000 0.327 
462.000 0.134 
463.000 0.013 
464.000 -0.021 
465.000 0.104 
466.000 0.315 
467.000 0.571 
468.000 0.837 
469.000 1.076 
470.000 1.228 
471.000 1.318 
472.000 1.295 
473.000 1.081 
474.000 0.685 
475.000 0.366 
476.000 0.154 
477.000 0.023 
478.000 -0.057 
479.000 0.017 
480.000 0.204 
481.000 0.458 
482.000 0.737 
483.000 1.012 
484.000 1.220 
485.000 1.347 
486.000 1.540 
487.000 1.827 
488.000 2.157 
489.000 2.498 
490.000 2.844 
491.000 3.154 
492.000 3.351 
493.000 3.377 
494.000 3.245 
495.000 2.995 
496.000 2.684 
497.000 2.374 
498.000 2.115 
499.000 1.941 
500.000 1.880 
501.000 1.949 
502.000 2.130 
503.000 2.387 
504.000 2.688 
505.000 3.009 
506.000 3.311 
507.000 3.528 
508.000 3.597 
509.000 3.473 
510.000 3.239 
511.000 2.898 
512.000 2.539 
513.000 2.230 
514.000 2.014 
515.000 1.914 
516.000 1.957 
517.000 2.122 
518.000 2.368 
519.000 2.661 
520.000 2.978 
521.000 3.299 
522.000 3.568 
523.000 3.717 
524.000 3.695 
525.000 3.507 
526.000 3.211 
527.000 2.824 
528.000 2.429 
529.000 2.135 
530.000 1.960 
531.000 1.926 
532.000 2.028 
533.000 2.233 
534.000 2.502 
535.000 2.808 
536.000 3.128 
537.000 3.446 
538.000 3.704 
539.000 3.838 
540.000 3.800 
541.000 3.599 
542.000 3.292 
543.000 2.872 
544.000 2.437 
545.000 2.124 
546.000 1.953 
547.000 1.933 
548.000 2.050 
549.000 2.264 
550.000 2.539 
551.000 2.848 
552.000 3.168 
553.000 3.485 
554.000 3.754 
555.000 3.915 
556.000 3.920 
557.000 3.742 
558.000 3.461 
559.000 3.051 
560.000 2.579 
561.000 2.202 
562.000 1.971 
563.000 1.904 
564.000 1.986 
565.000 2.178 
566.000 2.441 
567.000 2.744 
568.000 3.064 
569.000 3.385 
570.000 3.692 
571.000 3.931 
572.000 4.044 
573.000 3.992 
574.000 3.776 
575.000 3.437 
576.000 2.960 
577.000 2.439 
578.000 2.057 
579.000 1.854 
580.000 1.830 
581.000 1.953 
582.000 2.175 
583.000 2.459 
584.000 2.777 
585.000 3.106 
586.000 3.431 
587.000 3.742 
588.000 3.994 
589.000 4.130 
590.000 4.111 
591.000 3.919 
592.000 3.600 
593.000 3.129 
594.000 2.551 
595.000 2.079 
596.000 1.799 
597.000 1.725 
598.000 1.815 
599.000 2.019 
600.000 2.297 
601.000 2.615 
602.000 2.952 
603.000 3.288 
604.000 3.611 
605.000 3.913 
606.000 4.189 
607.000 4.436 
608.000 4.654 
609.000 4.843 
610.000 5.005 
611.000 5.142 
612.000 5.255 
613.000 5.348 
614.000 5.417 
615.000 5.453 
616.000 5.455 
617.000 5.426 
618.000 5.369 
619.000 5.294 
620.000 5.216 
621.000 5.151 
622.000 5.112 
623.000 5.102 
624.000 5.113 
625.000 5.139 
626.000 5.174 
627.000 5.214 
628.000 5.257 
629.000 5.300 
630.000 5.341 
631.000 5.379 
632.000 5.415 
633.000 5.446 
634.000 5.472 
635.000 5.487 
636.000 5.491 
637.000 5.483 
638.000 5.463 
639.000 5.434 
640.000 5.401 
641.000 5.370 
642.000 5.348 
643.000 5.340 
644.000 5.343 
645.000 5.355 
646.000 5.372 
647.000 5.393 
648.000 5.415 
649.000 5.437 
650.000 5.458 
651.000 5.479 
652.000 5.497 
653.000 5.510 
654.000 5.517 
655.000 5.515 
656.000 5.506 
657.000 5.489 
658.000 5.468 
659.000 5.446 
660.000 5.427 
661.000 5.415 
662.000 5.413 
663.000 5.418 
664.000 5.429 
665.000 5.442 
666.000 5.457 
667.000 5.473 
668.000 5.488 
669.000 5.503 
670.000 5.517 
671.000 5.529 
672.000 5.535 
673.000 5.536 
674.000 5.531 
675.000 5.521 
676.000 5.506 
677.000 5.490 
678.000 5.474 
679.000 5.464 
680.000 5.460 
681.000 5.463 
682.000 5.469 
683.000 5.479 
684.000 5.489 
685.000 5.501 
686.000 5.513 
687.000 5.524 
688.000 5.535 
689.000 5.543 
690.000 5.549 
691.000 5.551 
692.000 5.548 
693.000 5.541 
694.000 5.530 
695.000 5.518 
696.000 5.507 
697.000 5.498 
698.000 5.494 
699.000 5.495 
700.000 5.499 
701.000 5.506 
702.000 5.514 
703.000 5.522 
704.000 5.531 
705.000 5.540 
706.000 5.548 
707.000 5.555 
708.000 5.560 
709.000 5.561 
710.000 5.560 
711.000 5.556 
712.000 5.548 
713.000 5.539 
714.000 5.530 
715.000 5.523 
716.000 5.519 
717.000 5.519 
718.000 5.522 
719.000 5.527 
720.000 5.532 
721.000 5.539 
722.000 5.545 
723.000 5.552 
724.000 5.558 
725.000 5.563 
726.000 5.568 
727.000 5.570 
728.000 5.569 
729.000 5.566 
730.000 5.561 
731.000 5.555 
732.000 5.548 
733.000 5.542 
734.000 5.538 
735.000 5.538 
736.000 5.539 
737.000 5.542 
738.000 5.546 
739.000 5.551 
740.000 5.556 
741.000 5.561 
742.000 5.566 
743.000 5.570 
744.000 5.573 
745.000 5.576 
746.000 5.576 
747.000 5.574 
748.000 5.571 
749.000 5.566 
750.000 5.561 
751.000 5.556 
752.000 5.553 
753.000 5.552 
754.000 5.553 
755.000 5.555 
756.000 5.558 
757.000 5.561 
758.000 5.565 
759.000 5.568 
760.000 5.572 
761.000 5.575 
762.000 5.578 
763.000 5.580 
764.000 5.580 
765.000 5.579 
766.000 5.577 
767.000 5.574 
768.000 5.570 
769.000 5.566 
770.000 5.564 
771.000 5.562 
772.000 5.563 
773.000 5.564 
774.000 5.566 
775.000 5.569 
776.000 5.571 
777.000 5.574 
778.000 5.577 
779.000 5.579 
780.000 5.582 
781.000 5.583 
782.000 5.584 
783.000 5.583 
784.000 5.582 
785.000 5.580 
786.000 5.577 
787.000 5.574 
788.000 5.572 
789.000 5.570 
790.000 5.570 
791.000 5.571 
792.000 5.573 
793.000 5.575 
794.000 5.577 
795.000 5.579 
796.000 5.581 
797.000 5.583 
798.000 5.584 
799.000 5.586 
800.000 5.586 
