1.000 0.000 
2.000 0.000 
3.000 0.000 
4.000 0.000 
5.000 0.000 
6.000 0.000 
7.000 0.000 
8.000 0.000 
9.000 0.000 
10.000 0.000 
11.000 0.000 
12.000 -0.036 
13.000 -0.077 
14.000 -0.097 
15.000 -0.107 
16.000 -0.113 
17.000 -0.117 
18.000 -0.111 
19.000 -0.097 
20.000 -0.082 
21.000 -0.070 
22.000 -0.061 
23.000 -0.056 
24.000 -0.057 
25.000 -0.064 
26.000 -0.073 
27.000 -0.082 
28.000 -0.089 
29.000 -0.093 
30.000 -0.095 
31.000 -0.095 
32.000 -0.092 
33.000 -0.088 
34.000 -0.084 
35.000 -0.080 
36.000 -0.077 
37.000 -0.077 
38.000 -0.078 
39.000 -0.080 
40.000 -0.082 
41.000 -0.085 
42.000 -0.087 
43.000 -0.088 
44.000 -0.088 
45.000 -0.088 
46.000 -0.087 
47.000 -0.086 
48.000 -0.085 
49.000 -0.084 
50.000 -0.084 
51.000 -0.084 
52.000 -0.084 
53.000 -0.085 
54.000 -0.085 
55.000 -0.086 
56.000 -0.087 
57.000 -0.087 
58.000 -0.087 
59.000 -0.087 
60.000 -0.087 
61.000 -0.087 
62.000 -0.087 
63.000 -0.087 
64.000 -0.086 
65.000 -0.087 
66.000 -0.087 
67.000 -0.087 
68.000 -0.087 
69.000 -0.088 
70.000 -0.088 
71.000 -0.088 
72.000 -0.088 
73.000 -0.088 
74.000 -0.088 
75.000 -0.088 
76.000 -0.088 
77.000 -0.088 
78.000 -0.088 
79.000 -0.088 
80.000 -0.088 
81.000 -0.089 
82.000 -0.089 
83.000 -0.089 
84.000 -0.089 
85.000 -0.089 
86.000 -0.089 
87.000 -0.089 
88.000 -0.089 
89.000 -0.089 
90.000 -0.090 
91.000 -0.090 
92.000 -0.090 
93.000 -0.090 
94.000 -0.090 
95.000 -0.090 
96.000 -0.090 
97.000 -0.090 
98.000 -0.090 
99.000 -0.090 
100.000 -0.091 
101.000 -0.091 
102.000 -0.091 
103.000 -0.091 
104.000 -0.091 
105.000 -0.091 
106.000 -0.091 
107.000 -0.091 
108.000 -0.091 
109.000 -0.091 
110.000 -0.091 
111.000 -0.092 
112.000 -0.092 
113.000 -0.092 
114.000 -0.092 
115.000 -0.092 
116.000 -0.092 
117.000 -0.092 
118.000 -0.092 
119.000 -0.092 
120.000 -0.092 
121.000 -0.092 
122.000 -0.092 
123.000 -0.093 
124.000 -0.093 
125.000 -0.093 
126.000 -0.087 
127.000 -0.067 
128.000 -0.053 
129.000 -0.044 
130.000 -0.040 
131.000 -0.039 
132.000 -0.045 
133.000 -0.056 
134.000 -0.067 
135.000 -0.076 
136.000 -0.082 
137.000 -0.085 
138.000 -0.085 
139.000 -0.081 
140.000 -0.074 
141.000 -0.066 
142.000 -0.059 
143.000 -0.054 
144.000 -0.052 
145.000 -0.054 
146.000 -0.058 
147.000 -0.064 
148.000 -0.070 
149.000 -0.075 
150.000 -0.078 
151.000 -0.079 
152.000 -0.077 
153.000 -0.074 
154.000 -0.070 
155.000 -0.066 
156.000 -0.062 
157.000 -0.060 
158.000 -0.060 
159.000 -0.062 
160.000 -0.064 
161.000 -0.068 
162.000 -0.071 
163.000 -0.073 
164.000 -0.074 
165.000 -0.074 
166.000 -0.073 
167.000 -0.071 
168.000 -0.069 
169.000 -0.066 
170.000 -0.065 
171.000 -0.064 
172.000 -0.064 
173.000 -0.066 
174.000 -0.067 
175.000 -0.069 
176.000 -0.071 
177.000 -0.072 
178.000 -0.072 
179.000 -0.072 
180.000 -0.071 
181.000 -0.070 
182.000 -0.069 
183.000 -0.067 
184.000 -0.067 
185.000 -0.067 
186.000 -0.067 
187.000 -0.068 
188.000 -0.069 
189.000 -0.070 
190.000 -0.070 
191.000 -0.071 
192.000 -0.071 
193.000 -0.071 
194.000 -0.070 
195.000 -0.070 
196.000 -0.069 
197.000 -0.068 
198.000 -0.068 
199.000 -0.068 
200.000 -0.068 
201.000 -0.069 
202.000 -0.069 
203.000 -0.070 
204.000 -0.070 
205.000 -0.071 
206.000 -0.071 
207.000 -0.070 
208.000 -0.070 
209.000 -0.070 
210.000 -0.069 
211.000 -0.069 
212.000 -0.069 
213.000 -0.069 
214.000 -0.069 
215.000 -0.070 
216.000 -0.070 
217.000 -0.070 
218.000 -0.070 
219.000 -0.070 
220.000 -0.070 
221.000 -0.070 
222.000 -0.070 
223.000 -0.070 
224.000 -0.070 
225.000 -0.070 
226.000 -0.070 
227.000 -0.070 
228.000 -0.070 
229.000 -0.070 
230.000 -0.070 
231.000 -0.070 
232.000 -0.071 
233.000 -0.071 
234.000 -0.071 
235.000 -0.070 
236.000 -0.070 
237.000 -0.070 
238.000 -0.070 
239.000 -0.070 
240.000 -0.070 
241.000 -0.070 
242.000 -0.070 
243.000 -0.071 
244.000 -0.071 
245.000 -0.071 
246.000 0.026 
247.000 0.137 
248.000 0.304 
249.000 0.390 
250.000 0.528 
251.000 0.512 
252.000 0.410 
253.000 0.235 
254.000 0.090 
255.000 -0.011 
256.000 -0.077 
257.000 -0.117 
258.000 -0.119 
259.000 -0.039 
260.000 0.097 
261.000 0.236 
262.000 0.398 
263.000 0.484 
264.000 0.566 
265.000 0.498 
266.000 0.321 
267.000 0.148 
268.000 0.021 
269.000 -0.060 
270.000 -0.106 
271.000 -0.148 
272.000 -0.094 
273.000 0.012 
274.000 0.176 
275.000 0.292 
276.000 0.459 
277.000 0.506 
278.000 0.541 
279.000 0.427 
280.000 0.251 
281.000 0.097 
282.000 -0.012 
283.000 -0.079 
284.000 -0.125 
285.000 -0.130 
286.000 -0.048 
287.000 0.088 
288.000 0.238 
289.000 0.399 
290.000 0.518 
291.000 0.607 
292.000 0.552 
293.000 0.365 
294.000 0.178 
295.000 0.040 
296.000 -0.049 
297.000 -0.101 
298.000 -0.155 
299.000 -0.112 
300.000 -0.012 
301.000 0.154 
302.000 0.284 
303.000 0.460 
304.000 0.523 
305.000 0.586 
306.000 0.485 
307.000 0.297 
308.000 0.127 
309.000 0.005 
310.000 -0.071 
311.000 -0.114 
312.000 -0.138 
313.000 -0.065 
314.000 0.059 
315.000 0.221 
316.000 0.358 
317.000 0.517 
318.000 0.536 
319.000 0.522 
320.000 0.382 
321.000 0.205 
322.000 0.063 
323.000 -0.033 
324.000 -0.088 
325.000 -0.137 
326.000 -0.104 
327.000 -0.010 
328.000 0.151 
329.000 0.282 
330.000 0.457 
331.000 0.527 
332.000 0.598 
333.000 0.505 
334.000 0.316 
335.000 0.140 
336.000 0.013 
337.000 -0.066 
338.000 -0.110 
339.000 -0.140 
340.000 -0.071 
341.000 0.050 
342.000 0.216 
343.000 0.341 
344.000 0.505 
345.000 0.540 
346.000 0.549 
347.000 0.418 
348.000 0.236 
349.000 0.085 
350.000 -0.020 
351.000 -0.082 
352.000 -0.133 
353.000 -0.116 
354.000 -0.023 
355.000 0.132 
356.000 0.259 
357.000 0.431 
358.000 0.515 
359.000 0.605 
360.000 0.528 
361.000 0.349 
362.000 0.168 
363.000 0.033 
364.000 -0.052 
365.000 -0.101 
366.000 -0.084 
367.000 0.068 
368.000 0.267 
369.000 0.472 
370.000 0.678 
371.000 0.838 
372.000 0.959 
373.000 0.993 
374.000 1.022 
375.000 0.866 
376.000 0.620 
377.000 0.370 
378.000 0.182 
379.000 0.064 
380.000 0.016 
381.000 0.077 
382.000 0.221 
383.000 0.408 
384.000 0.610 
385.000 0.789 
386.000 0.933 
387.000 1.011 
388.000 1.058 
389.000 0.979 
390.000 0.797 
391.000 0.531 
392.000 0.299 
393.000 0.136 
394.000 0.020 
395.000 0.040 
396.000 0.170 
397.000 0.356 
398.000 0.563 
399.000 0.775 
400.000 0.931 
401.000 1.052 
402.000 1.074 
403.000 1.078 
404.000 0.900 
405.000 0.612 
406.000 0.348 
407.000 0.159 
408.000 0.044 
409.000 0.013 
410.000 0.106 
411.000 0.277 
412.000 0.490 
413.000 0.709 
414.000 0.903 
415.000 1.041 
416.000 1.123 
417.000 1.140 
418.000 1.033 
419.000 0.765 
420.000 0.463 
421.000 0.236 
422.000 0.087 
423.000 -0.018 
424.000 0.018 
425.000 0.176 
426.000 0.390 
427.000 0.623 
428.000 0.855 
429.000 1.032 
430.000 1.152 
431.000 1.187 
432.000 1.156 
433.000 0.930 
434.000 0.590 
435.000 0.315 
436.000 0.132 
437.000 0.017 
438.000 0.003 
439.000 0.139 
440.000 0.346 
441.000 0.588 
442.000 0.835 
443.000 1.043 
444.000 1.177 
445.000 1.246 
446.000 1.221 
447.000 1.014 
448.000 0.650 
449.000 0.351 
450.000 0.151 
451.000 0.026 
452.000 -0.035 
453.000 0.052 
454.000 0.238 
455.000 0.482 
456.000 0.744 
457.000 0.993 
458.000 1.166 
459.000 1.277 
460.000 1.283 
461.000 1.166 
462.000 0.820 
463.000 0.472 
464.000 0.225 
465.000 0.068 
466.000 -0.046 
467.000 -0.016 
468.000 0.174 
469.000 0.433 
470.000 0.720 
471.000 1.009 
472.000 1.243 
473.000 1.366 
474.000 1.417 
475.000 1.282 
476.000 0.872 
477.000 0.487 
478.000 0.223 
479.000 0.060 
480.000 -0.049 
481.000 -0.040 
482.000 0.143 
483.000 0.410 
484.000 0.713 
485.000 1.018 
486.000 1.373 
487.000 1.781 
488.000 2.211 
489.000 2.641 
490.000 3.041 
491.000 3.349 
492.000 3.488 
493.000 3.399 
494.000 3.187 
495.000 2.835 
496.000 2.496 
497.000 2.155 
498.000 1.922 
499.000 1.812 
500.000 1.846 
501.000 2.009 
502.000 2.256 
503.000 2.556 
504.000 2.881 
505.000 3.211 
506.000 3.487 
507.000 3.636 
508.000 3.604 
509.000 3.413 
510.000 3.110 
511.000 2.739 
512.000 2.367 
513.000 2.091 
514.000 1.931 
515.000 1.912 
516.000 2.027 
517.000 2.241 
518.000 2.517 
519.000 2.826 
520.000 3.148 
521.000 3.453 
522.000 3.677 
523.000 3.759 
524.000 3.656 
525.000 3.422 
526.000 3.088 
527.000 2.681 
528.000 2.314 
529.000 2.062 
530.000 1.947 
531.000 1.984 
532.000 2.143 
533.000 2.384 
534.000 2.674 
535.000 2.988 
536.000 3.306 
537.000 3.599 
538.000 3.806 
539.000 3.868 
540.000 3.749 
541.000 3.502 
542.000 3.143 
543.000 2.701 
544.000 2.304 
545.000 2.041 
546.000 1.934 
547.000 1.982 
548.000 2.149 
549.000 2.395 
550.000 2.688 
551.000 3.004 
552.000 3.323 
553.000 3.631 
554.000 3.871 
555.000 3.983 
556.000 3.927 
557.000 3.710 
558.000 3.377 
559.000 2.914 
560.000 2.415 
561.000 2.055 
562.000 1.870 
563.000 1.859 
564.000 1.991 
565.000 2.217 
566.000 2.503 
567.000 2.820 
568.000 3.147 
569.000 3.470 
570.000 3.771 
571.000 3.995 
572.000 4.088 
573.000 4.014 
574.000 3.783 
575.000 3.416 
576.000 2.900 
577.000 2.341 
578.000 1.942 
579.000 1.744 
580.000 1.734 
581.000 1.870 
582.000 2.105 
583.000 2.400 
584.000 2.728 
585.000 3.067 
586.000 3.400 
587.000 3.718 
588.000 3.988 
589.000 4.157 
590.000 4.182 
591.000 4.038 
592.000 3.759 
593.000 3.320 
594.000 2.710 
595.000 2.122 
596.000 1.747 
597.000 1.612 
598.000 1.663 
599.000 1.845 
600.000 2.112 
601.000 2.431 
602.000 2.775 
603.000 3.122 
604.000 3.460 
605.000 3.778 
606.000 4.071 
607.000 4.335 
608.000 4.569 
609.000 4.772 
610.000 4.947 
611.000 5.095 
612.000 5.218 
613.000 5.319 
614.000 5.401 
615.000 5.466 
616.000 5.514 
617.000 5.541 
618.000 5.547 
619.000 5.534 
620.000 5.504 
621.000 5.464 
622.000 5.421 
623.000 5.385 
624.000 5.366 
625.000 5.360 
626.000 5.365 
627.000 5.377 
628.000 5.393 
629.000 5.412 
630.000 5.433 
631.000 5.453 
632.000 5.473 
633.000 5.491 
634.000 5.508 
635.000 5.523 
636.000 5.536 
637.000 5.548 
638.000 5.557 
639.000 5.563 
640.000 5.565 
641.000 5.563 
642.000 5.557 
643.000 5.548 
644.000 5.538 
645.000 5.528 
646.000 5.521 
647.000 5.519 
648.000 5.520 
649.000 5.523 
650.000 5.528 
651.000 5.534 
652.000 5.541 
653.000 5.547 
654.000 5.554 
655.000 5.560 
656.000 5.565 
657.000 5.570 
658.000 5.573 
659.000 5.573 
660.000 5.572 
661.000 5.568 
662.000 5.563 
663.000 5.557 
664.000 5.551 
665.000 5.547 
666.000 5.546 
667.000 5.547 
668.000 5.549 
669.000 5.552 
670.000 5.556 
671.000 5.560 
672.000 5.565 
673.000 5.569 
674.000 5.573 
675.000 5.576 
676.000 5.578 
677.000 5.579 
678.000 5.578 
679.000 5.576 
680.000 5.572 
681.000 5.568 
682.000 5.564 
683.000 5.561 
684.000 5.559 
685.000 5.560 
686.000 5.561 
687.000 5.563 
688.000 5.566 
689.000 5.569 
690.000 5.572 
691.000 5.575 
692.000 5.578 
693.000 5.580 
694.000 5.582 
695.000 5.583 
696.000 5.582 
697.000 5.581 
698.000 5.578 
699.000 5.575 
700.000 5.572 
701.000 5.570 
702.000 5.569 
703.000 5.569 
704.000 5.570 
705.000 5.571 
706.000 5.573 
707.000 5.575 
708.000 5.578 
709.000 5.580 
710.000 5.582 
711.000 5.584 
712.000 5.585 
713.000 5.586 
714.000 5.586 
715.000 5.585 
716.000 5.583 
717.000 5.581 
718.000 5.578 
719.000 5.577 
720.000 5.575 
721.000 5.575 
722.000 5.576 
723.000 5.577 
724.000 5.579 
725.000 5.580 
726.000 5.582 
727.000 5.583 
728.000 5.585 
729.000 5.586 
730.000 5.587 
731.000 5.588 
732.000 5.588 
733.000 5.587 
734.000 5.586 
735.000 5.585 
736.000 5.583 
737.000 5.581 
738.000 5.580 
739.000 5.580 
740.000 5.581 
741.000 5.581 
742.000 5.582 
743.000 5.584 
744.000 5.585 
745.000 5.586 
746.000 5.587 
747.000 5.588 
748.000 5.589 
749.000 5.590 
750.000 5.590 
751.000 5.589 
752.000 5.588 
753.000 5.587 
754.000 5.586 
755.000 5.585 
756.000 5.584 
757.000 5.584 
758.000 5.584 
759.000 5.585 
760.000 5.585 
761.000 5.586 
762.000 5.587 
763.000 5.588 
764.000 5.589 
765.000 5.590 
766.000 5.590 
767.000 5.591 
768.000 5.591 
769.000 5.591 
770.000 5.590 
771.000 5.589 
772.000 5.588 
773.000 5.587 
774.000 5.587 
775.000 5.587 
776.000 5.587 
777.000 5.587 
778.000 5.588 
779.000 5.588 
780.000 5.589 
781.000 5.590 
782.000 5.590 
783.000 5.591 
784.000 5.591 
785.000 5.592 
786.000 5.592 
787.000 5.592 
788.000 5.591 
789.000 5.590 
790.000 5.590 
791.000 5.589 
792.000 5.589 
793.000 5.589 
794.000 5.589 
795.000 5.589 
796.000 5.589 
797.000 5.590 
798.000 5.590 
799.000 5.591 
800.000 5.591 
