1.000 0.000 
2.000 0.000 
3.000 0.000 
4.000 0.000 
5.000 0.000 
6.000 0.000 
7.000 0.000 
8.000 0.000 
9.000 0.000 
10.000 0.000 
11.000 0.000 
12.000 -0.034 
13.000 -0.074 
14.000 -0.097 
15.000 -0.110 
16.000 -0.118 
17.000 -0.122 
18.000 -0.120 
19.000 -0.109 
20.000 -0.095 
21.000 -0.081 
22.000 -0.069 
23.000 -0.060 
24.000 -0.057 
25.000 -0.061 
26.000 -0.069 
27.000 -0.078 
28.000 -0.086 
29.000 -0.094 
30.000 -0.098 
31.000 -0.100 
32.000 -0.100 
33.000 -0.097 
34.000 -0.093 
35.000 -0.089 
36.000 -0.085 
37.000 -0.082 
38.000 -0.080 
39.000 -0.080 
40.000 -0.082 
41.000 -0.084 
42.000 -0.087 
43.000 -0.090 
44.000 -0.091 
45.000 -0.093 
46.000 -0.093 
47.000 -0.092 
48.000 -0.091 
49.000 -0.090 
50.000 -0.089 
51.000 -0.088 
52.000 -0.088 
53.000 -0.088 
54.000 -0.088 
55.000 -0.088 
56.000 -0.089 
57.000 -0.090 
58.000 -0.091 
59.000 -0.091 
60.000 -0.091 
61.000 -0.092 
62.000 -0.091 
63.000 -0.091 
64.000 -0.091 
65.000 -0.091 
66.000 -0.091 
67.000 -0.091 
68.000 -0.091 
69.000 -0.091 
70.000 -0.091 
71.000 -0.091 
72.000 -0.092 
73.000 -0.092 
74.000 -0.092 
75.000 -0.092 
76.000 -0.092 
77.000 -0.092 
78.000 -0.092 
79.000 -0.092 
80.000 -0.092 
81.000 -0.092 
82.000 -0.093 
83.000 -0.093 
84.000 -0.093 
85.000 -0.093 
86.000 -0.093 
87.000 -0.093 
88.000 -0.093 
89.000 -0.093 
90.000 -0.093 
91.000 -0.094 
92.000 -0.094 
93.000 -0.094 
94.000 -0.094 
95.000 -0.094 
96.000 -0.094 
97.000 -0.094 
98.000 -0.094 
99.000 -0.094 
100.000 -0.094 
101.000 -0.094 
102.000 -0.095 
103.000 -0.095 
104.000 -0.095 
105.000 -0.095 
106.000 -0.095 
107.000 -0.095 
108.000 -0.095 
109.000 -0.095 
110.000 -0.095 
111.000 -0.095 
112.000 -0.095 
113.000 -0.096 
114.000 -0.096 
115.000 -0.096 
116.000 -0.096 
117.000 -0.096 
118.000 -0.096 
119.000 -0.096 
120.000 -0.096 
121.000 -0.096 
122.000 -0.096 
123.000 -0.096 
124.000 -0.096 
125.000 -0.097 
126.000 -0.093 
127.000 -0.075 
128.000 -0.059 
129.000 -0.048 
130.000 -0.040 
131.000 -0.037 
132.000 -0.040 
133.000 -0.051 
134.000 -0.063 
135.000 -0.074 
136.000 -0.083 
137.000 -0.089 
138.000 -0.091 
139.000 -0.089 
140.000 -0.084 
141.000 -0.076 
142.000 -0.067 
143.000 -0.059 
144.000 -0.053 
145.000 -0.051 
146.000 -0.052 
147.000 -0.057 
148.000 -0.064 
149.000 -0.072 
150.000 -0.078 
151.000 -0.082 
152.000 -0.084 
153.000 -0.083 
154.000 -0.081 
155.000 -0.076 
156.000 -0.070 
157.000 -0.065 
158.000 -0.061 
159.000 -0.059 
160.000 -0.059 
161.000 -0.062 
162.000 -0.066 
163.000 -0.071 
164.000 -0.075 
165.000 -0.078 
166.000 -0.079 
167.000 -0.079 
168.000 -0.078 
169.000 -0.075 
170.000 -0.072 
171.000 -0.068 
172.000 -0.066 
173.000 -0.064 
174.000 -0.064 
175.000 -0.065 
176.000 -0.068 
177.000 -0.070 
178.000 -0.073 
179.000 -0.075 
180.000 -0.076 
181.000 -0.077 
182.000 -0.076 
183.000 -0.074 
184.000 -0.072 
185.000 -0.070 
186.000 -0.069 
187.000 -0.067 
188.000 -0.067 
189.000 -0.068 
190.000 -0.069 
191.000 -0.071 
192.000 -0.072 
193.000 -0.074 
194.000 -0.075 
195.000 -0.075 
196.000 -0.075 
197.000 -0.074 
198.000 -0.073 
199.000 -0.071 
200.000 -0.070 
201.000 -0.070 
202.000 -0.069 
203.000 -0.070 
204.000 -0.070 
205.000 -0.071 
206.000 -0.072 
207.000 -0.073 
208.000 -0.074 
209.000 -0.074 
210.000 -0.074 
211.000 -0.073 
212.000 -0.073 
213.000 -0.072 
214.000 -0.071 
215.000 -0.071 
216.000 -0.071 
217.000 -0.071 
218.000 -0.071 
219.000 -0.072 
220.000 -0.072 
221.000 -0.073 
222.000 -0.073 
223.000 -0.073 
224.000 -0.073 
225.000 -0.073 
226.000 -0.073 
227.000 -0.072 
228.000 -0.072 
229.000 -0.072 
230.000 -0.072 
231.000 -0.072 
232.000 -0.072 
233.000 -0.072 
234.000 -0.072 
235.000 -0.073 
236.000 -0.073 
237.000 -0.073 
238.000 -0.073 
239.000 -0.073 
240.000 -0.073 
241.000 -0.073 
242.000 -0.073 
243.000 -0.072 
244.000 -0.072 
245.000 -0.072 
246.000 0.024 
247.000 0.135 
248.000 0.310 
249.000 0.403 
250.000 0.554 
251.000 0.529 
252.000 0.458 
253.000 0.288 
254.000 0.129 
255.000 0.012 
256.000 -0.066 
257.000 -0.109 
258.000 -0.151 
259.000 -0.104 
260.000 -0.002 
261.000 0.162 
262.000 0.285 
263.000 0.456 
264.000 0.503 
265.000 0.580 
266.000 0.470 
267.000 0.286 
268.000 0.122 
269.000 0.002 
270.000 -0.072 
271.000 -0.113 
272.000 -0.152 
273.000 -0.097 
274.000 0.009 
275.000 0.176 
276.000 0.302 
277.000 0.473 
278.000 0.515 
279.000 0.585 
280.000 0.471 
281.000 0.284 
282.000 0.119 
283.000 0.000 
284.000 -0.073 
285.000 -0.114 
286.000 -0.152 
287.000 -0.093 
288.000 0.017 
289.000 0.185 
290.000 0.312 
291.000 0.483 
292.000 0.524 
293.000 0.591 
294.000 0.475 
295.000 0.285 
296.000 0.119 
297.000 0.000 
298.000 -0.073 
299.000 -0.114 
300.000 -0.151 
301.000 -0.090 
302.000 0.021 
303.000 0.191 
304.000 0.320 
305.000 0.491 
306.000 0.532 
307.000 0.599 
308.000 0.482 
309.000 0.289 
310.000 0.121 
311.000 0.002 
312.000 -0.073 
313.000 -0.113 
314.000 -0.151 
315.000 -0.089 
316.000 0.023 
317.000 0.194 
318.000 0.325 
319.000 0.498 
320.000 0.541 
321.000 0.609 
322.000 0.492 
323.000 0.296 
324.000 0.125 
325.000 0.004 
326.000 -0.071 
327.000 -0.113 
328.000 -0.152 
329.000 -0.090 
330.000 0.024 
331.000 0.196 
332.000 0.330 
333.000 0.503 
334.000 0.548 
335.000 0.618 
336.000 0.502 
337.000 0.303 
338.000 0.129 
339.000 0.007 
340.000 -0.070 
341.000 -0.112 
342.000 -0.153 
343.000 -0.092 
344.000 0.025 
345.000 0.198 
346.000 0.333 
347.000 0.508 
348.000 0.556 
349.000 0.628 
350.000 0.512 
351.000 0.310 
352.000 0.134 
353.000 0.009 
354.000 -0.068 
355.000 -0.111 
356.000 -0.154 
357.000 -0.093 
358.000 0.025 
359.000 0.199 
360.000 0.336 
361.000 0.512 
362.000 0.563 
363.000 0.638 
364.000 0.522 
365.000 0.317 
366.000 0.227 
367.000 0.224 
368.000 0.302 
369.000 0.412 
370.000 0.577 
371.000 0.736 
372.000 0.882 
373.000 0.941 
374.000 1.009 
375.000 0.883 
376.000 0.787 
377.000 0.599 
378.000 0.391 
379.000 0.214 
380.000 0.095 
381.000 0.086 
382.000 0.176 
383.000 0.333 
384.000 0.530 
385.000 0.733 
386.000 0.905 
387.000 1.019 
388.000 1.079 
389.000 1.079 
390.000 0.976 
391.000 0.735 
392.000 0.451 
393.000 0.231 
394.000 0.086 
395.000 -0.016 
396.000 0.021 
397.000 0.195 
398.000 0.425 
399.000 0.673 
400.000 0.914 
401.000 1.084 
402.000 1.185 
403.000 1.190 
404.000 1.134 
405.000 0.855 
406.000 0.510 
407.000 0.252 
408.000 0.086 
409.000 -0.014 
410.000 -0.030 
411.000 0.121 
412.000 0.359 
413.000 0.636 
414.000 0.910 
415.000 1.139 
416.000 1.253 
417.000 1.308 
418.000 1.212 
419.000 0.912 
420.000 0.536 
421.000 0.260 
422.000 0.083 
423.000 -0.021 
424.000 -0.065 
425.000 0.067 
426.000 0.309 
427.000 0.603 
428.000 0.904 
429.000 1.176 
430.000 1.316 
431.000 1.395 
432.000 1.281 
433.000 0.979 
434.000 0.575 
435.000 0.280 
436.000 0.095 
437.000 -0.014 
438.000 -0.091 
439.000 0.009 
440.000 0.243 
441.000 0.546 
442.000 0.866 
443.000 1.176 
444.000 1.385 
445.000 1.480 
446.000 1.454 
447.000 1.188 
448.000 0.718 
449.000 0.369 
450.000 0.149 
451.000 0.015 
452.000 -0.087 
453.000 -0.059 
454.000 0.153 
455.000 0.459 
456.000 0.799 
457.000 1.143 
458.000 1.429 
459.000 1.527 
460.000 1.569 
461.000 1.289 
462.000 0.791 
463.000 0.417 
464.000 0.178 
465.000 0.033 
466.000 -0.056 
467.000 -0.047 
468.000 0.155 
469.000 0.464 
470.000 0.815 
471.000 1.167 
472.000 1.470 
473.000 1.582 
474.000 1.629 
475.000 1.342 
476.000 0.822 
477.000 0.434 
478.000 0.188 
479.000 0.039 
480.000 -0.049 
481.000 -0.052 
482.000 0.146 
483.000 0.459 
484.000 0.820 
485.000 1.185 
486.000 1.583 
487.000 2.014 
488.000 2.451 
489.000 2.873 
490.000 3.230 
491.000 3.456 
492.000 3.472 
493.000 3.308 
494.000 3.014 
495.000 2.671 
496.000 2.337 
497.000 2.086 
498.000 1.956 
499.000 1.977 
500.000 2.126 
501.000 2.360 
502.000 2.646 
503.000 2.958 
504.000 3.276 
505.000 3.559 
506.000 3.733 
507.000 3.732 
508.000 3.546 
509.000 3.250 
510.000 2.873 
511.000 2.452 
512.000 2.125 
513.000 1.947 
514.000 1.937 
515.000 2.066 
516.000 2.288 
517.000 2.568 
518.000 2.878 
519.000 3.199 
520.000 3.515 
521.000 3.771 
522.000 3.896 
523.000 3.838 
524.000 3.617 
525.000 3.288 
526.000 2.833 
527.000 2.323 
528.000 1.944 
529.000 1.762 
530.000 1.767 
531.000 1.912 
532.000 2.151 
533.000 2.449 
534.000 2.776 
535.000 3.112 
536.000 3.442 
537.000 3.749 
538.000 3.969 
539.000 4.041 
540.000 3.926 
541.000 3.670 
542.000 3.275 
543.000 2.703 
544.000 2.054 
545.000 1.589 
546.000 1.376 
547.000 1.382 
548.000 1.542 
549.000 1.806 
550.000 2.133 
551.000 2.493 
552.000 2.863 
553.000 3.227 
554.000 3.572 
555.000 3.890 
556.000 4.125 
557.000 4.219 
558.000 4.137 
559.000 3.894 
560.000 3.484 
561.000 2.793 
562.000 1.859 
563.000 1.122 
564.000 0.678 
565.000 0.546 
566.000 0.640 
567.000 0.890 
568.000 1.241 
569.000 1.652 
570.000 2.089 
571.000 2.528 
572.000 2.953 
573.000 3.352 
574.000 3.718 
575.000 4.046 
576.000 4.305 
577.000 4.445 
578.000 4.433 
579.000 4.260 
580.000 3.923 
581.000 3.292 
582.000 2.159 
583.000 1.274 
584.000 0.615 
585.000 0.252 
586.000 0.193 
587.000 0.352 
588.000 0.659 
589.000 1.059 
590.000 1.511 
591.000 1.982 
592.000 2.450 
593.000 2.898 
594.000 3.315 
595.000 3.695 
596.000 4.035 
597.000 4.333 
598.000 4.575 
599.000 4.724 
600.000 4.752 
601.000 4.650 
602.000 4.426 
603.000 4.100 
604.000 3.673 
605.000 3.103 
606.000 2.721 
607.000 2.557 
608.000 2.554 
609.000 2.664 
610.000 2.851 
611.000 3.085 
612.000 3.344 
613.000 3.611 
614.000 3.873 
615.000 4.123 
616.000 4.354 
617.000 4.564 
618.000 4.751 
619.000 4.915 
620.000 5.056 
621.000 5.176 
622.000 5.276 
623.000 5.359 
624.000 5.427 
625.000 5.481 
626.000 5.523 
627.000 5.556 
628.000 5.580 
629.000 5.598 
630.000 5.611 
631.000 5.619 
632.000 5.624 
633.000 5.626 
634.000 5.627 
635.000 5.626 
636.000 5.624 
637.000 5.622 
638.000 5.619 
639.000 5.616 
640.000 5.613 
641.000 5.611 
642.000 5.608 
643.000 5.606 
644.000 5.604 
645.000 5.602 
646.000 5.600 
647.000 5.599 
648.000 5.598 
649.000 5.597 
650.000 5.596 
651.000 5.596 
652.000 5.595 
653.000 5.595 
654.000 5.594 
655.000 5.594 
656.000 5.594 
657.000 5.594 
658.000 5.594 
659.000 5.594 
660.000 5.594 
661.000 5.594 
662.000 5.594 
663.000 5.594 
664.000 5.594 
665.000 5.594 
666.000 5.594 
667.000 5.594 
668.000 5.594 
669.000 5.594 
670.000 5.594 
671.000 5.594 
672.000 5.594 
673.000 5.594 
674.000 5.594 
675.000 5.594 
676.000 5.594 
677.000 5.594 
678.000 5.594 
679.000 5.594 
680.000 5.594 
681.000 5.594 
682.000 5.594 
683.000 5.594 
684.000 5.594 
685.000 5.594 
686.000 5.594 
687.000 5.594 
688.000 5.594 
689.000 5.594 
690.000 5.594 
691.000 5.594 
692.000 5.594 
693.000 5.594 
694.000 5.594 
695.000 5.594 
696.000 5.594 
697.000 5.594 
698.000 5.594 
699.000 5.594 
700.000 5.594 
701.000 5.594 
702.000 5.594 
703.000 5.594 
704.000 5.594 
705.000 5.594 
706.000 5.594 
707.000 5.594 
708.000 5.594 
709.000 5.594 
710.000 5.594 
711.000 5.594 
712.000 5.594 
713.000 5.594 
714.000 5.594 
715.000 5.594 
716.000 5.594 
717.000 5.594 
718.000 5.594 
719.000 5.594 
720.000 5.594 
721.000 5.594 
722.000 5.594 
723.000 5.594 
724.000 5.594 
725.000 5.594 
726.000 5.594 
727.000 5.594 
728.000 5.594 
729.000 5.594 
730.000 5.594 
731.000 5.594 
732.000 5.594 
733.000 5.594 
734.000 5.594 
735.000 5.594 
736.000 5.594 
737.000 5.594 
738.000 5.594 
739.000 5.594 
740.000 5.594 
741.000 5.594 
742.000 5.594 
743.000 5.594 
744.000 5.594 
745.000 5.594 
746.000 5.594 
747.000 5.594 
748.000 5.594 
749.000 5.594 
750.000 5.594 
751.000 5.594 
752.000 5.594 
753.000 5.594 
754.000 5.594 
755.000 5.594 
756.000 5.594 
757.000 5.594 
758.000 5.594 
759.000 5.594 
760.000 5.594 
761.000 5.594 
762.000 5.594 
763.000 5.594 
764.000 5.594 
765.000 5.594 
766.000 5.594 
767.000 5.594 
768.000 5.594 
769.000 5.594 
770.000 5.594 
771.000 5.594 
772.000 5.594 
773.000 5.594 
774.000 5.594 
775.000 5.594 
776.000 5.594 
777.000 5.594 
778.000 5.594 
779.000 5.594 
780.000 5.594 
781.000 5.594 
782.000 5.594 
783.000 5.594 
784.000 5.594 
785.000 5.594 
786.000 5.594 
787.000 5.594 
788.000 5.594 
789.000 5.594 
790.000 5.594 
791.000 5.594 
792.000 5.594 
793.000 5.594 
794.000 5.594 
795.000 5.594 
796.000 5.594 
797.000 5.594 
798.000 5.594 
799.000 5.594 
800.000 5.594 
