1.000 0.000 
2.000 0.000 
3.000 0.000 
4.000 0.000 
5.000 0.000 
6.000 0.000 
7.000 0.000 
8.000 0.000 
9.000 0.000 
10.000 0.000 
11.000 0.000 
12.000 -0.043 
13.000 -0.090 
14.000 -0.109 
15.000 -0.119 
16.000 -0.125 
17.000 -0.135 
18.000 -0.111 
19.000 -0.071 
20.000 -0.042 
21.000 -0.026 
22.000 -0.013 
23.000 -0.022 
24.000 -0.053 
25.000 -0.085 
26.000 -0.107 
27.000 -0.119 
28.000 -0.127 
29.000 -0.128 
30.000 -0.112 
31.000 -0.083 
32.000 -0.056 
33.000 -0.037 
34.000 -0.029 
35.000 -0.038 
36.000 -0.060 
37.000 -0.084 
38.000 -0.104 
39.000 -0.116 
40.000 -0.122 
41.000 -0.122 
42.000 -0.110 
43.000 -0.090 
44.000 -0.069 
45.000 -0.053 
46.000 -0.048 
47.000 -0.054 
48.000 -0.068 
49.000 -0.086 
50.000 -0.101 
51.000 -0.111 
52.000 -0.116 
53.000 -0.114 
54.000 -0.107 
55.000 -0.094 
56.000 -0.080 
57.000 -0.069 
58.000 -0.065 
59.000 -0.069 
60.000 -0.077 
61.000 -0.088 
62.000 -0.098 
63.000 -0.105 
64.000 -0.109 
65.000 -0.108 
66.000 -0.103 
67.000 -0.095 
68.000 -0.087 
69.000 -0.081 
70.000 -0.078 
71.000 -0.080 
72.000 -0.084 
73.000 -0.090 
74.000 -0.097 
75.000 -0.101 
76.000 -0.103 
77.000 -0.103 
78.000 -0.101 
79.000 -0.096 
80.000 -0.092 
81.000 -0.088 
82.000 -0.086 
83.000 -0.087 
84.000 -0.089 
85.000 -0.093 
86.000 -0.096 
87.000 -0.099 
88.000 -0.100 
89.000 -0.100 
90.000 -0.099 
91.000 -0.097 
92.000 -0.094 
93.000 -0.092 
94.000 -0.091 
95.000 -0.092 
96.000 -0.093 
97.000 -0.094 
98.000 -0.096 
99.000 -0.098 
100.000 -0.099 
101.000 -0.099 
102.000 -0.098 
103.000 -0.097 
104.000 -0.096 
105.000 -0.095 
106.000 -0.095 
107.000 -0.095 
108.000 -0.095 
109.000 -0.096 
110.000 -0.097 
111.000 -0.098 
112.000 -0.098 
113.000 -0.099 
114.000 -0.098 
115.000 -0.098 
116.000 -0.097 
117.000 -0.097 
118.000 -0.097 
119.000 -0.097 
120.000 -0.097 
121.000 -0.097 
122.000 -0.098 
123.000 -0.098 
124.000 -0.099 
125.000 -0.099 
126.000 -0.073 
127.000 -0.028 
128.000 -0.011 
129.000 -0.008 
130.000 -0.011 
131.000 -0.029 
132.000 -0.061 
133.000 -0.091 
134.000 -0.107 
135.000 -0.113 
136.000 -0.114 
137.000 -0.102 
138.000 -0.065 
139.000 -0.023 
140.000 0.008 
141.000 0.022 
142.000 0.014 
143.000 -0.019 
144.000 -0.060 
145.000 -0.094 
146.000 -0.115 
147.000 -0.126 
148.000 -0.130 
149.000 -0.109 
150.000 -0.063 
151.000 -0.009 
152.000 0.034 
153.000 0.061 
154.000 0.047 
155.000 -0.001 
156.000 -0.055 
157.000 -0.099 
158.000 -0.128 
159.000 -0.143 
160.000 -0.150 
161.000 -0.122 
162.000 -0.061 
163.000 0.010 
164.000 0.070 
165.000 0.113 
166.000 0.094 
167.000 0.025 
168.000 -0.047 
169.000 -0.100 
170.000 -0.134 
171.000 -0.150 
172.000 -0.167 
173.000 -0.133 
174.000 -0.060 
175.000 0.021 
176.000 0.088 
177.000 0.149 
178.000 0.133 
179.000 0.048 
180.000 -0.035 
181.000 -0.094 
182.000 -0.130 
183.000 -0.149 
184.000 -0.180 
185.000 -0.149 
186.000 -0.075 
187.000 0.008 
188.000 0.079 
189.000 0.161 
190.000 0.165 
191.000 0.075 
192.000 -0.017 
193.000 -0.083 
194.000 -0.123 
195.000 -0.148 
196.000 -0.184 
197.000 -0.162 
198.000 -0.091 
199.000 -0.008 
200.000 0.067 
201.000 0.158 
202.000 0.177 
203.000 0.089 
204.000 -0.006 
205.000 -0.076 
206.000 -0.119 
207.000 -0.145 
208.000 -0.175 
209.000 -0.159 
210.000 -0.093 
211.000 -0.013 
212.000 0.060 
213.000 0.139 
214.000 0.156 
215.000 0.076 
216.000 -0.013 
217.000 -0.080 
218.000 -0.122 
219.000 -0.147 
220.000 -0.174 
221.000 -0.159 
222.000 -0.096 
223.000 -0.019 
224.000 0.052 
225.000 0.126 
226.000 0.143 
227.000 0.069 
228.000 -0.017 
229.000 -0.082 
230.000 -0.123 
231.000 -0.148 
232.000 -0.172 
233.000 -0.160 
234.000 -0.099 
235.000 -0.024 
236.000 0.046 
237.000 0.115 
238.000 0.132 
239.000 0.062 
240.000 -0.021 
241.000 -0.084 
242.000 -0.124 
243.000 -0.148 
244.000 -0.171 
245.000 -0.160 
246.000 -0.038 
247.000 0.091 
248.000 0.277 
249.000 0.394 
250.000 0.557 
251.000 0.540 
252.000 0.340 
253.000 0.152 
254.000 0.020 
255.000 -0.061 
256.000 -0.111 
257.000 -0.130 
258.000 -0.037 
259.000 0.128 
260.000 0.259 
261.000 0.437 
262.000 0.520 
263.000 0.529 
264.000 0.332 
265.000 0.145 
266.000 0.015 
267.000 -0.065 
268.000 -0.113 
269.000 -0.131 
270.000 -0.037 
271.000 0.129 
272.000 0.261 
273.000 0.440 
274.000 0.525 
275.000 0.535 
276.000 0.337 
277.000 0.148 
278.000 0.017 
279.000 -0.063 
280.000 -0.112 
281.000 -0.131 
282.000 -0.035 
283.000 0.130 
284.000 0.264 
285.000 0.443 
286.000 0.531 
287.000 0.543 
288.000 0.345 
289.000 0.154 
290.000 0.021 
291.000 -0.061 
292.000 -0.111 
293.000 -0.130 
294.000 -0.034 
295.000 0.131 
296.000 0.267 
297.000 0.446 
298.000 0.536 
299.000 0.552 
300.000 0.353 
301.000 0.159 
302.000 0.025 
303.000 -0.059 
304.000 -0.109 
305.000 -0.130 
306.000 -0.033 
307.000 0.132 
308.000 0.269 
309.000 0.448 
310.000 0.541 
311.000 0.560 
312.000 0.361 
313.000 0.165 
314.000 0.028 
315.000 -0.057 
316.000 -0.108 
317.000 -0.129 
318.000 -0.032 
319.000 0.133 
320.000 0.272 
321.000 0.451 
322.000 0.545 
323.000 0.567 
324.000 0.369 
325.000 0.171 
326.000 0.031 
327.000 -0.055 
328.000 -0.107 
329.000 -0.129 
330.000 -0.031 
331.000 0.134 
332.000 0.274 
333.000 0.454 
334.000 0.550 
335.000 0.575 
336.000 0.377 
337.000 0.176 
338.000 0.035 
339.000 -0.053 
340.000 -0.106 
341.000 -0.128 
342.000 -0.030 
343.000 0.135 
344.000 0.276 
345.000 0.456 
346.000 0.554 
347.000 0.582 
348.000 0.384 
349.000 0.181 
350.000 0.038 
351.000 -0.051 
352.000 -0.105 
353.000 -0.127 
354.000 -0.030 
355.000 0.136 
356.000 0.278 
357.000 0.459 
358.000 0.559 
359.000 0.589 
360.000 0.391 
361.000 0.186 
362.000 0.041 
363.000 -0.049 
364.000 -0.103 
365.000 -0.127 
366.000 0.069 
367.000 0.326 
368.000 0.579 
369.000 0.801 
370.000 0.998 
371.000 1.054 
372.000 0.978 
373.000 0.645 
374.000 0.342 
375.000 0.135 
376.000 0.008 
377.000 -0.114 
378.000 -0.087 
379.000 0.051 
380.000 0.250 
381.000 0.470 
382.000 0.705 
383.000 0.893 
384.000 1.038 
385.000 1.090 
386.000 0.967 
387.000 0.600 
388.000 0.304 
389.000 0.111 
390.000 -0.007 
391.000 -0.081 
392.000 0.013 
393.000 0.191 
394.000 0.416 
395.000 0.651 
396.000 0.879 
397.000 1.036 
398.000 1.148 
399.000 1.097 
400.000 0.742 
401.000 0.405 
402.000 0.173 
403.000 0.030 
404.000 -0.086 
405.000 -0.061 
406.000 0.118 
407.000 0.353 
408.000 0.608 
409.000 0.868 
410.000 1.082 
411.000 1.212 
412.000 1.233 
413.000 0.925 
414.000 0.534 
415.000 0.254 
416.000 0.079 
417.000 -0.027 
418.000 -0.089 
419.000 0.036 
420.000 0.250 
421.000 0.509 
422.000 0.780 
423.000 1.040 
424.000 1.209 
425.000 1.319 
426.000 1.193 
427.000 0.741 
428.000 0.387 
429.000 0.160 
430.000 0.022 
431.000 -0.112 
432.000 -0.081 
433.000 0.096 
434.000 0.350 
435.000 0.638 
436.000 0.943 
437.000 1.211 
438.000 1.366 
439.000 1.411 
440.000 1.063 
441.000 0.621 
442.000 0.306 
443.000 0.110 
444.000 -0.008 
445.000 -0.080 
446.000 0.047 
447.000 0.278 
448.000 0.567 
449.000 0.875 
450.000 1.175 
451.000 1.386 
452.000 1.498 
453.000 1.288 
454.000 0.786 
455.000 0.409 
456.000 0.173 
457.000 0.030 
458.000 -0.081 
459.000 0.002 
460.000 0.213 
461.000 0.500 
462.000 0.819 
463.000 1.146 
464.000 1.409 
465.000 1.545 
466.000 1.418 
467.000 0.898 
468.000 0.486 
469.000 0.220 
470.000 0.058 
471.000 -0.047 
472.000 -0.040 
473.000 0.149 
474.000 0.431 
475.000 0.758 
476.000 1.097 
477.000 1.401 
478.000 1.574 
479.000 1.561 
480.000 1.052 
481.000 0.594 
482.000 0.287 
483.000 0.098 
484.000 -0.015 
485.000 -0.084 
486.000 0.078 
487.000 0.398 
488.000 0.816 
489.000 1.290 
490.000 1.786 
491.000 2.278 
492.000 2.749 
493.000 3.188 
494.000 3.575 
495.000 3.837 
496.000 3.896 
497.000 3.721 
498.000 3.015 
499.000 1.884 
500.000 1.078 
501.000 0.547 
502.000 0.232 
503.000 0.207 
504.000 0.389 
505.000 0.711 
506.000 1.121 
507.000 1.576 
508.000 2.048 
509.000 2.514 
510.000 2.958 
511.000 3.370 
512.000 3.745 
513.000 4.036 
514.000 4.176 
515.000 4.114 
516.000 3.741 
517.000 2.590 
518.000 1.552 
519.000 0.866 
520.000 0.327 
521.000 0.074 
522.000 0.097 
523.000 0.317 
524.000 0.668 
525.000 1.100 
526.000 1.572 
527.000 2.056 
528.000 2.530 
529.000 2.979 
530.000 3.394 
531.000 3.770 
532.000 4.104 
533.000 4.354 
534.000 4.465 
535.000 4.395 
536.000 4.106 
537.000 3.235 
538.000 2.008 
539.000 1.149 
540.000 0.569 
541.000 0.229 
542.000 0.187 
543.000 0.357 
544.000 0.672 
545.000 1.078 
546.000 1.533 
547.000 2.006 
548.000 2.474 
549.000 2.921 
550.000 3.337 
551.000 3.715 
552.000 4.052 
553.000 4.349 
554.000 4.578 
555.000 4.692 
556.000 4.658 
557.000 4.463 
558.000 4.047 
559.000 3.038 
560.000 1.865 
561.000 1.060 
562.000 0.459 
563.000 0.221 
564.000 0.251 
565.000 0.471 
566.000 0.817 
567.000 1.239 
568.000 1.699 
569.000 2.170 
570.000 2.630 
571.000 3.066 
572.000 3.468 
573.000 3.832 
574.000 4.155 
575.000 4.438 
576.000 4.680 
577.000 4.850 
578.000 4.908 
579.000 4.835 
580.000 4.628 
581.000 4.301 
582.000 3.797 
583.000 2.848 
584.000 1.745 
585.000 0.894 
586.000 0.446 
587.000 0.320 
588.000 0.426 
589.000 0.693 
590.000 1.064 
591.000 1.494 
592.000 1.951 
593.000 2.410 
594.000 2.853 
595.000 3.269 
596.000 3.649 
597.000 3.991 
598.000 4.292 
599.000 4.554 
600.000 4.778 
601.000 4.953 
602.000 5.048 
603.000 5.037 
604.000 4.914 
605.000 4.684 
606.000 4.519 
607.000 4.441 
608.000 4.430 
609.000 4.464 
610.000 4.531 
611.000 4.617 
612.000 4.715 
613.000 4.816 
614.000 4.917 
615.000 5.014 
616.000 5.104 
617.000 5.186 
618.000 5.259 
619.000 5.323 
620.000 5.379 
621.000 5.426 
622.000 5.466 
623.000 5.499 
624.000 5.525 
625.000 5.547 
626.000 5.564 
627.000 5.577 
628.000 5.587 
629.000 5.595 
630.000 5.600 
631.000 5.603 
632.000 5.605 
633.000 5.606 
634.000 5.607 
635.000 5.606 
636.000 5.606 
637.000 5.605 
638.000 5.604 
639.000 5.603 
640.000 5.602 
641.000 5.601 
642.000 5.600 
643.000 5.599 
644.000 5.598 
645.000 5.597 
646.000 5.597 
647.000 5.596 
648.000 5.596 
649.000 5.595 
650.000 5.595 
651.000 5.595 
652.000 5.595 
653.000 5.594 
654.000 5.594 
655.000 5.594 
656.000 5.594 
657.000 5.594 
658.000 5.594 
659.000 5.594 
660.000 5.594 
661.000 5.594 
662.000 5.594 
663.000 5.594 
664.000 5.594 
665.000 5.594 
666.000 5.594 
667.000 5.594 
668.000 5.594 
669.000 5.594 
670.000 5.594 
671.000 5.594 
672.000 5.594 
673.000 5.594 
674.000 5.594 
675.000 5.594 
676.000 5.594 
677.000 5.594 
678.000 5.594 
679.000 5.594 
680.000 5.594 
681.000 5.594 
682.000 5.594 
683.000 5.594 
684.000 5.594 
685.000 5.594 
686.000 5.594 
687.000 5.594 
688.000 5.594 
689.000 5.594 
690.000 5.594 
691.000 5.594 
692.000 5.594 
693.000 5.594 
694.000 5.594 
695.000 5.594 
696.000 5.594 
697.000 5.594 
698.000 5.594 
699.000 5.594 
700.000 5.594 
701.000 5.594 
702.000 5.594 
703.000 5.594 
704.000 5.594 
705.000 5.594 
706.000 5.594 
707.000 5.594 
708.000 5.594 
709.000 5.594 
710.000 5.594 
711.000 5.594 
712.000 5.594 
713.000 5.594 
714.000 5.594 
715.000 5.594 
716.000 5.594 
717.000 5.594 
718.000 5.594 
719.000 5.594 
720.000 5.594 
721.000 5.594 
722.000 5.594 
723.000 5.594 
724.000 5.594 
725.000 5.594 
726.000 5.594 
727.000 5.594 
728.000 5.594 
729.000 5.594 
730.000 5.594 
731.000 5.594 
732.000 5.594 
733.000 5.594 
734.000 5.594 
735.000 5.594 
736.000 5.594 
737.000 5.594 
738.000 5.594 
739.000 5.594 
740.000 5.594 
741.000 5.594 
742.000 5.594 
743.000 5.594 
744.000 5.594 
745.000 5.594 
746.000 5.594 
747.000 5.594 
748.000 5.594 
749.000 5.594 
750.000 5.594 
751.000 5.594 
752.000 5.594 
753.000 5.594 
754.000 5.594 
755.000 5.594 
756.000 5.594 
757.000 5.594 
758.000 5.594 
759.000 5.594 
760.000 5.594 
761.000 5.594 
762.000 5.594 
763.000 5.594 
764.000 5.594 
765.000 5.594 
766.000 5.594 
767.000 5.594 
768.000 5.594 
769.000 5.594 
770.000 5.594 
771.000 5.594 
772.000 5.594 
773.000 5.594 
774.000 5.594 
775.000 5.594 
776.000 5.594 
777.000 5.594 
778.000 5.594 
779.000 5.594 
780.000 5.594 
781.000 5.594 
782.000 5.594 
783.000 5.594 
784.000 5.594 
785.000 5.594 
786.000 5.594 
787.000 5.594 
788.000 5.594 
789.000 5.594 
790.000 5.594 
791.000 5.594 
792.000 5.594 
793.000 5.594 
794.000 5.594 
795.000 5.594 
796.000 5.594 
797.000 5.594 
798.000 5.594 
799.000 5.594 
800.000 5.594 
