1.000 0.000 
2.000 0.000 
3.000 0.000 
4.000 0.000 
5.000 0.000 
6.000 0.000 
7.000 0.000 
8.000 0.000 
9.000 0.000 
10.000 0.000 
11.000 0.000 
12.000 -0.014 
13.000 -0.032 
14.000 -0.040 
15.000 -0.042 
16.000 -0.043 
17.000 -0.041 
18.000 -0.037 
19.000 -0.033 
20.000 -0.030 
21.000 -0.029 
22.000 -0.029 
23.000 -0.029 
24.000 -0.031 
25.000 -0.032 
26.000 -0.033 
27.000 -0.034 
28.000 -0.034 
29.000 -0.034 
30.000 -0.033 
31.000 -0.033 
32.000 -0.033 
33.000 -0.033 
34.000 -0.033 
35.000 -0.033 
36.000 -0.033 
37.000 -0.033 
38.000 -0.034 
39.000 -0.034 
40.000 -0.034 
41.000 -0.034 
42.000 -0.034 
43.000 -0.034 
44.000 -0.034 
45.000 -0.034 
46.000 -0.034 
47.000 -0.034 
48.000 -0.034 
49.000 -0.034 
50.000 -0.035 
51.000 -0.035 
52.000 -0.035 
53.000 -0.035 
54.000 -0.035 
55.000 -0.035 
56.000 -0.035 
57.000 -0.035 
58.000 -0.035 
59.000 -0.035 
60.000 -0.035 
61.000 -0.035 
62.000 -0.035 
63.000 -0.036 
64.000 -0.036 
65.000 -0.036 
66.000 -0.036 
67.000 -0.036 
68.000 -0.036 
69.000 -0.036 
70.000 -0.036 
71.000 -0.036 
72.000 -0.036 
73.000 -0.036 
74.000 -0.036 
75.000 -0.037 
76.000 -0.037 
77.000 -0.037 
78.000 -0.037 
79.000 -0.037 
80.000 -0.037 
81.000 -0.037 
82.000 -0.037 
83.000 -0.037 
84.000 -0.037 
85.000 -0.037 
86.000 -0.037 
87.000 -0.037 
88.000 -0.038 
89.000 -0.038 
90.000 -0.038 
91.000 -0.038 
92.000 -0.038 
93.000 -0.038 
94.000 -0.038 
95.000 -0.038 
96.000 -0.038 
97.000 -0.038 
98.000 -0.038 
99.000 -0.038 
100.000 -0.038 
101.000 -0.039 
102.000 -0.039 
103.000 -0.039 
104.000 -0.039 
105.000 -0.039 
106.000 -0.039 
107.000 -0.039 
108.000 -0.039 
109.000 -0.039 
110.000 -0.039 
111.000 -0.039 
112.000 -0.039 
113.000 -0.039 
114.000 -0.040 
115.000 -0.040 
116.000 -0.040 
117.000 -0.040 
118.000 -0.040 
119.000 -0.040 
120.000 -0.040 
121.000 -0.040 
122.000 -0.040 
123.000 -0.040 
124.000 -0.040 
125.000 -0.040 
126.000 -0.035 
127.000 -0.028 
128.000 -0.026 
129.000 -0.025 
130.000 -0.025 
131.000 -0.026 
132.000 -0.027 
133.000 -0.029 
134.000 -0.030 
135.000 -0.031 
136.000 -0.031 
137.000 -0.031 
138.000 -0.030 
139.000 -0.030 
140.000 -0.029 
141.000 -0.029 
142.000 -0.029 
143.000 -0.029 
144.000 -0.030 
145.000 -0.030 
146.000 -0.030 
147.000 -0.030 
148.000 -0.030 
149.000 -0.030 
150.000 -0.030 
151.000 -0.030 
152.000 -0.030 
153.000 -0.030 
154.000 -0.030 
155.000 -0.030 
156.000 -0.030 
157.000 -0.030 
158.000 -0.030 
159.000 -0.030 
160.000 -0.030 
161.000 -0.030 
162.000 -0.031 
163.000 -0.031 
164.000 -0.031 
165.000 -0.031 
166.000 -0.031 
167.000 -0.031 
168.000 -0.031 
169.000 -0.031 
170.000 -0.031 
171.000 -0.031 
172.000 -0.031 
173.000 -0.031 
174.000 -0.031 
175.000 -0.031 
176.000 -0.031 
177.000 -0.031 
178.000 -0.031 
179.000 -0.031 
180.000 -0.031 
181.000 -0.031 
182.000 -0.031 
183.000 -0.031 
184.000 -0.031 
185.000 -0.031 
186.000 -0.031 
187.000 -0.032 
188.000 -0.032 
189.000 -0.032 
190.000 -0.032 
191.000 -0.032 
192.000 -0.032 
193.000 -0.032 
194.000 -0.032 
195.000 -0.032 
196.000 -0.032 
197.000 -0.032 
198.000 -0.032 
199.000 -0.032 
200.000 -0.032 
201.000 -0.032 
202.000 -0.032 
203.000 -0.032 
204.000 -0.032 
205.000 -0.032 
206.000 -0.032 
207.000 -0.032 
208.000 -0.032 
209.000 -0.032 
210.000 -0.032 
211.000 -0.032 
212.000 -0.032 
213.000 -0.033 
214.000 -0.033 
215.000 -0.033 
216.000 -0.033 
217.000 -0.033 
218.000 -0.033 
219.000 -0.033 
220.000 -0.033 
221.000 -0.033 
222.000 -0.033 
223.000 -0.033 
224.000 -0.033 
225.000 -0.033 
226.000 -0.033 
227.000 -0.033 
228.000 -0.033 
229.000 -0.033 
230.000 -0.033 
231.000 -0.033 
232.000 -0.033 
233.000 -0.033 
234.000 -0.033 
235.000 -0.033 
236.000 -0.033 
237.000 -0.033 
238.000 -0.033 
239.000 -0.033 
240.000 -0.034 
241.000 -0.034 
242.000 -0.034 
243.000 -0.034 
244.000 -0.034 
245.000 -0.034 
246.000 0.012 
247.000 0.037 
248.000 0.042 
249.000 0.048 
250.000 0.053 
251.000 0.050 
252.000 0.044 
253.000 0.040 
254.000 0.038 
255.000 0.037 
256.000 0.037 
257.000 0.039 
258.000 0.041 
259.000 0.043 
260.000 0.045 
261.000 0.046 
262.000 0.046 
263.000 0.046 
264.000 0.046 
265.000 0.046 
266.000 0.045 
267.000 0.046 
268.000 0.046 
269.000 0.046 
270.000 0.047 
271.000 0.047 
272.000 0.048 
273.000 0.048 
274.000 0.049 
275.000 0.049 
276.000 0.049 
277.000 0.050 
278.000 0.050 
279.000 0.050 
280.000 0.051 
281.000 0.051 
282.000 0.051 
283.000 0.052 
284.000 0.052 
285.000 0.053 
286.000 0.053 
287.000 0.053 
288.000 0.054 
289.000 0.054 
290.000 0.054 
291.000 0.055 
292.000 0.055 
293.000 0.056 
294.000 0.056 
295.000 0.056 
296.000 0.057 
297.000 0.057 
298.000 0.058 
299.000 0.058 
300.000 0.058 
301.000 0.059 
302.000 0.059 
303.000 0.060 
304.000 0.060 
305.000 0.060 
306.000 0.061 
307.000 0.061 
308.000 0.062 
309.000 0.062 
310.000 0.062 
311.000 0.063 
312.000 0.063 
313.000 0.064 
314.000 0.064 
315.000 0.065 
316.000 0.065 
317.000 0.065 
318.000 0.066 
319.000 0.066 
320.000 0.067 
321.000 0.067 
322.000 0.068 
323.000 0.068 
324.000 0.069 
325.000 0.069 
326.000 0.069 
327.000 0.070 
328.000 0.070 
329.000 0.071 
330.000 0.071 
331.000 0.072 
332.000 0.072 
333.000 0.073 
334.000 0.073 
335.000 0.074 
336.000 0.074 
337.000 0.074 
338.000 0.075 
339.000 0.075 
340.000 0.076 
341.000 0.076 
342.000 0.077 
343.000 0.077 
344.000 0.078 
345.000 0.078 
346.000 0.079 
347.000 0.079 
348.000 0.080 
349.000 0.080 
350.000 0.081 
351.000 0.081 
352.000 0.082 
353.000 0.082 
354.000 0.083 
355.000 0.083 
356.000 0.084 
357.000 0.084 
358.000 0.085 
359.000 0.085 
360.000 0.086 
361.000 0.086 
362.000 0.087 
363.000 0.087 
364.000 0.088 
365.000 0.088 
366.000 0.189 
367.000 0.294 
368.000 0.375 
369.000 0.435 
370.000 0.478 
371.000 0.487 
372.000 0.462 
373.000 0.419 
374.000 0.372 
375.000 0.329 
376.000 0.297 
377.000 0.285 
378.000 0.292 
379.000 0.315 
380.000 0.348 
381.000 0.385 
382.000 0.421 
383.000 0.450 
384.000 0.468 
385.000 0.475 
386.000 0.471 
387.000 0.459 
388.000 0.443 
389.000 0.427 
390.000 0.415 
391.000 0.410 
392.000 0.413 
393.000 0.424 
394.000 0.442 
395.000 0.463 
396.000 0.485 
397.000 0.505 
398.000 0.521 
399.000 0.532 
400.000 0.536 
401.000 0.534 
402.000 0.528 
403.000 0.520 
404.000 0.512 
405.000 0.507 
406.000 0.507 
407.000 0.512 
408.000 0.523 
409.000 0.538 
410.000 0.555 
411.000 0.574 
412.000 0.592 
413.000 0.607 
414.000 0.617 
415.000 0.622 
416.000 0.622 
417.000 0.618 
418.000 0.611 
419.000 0.603 
420.000 0.597 
421.000 0.594 
422.000 0.596 
423.000 0.604 
424.000 0.617 
425.000 0.635 
426.000 0.655 
427.000 0.676 
428.000 0.695 
429.000 0.711 
430.000 0.721 
431.000 0.724 
432.000 0.721 
433.000 0.711 
434.000 0.697 
435.000 0.681 
436.000 0.667 
437.000 0.658 
438.000 0.655 
439.000 0.662 
440.000 0.677 
441.000 0.701 
442.000 0.730 
443.000 0.763 
444.000 0.795 
445.000 0.822 
446.000 0.841 
447.000 0.849 
448.000 0.844 
449.000 0.825 
450.000 0.793 
451.000 0.753 
452.000 0.709 
453.000 0.669 
454.000 0.640 
455.000 0.629 
456.000 0.638 
457.000 0.669 
458.000 0.720 
459.000 0.785 
460.000 0.858 
461.000 0.932 
462.000 0.998 
463.000 1.048 
464.000 1.073 
465.000 1.066 
466.000 1.019 
467.000 0.928 
468.000 0.799 
469.000 0.647 
470.000 0.499 
471.000 0.381 
472.000 0.311 
473.000 0.303 
474.000 0.361 
475.000 0.478 
476.000 0.637 
477.000 0.819 
478.000 1.010 
479.000 1.196 
480.000 1.365 
481.000 1.508 
482.000 1.611 
483.000 1.656 
484.000 1.613 
485.000 1.425 
486.000 1.363 
487.000 1.430 
488.000 1.569 
489.000 1.760 
490.000 1.995 
491.000 2.261 
492.000 2.543 
493.000 2.830 
494.000 3.110 
495.000 3.375 
496.000 3.616 
497.000 3.827 
498.000 4.004 
499.000 4.142 
500.000 4.242 
501.000 4.301 
502.000 4.323 
503.000 4.310 
504.000 4.266 
505.000 4.196 
506.000 4.106 
507.000 4.004 
508.000 3.893 
509.000 3.782 
510.000 3.674 
511.000 3.575 
512.000 3.488 
513.000 3.415 
514.000 3.358 
515.000 3.317 
516.000 3.293 
517.000 3.284 
518.000 3.288 
519.000 3.304 
520.000 3.330 
521.000 3.363 
522.000 3.401 
523.000 3.443 
524.000 3.485 
525.000 3.525 
526.000 3.564 
527.000 3.598 
528.000 3.627 
529.000 3.651 
530.000 3.669 
531.000 3.681 
532.000 3.687 
533.000 3.687 
534.000 3.683 
535.000 3.675 
536.000 3.663 
537.000 3.649 
538.000 3.633 
539.000 3.617 
540.000 3.601 
541.000 3.586 
542.000 3.572 
543.000 3.560 
544.000 3.550 
545.000 3.542 
546.000 3.537 
547.000 3.534 
548.000 3.533 
549.000 3.534 
550.000 3.537 
551.000 3.541 
552.000 3.546 
553.000 3.552 
554.000 3.558 
555.000 3.564 
556.000 3.570 
557.000 3.576 
558.000 3.581 
559.000 3.585 
560.000 3.588 
561.000 3.590 
562.000 3.592 
563.000 3.592 
564.000 3.592 
565.000 3.591 
566.000 3.590 
567.000 3.588 
568.000 3.586 
569.000 3.584 
570.000 3.581 
571.000 3.579 
572.000 3.577 
573.000 3.575 
574.000 3.573 
575.000 3.572 
576.000 3.571 
577.000 3.570 
578.000 3.570 
579.000 3.570 
580.000 3.570 
581.000 3.570 
582.000 3.571 
583.000 3.572 
584.000 3.573 
585.000 3.574 
586.000 3.575 
587.000 3.575 
588.000 3.576 
589.000 3.577 
590.000 3.577 
591.000 3.578 
592.000 3.578 
593.000 3.578 
594.000 3.578 
595.000 3.578 
596.000 3.578 
597.000 3.578 
598.000 3.578 
599.000 3.577 
600.000 3.577 
601.000 3.577 
602.000 3.576 
603.000 3.576 
604.000 3.576 
605.000 3.576 
606.000 3.631 
607.000 3.742 
608.000 3.890 
609.000 4.058 
610.000 4.234 
611.000 4.409 
612.000 4.577 
613.000 4.734 
614.000 4.877 
615.000 5.004 
616.000 5.117 
617.000 5.214 
618.000 5.297 
619.000 5.367 
620.000 5.425 
621.000 5.472 
622.000 5.510 
623.000 5.540 
624.000 5.563 
625.000 5.581 
626.000 5.594 
627.000 5.603 
628.000 5.609 
629.000 5.613 
630.000 5.615 
631.000 5.616 
632.000 5.615 
633.000 5.614 
634.000 5.613 
635.000 5.611 
636.000 5.609 
637.000 5.607 
638.000 5.606 
639.000 5.604 
640.000 5.602 
641.000 5.601 
642.000 5.600 
643.000 5.599 
644.000 5.598 
645.000 5.597 
646.000 5.596 
647.000 5.596 
648.000 5.595 
649.000 5.595 
650.000 5.595 
651.000 5.594 
652.000 5.594 
653.000 5.594 
654.000 5.594 
655.000 5.594 
656.000 5.594 
657.000 5.594 
658.000 5.594 
659.000 5.594 
660.000 5.594 
661.000 5.594 
662.000 5.594 
663.000 5.594 
664.000 5.594 
665.000 5.594 
666.000 5.594 
667.000 5.594 
668.000 5.594 
669.000 5.594 
670.000 5.594 
671.000 5.594 
672.000 5.594 
673.000 5.594 
674.000 5.594 
675.000 5.594 
676.000 5.594 
677.000 5.594 
678.000 5.594 
679.000 5.594 
680.000 5.594 
681.000 5.594 
682.000 5.594 
683.000 5.594 
684.000 5.594 
685.000 5.594 
686.000 5.594 
687.000 5.594 
688.000 5.594 
689.000 5.594 
690.000 5.594 
691.000 5.594 
692.000 5.594 
693.000 5.594 
694.000 5.594 
695.000 5.594 
696.000 5.594 
697.000 5.594 
698.000 5.594 
699.000 5.594 
700.000 5.594 
701.000 5.594 
702.000 5.594 
703.000 5.594 
704.000 5.594 
705.000 5.594 
706.000 5.594 
707.000 5.594 
708.000 5.594 
709.000 5.594 
710.000 5.594 
711.000 5.594 
712.000 5.594 
713.000 5.594 
714.000 5.594 
715.000 5.594 
716.000 5.594 
717.000 5.594 
718.000 5.594 
719.000 5.594 
720.000 5.594 
721.000 5.594 
722.000 5.594 
723.000 5.594 
724.000 5.594 
725.000 5.594 
726.000 5.594 
727.000 5.594 
728.000 5.594 
729.000 5.594 
730.000 5.594 
731.000 5.594 
732.000 5.594 
733.000 5.594 
734.000 5.594 
735.000 5.594 
736.000 5.594 
737.000 5.594 
738.000 5.594 
739.000 5.594 
740.000 5.594 
741.000 5.594 
742.000 5.594 
743.000 5.594 
744.000 5.594 
745.000 5.594 
746.000 5.594 
747.000 5.594 
748.000 5.594 
749.000 5.594 
750.000 5.594 
751.000 5.594 
752.000 5.594 
753.000 5.594 
754.000 5.594 
755.000 5.594 
756.000 5.594 
757.000 5.594 
758.000 5.594 
759.000 5.594 
760.000 5.594 
761.000 5.594 
762.000 5.594 
763.000 5.594 
764.000 5.594 
765.000 5.594 
766.000 5.594 
767.000 5.594 
768.000 5.594 
769.000 5.594 
770.000 5.594 
771.000 5.594 
772.000 5.594 
773.000 5.594 
774.000 5.594 
775.000 5.594 
776.000 5.594 
777.000 5.594 
778.000 5.594 
779.000 5.594 
780.000 5.594 
781.000 5.594 
782.000 5.594 
783.000 5.594 
784.000 5.594 
785.000 5.594 
786.000 5.594 
787.000 5.594 
788.000 5.594 
789.000 5.594 
790.000 5.594 
791.000 5.594 
792.000 5.594 
793.000 5.594 
794.000 5.594 
795.000 5.594 
796.000 5.594 
797.000 5.594 
798.000 5.594 
799.000 5.594 
800.000 5.594 
