1.000 0.000 
2.000 0.000 
3.000 0.000 
4.000 0.000 
5.000 0.000 
6.000 0.000 
7.000 0.000 
8.000 0.000 
9.000 0.000 
10.000 0.000 
11.000 0.000 
12.000 -0.043 
13.000 -0.090 
14.000 -0.108 
15.000 -0.115 
16.000 -0.119 
17.000 -0.124 
18.000 -0.112 
19.000 -0.088 
20.000 -0.068 
21.000 -0.055 
22.000 -0.047 
23.000 -0.046 
24.000 -0.056 
25.000 -0.070 
26.000 -0.084 
27.000 -0.093 
28.000 -0.100 
29.000 -0.103 
30.000 -0.102 
31.000 -0.097 
32.000 -0.089 
33.000 -0.082 
34.000 -0.076 
35.000 -0.072 
36.000 -0.072 
37.000 -0.076 
38.000 -0.080 
39.000 -0.085 
40.000 -0.089 
41.000 -0.092 
42.000 -0.094 
43.000 -0.093 
44.000 -0.091 
45.000 -0.089 
46.000 -0.086 
47.000 -0.084 
48.000 -0.083 
49.000 -0.083 
50.000 -0.084 
51.000 -0.085 
52.000 -0.087 
53.000 -0.089 
54.000 -0.090 
55.000 -0.090 
56.000 -0.090 
57.000 -0.090 
58.000 -0.089 
59.000 -0.088 
60.000 -0.087 
61.000 -0.087 
62.000 -0.087 
63.000 -0.087 
64.000 -0.088 
65.000 -0.089 
66.000 -0.089 
67.000 -0.090 
68.000 -0.090 
69.000 -0.090 
70.000 -0.090 
71.000 -0.090 
72.000 -0.089 
73.000 -0.089 
74.000 -0.089 
75.000 -0.089 
76.000 -0.089 
77.000 -0.090 
78.000 -0.090 
79.000 -0.090 
80.000 -0.090 
81.000 -0.091 
82.000 -0.091 
83.000 -0.091 
84.000 -0.091 
85.000 -0.091 
86.000 -0.091 
87.000 -0.091 
88.000 -0.091 
89.000 -0.091 
90.000 -0.091 
91.000 -0.091 
92.000 -0.091 
93.000 -0.092 
94.000 -0.092 
95.000 -0.092 
96.000 -0.092 
97.000 -0.092 
98.000 -0.092 
99.000 -0.092 
100.000 -0.092 
101.000 -0.092 
102.000 -0.092 
103.000 -0.092 
104.000 -0.093 
105.000 -0.093 
106.000 -0.093 
107.000 -0.093 
108.000 -0.093 
109.000 -0.093 
110.000 -0.093 
111.000 -0.093 
112.000 -0.093 
113.000 -0.093 
114.000 -0.093 
115.000 -0.094 
116.000 -0.094 
117.000 -0.094 
118.000 -0.094 
119.000 -0.094 
120.000 -0.094 
121.000 -0.094 
122.000 -0.094 
123.000 -0.094 
124.000 -0.094 
125.000 -0.094 
126.000 -0.085 
127.000 -0.058 
128.000 -0.043 
129.000 -0.036 
130.000 -0.033 
131.000 -0.035 
132.000 -0.047 
133.000 -0.064 
134.000 -0.078 
135.000 -0.086 
136.000 -0.091 
137.000 -0.092 
138.000 -0.087 
139.000 -0.077 
140.000 -0.064 
141.000 -0.053 
142.000 -0.045 
143.000 -0.043 
144.000 -0.047 
145.000 -0.055 
146.000 -0.066 
147.000 -0.075 
148.000 -0.083 
149.000 -0.087 
150.000 -0.087 
151.000 -0.082 
152.000 -0.075 
153.000 -0.066 
154.000 -0.058 
155.000 -0.053 
156.000 -0.051 
157.000 -0.054 
158.000 -0.060 
159.000 -0.067 
160.000 -0.074 
161.000 -0.080 
162.000 -0.082 
163.000 -0.082 
164.000 -0.079 
165.000 -0.074 
166.000 -0.068 
167.000 -0.062 
168.000 -0.058 
169.000 -0.057 
170.000 -0.059 
171.000 -0.063 
172.000 -0.069 
173.000 -0.074 
174.000 -0.077 
175.000 -0.079 
176.000 -0.079 
177.000 -0.077 
178.000 -0.073 
179.000 -0.069 
180.000 -0.065 
181.000 -0.062 
182.000 -0.061 
183.000 -0.063 
184.000 -0.066 
185.000 -0.069 
186.000 -0.073 
187.000 -0.076 
188.000 -0.077 
189.000 -0.077 
190.000 -0.075 
191.000 -0.072 
192.000 -0.069 
193.000 -0.067 
194.000 -0.065 
195.000 -0.064 
196.000 -0.066 
197.000 -0.068 
198.000 -0.070 
199.000 -0.073 
200.000 -0.074 
201.000 -0.075 
202.000 -0.075 
203.000 -0.074 
204.000 -0.072 
205.000 -0.070 
206.000 -0.068 
207.000 -0.067 
208.000 -0.067 
209.000 -0.067 
210.000 -0.069 
211.000 -0.071 
212.000 -0.072 
213.000 -0.073 
214.000 -0.074 
215.000 -0.074 
216.000 -0.073 
217.000 -0.072 
218.000 -0.070 
219.000 -0.069 
220.000 -0.068 
221.000 -0.068 
222.000 -0.069 
223.000 -0.070 
224.000 -0.071 
225.000 -0.072 
226.000 -0.073 
227.000 -0.073 
228.000 -0.073 
229.000 -0.073 
230.000 -0.072 
231.000 -0.071 
232.000 -0.070 
233.000 -0.070 
234.000 -0.069 
235.000 -0.070 
236.000 -0.071 
237.000 -0.071 
238.000 -0.072 
239.000 -0.073 
240.000 -0.073 
241.000 -0.073 
242.000 -0.072 
243.000 -0.072 
244.000 -0.071 
245.000 -0.071 
246.000 0.027 
247.000 0.140 
248.000 0.315 
249.000 0.409 
250.000 0.560 
251.000 0.561 
252.000 0.421 
253.000 0.220 
254.000 0.065 
255.000 -0.033 
256.000 -0.094 
257.000 -0.151 
258.000 -0.104 
259.000 0.002 
260.000 0.175 
261.000 0.303 
262.000 0.478 
263.000 0.538 
264.000 0.558 
265.000 0.406 
266.000 0.216 
267.000 0.067 
268.000 -0.032 
269.000 -0.093 
270.000 -0.160 
271.000 -0.112 
272.000 -0.006 
273.000 0.168 
274.000 0.299 
275.000 0.476 
276.000 0.541 
277.000 0.572 
278.000 0.430 
279.000 0.234 
280.000 0.079 
281.000 -0.025 
282.000 -0.089 
283.000 -0.149 
284.000 -0.107 
285.000 -0.004 
286.000 0.167 
287.000 0.298 
288.000 0.475 
289.000 0.542 
290.000 0.579 
291.000 0.444 
292.000 0.246 
293.000 0.087 
294.000 -0.020 
295.000 -0.086 
296.000 -0.142 
297.000 -0.105 
298.000 -0.005 
299.000 0.164 
300.000 0.296 
301.000 0.472 
302.000 0.542 
303.000 0.587 
304.000 0.459 
305.000 0.259 
306.000 0.096 
307.000 -0.014 
308.000 -0.082 
309.000 -0.134 
310.000 -0.103 
311.000 -0.007 
312.000 0.159 
313.000 0.291 
314.000 0.468 
315.000 0.541 
316.000 0.594 
317.000 0.478 
318.000 0.274 
319.000 0.107 
320.000 -0.008 
321.000 -0.079 
322.000 -0.126 
323.000 -0.103 
324.000 -0.013 
325.000 0.149 
326.000 0.282 
327.000 0.459 
328.000 0.538 
329.000 0.603 
330.000 0.503 
331.000 0.297 
332.000 0.122 
333.000 0.002 
334.000 -0.073 
335.000 -0.116 
336.000 -0.110 
337.000 -0.030 
338.000 0.126 
339.000 0.260 
340.000 0.438 
341.000 0.526 
342.000 0.616 
343.000 0.544 
344.000 0.337 
345.000 0.150 
346.000 0.019 
347.000 -0.062 
348.000 -0.107 
349.000 -0.134 
350.000 -0.069 
351.000 0.072 
352.000 0.201 
353.000 0.378 
354.000 0.486 
355.000 0.618 
356.000 0.587 
357.000 0.403 
358.000 0.200 
359.000 0.050 
360.000 -0.043 
361.000 -0.099 
362.000 -0.171 
363.000 -0.118 
364.000 -0.013 
365.000 0.158 
366.000 0.428 
367.000 0.683 
368.000 0.896 
369.000 1.034 
370.000 1.131 
371.000 1.069 
372.000 0.794 
373.000 0.464 
374.000 0.220 
375.000 0.062 
376.000 -0.048 
377.000 -0.038 
378.000 0.097 
379.000 0.285 
380.000 0.482 
381.000 0.688 
382.000 0.846 
383.000 0.982 
384.000 1.021 
385.000 1.046 
386.000 0.901 
387.000 0.614 
388.000 0.343 
389.000 0.151 
390.000 0.038 
391.000 0.001 
392.000 0.076 
393.000 0.226 
394.000 0.412 
395.000 0.614 
396.000 0.791 
397.000 0.944 
398.000 1.030 
399.000 1.095 
400.000 1.018 
401.000 0.788 
402.000 0.485 
403.000 0.250 
404.000 0.097 
405.000 -0.026 
406.000 -0.008 
407.000 0.117 
408.000 0.300 
409.000 0.502 
410.000 0.717 
411.000 0.893 
412.000 1.038 
413.000 1.103 
414.000 1.142 
415.000 1.009 
416.000 0.694 
417.000 0.392 
418.000 0.180 
419.000 0.051 
420.000 -0.038 
421.000 0.003 
422.000 0.137 
423.000 0.324 
424.000 0.537 
425.000 0.752 
426.000 0.937 
427.000 1.075 
428.000 1.158 
429.000 1.173 
430.000 1.023 
431.000 0.685 
432.000 0.381 
433.000 0.172 
434.000 0.041 
435.000 -0.034 
436.000 0.021 
437.000 0.167 
438.000 0.370 
439.000 0.596 
440.000 0.819 
441.000 1.006 
442.000 1.142 
443.000 1.217 
444.000 1.204 
445.000 0.992 
446.000 0.622 
447.000 0.327 
448.000 0.132 
449.000 0.012 
450.000 -0.008 
451.000 0.122 
452.000 0.317 
453.000 0.548 
454.000 0.785 
455.000 1.000 
456.000 1.157 
457.000 1.257 
458.000 1.276 
459.000 1.109 
460.000 0.718 
461.000 0.388 
462.000 0.166 
463.000 0.029 
464.000 -0.073 
465.000 -0.028 
466.000 0.121 
467.000 0.336 
468.000 0.581 
469.000 0.837 
470.000 1.062 
471.000 1.226 
472.000 1.322 
473.000 1.331 
474.000 1.109 
475.000 0.685 
476.000 0.355 
477.000 0.141 
478.000 0.013 
479.000 -0.065 
480.000 0.023 
481.000 0.202 
482.000 0.440 
483.000 0.703 
484.000 0.967 
485.000 1.184 
486.000 1.453 
487.000 1.797 
488.000 2.182 
489.000 2.581 
490.000 2.975 
491.000 3.338 
492.000 3.610 
493.000 3.727 
494.000 3.641 
495.000 3.414 
496.000 2.990 
497.000 2.312 
498.000 1.664 
499.000 1.248 
500.000 1.036 
501.000 0.992 
502.000 1.118 
503.000 1.373 
504.000 1.710 
505.000 2.093 
506.000 2.494 
507.000 2.893 
508.000 3.276 
509.000 3.617 
510.000 3.859 
511.000 3.943 
512.000 3.827 
513.000 3.567 
514.000 3.039 
515.000 2.118 
516.000 1.323 
517.000 0.809 
518.000 0.582 
519.000 0.574 
520.000 0.754 
521.000 1.061 
522.000 1.447 
523.000 1.873 
524.000 2.314 
525.000 2.747 
526.000 3.160 
527.000 3.543 
528.000 3.881 
529.000 4.120 
530.000 4.202 
531.000 4.090 
532.000 3.777 
533.000 3.027 
534.000 1.903 
535.000 1.095 
536.000 0.500 
537.000 0.201 
538.000 0.167 
539.000 0.344 
540.000 0.664 
541.000 1.073 
542.000 1.531 
543.000 2.005 
544.000 2.475 
545.000 2.923 
546.000 3.340 
547.000 3.718 
548.000 4.056 
549.000 4.317 
550.000 4.447 
551.000 4.407 
552.000 4.179 
553.000 3.604 
554.000 2.372 
555.000 1.398 
556.000 0.750 
557.000 0.337 
558.000 0.240 
559.000 0.369 
560.000 0.655 
561.000 1.040 
562.000 1.482 
563.000 1.947 
564.000 2.412 
565.000 2.860 
566.000 3.278 
567.000 3.660 
568.000 4.002 
569.000 4.304 
570.000 4.533 
571.000 4.644 
572.000 4.603 
573.000 4.397 
574.000 3.938 
575.000 2.811 
576.000 1.702 
577.000 0.956 
578.000 0.414 
579.000 0.192 
580.000 0.235 
581.000 0.464 
582.000 0.817 
583.000 1.243 
584.000 1.707 
585.000 2.180 
586.000 2.641 
587.000 3.077 
588.000 3.480 
589.000 3.843 
590.000 4.165 
591.000 4.447 
592.000 4.675 
593.000 4.810 
594.000 4.818 
595.000 4.683 
596.000 4.408 
597.000 3.925 
598.000 2.885 
599.000 1.760 
600.000 0.954 
601.000 0.439 
602.000 0.266 
603.000 0.341 
604.000 0.588 
605.000 0.949 
606.000 1.377 
607.000 1.837 
608.000 2.302 
609.000 2.753 
610.000 3.178 
611.000 3.569 
612.000 3.920 
613.000 4.232 
614.000 4.503 
615.000 4.735 
616.000 4.932 
617.000 5.095 
618.000 5.230 
619.000 5.338 
620.000 5.425 
621.000 5.493 
622.000 5.544 
623.000 5.583 
624.000 5.610 
625.000 5.629 
626.000 5.641 
627.000 5.648 
628.000 5.651 
629.000 5.651 
630.000 5.649 
631.000 5.645 
632.000 5.641 
633.000 5.636 
634.000 5.631 
635.000 5.626 
636.000 5.621 
637.000 5.617 
638.000 5.613 
639.000 5.610 
640.000 5.607 
641.000 5.604 
642.000 5.602 
643.000 5.600 
644.000 5.599 
645.000 5.597 
646.000 5.596 
647.000 5.595 
648.000 5.595 
649.000 5.594 
650.000 5.594 
651.000 5.594 
652.000 5.594 
653.000 5.594 
654.000 5.594 
655.000 5.594 
656.000 5.594 
657.000 5.594 
658.000 5.594 
659.000 5.594 
660.000 5.594 
661.000 5.594 
662.000 5.594 
663.000 5.594 
664.000 5.594 
665.000 5.594 
666.000 5.594 
667.000 5.594 
668.000 5.594 
669.000 5.594 
670.000 5.594 
671.000 5.594 
672.000 5.594 
673.000 5.594 
674.000 5.594 
675.000 5.594 
676.000 5.594 
677.000 5.594 
678.000 5.594 
679.000 5.594 
680.000 5.594 
681.000 5.594 
682.000 5.594 
683.000 5.594 
684.000 5.594 
685.000 5.594 
686.000 5.594 
687.000 5.594 
688.000 5.594 
689.000 5.594 
690.000 5.594 
691.000 5.594 
692.000 5.594 
693.000 5.594 
694.000 5.594 
695.000 5.594 
696.000 5.594 
697.000 5.594 
698.000 5.594 
699.000 5.594 
700.000 5.594 
701.000 5.594 
702.000 5.594 
703.000 5.594 
704.000 5.594 
705.000 5.594 
706.000 5.594 
707.000 5.594 
708.000 5.594 
709.000 5.594 
710.000 5.594 
711.000 5.594 
712.000 5.594 
713.000 5.594 
714.000 5.594 
715.000 5.594 
716.000 5.594 
717.000 5.594 
718.000 5.594 
719.000 5.594 
720.000 5.594 
721.000 5.594 
722.000 5.594 
723.000 5.594 
724.000 5.594 
725.000 5.594 
726.000 5.594 
727.000 5.594 
728.000 5.594 
729.000 5.594 
730.000 5.594 
731.000 5.594 
732.000 5.594 
733.000 5.594 
734.000 5.594 
735.000 5.594 
736.000 5.594 
737.000 5.594 
738.000 5.594 
739.000 5.594 
740.000 5.594 
741.000 5.594 
742.000 5.594 
743.000 5.594 
744.000 5.594 
745.000 5.594 
746.000 5.594 
747.000 5.594 
748.000 5.594 
749.000 5.594 
750.000 5.594 
751.000 5.594 
752.000 5.594 
753.000 5.594 
754.000 5.594 
755.000 5.594 
756.000 5.594 
757.000 5.594 
758.000 5.594 
759.000 5.594 
760.000 5.594 
761.000 5.594 
762.000 5.594 
763.000 5.594 
764.000 5.594 
765.000 5.594 
766.000 5.594 
767.000 5.594 
768.000 5.594 
769.000 5.594 
770.000 5.594 
771.000 5.594 
772.000 5.594 
773.000 5.594 
774.000 5.594 
775.000 5.594 
776.000 5.594 
777.000 5.594 
778.000 5.594 
779.000 5.594 
780.000 5.594 
781.000 5.594 
782.000 5.594 
783.000 5.594 
784.000 5.594 
785.000 5.594 
786.000 5.594 
787.000 5.594 
788.000 5.594 
789.000 5.594 
790.000 5.594 
791.000 5.594 
792.000 5.594 
793.000 5.594 
794.000 5.594 
795.000 5.594 
796.000 5.594 
797.000 5.594 
798.000 5.594 
799.000 5.594 
800.000 5.594 
