1.000 0.000 
2.000 0.000 
3.000 0.000 
4.000 0.000 
5.000 0.000 
6.000 0.000 
7.000 0.000 
8.000 0.000 
9.000 0.000 
10.000 0.000 
11.000 0.000 
12.000 -0.043 
13.000 -0.096 
14.000 -0.131 
15.000 -0.152 
16.000 -0.165 
17.000 -0.157 
18.000 -0.068 
19.000 0.104 
20.000 0.209 
21.000 0.379 
22.000 0.424 
23.000 0.239 
24.000 0.078 
25.000 -0.026 
26.000 -0.090 
27.000 -0.128 
28.000 -0.139 
29.000 -0.073 
30.000 0.071 
31.000 0.145 
32.000 0.291 
33.000 0.318 
34.000 0.166 
35.000 0.033 
36.000 -0.054 
37.000 -0.106 
38.000 -0.138 
39.000 -0.144 
40.000 -0.079 
41.000 0.059 
42.000 0.119 
43.000 0.250 
44.000 0.262 
45.000 0.127 
46.000 0.008 
47.000 -0.068 
48.000 -0.115 
49.000 -0.143 
50.000 -0.146 
51.000 -0.084 
52.000 0.047 
53.000 0.097 
54.000 0.216 
55.000 0.218 
56.000 0.096 
57.000 -0.011 
58.000 -0.080 
59.000 -0.122 
60.000 -0.147 
61.000 -0.148 
62.000 -0.088 
63.000 0.037 
64.000 0.079 
65.000 0.188 
66.000 0.184 
67.000 0.072 
68.000 -0.026 
69.000 -0.089 
70.000 -0.127 
71.000 -0.150 
72.000 -0.150 
73.000 -0.092 
74.000 0.028 
75.000 0.064 
76.000 0.165 
77.000 0.157 
78.000 0.053 
79.000 -0.038 
80.000 -0.096 
81.000 -0.131 
82.000 -0.153 
83.000 -0.151 
84.000 -0.095 
85.000 0.020 
86.000 0.051 
87.000 0.140 
88.000 0.128 
89.000 0.033 
90.000 -0.050 
91.000 -0.103 
92.000 -0.136 
93.000 -0.156 
94.000 -0.152 
95.000 -0.098 
96.000 0.013 
97.000 0.040 
98.000 0.107 
99.000 0.092 
100.000 0.008 
101.000 -0.066 
102.000 -0.113 
103.000 -0.142 
104.000 -0.159 
105.000 -0.154 
106.000 -0.100 
107.000 0.007 
108.000 0.032 
109.000 0.077 
110.000 0.059 
111.000 -0.015 
112.000 -0.080 
113.000 -0.121 
114.000 -0.147 
115.000 -0.162 
116.000 -0.155 
117.000 -0.102 
118.000 0.002 
119.000 0.025 
120.000 0.051 
121.000 0.027 
122.000 -0.038 
123.000 -0.094 
124.000 -0.130 
125.000 -0.152 
126.000 -0.150 
127.000 -0.100 
128.000 0.001 
129.000 0.025 
130.000 0.107 
131.000 0.096 
132.000 0.010 
133.000 -0.064 
134.000 -0.112 
135.000 -0.141 
136.000 -0.159 
137.000 -0.154 
138.000 -0.101 
139.000 0.002 
140.000 0.025 
141.000 0.106 
142.000 0.093 
143.000 0.008 
144.000 -0.066 
145.000 -0.113 
146.000 -0.142 
147.000 -0.159 
148.000 -0.154 
149.000 -0.102 
150.000 -0.000 
151.000 0.022 
152.000 0.101 
153.000 0.088 
154.000 0.004 
155.000 -0.068 
156.000 -0.114 
157.000 -0.142 
158.000 -0.159 
159.000 -0.154 
160.000 -0.103 
161.000 -0.002 
162.000 0.019 
163.000 0.097 
164.000 0.084 
165.000 0.001 
166.000 -0.070 
167.000 -0.115 
168.000 -0.143 
169.000 -0.160 
170.000 -0.154 
171.000 -0.103 
172.000 -0.004 
173.000 0.017 
174.000 0.091 
175.000 0.078 
176.000 -0.003 
177.000 -0.072 
178.000 -0.117 
179.000 -0.144 
180.000 -0.160 
181.000 -0.155 
182.000 -0.104 
183.000 -0.006 
184.000 0.015 
185.000 0.085 
186.000 0.071 
187.000 -0.008 
188.000 -0.075 
189.000 -0.119 
190.000 -0.145 
191.000 -0.161 
192.000 -0.155 
193.000 -0.105 
194.000 -0.007 
195.000 0.013 
196.000 0.078 
197.000 0.064 
198.000 -0.013 
199.000 -0.078 
200.000 -0.121 
201.000 -0.146 
202.000 -0.161 
203.000 -0.153 
204.000 -0.103 
205.000 -0.007 
206.000 0.012 
207.000 0.070 
208.000 0.055 
209.000 -0.019 
210.000 -0.082 
211.000 -0.123 
212.000 -0.148 
213.000 -0.160 
214.000 -0.138 
215.000 -0.091 
216.000 0.002 
217.000 0.017 
218.000 0.050 
219.000 0.031 
220.000 -0.035 
221.000 -0.092 
222.000 -0.129 
223.000 -0.151 
224.000 -0.163 
225.000 -0.097 
226.000 -0.057 
227.000 0.030 
228.000 0.035 
229.000 0.056 
230.000 0.029 
231.000 -0.038 
232.000 -0.094 
233.000 -0.130 
234.000 -0.152 
235.000 -0.196 
236.000 -0.124 
237.000 -0.080 
238.000 0.009 
239.000 0.021 
240.000 0.085 
241.000 0.064 
242.000 -0.015 
243.000 -0.080 
244.000 -0.122 
245.000 -0.147 
246.000 -0.148 
247.000 -0.093 
248.000 0.023 
249.000 0.061 
250.000 0.165 
251.000 0.165 
252.000 0.060 
253.000 -0.033 
254.000 -0.093 
255.000 -0.130 
256.000 -0.188 
257.000 -0.129 
258.000 -0.069 
259.000 0.061 
260.000 0.110 
261.000 0.230 
262.000 0.228 
263.000 0.102 
264.000 -0.007 
265.000 -0.078 
266.000 -0.120 
267.000 -0.159 
268.000 -0.087 
269.000 -0.013 
270.000 0.132 
271.000 0.188 
272.000 0.318 
273.000 0.311 
274.000 0.157 
275.000 0.027 
276.000 -0.057 
277.000 -0.108 
278.000 -0.138 
279.000 -0.084 
280.000 -0.007 
281.000 0.145 
282.000 0.220 
283.000 0.368 
284.000 0.380 
285.000 0.205 
286.000 0.056 
287.000 -0.039 
288.000 -0.097 
289.000 -0.132 
290.000 -0.141 
291.000 -0.066 
292.000 0.092 
293.000 0.196 
294.000 0.372 
295.000 0.442 
296.000 0.257 
297.000 0.090 
298.000 -0.019 
299.000 -0.085 
300.000 -0.125 
301.000 -0.137 
302.000 -0.060 
303.000 0.105 
304.000 0.227 
305.000 0.408 
306.000 0.493 
307.000 0.299 
308.000 0.119 
309.000 -0.001 
310.000 -0.074 
311.000 -0.119 
312.000 -0.134 
313.000 -0.054 
314.000 0.112 
315.000 0.247 
316.000 0.433 
317.000 0.532 
318.000 0.335 
319.000 0.144 
320.000 0.015 
321.000 -0.065 
322.000 -0.113 
323.000 -0.132 
324.000 -0.049 
325.000 0.116 
326.000 0.259 
327.000 0.446 
328.000 0.559 
329.000 0.363 
330.000 0.165 
331.000 0.028 
332.000 -0.057 
333.000 -0.108 
334.000 -0.129 
335.000 -0.045 
336.000 0.120 
337.000 0.271 
338.000 0.460 
339.000 0.584 
340.000 0.392 
341.000 0.186 
342.000 0.041 
343.000 -0.049 
344.000 -0.104 
345.000 -0.127 
346.000 -0.040 
347.000 0.124 
348.000 0.281 
349.000 0.472 
350.000 0.607 
351.000 0.420 
352.000 0.206 
353.000 0.054 
354.000 -0.041 
355.000 -0.099 
356.000 -0.125 
357.000 -0.037 
358.000 0.127 
359.000 0.290 
360.000 0.483 
361.000 0.627 
362.000 0.449 
363.000 0.227 
364.000 0.067 
365.000 -0.033 
366.000 -0.092 
367.000 0.009 
368.000 0.194 
369.000 0.450 
370.000 0.751 
371.000 1.084 
372.000 1.402 
373.000 1.645 
374.000 1.692 
375.000 1.186 
376.000 0.684 
377.000 0.342 
378.000 0.132 
379.000 0.005 
380.000 -0.074 
381.000 0.027 
382.000 0.222 
383.000 0.498 
384.000 0.833 
385.000 1.213 
386.000 1.587 
387.000 1.887 
388.000 2.032 
389.000 1.636 
390.000 0.996 
391.000 0.535 
392.000 0.248 
393.000 0.075 
394.000 -0.040 
395.000 0.026 
396.000 0.192 
397.000 0.451 
398.000 0.778 
399.000 1.158 
400.000 1.547 
401.000 1.880 
402.000 2.081 
403.000 1.873 
404.000 1.184 
405.000 0.658 
406.000 0.323 
407.000 0.120 
408.000 -0.018 
409.000 0.024 
410.000 0.170 
411.000 0.417 
412.000 0.735 
413.000 1.112 
414.000 1.505 
415.000 1.856 
416.000 2.088 
417.000 2.004 
418.000 1.318 
419.000 0.750 
420.000 0.380 
421.000 0.154 
422.000 0.018 
423.000 -0.067 
424.000 0.035 
425.000 0.241 
426.000 0.535 
427.000 0.898 
428.000 1.313 
429.000 1.727 
430.000 2.067 
431.000 2.242 
432.000 1.880 
433.000 1.160 
434.000 0.637 
435.000 0.309 
436.000 0.111 
437.000 -0.022 
438.000 0.027 
439.000 0.181 
440.000 0.434 
441.000 0.759 
442.000 1.145 
443.000 1.545 
444.000 1.900 
445.000 2.131 
446.000 2.031 
447.000 1.330 
448.000 0.756 
449.000 0.383 
450.000 0.156 
451.000 0.019 
452.000 -0.067 
453.000 0.036 
454.000 0.242 
455.000 0.537 
456.000 0.903 
457.000 1.320 
458.000 1.736 
459.000 2.078 
460.000 2.255 
461.000 1.894 
462.000 1.170 
463.000 0.642 
464.000 0.313 
465.000 0.113 
466.000 -0.021 
467.000 0.027 
468.000 0.180 
469.000 0.433 
470.000 0.758 
471.000 1.144 
472.000 1.545 
473.000 1.901 
474.000 2.133 
475.000 2.040 
476.000 1.338 
477.000 0.762 
478.000 0.387 
479.000 0.158 
480.000 0.021 
481.000 -0.066 
482.000 0.036 
483.000 0.241 
484.000 0.536 
485.000 0.901 
486.000 1.324 
487.000 1.782 
488.000 2.248 
489.000 2.702 
490.000 3.131 
491.000 3.526 
492.000 3.883 
493.000 4.199 
494.000 4.474 
495.000 4.711 
496.000 4.871 
497.000 4.872 
498.000 4.633 
499.000 3.758 
500.000 2.362 
501.000 1.369 
502.000 0.749 
503.000 0.294 
504.000 0.168 
505.000 0.280 
506.000 0.557 
507.000 0.940 
508.000 1.383 
509.000 1.853 
510.000 2.325 
511.000 2.781 
512.000 3.208 
513.000 3.599 
514.000 3.949 
515.000 4.259 
516.000 4.528 
517.000 4.758 
518.000 4.951 
519.000 5.113 
520.000 5.245 
521.000 5.333 
522.000 5.324 
523.000 5.165 
524.000 4.826 
525.000 4.099 
526.000 2.678 
527.000 1.582 
528.000 0.880 
529.000 0.362 
530.000 0.189 
531.000 0.267 
532.000 0.520 
533.000 0.887 
534.000 1.322 
535.000 1.788 
536.000 2.259 
537.000 2.717 
538.000 3.148 
539.000 3.544 
540.000 3.900 
541.000 4.215 
542.000 4.490 
543.000 4.725 
544.000 4.924 
545.000 5.090 
546.000 5.226 
547.000 5.336 
548.000 5.423 
549.000 5.492 
550.000 5.529 
551.000 5.494 
552.000 5.352 
553.000 5.085 
554.000 4.689 
555.000 4.053 
556.000 2.794 
557.000 1.677 
558.000 0.836 
559.000 0.414 
560.000 0.305 
561.000 0.424 
562.000 0.700 
563.000 1.077 
564.000 1.512 
565.000 1.971 
566.000 2.431 
567.000 2.873 
568.000 3.288 
569.000 3.667 
570.000 4.007 
571.000 4.307 
572.000 4.567 
573.000 4.789 
574.000 4.976 
575.000 5.132 
576.000 5.259 
577.000 5.362 
578.000 5.443 
579.000 5.506 
580.000 5.554 
581.000 5.569 
582.000 5.515 
583.000 5.364 
584.000 5.101 
585.000 4.726 
586.000 4.193 
587.000 3.225 
588.000 1.995 
589.000 1.065 
590.000 0.574 
591.000 0.412 
592.000 0.490 
593.000 0.734 
594.000 1.087 
595.000 1.504 
596.000 1.951 
597.000 2.403 
598.000 2.842 
599.000 3.254 
600.000 3.633 
601.000 3.974 
602.000 4.276 
603.000 4.539 
604.000 4.764 
605.000 4.954 
606.000 5.113 
607.000 5.243 
608.000 5.348 
609.000 5.431 
610.000 5.497 
611.000 5.547 
612.000 5.584 
613.000 5.610 
614.000 5.629 
615.000 5.640 
616.000 5.647 
617.000 5.650 
618.000 5.649 
619.000 5.647 
620.000 5.644 
621.000 5.639 
622.000 5.635 
623.000 5.630 
624.000 5.625 
625.000 5.621 
626.000 5.616 
627.000 5.613 
628.000 5.609 
629.000 5.606 
630.000 5.604 
631.000 5.602 
632.000 5.600 
633.000 5.598 
634.000 5.597 
635.000 5.596 
636.000 5.595 
637.000 5.595 
638.000 5.594 
639.000 5.594 
640.000 5.594 
641.000 5.594 
642.000 5.594 
643.000 5.594 
644.000 5.594 
645.000 5.594 
646.000 5.594 
647.000 5.594 
648.000 5.594 
649.000 5.594 
650.000 5.594 
651.000 5.594 
652.000 5.594 
653.000 5.594 
654.000 5.594 
655.000 5.594 
656.000 5.594 
657.000 5.594 
658.000 5.594 
659.000 5.594 
660.000 5.594 
661.000 5.594 
662.000 5.594 
663.000 5.594 
664.000 5.594 
665.000 5.594 
666.000 5.594 
667.000 5.594 
668.000 5.594 
669.000 5.594 
670.000 5.594 
671.000 5.594 
672.000 5.594 
673.000 5.594 
674.000 5.594 
675.000 5.594 
676.000 5.594 
677.000 5.594 
678.000 5.594 
679.000 5.594 
680.000 5.594 
681.000 5.594 
682.000 5.594 
683.000 5.594 
684.000 5.594 
685.000 5.594 
686.000 5.594 
687.000 5.594 
688.000 5.594 
689.000 5.594 
690.000 5.594 
691.000 5.594 
692.000 5.594 
693.000 5.594 
694.000 5.594 
695.000 5.594 
696.000 5.594 
697.000 5.594 
698.000 5.594 
699.000 5.594 
700.000 5.594 
701.000 5.594 
702.000 5.594 
703.000 5.594 
704.000 5.594 
705.000 5.594 
706.000 5.594 
707.000 5.594 
708.000 5.594 
709.000 5.594 
710.000 5.594 
711.000 5.594 
712.000 5.594 
713.000 5.594 
714.000 5.594 
715.000 5.594 
716.000 5.594 
717.000 5.594 
718.000 5.594 
719.000 5.594 
720.000 5.594 
721.000 5.594 
722.000 5.594 
723.000 5.594 
724.000 5.594 
725.000 5.594 
726.000 5.594 
727.000 5.594 
728.000 5.594 
729.000 5.594 
730.000 5.594 
731.000 5.594 
732.000 5.594 
733.000 5.594 
734.000 5.594 
735.000 5.594 
736.000 5.594 
737.000 5.594 
738.000 5.594 
739.000 5.594 
740.000 5.594 
741.000 5.594 
742.000 5.594 
743.000 5.594 
744.000 5.594 
745.000 5.594 
746.000 5.594 
747.000 5.594 
748.000 5.594 
749.000 5.594 
750.000 5.594 
751.000 5.594 
752.000 5.594 
753.000 5.594 
754.000 5.594 
755.000 5.594 
756.000 5.594 
757.000 5.594 
758.000 5.594 
759.000 5.594 
760.000 5.594 
761.000 5.594 
762.000 5.594 
763.000 5.594 
764.000 5.594 
765.000 5.594 
766.000 5.594 
767.000 5.594 
768.000 5.594 
769.000 5.594 
770.000 5.594 
771.000 5.594 
772.000 5.594 
773.000 5.594 
774.000 5.594 
775.000 5.594 
776.000 5.594 
777.000 5.594 
778.000 5.594 
779.000 5.594 
780.000 5.594 
781.000 5.594 
782.000 5.594 
783.000 5.594 
784.000 5.594 
785.000 5.594 
786.000 5.594 
787.000 5.594 
788.000 5.594 
789.000 5.594 
790.000 5.594 
791.000 5.594 
792.000 5.594 
793.000 5.594 
794.000 5.594 
795.000 5.594 
796.000 5.594 
797.000 5.594 
798.000 5.594 
799.000 5.594 
800.000 5.594 
