1.000 0.000 
2.000 0.000 
3.000 0.000 
4.000 0.000 
5.000 0.000 
6.000 0.000 
7.000 0.000 
8.000 0.000 
9.000 0.000 
10.000 0.000 
11.000 0.000 
12.000 -0.010 
13.000 -0.027 
14.000 -0.042 
15.000 -0.053 
16.000 -0.061 
17.000 -0.065 
18.000 -0.066 
19.000 -0.065 
20.000 -0.063 
21.000 -0.059 
22.000 -0.056 
23.000 -0.053 
24.000 -0.050 
25.000 -0.049 
26.000 -0.049 
27.000 -0.049 
28.000 -0.050 
29.000 -0.051 
30.000 -0.053 
31.000 -0.054 
32.000 -0.054 
33.000 -0.055 
34.000 -0.055 
35.000 -0.055 
36.000 -0.055 
37.000 -0.055 
38.000 -0.055 
39.000 -0.055 
40.000 -0.055 
41.000 -0.055 
42.000 -0.055 
43.000 -0.055 
44.000 -0.055 
45.000 -0.055 
46.000 -0.055 
47.000 -0.056 
48.000 -0.056 
49.000 -0.056 
50.000 -0.056 
51.000 -0.056 
52.000 -0.056 
53.000 -0.056 
54.000 -0.057 
55.000 -0.057 
56.000 -0.057 
57.000 -0.057 
58.000 -0.057 
59.000 -0.057 
60.000 -0.057 
61.000 -0.057 
62.000 -0.057 
63.000 -0.058 
64.000 -0.058 
65.000 -0.058 
66.000 -0.058 
67.000 -0.058 
68.000 -0.058 
69.000 -0.058 
70.000 -0.058 
71.000 -0.058 
72.000 -0.059 
73.000 -0.059 
74.000 -0.059 
75.000 -0.059 
76.000 -0.059 
77.000 -0.059 
78.000 -0.059 
79.000 -0.059 
80.000 -0.059 
81.000 -0.060 
82.000 -0.060 
83.000 -0.060 
84.000 -0.060 
85.000 -0.060 
86.000 -0.060 
87.000 -0.060 
88.000 -0.060 
89.000 -0.060 
90.000 -0.061 
91.000 -0.061 
92.000 -0.061 
93.000 -0.061 
94.000 -0.061 
95.000 -0.061 
96.000 -0.061 
97.000 -0.061 
98.000 -0.061 
99.000 -0.061 
100.000 -0.062 
101.000 -0.062 
102.000 -0.062 
103.000 -0.062 
104.000 -0.062 
105.000 -0.062 
106.000 -0.062 
107.000 -0.062 
108.000 -0.062 
109.000 -0.062 
110.000 -0.063 
111.000 -0.063 
112.000 -0.063 
113.000 -0.063 
114.000 -0.063 
115.000 -0.063 
116.000 -0.063 
117.000 -0.063 
118.000 -0.063 
119.000 -0.063 
120.000 -0.064 
121.000 -0.064 
122.000 -0.064 
123.000 -0.064 
124.000 -0.064 
125.000 -0.064 
126.000 -0.062 
127.000 -0.057 
128.000 -0.051 
129.000 -0.047 
130.000 -0.044 
131.000 -0.042 
132.000 -0.041 
133.000 -0.042 
134.000 -0.043 
135.000 -0.045 
136.000 -0.046 
137.000 -0.048 
138.000 -0.049 
139.000 -0.050 
140.000 -0.050 
141.000 -0.050 
142.000 -0.049 
143.000 -0.049 
144.000 -0.049 
145.000 -0.048 
146.000 -0.048 
147.000 -0.048 
148.000 -0.048 
149.000 -0.048 
150.000 -0.048 
151.000 -0.048 
152.000 -0.048 
153.000 -0.049 
154.000 -0.049 
155.000 -0.049 
156.000 -0.049 
157.000 -0.049 
158.000 -0.049 
159.000 -0.049 
160.000 -0.049 
161.000 -0.049 
162.000 -0.049 
163.000 -0.049 
164.000 -0.049 
165.000 -0.049 
166.000 -0.049 
167.000 -0.049 
168.000 -0.049 
169.000 -0.049 
170.000 -0.049 
171.000 -0.049 
172.000 -0.049 
173.000 -0.050 
174.000 -0.050 
175.000 -0.050 
176.000 -0.050 
177.000 -0.050 
178.000 -0.050 
179.000 -0.050 
180.000 -0.050 
181.000 -0.050 
182.000 -0.050 
183.000 -0.050 
184.000 -0.050 
185.000 -0.050 
186.000 -0.050 
187.000 -0.050 
188.000 -0.050 
189.000 -0.050 
190.000 -0.050 
191.000 -0.050 
192.000 -0.050 
193.000 -0.050 
194.000 -0.050 
195.000 -0.050 
196.000 -0.051 
197.000 -0.051 
198.000 -0.051 
199.000 -0.051 
200.000 -0.051 
201.000 -0.051 
202.000 -0.051 
203.000 -0.051 
204.000 -0.051 
205.000 -0.051 
206.000 -0.051 
207.000 -0.051 
208.000 -0.051 
209.000 -0.051 
210.000 -0.051 
211.000 -0.051 
212.000 -0.051 
213.000 -0.051 
214.000 -0.051 
215.000 -0.051 
216.000 -0.051 
217.000 -0.051 
218.000 -0.051 
219.000 -0.052 
220.000 -0.052 
221.000 -0.052 
222.000 -0.052 
223.000 -0.052 
224.000 -0.052 
225.000 -0.052 
226.000 -0.052 
227.000 -0.052 
228.000 -0.052 
229.000 -0.052 
230.000 -0.052 
231.000 -0.052 
232.000 -0.052 
233.000 -0.052 
234.000 -0.052 
235.000 -0.052 
236.000 -0.052 
237.000 -0.052 
238.000 -0.052 
239.000 -0.052 
240.000 -0.052 
241.000 -0.052 
242.000 -0.052 
243.000 -0.053 
244.000 -0.053 
245.000 -0.053 
246.000 -0.030 
247.000 0.018 
248.000 0.072 
249.000 0.122 
250.000 0.165 
251.000 0.192 
252.000 0.199 
253.000 0.186 
254.000 0.160 
255.000 0.127 
256.000 0.092 
257.000 0.062 
258.000 0.041 
259.000 0.030 
260.000 0.030 
261.000 0.041 
262.000 0.061 
263.000 0.085 
264.000 0.110 
265.000 0.131 
266.000 0.144 
267.000 0.149 
268.000 0.146 
269.000 0.135 
270.000 0.119 
271.000 0.102 
272.000 0.087 
273.000 0.076 
274.000 0.070 
275.000 0.070 
276.000 0.075 
277.000 0.085 
278.000 0.097 
279.000 0.110 
280.000 0.121 
281.000 0.128 
282.000 0.131 
283.000 0.130 
284.000 0.125 
285.000 0.117 
286.000 0.109 
287.000 0.101 
288.000 0.095 
289.000 0.092 
290.000 0.092 
291.000 0.095 
292.000 0.100 
293.000 0.107 
294.000 0.113 
295.000 0.119 
296.000 0.124 
297.000 0.126 
298.000 0.125 
299.000 0.123 
300.000 0.119 
301.000 0.115 
302.000 0.111 
303.000 0.108 
304.000 0.106 
305.000 0.106 
306.000 0.108 
307.000 0.111 
308.000 0.115 
309.000 0.118 
310.000 0.122 
311.000 0.124 
312.000 0.126 
313.000 0.126 
314.000 0.125 
315.000 0.123 
316.000 0.121 
317.000 0.119 
318.000 0.117 
319.000 0.116 
320.000 0.116 
321.000 0.118 
322.000 0.119 
323.000 0.122 
324.000 0.124 
325.000 0.126 
326.000 0.128 
327.000 0.129 
328.000 0.129 
329.000 0.128 
330.000 0.127 
331.000 0.126 
332.000 0.125 
333.000 0.125 
334.000 0.124 
335.000 0.124 
336.000 0.125 
337.000 0.126 
338.000 0.128 
339.000 0.129 
340.000 0.131 
341.000 0.132 
342.000 0.133 
343.000 0.133 
344.000 0.133 
345.000 0.132 
346.000 0.132 
347.000 0.131 
348.000 0.131 
349.000 0.131 
350.000 0.131 
351.000 0.132 
352.000 0.133 
353.000 0.134 
354.000 0.135 
355.000 0.136 
356.000 0.137 
357.000 0.137 
358.000 0.137 
359.000 0.138 
360.000 0.137 
361.000 0.137 
362.000 0.137 
363.000 0.137 
364.000 0.137 
365.000 0.137 
366.000 0.238 
367.000 0.345 
368.000 0.481 
369.000 0.561 
370.000 0.666 
371.000 0.624 
372.000 0.626 
373.000 0.508 
374.000 0.426 
375.000 0.343 
376.000 0.296 
377.000 0.279 
378.000 0.306 
379.000 0.370 
380.000 0.460 
381.000 0.551 
382.000 0.636 
383.000 0.689 
384.000 0.712 
385.000 0.691 
386.000 0.645 
387.000 0.574 
388.000 0.499 
389.000 0.431 
390.000 0.384 
391.000 0.364 
392.000 0.377 
393.000 0.420 
394.000 0.484 
395.000 0.556 
396.000 0.622 
397.000 0.669 
398.000 0.690 
399.000 0.682 
400.000 0.648 
401.000 0.596 
402.000 0.536 
403.000 0.481 
404.000 0.439 
405.000 0.420 
406.000 0.427 
407.000 0.458 
408.000 0.507 
409.000 0.565 
410.000 0.620 
411.000 0.661 
412.000 0.682 
413.000 0.679 
414.000 0.654 
415.000 0.613 
416.000 0.564 
417.000 0.517 
418.000 0.481 
419.000 0.463 
420.000 0.466 
421.000 0.490 
422.000 0.530 
423.000 0.579 
424.000 0.625 
425.000 0.662 
426.000 0.681 
427.000 0.681 
428.000 0.662 
429.000 0.628 
430.000 0.587 
431.000 0.546 
432.000 0.514 
433.000 0.498 
434.000 0.499 
435.000 0.518 
436.000 0.552 
437.000 0.594 
438.000 0.635 
439.000 0.667 
440.000 0.686 
441.000 0.687 
442.000 0.671 
443.000 0.642 
444.000 0.606 
445.000 0.570 
446.000 0.542 
447.000 0.526 
448.000 0.526 
449.000 0.543 
450.000 0.573 
451.000 0.609 
452.000 0.646 
453.000 0.676 
454.000 0.693 
455.000 0.694 
456.000 0.681 
457.000 0.655 
458.000 0.623 
459.000 0.590 
460.000 0.564 
461.000 0.550 
462.000 0.550 
463.000 0.565 
464.000 0.592 
465.000 0.625 
466.000 0.659 
467.000 0.687 
468.000 0.702 
469.000 0.704 
470.000 0.692 
471.000 0.668 
472.000 0.638 
473.000 0.608 
474.000 0.584 
475.000 0.570 
476.000 0.571 
477.000 0.585 
478.000 0.610 
479.000 0.641 
480.000 0.673 
481.000 0.699 
482.000 0.713 
483.000 0.715 
484.000 0.703 
485.000 0.680 
486.000 0.778 
487.000 1.001 
488.000 1.293 
489.000 1.630 
490.000 1.998 
491.000 2.315 
492.000 2.451 
493.000 2.435 
494.000 2.266 
495.000 2.053 
496.000 1.777 
497.000 1.591 
498.000 1.486 
499.000 1.501 
500.000 1.651 
501.000 1.904 
502.000 2.220 
503.000 2.564 
504.000 2.854 
505.000 2.959 
506.000 2.853 
507.000 2.624 
508.000 2.283 
509.000 1.981 
510.000 1.714 
511.000 1.573 
512.000 1.593 
513.000 1.751 
514.000 2.005 
515.000 2.318 
516.000 2.662 
517.000 2.957 
518.000 3.073 
519.000 2.965 
520.000 2.740 
521.000 2.378 
522.000 2.068 
523.000 1.776 
524.000 1.618 
525.000 1.632 
526.000 1.786 
527.000 2.037 
528.000 2.346 
529.000 2.686 
530.000 2.994 
531.000 3.147 
532.000 3.052 
533.000 2.853 
534.000 2.466 
535.000 2.153 
536.000 1.808 
537.000 1.612 
538.000 1.601 
539.000 1.736 
540.000 1.975 
541.000 2.279 
542.000 2.617 
543.000 2.955 
544.000 3.183 
545.000 3.175 
546.000 3.020 
547.000 2.696 
548.000 2.378 
549.000 2.027 
550.000 1.805 
551.000 1.746 
552.000 1.837 
553.000 2.040 
554.000 2.316 
555.000 2.633 
556.000 2.967 
557.000 3.235 
558.000 3.316 
559.000 3.187 
560.000 2.938 
561.000 2.579 
562.000 2.257 
563.000 1.996 
564.000 1.873 
565.000 1.911 
566.000 2.075 
567.000 2.321 
568.000 2.617 
569.000 2.937 
570.000 3.232 
571.000 3.395 
572.000 3.325 
573.000 3.130 
574.000 2.780 
575.000 2.454 
576.000 2.132 
577.000 1.943 
578.000 1.928 
579.000 2.054 
580.000 2.274 
581.000 2.553 
582.000 2.864 
583.000 3.185 
584.000 3.423 
585.000 3.471 
586.000 3.322 
587.000 3.053 
588.000 2.693 
589.000 2.367 
590.000 2.123 
591.000 2.027 
592.000 2.085 
593.000 2.256 
594.000 2.501 
595.000 2.789 
596.000 3.097 
597.000 3.379 
598.000 3.534 
599.000 3.477 
600.000 3.278 
601.000 2.949 
602.000 2.616 
603.000 2.311 
604.000 2.130 
605.000 2.111 
606.000 2.227 
607.000 2.435 
608.000 2.699 
609.000 2.993 
610.000 3.298 
611.000 3.599 
612.000 3.886 
613.000 4.143 
614.000 4.328 
615.000 4.411 
616.000 4.387 
617.000 4.269 
618.000 4.088 
619.000 3.907 
620.000 3.792 
621.000 3.769 
622.000 3.820 
623.000 3.922 
624.000 4.056 
625.000 4.208 
626.000 4.367 
627.000 4.526 
628.000 4.677 
629.000 4.804 
630.000 4.881 
631.000 4.899 
632.000 4.856 
633.000 4.762 
634.000 4.641 
635.000 4.532 
636.000 4.474 
637.000 4.472 
638.000 4.513 
639.000 4.581 
640.000 4.668 
641.000 4.763 
642.000 4.861 
643.000 4.958 
644.000 5.046 
645.000 5.108 
646.000 5.132 
647.000 5.114 
648.000 5.060 
649.000 4.978 
650.000 4.893 
651.000 4.831 
652.000 4.810 
653.000 4.825 
654.000 4.864 
655.000 4.918 
656.000 4.982 
657.000 5.050 
658.000 5.118 
659.000 5.184 
660.000 5.235 
661.000 5.260 
662.000 5.255 
663.000 5.221 
664.000 5.164 
665.000 5.098 
666.000 5.042 
667.000 5.016 
668.000 5.019 
669.000 5.043 
670.000 5.080 
671.000 5.125 
672.000 5.175 
673.000 5.225 
674.000 5.275 
675.000 5.315 
676.000 5.338 
677.000 5.338 
678.000 5.317 
679.000 5.278 
680.000 5.228 
681.000 5.183 
682.000 5.158 
683.000 5.155 
684.000 5.169 
685.000 5.195 
686.000 5.228 
687.000 5.265 
688.000 5.303 
689.000 5.342 
690.000 5.374 
691.000 5.395 
692.000 5.399 
693.000 5.386 
694.000 5.358 
695.000 5.321 
696.000 5.284 
697.000 5.261 
698.000 5.255 
699.000 5.263 
700.000 5.281 
701.000 5.306 
702.000 5.334 
703.000 5.363 
704.000 5.393 
705.000 5.419 
706.000 5.438 
707.000 5.443 
708.000 5.436 
709.000 5.417 
710.000 5.389 
711.000 5.359 
712.000 5.338 
713.000 5.330 
714.000 5.335 
715.000 5.347 
716.000 5.366 
717.000 5.387 
718.000 5.410 
719.000 5.433 
720.000 5.455 
721.000 5.471 
722.000 5.477 
723.000 5.474 
724.000 5.461 
725.000 5.440 
726.000 5.416 
727.000 5.396 
728.000 5.388 
729.000 5.390 
730.000 5.399 
731.000 5.413 
732.000 5.429 
733.000 5.447 
734.000 5.465 
735.000 5.482 
736.000 5.496 
737.000 5.502 
738.000 5.501 
739.000 5.492 
740.000 5.477 
741.000 5.458 
742.000 5.442 
743.000 5.434 
744.000 5.434 
745.000 5.440 
746.000 5.450 
747.000 5.462 
748.000 5.476 
749.000 5.490 
750.000 5.504 
751.000 5.515 
752.000 5.521 
753.000 5.522 
754.000 5.516 
755.000 5.505 
756.000 5.491 
757.000 5.477 
758.000 5.470 
759.000 5.469 
760.000 5.472 
761.000 5.480 
762.000 5.489 
763.000 5.499 
764.000 5.510 
765.000 5.521 
766.000 5.531 
767.000 5.537 
768.000 5.538 
769.000 5.534 
770.000 5.526 
771.000 5.515 
772.000 5.505 
773.000 5.498 
774.000 5.496 
775.000 5.498 
776.000 5.503 
777.000 5.510 
778.000 5.518 
779.000 5.527 
780.000 5.536 
781.000 5.543 
782.000 5.549 
783.000 5.550 
784.000 5.548 
785.000 5.543 
786.000 5.535 
787.000 5.526 
788.000 5.520 
789.000 5.517 
790.000 5.518 
791.000 5.522 
792.000 5.527 
793.000 5.534 
794.000 5.540 
795.000 5.547 
796.000 5.553 
797.000 5.558 
798.000 5.560 
799.000 5.559 
800.000 5.555 
