1.000 0.000 
2.000 0.000 
3.000 0.000 
4.000 0.000 
5.000 0.000 
6.000 0.000 
7.000 0.000 
8.000 0.000 
9.000 0.000 
10.000 0.000 
11.000 0.000 
12.000 -0.026 
13.000 -0.062 
14.000 -0.089 
15.000 -0.106 
16.000 -0.116 
17.000 -0.122 
18.000 -0.122 
19.000 -0.117 
20.000 -0.107 
21.000 -0.094 
22.000 -0.081 
23.000 -0.069 
24.000 -0.061 
25.000 -0.059 
26.000 -0.062 
27.000 -0.068 
28.000 -0.077 
29.000 -0.085 
30.000 -0.092 
31.000 -0.098 
32.000 -0.100 
33.000 -0.101 
34.000 -0.100 
35.000 -0.097 
36.000 -0.093 
37.000 -0.089 
38.000 -0.085 
39.000 -0.083 
40.000 -0.082 
41.000 -0.082 
42.000 -0.083 
43.000 -0.085 
44.000 -0.088 
45.000 -0.090 
46.000 -0.092 
47.000 -0.093 
48.000 -0.094 
49.000 -0.094 
50.000 -0.093 
51.000 -0.092 
52.000 -0.091 
53.000 -0.090 
54.000 -0.089 
55.000 -0.089 
56.000 -0.089 
57.000 -0.089 
58.000 -0.090 
59.000 -0.090 
60.000 -0.091 
61.000 -0.092 
62.000 -0.092 
63.000 -0.092 
64.000 -0.093 
65.000 -0.093 
66.000 -0.092 
67.000 -0.092 
68.000 -0.092 
69.000 -0.092 
70.000 -0.092 
71.000 -0.092 
72.000 -0.092 
73.000 -0.092 
74.000 -0.092 
75.000 -0.092 
76.000 -0.093 
77.000 -0.093 
78.000 -0.093 
79.000 -0.093 
80.000 -0.093 
81.000 -0.093 
82.000 -0.093 
83.000 -0.093 
84.000 -0.093 
85.000 -0.093 
86.000 -0.094 
87.000 -0.094 
88.000 -0.094 
89.000 -0.094 
90.000 -0.094 
91.000 -0.094 
92.000 -0.094 
93.000 -0.094 
94.000 -0.094 
95.000 -0.095 
96.000 -0.095 
97.000 -0.095 
98.000 -0.095 
99.000 -0.095 
100.000 -0.095 
101.000 -0.095 
102.000 -0.095 
103.000 -0.095 
104.000 -0.095 
105.000 -0.095 
106.000 -0.095 
107.000 -0.096 
108.000 -0.096 
109.000 -0.096 
110.000 -0.096 
111.000 -0.096 
112.000 -0.096 
113.000 -0.096 
114.000 -0.096 
115.000 -0.096 
116.000 -0.096 
117.000 -0.096 
118.000 -0.096 
119.000 -0.097 
120.000 -0.097 
121.000 -0.097 
122.000 -0.097 
123.000 -0.097 
124.000 -0.097 
125.000 -0.097 
126.000 -0.096 
127.000 -0.082 
128.000 -0.066 
129.000 -0.053 
130.000 -0.043 
131.000 -0.037 
132.000 -0.036 
133.000 -0.043 
134.000 -0.053 
135.000 -0.065 
136.000 -0.076 
137.000 -0.084 
138.000 -0.089 
139.000 -0.092 
140.000 -0.090 
141.000 -0.086 
142.000 -0.079 
143.000 -0.070 
144.000 -0.061 
145.000 -0.054 
146.000 -0.050 
147.000 -0.050 
148.000 -0.053 
149.000 -0.059 
150.000 -0.067 
151.000 -0.074 
152.000 -0.079 
153.000 -0.083 
154.000 -0.085 
155.000 -0.084 
156.000 -0.081 
157.000 -0.077 
158.000 -0.071 
159.000 -0.066 
160.000 -0.061 
161.000 -0.058 
162.000 -0.058 
163.000 -0.060 
164.000 -0.064 
165.000 -0.068 
166.000 -0.073 
167.000 -0.076 
168.000 -0.079 
169.000 -0.080 
170.000 -0.080 
171.000 -0.078 
172.000 -0.075 
173.000 -0.072 
174.000 -0.068 
175.000 -0.065 
176.000 -0.064 
177.000 -0.063 
178.000 -0.064 
179.000 -0.066 
180.000 -0.069 
181.000 -0.072 
182.000 -0.075 
183.000 -0.077 
184.000 -0.077 
185.000 -0.077 
186.000 -0.076 
187.000 -0.074 
188.000 -0.072 
189.000 -0.070 
190.000 -0.068 
191.000 -0.067 
192.000 -0.067 
193.000 -0.067 
194.000 -0.069 
195.000 -0.070 
196.000 -0.072 
197.000 -0.074 
198.000 -0.075 
199.000 -0.076 
200.000 -0.076 
201.000 -0.075 
202.000 -0.074 
203.000 -0.072 
204.000 -0.071 
205.000 -0.070 
206.000 -0.069 
207.000 -0.069 
208.000 -0.069 
209.000 -0.070 
210.000 -0.071 
211.000 -0.072 
212.000 -0.073 
213.000 -0.074 
214.000 -0.074 
215.000 -0.074 
216.000 -0.074 
217.000 -0.073 
218.000 -0.073 
219.000 -0.072 
220.000 -0.071 
221.000 -0.071 
222.000 -0.070 
223.000 -0.071 
224.000 -0.071 
225.000 -0.072 
226.000 -0.072 
227.000 -0.073 
228.000 -0.074 
229.000 -0.074 
230.000 -0.074 
231.000 -0.074 
232.000 -0.073 
233.000 -0.073 
234.000 -0.072 
235.000 -0.072 
236.000 -0.072 
237.000 -0.072 
238.000 -0.072 
239.000 -0.072 
240.000 -0.072 
241.000 -0.073 
242.000 -0.073 
243.000 -0.073 
244.000 -0.074 
245.000 -0.074 
246.000 0.023 
247.000 0.133 
248.000 0.308 
249.000 0.400 
250.000 0.551 
251.000 0.350 
252.000 0.150 
253.000 0.052 
254.000 -0.025 
255.000 -0.079 
256.000 -0.117 
257.000 -0.134 
258.000 -0.019 
259.000 0.256 
260.000 0.617 
261.000 0.959 
262.000 1.150 
263.000 0.964 
264.000 0.687 
265.000 0.383 
266.000 0.162 
267.000 0.024 
268.000 -0.060 
269.000 -0.110 
270.000 -0.136 
271.000 -0.158 
272.000 -0.050 
273.000 0.223 
274.000 0.575 
275.000 0.862 
276.000 1.094 
277.000 0.722 
278.000 0.386 
279.000 0.182 
280.000 0.038 
281.000 -0.051 
282.000 -0.104 
283.000 -0.132 
284.000 -0.158 
285.000 -0.068 
286.000 0.185 
287.000 0.533 
288.000 0.834 
289.000 1.081 
290.000 0.712 
291.000 0.378 
292.000 0.180 
293.000 0.037 
294.000 -0.051 
295.000 -0.105 
296.000 -0.133 
297.000 -0.156 
298.000 -0.063 
299.000 0.192 
300.000 0.541 
301.000 0.841 
302.000 1.082 
303.000 0.720 
304.000 0.394 
305.000 0.190 
306.000 0.044 
307.000 -0.047 
308.000 -0.102 
309.000 -0.131 
310.000 -0.159 
311.000 -0.078 
312.000 0.166 
313.000 0.511 
314.000 0.816 
315.000 1.073 
316.000 0.701 
317.000 0.365 
318.000 0.172 
319.000 0.033 
320.000 -0.054 
321.000 -0.106 
322.000 -0.134 
323.000 -0.153 
324.000 -0.053 
325.000 0.210 
326.000 0.561 
327.000 0.859 
328.000 1.085 
329.000 0.739 
330.000 0.425 
331.000 0.210 
332.000 0.056 
333.000 -0.040 
334.000 -0.098 
335.000 -0.129 
336.000 -0.164 
337.000 -0.103 
338.000 0.118 
339.000 0.456 
340.000 0.771 
341.000 1.053 
342.000 0.719 
343.000 0.434 
344.000 0.227 
345.000 0.069 
346.000 -0.032 
347.000 -0.093 
348.000 -0.126 
349.000 -0.162 
350.000 -0.115 
351.000 0.090 
352.000 0.423 
353.000 0.749 
354.000 1.038 
355.000 0.743 
356.000 0.510 
357.000 0.283 
358.000 0.103 
359.000 -0.011 
360.000 -0.081 
361.000 -0.122 
362.000 -0.156 
363.000 -0.139 
364.000 0.029 
365.000 0.352 
366.000 0.776 
367.000 1.206 
368.000 1.260 
369.000 1.322 
370.000 0.846 
371.000 0.438 
372.000 0.217 
373.000 0.060 
374.000 -0.038 
375.000 -0.139 
376.000 -0.083 
377.000 0.168 
378.000 0.546 
379.000 1.002 
380.000 1.494 
381.000 1.136 
382.000 0.908 
383.000 0.553 
384.000 0.270 
385.000 0.102 
386.000 -0.008 
387.000 -0.101 
388.000 -0.054 
389.000 0.189 
390.000 0.561 
391.000 1.012 
392.000 1.501 
393.000 1.215 
394.000 1.048 
395.000 0.651 
396.000 0.329 
397.000 0.139 
398.000 0.011 
399.000 -0.067 
400.000 -0.053 
401.000 0.166 
402.000 0.522 
403.000 0.963 
404.000 1.447 
405.000 1.600 
406.000 1.611 
407.000 1.171 
408.000 0.755 
409.000 0.416 
410.000 0.180 
411.000 0.035 
412.000 -0.051 
413.000 -0.110 
414.000 0.032 
415.000 0.339 
416.000 0.751 
417.000 1.223 
418.000 1.719 
419.000 1.151 
420.000 0.717 
421.000 0.410 
422.000 0.180 
423.000 0.036 
424.000 -0.048 
425.000 -0.071 
426.000 0.118 
427.000 0.454 
428.000 0.883 
429.000 1.362 
430.000 1.790 
431.000 1.186 
432.000 0.726 
433.000 0.413 
434.000 0.181 
435.000 0.035 
436.000 -0.050 
437.000 -0.074 
438.000 0.117 
439.000 0.455 
440.000 0.885 
441.000 1.364 
442.000 1.808 
443.000 1.200 
444.000 0.737 
445.000 0.420 
446.000 0.185 
447.000 0.038 
448.000 -0.048 
449.000 -0.069 
450.000 0.125 
451.000 0.466 
452.000 0.898 
453.000 1.378 
454.000 1.815 
455.000 1.204 
456.000 0.738 
457.000 0.421 
458.000 0.185 
459.000 0.038 
460.000 -0.048 
461.000 -0.064 
462.000 0.134 
463.000 0.477 
464.000 0.910 
465.000 1.390 
466.000 1.813 
467.000 1.200 
468.000 0.733 
469.000 0.417 
470.000 0.183 
471.000 0.037 
472.000 -0.049 
473.000 -0.057 
474.000 0.147 
475.000 0.493 
476.000 0.928 
477.000 1.408 
478.000 1.803 
479.000 1.190 
480.000 0.722 
481.000 0.410 
482.000 0.179 
483.000 0.034 
484.000 -0.052 
485.000 -0.050 
486.000 0.161 
487.000 0.511 
488.000 0.948 
489.000 1.430 
490.000 1.926 
491.000 1.287 
492.000 0.798 
493.000 0.458 
494.000 0.212 
495.000 0.094 
496.000 0.018 
497.000 0.171 
498.000 0.481 
499.000 0.890 
500.000 1.354 
501.000 1.840 
502.000 1.359 
503.000 1.032 
504.000 0.626 
505.000 0.327 
506.000 0.165 
507.000 0.055 
508.000 0.183 
509.000 0.474 
510.000 0.870 
511.000 1.326 
512.000 1.807 
513.000 1.778 
514.000 1.771 
515.000 1.137 
516.000 0.657 
517.000 0.366 
518.000 0.158 
519.000 0.212 
520.000 0.450 
521.000 0.809 
522.000 1.241 
523.000 1.708 
524.000 2.183 
525.000 1.455 
526.000 0.896 
527.000 0.516 
528.000 0.239 
529.000 0.109 
530.000 0.024 
531.000 0.171 
532.000 0.475 
533.000 0.881 
534.000 1.343 
535.000 1.828 
536.000 1.933 
537.000 1.885 
538.000 1.356 
539.000 1.012 
540.000 0.612 
541.000 0.317 
542.000 0.304 
543.000 0.490 
544.000 0.812 
545.000 1.217 
546.000 1.666 
547.000 2.130 
548.000 1.680 
549.000 1.381 
550.000 0.858 
551.000 0.468 
552.000 0.249 
553.000 0.097 
554.000 0.193 
555.000 0.461 
556.000 0.841 
557.000 1.287 
558.000 1.762 
559.000 2.241 
560.000 1.493 
561.000 0.919 
562.000 0.530 
563.000 0.246 
564.000 0.113 
565.000 0.026 
566.000 0.171 
567.000 0.474 
568.000 0.879 
569.000 1.341 
570.000 1.826 
571.000 2.249 
572.000 1.489 
573.000 0.906 
574.000 0.521 
575.000 0.240 
576.000 0.109 
577.000 0.024 
578.000 0.170 
579.000 0.475 
580.000 0.880 
581.000 1.342 
582.000 1.827 
583.000 2.298 
584.000 1.528 
585.000 0.938 
586.000 0.541 
587.000 0.251 
588.000 0.116 
589.000 0.027 
590.000 0.170 
591.000 0.473 
592.000 0.878 
593.000 1.339 
594.000 1.823 
595.000 2.306 
596.000 1.536 
597.000 0.945 
598.000 0.546 
599.000 0.254 
600.000 0.117 
601.000 0.028 
602.000 0.171 
603.000 0.473 
604.000 0.877 
605.000 1.338 
606.000 1.823 
607.000 2.306 
608.000 1.919 
609.000 1.668 
610.000 1.051 
611.000 0.587 
612.000 0.321 
613.000 0.132 
614.000 0.201 
615.000 0.450 
616.000 0.817 
617.000 1.254 
618.000 1.725 
619.000 2.201 
620.000 2.638 
621.000 1.792 
622.000 1.158 
623.000 0.682 
624.000 0.331 
625.000 0.163 
626.000 0.049 
627.000 0.174 
628.000 0.464 
629.000 0.859 
630.000 1.315 
631.000 1.796 
632.000 2.278 
633.000 2.657 
634.000 1.785 
635.000 1.131 
636.000 0.663 
637.000 0.317 
638.000 0.155 
639.000 0.045 
640.000 0.173 
641.000 0.464 
642.000 0.861 
643.000 1.318 
644.000 1.800 
645.000 2.282 
646.000 2.746 
647.000 1.979 
648.000 1.425 
649.000 0.865 
650.000 0.447 
651.000 0.233 
652.000 0.085 
653.000 0.184 
654.000 0.454 
655.000 0.837 
656.000 1.284 
657.000 1.761 
658.000 2.240 
659.000 2.705 
660.000 2.540 
661.000 2.395 
662.000 1.534 
663.000 0.879 
664.000 0.497 
665.000 0.219 
666.000 0.221 
667.000 0.422 
668.000 0.756 
669.000 1.172 
670.000 1.631 
671.000 2.103 
672.000 2.566 
673.000 3.007 
674.000 2.493 
675.000 2.134 
676.000 1.348 
677.000 0.753 
678.000 0.421 
679.000 0.185 
680.000 0.219 
681.000 0.442 
682.000 0.792 
683.000 1.217 
684.000 1.681 
685.000 2.154 
686.000 2.617 
687.000 3.056 
688.000 2.852 
689.000 2.666 
690.000 1.737 
691.000 1.045 
692.000 0.615 
693.000 0.341 
694.000 0.341 
695.000 0.536 
696.000 0.862 
697.000 1.268 
698.000 1.716 
699.000 2.178 
700.000 2.631 
701.000 3.062 
702.000 3.358 
703.000 2.878 
704.000 2.541 
705.000 1.771 
706.000 1.237 
707.000 1.021 
708.000 1.037 
709.000 1.218 
710.000 1.508 
711.000 1.865 
712.000 2.256 
713.000 2.657 
714.000 3.050 
715.000 3.423 
716.000 3.767 
717.000 4.048 
718.000 4.169 
719.000 4.155 
720.000 4.112 
721.000 4.120 
722.000 4.180 
723.000 4.275 
724.000 4.391 
725.000 4.518 
726.000 4.648 
727.000 4.775 
728.000 4.895 
729.000 5.007 
730.000 5.107 
731.000 5.196 
732.000 5.274 
733.000 5.341 
734.000 5.398 
735.000 5.446 
736.000 5.485 
737.000 5.517 
738.000 5.542 
739.000 5.562 
740.000 5.577 
741.000 5.589 
742.000 5.597 
743.000 5.603 
744.000 5.607 
745.000 5.609 
746.000 5.610 
747.000 5.610 
748.000 5.610 
749.000 5.609 
750.000 5.607 
751.000 5.606 
752.000 5.605 
753.000 5.603 
754.000 5.602 
755.000 5.601 
756.000 5.600 
757.000 5.599 
758.000 5.598 
759.000 5.597 
760.000 5.596 
761.000 5.596 
762.000 5.595 
763.000 5.595 
764.000 5.595 
765.000 5.595 
766.000 5.594 
767.000 5.594 
768.000 5.594 
769.000 5.594 
770.000 5.594 
771.000 5.594 
772.000 5.594 
773.000 5.594 
774.000 5.594 
775.000 5.594 
776.000 5.594 
777.000 5.594 
778.000 5.594 
779.000 5.594 
780.000 5.594 
781.000 5.594 
782.000 5.594 
783.000 5.594 
784.000 5.594 
785.000 5.594 
786.000 5.594 
787.000 5.594 
788.000 5.594 
789.000 5.594 
790.000 5.594 
791.000 5.594 
792.000 5.594 
793.000 5.594 
794.000 5.594 
795.000 5.594 
796.000 5.594 
797.000 5.594 
798.000 5.594 
799.000 5.594 
800.000 5.594 
