1.000 0.000 
2.000 0.000 
3.000 0.000 
4.000 0.000 
5.000 0.000 
6.000 0.000 
7.000 0.000 
8.000 0.000 
9.000 0.000 
10.000 0.000 
11.000 0.000 
12.000 -0.036 
13.000 -0.078 
14.000 -0.098 
15.000 -0.107 
16.000 -0.113 
17.000 -0.116 
18.000 -0.110 
19.000 -0.095 
20.000 -0.080 
21.000 -0.068 
22.000 -0.059 
23.000 -0.055 
24.000 -0.057 
25.000 -0.065 
26.000 -0.074 
27.000 -0.082 
28.000 -0.089 
29.000 -0.094 
30.000 -0.095 
31.000 -0.094 
32.000 -0.091 
33.000 -0.087 
34.000 -0.082 
35.000 -0.079 
36.000 -0.077 
37.000 -0.076 
38.000 -0.078 
39.000 -0.080 
40.000 -0.082 
41.000 -0.085 
42.000 -0.087 
43.000 -0.088 
44.000 -0.088 
45.000 -0.088 
46.000 -0.087 
47.000 -0.085 
48.000 -0.084 
49.000 -0.084 
50.000 -0.083 
51.000 -0.083 
52.000 -0.084 
53.000 -0.084 
54.000 -0.085 
55.000 -0.086 
56.000 -0.087 
57.000 -0.087 
58.000 -0.087 
59.000 -0.087 
60.000 -0.087 
61.000 -0.086 
62.000 -0.086 
63.000 -0.086 
64.000 -0.086 
65.000 -0.086 
66.000 -0.086 
67.000 -0.087 
68.000 -0.087 
69.000 -0.087 
70.000 -0.087 
71.000 -0.088 
72.000 -0.088 
73.000 -0.088 
74.000 -0.088 
75.000 -0.088 
76.000 -0.088 
77.000 -0.088 
78.000 -0.088 
79.000 -0.088 
80.000 -0.088 
81.000 -0.088 
82.000 -0.088 
83.000 -0.089 
84.000 -0.089 
85.000 -0.089 
86.000 -0.089 
87.000 -0.089 
88.000 -0.089 
89.000 -0.089 
90.000 -0.089 
91.000 -0.089 
92.000 -0.089 
93.000 -0.089 
94.000 -0.090 
95.000 -0.090 
96.000 -0.090 
97.000 -0.090 
98.000 -0.090 
99.000 -0.090 
100.000 -0.090 
101.000 -0.090 
102.000 -0.090 
103.000 -0.090 
104.000 -0.091 
105.000 -0.091 
106.000 -0.091 
107.000 -0.091 
108.000 -0.091 
109.000 -0.091 
110.000 -0.091 
111.000 -0.091 
112.000 -0.091 
113.000 -0.091 
114.000 -0.091 
115.000 -0.092 
116.000 -0.092 
117.000 -0.092 
118.000 -0.092 
119.000 -0.092 
120.000 -0.092 
121.000 -0.092 
122.000 -0.092 
123.000 -0.092 
124.000 -0.092 
125.000 -0.092 
126.000 -0.087 
127.000 -0.066 
128.000 -0.052 
129.000 -0.044 
130.000 -0.039 
131.000 -0.039 
132.000 -0.045 
133.000 -0.057 
134.000 -0.068 
135.000 -0.077 
136.000 -0.082 
137.000 -0.085 
138.000 -0.084 
139.000 -0.080 
140.000 -0.072 
141.000 -0.065 
142.000 -0.058 
143.000 -0.053 
144.000 -0.052 
145.000 -0.054 
146.000 -0.059 
147.000 -0.065 
148.000 -0.071 
149.000 -0.075 
150.000 -0.078 
151.000 -0.078 
152.000 -0.077 
153.000 -0.073 
154.000 -0.069 
155.000 -0.065 
156.000 -0.061 
157.000 -0.060 
158.000 -0.060 
159.000 -0.062 
160.000 -0.065 
161.000 -0.068 
162.000 -0.071 
163.000 -0.073 
164.000 -0.074 
165.000 -0.074 
166.000 -0.072 
167.000 -0.070 
168.000 -0.068 
169.000 -0.066 
170.000 -0.064 
171.000 -0.064 
172.000 -0.064 
173.000 -0.066 
174.000 -0.068 
175.000 -0.069 
176.000 -0.071 
177.000 -0.072 
178.000 -0.072 
179.000 -0.071 
180.000 -0.070 
181.000 -0.069 
182.000 -0.068 
183.000 -0.067 
184.000 -0.066 
185.000 -0.066 
186.000 -0.067 
187.000 -0.068 
188.000 -0.069 
189.000 -0.070 
190.000 -0.070 
191.000 -0.071 
192.000 -0.071 
193.000 -0.070 
194.000 -0.070 
195.000 -0.069 
196.000 -0.068 
197.000 -0.068 
198.000 -0.068 
199.000 -0.068 
200.000 -0.068 
201.000 -0.069 
202.000 -0.070 
203.000 -0.070 
204.000 -0.070 
205.000 -0.070 
206.000 -0.070 
207.000 -0.070 
208.000 -0.070 
209.000 -0.069 
210.000 -0.069 
211.000 -0.069 
212.000 -0.069 
213.000 -0.069 
214.000 -0.069 
215.000 -0.070 
216.000 -0.070 
217.000 -0.070 
218.000 -0.070 
219.000 -0.070 
220.000 -0.070 
221.000 -0.070 
222.000 -0.070 
223.000 -0.070 
224.000 -0.070 
225.000 -0.070 
226.000 -0.070 
227.000 -0.070 
228.000 -0.070 
229.000 -0.070 
230.000 -0.070 
231.000 -0.070 
232.000 -0.070 
233.000 -0.070 
234.000 -0.070 
235.000 -0.070 
236.000 -0.070 
237.000 -0.070 
238.000 -0.070 
239.000 -0.070 
240.000 -0.070 
241.000 -0.070 
242.000 -0.070 
243.000 -0.070 
244.000 -0.070 
245.000 -0.071 
246.000 0.027 
247.000 0.138 
248.000 0.303 
249.000 0.388 
250.000 0.524 
251.000 0.509 
252.000 0.403 
253.000 0.228 
254.000 0.085 
255.000 -0.014 
256.000 -0.078 
257.000 -0.120 
258.000 -0.114 
259.000 -0.032 
260.000 0.110 
261.000 0.236 
262.000 0.402 
263.000 0.471 
264.000 0.544 
265.000 0.469 
266.000 0.300 
267.000 0.134 
268.000 0.013 
269.000 -0.063 
270.000 -0.108 
271.000 -0.140 
272.000 -0.077 
273.000 0.036 
274.000 0.198 
275.000 0.308 
276.000 0.468 
277.000 0.505 
278.000 0.511 
279.000 0.381 
280.000 0.212 
281.000 0.072 
282.000 -0.027 
283.000 -0.085 
284.000 -0.135 
285.000 -0.114 
286.000 -0.022 
287.000 0.131 
288.000 0.249 
289.000 0.418 
290.000 0.492 
291.000 0.564 
292.000 0.481 
293.000 0.308 
294.000 0.139 
295.000 0.015 
296.000 -0.063 
297.000 -0.109 
298.000 -0.138 
299.000 -0.072 
300.000 0.044 
301.000 0.208 
302.000 0.323 
303.000 0.484 
304.000 0.521 
305.000 0.524 
306.000 0.391 
307.000 0.218 
308.000 0.075 
309.000 -0.025 
310.000 -0.085 
311.000 -0.136 
312.000 -0.112 
313.000 -0.019 
314.000 0.137 
315.000 0.262 
316.000 0.434 
317.000 0.509 
318.000 0.585 
319.000 0.500 
320.000 0.319 
321.000 0.144 
322.000 0.017 
323.000 -0.062 
324.000 -0.108 
325.000 -0.139 
326.000 -0.071 
327.000 0.047 
328.000 0.212 
329.000 0.330 
330.000 0.493 
331.000 0.532 
332.000 0.540 
333.000 0.408 
334.000 0.230 
335.000 0.082 
336.000 -0.021 
337.000 -0.083 
338.000 -0.135 
339.000 -0.113 
340.000 -0.020 
341.000 0.136 
342.000 0.264 
343.000 0.438 
344.000 0.518 
345.000 0.600 
346.000 0.520 
347.000 0.336 
348.000 0.156 
349.000 0.025 
350.000 -0.058 
351.000 -0.105 
352.000 -0.141 
353.000 -0.075 
354.000 0.041 
355.000 0.208 
356.000 0.330 
357.000 0.496 
358.000 0.542 
359.000 0.564 
360.000 0.439 
361.000 0.254 
362.000 0.098 
363.000 -0.012 
364.000 -0.079 
365.000 -0.131 
366.000 -0.072 
367.000 0.103 
368.000 0.316 
369.000 0.523 
370.000 0.730 
371.000 0.868 
372.000 0.984 
373.000 0.968 
374.000 0.963 
375.000 0.782 
376.000 0.531 
377.000 0.302 
378.000 0.128 
379.000 0.033 
380.000 0.064 
381.000 0.203 
382.000 0.391 
383.000 0.593 
384.000 0.790 
385.000 0.928 
386.000 1.033 
387.000 1.041 
388.000 1.006 
389.000 0.809 
390.000 0.531 
391.000 0.292 
392.000 0.123 
393.000 0.018 
394.000 0.047 
395.000 0.198 
396.000 0.396 
397.000 0.608 
398.000 0.816 
399.000 0.966 
400.000 1.074 
401.000 1.091 
402.000 1.049 
403.000 0.837 
404.000 0.537 
405.000 0.289 
406.000 0.120 
407.000 0.011 
408.000 0.035 
409.000 0.191 
410.000 0.397 
411.000 0.619 
412.000 0.837 
413.000 1.000 
414.000 1.110 
415.000 1.141 
416.000 1.094 
417.000 0.868 
418.000 0.548 
419.000 0.291 
420.000 0.120 
421.000 0.007 
422.000 0.023 
423.000 0.180 
424.000 0.391 
425.000 0.622 
426.000 0.850 
427.000 1.028 
428.000 1.143 
429.000 1.186 
430.000 1.138 
431.000 0.903 
432.000 0.565 
433.000 0.299 
434.000 0.122 
435.000 0.007 
436.000 0.013 
437.000 0.170 
438.000 0.386 
439.000 0.626 
440.000 0.864 
441.000 1.056 
442.000 1.176 
443.000 1.230 
444.000 1.178 
445.000 0.933 
446.000 0.580 
447.000 0.304 
448.000 0.123 
449.000 0.005 
450.000 0.004 
451.000 0.160 
452.000 0.381 
453.000 0.633 
454.000 0.886 
455.000 1.095 
456.000 1.222 
457.000 1.283 
458.000 1.225 
459.000 0.956 
460.000 0.583 
461.000 0.300 
462.000 0.116 
463.000 -0.002 
464.000 -0.008 
465.000 0.151 
466.000 0.383 
467.000 0.650 
468.000 0.919 
469.000 1.147 
470.000 1.278 
471.000 1.346 
472.000 1.268 
473.000 0.952 
474.000 0.564 
475.000 0.280 
476.000 0.098 
477.000 -0.019 
478.000 -0.026 
479.000 0.139 
480.000 0.384 
481.000 0.667 
482.000 0.953 
483.000 1.201 
484.000 1.336 
485.000 1.409 
486.000 1.565 
487.000 1.809 
488.000 2.092 
489.000 2.401 
490.000 2.735 
491.000 3.046 
492.000 3.267 
493.000 3.347 
494.000 3.255 
495.000 3.051 
496.000 2.755 
497.000 2.461 
498.000 2.185 
499.000 1.993 
500.000 1.905 
501.000 1.940 
502.000 2.095 
503.000 2.334 
504.000 2.624 
505.000 2.939 
506.000 3.248 
507.000 3.488 
508.000 3.592 
509.000 3.511 
510.000 3.298 
511.000 2.980 
512.000 2.625 
513.000 2.299 
514.000 2.060 
515.000 1.932 
516.000 1.941 
517.000 2.078 
518.000 2.305 
519.000 2.588 
520.000 2.900 
521.000 3.221 
522.000 3.504 
523.000 3.684 
524.000 3.705 
525.000 3.544 
526.000 3.276 
527.000 2.913 
528.000 2.519 
529.000 2.210 
530.000 2.009 
531.000 1.941 
532.000 2.014 
533.000 2.199 
534.000 2.456 
535.000 2.755 
536.000 3.071 
537.000 3.389 
538.000 3.658 
539.000 3.814 
540.000 3.809 
541.000 3.627 
542.000 3.342 
543.000 2.942 
544.000 2.509 
545.000 2.179 
546.000 1.981 
547.000 1.933 
548.000 2.026 
549.000 2.225 
550.000 2.490 
551.000 2.794 
552.000 3.112 
553.000 3.430 
554.000 3.710 
555.000 3.892 
556.000 3.927 
557.000 3.781 
558.000 3.517 
559.000 3.128 
560.000 2.660 
561.000 2.260 
562.000 2.004 
563.000 1.911 
564.000 1.971 
565.000 2.149 
566.000 2.402 
567.000 2.700 
568.000 3.018 
569.000 3.339 
570.000 3.650 
571.000 3.901 
572.000 4.034 
573.000 4.008 
574.000 3.808 
575.000 3.495 
576.000 3.042 
577.000 2.517 
578.000 2.108 
579.000 1.872 
580.000 1.822 
581.000 1.927 
582.000 2.137 
583.000 2.414 
584.000 2.729 
585.000 3.057 
586.000 3.384 
587.000 3.698 
588.000 3.960 
589.000 4.115 
590.000 4.121 
591.000 3.956 
592.000 3.664 
593.000 3.221 
594.000 2.651 
595.000 2.154 
596.000 1.846 
597.000 1.748 
598.000 1.820 
599.000 2.010 
600.000 2.279 
601.000 2.591 
602.000 2.924 
603.000 3.259 
604.000 3.583 
605.000 3.887 
606.000 4.165 
607.000 4.416 
608.000 4.637 
609.000 4.829 
610.000 4.993 
611.000 5.132 
612.000 5.247 
613.000 5.342 
614.000 5.413 
615.000 5.454 
616.000 5.461 
617.000 5.437 
618.000 5.386 
619.000 5.316 
620.000 5.240 
621.000 5.175 
622.000 5.135 
623.000 5.122 
624.000 5.130 
625.000 5.153 
626.000 5.186 
627.000 5.224 
628.000 5.265 
629.000 5.306 
630.000 5.346 
631.000 5.383 
632.000 5.418 
633.000 5.449 
634.000 5.474 
635.000 5.491 
636.000 5.497 
637.000 5.491 
638.000 5.474 
639.000 5.448 
640.000 5.418 
641.000 5.388 
642.000 5.366 
643.000 5.356 
644.000 5.357 
645.000 5.367 
646.000 5.382 
647.000 5.401 
648.000 5.422 
649.000 5.443 
650.000 5.463 
651.000 5.482 
652.000 5.500 
653.000 5.514 
654.000 5.521 
655.000 5.521 
656.000 5.514 
657.000 5.499 
658.000 5.480 
659.000 5.459 
660.000 5.440 
661.000 5.428 
662.000 5.425 
663.000 5.429 
664.000 5.438 
665.000 5.450 
666.000 5.464 
667.000 5.478 
668.000 5.493 
669.000 5.507 
670.000 5.520 
671.000 5.531 
672.000 5.538 
673.000 5.540 
674.000 5.536 
675.000 5.527 
676.000 5.514 
677.000 5.499 
678.000 5.485 
679.000 5.474 
680.000 5.470 
681.000 5.472 
682.000 5.477 
683.000 5.486 
684.000 5.496 
685.000 5.506 
686.000 5.517 
687.000 5.528 
688.000 5.538 
689.000 5.546 
690.000 5.552 
691.000 5.554 
692.000 5.551 
693.000 5.545 
694.000 5.536 
695.000 5.525 
696.000 5.514 
697.000 5.506 
698.000 5.502 
699.000 5.502 
700.000 5.506 
701.000 5.512 
702.000 5.519 
703.000 5.527 
704.000 5.535 
705.000 5.543 
706.000 5.551 
707.000 5.557 
708.000 5.562 
709.000 5.564 
710.000 5.563 
711.000 5.559 
712.000 5.552 
713.000 5.544 
714.000 5.536 
715.000 5.529 
716.000 5.526 
717.000 5.525 
718.000 5.528 
719.000 5.532 
720.000 5.537 
721.000 5.543 
722.000 5.549 
723.000 5.555 
724.000 5.560 
725.000 5.566 
726.000 5.570 
727.000 5.572 
728.000 5.571 
729.000 5.569 
730.000 5.564 
731.000 5.558 
732.000 5.552 
733.000 5.547 
734.000 5.543 
735.000 5.542 
736.000 5.544 
737.000 5.546 
738.000 5.550 
739.000 5.555 
740.000 5.559 
741.000 5.564 
742.000 5.568 
743.000 5.572 
744.000 5.575 
745.000 5.577 
746.000 5.577 
747.000 5.576 
748.000 5.573 
749.000 5.569 
750.000 5.564 
751.000 5.560 
752.000 5.557 
753.000 5.556 
754.000 5.556 
755.000 5.558 
756.000 5.561 
757.000 5.564 
758.000 5.567 
759.000 5.571 
760.000 5.574 
761.000 5.577 
762.000 5.580 
763.000 5.581 
764.000 5.582 
765.000 5.581 
766.000 5.579 
767.000 5.576 
768.000 5.572 
769.000 5.569 
770.000 5.566 
771.000 5.565 
772.000 5.566 
773.000 5.567 
774.000 5.569 
775.000 5.571 
776.000 5.574 
777.000 5.576 
778.000 5.579 
779.000 5.581 
780.000 5.583 
781.000 5.584 
782.000 5.585 
783.000 5.584 
784.000 5.583 
785.000 5.581 
786.000 5.578 
787.000 5.576 
788.000 5.574 
789.000 5.573 
790.000 5.573 
791.000 5.574 
792.000 5.575 
793.000 5.577 
794.000 5.578 
795.000 5.580 
796.000 5.582 
797.000 5.584 
798.000 5.586 
799.000 5.587 
800.000 5.587 
