1.000 0.000 
2.000 0.000 
3.000 0.000 
4.000 0.000 
5.000 0.000 
6.000 0.000 
7.000 0.000 
8.000 0.000 
9.000 0.000 
10.000 0.000 
11.000 0.000 
12.000 -0.004 
13.000 -0.011 
14.000 -0.018 
15.000 -0.024 
16.000 -0.028 
17.000 -0.030 
18.000 -0.031 
19.000 -0.032 
20.000 -0.031 
21.000 -0.031 
22.000 -0.030 
23.000 -0.029 
24.000 -0.028 
25.000 -0.028 
26.000 -0.028 
27.000 -0.028 
28.000 -0.028 
29.000 -0.028 
30.000 -0.028 
31.000 -0.029 
32.000 -0.029 
33.000 -0.029 
34.000 -0.029 
35.000 -0.029 
36.000 -0.029 
37.000 -0.030 
38.000 -0.030 
39.000 -0.030 
40.000 -0.030 
41.000 -0.030 
42.000 -0.030 
43.000 -0.030 
44.000 -0.030 
45.000 -0.030 
46.000 -0.030 
47.000 -0.030 
48.000 -0.030 
49.000 -0.031 
50.000 -0.031 
51.000 -0.031 
52.000 -0.031 
53.000 -0.031 
54.000 -0.031 
55.000 -0.031 
56.000 -0.031 
57.000 -0.031 
58.000 -0.031 
59.000 -0.031 
60.000 -0.032 
61.000 -0.032 
62.000 -0.032 
63.000 -0.032 
64.000 -0.032 
65.000 -0.032 
66.000 -0.032 
67.000 -0.032 
68.000 -0.032 
69.000 -0.032 
70.000 -0.032 
71.000 -0.033 
72.000 -0.033 
73.000 -0.033 
74.000 -0.033 
75.000 -0.033 
76.000 -0.033 
77.000 -0.033 
78.000 -0.033 
79.000 -0.033 
80.000 -0.033 
81.000 -0.033 
82.000 -0.034 
83.000 -0.034 
84.000 -0.034 
85.000 -0.034 
86.000 -0.034 
87.000 -0.034 
88.000 -0.034 
89.000 -0.034 
90.000 -0.034 
91.000 -0.034 
92.000 -0.034 
93.000 -0.034 
94.000 -0.035 
95.000 -0.035 
96.000 -0.035 
97.000 -0.035 
98.000 -0.035 
99.000 -0.035 
100.000 -0.035 
101.000 -0.035 
102.000 -0.035 
103.000 -0.035 
104.000 -0.035 
105.000 -0.035 
106.000 -0.036 
107.000 -0.036 
108.000 -0.036 
109.000 -0.036 
110.000 -0.036 
111.000 -0.036 
112.000 -0.036 
113.000 -0.036 
114.000 -0.036 
115.000 -0.036 
116.000 -0.036 
117.000 -0.036 
118.000 -0.037 
119.000 -0.037 
120.000 -0.037 
121.000 -0.037 
122.000 -0.037 
123.000 -0.037 
124.000 -0.037 
125.000 -0.037 
126.000 -0.036 
127.000 -0.033 
128.000 -0.031 
129.000 -0.029 
130.000 -0.027 
131.000 -0.027 
132.000 -0.026 
133.000 -0.026 
134.000 -0.026 
135.000 -0.027 
136.000 -0.027 
137.000 -0.027 
138.000 -0.028 
139.000 -0.028 
140.000 -0.028 
141.000 -0.028 
142.000 -0.028 
143.000 -0.028 
144.000 -0.028 
145.000 -0.028 
146.000 -0.028 
147.000 -0.028 
148.000 -0.028 
149.000 -0.028 
150.000 -0.028 
151.000 -0.028 
152.000 -0.028 
153.000 -0.029 
154.000 -0.029 
155.000 -0.029 
156.000 -0.029 
157.000 -0.029 
158.000 -0.029 
159.000 -0.029 
160.000 -0.029 
161.000 -0.029 
162.000 -0.029 
163.000 -0.029 
164.000 -0.029 
165.000 -0.029 
166.000 -0.029 
167.000 -0.029 
168.000 -0.029 
169.000 -0.029 
170.000 -0.029 
171.000 -0.029 
172.000 -0.029 
173.000 -0.029 
174.000 -0.029 
175.000 -0.029 
176.000 -0.030 
177.000 -0.030 
178.000 -0.030 
179.000 -0.030 
180.000 -0.030 
181.000 -0.030 
182.000 -0.030 
183.000 -0.030 
184.000 -0.030 
185.000 -0.030 
186.000 -0.030 
187.000 -0.030 
188.000 -0.030 
189.000 -0.030 
190.000 -0.030 
191.000 -0.030 
192.000 -0.030 
193.000 -0.030 
194.000 -0.030 
195.000 -0.030 
196.000 -0.030 
197.000 -0.030 
198.000 -0.030 
199.000 -0.031 
200.000 -0.031 
201.000 -0.031 
202.000 -0.031 
203.000 -0.031 
204.000 -0.031 
205.000 -0.031 
206.000 -0.031 
207.000 -0.031 
208.000 -0.031 
209.000 -0.031 
210.000 -0.031 
211.000 -0.031 
212.000 -0.031 
213.000 -0.031 
214.000 -0.031 
215.000 -0.031 
216.000 -0.031 
217.000 -0.031 
218.000 -0.031 
219.000 -0.031 
220.000 -0.031 
221.000 -0.031 
222.000 -0.031 
223.000 -0.031 
224.000 -0.032 
225.000 -0.032 
226.000 -0.032 
227.000 -0.032 
228.000 -0.032 
229.000 -0.032 
230.000 -0.032 
231.000 -0.032 
232.000 -0.032 
233.000 -0.032 
234.000 -0.032 
235.000 -0.032 
236.000 -0.032 
237.000 -0.032 
238.000 -0.032 
239.000 -0.032 
240.000 -0.032 
241.000 -0.032 
242.000 -0.032 
243.000 -0.032 
244.000 -0.032 
245.000 -0.032 
246.000 -0.024 
247.000 -0.005 
248.000 0.017 
249.000 0.037 
250.000 0.054 
251.000 0.062 
252.000 0.060 
253.000 0.053 
254.000 0.045 
255.000 0.037 
256.000 0.031 
257.000 0.029 
258.000 0.031 
259.000 0.036 
260.000 0.043 
261.000 0.051 
262.000 0.057 
263.000 0.059 
264.000 0.058 
265.000 0.054 
266.000 0.049 
267.000 0.044 
268.000 0.041 
269.000 0.040 
270.000 0.042 
271.000 0.046 
272.000 0.053 
273.000 0.059 
274.000 0.064 
275.000 0.065 
276.000 0.064 
277.000 0.060 
278.000 0.055 
279.000 0.051 
280.000 0.048 
281.000 0.048 
282.000 0.051 
283.000 0.056 
284.000 0.064 
285.000 0.072 
286.000 0.077 
287.000 0.079 
288.000 0.077 
289.000 0.071 
290.000 0.063 
291.000 0.057 
292.000 0.052 
293.000 0.052 
294.000 0.056 
295.000 0.066 
296.000 0.080 
297.000 0.096 
298.000 0.108 
299.000 0.112 
300.000 0.105 
301.000 0.091 
302.000 0.074 
303.000 0.059 
304.000 0.048 
305.000 0.044 
306.000 0.051 
307.000 0.072 
308.000 0.114 
309.000 0.176 
310.000 0.241 
311.000 0.270 
312.000 0.240 
313.000 0.188 
314.000 0.130 
315.000 0.080 
316.000 0.044 
317.000 0.020 
318.000 0.009 
319.000 0.009 
320.000 0.029 
321.000 0.087 
322.000 0.217 
323.000 0.443 
324.000 0.689 
325.000 0.706 
326.000 0.581 
327.000 0.423 
328.000 0.271 
329.000 0.146 
330.000 0.056 
331.000 -0.002 
332.000 -0.034 
333.000 -0.044 
334.000 -0.039 
335.000 -0.017 
336.000 0.034 
337.000 0.146 
338.000 0.358 
339.000 0.606 
340.000 0.682 
341.000 0.564 
342.000 0.413 
343.000 0.265 
344.000 0.144 
345.000 0.057 
346.000 0.000 
347.000 -0.031 
348.000 -0.042 
349.000 -0.036 
350.000 -0.014 
351.000 0.038 
352.000 0.152 
353.000 0.371 
354.000 0.630 
355.000 0.718 
356.000 0.589 
357.000 0.427 
358.000 0.272 
359.000 0.147 
360.000 0.057 
361.000 -0.001 
362.000 -0.033 
363.000 -0.044 
364.000 -0.038 
365.000 -0.016 
366.000 0.061 
367.000 0.253 
368.000 0.575 
369.000 0.989 
370.000 1.453 
371.000 1.767 
372.000 1.208 
373.000 0.723 
374.000 0.403 
375.000 0.192 
376.000 0.069 
377.000 -0.011 
378.000 -0.046 
379.000 -0.028 
380.000 0.077 
381.000 0.319 
382.000 0.686 
383.000 1.128 
384.000 1.607 
385.000 1.447 
386.000 1.204 
387.000 0.801 
388.000 0.466 
389.000 0.243 
390.000 0.098 
391.000 0.012 
392.000 -0.030 
393.000 -0.023 
394.000 0.064 
395.000 0.283 
396.000 0.631 
397.000 1.062 
398.000 1.535 
399.000 1.879 
400.000 1.261 
401.000 0.730 
402.000 0.396 
403.000 0.184 
404.000 0.062 
405.000 -0.016 
406.000 -0.050 
407.000 -0.027 
408.000 0.093 
409.000 0.349 
410.000 0.725 
411.000 1.172 
412.000 1.653 
413.000 1.439 
414.000 1.167 
415.000 0.767 
416.000 0.440 
417.000 0.226 
418.000 0.087 
419.000 0.006 
420.000 -0.030 
421.000 -0.012 
422.000 0.099 
423.000 0.348 
424.000 0.719 
425.000 1.163 
426.000 1.641 
427.000 1.753 
428.000 1.397 
429.000 1.017 
430.000 0.645 
431.000 0.359 
432.000 0.171 
433.000 0.051 
434.000 -0.016 
435.000 -0.035 
436.000 0.009 
437.000 0.162 
438.000 0.451 
439.000 0.846 
440.000 1.302 
441.000 1.784 
442.000 1.220 
443.000 0.726 
444.000 0.407 
445.000 0.188 
446.000 0.066 
447.000 -0.010 
448.000 -0.041 
449.000 -0.010 
450.000 0.128 
451.000 0.403 
452.000 0.790 
453.000 1.243 
454.000 1.725 
455.000 1.436 
456.000 1.119 
457.000 0.723 
458.000 0.406 
459.000 0.204 
460.000 0.073 
461.000 -0.002 
462.000 -0.029 
463.000 0.006 
464.000 0.150 
465.000 0.431 
466.000 0.822 
467.000 1.275 
468.000 1.757 
469.000 1.414 
470.000 1.065 
471.000 0.678 
472.000 0.374 
473.000 0.183 
474.000 0.060 
475.000 -0.008 
476.000 -0.028 
477.000 0.019 
478.000 0.182 
479.000 0.481 
480.000 0.883 
481.000 1.342 
482.000 1.825 
483.000 1.285 
484.000 0.811 
485.000 0.472 
486.000 0.283 
487.000 0.144 
488.000 0.047 
489.000 0.180 
490.000 0.475 
491.000 0.873 
492.000 1.331 
493.000 1.813 
494.000 2.294 
495.000 2.758 
496.000 2.474 
497.000 2.289 
498.000 1.466 
499.000 0.805 
500.000 0.440 
501.000 0.140 
502.000 0.085 
503.000 0.249 
504.000 0.563 
505.000 0.971 
506.000 1.433 
507.000 1.913 
508.000 2.391 
509.000 2.847 
510.000 3.152 
511.000 2.070 
512.000 1.221 
513.000 0.701 
514.000 0.279 
515.000 0.116 
516.000 0.013 
517.000 0.125 
518.000 0.407 
519.000 0.799 
520.000 1.255 
521.000 1.738 
522.000 2.224 
523.000 2.693 
524.000 3.133 
525.000 2.825 
526.000 2.585 
527.000 1.653 
528.000 0.907 
529.000 0.499 
530.000 0.167 
531.000 0.087 
532.000 0.232 
533.000 0.533 
534.000 0.934 
535.000 1.391 
536.000 1.871 
537.000 2.349 
538.000 2.807 
539.000 3.236 
540.000 3.556 
541.000 2.356 
542.000 1.418 
543.000 0.822 
544.000 0.342 
545.000 0.152 
546.000 0.033 
547.000 0.135 
548.000 0.410 
549.000 0.796 
550.000 1.248 
551.000 1.730 
552.000 2.214 
553.000 2.682 
554.000 3.122 
555.000 3.525 
556.000 3.697 
557.000 2.557 
558.000 1.681 
559.000 0.999 
560.000 0.451 
561.000 0.176 
562.000 0.163 
563.000 0.355 
564.000 0.685 
565.000 1.101 
566.000 1.562 
567.000 2.039 
568.000 2.508 
569.000 2.955 
570.000 3.369 
571.000 3.745 
572.000 4.053 
573.000 3.325 
574.000 2.723 
575.000 1.713 
576.000 0.907 
577.000 0.443 
578.000 0.164 
579.000 0.121 
580.000 0.291 
581.000 0.608 
582.000 1.017 
583.000 1.477 
584.000 1.956 
585.000 2.429 
586.000 2.882 
587.000 3.304 
588.000 3.687 
589.000 4.029 
590.000 4.330 
591.000 4.283 
592.000 3.834 
593.000 3.206 
594.000 2.520 
595.000 1.889 
596.000 1.430 
597.000 1.205 
598.000 1.201 
599.000 1.361 
600.000 1.631 
601.000 1.970 
602.000 2.344 
603.000 2.730 
604.000 3.109 
605.000 3.470 
606.000 3.804 
607.000 4.107 
608.000 4.377 
609.000 4.613 
610.000 4.817 
611.000 4.990 
612.000 5.135 
613.000 5.255 
614.000 5.352 
615.000 5.430 
616.000 5.492 
617.000 5.539 
618.000 5.574 
619.000 5.600 
620.000 5.618 
621.000 5.630 
622.000 5.637 
623.000 5.641 
624.000 5.641 
625.000 5.640 
626.000 5.638 
627.000 5.634 
628.000 5.630 
629.000 5.626 
630.000 5.622 
631.000 5.618 
632.000 5.614 
633.000 5.611 
634.000 5.608 
635.000 5.605 
636.000 5.603 
637.000 5.601 
638.000 5.600 
639.000 5.598 
640.000 5.597 
641.000 5.596 
642.000 5.595 
643.000 5.595 
644.000 5.595 
645.000 5.594 
646.000 5.594 
647.000 5.594 
648.000 5.594 
649.000 5.594 
650.000 5.594 
651.000 5.594 
652.000 5.594 
653.000 5.594 
654.000 5.594 
655.000 5.594 
656.000 5.594 
657.000 5.594 
658.000 5.594 
659.000 5.594 
660.000 5.594 
661.000 5.594 
662.000 5.594 
663.000 5.594 
664.000 5.594 
665.000 5.594 
666.000 5.594 
667.000 5.594 
668.000 5.594 
669.000 5.594 
670.000 5.594 
671.000 5.594 
672.000 5.594 
673.000 5.594 
674.000 5.594 
675.000 5.594 
676.000 5.594 
677.000 5.594 
678.000 5.594 
679.000 5.594 
680.000 5.594 
681.000 5.594 
682.000 5.594 
683.000 5.594 
684.000 5.594 
685.000 5.594 
686.000 5.594 
687.000 5.594 
688.000 5.594 
689.000 5.594 
690.000 5.594 
691.000 5.594 
692.000 5.594 
693.000 5.594 
694.000 5.594 
695.000 5.594 
696.000 5.594 
697.000 5.594 
698.000 5.594 
699.000 5.594 
700.000 5.594 
701.000 5.594 
702.000 5.594 
703.000 5.594 
704.000 5.594 
705.000 5.594 
706.000 5.594 
707.000 5.594 
708.000 5.594 
709.000 5.594 
710.000 5.594 
711.000 5.594 
712.000 5.594 
713.000 5.594 
714.000 5.594 
715.000 5.594 
716.000 5.594 
717.000 5.594 
718.000 5.594 
719.000 5.594 
720.000 5.594 
721.000 5.594 
722.000 5.594 
723.000 5.594 
724.000 5.594 
725.000 5.594 
726.000 5.594 
727.000 5.594 
728.000 5.594 
729.000 5.594 
730.000 5.594 
731.000 5.594 
732.000 5.594 
733.000 5.594 
734.000 5.594 
735.000 5.594 
736.000 5.594 
737.000 5.594 
738.000 5.594 
739.000 5.594 
740.000 5.594 
741.000 5.594 
742.000 5.594 
743.000 5.594 
744.000 5.594 
745.000 5.594 
746.000 5.594 
747.000 5.594 
748.000 5.594 
749.000 5.594 
750.000 5.594 
751.000 5.594 
752.000 5.594 
753.000 5.594 
754.000 5.594 
755.000 5.594 
756.000 5.594 
757.000 5.594 
758.000 5.594 
759.000 5.594 
760.000 5.594 
761.000 5.594 
762.000 5.594 
763.000 5.594 
764.000 5.594 
765.000 5.594 
766.000 5.594 
767.000 5.594 
768.000 5.594 
769.000 5.594 
770.000 5.594 
771.000 5.594 
772.000 5.594 
773.000 5.594 
774.000 5.594 
775.000 5.594 
776.000 5.594 
777.000 5.594 
778.000 5.594 
779.000 5.594 
780.000 5.594 
781.000 5.594 
782.000 5.594 
783.000 5.594 
784.000 5.594 
785.000 5.594 
786.000 5.594 
787.000 5.594 
788.000 5.594 
789.000 5.594 
790.000 5.594 
791.000 5.594 
792.000 5.594 
793.000 5.594 
794.000 5.594 
795.000 5.594 
796.000 5.594 
797.000 5.594 
798.000 5.594 
799.000 5.594 
800.000 5.594 
