1.000 0.000 
2.000 0.000 
3.000 0.000 
4.000 0.000 
5.000 0.000 
6.000 0.000 
7.000 0.000 
8.000 0.000 
9.000 0.000 
10.000 0.000 
11.000 0.000 
12.000 -0.041 
13.000 -0.086 
14.000 -0.104 
15.000 -0.112 
16.000 -0.116 
17.000 -0.120 
18.000 -0.110 
19.000 -0.090 
20.000 -0.072 
21.000 -0.060 
22.000 -0.052 
23.000 -0.050 
24.000 -0.056 
25.000 -0.068 
26.000 -0.080 
27.000 -0.089 
28.000 -0.095 
29.000 -0.099 
30.000 -0.099 
31.000 -0.095 
32.000 -0.089 
33.000 -0.083 
34.000 -0.078 
35.000 -0.075 
36.000 -0.074 
37.000 -0.076 
38.000 -0.079 
39.000 -0.082 
40.000 -0.086 
41.000 -0.089 
42.000 -0.090 
43.000 -0.090 
44.000 -0.090 
45.000 -0.088 
46.000 -0.086 
47.000 -0.084 
48.000 -0.083 
49.000 -0.083 
50.000 -0.083 
51.000 -0.084 
52.000 -0.085 
53.000 -0.086 
54.000 -0.087 
55.000 -0.088 
56.000 -0.088 
57.000 -0.088 
58.000 -0.088 
59.000 -0.087 
60.000 -0.087 
61.000 -0.086 
62.000 -0.086 
63.000 -0.086 
64.000 -0.087 
65.000 -0.087 
66.000 -0.088 
67.000 -0.088 
68.000 -0.088 
69.000 -0.088 
70.000 -0.088 
71.000 -0.088 
72.000 -0.088 
73.000 -0.088 
74.000 -0.088 
75.000 -0.088 
76.000 -0.088 
77.000 -0.089 
78.000 -0.089 
79.000 -0.089 
80.000 -0.089 
81.000 -0.089 
82.000 -0.089 
83.000 -0.089 
84.000 -0.090 
85.000 -0.090 
86.000 -0.090 
87.000 -0.090 
88.000 -0.090 
89.000 -0.090 
90.000 -0.090 
91.000 -0.090 
92.000 -0.090 
93.000 -0.090 
94.000 -0.090 
95.000 -0.090 
96.000 -0.091 
97.000 -0.091 
98.000 -0.091 
99.000 -0.091 
100.000 -0.091 
101.000 -0.091 
102.000 -0.091 
103.000 -0.091 
104.000 -0.091 
105.000 -0.091 
106.000 -0.091 
107.000 -0.092 
108.000 -0.092 
109.000 -0.092 
110.000 -0.092 
111.000 -0.092 
112.000 -0.092 
113.000 -0.092 
114.000 -0.092 
115.000 -0.092 
116.000 -0.092 
117.000 -0.092 
118.000 -0.093 
119.000 -0.093 
120.000 -0.093 
121.000 -0.093 
122.000 -0.093 
123.000 -0.093 
124.000 -0.093 
125.000 -0.093 
126.000 -0.085 
127.000 -0.061 
128.000 -0.047 
129.000 -0.039 
130.000 -0.036 
131.000 -0.037 
132.000 -0.047 
133.000 -0.061 
134.000 -0.074 
135.000 -0.082 
136.000 -0.087 
137.000 -0.089 
138.000 -0.086 
139.000 -0.078 
140.000 -0.068 
141.000 -0.058 
142.000 -0.051 
143.000 -0.047 
144.000 -0.049 
145.000 -0.055 
146.000 -0.063 
147.000 -0.071 
148.000 -0.077 
149.000 -0.081 
150.000 -0.082 
151.000 -0.080 
152.000 -0.076 
153.000 -0.070 
154.000 -0.063 
155.000 -0.058 
156.000 -0.056 
157.000 -0.056 
158.000 -0.060 
159.000 -0.064 
160.000 -0.070 
161.000 -0.074 
162.000 -0.077 
163.000 -0.078 
164.000 -0.077 
165.000 -0.074 
166.000 -0.070 
167.000 -0.066 
168.000 -0.063 
169.000 -0.061 
170.000 -0.061 
171.000 -0.063 
172.000 -0.066 
173.000 -0.069 
174.000 -0.072 
175.000 -0.074 
176.000 -0.075 
177.000 -0.074 
178.000 -0.073 
179.000 -0.070 
180.000 -0.068 
181.000 -0.066 
182.000 -0.065 
183.000 -0.064 
184.000 -0.065 
185.000 -0.067 
186.000 -0.069 
187.000 -0.071 
188.000 -0.073 
189.000 -0.073 
190.000 -0.073 
191.000 -0.072 
192.000 -0.071 
193.000 -0.069 
194.000 -0.068 
195.000 -0.067 
196.000 -0.067 
197.000 -0.067 
198.000 -0.068 
199.000 -0.069 
200.000 -0.071 
201.000 -0.072 
202.000 -0.072 
203.000 -0.072 
204.000 -0.071 
205.000 -0.071 
206.000 -0.070 
207.000 -0.069 
208.000 -0.068 
209.000 -0.068 
210.000 -0.068 
211.000 -0.069 
212.000 -0.070 
213.000 -0.071 
214.000 -0.071 
215.000 -0.071 
216.000 -0.071 
217.000 -0.071 
218.000 -0.071 
219.000 -0.070 
220.000 -0.070 
221.000 -0.069 
222.000 -0.069 
223.000 -0.069 
224.000 -0.070 
225.000 -0.070 
226.000 -0.071 
227.000 -0.071 
228.000 -0.071 
229.000 -0.071 
230.000 -0.071 
231.000 -0.071 
232.000 -0.071 
233.000 -0.070 
234.000 -0.070 
235.000 -0.070 
236.000 -0.070 
237.000 -0.070 
238.000 -0.070 
239.000 -0.071 
240.000 -0.071 
241.000 -0.071 
242.000 -0.071 
243.000 -0.071 
244.000 -0.071 
245.000 -0.071 
246.000 0.027 
247.000 0.139 
248.000 0.308 
249.000 0.397 
250.000 0.539 
251.000 0.526 
252.000 0.398 
253.000 0.213 
254.000 0.068 
255.000 -0.028 
256.000 -0.088 
257.000 -0.140 
258.000 -0.106 
259.000 -0.010 
260.000 0.154 
261.000 0.282 
262.000 0.456 
263.000 0.517 
264.000 0.558 
265.000 0.434 
266.000 0.246 
267.000 0.091 
268.000 -0.017 
269.000 -0.084 
270.000 -0.134 
271.000 -0.118 
272.000 -0.034 
273.000 0.123 
274.000 0.254 
275.000 0.430 
276.000 0.506 
277.000 0.578 
278.000 0.484 
279.000 0.292 
280.000 0.122 
281.000 0.002 
282.000 -0.072 
283.000 -0.116 
284.000 -0.127 
285.000 -0.049 
286.000 0.092 
287.000 0.224 
288.000 0.393 
289.000 0.476 
290.000 0.565 
291.000 0.498 
292.000 0.317 
293.000 0.142 
294.000 0.014 
295.000 -0.065 
296.000 -0.109 
297.000 -0.139 
298.000 -0.067 
299.000 0.059 
300.000 0.217 
301.000 0.364 
302.000 0.519 
303.000 0.570 
304.000 0.533 
305.000 0.355 
306.000 0.172 
307.000 0.037 
308.000 -0.051 
309.000 -0.101 
310.000 -0.155 
311.000 -0.097 
312.000 0.011 
313.000 0.178 
314.000 0.303 
315.000 0.474 
316.000 0.529 
317.000 0.556 
318.000 0.425 
319.000 0.239 
320.000 0.086 
321.000 -0.020 
322.000 -0.086 
323.000 -0.145 
324.000 -0.116 
325.000 -0.016 
326.000 0.149 
327.000 0.286 
328.000 0.465 
329.000 0.539 
330.000 0.601 
331.000 0.492 
332.000 0.291 
333.000 0.120 
334.000 0.000 
335.000 -0.073 
336.000 -0.119 
337.000 -0.116 
338.000 -0.034 
339.000 0.118 
340.000 0.250 
341.000 0.426 
342.000 0.515 
343.000 0.607 
344.000 0.530 
345.000 0.335 
346.000 0.152 
347.000 0.021 
348.000 -0.061 
349.000 -0.107 
350.000 -0.135 
351.000 -0.062 
352.000 0.071 
353.000 0.226 
354.000 0.386 
355.000 0.531 
356.000 0.623 
357.000 0.588 
358.000 0.394 
359.000 0.194 
360.000 0.049 
361.000 -0.044 
362.000 -0.099 
363.000 -0.165 
364.000 -0.112 
365.000 -0.003 
366.000 0.206 
367.000 0.449 
368.000 0.691 
369.000 0.856 
370.000 1.004 
371.000 0.983 
372.000 0.974 
373.000 0.774 
374.000 0.493 
375.000 0.257 
376.000 0.078 
377.000 -0.010 
378.000 0.028 
379.000 0.183 
380.000 0.383 
381.000 0.595 
382.000 0.798 
383.000 0.945 
384.000 1.046 
385.000 1.066 
386.000 0.986 
387.000 0.728 
388.000 0.437 
389.000 0.217 
390.000 0.072 
391.000 -0.026 
392.000 0.011 
393.000 0.159 
394.000 0.357 
395.000 0.567 
396.000 0.779 
397.000 0.934 
398.000 1.052 
399.000 1.073 
400.000 1.041 
401.000 0.826 
402.000 0.523 
403.000 0.277 
404.000 0.108 
405.000 0.003 
406.000 0.030 
407.000 0.189 
408.000 0.396 
409.000 0.620 
410.000 0.839 
411.000 1.004 
412.000 1.115 
413.000 1.147 
414.000 1.071 
415.000 0.793 
416.000 0.472 
417.000 0.234 
418.000 0.080 
419.000 -0.032 
420.000 -0.000 
421.000 0.167 
422.000 0.385 
423.000 0.620 
424.000 0.854 
425.000 1.032 
426.000 1.153 
427.000 1.190 
428.000 1.121 
429.000 0.831 
430.000 0.493 
431.000 0.243 
432.000 0.083 
433.000 -0.030 
434.000 -0.005 
435.000 0.168 
436.000 0.395 
437.000 0.642 
438.000 0.888 
439.000 1.081 
440.000 1.201 
441.000 1.249 
442.000 1.159 
443.000 0.830 
444.000 0.480 
445.000 0.229 
446.000 0.070 
447.000 -0.049 
448.000 -0.027 
449.000 0.152 
450.000 0.392 
451.000 0.657 
452.000 0.923 
453.000 1.141 
454.000 1.268 
455.000 1.325 
456.000 1.216 
457.000 0.836 
458.000 0.468 
459.000 0.213 
460.000 0.055 
461.000 -0.068 
462.000 -0.052 
463.000 0.129 
464.000 0.382 
465.000 0.664 
466.000 0.951 
467.000 1.195 
468.000 1.330 
469.000 1.398 
470.000 1.272 
471.000 0.852 
472.000 0.471 
473.000 0.213 
474.000 0.054 
475.000 -0.061 
476.000 -0.047 
477.000 0.136 
478.000 0.398 
479.000 0.691 
480.000 0.990 
481.000 1.245 
482.000 1.382 
483.000 1.452 
484.000 1.305 
485.000 0.853 
486.000 0.560 
487.000 0.531 
488.000 0.689 
489.000 0.982 
490.000 1.360 
491.000 1.785 
492.000 2.227 
493.000 2.665 
494.000 3.084 
495.000 3.428 
496.000 3.619 
497.000 3.592 
498.000 3.400 
499.000 3.072 
500.000 2.609 
501.000 2.133 
502.000 1.805 
503.000 1.621 
504.000 1.588 
505.000 1.704 
506.000 1.930 
507.000 2.226 
508.000 2.560 
509.000 2.910 
510.000 3.257 
511.000 3.553 
512.000 3.730 
513.000 3.733 
514.000 3.556 
515.000 3.268 
516.000 2.834 
517.000 2.351 
518.000 1.999 
519.000 1.789 
520.000 1.729 
521.000 1.817 
522.000 2.020 
523.000 2.297 
524.000 2.615 
525.000 2.950 
526.000 3.286 
527.000 3.592 
528.000 3.809 
529.000 3.876 
530.000 3.758 
531.000 3.509 
532.000 3.107 
533.000 2.576 
534.000 2.106 
535.000 1.799 
536.000 1.667 
537.000 1.703 
538.000 1.872 
539.000 2.130 
540.000 2.442 
541.000 2.779 
542.000 3.122 
543.000 3.457 
544.000 3.753 
545.000 3.952 
546.000 4.000 
547.000 3.865 
548.000 3.601 
549.000 3.162 
550.000 2.546 
551.000 1.997 
552.000 1.647 
553.000 1.508 
554.000 1.550 
555.000 1.729 
556.000 2.000 
557.000 2.325 
558.000 2.676 
559.000 3.033 
560.000 3.381 
561.000 3.709 
562.000 3.976 
563.000 4.125 
564.000 4.113 
565.000 3.918 
566.000 3.565 
567.000 2.981 
568.000 2.201 
569.000 1.576 
570.000 1.205 
571.000 1.090 
572.000 1.176 
573.000 1.401 
574.000 1.716 
575.000 2.082 
576.000 2.472 
577.000 2.864 
578.000 3.243 
579.000 3.599 
580.000 3.925 
581.000 4.176 
582.000 4.300 
583.000 4.261 
584.000 4.046 
585.000 3.630 
586.000 2.854 
587.000 1.867 
588.000 1.108 
589.000 0.657 
590.000 0.514 
591.000 0.602 
592.000 0.849 
593.000 1.199 
594.000 1.611 
595.000 2.050 
596.000 2.493 
597.000 2.921 
598.000 3.324 
599.000 3.693 
600.000 4.025 
601.000 4.299 
602.000 4.466 
603.000 4.488 
604.000 4.349 
605.000 4.041 
606.000 3.829 
607.000 3.744 
608.000 3.753 
609.000 3.827 
610.000 3.945 
611.000 4.090 
612.000 4.248 
613.000 4.410 
614.000 4.569 
615.000 4.719 
616.000 4.858 
617.000 4.984 
618.000 5.096 
619.000 5.193 
620.000 5.277 
621.000 5.349 
622.000 5.408 
623.000 5.457 
624.000 5.497 
625.000 5.529 
626.000 5.554 
627.000 5.573 
628.000 5.587 
629.000 5.598 
630.000 5.605 
631.000 5.610 
632.000 5.613 
633.000 5.614 
634.000 5.614 
635.000 5.613 
636.000 5.612 
637.000 5.611 
638.000 5.609 
639.000 5.607 
640.000 5.606 
641.000 5.604 
642.000 5.603 
643.000 5.601 
644.000 5.600 
645.000 5.599 
646.000 5.598 
647.000 5.597 
648.000 5.596 
649.000 5.596 
650.000 5.595 
651.000 5.595 
652.000 5.595 
653.000 5.594 
654.000 5.594 
655.000 5.594 
656.000 5.594 
657.000 5.594 
658.000 5.594 
659.000 5.594 
660.000 5.594 
661.000 5.594 
662.000 5.594 
663.000 5.594 
664.000 5.594 
665.000 5.594 
666.000 5.594 
667.000 5.594 
668.000 5.594 
669.000 5.594 
670.000 5.594 
671.000 5.594 
672.000 5.594 
673.000 5.594 
674.000 5.594 
675.000 5.594 
676.000 5.594 
677.000 5.594 
678.000 5.594 
679.000 5.594 
680.000 5.594 
681.000 5.594 
682.000 5.594 
683.000 5.594 
684.000 5.594 
685.000 5.594 
686.000 5.594 
687.000 5.594 
688.000 5.594 
689.000 5.594 
690.000 5.594 
691.000 5.594 
692.000 5.594 
693.000 5.594 
694.000 5.594 
695.000 5.594 
696.000 5.594 
697.000 5.594 
698.000 5.594 
699.000 5.594 
700.000 5.594 
701.000 5.594 
702.000 5.594 
703.000 5.594 
704.000 5.594 
705.000 5.594 
706.000 5.594 
707.000 5.594 
708.000 5.594 
709.000 5.594 
710.000 5.594 
711.000 5.594 
712.000 5.594 
713.000 5.594 
714.000 5.594 
715.000 5.594 
716.000 5.594 
717.000 5.594 
718.000 5.594 
719.000 5.594 
720.000 5.594 
721.000 5.594 
722.000 5.594 
723.000 5.594 
724.000 5.594 
725.000 5.594 
726.000 5.594 
727.000 5.594 
728.000 5.594 
729.000 5.594 
730.000 5.594 
731.000 5.594 
732.000 5.594 
733.000 5.594 
734.000 5.594 
735.000 5.594 
736.000 5.594 
737.000 5.594 
738.000 5.594 
739.000 5.594 
740.000 5.594 
741.000 5.594 
742.000 5.594 
743.000 5.594 
744.000 5.594 
745.000 5.594 
746.000 5.594 
747.000 5.594 
748.000 5.594 
749.000 5.594 
750.000 5.594 
751.000 5.594 
752.000 5.594 
753.000 5.594 
754.000 5.594 
755.000 5.594 
756.000 5.594 
757.000 5.594 
758.000 5.594 
759.000 5.594 
760.000 5.594 
761.000 5.594 
762.000 5.594 
763.000 5.594 
764.000 5.594 
765.000 5.594 
766.000 5.594 
767.000 5.594 
768.000 5.594 
769.000 5.594 
770.000 5.594 
771.000 5.594 
772.000 5.594 
773.000 5.594 
774.000 5.594 
775.000 5.594 
776.000 5.594 
777.000 5.594 
778.000 5.594 
779.000 5.594 
780.000 5.594 
781.000 5.594 
782.000 5.594 
783.000 5.594 
784.000 5.594 
785.000 5.594 
786.000 5.594 
787.000 5.594 
788.000 5.594 
789.000 5.594 
790.000 5.594 
791.000 5.594 
792.000 5.594 
793.000 5.594 
794.000 5.594 
795.000 5.594 
796.000 5.594 
797.000 5.594 
798.000 5.594 
799.000 5.594 
800.000 5.594 
