1.000 0.000 
2.000 0.000 
3.000 0.000 
4.000 0.000 
5.000 0.000 
6.000 0.000 
7.000 0.000 
8.000 0.000 
9.000 0.000 
10.000 0.000 
11.000 0.000 
12.000 -0.035 
13.000 -0.077 
14.000 -0.097 
15.000 -0.107 
16.000 -0.113 
17.000 -0.117 
18.000 -0.112 
19.000 -0.098 
20.000 -0.083 
21.000 -0.071 
22.000 -0.061 
23.000 -0.056 
24.000 -0.057 
25.000 -0.064 
26.000 -0.073 
27.000 -0.081 
28.000 -0.088 
29.000 -0.093 
30.000 -0.096 
31.000 -0.095 
32.000 -0.092 
33.000 -0.089 
34.000 -0.084 
35.000 -0.081 
36.000 -0.078 
37.000 -0.077 
38.000 -0.078 
39.000 -0.080 
40.000 -0.082 
41.000 -0.085 
42.000 -0.087 
43.000 -0.088 
44.000 -0.089 
45.000 -0.088 
46.000 -0.088 
47.000 -0.087 
48.000 -0.086 
49.000 -0.085 
50.000 -0.084 
51.000 -0.084 
52.000 -0.084 
53.000 -0.085 
54.000 -0.086 
55.000 -0.086 
56.000 -0.087 
57.000 -0.087 
58.000 -0.088 
59.000 -0.088 
60.000 -0.087 
61.000 -0.087 
62.000 -0.087 
63.000 -0.087 
64.000 -0.087 
65.000 -0.087 
66.000 -0.087 
67.000 -0.087 
68.000 -0.088 
69.000 -0.088 
70.000 -0.088 
71.000 -0.088 
72.000 -0.088 
73.000 -0.088 
74.000 -0.088 
75.000 -0.088 
76.000 -0.088 
77.000 -0.088 
78.000 -0.089 
79.000 -0.089 
80.000 -0.089 
81.000 -0.089 
82.000 -0.089 
83.000 -0.089 
84.000 -0.089 
85.000 -0.089 
86.000 -0.089 
87.000 -0.090 
88.000 -0.090 
89.000 -0.090 
90.000 -0.090 
91.000 -0.090 
92.000 -0.090 
93.000 -0.090 
94.000 -0.090 
95.000 -0.090 
96.000 -0.090 
97.000 -0.090 
98.000 -0.091 
99.000 -0.091 
100.000 -0.091 
101.000 -0.091 
102.000 -0.091 
103.000 -0.091 
104.000 -0.091 
105.000 -0.091 
106.000 -0.091 
107.000 -0.091 
108.000 -0.092 
109.000 -0.092 
110.000 -0.092 
111.000 -0.092 
112.000 -0.092 
113.000 -0.092 
114.000 -0.092 
115.000 -0.092 
116.000 -0.092 
117.000 -0.092 
118.000 -0.092 
119.000 -0.092 
120.000 -0.093 
121.000 -0.093 
122.000 -0.093 
123.000 -0.093 
124.000 -0.093 
125.000 -0.093 
126.000 -0.088 
127.000 -0.067 
128.000 -0.053 
129.000 -0.045 
130.000 -0.040 
131.000 -0.039 
132.000 -0.045 
133.000 -0.056 
134.000 -0.067 
135.000 -0.076 
136.000 -0.082 
137.000 -0.086 
138.000 -0.085 
139.000 -0.081 
140.000 -0.075 
141.000 -0.067 
142.000 -0.060 
143.000 -0.054 
144.000 -0.052 
145.000 -0.054 
146.000 -0.058 
147.000 -0.064 
148.000 -0.069 
149.000 -0.074 
150.000 -0.078 
151.000 -0.079 
152.000 -0.078 
153.000 -0.075 
154.000 -0.071 
155.000 -0.067 
156.000 -0.063 
157.000 -0.060 
158.000 -0.060 
159.000 -0.061 
160.000 -0.064 
161.000 -0.067 
162.000 -0.070 
163.000 -0.073 
164.000 -0.074 
165.000 -0.075 
166.000 -0.074 
167.000 -0.072 
168.000 -0.069 
169.000 -0.067 
170.000 -0.065 
171.000 -0.064 
172.000 -0.064 
173.000 -0.065 
174.000 -0.067 
175.000 -0.069 
176.000 -0.070 
177.000 -0.072 
178.000 -0.072 
179.000 -0.072 
180.000 -0.072 
181.000 -0.070 
182.000 -0.069 
183.000 -0.068 
184.000 -0.067 
185.000 -0.067 
186.000 -0.067 
187.000 -0.068 
188.000 -0.069 
189.000 -0.070 
190.000 -0.070 
191.000 -0.071 
192.000 -0.071 
193.000 -0.071 
194.000 -0.071 
195.000 -0.070 
196.000 -0.069 
197.000 -0.069 
198.000 -0.068 
199.000 -0.068 
200.000 -0.069 
201.000 -0.069 
202.000 -0.069 
203.000 -0.070 
204.000 -0.070 
205.000 -0.071 
206.000 -0.071 
207.000 -0.071 
208.000 -0.070 
209.000 -0.070 
210.000 -0.070 
211.000 -0.069 
212.000 -0.069 
213.000 -0.069 
214.000 -0.069 
215.000 -0.070 
216.000 -0.070 
217.000 -0.070 
218.000 -0.071 
219.000 -0.071 
220.000 -0.071 
221.000 -0.071 
222.000 -0.070 
223.000 -0.070 
224.000 -0.070 
225.000 -0.070 
226.000 -0.070 
227.000 -0.070 
228.000 -0.070 
229.000 -0.070 
230.000 -0.070 
231.000 -0.071 
232.000 -0.071 
233.000 -0.071 
234.000 -0.071 
235.000 -0.071 
236.000 -0.071 
237.000 -0.071 
238.000 -0.070 
239.000 -0.070 
240.000 -0.070 
241.000 -0.070 
242.000 -0.071 
243.000 -0.071 
244.000 -0.071 
245.000 -0.071 
246.000 0.026 
247.000 0.137 
248.000 0.304 
249.000 0.391 
250.000 0.532 
251.000 0.515 
252.000 0.415 
253.000 0.241 
254.000 0.094 
255.000 -0.009 
256.000 -0.076 
257.000 -0.115 
258.000 -0.123 
259.000 -0.046 
260.000 0.086 
261.000 0.232 
262.000 0.389 
263.000 0.508 
264.000 0.592 
265.000 0.538 
266.000 0.356 
267.000 0.173 
268.000 0.037 
269.000 -0.051 
270.000 -0.102 
271.000 -0.154 
272.000 -0.114 
273.000 -0.017 
274.000 0.147 
275.000 0.274 
276.000 0.448 
277.000 0.509 
278.000 0.572 
279.000 0.473 
280.000 0.289 
281.000 0.122 
282.000 0.003 
283.000 -0.072 
284.000 -0.114 
285.000 -0.140 
286.000 -0.071 
287.000 0.049 
288.000 0.211 
289.000 0.337 
290.000 0.497 
291.000 0.521 
292.000 0.517 
293.000 0.384 
294.000 0.210 
295.000 0.068 
296.000 -0.030 
297.000 -0.087 
298.000 -0.135 
299.000 -0.114 
300.000 -0.021 
301.000 0.133 
302.000 0.252 
303.000 0.421 
304.000 0.496 
305.000 0.575 
306.000 0.493 
307.000 0.319 
308.000 0.148 
309.000 0.021 
310.000 -0.059 
311.000 -0.106 
312.000 -0.141 
313.000 -0.080 
314.000 0.030 
315.000 0.196 
316.000 0.317 
317.000 0.483 
318.000 0.527 
319.000 0.557 
320.000 0.439 
321.000 0.257 
322.000 0.100 
323.000 -0.010 
324.000 -0.079 
325.000 -0.126 
326.000 -0.128 
327.000 -0.043 
328.000 0.098 
329.000 0.249 
330.000 0.414 
331.000 0.529 
332.000 0.626 
333.000 0.571 
334.000 0.381 
335.000 0.189 
336.000 0.047 
337.000 -0.045 
338.000 -0.098 
339.000 -0.155 
340.000 -0.112 
341.000 -0.007 
342.000 0.160 
343.000 0.296 
344.000 0.473 
345.000 0.540 
346.000 0.610 
347.000 0.511 
348.000 0.316 
349.000 0.139 
350.000 0.013 
351.000 -0.066 
352.000 -0.110 
353.000 -0.140 
354.000 -0.070 
355.000 0.053 
356.000 0.219 
357.000 0.347 
358.000 0.511 
359.000 0.547 
360.000 0.559 
361.000 0.430 
362.000 0.245 
363.000 0.090 
364.000 -0.017 
365.000 -0.082 
366.000 -0.108 
367.000 0.016 
368.000 0.201 
369.000 0.404 
370.000 0.615 
371.000 0.796 
372.000 0.930 
373.000 0.998 
374.000 1.033 
375.000 0.933 
376.000 0.724 
377.000 0.461 
378.000 0.248 
379.000 0.103 
380.000 0.006 
381.000 0.039 
382.000 0.168 
383.000 0.353 
384.000 0.551 
385.000 0.753 
386.000 0.895 
387.000 1.011 
388.000 1.014 
389.000 1.023 
390.000 0.848 
391.000 0.590 
392.000 0.343 
393.000 0.158 
394.000 0.049 
395.000 0.038 
396.000 0.143 
397.000 0.316 
398.000 0.524 
399.000 0.734 
400.000 0.910 
401.000 1.034 
402.000 1.093 
403.000 1.108 
404.000 0.969 
405.000 0.691 
406.000 0.409 
407.000 0.201 
408.000 0.068 
409.000 -0.015 
410.000 0.035 
411.000 0.185 
412.000 0.388 
413.000 0.609 
414.000 0.827 
415.000 0.989 
416.000 1.104 
417.000 1.131 
418.000 1.112 
419.000 0.915 
420.000 0.601 
421.000 0.332 
422.000 0.146 
423.000 0.031 
424.000 0.008 
425.000 0.122 
426.000 0.312 
427.000 0.542 
428.000 0.776 
429.000 0.981 
430.000 1.117 
431.000 1.194 
432.000 1.193 
433.000 1.043 
434.000 0.715 
435.000 0.408 
436.000 0.192 
437.000 0.055 
438.000 -0.040 
439.000 0.009 
440.000 0.181 
441.000 0.415 
442.000 0.670 
443.000 0.923 
444.000 1.114 
445.000 1.235 
446.000 1.267 
447.000 1.202 
448.000 0.911 
449.000 0.547 
450.000 0.275 
451.000 0.101 
452.000 -0.009 
453.000 -0.008 
454.000 0.160 
455.000 0.404 
456.000 0.680 
457.000 0.956 
458.000 1.185 
459.000 1.309 
460.000 1.368 
461.000 1.260 
462.000 0.902 
463.000 0.519 
464.000 0.247 
465.000 0.075 
466.000 -0.035 
467.000 -0.035 
468.000 0.140 
469.000 0.399 
470.000 0.694 
471.000 0.992 
472.000 1.245 
473.000 1.374 
474.000 1.440 
475.000 1.305 
476.000 0.896 
477.000 0.504 
478.000 0.234 
479.000 0.067 
480.000 -0.039 
481.000 -0.037 
482.000 0.143 
483.000 0.413 
484.000 0.720 
485.000 1.030 
486.000 1.388 
487.000 1.797 
488.000 2.228 
489.000 2.658 
490.000 3.055 
491.000 3.357 
492.000 3.488 
493.000 3.393 
494.000 3.175 
495.000 2.823 
496.000 2.488 
497.000 2.155 
498.000 1.930 
499.000 1.831 
500.000 1.875 
501.000 2.045 
502.000 2.297 
503.000 2.598 
504.000 2.922 
505.000 3.250 
506.000 3.518 
507.000 3.654 
508.000 3.605 
509.000 3.403 
510.000 3.088 
511.000 2.708 
512.000 2.336 
513.000 2.066 
514.000 1.919 
515.000 1.919 
516.000 2.052 
517.000 2.277 
518.000 2.560 
519.000 2.872 
520.000 3.195 
521.000 3.494 
522.000 3.706 
523.000 3.769 
524.000 3.642 
525.000 3.396 
526.000 3.049 
527.000 2.636 
528.000 2.277 
529.000 2.038 
530.000 1.945 
531.000 2.000 
532.000 2.172 
533.000 2.421 
534.000 2.715 
535.000 3.030 
536.000 3.348 
537.000 3.636 
538.000 3.832 
539.000 3.880 
540.000 3.744 
541.000 3.487 
542.000 3.113 
543.000 2.659 
544.000 2.261 
545.000 2.005 
546.000 1.914 
547.000 1.977 
548.000 2.155 
549.000 2.409 
550.000 2.707 
551.000 3.025 
552.000 3.345 
553.000 3.653 
554.000 3.892 
555.000 4.002 
556.000 3.943 
557.000 3.723 
558.000 3.383 
559.000 2.907 
560.000 2.388 
561.000 2.011 
562.000 1.818 
563.000 1.807 
564.000 1.939 
565.000 2.169 
566.000 2.458 
567.000 2.779 
568.000 3.111 
569.000 3.439 
570.000 3.750 
571.000 3.994 
572.000 4.112 
573.000 4.067 
574.000 3.853 
575.000 3.505 
576.000 2.992 
577.000 2.377 
578.000 1.894 
579.000 1.625 
580.000 1.568 
581.000 1.677 
582.000 1.900 
583.000 2.195 
584.000 2.530 
585.000 2.880 
586.000 3.229 
587.000 3.564 
588.000 3.877 
589.000 4.118 
590.000 4.235 
591.000 4.193 
592.000 3.979 
593.000 3.613 
594.000 3.043 
595.000 2.295 
596.000 1.671 
597.000 1.300 
598.000 1.191 
599.000 1.277 
600.000 1.498 
601.000 1.806 
602.000 2.165 
603.000 2.546 
604.000 2.929 
605.000 3.299 
606.000 3.647 
607.000 3.965 
608.000 4.251 
609.000 4.503 
610.000 4.722 
611.000 4.910 
612.000 5.068 
613.000 5.199 
614.000 5.307 
615.000 5.394 
616.000 5.463 
617.000 5.517 
618.000 5.558 
619.000 5.588 
620.000 5.610 
621.000 5.625 
622.000 5.634 
623.000 5.639 
624.000 5.641 
625.000 5.641 
626.000 5.639 
627.000 5.636 
628.000 5.632 
629.000 5.628 
630.000 5.624 
631.000 5.620 
632.000 5.616 
633.000 5.613 
634.000 5.609 
635.000 5.607 
636.000 5.604 
637.000 5.602 
638.000 5.600 
639.000 5.599 
640.000 5.598 
641.000 5.597 
642.000 5.596 
643.000 5.595 
644.000 5.595 
645.000 5.594 
646.000 5.594 
647.000 5.594 
648.000 5.594 
649.000 5.594 
650.000 5.594 
651.000 5.594 
652.000 5.594 
653.000 5.594 
654.000 5.594 
655.000 5.594 
656.000 5.594 
657.000 5.594 
658.000 5.594 
659.000 5.594 
660.000 5.594 
661.000 5.594 
662.000 5.594 
663.000 5.594 
664.000 5.594 
665.000 5.594 
666.000 5.594 
667.000 5.594 
668.000 5.594 
669.000 5.594 
670.000 5.594 
671.000 5.594 
672.000 5.594 
673.000 5.594 
674.000 5.594 
675.000 5.594 
676.000 5.594 
677.000 5.594 
678.000 5.594 
679.000 5.594 
680.000 5.594 
681.000 5.594 
682.000 5.594 
683.000 5.594 
684.000 5.594 
685.000 5.594 
686.000 5.594 
687.000 5.594 
688.000 5.594 
689.000 5.594 
690.000 5.594 
691.000 5.594 
692.000 5.594 
693.000 5.594 
694.000 5.594 
695.000 5.594 
696.000 5.594 
697.000 5.594 
698.000 5.594 
699.000 5.594 
700.000 5.594 
701.000 5.594 
702.000 5.594 
703.000 5.594 
704.000 5.594 
705.000 5.594 
706.000 5.594 
707.000 5.594 
708.000 5.594 
709.000 5.594 
710.000 5.594 
711.000 5.594 
712.000 5.594 
713.000 5.594 
714.000 5.594 
715.000 5.594 
716.000 5.594 
717.000 5.594 
718.000 5.594 
719.000 5.594 
720.000 5.594 
721.000 5.594 
722.000 5.594 
723.000 5.594 
724.000 5.594 
725.000 5.594 
726.000 5.594 
727.000 5.594 
728.000 5.594 
729.000 5.594 
730.000 5.594 
731.000 5.594 
732.000 5.594 
733.000 5.594 
734.000 5.594 
735.000 5.594 
736.000 5.594 
737.000 5.594 
738.000 5.594 
739.000 5.594 
740.000 5.594 
741.000 5.594 
742.000 5.594 
743.000 5.594 
744.000 5.594 
745.000 5.594 
746.000 5.594 
747.000 5.594 
748.000 5.594 
749.000 5.594 
750.000 5.594 
751.000 5.594 
752.000 5.594 
753.000 5.594 
754.000 5.594 
755.000 5.594 
756.000 5.594 
757.000 5.594 
758.000 5.594 
759.000 5.594 
760.000 5.594 
761.000 5.594 
762.000 5.594 
763.000 5.594 
764.000 5.594 
765.000 5.594 
766.000 5.594 
767.000 5.594 
768.000 5.594 
769.000 5.594 
770.000 5.594 
771.000 5.594 
772.000 5.594 
773.000 5.594 
774.000 5.594 
775.000 5.594 
776.000 5.594 
777.000 5.594 
778.000 5.594 
779.000 5.594 
780.000 5.594 
781.000 5.594 
782.000 5.594 
783.000 5.594 
784.000 5.594 
785.000 5.594 
786.000 5.594 
787.000 5.594 
788.000 5.594 
789.000 5.594 
790.000 5.594 
791.000 5.594 
792.000 5.594 
793.000 5.594 
794.000 5.594 
795.000 5.594 
796.000 5.594 
797.000 5.594 
798.000 5.594 
799.000 5.594 
800.000 5.594 
