1.000 0.000 
2.000 0.000 
3.000 0.000 
4.000 0.000 
5.000 0.000 
6.000 0.000 
7.000 0.000 
8.000 0.000 
9.000 0.000 
10.000 0.000 
11.000 0.000 
12.000 -0.020 
13.000 -0.048 
14.000 -0.060 
15.000 -0.065 
16.000 -0.066 
17.000 -0.065 
18.000 -0.059 
19.000 -0.050 
20.000 -0.044 
21.000 -0.041 
22.000 -0.040 
23.000 -0.041 
24.000 -0.044 
25.000 -0.047 
26.000 -0.050 
27.000 -0.052 
28.000 -0.053 
29.000 -0.052 
30.000 -0.052 
31.000 -0.051 
32.000 -0.050 
33.000 -0.049 
34.000 -0.049 
35.000 -0.049 
36.000 -0.049 
37.000 -0.050 
38.000 -0.050 
39.000 -0.051 
40.000 -0.051 
41.000 -0.051 
42.000 -0.051 
43.000 -0.051 
44.000 -0.051 
45.000 -0.051 
46.000 -0.051 
47.000 -0.051 
48.000 -0.051 
49.000 -0.051 
50.000 -0.052 
51.000 -0.052 
52.000 -0.052 
53.000 -0.052 
54.000 -0.052 
55.000 -0.052 
56.000 -0.052 
57.000 -0.052 
58.000 -0.052 
59.000 -0.052 
60.000 -0.053 
61.000 -0.053 
62.000 -0.053 
63.000 -0.053 
64.000 -0.053 
65.000 -0.053 
66.000 -0.053 
67.000 -0.053 
68.000 -0.053 
69.000 -0.053 
70.000 -0.054 
71.000 -0.054 
72.000 -0.054 
73.000 -0.054 
74.000 -0.054 
75.000 -0.054 
76.000 -0.054 
77.000 -0.054 
78.000 -0.054 
79.000 -0.054 
80.000 -0.054 
81.000 -0.055 
82.000 -0.055 
83.000 -0.055 
84.000 -0.055 
85.000 -0.055 
86.000 -0.055 
87.000 -0.055 
88.000 -0.055 
89.000 -0.055 
90.000 -0.055 
91.000 -0.055 
92.000 -0.056 
93.000 -0.056 
94.000 -0.056 
95.000 -0.056 
96.000 -0.056 
97.000 -0.056 
98.000 -0.056 
99.000 -0.056 
100.000 -0.056 
101.000 -0.056 
102.000 -0.056 
103.000 -0.057 
104.000 -0.057 
105.000 -0.057 
106.000 -0.057 
107.000 -0.057 
108.000 -0.057 
109.000 -0.057 
110.000 -0.057 
111.000 -0.057 
112.000 -0.057 
113.000 -0.057 
114.000 -0.057 
115.000 -0.058 
116.000 -0.058 
117.000 -0.058 
118.000 -0.058 
119.000 -0.058 
120.000 -0.058 
121.000 -0.058 
122.000 -0.058 
123.000 -0.058 
124.000 -0.058 
125.000 -0.058 
126.000 -0.052 
127.000 -0.040 
128.000 -0.035 
129.000 -0.033 
130.000 -0.033 
131.000 -0.034 
132.000 -0.037 
133.000 -0.041 
134.000 -0.044 
135.000 -0.046 
136.000 -0.047 
137.000 -0.046 
138.000 -0.045 
139.000 -0.044 
140.000 -0.042 
141.000 -0.041 
142.000 -0.041 
143.000 -0.041 
144.000 -0.042 
145.000 -0.042 
146.000 -0.043 
147.000 -0.044 
148.000 -0.044 
149.000 -0.044 
150.000 -0.044 
151.000 -0.044 
152.000 -0.043 
153.000 -0.043 
154.000 -0.043 
155.000 -0.043 
156.000 -0.043 
157.000 -0.043 
158.000 -0.044 
159.000 -0.044 
160.000 -0.044 
161.000 -0.044 
162.000 -0.044 
163.000 -0.044 
164.000 -0.044 
165.000 -0.044 
166.000 -0.044 
167.000 -0.044 
168.000 -0.044 
169.000 -0.044 
170.000 -0.044 
171.000 -0.044 
172.000 -0.044 
173.000 -0.044 
174.000 -0.044 
175.000 -0.044 
176.000 -0.044 
177.000 -0.044 
178.000 -0.044 
179.000 -0.044 
180.000 -0.044 
181.000 -0.045 
182.000 -0.045 
183.000 -0.045 
184.000 -0.045 
185.000 -0.045 
186.000 -0.045 
187.000 -0.045 
188.000 -0.045 
189.000 -0.045 
190.000 -0.045 
191.000 -0.045 
192.000 -0.045 
193.000 -0.045 
194.000 -0.045 
195.000 -0.045 
196.000 -0.045 
197.000 -0.045 
198.000 -0.045 
199.000 -0.045 
200.000 -0.045 
201.000 -0.045 
202.000 -0.045 
203.000 -0.045 
204.000 -0.045 
205.000 -0.046 
206.000 -0.046 
207.000 -0.046 
208.000 -0.046 
209.000 -0.046 
210.000 -0.046 
211.000 -0.046 
212.000 -0.046 
213.000 -0.046 
214.000 -0.046 
215.000 -0.046 
216.000 -0.046 
217.000 -0.046 
218.000 -0.046 
219.000 -0.046 
220.000 -0.046 
221.000 -0.046 
222.000 -0.046 
223.000 -0.046 
224.000 -0.046 
225.000 -0.046 
226.000 -0.046 
227.000 -0.046 
228.000 -0.046 
229.000 -0.046 
230.000 -0.047 
231.000 -0.047 
232.000 -0.047 
233.000 -0.047 
234.000 -0.047 
235.000 -0.047 
236.000 -0.047 
237.000 -0.047 
238.000 -0.047 
239.000 -0.047 
240.000 -0.047 
241.000 -0.047 
242.000 -0.047 
243.000 -0.047 
244.000 -0.047 
245.000 -0.047 
246.000 0.034 
247.000 0.099 
248.000 0.142 
249.000 0.169 
250.000 0.186 
251.000 0.169 
252.000 0.129 
253.000 0.087 
254.000 0.053 
255.000 0.028 
256.000 0.017 
257.000 0.025 
258.000 0.046 
259.000 0.073 
260.000 0.101 
261.000 0.123 
262.000 0.135 
263.000 0.134 
264.000 0.123 
265.000 0.106 
266.000 0.086 
267.000 0.070 
268.000 0.060 
269.000 0.058 
270.000 0.064 
271.000 0.076 
272.000 0.090 
273.000 0.103 
274.000 0.113 
275.000 0.117 
276.000 0.115 
277.000 0.108 
278.000 0.099 
279.000 0.090 
280.000 0.083 
281.000 0.079 
282.000 0.080 
283.000 0.084 
284.000 0.090 
285.000 0.098 
286.000 0.104 
287.000 0.108 
288.000 0.110 
289.000 0.108 
290.000 0.105 
291.000 0.100 
292.000 0.096 
293.000 0.093 
294.000 0.091 
295.000 0.092 
296.000 0.095 
297.000 0.099 
298.000 0.103 
299.000 0.106 
300.000 0.108 
301.000 0.109 
302.000 0.108 
303.000 0.106 
304.000 0.103 
305.000 0.101 
306.000 0.100 
307.000 0.100 
308.000 0.101 
309.000 0.103 
310.000 0.105 
311.000 0.107 
312.000 0.109 
313.000 0.110 
314.000 0.110 
315.000 0.110 
316.000 0.109 
317.000 0.107 
318.000 0.107 
319.000 0.106 
320.000 0.106 
321.000 0.107 
322.000 0.108 
323.000 0.110 
324.000 0.111 
325.000 0.112 
326.000 0.113 
327.000 0.113 
328.000 0.113 
329.000 0.112 
330.000 0.112 
331.000 0.112 
332.000 0.112 
333.000 0.112 
334.000 0.112 
335.000 0.113 
336.000 0.114 
337.000 0.115 
338.000 0.116 
339.000 0.116 
340.000 0.116 
341.000 0.116 
342.000 0.116 
343.000 0.116 
344.000 0.116 
345.000 0.116 
346.000 0.117 
347.000 0.117 
348.000 0.118 
349.000 0.119 
350.000 0.119 
351.000 0.120 
352.000 0.120 
353.000 0.120 
354.000 0.120 
355.000 0.120 
356.000 0.120 
357.000 0.121 
358.000 0.121 
359.000 0.121 
360.000 0.122 
361.000 0.122 
362.000 0.123 
363.000 0.123 
364.000 0.124 
365.000 0.124 
366.000 0.217 
367.000 0.273 
368.000 0.373 
369.000 0.399 
370.000 0.473 
371.000 0.470 
372.000 0.488 
373.000 0.463 
374.000 0.455 
375.000 0.426 
376.000 0.415 
377.000 0.400 
378.000 0.405 
379.000 0.407 
380.000 0.425 
381.000 0.438 
382.000 0.458 
383.000 0.468 
384.000 0.480 
385.000 0.481 
386.000 0.481 
387.000 0.474 
388.000 0.468 
389.000 0.459 
390.000 0.454 
391.000 0.451 
392.000 0.452 
393.000 0.455 
394.000 0.462 
395.000 0.469 
396.000 0.477 
397.000 0.482 
398.000 0.487 
399.000 0.488 
400.000 0.488 
401.000 0.486 
402.000 0.484 
403.000 0.482 
404.000 0.480 
405.000 0.480 
406.000 0.481 
407.000 0.484 
408.000 0.487 
409.000 0.491 
410.000 0.495 
411.000 0.498 
412.000 0.501 
413.000 0.502 
414.000 0.503 
415.000 0.503 
416.000 0.503 
417.000 0.502 
418.000 0.503 
419.000 0.503 
420.000 0.505 
421.000 0.507 
422.000 0.509 
423.000 0.511 
424.000 0.514 
425.000 0.516 
426.000 0.518 
427.000 0.519 
428.000 0.520 
429.000 0.521 
430.000 0.522 
431.000 0.522 
432.000 0.523 
433.000 0.524 
434.000 0.526 
435.000 0.527 
436.000 0.529 
437.000 0.531 
438.000 0.532 
439.000 0.534 
440.000 0.536 
441.000 0.537 
442.000 0.538 
443.000 0.539 
444.000 0.540 
445.000 0.541 
446.000 0.542 
447.000 0.544 
448.000 0.545 
449.000 0.546 
450.000 0.548 
451.000 0.549 
452.000 0.551 
453.000 0.552 
454.000 0.554 
455.000 0.555 
456.000 0.556 
457.000 0.557 
458.000 0.559 
459.000 0.560 
460.000 0.561 
461.000 0.562 
462.000 0.563 
463.000 0.565 
464.000 0.566 
465.000 0.568 
466.000 0.569 
467.000 0.570 
468.000 0.572 
469.000 0.573 
470.000 0.574 
471.000 0.575 
472.000 0.576 
473.000 0.578 
474.000 0.579 
475.000 0.580 
476.000 0.581 
477.000 0.583 
478.000 0.584 
479.000 0.585 
480.000 0.586 
481.000 0.588 
482.000 0.589 
483.000 0.590 
484.000 0.591 
485.000 0.593 
486.000 0.656 
487.000 0.695 
488.000 0.782 
489.000 0.832 
490.000 0.918 
491.000 0.959 
492.000 1.031 
493.000 1.057 
494.000 1.113 
495.000 1.126 
496.000 1.170 
497.000 1.175 
498.000 1.210 
499.000 1.212 
500.000 1.242 
501.000 1.242 
502.000 1.270 
503.000 1.271 
504.000 1.297 
505.000 1.300 
506.000 1.326 
507.000 1.331 
508.000 1.357 
509.000 1.364 
510.000 1.390 
511.000 1.400 
512.000 1.426 
513.000 1.438 
514.000 1.464 
515.000 1.479 
516.000 1.504 
517.000 1.521 
518.000 1.545 
519.000 1.563 
520.000 1.586 
521.000 1.605 
522.000 1.627 
523.000 1.646 
524.000 1.667 
525.000 1.686 
526.000 1.707 
527.000 1.726 
528.000 1.746 
529.000 1.765 
530.000 1.785 
531.000 1.805 
532.000 1.824 
533.000 1.844 
534.000 1.864 
535.000 1.884 
536.000 1.904 
537.000 1.924 
538.000 1.945 
539.000 1.967 
540.000 1.990 
541.000 2.016 
542.000 2.042 
543.000 2.070 
544.000 2.099 
545.000 2.129 
546.000 2.160 
547.000 2.191 
548.000 2.222 
549.000 2.254 
550.000 2.285 
551.000 2.316 
552.000 2.347 
553.000 2.377 
554.000 2.407 
555.000 2.436 
556.000 2.464 
557.000 2.492 
558.000 2.519 
559.000 2.546 
560.000 2.572 
561.000 2.597 
562.000 2.622 
563.000 2.646 
564.000 2.670 
565.000 2.693 
566.000 2.716 
567.000 2.738 
568.000 2.759 
569.000 2.781 
570.000 2.801 
571.000 2.822 
572.000 2.842 
573.000 2.861 
574.000 2.880 
575.000 2.898 
576.000 2.917 
577.000 2.934 
578.000 2.952 
579.000 2.968 
580.000 2.985 
581.000 3.001 
582.000 3.017 
583.000 3.032 
584.000 3.047 
585.000 3.062 
586.000 3.076 
587.000 3.090 
588.000 3.103 
589.000 3.117 
590.000 3.129 
591.000 3.142 
592.000 3.154 
593.000 3.166 
594.000 3.178 
595.000 3.189 
596.000 3.200 
597.000 3.211 
598.000 3.221 
599.000 3.231 
600.000 3.241 
601.000 3.250 
602.000 3.260 
603.000 3.269 
604.000 3.278 
605.000 3.286 
606.000 3.322 
607.000 3.376 
608.000 3.440 
609.000 3.510 
610.000 3.585 
611.000 3.662 
612.000 3.740 
613.000 3.818 
614.000 3.893 
615.000 3.966 
616.000 4.036 
617.000 4.102 
618.000 4.165 
619.000 4.224 
620.000 4.280 
621.000 4.333 
622.000 4.382 
623.000 4.428 
624.000 4.472 
625.000 4.513 
626.000 4.552 
627.000 4.589 
628.000 4.624 
629.000 4.658 
630.000 4.690 
631.000 4.721 
632.000 4.751 
633.000 4.779 
634.000 4.807 
635.000 4.834 
636.000 4.860 
637.000 4.886 
638.000 4.910 
639.000 4.934 
640.000 4.958 
641.000 4.980 
642.000 5.002 
643.000 5.023 
644.000 5.044 
645.000 5.064 
646.000 5.084 
647.000 5.102 
648.000 5.121 
649.000 5.138 
650.000 5.155 
651.000 5.172 
652.000 5.188 
653.000 5.203 
654.000 5.218 
655.000 5.232 
656.000 5.246 
657.000 5.259 
658.000 5.272 
659.000 5.284 
660.000 5.296 
661.000 5.307 
662.000 5.318 
663.000 5.329 
664.000 5.339 
665.000 5.349 
666.000 5.358 
667.000 5.367 
668.000 5.376 
669.000 5.384 
670.000 5.392 
671.000 5.400 
672.000 5.408 
673.000 5.415 
674.000 5.422 
675.000 5.428 
676.000 5.435 
677.000 5.441 
678.000 5.447 
679.000 5.452 
680.000 5.458 
681.000 5.463 
682.000 5.468 
683.000 5.473 
684.000 5.478 
685.000 5.482 
686.000 5.487 
687.000 5.491 
688.000 5.495 
689.000 5.499 
690.000 5.502 
691.000 5.506 
692.000 5.509 
693.000 5.513 
694.000 5.516 
695.000 5.519 
696.000 5.522 
697.000 5.525 
698.000 5.527 
699.000 5.530 
700.000 5.532 
701.000 5.535 
702.000 5.537 
703.000 5.539 
704.000 5.542 
705.000 5.544 
706.000 5.546 
707.000 5.547 
708.000 5.549 
709.000 5.551 
710.000 5.553 
711.000 5.554 
712.000 5.556 
713.000 5.557 
714.000 5.559 
715.000 5.560 
716.000 5.562 
717.000 5.563 
718.000 5.564 
719.000 5.565 
720.000 5.566 
721.000 5.567 
722.000 5.568 
723.000 5.569 
724.000 5.570 
725.000 5.571 
726.000 5.572 
727.000 5.573 
728.000 5.574 
729.000 5.575 
730.000 5.575 
731.000 5.576 
732.000 5.577 
733.000 5.578 
734.000 5.578 
735.000 5.579 
736.000 5.579 
737.000 5.580 
738.000 5.581 
739.000 5.581 
740.000 5.582 
741.000 5.582 
742.000 5.583 
743.000 5.583 
744.000 5.583 
745.000 5.584 
746.000 5.584 
747.000 5.585 
748.000 5.585 
749.000 5.585 
750.000 5.586 
751.000 5.586 
752.000 5.586 
753.000 5.587 
754.000 5.587 
755.000 5.587 
756.000 5.587 
757.000 5.588 
758.000 5.588 
759.000 5.588 
760.000 5.588 
761.000 5.589 
762.000 5.589 
763.000 5.589 
764.000 5.589 
765.000 5.589 
766.000 5.590 
767.000 5.590 
768.000 5.590 
769.000 5.590 
770.000 5.590 
771.000 5.590 
772.000 5.591 
773.000 5.591 
774.000 5.591 
775.000 5.591 
776.000 5.591 
777.000 5.591 
778.000 5.591 
779.000 5.591 
780.000 5.592 
781.000 5.592 
782.000 5.592 
783.000 5.592 
784.000 5.592 
785.000 5.592 
786.000 5.592 
787.000 5.592 
788.000 5.592 
789.000 5.592 
790.000 5.592 
791.000 5.592 
792.000 5.592 
793.000 5.593 
794.000 5.593 
795.000 5.593 
796.000 5.593 
797.000 5.593 
798.000 5.593 
799.000 5.593 
800.000 5.593 
