1.000 0.000 
2.000 0.000 
3.000 0.000 
4.000 0.000 
5.000 0.000 
6.000 0.000 
7.000 0.000 
8.000 0.000 
9.000 0.000 
10.000 0.000 
11.000 0.000 
12.000 -0.038 
13.000 -0.081 
14.000 -0.100 
15.000 -0.110 
16.000 -0.115 
17.000 -0.119 
18.000 -0.112 
19.000 -0.096 
20.000 -0.080 
21.000 -0.067 
22.000 -0.058 
23.000 -0.053 
24.000 -0.057 
25.000 -0.066 
26.000 -0.076 
27.000 -0.085 
28.000 -0.092 
29.000 -0.096 
30.000 -0.098 
31.000 -0.096 
32.000 -0.092 
33.000 -0.087 
34.000 -0.083 
35.000 -0.079 
36.000 -0.077 
37.000 -0.076 
38.000 -0.078 
39.000 -0.081 
40.000 -0.084 
41.000 -0.087 
42.000 -0.089 
43.000 -0.090 
44.000 -0.090 
45.000 -0.089 
46.000 -0.088 
47.000 -0.086 
48.000 -0.085 
49.000 -0.084 
50.000 -0.084 
51.000 -0.084 
52.000 -0.085 
53.000 -0.086 
54.000 -0.087 
55.000 -0.087 
56.000 -0.088 
57.000 -0.088 
58.000 -0.088 
59.000 -0.088 
60.000 -0.088 
61.000 -0.087 
62.000 -0.087 
63.000 -0.087 
64.000 -0.087 
65.000 -0.087 
66.000 -0.088 
67.000 -0.088 
68.000 -0.088 
69.000 -0.088 
70.000 -0.089 
71.000 -0.089 
72.000 -0.089 
73.000 -0.089 
74.000 -0.089 
75.000 -0.089 
76.000 -0.089 
77.000 -0.089 
78.000 -0.089 
79.000 -0.089 
80.000 -0.089 
81.000 -0.089 
82.000 -0.090 
83.000 -0.090 
84.000 -0.090 
85.000 -0.090 
86.000 -0.090 
87.000 -0.090 
88.000 -0.090 
89.000 -0.090 
90.000 -0.090 
91.000 -0.090 
92.000 -0.091 
93.000 -0.091 
94.000 -0.091 
95.000 -0.091 
96.000 -0.091 
97.000 -0.091 
98.000 -0.091 
99.000 -0.091 
100.000 -0.091 
101.000 -0.091 
102.000 -0.092 
103.000 -0.092 
104.000 -0.092 
105.000 -0.092 
106.000 -0.092 
107.000 -0.092 
108.000 -0.092 
109.000 -0.092 
110.000 -0.092 
111.000 -0.092 
112.000 -0.092 
113.000 -0.093 
114.000 -0.093 
115.000 -0.093 
116.000 -0.093 
117.000 -0.093 
118.000 -0.093 
119.000 -0.093 
120.000 -0.093 
121.000 -0.093 
122.000 -0.093 
123.000 -0.093 
124.000 -0.093 
125.000 -0.094 
126.000 -0.088 
127.000 -0.065 
128.000 -0.051 
129.000 -0.043 
130.000 -0.038 
131.000 -0.038 
132.000 -0.045 
133.000 -0.058 
134.000 -0.070 
135.000 -0.079 
136.000 -0.085 
137.000 -0.088 
138.000 -0.086 
139.000 -0.081 
140.000 -0.073 
141.000 -0.064 
142.000 -0.056 
143.000 -0.052 
144.000 -0.051 
145.000 -0.054 
146.000 -0.060 
147.000 -0.066 
148.000 -0.073 
149.000 -0.078 
150.000 -0.080 
151.000 -0.081 
152.000 -0.078 
153.000 -0.074 
154.000 -0.069 
155.000 -0.064 
156.000 -0.060 
157.000 -0.059 
158.000 -0.059 
159.000 -0.062 
160.000 -0.066 
161.000 -0.070 
162.000 -0.073 
163.000 -0.076 
164.000 -0.076 
165.000 -0.076 
166.000 -0.074 
167.000 -0.071 
168.000 -0.068 
169.000 -0.065 
170.000 -0.064 
171.000 -0.063 
172.000 -0.065 
173.000 -0.067 
174.000 -0.069 
175.000 -0.071 
176.000 -0.073 
177.000 -0.074 
178.000 -0.074 
179.000 -0.073 
180.000 -0.071 
181.000 -0.069 
182.000 -0.068 
183.000 -0.067 
184.000 -0.066 
185.000 -0.067 
186.000 -0.068 
187.000 -0.069 
188.000 -0.070 
189.000 -0.071 
190.000 -0.072 
191.000 -0.072 
192.000 -0.072 
193.000 -0.071 
194.000 -0.070 
195.000 -0.069 
196.000 -0.069 
197.000 -0.068 
198.000 -0.068 
199.000 -0.069 
200.000 -0.069 
201.000 -0.070 
202.000 -0.071 
203.000 -0.071 
204.000 -0.072 
205.000 -0.072 
206.000 -0.071 
207.000 -0.071 
208.000 -0.070 
209.000 -0.070 
210.000 -0.069 
211.000 -0.069 
212.000 -0.069 
213.000 -0.070 
214.000 -0.070 
215.000 -0.071 
216.000 -0.071 
217.000 -0.071 
218.000 -0.071 
219.000 -0.071 
220.000 -0.071 
221.000 -0.071 
222.000 -0.070 
223.000 -0.070 
224.000 -0.070 
225.000 -0.070 
226.000 -0.070 
227.000 -0.070 
228.000 -0.071 
229.000 -0.071 
230.000 -0.071 
231.000 -0.071 
232.000 -0.071 
233.000 -0.071 
234.000 -0.071 
235.000 -0.071 
236.000 -0.071 
237.000 -0.071 
238.000 -0.071 
239.000 -0.071 
240.000 -0.071 
241.000 -0.071 
242.000 -0.071 
243.000 -0.071 
244.000 -0.071 
245.000 -0.071 
246.000 0.026 
247.000 0.139 
248.000 0.309 
249.000 0.400 
250.000 0.545 
251.000 0.533 
252.000 0.421 
253.000 0.235 
254.000 0.085 
255.000 -0.017 
256.000 -0.082 
257.000 -0.125 
258.000 -0.120 
259.000 -0.037 
260.000 0.109 
261.000 0.225 
262.000 0.393 
263.000 0.473 
264.000 0.558 
265.000 0.485 
266.000 0.314 
267.000 0.144 
268.000 0.017 
269.000 -0.063 
270.000 -0.108 
271.000 -0.145 
272.000 -0.083 
273.000 0.027 
274.000 0.192 
275.000 0.308 
276.000 0.473 
277.000 0.516 
278.000 0.533 
279.000 0.403 
280.000 0.226 
281.000 0.079 
282.000 -0.024 
283.000 -0.088 
284.000 -0.141 
285.000 -0.125 
286.000 -0.036 
287.000 0.119 
288.000 0.244 
289.000 0.417 
290.000 0.498 
291.000 0.584 
292.000 0.505 
293.000 0.323 
294.000 0.146 
295.000 0.017 
296.000 -0.063 
297.000 -0.108 
298.000 -0.145 
299.000 -0.080 
300.000 0.034 
301.000 0.199 
302.000 0.316 
303.000 0.481 
304.000 0.525 
305.000 0.541 
306.000 0.411 
307.000 0.231 
308.000 0.082 
309.000 -0.022 
310.000 -0.087 
311.000 -0.140 
312.000 -0.122 
313.000 -0.032 
314.000 0.125 
315.000 0.256 
316.000 0.431 
317.000 0.514 
318.000 0.602 
319.000 0.522 
320.000 0.333 
321.000 0.152 
322.000 0.021 
323.000 -0.061 
324.000 -0.107 
325.000 -0.145 
326.000 -0.080 
327.000 0.036 
328.000 0.202 
329.000 0.322 
330.000 0.488 
331.000 0.535 
332.000 0.556 
333.000 0.428 
334.000 0.244 
335.000 0.091 
336.000 -0.017 
337.000 -0.084 
338.000 -0.138 
339.000 -0.122 
340.000 -0.032 
341.000 0.125 
342.000 0.258 
343.000 0.435 
344.000 0.521 
345.000 0.616 
346.000 0.539 
347.000 0.348 
348.000 0.162 
349.000 0.027 
350.000 -0.057 
351.000 -0.104 
352.000 -0.147 
353.000 -0.083 
354.000 0.031 
355.000 0.200 
356.000 0.327 
357.000 0.496 
358.000 0.548 
359.000 0.580 
360.000 0.458 
361.000 0.266 
362.000 0.104 
363.000 -0.009 
364.000 -0.079 
365.000 -0.129 
366.000 -0.075 
367.000 0.099 
368.000 0.311 
369.000 0.520 
370.000 0.729 
371.000 0.874 
372.000 0.991 
373.000 0.991 
374.000 0.990 
375.000 0.808 
376.000 0.541 
377.000 0.302 
378.000 0.127 
379.000 0.027 
380.000 0.043 
381.000 0.174 
382.000 0.358 
383.000 0.560 
384.000 0.761 
385.000 0.911 
386.000 1.023 
387.000 1.048 
388.000 1.036 
389.000 0.856 
390.000 0.571 
391.000 0.318 
392.000 0.140 
393.000 0.030 
394.000 0.026 
395.000 0.143 
396.000 0.324 
397.000 0.529 
398.000 0.739 
399.000 0.908 
400.000 1.032 
401.000 1.083 
402.000 1.096 
403.000 0.941 
404.000 0.652 
405.000 0.376 
406.000 0.178 
407.000 0.054 
408.000 -0.005 
409.000 0.057 
410.000 0.208 
411.000 0.409 
412.000 0.626 
413.000 0.829 
414.000 0.987 
415.000 1.089 
416.000 1.129 
417.000 1.080 
418.000 0.872 
419.000 0.561 
420.000 0.304 
421.000 0.131 
422.000 0.012 
423.000 0.030 
424.000 0.185 
425.000 0.394 
426.000 0.624 
427.000 0.853 
428.000 1.030 
429.000 1.148 
430.000 1.189 
431.000 1.148 
432.000 0.911 
433.000 0.568 
434.000 0.298 
435.000 0.121 
436.000 0.007 
437.000 0.011 
438.000 0.165 
439.000 0.380 
440.000 0.620 
441.000 0.858 
442.000 1.054 
443.000 1.175 
444.000 1.234 
445.000 1.188 
446.000 0.948 
447.000 0.588 
448.000 0.308 
449.000 0.124 
450.000 0.006 
451.000 0.001 
452.000 0.155 
453.000 0.375 
454.000 0.625 
455.000 0.878 
456.000 1.090 
457.000 1.219 
458.000 1.285 
459.000 1.236 
460.000 0.973 
461.000 0.594 
462.000 0.306 
463.000 0.118 
464.000 0.000 
465.000 -0.011 
466.000 0.143 
467.000 0.371 
468.000 0.636 
469.000 0.904 
470.000 1.135 
471.000 1.270 
472.000 1.344 
473.000 1.278 
474.000 0.978 
475.000 0.583 
476.000 0.291 
477.000 0.104 
478.000 -0.013 
479.000 -0.027 
480.000 0.132 
481.000 0.372 
482.000 0.651 
483.000 0.935 
484.000 1.185 
485.000 1.325 
486.000 1.523 
487.000 1.814 
488.000 2.154 
489.000 2.502 
490.000 2.853 
491.000 3.169 
492.000 3.374 
493.000 3.403 
494.000 3.269 
495.000 3.014 
496.000 2.697 
497.000 2.377 
498.000 2.108 
499.000 1.925 
500.000 1.853 
501.000 1.913 
502.000 2.088 
503.000 2.343 
504.000 2.643 
505.000 2.966 
506.000 3.276 
507.000 3.510 
508.000 3.603 
509.000 3.504 
510.000 3.281 
511.000 2.948 
512.000 2.589 
513.000 2.265 
514.000 2.030 
515.000 1.906 
516.000 1.920 
517.000 2.062 
518.000 2.294 
519.000 2.580 
520.000 2.895 
521.000 3.218 
522.000 3.504 
523.000 3.687 
524.000 3.710 
525.000 3.548 
526.000 3.279 
527.000 2.915 
528.000 2.522 
529.000 2.215 
530.000 2.010 
531.000 1.934 
532.000 2.001 
533.000 2.181 
534.000 2.436 
535.000 2.733 
536.000 3.050 
537.000 3.368 
538.000 3.642 
539.000 3.806 
540.000 3.810 
541.000 3.633 
542.000 3.351 
543.000 2.957 
544.000 2.531 
545.000 2.204 
546.000 2.000 
547.000 1.939 
548.000 2.020 
549.000 2.210 
550.000 2.470 
551.000 2.771 
552.000 3.088 
553.000 3.405 
554.000 3.689 
555.000 3.879 
556.000 3.922 
557.000 3.784 
558.000 3.522 
559.000 3.141 
560.000 2.685 
561.000 2.295 
562.000 2.037 
563.000 1.933 
564.000 1.982 
565.000 2.150 
566.000 2.397 
567.000 2.691 
568.000 3.007 
569.000 3.326 
570.000 3.636 
571.000 3.888 
572.000 4.021 
573.000 3.994 
574.000 3.791 
575.000 3.486 
576.000 3.042 
577.000 2.540 
578.000 2.161 
579.000 1.943 
580.000 1.897 
581.000 2.000 
582.000 2.205 
583.000 2.477 
584.000 2.785 
585.000 3.107 
586.000 3.428 
587.000 3.735 
588.000 3.982 
589.000 4.112 
590.000 4.085 
591.000 3.881 
592.000 3.560 
593.000 3.095 
594.000 2.549 
595.000 2.125 
596.000 1.877 
597.000 1.819 
598.000 1.918 
599.000 2.125 
600.000 2.400 
601.000 2.713 
602.000 3.041 
603.000 3.369 
604.000 3.683 
605.000 3.962 
606.000 4.214 
607.000 4.445 
608.000 4.650 
609.000 4.831 
610.000 4.987 
611.000 5.120 
612.000 5.232 
613.000 5.325 
614.000 5.390 
615.000 5.419 
616.000 5.410 
617.000 5.366 
618.000 5.292 
619.000 5.200 
620.000 5.108 
621.000 5.034 
622.000 4.994 
623.000 4.988 
624.000 5.005 
625.000 5.040 
626.000 5.085 
627.000 5.136 
628.000 5.188 
629.000 5.241 
630.000 5.291 
631.000 5.338 
632.000 5.381 
633.000 5.418 
634.000 5.444 
635.000 5.455 
636.000 5.449 
637.000 5.428 
638.000 5.392 
639.000 5.347 
640.000 5.302 
641.000 5.265 
642.000 5.244 
643.000 5.241 
644.000 5.252 
645.000 5.273 
646.000 5.299 
647.000 5.329 
648.000 5.360 
649.000 5.390 
650.000 5.419 
651.000 5.447 
652.000 5.469 
653.000 5.484 
654.000 5.488 
655.000 5.480 
656.000 5.462 
657.000 5.435 
658.000 5.403 
659.000 5.373 
660.000 5.350 
661.000 5.340 
662.000 5.341 
663.000 5.352 
664.000 5.368 
665.000 5.388 
666.000 5.410 
667.000 5.432 
668.000 5.454 
669.000 5.475 
670.000 5.493 
671.000 5.507 
672.000 5.513 
673.000 5.511 
674.000 5.501 
675.000 5.483 
676.000 5.460 
677.000 5.437 
678.000 5.416 
679.000 5.404 
680.000 5.401 
681.000 5.407 
682.000 5.417 
683.000 5.431 
684.000 5.447 
685.000 5.464 
686.000 5.481 
687.000 5.497 
688.000 5.512 
689.000 5.524 
690.000 5.531 
691.000 5.533 
692.000 5.527 
693.000 5.516 
694.000 5.500 
695.000 5.483 
696.000 5.466 
697.000 5.453 
698.000 5.449 
699.000 5.450 
700.000 5.457 
701.000 5.467 
702.000 5.479 
703.000 5.491 
704.000 5.504 
705.000 5.516 
706.000 5.528 
707.000 5.538 
708.000 5.545 
709.000 5.547 
710.000 5.545 
711.000 5.538 
712.000 5.527 
713.000 5.514 
714.000 5.501 
715.000 5.490 
716.000 5.484 
717.000 5.484 
718.000 5.488 
719.000 5.494 
720.000 5.503 
721.000 5.512 
722.000 5.522 
723.000 5.531 
724.000 5.540 
725.000 5.549 
726.000 5.555 
727.000 5.559 
728.000 5.559 
729.000 5.555 
730.000 5.548 
731.000 5.538 
732.000 5.527 
733.000 5.518 
734.000 5.512 
735.000 5.510 
736.000 5.511 
737.000 5.516 
738.000 5.522 
739.000 5.529 
740.000 5.536 
741.000 5.543 
742.000 5.550 
743.000 5.557 
744.000 5.563 
745.000 5.566 
746.000 5.567 
747.000 5.566 
748.000 5.561 
749.000 5.555 
750.000 5.547 
751.000 5.539 
752.000 5.533 
753.000 5.531 
754.000 5.531 
755.000 5.533 
756.000 5.537 
757.000 5.542 
758.000 5.548 
759.000 5.553 
760.000 5.559 
761.000 5.564 
762.000 5.569 
763.000 5.572 
764.000 5.574 
765.000 5.573 
766.000 5.571 
767.000 5.566 
768.000 5.561 
769.000 5.555 
770.000 5.550 
771.000 5.546 
772.000 5.546 
773.000 5.547 
774.000 5.549 
775.000 5.553 
776.000 5.557 
777.000 5.561 
778.000 5.566 
779.000 5.570 
780.000 5.573 
781.000 5.576 
782.000 5.578 
783.000 5.579 
784.000 5.577 
785.000 5.575 
786.000 5.571 
787.000 5.566 
788.000 5.562 
789.000 5.559 
790.000 5.557 
791.000 5.558 
792.000 5.559 
793.000 5.562 
794.000 5.565 
795.000 5.568 
796.000 5.571 
797.000 5.574 
798.000 5.577 
799.000 5.580 
800.000 5.582 
