1.000 0.000 
2.000 0.000 
3.000 0.000 
4.000 0.000 
5.000 0.000 
6.000 0.000 
7.000 0.000 
8.000 0.000 
9.000 0.000 
10.000 0.000 
11.000 0.000 
12.000 -0.036 
13.000 -0.077 
14.000 -0.097 
15.000 -0.108 
16.000 -0.114 
17.000 -0.118 
18.000 -0.114 
19.000 -0.100 
20.000 -0.085 
21.000 -0.072 
22.000 -0.062 
23.000 -0.056 
24.000 -0.057 
25.000 -0.064 
26.000 -0.073 
27.000 -0.081 
28.000 -0.089 
29.000 -0.094 
30.000 -0.097 
31.000 -0.097 
32.000 -0.094 
33.000 -0.090 
34.000 -0.086 
35.000 -0.082 
36.000 -0.079 
37.000 -0.078 
38.000 -0.078 
39.000 -0.080 
40.000 -0.082 
41.000 -0.085 
42.000 -0.087 
43.000 -0.089 
44.000 -0.090 
45.000 -0.090 
46.000 -0.089 
47.000 -0.088 
48.000 -0.087 
49.000 -0.086 
50.000 -0.085 
51.000 -0.085 
52.000 -0.085 
53.000 -0.085 
54.000 -0.086 
55.000 -0.087 
56.000 -0.088 
57.000 -0.088 
58.000 -0.088 
59.000 -0.089 
60.000 -0.088 
61.000 -0.088 
62.000 -0.088 
63.000 -0.088 
64.000 -0.088 
65.000 -0.088 
66.000 -0.088 
67.000 -0.088 
68.000 -0.088 
69.000 -0.089 
70.000 -0.089 
71.000 -0.089 
72.000 -0.089 
73.000 -0.089 
74.000 -0.089 
75.000 -0.089 
76.000 -0.089 
77.000 -0.089 
78.000 -0.089 
79.000 -0.090 
80.000 -0.090 
81.000 -0.090 
82.000 -0.090 
83.000 -0.090 
84.000 -0.090 
85.000 -0.090 
86.000 -0.090 
87.000 -0.090 
88.000 -0.091 
89.000 -0.091 
90.000 -0.091 
91.000 -0.091 
92.000 -0.091 
93.000 -0.091 
94.000 -0.091 
95.000 -0.091 
96.000 -0.091 
97.000 -0.091 
98.000 -0.091 
99.000 -0.092 
100.000 -0.092 
101.000 -0.092 
102.000 -0.092 
103.000 -0.092 
104.000 -0.092 
105.000 -0.092 
106.000 -0.092 
107.000 -0.092 
108.000 -0.092 
109.000 -0.092 
110.000 -0.093 
111.000 -0.093 
112.000 -0.093 
113.000 -0.093 
114.000 -0.093 
115.000 -0.093 
116.000 -0.093 
117.000 -0.093 
118.000 -0.093 
119.000 -0.093 
120.000 -0.093 
121.000 -0.094 
122.000 -0.094 
123.000 -0.094 
124.000 -0.094 
125.000 -0.094 
126.000 -0.089 
127.000 -0.069 
128.000 -0.054 
129.000 -0.045 
130.000 -0.040 
131.000 -0.038 
132.000 -0.044 
133.000 -0.055 
134.000 -0.067 
135.000 -0.076 
136.000 -0.083 
137.000 -0.087 
138.000 -0.087 
139.000 -0.083 
140.000 -0.076 
141.000 -0.068 
142.000 -0.061 
143.000 -0.055 
144.000 -0.052 
145.000 -0.053 
146.000 -0.057 
147.000 -0.063 
148.000 -0.069 
149.000 -0.075 
150.000 -0.079 
151.000 -0.080 
152.000 -0.079 
153.000 -0.077 
154.000 -0.072 
155.000 -0.068 
156.000 -0.064 
157.000 -0.061 
158.000 -0.060 
159.000 -0.061 
160.000 -0.063 
161.000 -0.067 
162.000 -0.070 
163.000 -0.073 
164.000 -0.075 
165.000 -0.076 
166.000 -0.075 
167.000 -0.073 
168.000 -0.071 
169.000 -0.068 
170.000 -0.066 
171.000 -0.064 
172.000 -0.064 
173.000 -0.065 
174.000 -0.067 
175.000 -0.069 
176.000 -0.071 
177.000 -0.072 
178.000 -0.073 
179.000 -0.073 
180.000 -0.073 
181.000 -0.072 
182.000 -0.070 
183.000 -0.069 
184.000 -0.068 
185.000 -0.067 
186.000 -0.067 
187.000 -0.068 
188.000 -0.069 
189.000 -0.070 
190.000 -0.071 
191.000 -0.072 
192.000 -0.072 
193.000 -0.072 
194.000 -0.072 
195.000 -0.071 
196.000 -0.070 
197.000 -0.069 
198.000 -0.069 
199.000 -0.069 
200.000 -0.069 
201.000 -0.069 
202.000 -0.070 
203.000 -0.070 
204.000 -0.071 
205.000 -0.071 
206.000 -0.072 
207.000 -0.071 
208.000 -0.071 
209.000 -0.071 
210.000 -0.070 
211.000 -0.070 
212.000 -0.070 
213.000 -0.070 
214.000 -0.070 
215.000 -0.070 
216.000 -0.070 
217.000 -0.071 
218.000 -0.071 
219.000 -0.071 
220.000 -0.071 
221.000 -0.071 
222.000 -0.071 
223.000 -0.071 
224.000 -0.071 
225.000 -0.070 
226.000 -0.070 
227.000 -0.070 
228.000 -0.070 
229.000 -0.071 
230.000 -0.071 
231.000 -0.071 
232.000 -0.071 
233.000 -0.071 
234.000 -0.071 
235.000 -0.071 
236.000 -0.071 
237.000 -0.071 
238.000 -0.071 
239.000 -0.071 
240.000 -0.071 
241.000 -0.071 
242.000 -0.071 
243.000 -0.071 
244.000 -0.071 
245.000 -0.071 
246.000 0.026 
247.000 0.137 
248.000 0.308 
249.000 0.399 
250.000 0.546 
251.000 0.529 
252.000 0.432 
253.000 0.253 
254.000 0.101 
255.000 -0.005 
256.000 -0.075 
257.000 -0.115 
258.000 -0.133 
259.000 -0.060 
260.000 0.065 
261.000 0.220 
262.000 0.365 
263.000 0.514 
264.000 0.567 
265.000 0.546 
266.000 0.386 
267.000 0.200 
268.000 0.057 
269.000 -0.039 
270.000 -0.096 
271.000 -0.147 
272.000 -0.127 
273.000 -0.034 
274.000 0.121 
275.000 0.243 
276.000 0.415 
277.000 0.489 
278.000 0.577 
279.000 0.490 
280.000 0.315 
281.000 0.144 
282.000 0.018 
283.000 -0.062 
284.000 -0.107 
285.000 -0.146 
286.000 -0.089 
287.000 0.018 
288.000 0.184 
289.000 0.305 
290.000 0.474 
291.000 0.519 
292.000 0.559 
293.000 0.446 
294.000 0.263 
295.000 0.104 
296.000 -0.009 
297.000 -0.079 
298.000 -0.121 
299.000 -0.134 
300.000 -0.054 
301.000 0.077 
302.000 0.236 
303.000 0.386 
304.000 0.535 
305.000 0.596 
306.000 0.573 
307.000 0.403 
308.000 0.210 
309.000 0.062 
310.000 -0.035 
311.000 -0.095 
312.000 -0.150 
313.000 -0.127 
314.000 -0.032 
315.000 0.127 
316.000 0.259 
317.000 0.436 
318.000 0.514 
319.000 0.608 
320.000 0.520 
321.000 0.335 
322.000 0.155 
323.000 0.023 
324.000 -0.060 
325.000 -0.106 
326.000 -0.148 
327.000 -0.090 
328.000 0.018 
329.000 0.186 
330.000 0.316 
331.000 0.488 
332.000 0.539 
333.000 0.589 
334.000 0.478 
335.000 0.286 
336.000 0.119 
337.000 -0.000 
338.000 -0.074 
339.000 -0.116 
340.000 -0.135 
341.000 -0.058 
342.000 0.072 
343.000 0.236 
344.000 0.381 
345.000 0.539 
346.000 0.577 
347.000 0.570 
348.000 0.419 
349.000 0.226 
350.000 0.074 
351.000 -0.028 
352.000 -0.090 
353.000 -0.141 
354.000 -0.122 
355.000 -0.027 
356.000 0.131 
357.000 0.264 
358.000 0.440 
359.000 0.525 
360.000 0.624 
361.000 0.540 
362.000 0.354 
363.000 0.169 
364.000 0.032 
365.000 -0.054 
366.000 -0.102 
367.000 0.004 
368.000 0.181 
369.000 0.387 
370.000 0.602 
371.000 0.795 
372.000 0.932 
373.000 1.014 
374.000 1.038 
375.000 0.969 
376.000 0.763 
377.000 0.489 
378.000 0.264 
379.000 0.110 
380.000 0.004 
381.000 0.037 
382.000 0.188 
383.000 0.387 
384.000 0.597 
385.000 0.805 
386.000 0.948 
387.000 1.055 
388.000 1.051 
389.000 1.029 
390.000 0.824 
391.000 0.535 
392.000 0.291 
393.000 0.119 
394.000 0.017 
395.000 0.030 
396.000 0.172 
397.000 0.371 
398.000 0.591 
399.000 0.808 
400.000 0.976 
401.000 1.085 
402.000 1.124 
403.000 1.095 
404.000 0.896 
405.000 0.580 
406.000 0.316 
407.000 0.136 
408.000 0.022 
409.000 -0.005 
410.000 0.105 
411.000 0.290 
412.000 0.513 
413.000 0.742 
414.000 0.942 
415.000 1.076 
416.000 1.153 
417.000 1.156 
418.000 1.026 
419.000 0.726 
420.000 0.423 
421.000 0.205 
422.000 0.065 
423.000 -0.035 
424.000 0.007 
425.000 0.176 
426.000 0.402 
427.000 0.649 
428.000 0.892 
429.000 1.073 
430.000 1.191 
431.000 1.218 
432.000 1.170 
433.000 0.909 
434.000 0.556 
435.000 0.286 
436.000 0.110 
437.000 0.001 
438.000 -0.000 
439.000 0.162 
440.000 0.396 
441.000 0.661 
442.000 0.925 
443.000 1.142 
444.000 1.261 
445.000 1.315 
446.000 1.225 
447.000 0.903 
448.000 0.529 
449.000 0.257 
450.000 0.083 
451.000 -0.027 
452.000 -0.031 
453.000 0.139 
454.000 0.390 
455.000 0.677 
456.000 0.965 
457.000 1.208 
458.000 1.332 
459.000 1.395 
460.000 1.271 
461.000 0.891 
462.000 0.504 
463.000 0.234 
464.000 0.067 
465.000 -0.037 
466.000 -0.037 
467.000 0.141 
468.000 0.406 
469.000 0.708 
470.000 1.011 
471.000 1.269 
472.000 1.393 
473.000 1.456 
474.000 1.301 
475.000 0.874 
476.000 0.486 
477.000 0.222 
478.000 0.060 
479.000 -0.043 
480.000 -0.039 
481.000 0.145 
482.000 0.421 
483.000 0.734 
484.000 1.050 
485.000 1.320 
486.000 1.630 
487.000 1.997 
488.000 2.390 
489.000 2.765 
490.000 3.094 
491.000 3.328 
492.000 3.395 
493.000 3.268 
494.000 3.038 
495.000 2.713 
496.000 2.407 
497.000 2.130 
498.000 1.954 
499.000 1.902 
500.000 1.985 
501.000 2.177 
502.000 2.440 
503.000 2.743 
504.000 3.064 
505.000 3.366 
506.000 3.581 
507.000 3.642 
508.000 3.505 
509.000 3.258 
510.000 2.905 
511.000 2.529 
512.000 2.210 
513.000 2.000 
514.000 1.923 
515.000 1.989 
516.000 2.169 
517.000 2.424 
518.000 2.722 
519.000 3.040 
520.000 3.359 
521.000 3.625 
522.000 3.767 
523.000 3.733 
524.000 3.534 
525.000 3.226 
526.000 2.824 
527.000 2.409 
528.000 2.112 
529.000 1.955 
530.000 1.955 
531.000 2.089 
532.000 2.314 
533.000 2.594 
534.000 2.905 
535.000 3.224 
536.000 3.536 
537.000 3.781 
538.000 3.893 
539.000 3.827 
540.000 3.606 
541.000 3.281 
542.000 2.836 
543.000 2.374 
544.000 2.054 
545.000 1.902 
546.000 1.915 
547.000 2.061 
548.000 2.295 
549.000 2.583 
550.000 2.899 
551.000 3.222 
552.000 3.539 
553.000 3.809 
554.000 3.971 
555.000 3.975 
556.000 3.794 
557.000 3.509 
558.000 3.086 
559.000 2.567 
560.000 2.134 
561.000 1.876 
562.000 1.813 
563.000 1.909 
564.000 2.114 
565.000 2.388 
566.000 2.701 
567.000 3.030 
568.000 3.358 
569.000 3.673 
570.000 3.936 
571.000 4.088 
572.000 4.084 
573.000 3.901 
574.000 3.605 
575.000 3.157 
576.000 2.572 
577.000 2.060 
578.000 1.750 
579.000 1.662 
580.000 1.745 
581.000 1.946 
582.000 2.224 
583.000 2.546 
584.000 2.887 
585.000 3.229 
586.000 3.559 
587.000 3.868 
588.000 4.109 
589.000 4.226 
590.000 4.184 
591.000 3.969 
592.000 3.606 
593.000 3.045 
594.000 2.297 
595.000 1.667 
596.000 1.292 
597.000 1.180 
598.000 1.265 
599.000 1.485 
600.000 1.794 
601.000 2.153 
602.000 2.536 
603.000 2.920 
604.000 3.291 
605.000 3.639 
606.000 3.959 
607.000 4.245 
608.000 4.498 
609.000 4.718 
610.000 4.907 
611.000 5.065 
612.000 5.198 
613.000 5.306 
614.000 5.393 
615.000 5.463 
616.000 5.517 
617.000 5.558 
618.000 5.588 
619.000 5.610 
620.000 5.625 
621.000 5.634 
622.000 5.639 
623.000 5.641 
624.000 5.641 
625.000 5.639 
626.000 5.636 
627.000 5.632 
628.000 5.628 
629.000 5.624 
630.000 5.620 
631.000 5.616 
632.000 5.613 
633.000 5.610 
634.000 5.607 
635.000 5.604 
636.000 5.602 
637.000 5.600 
638.000 5.599 
639.000 5.598 
640.000 5.597 
641.000 5.596 
642.000 5.595 
643.000 5.595 
644.000 5.594 
645.000 5.594 
646.000 5.594 
647.000 5.594 
648.000 5.594 
649.000 5.594 
650.000 5.594 
651.000 5.594 
652.000 5.594 
653.000 5.594 
654.000 5.594 
655.000 5.594 
656.000 5.594 
657.000 5.594 
658.000 5.594 
659.000 5.594 
660.000 5.594 
661.000 5.594 
662.000 5.594 
663.000 5.594 
664.000 5.594 
665.000 5.594 
666.000 5.594 
667.000 5.594 
668.000 5.594 
669.000 5.594 
670.000 5.594 
671.000 5.594 
672.000 5.594 
673.000 5.594 
674.000 5.594 
675.000 5.594 
676.000 5.594 
677.000 5.594 
678.000 5.594 
679.000 5.594 
680.000 5.594 
681.000 5.594 
682.000 5.594 
683.000 5.594 
684.000 5.594 
685.000 5.594 
686.000 5.594 
687.000 5.594 
688.000 5.594 
689.000 5.594 
690.000 5.594 
691.000 5.594 
692.000 5.594 
693.000 5.594 
694.000 5.594 
695.000 5.594 
696.000 5.594 
697.000 5.594 
698.000 5.594 
699.000 5.594 
700.000 5.594 
701.000 5.594 
702.000 5.594 
703.000 5.594 
704.000 5.594 
705.000 5.594 
706.000 5.594 
707.000 5.594 
708.000 5.594 
709.000 5.594 
710.000 5.594 
711.000 5.594 
712.000 5.594 
713.000 5.594 
714.000 5.594 
715.000 5.594 
716.000 5.594 
717.000 5.594 
718.000 5.594 
719.000 5.594 
720.000 5.594 
721.000 5.594 
722.000 5.594 
723.000 5.594 
724.000 5.594 
725.000 5.594 
726.000 5.594 
727.000 5.594 
728.000 5.594 
729.000 5.594 
730.000 5.594 
731.000 5.594 
732.000 5.594 
733.000 5.594 
734.000 5.594 
735.000 5.594 
736.000 5.594 
737.000 5.594 
738.000 5.594 
739.000 5.594 
740.000 5.594 
741.000 5.594 
742.000 5.594 
743.000 5.594 
744.000 5.594 
745.000 5.594 
746.000 5.594 
747.000 5.594 
748.000 5.594 
749.000 5.594 
750.000 5.594 
751.000 5.594 
752.000 5.594 
753.000 5.594 
754.000 5.594 
755.000 5.594 
756.000 5.594 
757.000 5.594 
758.000 5.594 
759.000 5.594 
760.000 5.594 
761.000 5.594 
762.000 5.594 
763.000 5.594 
764.000 5.594 
765.000 5.594 
766.000 5.594 
767.000 5.594 
768.000 5.594 
769.000 5.594 
770.000 5.594 
771.000 5.594 
772.000 5.594 
773.000 5.594 
774.000 5.594 
775.000 5.594 
776.000 5.594 
777.000 5.594 
778.000 5.594 
779.000 5.594 
780.000 5.594 
781.000 5.594 
782.000 5.594 
783.000 5.594 
784.000 5.594 
785.000 5.594 
786.000 5.594 
787.000 5.594 
788.000 5.594 
789.000 5.594 
790.000 5.594 
791.000 5.594 
792.000 5.594 
793.000 5.594 
794.000 5.594 
795.000 5.594 
796.000 5.594 
797.000 5.594 
798.000 5.594 
799.000 5.594 
800.000 5.594 
