1.000 0.000 
2.000 0.000 
3.000 0.000 
4.000 0.000 
5.000 0.000 
6.000 0.000 
7.000 0.000 
8.000 0.000 
9.000 0.000 
10.000 0.000 
11.000 0.000 
12.000 -0.002 
13.000 -0.006 
14.000 -0.009 
15.000 -0.011 
16.000 -0.012 
17.000 -0.012 
18.000 -0.013 
19.000 -0.013 
20.000 -0.013 
21.000 -0.012 
22.000 -0.012 
23.000 -0.012 
24.000 -0.012 
25.000 -0.012 
26.000 -0.012 
27.000 -0.012 
28.000 -0.012 
29.000 -0.012 
30.000 -0.012 
31.000 -0.012 
32.000 -0.012 
33.000 -0.013 
34.000 -0.013 
35.000 -0.013 
36.000 -0.013 
37.000 -0.013 
38.000 -0.013 
39.000 -0.013 
40.000 -0.013 
41.000 -0.013 
42.000 -0.013 
43.000 -0.013 
44.000 -0.013 
45.000 -0.013 
46.000 -0.013 
47.000 -0.013 
48.000 -0.013 
49.000 -0.013 
50.000 -0.013 
51.000 -0.013 
52.000 -0.013 
53.000 -0.013 
54.000 -0.013 
55.000 -0.013 
56.000 -0.013 
57.000 -0.014 
58.000 -0.014 
59.000 -0.014 
60.000 -0.014 
61.000 -0.014 
62.000 -0.014 
63.000 -0.014 
64.000 -0.014 
65.000 -0.014 
66.000 -0.014 
67.000 -0.014 
68.000 -0.014 
69.000 -0.014 
70.000 -0.014 
71.000 -0.014 
72.000 -0.014 
73.000 -0.014 
74.000 -0.014 
75.000 -0.014 
76.000 -0.014 
77.000 -0.014 
78.000 -0.014 
79.000 -0.014 
80.000 -0.014 
81.000 -0.014 
82.000 -0.015 
83.000 -0.015 
84.000 -0.015 
85.000 -0.015 
86.000 -0.015 
87.000 -0.015 
88.000 -0.015 
89.000 -0.015 
90.000 -0.015 
91.000 -0.015 
92.000 -0.015 
93.000 -0.015 
94.000 -0.015 
95.000 -0.015 
96.000 -0.015 
97.000 -0.015 
98.000 -0.015 
99.000 -0.015 
100.000 -0.015 
101.000 -0.015 
102.000 -0.015 
103.000 -0.015 
104.000 -0.015 
105.000 -0.015 
106.000 -0.015 
107.000 -0.016 
108.000 -0.016 
109.000 -0.016 
110.000 -0.016 
111.000 -0.016 
112.000 -0.016 
113.000 -0.016 
114.000 -0.016 
115.000 -0.016 
116.000 -0.016 
117.000 -0.016 
118.000 -0.016 
119.000 -0.016 
120.000 -0.016 
121.000 -0.016 
122.000 -0.016 
123.000 -0.016 
124.000 -0.016 
125.000 -0.016 
126.000 -0.015 
127.000 -0.014 
128.000 -0.013 
129.000 -0.012 
130.000 -0.012 
131.000 -0.011 
132.000 -0.011 
133.000 -0.011 
134.000 -0.012 
135.000 -0.012 
136.000 -0.012 
137.000 -0.012 
138.000 -0.012 
139.000 -0.012 
140.000 -0.012 
141.000 -0.012 
142.000 -0.012 
143.000 -0.012 
144.000 -0.012 
145.000 -0.012 
146.000 -0.012 
147.000 -0.012 
148.000 -0.012 
149.000 -0.012 
150.000 -0.012 
151.000 -0.012 
152.000 -0.012 
153.000 -0.012 
154.000 -0.012 
155.000 -0.012 
156.000 -0.012 
157.000 -0.012 
158.000 -0.012 
159.000 -0.012 
160.000 -0.012 
161.000 -0.012 
162.000 -0.012 
163.000 -0.012 
164.000 -0.012 
165.000 -0.012 
166.000 -0.012 
167.000 -0.013 
168.000 -0.013 
169.000 -0.013 
170.000 -0.013 
171.000 -0.013 
172.000 -0.013 
173.000 -0.013 
174.000 -0.013 
175.000 -0.013 
176.000 -0.013 
177.000 -0.013 
178.000 -0.013 
179.000 -0.013 
180.000 -0.013 
181.000 -0.013 
182.000 -0.013 
183.000 -0.013 
184.000 -0.013 
185.000 -0.013 
186.000 -0.013 
187.000 -0.013 
188.000 -0.013 
189.000 -0.013 
190.000 -0.013 
191.000 -0.013 
192.000 -0.013 
193.000 -0.013 
194.000 -0.013 
195.000 -0.013 
196.000 -0.013 
197.000 -0.013 
198.000 -0.013 
199.000 -0.013 
200.000 -0.013 
201.000 -0.013 
202.000 -0.013 
203.000 -0.013 
204.000 -0.013 
205.000 -0.013 
206.000 -0.013 
207.000 -0.013 
208.000 -0.013 
209.000 -0.013 
210.000 -0.013 
211.000 -0.013 
212.000 -0.013 
213.000 -0.014 
214.000 -0.014 
215.000 -0.014 
216.000 -0.014 
217.000 -0.014 
218.000 -0.014 
219.000 -0.014 
220.000 -0.014 
221.000 -0.014 
222.000 -0.014 
223.000 -0.014 
224.000 -0.014 
225.000 -0.014 
226.000 -0.014 
227.000 -0.014 
228.000 -0.014 
229.000 -0.014 
230.000 -0.014 
231.000 -0.014 
232.000 -0.014 
233.000 -0.014 
234.000 -0.014 
235.000 -0.014 
236.000 -0.014 
237.000 -0.014 
238.000 -0.014 
239.000 -0.014 
240.000 -0.014 
241.000 -0.014 
242.000 -0.014 
243.000 -0.014 
244.000 -0.014 
245.000 -0.014 
246.000 -0.009 
247.000 0.000 
248.000 0.006 
249.000 0.011 
250.000 0.014 
251.000 0.015 
252.000 0.016 
253.000 0.016 
254.000 0.016 
255.000 0.016 
256.000 0.015 
257.000 0.015 
258.000 0.015 
259.000 0.015 
260.000 0.015 
261.000 0.015 
262.000 0.015 
263.000 0.015 
264.000 0.015 
265.000 0.016 
266.000 0.016 
267.000 0.016 
268.000 0.016 
269.000 0.016 
270.000 0.016 
271.000 0.016 
272.000 0.016 
273.000 0.016 
274.000 0.016 
275.000 0.017 
276.000 0.017 
277.000 0.017 
278.000 0.017 
279.000 0.017 
280.000 0.017 
281.000 0.017 
282.000 0.017 
283.000 0.017 
284.000 0.018 
285.000 0.018 
286.000 0.018 
287.000 0.018 
288.000 0.018 
289.000 0.018 
290.000 0.018 
291.000 0.018 
292.000 0.018 
293.000 0.019 
294.000 0.019 
295.000 0.019 
296.000 0.019 
297.000 0.019 
298.000 0.019 
299.000 0.019 
300.000 0.019 
301.000 0.019 
302.000 0.020 
303.000 0.020 
304.000 0.020 
305.000 0.020 
306.000 0.020 
307.000 0.020 
308.000 0.020 
309.000 0.020 
310.000 0.020 
311.000 0.021 
312.000 0.021 
313.000 0.021 
314.000 0.021 
315.000 0.021 
316.000 0.021 
317.000 0.021 
318.000 0.021 
319.000 0.021 
320.000 0.022 
321.000 0.022 
322.000 0.022 
323.000 0.022 
324.000 0.022 
325.000 0.022 
326.000 0.022 
327.000 0.022 
328.000 0.022 
329.000 0.023 
330.000 0.023 
331.000 0.023 
332.000 0.023 
333.000 0.023 
334.000 0.023 
335.000 0.023 
336.000 0.023 
337.000 0.024 
338.000 0.024 
339.000 0.024 
340.000 0.024 
341.000 0.024 
342.000 0.024 
343.000 0.024 
344.000 0.024 
345.000 0.025 
346.000 0.025 
347.000 0.025 
348.000 0.025 
349.000 0.025 
350.000 0.025 
351.000 0.025 
352.000 0.025 
353.000 0.026 
354.000 0.026 
355.000 0.026 
356.000 0.026 
357.000 0.026 
358.000 0.026 
359.000 0.026 
360.000 0.026 
361.000 0.027 
362.000 0.027 
363.000 0.027 
364.000 0.027 
365.000 0.027 
366.000 0.041 
367.000 0.062 
368.000 0.078 
369.000 0.091 
370.000 0.100 
371.000 0.105 
372.000 0.108 
373.000 0.109 
374.000 0.109 
375.000 0.108 
376.000 0.107 
377.000 0.107 
378.000 0.107 
379.000 0.107 
380.000 0.107 
381.000 0.108 
382.000 0.109 
383.000 0.110 
384.000 0.111 
385.000 0.112 
386.000 0.113 
387.000 0.114 
388.000 0.115 
389.000 0.116 
390.000 0.117 
391.000 0.118 
392.000 0.119 
393.000 0.120 
394.000 0.121 
395.000 0.122 
396.000 0.123 
397.000 0.124 
398.000 0.125 
399.000 0.126 
400.000 0.127 
401.000 0.128 
402.000 0.129 
403.000 0.130 
404.000 0.131 
405.000 0.133 
406.000 0.134 
407.000 0.135 
408.000 0.136 
409.000 0.137 
410.000 0.138 
411.000 0.139 
412.000 0.140 
413.000 0.142 
414.000 0.143 
415.000 0.144 
416.000 0.145 
417.000 0.146 
418.000 0.148 
419.000 0.149 
420.000 0.150 
421.000 0.151 
422.000 0.153 
423.000 0.154 
424.000 0.155 
425.000 0.156 
426.000 0.158 
427.000 0.159 
428.000 0.160 
429.000 0.162 
430.000 0.163 
431.000 0.164 
432.000 0.166 
433.000 0.167 
434.000 0.168 
435.000 0.170 
436.000 0.171 
437.000 0.173 
438.000 0.174 
439.000 0.176 
440.000 0.177 
441.000 0.179 
442.000 0.180 
443.000 0.182 
444.000 0.183 
445.000 0.185 
446.000 0.186 
447.000 0.188 
448.000 0.189 
449.000 0.191 
450.000 0.192 
451.000 0.194 
452.000 0.196 
453.000 0.197 
454.000 0.199 
455.000 0.201 
456.000 0.202 
457.000 0.204 
458.000 0.206 
459.000 0.207 
460.000 0.209 
461.000 0.211 
462.000 0.213 
463.000 0.214 
464.000 0.216 
465.000 0.218 
466.000 0.220 
467.000 0.222 
468.000 0.224 
469.000 0.225 
470.000 0.227 
471.000 0.229 
472.000 0.231 
473.000 0.233 
474.000 0.235 
475.000 0.237 
476.000 0.239 
477.000 0.241 
478.000 0.243 
479.000 0.245 
480.000 0.247 
481.000 0.249 
482.000 0.251 
483.000 0.253 
484.000 0.255 
485.000 0.257 
486.000 0.331 
487.000 0.447 
488.000 0.568 
489.000 0.686 
490.000 0.796 
491.000 0.894 
492.000 0.978 
493.000 1.047 
494.000 1.102 
495.000 1.145 
496.000 1.178 
497.000 1.203 
498.000 1.224 
499.000 1.241 
500.000 1.258 
501.000 1.275 
502.000 1.293 
503.000 1.314 
504.000 1.338 
505.000 1.364 
506.000 1.394 
507.000 1.427 
508.000 1.463 
509.000 1.502 
510.000 1.543 
511.000 1.586 
512.000 1.631 
513.000 1.677 
514.000 1.725 
515.000 1.775 
516.000 1.826 
517.000 1.876 
518.000 1.925 
519.000 1.972 
520.000 2.017 
521.000 2.060 
522.000 2.101 
523.000 2.139 
524.000 2.175 
525.000 2.210 
526.000 2.243 
527.000 2.275 
528.000 2.305 
529.000 2.334 
530.000 2.363 
531.000 2.390 
532.000 2.417 
533.000 2.444 
534.000 2.470 
535.000 2.495 
536.000 2.521 
537.000 2.546 
538.000 2.570 
539.000 2.594 
540.000 2.618 
541.000 2.642 
542.000 2.665 
543.000 2.687 
544.000 2.710 
545.000 2.732 
546.000 2.753 
547.000 2.774 
548.000 2.795 
549.000 2.815 
550.000 2.835 
551.000 2.854 
552.000 2.873 
553.000 2.892 
554.000 2.910 
555.000 2.928 
556.000 2.945 
557.000 2.962 
558.000 2.978 
559.000 2.994 
560.000 3.010 
561.000 3.025 
562.000 3.040 
563.000 3.054 
564.000 3.069 
565.000 3.082 
566.000 3.096 
567.000 3.109 
568.000 3.122 
569.000 3.134 
570.000 3.147 
571.000 3.158 
572.000 3.170 
573.000 3.181 
574.000 3.192 
575.000 3.203 
576.000 3.213 
577.000 3.224 
578.000 3.233 
579.000 3.243 
580.000 3.252 
581.000 3.261 
582.000 3.270 
583.000 3.279 
584.000 3.287 
585.000 3.296 
586.000 3.304 
587.000 3.311 
588.000 3.319 
589.000 3.326 
590.000 3.333 
591.000 3.340 
592.000 3.347 
593.000 3.354 
594.000 3.360 
595.000 3.366 
596.000 3.372 
597.000 3.378 
598.000 3.384 
599.000 3.389 
600.000 3.395 
601.000 3.400 
602.000 3.405 
603.000 3.410 
604.000 3.415 
605.000 3.419 
606.000 3.445 
607.000 3.489 
608.000 3.545 
609.000 3.610 
610.000 3.681 
611.000 3.756 
612.000 3.833 
613.000 3.910 
614.000 3.985 
615.000 4.058 
616.000 4.128 
617.000 4.195 
618.000 4.258 
619.000 4.318 
620.000 4.373 
621.000 4.425 
622.000 4.473 
623.000 4.518 
624.000 4.560 
625.000 4.599 
626.000 4.636 
627.000 4.670 
628.000 4.703 
629.000 4.734 
630.000 4.763 
631.000 4.791 
632.000 4.818 
633.000 4.843 
634.000 4.868 
635.000 4.892 
636.000 4.915 
637.000 4.938 
638.000 4.960 
639.000 4.981 
640.000 5.002 
641.000 5.023 
642.000 5.042 
643.000 5.062 
644.000 5.080 
645.000 5.099 
646.000 5.116 
647.000 5.134 
648.000 5.150 
649.000 5.166 
650.000 5.182 
651.000 5.197 
652.000 5.212 
653.000 5.226 
654.000 5.240 
655.000 5.253 
656.000 5.266 
657.000 5.278 
658.000 5.290 
659.000 5.301 
660.000 5.312 
661.000 5.323 
662.000 5.333 
663.000 5.343 
664.000 5.352 
665.000 5.361 
666.000 5.370 
667.000 5.378 
668.000 5.387 
669.000 5.394 
670.000 5.402 
671.000 5.409 
672.000 5.416 
673.000 5.423 
674.000 5.429 
675.000 5.435 
676.000 5.441 
677.000 5.447 
678.000 5.453 
679.000 5.458 
680.000 5.463 
681.000 5.468 
682.000 5.473 
683.000 5.477 
684.000 5.482 
685.000 5.486 
686.000 5.490 
687.000 5.494 
688.000 5.498 
689.000 5.502 
690.000 5.505 
691.000 5.508 
692.000 5.512 
693.000 5.515 
694.000 5.518 
695.000 5.521 
696.000 5.524 
697.000 5.526 
698.000 5.529 
699.000 5.531 
700.000 5.534 
701.000 5.536 
702.000 5.538 
703.000 5.540 
704.000 5.542 
705.000 5.544 
706.000 5.546 
707.000 5.548 
708.000 5.550 
709.000 5.552 
710.000 5.553 
711.000 5.555 
712.000 5.556 
713.000 5.558 
714.000 5.559 
715.000 5.560 
716.000 5.562 
717.000 5.563 
718.000 5.564 
719.000 5.565 
720.000 5.566 
721.000 5.567 
722.000 5.568 
723.000 5.569 
724.000 5.570 
725.000 5.571 
726.000 5.572 
727.000 5.573 
728.000 5.574 
729.000 5.575 
730.000 5.575 
731.000 5.576 
732.000 5.577 
733.000 5.577 
734.000 5.578 
735.000 5.579 
736.000 5.579 
737.000 5.580 
738.000 5.580 
739.000 5.581 
740.000 5.581 
741.000 5.582 
742.000 5.582 
743.000 5.583 
744.000 5.583 
745.000 5.584 
746.000 5.584 
747.000 5.584 
748.000 5.585 
749.000 5.585 
750.000 5.585 
751.000 5.586 
752.000 5.586 
753.000 5.586 
754.000 5.587 
755.000 5.587 
756.000 5.587 
757.000 5.587 
758.000 5.588 
759.000 5.588 
760.000 5.588 
761.000 5.588 
762.000 5.589 
763.000 5.589 
764.000 5.589 
765.000 5.589 
766.000 5.589 
767.000 5.590 
768.000 5.590 
769.000 5.590 
770.000 5.590 
771.000 5.590 
772.000 5.590 
773.000 5.591 
774.000 5.591 
775.000 5.591 
776.000 5.591 
777.000 5.591 
778.000 5.591 
779.000 5.591 
780.000 5.591 
781.000 5.591 
782.000 5.592 
783.000 5.592 
784.000 5.592 
785.000 5.592 
786.000 5.592 
787.000 5.592 
788.000 5.592 
789.000 5.592 
790.000 5.592 
791.000 5.592 
792.000 5.592 
793.000 5.592 
794.000 5.592 
795.000 5.593 
796.000 5.593 
797.000 5.593 
798.000 5.593 
799.000 5.593 
800.000 5.593 
