1.000 0.000 
2.000 0.000 
3.000 0.000 
4.000 0.000 
5.000 0.000 
6.000 0.000 
7.000 0.000 
8.000 0.000 
9.000 0.000 
10.000 0.000 
11.000 0.000 
12.000 -0.013 
13.000 -0.031 
14.000 -0.039 
15.000 -0.042 
16.000 -0.042 
17.000 -0.040 
18.000 -0.037 
19.000 -0.033 
20.000 -0.030 
21.000 -0.029 
22.000 -0.028 
23.000 -0.029 
24.000 -0.030 
25.000 -0.032 
26.000 -0.033 
27.000 -0.033 
28.000 -0.033 
29.000 -0.033 
30.000 -0.033 
31.000 -0.033 
32.000 -0.033 
33.000 -0.033 
34.000 -0.033 
35.000 -0.033 
36.000 -0.033 
37.000 -0.033 
38.000 -0.033 
39.000 -0.033 
40.000 -0.033 
41.000 -0.034 
42.000 -0.034 
43.000 -0.034 
44.000 -0.034 
45.000 -0.034 
46.000 -0.034 
47.000 -0.034 
48.000 -0.034 
49.000 -0.034 
50.000 -0.034 
51.000 -0.034 
52.000 -0.034 
53.000 -0.034 
54.000 -0.035 
55.000 -0.035 
56.000 -0.035 
57.000 -0.035 
58.000 -0.035 
59.000 -0.035 
60.000 -0.035 
61.000 -0.035 
62.000 -0.035 
63.000 -0.035 
64.000 -0.035 
65.000 -0.035 
66.000 -0.036 
67.000 -0.036 
68.000 -0.036 
69.000 -0.036 
70.000 -0.036 
71.000 -0.036 
72.000 -0.036 
73.000 -0.036 
74.000 -0.036 
75.000 -0.036 
76.000 -0.036 
77.000 -0.036 
78.000 -0.036 
79.000 -0.037 
80.000 -0.037 
81.000 -0.037 
82.000 -0.037 
83.000 -0.037 
84.000 -0.037 
85.000 -0.037 
86.000 -0.037 
87.000 -0.037 
88.000 -0.037 
89.000 -0.037 
90.000 -0.037 
91.000 -0.037 
92.000 -0.038 
93.000 -0.038 
94.000 -0.038 
95.000 -0.038 
96.000 -0.038 
97.000 -0.038 
98.000 -0.038 
99.000 -0.038 
100.000 -0.038 
101.000 -0.038 
102.000 -0.038 
103.000 -0.038 
104.000 -0.038 
105.000 -0.039 
106.000 -0.039 
107.000 -0.039 
108.000 -0.039 
109.000 -0.039 
110.000 -0.039 
111.000 -0.039 
112.000 -0.039 
113.000 -0.039 
114.000 -0.039 
115.000 -0.039 
116.000 -0.039 
117.000 -0.039 
118.000 -0.040 
119.000 -0.040 
120.000 -0.040 
121.000 -0.040 
122.000 -0.040 
123.000 -0.040 
124.000 -0.040 
125.000 -0.040 
126.000 -0.035 
127.000 -0.028 
128.000 -0.026 
129.000 -0.025 
130.000 -0.025 
131.000 -0.025 
132.000 -0.027 
133.000 -0.029 
134.000 -0.030 
135.000 -0.030 
136.000 -0.031 
137.000 -0.030 
138.000 -0.030 
139.000 -0.030 
140.000 -0.029 
141.000 -0.029 
142.000 -0.029 
143.000 -0.029 
144.000 -0.029 
145.000 -0.030 
146.000 -0.030 
147.000 -0.030 
148.000 -0.030 
149.000 -0.030 
150.000 -0.030 
151.000 -0.030 
152.000 -0.030 
153.000 -0.030 
154.000 -0.030 
155.000 -0.030 
156.000 -0.030 
157.000 -0.030 
158.000 -0.030 
159.000 -0.030 
160.000 -0.030 
161.000 -0.030 
162.000 -0.030 
163.000 -0.030 
164.000 -0.030 
165.000 -0.030 
166.000 -0.030 
167.000 -0.030 
168.000 -0.031 
169.000 -0.031 
170.000 -0.031 
171.000 -0.031 
172.000 -0.031 
173.000 -0.031 
174.000 -0.031 
175.000 -0.031 
176.000 -0.031 
177.000 -0.031 
178.000 -0.031 
179.000 -0.031 
180.000 -0.031 
181.000 -0.031 
182.000 -0.031 
183.000 -0.031 
184.000 -0.031 
185.000 -0.031 
186.000 -0.031 
187.000 -0.031 
188.000 -0.031 
189.000 -0.031 
190.000 -0.031 
191.000 -0.031 
192.000 -0.031 
193.000 -0.032 
194.000 -0.032 
195.000 -0.032 
196.000 -0.032 
197.000 -0.032 
198.000 -0.032 
199.000 -0.032 
200.000 -0.032 
201.000 -0.032 
202.000 -0.032 
203.000 -0.032 
204.000 -0.032 
205.000 -0.032 
206.000 -0.032 
207.000 -0.032 
208.000 -0.032 
209.000 -0.032 
210.000 -0.032 
211.000 -0.032 
212.000 -0.032 
213.000 -0.032 
214.000 -0.032 
215.000 -0.032 
216.000 -0.032 
217.000 -0.032 
218.000 -0.032 
219.000 -0.033 
220.000 -0.033 
221.000 -0.033 
222.000 -0.033 
223.000 -0.033 
224.000 -0.033 
225.000 -0.033 
226.000 -0.033 
227.000 -0.033 
228.000 -0.033 
229.000 -0.033 
230.000 -0.033 
231.000 -0.033 
232.000 -0.033 
233.000 -0.033 
234.000 -0.033 
235.000 -0.033 
236.000 -0.033 
237.000 -0.033 
238.000 -0.033 
239.000 -0.033 
240.000 -0.033 
241.000 -0.033 
242.000 -0.033 
243.000 -0.033 
244.000 -0.033 
245.000 -0.033 
246.000 0.011 
247.000 0.035 
248.000 0.040 
249.000 0.046 
250.000 0.051 
251.000 0.049 
252.000 0.043 
253.000 0.040 
254.000 0.038 
255.000 0.037 
256.000 0.037 
257.000 0.038 
258.000 0.040 
259.000 0.042 
260.000 0.044 
261.000 0.045 
262.000 0.045 
263.000 0.045 
264.000 0.045 
265.000 0.045 
266.000 0.045 
267.000 0.045 
268.000 0.045 
269.000 0.046 
270.000 0.046 
271.000 0.047 
272.000 0.047 
273.000 0.047 
274.000 0.048 
275.000 0.048 
276.000 0.049 
277.000 0.049 
278.000 0.049 
279.000 0.049 
280.000 0.050 
281.000 0.050 
282.000 0.051 
283.000 0.051 
284.000 0.051 
285.000 0.052 
286.000 0.052 
287.000 0.053 
288.000 0.053 
289.000 0.053 
290.000 0.054 
291.000 0.054 
292.000 0.054 
293.000 0.055 
294.000 0.055 
295.000 0.056 
296.000 0.056 
297.000 0.056 
298.000 0.057 
299.000 0.057 
300.000 0.058 
301.000 0.058 
302.000 0.058 
303.000 0.059 
304.000 0.059 
305.000 0.060 
306.000 0.060 
307.000 0.060 
308.000 0.061 
309.000 0.061 
310.000 0.062 
311.000 0.062 
312.000 0.063 
313.000 0.063 
314.000 0.063 
315.000 0.064 
316.000 0.064 
317.000 0.065 
318.000 0.065 
319.000 0.066 
320.000 0.066 
321.000 0.067 
322.000 0.067 
323.000 0.067 
324.000 0.068 
325.000 0.068 
326.000 0.069 
327.000 0.069 
328.000 0.070 
329.000 0.070 
330.000 0.071 
331.000 0.071 
332.000 0.072 
333.000 0.072 
334.000 0.072 
335.000 0.073 
336.000 0.073 
337.000 0.074 
338.000 0.074 
339.000 0.075 
340.000 0.075 
341.000 0.076 
342.000 0.076 
343.000 0.077 
344.000 0.077 
345.000 0.078 
346.000 0.078 
347.000 0.079 
348.000 0.079 
349.000 0.080 
350.000 0.080 
351.000 0.081 
352.000 0.081 
353.000 0.082 
354.000 0.082 
355.000 0.083 
356.000 0.083 
357.000 0.084 
358.000 0.084 
359.000 0.085 
360.000 0.085 
361.000 0.086 
362.000 0.086 
363.000 0.087 
364.000 0.087 
365.000 0.088 
366.000 0.189 
367.000 0.296 
368.000 0.378 
369.000 0.439 
370.000 0.482 
371.000 0.492 
372.000 0.467 
373.000 0.424 
374.000 0.376 
375.000 0.332 
376.000 0.299 
377.000 0.286 
378.000 0.292 
379.000 0.314 
380.000 0.347 
381.000 0.385 
382.000 0.422 
383.000 0.453 
384.000 0.474 
385.000 0.482 
386.000 0.480 
387.000 0.469 
388.000 0.453 
389.000 0.436 
390.000 0.422 
391.000 0.415 
392.000 0.417 
393.000 0.427 
394.000 0.444 
395.000 0.466 
396.000 0.489 
397.000 0.511 
398.000 0.530 
399.000 0.543 
400.000 0.549 
401.000 0.549 
402.000 0.543 
403.000 0.535 
404.000 0.526 
405.000 0.519 
406.000 0.516 
407.000 0.519 
408.000 0.528 
409.000 0.542 
410.000 0.561 
411.000 0.581 
412.000 0.602 
413.000 0.620 
414.000 0.634 
415.000 0.642 
416.000 0.645 
417.000 0.642 
418.000 0.634 
419.000 0.624 
420.000 0.614 
421.000 0.607 
422.000 0.604 
423.000 0.608 
424.000 0.619 
425.000 0.636 
426.000 0.657 
427.000 0.682 
428.000 0.707 
429.000 0.729 
430.000 0.747 
431.000 0.756 
432.000 0.758 
433.000 0.750 
434.000 0.735 
435.000 0.714 
436.000 0.691 
437.000 0.670 
438.000 0.656 
439.000 0.650 
440.000 0.657 
441.000 0.676 
442.000 0.707 
443.000 0.746 
444.000 0.790 
445.000 0.834 
446.000 0.873 
447.000 0.901 
448.000 0.915 
449.000 0.910 
450.000 0.884 
451.000 0.838 
452.000 0.775 
453.000 0.704 
454.000 0.635 
455.000 0.580 
456.000 0.549 
457.000 0.550 
458.000 0.585 
459.000 0.651 
460.000 0.743 
461.000 0.851 
462.000 0.964 
463.000 1.073 
464.000 1.166 
465.000 1.234 
466.000 1.261 
467.000 1.235 
468.000 1.137 
469.000 0.957 
470.000 0.713 
471.000 0.464 
472.000 0.267 
473.000 0.137 
474.000 0.080 
475.000 0.111 
476.000 0.229 
477.000 0.411 
478.000 0.631 
479.000 0.868 
480.000 1.104 
481.000 1.325 
482.000 1.518 
483.000 1.676 
484.000 1.792 
485.000 1.853 
486.000 1.985 
487.000 2.168 
488.000 2.364 
489.000 2.567 
490.000 2.773 
491.000 2.975 
492.000 3.168 
493.000 3.345 
494.000 3.501 
495.000 3.635 
496.000 3.744 
497.000 3.827 
498.000 3.884 
499.000 3.915 
500.000 3.923 
501.000 3.910 
502.000 3.880 
503.000 3.835 
504.000 3.781 
505.000 3.721 
506.000 3.659 
507.000 3.598 
508.000 3.541 
509.000 3.490 
510.000 3.448 
511.000 3.414 
512.000 3.391 
513.000 3.377 
514.000 3.373 
515.000 3.378 
516.000 3.390 
517.000 3.408 
518.000 3.431 
519.000 3.457 
520.000 3.485 
521.000 3.513 
522.000 3.541 
523.000 3.567 
524.000 3.590 
525.000 3.610 
526.000 3.626 
527.000 3.638 
528.000 3.645 
529.000 3.649 
530.000 3.648 
531.000 3.645 
532.000 3.639 
533.000 3.630 
534.000 3.620 
535.000 3.610 
536.000 3.598 
537.000 3.587 
538.000 3.577 
539.000 3.568 
540.000 3.560 
541.000 3.554 
542.000 3.549 
543.000 3.546 
544.000 3.545 
545.000 3.545 
546.000 3.546 
547.000 3.549 
548.000 3.552 
549.000 3.557 
550.000 3.561 
551.000 3.566 
552.000 3.570 
553.000 3.575 
554.000 3.579 
555.000 3.582 
556.000 3.585 
557.000 3.587 
558.000 3.588 
559.000 3.589 
560.000 3.589 
561.000 3.588 
562.000 3.587 
563.000 3.586 
564.000 3.584 
565.000 3.582 
566.000 3.580 
567.000 3.578 
568.000 3.577 
569.000 3.575 
570.000 3.574 
571.000 3.572 
572.000 3.572 
573.000 3.571 
574.000 3.571 
575.000 3.571 
576.000 3.571 
577.000 3.571 
578.000 3.572 
579.000 3.573 
580.000 3.573 
581.000 3.574 
582.000 3.575 
583.000 3.576 
584.000 3.576 
585.000 3.577 
586.000 3.577 
587.000 3.578 
588.000 3.578 
589.000 3.578 
590.000 3.578 
591.000 3.578 
592.000 3.578 
593.000 3.578 
594.000 3.577 
595.000 3.577 
596.000 3.577 
597.000 3.576 
598.000 3.576 
599.000 3.576 
600.000 3.576 
601.000 3.575 
602.000 3.575 
603.000 3.575 
604.000 3.575 
605.000 3.575 
606.000 3.630 
607.000 3.742 
608.000 3.890 
609.000 4.058 
610.000 4.234 
611.000 4.409 
612.000 4.577 
613.000 4.734 
614.000 4.877 
615.000 5.005 
616.000 5.117 
617.000 5.214 
618.000 5.297 
619.000 5.367 
620.000 5.425 
621.000 5.472 
622.000 5.510 
623.000 5.540 
624.000 5.563 
625.000 5.581 
626.000 5.594 
627.000 5.603 
628.000 5.609 
629.000 5.613 
630.000 5.615 
631.000 5.616 
632.000 5.615 
633.000 5.614 
634.000 5.613 
635.000 5.611 
636.000 5.609 
637.000 5.607 
638.000 5.606 
639.000 5.604 
640.000 5.602 
641.000 5.601 
642.000 5.600 
643.000 5.599 
644.000 5.598 
645.000 5.597 
646.000 5.596 
647.000 5.596 
648.000 5.595 
649.000 5.595 
650.000 5.595 
651.000 5.594 
652.000 5.594 
653.000 5.594 
654.000 5.594 
655.000 5.594 
656.000 5.594 
657.000 5.594 
658.000 5.594 
659.000 5.594 
660.000 5.594 
661.000 5.594 
662.000 5.594 
663.000 5.594 
664.000 5.594 
665.000 5.594 
666.000 5.594 
667.000 5.594 
668.000 5.594 
669.000 5.594 
670.000 5.594 
671.000 5.594 
672.000 5.594 
673.000 5.594 
674.000 5.594 
675.000 5.594 
676.000 5.594 
677.000 5.594 
678.000 5.594 
679.000 5.594 
680.000 5.594 
681.000 5.594 
682.000 5.594 
683.000 5.594 
684.000 5.594 
685.000 5.594 
686.000 5.594 
687.000 5.594 
688.000 5.594 
689.000 5.594 
690.000 5.594 
691.000 5.594 
692.000 5.594 
693.000 5.594 
694.000 5.594 
695.000 5.594 
696.000 5.594 
697.000 5.594 
698.000 5.594 
699.000 5.594 
700.000 5.594 
701.000 5.594 
702.000 5.594 
703.000 5.594 
704.000 5.594 
705.000 5.594 
706.000 5.594 
707.000 5.594 
708.000 5.594 
709.000 5.594 
710.000 5.594 
711.000 5.594 
712.000 5.594 
713.000 5.594 
714.000 5.594 
715.000 5.594 
716.000 5.594 
717.000 5.594 
718.000 5.594 
719.000 5.594 
720.000 5.594 
721.000 5.594 
722.000 5.594 
723.000 5.594 
724.000 5.594 
725.000 5.594 
726.000 5.594 
727.000 5.594 
728.000 5.594 
729.000 5.594 
730.000 5.594 
731.000 5.594 
732.000 5.594 
733.000 5.594 
734.000 5.594 
735.000 5.594 
736.000 5.594 
737.000 5.594 
738.000 5.594 
739.000 5.594 
740.000 5.594 
741.000 5.594 
742.000 5.594 
743.000 5.594 
744.000 5.594 
745.000 5.594 
746.000 5.594 
747.000 5.594 
748.000 5.594 
749.000 5.594 
750.000 5.594 
751.000 5.594 
752.000 5.594 
753.000 5.594 
754.000 5.594 
755.000 5.594 
756.000 5.594 
757.000 5.594 
758.000 5.594 
759.000 5.594 
760.000 5.594 
761.000 5.594 
762.000 5.594 
763.000 5.594 
764.000 5.594 
765.000 5.594 
766.000 5.594 
767.000 5.594 
768.000 5.594 
769.000 5.594 
770.000 5.594 
771.000 5.594 
772.000 5.594 
773.000 5.594 
774.000 5.594 
775.000 5.594 
776.000 5.594 
777.000 5.594 
778.000 5.594 
779.000 5.594 
780.000 5.594 
781.000 5.594 
782.000 5.594 
783.000 5.594 
784.000 5.594 
785.000 5.594 
786.000 5.594 
787.000 5.594 
788.000 5.594 
789.000 5.594 
790.000 5.594 
791.000 5.594 
792.000 5.594 
793.000 5.594 
794.000 5.594 
795.000 5.594 
796.000 5.594 
797.000 5.594 
798.000 5.594 
799.000 5.594 
800.000 5.594 
