1.000 0.000 
2.000 0.000 
3.000 0.000 
4.000 0.000 
5.000 0.000 
6.000 0.000 
7.000 0.000 
8.000 0.000 
9.000 0.000 
10.000 0.000 
11.000 0.000 
12.000 -0.036 
13.000 -0.079 
14.000 -0.098 
15.000 -0.107 
16.000 -0.112 
17.000 -0.116 
18.000 -0.110 
19.000 -0.094 
20.000 -0.079 
21.000 -0.067 
22.000 -0.058 
23.000 -0.054 
24.000 -0.057 
25.000 -0.065 
26.000 -0.075 
27.000 -0.083 
28.000 -0.089 
29.000 -0.094 
30.000 -0.095 
31.000 -0.094 
32.000 -0.090 
33.000 -0.086 
34.000 -0.082 
35.000 -0.078 
36.000 -0.076 
37.000 -0.076 
38.000 -0.077 
39.000 -0.080 
40.000 -0.082 
41.000 -0.085 
42.000 -0.087 
43.000 -0.088 
44.000 -0.088 
45.000 -0.087 
46.000 -0.086 
47.000 -0.085 
48.000 -0.084 
49.000 -0.083 
50.000 -0.083 
51.000 -0.083 
52.000 -0.084 
53.000 -0.084 
54.000 -0.085 
55.000 -0.086 
56.000 -0.086 
57.000 -0.087 
58.000 -0.087 
59.000 -0.086 
60.000 -0.086 
61.000 -0.086 
62.000 -0.086 
63.000 -0.086 
64.000 -0.086 
65.000 -0.086 
66.000 -0.086 
67.000 -0.087 
68.000 -0.087 
69.000 -0.087 
70.000 -0.087 
71.000 -0.087 
72.000 -0.087 
73.000 -0.087 
74.000 -0.087 
75.000 -0.087 
76.000 -0.087 
77.000 -0.088 
78.000 -0.088 
79.000 -0.088 
80.000 -0.088 
81.000 -0.088 
82.000 -0.088 
83.000 -0.088 
84.000 -0.088 
85.000 -0.089 
86.000 -0.089 
87.000 -0.089 
88.000 -0.089 
89.000 -0.089 
90.000 -0.089 
91.000 -0.089 
92.000 -0.089 
93.000 -0.089 
94.000 -0.089 
95.000 -0.089 
96.000 -0.090 
97.000 -0.090 
98.000 -0.090 
99.000 -0.090 
100.000 -0.090 
101.000 -0.090 
102.000 -0.090 
103.000 -0.090 
104.000 -0.090 
105.000 -0.090 
106.000 -0.090 
107.000 -0.091 
108.000 -0.091 
109.000 -0.091 
110.000 -0.091 
111.000 -0.091 
112.000 -0.091 
113.000 -0.091 
114.000 -0.091 
115.000 -0.091 
116.000 -0.091 
117.000 -0.091 
118.000 -0.092 
119.000 -0.092 
120.000 -0.092 
121.000 -0.092 
122.000 -0.092 
123.000 -0.092 
124.000 -0.092 
125.000 -0.092 
126.000 -0.086 
127.000 -0.065 
128.000 -0.051 
129.000 -0.043 
130.000 -0.039 
131.000 -0.039 
132.000 -0.046 
133.000 -0.057 
134.000 -0.069 
135.000 -0.077 
136.000 -0.083 
137.000 -0.085 
138.000 -0.084 
139.000 -0.079 
140.000 -0.072 
141.000 -0.064 
142.000 -0.057 
143.000 -0.053 
144.000 -0.052 
145.000 -0.054 
146.000 -0.059 
147.000 -0.065 
148.000 -0.071 
149.000 -0.075 
150.000 -0.078 
151.000 -0.078 
152.000 -0.076 
153.000 -0.072 
154.000 -0.068 
155.000 -0.064 
156.000 -0.061 
157.000 -0.059 
158.000 -0.060 
159.000 -0.062 
160.000 -0.065 
161.000 -0.069 
162.000 -0.072 
163.000 -0.073 
164.000 -0.074 
165.000 -0.073 
166.000 -0.072 
167.000 -0.069 
168.000 -0.067 
169.000 -0.065 
170.000 -0.064 
171.000 -0.064 
172.000 -0.065 
173.000 -0.066 
174.000 -0.068 
175.000 -0.070 
176.000 -0.071 
177.000 -0.072 
178.000 -0.072 
179.000 -0.071 
180.000 -0.070 
181.000 -0.069 
182.000 -0.067 
183.000 -0.067 
184.000 -0.066 
185.000 -0.066 
186.000 -0.067 
187.000 -0.068 
188.000 -0.069 
189.000 -0.070 
190.000 -0.070 
191.000 -0.071 
192.000 -0.070 
193.000 -0.070 
194.000 -0.069 
195.000 -0.069 
196.000 -0.068 
197.000 -0.068 
198.000 -0.068 
199.000 -0.068 
200.000 -0.068 
201.000 -0.069 
202.000 -0.070 
203.000 -0.070 
204.000 -0.070 
205.000 -0.070 
206.000 -0.070 
207.000 -0.070 
208.000 -0.069 
209.000 -0.069 
210.000 -0.069 
211.000 -0.069 
212.000 -0.069 
213.000 -0.069 
214.000 -0.069 
215.000 -0.070 
216.000 -0.070 
217.000 -0.070 
218.000 -0.070 
219.000 -0.070 
220.000 -0.070 
221.000 -0.070 
222.000 -0.070 
223.000 -0.069 
224.000 -0.069 
225.000 -0.069 
226.000 -0.069 
227.000 -0.070 
228.000 -0.070 
229.000 -0.070 
230.000 -0.070 
231.000 -0.070 
232.000 -0.070 
233.000 -0.070 
234.000 -0.070 
235.000 -0.070 
236.000 -0.070 
237.000 -0.070 
238.000 -0.070 
239.000 -0.070 
240.000 -0.070 
241.000 -0.070 
242.000 -0.070 
243.000 -0.070 
244.000 -0.070 
245.000 -0.070 
246.000 0.027 
247.000 0.138 
248.000 0.302 
249.000 0.386 
250.000 0.520 
251.000 0.506 
252.000 0.397 
253.000 0.223 
254.000 0.082 
255.000 -0.016 
256.000 -0.079 
257.000 -0.121 
258.000 -0.111 
259.000 -0.027 
260.000 0.118 
261.000 0.233 
262.000 0.399 
263.000 0.472 
264.000 0.542 
265.000 0.464 
266.000 0.297 
267.000 0.133 
268.000 0.013 
269.000 -0.064 
270.000 -0.109 
271.000 -0.137 
272.000 -0.072 
273.000 0.043 
274.000 0.204 
275.000 0.320 
276.000 0.480 
277.000 0.512 
278.000 0.503 
279.000 0.365 
280.000 0.197 
281.000 0.060 
282.000 -0.034 
283.000 -0.088 
284.000 -0.139 
285.000 -0.104 
286.000 -0.011 
287.000 0.149 
288.000 0.274 
289.000 0.447 
290.000 0.512 
291.000 0.570 
292.000 0.472 
293.000 0.288 
294.000 0.122 
295.000 0.002 
296.000 -0.072 
297.000 -0.116 
298.000 -0.133 
299.000 -0.058 
300.000 0.072 
301.000 0.228 
302.000 0.378 
303.000 0.526 
304.000 0.590 
305.000 0.556 
306.000 0.381 
307.000 0.193 
308.000 0.051 
309.000 -0.042 
310.000 -0.096 
311.000 -0.154 
312.000 -0.112 
313.000 -0.012 
314.000 0.154 
315.000 0.286 
316.000 0.463 
317.000 0.529 
318.000 0.589 
319.000 0.488 
320.000 0.297 
321.000 0.126 
322.000 0.005 
323.000 -0.071 
324.000 -0.115 
325.000 -0.132 
326.000 -0.055 
327.000 0.077 
328.000 0.232 
329.000 0.388 
330.000 0.532 
331.000 0.609 
332.000 0.576 
333.000 0.396 
334.000 0.203 
335.000 0.057 
336.000 -0.039 
337.000 -0.095 
338.000 -0.155 
339.000 -0.114 
340.000 -0.011 
341.000 0.156 
342.000 0.292 
343.000 0.469 
344.000 0.539 
345.000 0.602 
346.000 0.502 
347.000 0.308 
348.000 0.133 
349.000 0.009 
350.000 -0.068 
351.000 -0.113 
352.000 -0.132 
353.000 -0.056 
354.000 0.076 
355.000 0.234 
356.000 0.389 
357.000 0.538 
358.000 0.613 
359.000 0.587 
360.000 0.411 
361.000 0.214 
362.000 0.065 
363.000 -0.034 
364.000 -0.093 
365.000 -0.154 
366.000 -0.079 
367.000 0.107 
368.000 0.325 
369.000 0.533 
370.000 0.743 
371.000 0.871 
372.000 0.987 
373.000 0.940 
374.000 0.914 
375.000 0.729 
376.000 0.488 
377.000 0.272 
378.000 0.106 
379.000 0.029 
380.000 0.079 
381.000 0.218 
382.000 0.405 
383.000 0.602 
384.000 0.792 
385.000 0.922 
386.000 1.023 
387.000 1.023 
388.000 0.980 
389.000 0.784 
390.000 0.516 
391.000 0.285 
392.000 0.118 
393.000 0.018 
394.000 0.053 
395.000 0.200 
396.000 0.394 
397.000 0.601 
398.000 0.806 
399.000 0.951 
400.000 1.059 
401.000 1.072 
402.000 1.036 
403.000 0.832 
404.000 0.541 
405.000 0.296 
406.000 0.124 
407.000 0.016 
408.000 0.043 
409.000 0.197 
410.000 0.400 
411.000 0.619 
412.000 0.833 
413.000 0.992 
414.000 1.101 
415.000 1.129 
416.000 1.081 
417.000 0.856 
418.000 0.542 
419.000 0.289 
420.000 0.118 
421.000 0.007 
422.000 0.027 
423.000 0.185 
424.000 0.394 
425.000 0.622 
426.000 0.846 
427.000 1.019 
428.000 1.134 
429.000 1.173 
430.000 1.125 
431.000 0.892 
432.000 0.560 
433.000 0.296 
434.000 0.122 
435.000 0.006 
436.000 0.018 
437.000 0.175 
438.000 0.388 
439.000 0.624 
440.000 0.858 
441.000 1.045 
442.000 1.165 
443.000 1.216 
444.000 1.167 
445.000 0.926 
446.000 0.578 
447.000 0.304 
448.000 0.124 
449.000 0.006 
450.000 0.009 
451.000 0.166 
452.000 0.384 
453.000 0.629 
454.000 0.874 
455.000 1.075 
456.000 1.200 
457.000 1.259 
458.000 1.209 
459.000 0.956 
460.000 0.590 
461.000 0.308 
462.000 0.124 
463.000 0.005 
464.000 0.001 
465.000 0.158 
466.000 0.383 
467.000 0.641 
468.000 0.901 
469.000 1.120 
470.000 1.251 
471.000 1.318 
472.000 1.253 
473.000 0.963 
474.000 0.580 
475.000 0.294 
476.000 0.110 
477.000 -0.008 
478.000 -0.015 
479.000 0.146 
480.000 0.383 
481.000 0.656 
482.000 0.933 
483.000 1.171 
484.000 1.307 
485.000 1.380 
486.000 1.535 
487.000 1.784 
488.000 2.075 
489.000 2.393 
490.000 2.734 
491.000 3.052 
492.000 3.278 
493.000 3.359 
494.000 3.264 
495.000 3.056 
496.000 2.754 
497.000 2.455 
498.000 2.174 
499.000 1.977 
500.000 1.883 
501.000 1.912 
502.000 2.061 
503.000 2.298 
504.000 2.588 
505.000 2.905 
506.000 3.217 
507.000 3.464 
508.000 3.579 
509.000 3.512 
510.000 3.308 
511.000 2.997 
512.000 2.645 
513.000 2.316 
514.000 2.070 
515.000 1.929 
516.000 1.921 
517.000 2.043 
518.000 2.261 
519.000 2.540 
520.000 2.850 
521.000 3.171 
522.000 3.462 
523.000 3.657 
524.000 3.699 
525.000 3.554 
526.000 3.301 
527.000 2.948 
528.000 2.559 
529.000 2.240 
530.000 2.025 
531.000 1.937 
532.000 1.993 
533.000 2.166 
534.000 2.416 
535.000 2.710 
536.000 3.026 
537.000 3.345 
538.000 3.620 
539.000 3.790 
540.000 3.803 
541.000 3.634 
542.000 3.360 
543.000 2.973 
544.000 2.547 
545.000 2.211 
546.000 1.999 
547.000 1.929 
548.000 2.005 
549.000 2.191 
550.000 2.449 
551.000 2.749 
552.000 3.066 
553.000 3.385 
554.000 3.672 
555.000 3.867 
556.000 3.917 
557.000 3.791 
558.000 3.538 
559.000 3.163 
560.000 2.706 
561.000 2.304 
562.000 2.037 
563.000 1.926 
564.000 1.970 
565.000 2.136 
566.000 2.382 
567.000 2.675 
568.000 2.991 
569.000 3.311 
570.000 3.622 
571.000 3.876 
572.000 4.015 
573.000 3.996 
574.000 3.802 
575.000 3.499 
576.000 3.058 
577.000 2.549 
578.000 2.150 
579.000 1.915 
580.000 1.858 
581.000 1.954 
582.000 2.157 
583.000 2.428 
584.000 2.738 
585.000 3.063 
586.000 3.387 
587.000 3.699 
588.000 3.956 
589.000 4.103 
590.000 4.099 
591.000 3.923 
592.000 3.622 
593.000 3.173 
594.000 2.617 
595.000 2.151 
596.000 1.867 
597.000 1.782 
598.000 1.862 
599.000 2.057 
600.000 2.327 
601.000 2.639 
602.000 2.969 
603.000 3.301 
604.000 3.621 
605.000 3.914 
606.000 4.182 
607.000 4.425 
608.000 4.639 
609.000 4.827 
610.000 4.988 
611.000 5.125 
612.000 5.239 
613.000 5.334 
614.000 5.400 
615.000 5.431 
616.000 5.426 
617.000 5.387 
618.000 5.320 
619.000 5.235 
620.000 5.150 
621.000 5.081 
622.000 5.043 
623.000 5.037 
624.000 5.053 
625.000 5.084 
626.000 5.125 
627.000 5.172 
628.000 5.221 
629.000 5.269 
630.000 5.315 
631.000 5.358 
632.000 5.398 
633.000 5.432 
634.000 5.457 
635.000 5.469 
636.000 5.467 
637.000 5.450 
638.000 5.420 
639.000 5.382 
640.000 5.342 
641.000 5.309 
642.000 5.289 
643.000 5.285 
644.000 5.293 
645.000 5.310 
646.000 5.333 
647.000 5.359 
648.000 5.386 
649.000 5.413 
650.000 5.439 
651.000 5.463 
652.000 5.483 
653.000 5.496 
654.000 5.500 
655.000 5.494 
656.000 5.479 
657.000 5.456 
658.000 5.429 
659.000 5.404 
660.000 5.384 
661.000 5.375 
662.000 5.376 
663.000 5.385 
664.000 5.399 
665.000 5.416 
666.000 5.435 
667.000 5.454 
668.000 5.473 
669.000 5.491 
670.000 5.507 
671.000 5.518 
672.000 5.523 
673.000 5.521 
674.000 5.511 
675.000 5.496 
676.000 5.477 
677.000 5.457 
678.000 5.441 
679.000 5.431 
680.000 5.430 
681.000 5.435 
682.000 5.445 
683.000 5.457 
684.000 5.471 
685.000 5.485 
686.000 5.499 
687.000 5.513 
688.000 5.526 
689.000 5.535 
690.000 5.540 
691.000 5.540 
692.000 5.535 
693.000 5.524 
694.000 5.510 
695.000 5.495 
696.000 5.482 
697.000 5.472 
698.000 5.470 
699.000 5.472 
700.000 5.479 
701.000 5.488 
702.000 5.498 
703.000 5.509 
704.000 5.519 
705.000 5.530 
706.000 5.540 
707.000 5.548 
708.000 5.553 
709.000 5.554 
710.000 5.551 
711.000 5.544 
712.000 5.534 
713.000 5.523 
714.000 5.512 
715.000 5.504 
716.000 5.501 
717.000 5.502 
718.000 5.506 
719.000 5.513 
720.000 5.520 
721.000 5.528 
722.000 5.536 
723.000 5.544 
724.000 5.552 
725.000 5.558 
726.000 5.562 
727.000 5.564 
728.000 5.562 
729.000 5.558 
730.000 5.551 
731.000 5.542 
732.000 5.534 
733.000 5.528 
734.000 5.524 
735.000 5.524 
736.000 5.527 
737.000 5.531 
738.000 5.537 
739.000 5.543 
740.000 5.549 
741.000 5.555 
742.000 5.561 
743.000 5.566 
744.000 5.569 
745.000 5.571 
746.000 5.571 
747.000 5.568 
748.000 5.563 
749.000 5.557 
750.000 5.550 
751.000 5.545 
752.000 5.542 
753.000 5.541 
754.000 5.543 
755.000 5.546 
756.000 5.550 
757.000 5.554 
758.000 5.559 
759.000 5.563 
760.000 5.568 
761.000 5.572 
762.000 5.575 
763.000 5.577 
764.000 5.577 
765.000 5.575 
766.000 5.572 
767.000 5.567 
768.000 5.562 
769.000 5.558 
770.000 5.555 
771.000 5.554 
772.000 5.555 
773.000 5.557 
774.000 5.560 
775.000 5.563 
776.000 5.566 
777.000 5.570 
778.000 5.573 
779.000 5.576 
780.000 5.579 
781.000 5.581 
782.000 5.581 
783.000 5.580 
784.000 5.578 
785.000 5.575 
786.000 5.571 
787.000 5.568 
788.000 5.565 
789.000 5.564 
790.000 5.564 
791.000 5.566 
792.000 5.568 
793.000 5.570 
794.000 5.573 
795.000 5.575 
796.000 5.578 
797.000 5.580 
798.000 5.582 
799.000 5.584 
800.000 5.584 
