1.000 0.000 
2.000 0.000 
3.000 0.000 
4.000 0.000 
5.000 0.000 
6.000 0.000 
7.000 0.000 
8.000 0.000 
9.000 0.000 
10.000 0.000 
11.000 0.000 
12.000 -0.043 
13.000 -0.090 
14.000 -0.109 
15.000 -0.118 
16.000 -0.123 
17.000 -0.129 
18.000 -0.114 
19.000 -0.085 
20.000 -0.061 
21.000 -0.047 
22.000 -0.037 
23.000 -0.038 
24.000 -0.054 
25.000 -0.074 
26.000 -0.091 
27.000 -0.103 
28.000 -0.110 
29.000 -0.113 
30.000 -0.108 
31.000 -0.098 
32.000 -0.085 
33.000 -0.074 
34.000 -0.066 
35.000 -0.064 
36.000 -0.068 
37.000 -0.076 
38.000 -0.085 
39.000 -0.093 
40.000 -0.099 
41.000 -0.102 
42.000 -0.101 
43.000 -0.098 
44.000 -0.092 
45.000 -0.087 
46.000 -0.082 
47.000 -0.079 
48.000 -0.079 
49.000 -0.082 
50.000 -0.086 
51.000 -0.090 
52.000 -0.093 
53.000 -0.095 
54.000 -0.096 
55.000 -0.095 
56.000 -0.093 
57.000 -0.091 
58.000 -0.089 
59.000 -0.087 
60.000 -0.086 
61.000 -0.087 
62.000 -0.088 
63.000 -0.090 
64.000 -0.091 
65.000 -0.093 
66.000 -0.094 
67.000 -0.094 
68.000 -0.093 
69.000 -0.093 
70.000 -0.092 
71.000 -0.091 
72.000 -0.090 
73.000 -0.090 
74.000 -0.091 
75.000 -0.091 
76.000 -0.092 
77.000 -0.093 
78.000 -0.093 
79.000 -0.093 
80.000 -0.093 
81.000 -0.093 
82.000 -0.093 
83.000 -0.093 
84.000 -0.092 
85.000 -0.092 
86.000 -0.092 
87.000 -0.093 
88.000 -0.093 
89.000 -0.093 
90.000 -0.094 
91.000 -0.094 
92.000 -0.094 
93.000 -0.094 
94.000 -0.094 
95.000 -0.094 
96.000 -0.094 
97.000 -0.094 
98.000 -0.094 
99.000 -0.094 
100.000 -0.094 
101.000 -0.094 
102.000 -0.095 
103.000 -0.095 
104.000 -0.095 
105.000 -0.095 
106.000 -0.095 
107.000 -0.095 
108.000 -0.095 
109.000 -0.095 
110.000 -0.095 
111.000 -0.095 
112.000 -0.095 
113.000 -0.095 
114.000 -0.096 
115.000 -0.096 
116.000 -0.096 
117.000 -0.096 
118.000 -0.096 
119.000 -0.096 
120.000 -0.096 
121.000 -0.096 
122.000 -0.096 
123.000 -0.096 
124.000 -0.096 
125.000 -0.097 
126.000 -0.082 
127.000 -0.048 
128.000 -0.032 
129.000 -0.026 
130.000 -0.025 
131.000 -0.032 
132.000 -0.051 
133.000 -0.074 
134.000 -0.089 
135.000 -0.097 
136.000 -0.101 
137.000 -0.099 
138.000 -0.087 
139.000 -0.067 
140.000 -0.047 
141.000 -0.032 
142.000 -0.024 
143.000 -0.029 
144.000 -0.044 
145.000 -0.063 
146.000 -0.080 
147.000 -0.092 
148.000 -0.100 
149.000 -0.101 
150.000 -0.094 
151.000 -0.079 
152.000 -0.060 
153.000 -0.042 
154.000 -0.030 
155.000 -0.028 
156.000 -0.038 
157.000 -0.054 
158.000 -0.071 
159.000 -0.085 
160.000 -0.095 
161.000 -0.100 
162.000 -0.097 
163.000 -0.088 
164.000 -0.072 
165.000 -0.055 
166.000 -0.040 
167.000 -0.032 
168.000 -0.035 
169.000 -0.047 
170.000 -0.062 
171.000 -0.077 
172.000 -0.089 
173.000 -0.096 
174.000 -0.098 
175.000 -0.093 
176.000 -0.081 
177.000 -0.066 
178.000 -0.050 
179.000 -0.039 
180.000 -0.037 
181.000 -0.043 
182.000 -0.055 
183.000 -0.070 
184.000 -0.082 
185.000 -0.092 
186.000 -0.096 
187.000 -0.095 
188.000 -0.088 
189.000 -0.075 
190.000 -0.061 
191.000 -0.048 
192.000 -0.041 
193.000 -0.043 
194.000 -0.051 
195.000 -0.063 
196.000 -0.075 
197.000 -0.086 
198.000 -0.092 
199.000 -0.094 
200.000 -0.091 
201.000 -0.082 
202.000 -0.070 
203.000 -0.058 
204.000 -0.048 
205.000 -0.045 
206.000 -0.049 
207.000 -0.058 
208.000 -0.069 
209.000 -0.080 
210.000 -0.088 
211.000 -0.092 
212.000 -0.092 
213.000 -0.086 
214.000 -0.077 
215.000 -0.066 
216.000 -0.056 
217.000 -0.050 
218.000 -0.050 
219.000 -0.055 
220.000 -0.064 
221.000 -0.074 
222.000 -0.083 
223.000 -0.088 
224.000 -0.090 
225.000 -0.088 
226.000 -0.082 
227.000 -0.073 
228.000 -0.063 
229.000 -0.056 
230.000 -0.053 
231.000 -0.055 
232.000 -0.061 
233.000 -0.069 
234.000 -0.078 
235.000 -0.084 
236.000 -0.088 
237.000 -0.088 
238.000 -0.085 
239.000 -0.078 
240.000 -0.070 
241.000 -0.062 
242.000 -0.057 
243.000 -0.057 
244.000 -0.060 
245.000 -0.066 
246.000 0.020 
247.000 0.127 
248.000 0.300 
249.000 0.396 
250.000 0.549 
251.000 0.571 
252.000 0.424 
253.000 0.219 
254.000 0.062 
255.000 -0.036 
256.000 -0.096 
257.000 -0.167 
258.000 -0.108 
259.000 0.000 
260.000 0.179 
261.000 0.308 
262.000 0.485 
263.000 0.554 
264.000 0.557 
265.000 0.370 
266.000 0.176 
267.000 0.036 
268.000 -0.052 
269.000 -0.105 
270.000 -0.170 
271.000 -0.126 
272.000 0.003 
273.000 0.123 
274.000 0.301 
275.000 0.423 
276.000 0.584 
277.000 0.601 
278.000 0.444 
279.000 0.231 
280.000 0.070 
281.000 -0.031 
282.000 -0.093 
283.000 -0.166 
284.000 -0.110 
285.000 -0.002 
286.000 0.175 
287.000 0.307 
288.000 0.486 
289.000 0.560 
290.000 0.579 
291.000 0.401 
292.000 0.200 
293.000 0.052 
294.000 -0.042 
295.000 -0.099 
296.000 -0.173 
297.000 -0.131 
298.000 -0.019 
299.000 0.126 
300.000 0.285 
301.000 0.436 
302.000 0.573 
303.000 0.608 
304.000 0.450 
305.000 0.235 
306.000 0.073 
307.000 -0.030 
308.000 -0.092 
309.000 -0.167 
310.000 -0.113 
311.000 -0.006 
312.000 0.170 
313.000 0.305 
314.000 0.485 
315.000 0.565 
316.000 0.599 
317.000 0.435 
318.000 0.226 
319.000 0.069 
320.000 -0.032 
321.000 -0.093 
322.000 -0.171 
323.000 -0.125 
324.000 -0.031 
325.000 0.138 
326.000 0.275 
327.000 0.457 
328.000 0.548 
329.000 0.622 
330.000 0.521 
331.000 0.299 
332.000 0.118 
333.000 -0.002 
334.000 -0.075 
335.000 -0.119 
336.000 -0.076 
337.000 0.033 
338.000 0.209 
339.000 0.341 
340.000 0.516 
341.000 0.588 
342.000 0.586 
343.000 0.388 
344.000 0.186 
345.000 0.041 
346.000 -0.049 
347.000 -0.103 
348.000 -0.162 
349.000 -0.115 
350.000 0.025 
351.000 0.167 
352.000 0.356 
353.000 0.483 
354.000 0.643 
355.000 0.657 
356.000 0.455 
357.000 0.231 
358.000 0.069 
359.000 -0.032 
360.000 -0.093 
361.000 -0.169 
362.000 -0.129 
363.000 -0.015 
364.000 0.129 
365.000 0.294 
366.000 0.511 
367.000 0.702 
368.000 0.877 
369.000 0.974 
370.000 1.068 
371.000 1.009 
372.000 0.750 
373.000 0.436 
374.000 0.206 
375.000 0.058 
376.000 -0.074 
377.000 -0.056 
378.000 0.068 
379.000 0.249 
380.000 0.440 
381.000 0.648 
382.000 0.821 
383.000 0.975 
384.000 1.051 
385.000 1.105 
386.000 0.996 
387.000 0.671 
388.000 0.366 
389.000 0.157 
390.000 0.030 
391.000 -0.080 
392.000 -0.058 
393.000 0.055 
394.000 0.220 
395.000 0.417 
396.000 0.622 
397.000 0.814 
398.000 0.970 
399.000 1.087 
400.000 1.150 
401.000 1.079 
402.000 0.768 
403.000 0.439 
404.000 0.201 
405.000 0.050 
406.000 -0.079 
407.000 -0.060 
408.000 0.073 
409.000 0.263 
410.000 0.473 
411.000 0.697 
412.000 0.896 
413.000 1.062 
414.000 1.167 
415.000 1.220 
416.000 1.093 
417.000 0.712 
418.000 0.381 
419.000 0.158 
420.000 0.021 
421.000 -0.111 
422.000 -0.098 
423.000 0.017 
424.000 0.197 
425.000 0.410 
426.000 0.644 
427.000 0.866 
428.000 1.056 
429.000 1.191 
430.000 1.276 
431.000 1.217 
432.000 0.853 
433.000 0.480 
434.000 0.219 
435.000 0.058 
436.000 -0.046 
437.000 -0.039 
438.000 0.100 
439.000 0.297 
440.000 0.522 
441.000 0.756 
442.000 0.973 
443.000 1.147 
444.000 1.267 
445.000 1.314 
446.000 1.157 
447.000 0.731 
448.000 0.386 
449.000 0.160 
450.000 0.022 
451.000 -0.106 
452.000 -0.086 
453.000 0.040 
454.000 0.231 
455.000 0.461 
456.000 0.713 
457.000 0.956 
458.000 1.158 
459.000 1.306 
460.000 1.388 
461.000 1.299 
462.000 0.860 
463.000 0.473 
464.000 0.214 
465.000 0.055 
466.000 -0.050 
467.000 -0.041 
468.000 0.109 
469.000 0.318 
470.000 0.560 
471.000 0.813 
472.000 1.054 
473.000 1.244 
474.000 1.379 
475.000 1.423 
476.000 1.222 
477.000 0.749 
478.000 0.390 
479.000 0.161 
480.000 0.023 
481.000 -0.094 
482.000 -0.056 
483.000 0.085 
484.000 0.299 
485.000 0.547 
486.000 0.875 
487.000 1.282 
488.000 1.730 
489.000 2.191 
490.000 2.643 
491.000 3.073 
492.000 3.471 
493.000 3.823 
494.000 4.072 
495.000 4.154 
496.000 4.021 
497.000 3.499 
498.000 2.288 
499.000 1.343 
500.000 0.737 
501.000 0.256 
502.000 0.031 
503.000 0.052 
504.000 0.273 
505.000 0.627 
506.000 1.062 
507.000 1.538 
508.000 2.025 
509.000 2.503 
510.000 2.956 
511.000 3.375 
512.000 3.754 
513.000 4.090 
514.000 4.340 
515.000 4.443 
516.000 4.352 
517.000 3.962 
518.000 2.788 
519.000 1.681 
520.000 0.945 
521.000 0.487 
522.000 0.202 
523.000 0.200 
524.000 0.399 
525.000 0.732 
526.000 1.148 
527.000 1.608 
528.000 2.082 
529.000 2.547 
530.000 2.990 
531.000 3.400 
532.000 3.772 
533.000 4.103 
534.000 4.393 
535.000 4.591 
536.000 4.645 
537.000 4.518 
538.000 4.146 
539.000 3.086 
540.000 1.891 
541.000 1.075 
542.000 0.563 
543.000 0.240 
544.000 0.209 
545.000 0.387 
546.000 0.707 
547.000 1.114 
548.000 1.569 
549.000 2.040 
550.000 2.506 
551.000 2.950 
552.000 3.363 
553.000 3.738 
554.000 4.072 
555.000 4.366 
556.000 4.618 
557.000 4.785 
558.000 4.818 
559.000 4.690 
560.000 4.392 
561.000 3.728 
562.000 2.432 
563.000 1.431 
564.000 0.788 
565.000 0.343 
566.000 0.221 
567.000 0.333 
568.000 0.607 
569.000 0.987 
570.000 1.426 
571.000 1.892 
572.000 2.359 
573.000 2.810 
574.000 3.233 
575.000 3.620 
576.000 3.967 
577.000 4.273 
578.000 4.539 
579.000 4.767 
580.000 4.922 
581.000 4.964 
582.000 4.865 
583.000 4.618 
584.000 4.178 
585.000 3.208 
586.000 1.981 
587.000 1.131 
588.000 0.469 
589.000 0.132 
590.000 0.084 
591.000 0.255 
592.000 0.574 
593.000 0.987 
594.000 1.449 
595.000 1.931 
596.000 2.408 
597.000 2.864 
598.000 3.288 
599.000 3.674 
600.000 4.018 
601.000 4.321 
602.000 4.582 
603.000 4.805 
604.000 4.989 
605.000 5.098 
606.000 5.181 
607.000 5.255 
608.000 5.320 
609.000 5.376 
610.000 5.424 
611.000 5.464 
612.000 5.498 
613.000 5.525 
614.000 5.547 
615.000 5.564 
616.000 5.577 
617.000 5.587 
618.000 5.595 
619.000 5.600 
620.000 5.603 
621.000 5.605 
622.000 5.607 
623.000 5.607 
624.000 5.607 
625.000 5.606 
626.000 5.605 
627.000 5.604 
628.000 5.603 
629.000 5.602 
630.000 5.601 
631.000 5.600 
632.000 5.599 
633.000 5.598 
634.000 5.597 
635.000 5.597 
636.000 5.596 
637.000 5.596 
638.000 5.595 
639.000 5.595 
640.000 5.595 
641.000 5.595 
642.000 5.594 
643.000 5.594 
644.000 5.594 
645.000 5.594 
646.000 5.594 
647.000 5.594 
648.000 5.594 
649.000 5.594 
650.000 5.594 
651.000 5.594 
652.000 5.594 
653.000 5.594 
654.000 5.594 
655.000 5.594 
656.000 5.594 
657.000 5.594 
658.000 5.594 
659.000 5.594 
660.000 5.594 
661.000 5.594 
662.000 5.594 
663.000 5.594 
664.000 5.594 
665.000 5.594 
666.000 5.594 
667.000 5.594 
668.000 5.594 
669.000 5.594 
670.000 5.594 
671.000 5.594 
672.000 5.594 
673.000 5.594 
674.000 5.594 
675.000 5.594 
676.000 5.594 
677.000 5.594 
678.000 5.594 
679.000 5.594 
680.000 5.594 
681.000 5.594 
682.000 5.594 
683.000 5.594 
684.000 5.594 
685.000 5.594 
686.000 5.594 
687.000 5.594 
688.000 5.594 
689.000 5.594 
690.000 5.594 
691.000 5.594 
692.000 5.594 
693.000 5.594 
694.000 5.594 
695.000 5.594 
696.000 5.594 
697.000 5.594 
698.000 5.594 
699.000 5.594 
700.000 5.594 
701.000 5.594 
702.000 5.594 
703.000 5.594 
704.000 5.594 
705.000 5.594 
706.000 5.594 
707.000 5.594 
708.000 5.594 
709.000 5.594 
710.000 5.594 
711.000 5.594 
712.000 5.594 
713.000 5.594 
714.000 5.594 
715.000 5.594 
716.000 5.594 
717.000 5.594 
718.000 5.594 
719.000 5.594 
720.000 5.594 
721.000 5.594 
722.000 5.594 
723.000 5.594 
724.000 5.594 
725.000 5.594 
726.000 5.594 
727.000 5.594 
728.000 5.594 
729.000 5.594 
730.000 5.594 
731.000 5.594 
732.000 5.594 
733.000 5.594 
734.000 5.594 
735.000 5.594 
736.000 5.594 
737.000 5.594 
738.000 5.594 
739.000 5.594 
740.000 5.594 
741.000 5.594 
742.000 5.594 
743.000 5.594 
744.000 5.594 
745.000 5.594 
746.000 5.594 
747.000 5.594 
748.000 5.594 
749.000 5.594 
750.000 5.594 
751.000 5.594 
752.000 5.594 
753.000 5.594 
754.000 5.594 
755.000 5.594 
756.000 5.594 
757.000 5.594 
758.000 5.594 
759.000 5.594 
760.000 5.594 
761.000 5.594 
762.000 5.594 
763.000 5.594 
764.000 5.594 
765.000 5.594 
766.000 5.594 
767.000 5.594 
768.000 5.594 
769.000 5.594 
770.000 5.594 
771.000 5.594 
772.000 5.594 
773.000 5.594 
774.000 5.594 
775.000 5.594 
776.000 5.594 
777.000 5.594 
778.000 5.594 
779.000 5.594 
780.000 5.594 
781.000 5.594 
782.000 5.594 
783.000 5.594 
784.000 5.594 
785.000 5.594 
786.000 5.594 
787.000 5.594 
788.000 5.594 
789.000 5.594 
790.000 5.594 
791.000 5.594 
792.000 5.594 
793.000 5.594 
794.000 5.594 
795.000 5.594 
796.000 5.594 
797.000 5.594 
798.000 5.594 
799.000 5.594 
800.000 5.594 
