1.000 0.000 
2.000 0.000 
3.000 0.000 
4.000 0.000 
5.000 0.000 
6.000 0.000 
7.000 0.000 
8.000 0.000 
9.000 0.000 
10.000 0.000 
11.000 0.000 
12.000 -0.043 
13.000 -0.090 
14.000 -0.111 
15.000 -0.122 
16.000 -0.129 
17.000 -0.144 
18.000 -0.109 
19.000 -0.056 
20.000 -0.018 
21.000 0.002 
22.000 0.025 
23.000 0.005 
24.000 -0.048 
25.000 -0.097 
26.000 -0.127 
27.000 -0.146 
28.000 -0.157 
29.000 -0.159 
30.000 -0.108 
31.000 -0.039 
32.000 0.023 
33.000 0.069 
34.000 0.089 
35.000 0.033 
36.000 -0.040 
37.000 -0.096 
38.000 -0.131 
39.000 -0.153 
40.000 -0.176 
41.000 -0.158 
42.000 -0.090 
43.000 -0.011 
44.000 0.057 
45.000 0.125 
46.000 0.124 
47.000 0.037 
48.000 -0.047 
49.000 -0.101 
50.000 -0.135 
51.000 -0.155 
52.000 -0.200 
53.000 -0.166 
54.000 -0.088 
55.000 -0.009 
56.000 0.056 
57.000 0.159 
58.000 0.178 
59.000 0.074 
60.000 -0.024 
61.000 -0.087 
62.000 -0.126 
63.000 -0.150 
64.000 -0.197 
65.000 -0.163 
66.000 -0.086 
67.000 -0.007 
68.000 0.055 
69.000 0.154 
70.000 0.170 
71.000 0.068 
72.000 -0.028 
73.000 -0.090 
74.000 -0.128 
75.000 -0.151 
76.000 -0.196 
77.000 -0.164 
78.000 -0.089 
79.000 -0.016 
80.000 0.041 
81.000 0.133 
82.000 0.146 
83.000 0.051 
84.000 -0.038 
85.000 -0.096 
86.000 -0.131 
87.000 -0.153 
88.000 -0.195 
89.000 -0.165 
90.000 -0.094 
91.000 -0.026 
92.000 0.026 
93.000 0.109 
94.000 0.118 
95.000 0.032 
96.000 -0.050 
97.000 -0.103 
98.000 -0.136 
99.000 -0.155 
100.000 -0.194 
101.000 -0.166 
102.000 -0.099 
103.000 -0.035 
104.000 0.011 
105.000 0.085 
106.000 0.091 
107.000 0.014 
108.000 -0.061 
109.000 -0.110 
110.000 -0.140 
111.000 -0.158 
112.000 -0.192 
113.000 -0.168 
114.000 -0.105 
115.000 -0.046 
116.000 -0.003 
117.000 0.062 
118.000 0.067 
119.000 -0.003 
120.000 -0.071 
121.000 -0.116 
122.000 -0.144 
123.000 -0.160 
124.000 -0.191 
125.000 -0.168 
126.000 -0.056 
127.000 0.033 
128.000 0.106 
129.000 0.189 
130.000 0.188 
131.000 0.079 
132.000 -0.021 
133.000 -0.086 
134.000 -0.125 
135.000 -0.149 
136.000 -0.201 
137.000 -0.159 
138.000 -0.074 
139.000 0.019 
140.000 0.098 
141.000 0.222 
142.000 0.238 
143.000 0.112 
144.000 -0.000 
145.000 -0.073 
146.000 -0.118 
147.000 -0.145 
148.000 -0.199 
149.000 -0.157 
150.000 -0.072 
151.000 0.021 
152.000 0.098 
153.000 0.221 
154.000 0.235 
155.000 0.110 
156.000 -0.002 
157.000 -0.074 
158.000 -0.118 
159.000 -0.145 
160.000 -0.199 
161.000 -0.158 
162.000 -0.075 
163.000 0.016 
164.000 0.090 
165.000 0.210 
166.000 0.224 
167.000 0.103 
168.000 -0.006 
169.000 -0.077 
170.000 -0.120 
171.000 -0.146 
172.000 -0.199 
173.000 -0.160 
174.000 -0.079 
175.000 0.009 
176.000 0.080 
177.000 0.198 
178.000 0.213 
179.000 0.095 
180.000 -0.011 
181.000 -0.080 
182.000 -0.122 
183.000 -0.147 
184.000 -0.199 
185.000 -0.162 
186.000 -0.082 
187.000 0.003 
188.000 0.072 
189.000 0.186 
190.000 0.200 
191.000 0.087 
192.000 -0.016 
193.000 -0.083 
194.000 -0.124 
195.000 -0.148 
196.000 -0.199 
197.000 -0.163 
198.000 -0.085 
199.000 -0.002 
200.000 0.063 
201.000 0.174 
202.000 0.188 
203.000 0.079 
204.000 -0.021 
205.000 -0.086 
206.000 -0.125 
207.000 -0.149 
208.000 -0.199 
209.000 -0.164 
210.000 -0.087 
211.000 -0.008 
212.000 0.056 
213.000 0.163 
214.000 0.176 
215.000 0.071 
216.000 -0.026 
217.000 -0.089 
218.000 -0.127 
219.000 -0.150 
220.000 -0.199 
221.000 -0.165 
222.000 -0.090 
223.000 -0.012 
224.000 0.049 
225.000 0.152 
226.000 0.164 
227.000 0.063 
228.000 -0.031 
229.000 -0.092 
230.000 -0.129 
231.000 -0.151 
232.000 -0.199 
233.000 -0.165 
234.000 -0.092 
235.000 -0.017 
236.000 0.042 
237.000 0.142 
238.000 0.154 
239.000 0.056 
240.000 -0.035 
241.000 -0.094 
242.000 -0.131 
243.000 -0.152 
244.000 -0.198 
245.000 -0.166 
246.000 -0.035 
247.000 0.078 
248.000 0.257 
249.000 0.373 
250.000 0.536 
251.000 0.500 
252.000 0.294 
253.000 0.117 
254.000 -0.002 
255.000 -0.075 
256.000 -0.118 
257.000 -0.128 
258.000 -0.037 
259.000 0.130 
260.000 0.251 
261.000 0.426 
262.000 0.492 
263.000 0.423 
264.000 0.228 
265.000 0.070 
266.000 -0.031 
267.000 -0.093 
268.000 -0.137 
269.000 -0.079 
270.000 0.040 
271.000 0.220 
272.000 0.335 
273.000 0.502 
274.000 0.519 
275.000 0.327 
276.000 0.143 
277.000 0.015 
278.000 -0.065 
279.000 -0.113 
280.000 -0.131 
281.000 -0.042 
282.000 0.123 
283.000 0.249 
284.000 0.426 
285.000 0.503 
286.000 0.463 
287.000 0.263 
288.000 0.094 
289.000 -0.016 
290.000 -0.084 
291.000 -0.120 
292.000 -0.098 
293.000 0.009 
294.000 0.182 
295.000 0.304 
296.000 0.475 
297.000 0.523 
298.000 0.379 
299.000 0.188 
300.000 0.044 
301.000 -0.047 
302.000 -0.102 
303.000 -0.144 
304.000 -0.076 
305.000 0.075 
306.000 0.208 
307.000 0.389 
308.000 0.491 
309.000 0.562 
310.000 0.395 
311.000 0.193 
312.000 0.046 
313.000 -0.046 
314.000 -0.102 
315.000 -0.126 
316.000 -0.037 
317.000 0.126 
318.000 0.258 
319.000 0.436 
320.000 0.522 
321.000 0.501 
322.000 0.295 
323.000 0.116 
324.000 -0.003 
325.000 -0.076 
326.000 -0.119 
327.000 -0.129 
328.000 -0.031 
329.000 0.137 
330.000 0.269 
331.000 0.447 
332.000 0.530 
333.000 0.479 
334.000 0.270 
335.000 0.096 
336.000 -0.015 
337.000 -0.083 
338.000 -0.120 
339.000 -0.085 
340.000 0.033 
341.000 0.211 
342.000 0.339 
343.000 0.510 
344.000 0.557 
345.000 0.386 
346.000 0.188 
347.000 0.043 
348.000 -0.048 
349.000 -0.103 
350.000 -0.126 
351.000 -0.034 
352.000 0.130 
353.000 0.267 
354.000 0.447 
355.000 0.540 
356.000 0.527 
357.000 0.315 
358.000 0.129 
359.000 0.005 
360.000 -0.071 
361.000 -0.116 
362.000 -0.133 
363.000 -0.034 
364.000 0.133 
365.000 0.271 
366.000 0.485 
367.000 0.710 
368.000 0.893 
369.000 0.981 
370.000 1.062 
371.000 0.895 
372.000 0.529 
373.000 0.253 
374.000 0.079 
375.000 -0.027 
376.000 -0.089 
377.000 0.016 
378.000 0.196 
379.000 0.406 
380.000 0.627 
381.000 0.833 
382.000 0.977 
383.000 1.072 
384.000 0.951 
385.000 0.575 
386.000 0.283 
387.000 0.097 
388.000 -0.016 
389.000 -0.084 
390.000 0.022 
391.000 0.206 
392.000 0.429 
393.000 0.662 
394.000 0.885 
395.000 1.034 
396.000 1.139 
397.000 1.014 
398.000 0.617 
399.000 0.309 
400.000 0.112 
401.000 -0.007 
402.000 -0.079 
403.000 0.028 
404.000 0.219 
405.000 0.455 
406.000 0.702 
407.000 0.939 
408.000 1.096 
409.000 1.208 
410.000 1.075 
411.000 0.657 
412.000 0.333 
413.000 0.127 
414.000 0.002 
415.000 -0.075 
416.000 0.034 
417.000 0.232 
418.000 0.482 
419.000 0.747 
420.000 1.007 
421.000 1.185 
422.000 1.301 
423.000 1.134 
424.000 0.688 
425.000 0.351 
426.000 0.138 
427.000 0.008 
428.000 -0.072 
429.000 0.040 
430.000 0.250 
431.000 0.516 
432.000 0.803 
433.000 1.084 
434.000 1.283 
435.000 1.401 
436.000 1.164 
437.000 0.700 
438.000 0.356 
439.000 0.141 
440.000 0.010 
441.000 -0.071 
442.000 0.045 
443.000 0.267 
444.000 0.549 
445.000 0.853 
446.000 1.154 
447.000 1.372 
448.000 1.484 
449.000 1.156 
450.000 0.685 
451.000 0.345 
452.000 0.134 
453.000 0.006 
454.000 -0.073 
455.000 0.050 
456.000 0.283 
457.000 0.580 
458.000 0.901 
459.000 1.220 
460.000 1.455 
461.000 1.556 
462.000 1.158 
463.000 0.677 
464.000 0.340 
465.000 0.131 
466.000 0.004 
467.000 -0.074 
468.000 0.054 
469.000 0.298 
470.000 0.608 
471.000 0.945 
472.000 1.281 
473.000 1.531 
474.000 1.626 
475.000 1.187 
476.000 0.693 
477.000 0.349 
478.000 0.136 
479.000 0.007 
480.000 -0.073 
481.000 0.057 
482.000 0.310 
483.000 0.632 
484.000 0.982 
485.000 1.333 
486.000 1.717 
487.000 2.133 
488.000 2.556 
489.000 2.968 
490.000 3.357 
491.000 3.671 
492.000 3.831 
493.000 3.769 
494.000 3.251 
495.000 2.093 
496.000 1.217 
497.000 0.660 
498.000 0.252 
499.000 0.161 
500.000 0.299 
501.000 0.592 
502.000 0.986 
503.000 1.435 
504.000 1.908 
505.000 2.379 
506.000 2.833 
507.000 3.256 
508.000 3.643 
509.000 3.963 
510.000 4.150 
511.000 4.138 
512.000 3.812 
513.000 2.678 
514.000 1.612 
515.000 0.903 
516.000 0.458 
517.000 0.191 
518.000 0.202 
519.000 0.410 
520.000 0.749 
521.000 1.170 
522.000 1.631 
523.000 2.105 
524.000 2.570 
525.000 3.012 
526.000 3.420 
527.000 3.790 
528.000 4.119 
529.000 4.365 
530.000 4.467 
531.000 4.382 
532.000 4.037 
533.000 2.973 
534.000 1.815 
535.000 1.029 
536.000 0.495 
537.000 0.192 
538.000 0.178 
539.000 0.369 
540.000 0.698 
541.000 1.112 
542.000 1.572 
543.000 2.047 
544.000 2.515 
545.000 2.960 
546.000 3.373 
547.000 3.749 
548.000 4.083 
549.000 4.375 
550.000 4.603 
551.000 4.715 
552.000 4.676 
553.000 4.469 
554.000 4.005 
555.000 2.866 
556.000 1.737 
557.000 0.980 
558.000 0.418 
559.000 0.212 
560.000 0.266 
561.000 0.502 
562.000 0.858 
563.000 1.286 
564.000 1.748 
565.000 2.219 
566.000 2.677 
567.000 3.110 
568.000 3.508 
569.000 3.868 
570.000 4.187 
571.000 4.465 
572.000 4.704 
573.000 4.874 
574.000 4.936 
575.000 4.866 
576.000 4.658 
577.000 4.324 
578.000 3.785 
579.000 2.724 
580.000 1.652 
581.000 0.831 
582.000 0.414 
583.000 0.310 
584.000 0.433 
585.000 0.711 
586.000 1.090 
587.000 1.524 
588.000 1.983 
589.000 2.442 
590.000 2.884 
591.000 3.298 
592.000 3.676 
593.000 4.015 
594.000 4.313 
595.000 4.572 
596.000 4.794 
597.000 4.975 
598.000 5.082 
599.000 5.087 
600.000 4.978 
601.000 4.757 
602.000 4.443 
603.000 4.068 
604.000 3.669 
605.000 3.321 
606.000 3.124 
607.000 3.077 
608.000 3.136 
609.000 3.270 
610.000 3.450 
611.000 3.658 
612.000 3.877 
613.000 4.095 
614.000 4.306 
615.000 4.503 
616.000 4.682 
617.000 4.844 
618.000 4.986 
619.000 5.109 
620.000 5.214 
621.000 5.303 
622.000 5.376 
623.000 5.437 
624.000 5.485 
625.000 5.523 
626.000 5.553 
627.000 5.576 
628.000 5.593 
629.000 5.604 
630.000 5.613 
631.000 5.618 
632.000 5.620 
633.000 5.621 
634.000 5.621 
635.000 5.620 
636.000 5.618 
637.000 5.616 
638.000 5.613 
639.000 5.611 
640.000 5.609 
641.000 5.607 
642.000 5.605 
643.000 5.603 
644.000 5.601 
645.000 5.600 
646.000 5.599 
647.000 5.598 
648.000 5.597 
649.000 5.596 
650.000 5.596 
651.000 5.595 
652.000 5.595 
653.000 5.594 
654.000 5.594 
655.000 5.594 
656.000 5.594 
657.000 5.594 
658.000 5.594 
659.000 5.594 
660.000 5.594 
661.000 5.594 
662.000 5.594 
663.000 5.594 
664.000 5.594 
665.000 5.594 
666.000 5.594 
667.000 5.594 
668.000 5.594 
669.000 5.594 
670.000 5.594 
671.000 5.594 
672.000 5.594 
673.000 5.594 
674.000 5.594 
675.000 5.594 
676.000 5.594 
677.000 5.594 
678.000 5.594 
679.000 5.594 
680.000 5.594 
681.000 5.594 
682.000 5.594 
683.000 5.594 
684.000 5.594 
685.000 5.594 
686.000 5.594 
687.000 5.594 
688.000 5.594 
689.000 5.594 
690.000 5.594 
691.000 5.594 
692.000 5.594 
693.000 5.594 
694.000 5.594 
695.000 5.594 
696.000 5.594 
697.000 5.594 
698.000 5.594 
699.000 5.594 
700.000 5.594 
701.000 5.594 
702.000 5.594 
703.000 5.594 
704.000 5.594 
705.000 5.594 
706.000 5.594 
707.000 5.594 
708.000 5.594 
709.000 5.594 
710.000 5.594 
711.000 5.594 
712.000 5.594 
713.000 5.594 
714.000 5.594 
715.000 5.594 
716.000 5.594 
717.000 5.594 
718.000 5.594 
719.000 5.594 
720.000 5.594 
721.000 5.594 
722.000 5.594 
723.000 5.594 
724.000 5.594 
725.000 5.594 
726.000 5.594 
727.000 5.594 
728.000 5.594 
729.000 5.594 
730.000 5.594 
731.000 5.594 
732.000 5.594 
733.000 5.594 
734.000 5.594 
735.000 5.594 
736.000 5.594 
737.000 5.594 
738.000 5.594 
739.000 5.594 
740.000 5.594 
741.000 5.594 
742.000 5.594 
743.000 5.594 
744.000 5.594 
745.000 5.594 
746.000 5.594 
747.000 5.594 
748.000 5.594 
749.000 5.594 
750.000 5.594 
751.000 5.594 
752.000 5.594 
753.000 5.594 
754.000 5.594 
755.000 5.594 
756.000 5.594 
757.000 5.594 
758.000 5.594 
759.000 5.594 
760.000 5.594 
761.000 5.594 
762.000 5.594 
763.000 5.594 
764.000 5.594 
765.000 5.594 
766.000 5.594 
767.000 5.594 
768.000 5.594 
769.000 5.594 
770.000 5.594 
771.000 5.594 
772.000 5.594 
773.000 5.594 
774.000 5.594 
775.000 5.594 
776.000 5.594 
777.000 5.594 
778.000 5.594 
779.000 5.594 
780.000 5.594 
781.000 5.594 
782.000 5.594 
783.000 5.594 
784.000 5.594 
785.000 5.594 
786.000 5.594 
787.000 5.594 
788.000 5.594 
789.000 5.594 
790.000 5.594 
791.000 5.594 
792.000 5.594 
793.000 5.594 
794.000 5.594 
795.000 5.594 
796.000 5.594 
797.000 5.594 
798.000 5.594 
799.000 5.594 
800.000 5.594 
