1.000 0.000 
2.000 0.000 
3.000 0.000 
4.000 0.000 
5.000 0.000 
6.000 0.000 
7.000 0.000 
8.000 0.000 
9.000 0.000 
10.000 0.000 
11.000 0.000 
12.000 -0.042 
13.000 -0.087 
14.000 -0.105 
15.000 -0.113 
16.000 -0.117 
17.000 -0.121 
18.000 -0.111 
19.000 -0.090 
20.000 -0.072 
21.000 -0.059 
22.000 -0.051 
23.000 -0.049 
24.000 -0.056 
25.000 -0.069 
26.000 -0.081 
27.000 -0.090 
28.000 -0.097 
29.000 -0.100 
30.000 -0.100 
31.000 -0.096 
32.000 -0.090 
33.000 -0.083 
34.000 -0.078 
35.000 -0.074 
36.000 -0.074 
37.000 -0.076 
38.000 -0.079 
39.000 -0.083 
40.000 -0.087 
41.000 -0.090 
42.000 -0.091 
43.000 -0.091 
44.000 -0.090 
45.000 -0.088 
46.000 -0.086 
47.000 -0.084 
48.000 -0.083 
49.000 -0.083 
50.000 -0.083 
51.000 -0.084 
52.000 -0.086 
53.000 -0.087 
54.000 -0.088 
55.000 -0.089 
56.000 -0.089 
57.000 -0.089 
58.000 -0.088 
59.000 -0.088 
60.000 -0.087 
61.000 -0.087 
62.000 -0.087 
63.000 -0.087 
64.000 -0.087 
65.000 -0.088 
66.000 -0.088 
67.000 -0.089 
68.000 -0.089 
69.000 -0.089 
70.000 -0.089 
71.000 -0.089 
72.000 -0.089 
73.000 -0.089 
74.000 -0.089 
75.000 -0.089 
76.000 -0.089 
77.000 -0.089 
78.000 -0.089 
79.000 -0.089 
80.000 -0.090 
81.000 -0.090 
82.000 -0.090 
83.000 -0.090 
84.000 -0.090 
85.000 -0.090 
86.000 -0.090 
87.000 -0.090 
88.000 -0.090 
89.000 -0.090 
90.000 -0.090 
91.000 -0.091 
92.000 -0.091 
93.000 -0.091 
94.000 -0.091 
95.000 -0.091 
96.000 -0.091 
97.000 -0.091 
98.000 -0.091 
99.000 -0.091 
100.000 -0.091 
101.000 -0.092 
102.000 -0.092 
103.000 -0.092 
104.000 -0.092 
105.000 -0.092 
106.000 -0.092 
107.000 -0.092 
108.000 -0.092 
109.000 -0.092 
110.000 -0.092 
111.000 -0.093 
112.000 -0.093 
113.000 -0.093 
114.000 -0.093 
115.000 -0.093 
116.000 -0.093 
117.000 -0.093 
118.000 -0.093 
119.000 -0.093 
120.000 -0.093 
121.000 -0.093 
122.000 -0.093 
123.000 -0.094 
124.000 -0.094 
125.000 -0.094 
126.000 -0.086 
127.000 -0.061 
128.000 -0.046 
129.000 -0.038 
130.000 -0.035 
131.000 -0.036 
132.000 -0.047 
133.000 -0.062 
134.000 -0.075 
135.000 -0.083 
136.000 -0.088 
137.000 -0.090 
138.000 -0.087 
139.000 -0.078 
140.000 -0.067 
141.000 -0.057 
142.000 -0.049 
143.000 -0.046 
144.000 -0.048 
145.000 -0.055 
146.000 -0.063 
147.000 -0.072 
148.000 -0.079 
149.000 -0.083 
150.000 -0.084 
151.000 -0.081 
152.000 -0.076 
153.000 -0.069 
154.000 -0.062 
155.000 -0.057 
156.000 -0.055 
157.000 -0.056 
158.000 -0.059 
159.000 -0.065 
160.000 -0.071 
161.000 -0.076 
162.000 -0.079 
163.000 -0.079 
164.000 -0.078 
165.000 -0.075 
166.000 -0.070 
167.000 -0.066 
168.000 -0.062 
169.000 -0.060 
170.000 -0.061 
171.000 -0.063 
172.000 -0.066 
173.000 -0.070 
174.000 -0.073 
175.000 -0.076 
176.000 -0.076 
177.000 -0.076 
178.000 -0.073 
179.000 -0.071 
180.000 -0.068 
181.000 -0.065 
182.000 -0.064 
183.000 -0.064 
184.000 -0.065 
185.000 -0.067 
186.000 -0.070 
187.000 -0.072 
188.000 -0.074 
189.000 -0.074 
190.000 -0.074 
191.000 -0.073 
192.000 -0.071 
193.000 -0.069 
194.000 -0.067 
195.000 -0.066 
196.000 -0.066 
197.000 -0.067 
198.000 -0.068 
199.000 -0.070 
200.000 -0.072 
201.000 -0.073 
202.000 -0.073 
203.000 -0.073 
204.000 -0.072 
205.000 -0.071 
206.000 -0.070 
207.000 -0.069 
208.000 -0.068 
209.000 -0.068 
210.000 -0.068 
211.000 -0.069 
212.000 -0.070 
213.000 -0.071 
214.000 -0.072 
215.000 -0.072 
216.000 -0.072 
217.000 -0.072 
218.000 -0.071 
219.000 -0.070 
220.000 -0.070 
221.000 -0.069 
222.000 -0.069 
223.000 -0.069 
224.000 -0.070 
225.000 -0.071 
226.000 -0.071 
227.000 -0.072 
228.000 -0.072 
229.000 -0.072 
230.000 -0.072 
231.000 -0.071 
232.000 -0.071 
233.000 -0.070 
234.000 -0.070 
235.000 -0.070 
236.000 -0.070 
237.000 -0.070 
238.000 -0.071 
239.000 -0.071 
240.000 -0.072 
241.000 -0.072 
242.000 -0.072 
243.000 -0.072 
244.000 -0.071 
245.000 -0.071 
246.000 0.026 
247.000 0.139 
248.000 0.311 
249.000 0.402 
250.000 0.549 
251.000 0.546 
252.000 0.416 
253.000 0.223 
254.000 0.071 
255.000 -0.027 
256.000 -0.090 
257.000 -0.143 
258.000 -0.112 
259.000 -0.018 
260.000 0.146 
261.000 0.274 
262.000 0.451 
263.000 0.519 
264.000 0.571 
265.000 0.459 
266.000 0.266 
267.000 0.103 
268.000 -0.010 
269.000 -0.080 
270.000 -0.124 
271.000 -0.117 
272.000 -0.040 
273.000 0.112 
274.000 0.237 
275.000 0.411 
276.000 0.494 
277.000 0.580 
278.000 0.507 
279.000 0.317 
280.000 0.140 
281.000 0.013 
282.000 -0.066 
283.000 -0.109 
284.000 -0.140 
285.000 -0.072 
286.000 0.056 
287.000 0.203 
288.000 0.362 
289.000 0.495 
290.000 0.598 
291.000 0.565 
292.000 0.377 
293.000 0.183 
294.000 0.042 
295.000 -0.048 
296.000 -0.102 
297.000 -0.169 
298.000 -0.120 
299.000 -0.021 
300.000 0.147 
301.000 0.279 
302.000 0.458 
303.000 0.528 
304.000 0.588 
305.000 0.485 
306.000 0.287 
307.000 0.117 
308.000 -0.002 
309.000 -0.075 
310.000 -0.119 
311.000 -0.117 
312.000 -0.041 
313.000 0.109 
314.000 0.238 
315.000 0.413 
316.000 0.503 
317.000 0.600 
318.000 0.537 
319.000 0.344 
320.000 0.158 
321.000 0.024 
322.000 -0.059 
323.000 -0.105 
324.000 -0.146 
325.000 -0.082 
326.000 0.041 
327.000 0.198 
328.000 0.344 
329.000 0.504 
330.000 0.567 
331.000 0.562 
332.000 0.404 
333.000 0.211 
334.000 0.063 
335.000 -0.035 
336.000 -0.094 
337.000 -0.163 
338.000 -0.116 
339.000 -0.007 
340.000 0.167 
341.000 0.304 
342.000 0.483 
343.000 0.556 
344.000 0.607 
345.000 0.489 
346.000 0.284 
347.000 0.113 
348.000 -0.004 
349.000 -0.076 
350.000 -0.123 
351.000 -0.109 
352.000 -0.023 
353.000 0.134 
354.000 0.270 
355.000 0.448 
356.000 0.534 
357.000 0.620 
358.000 0.542 
359.000 0.338 
360.000 0.151 
361.000 0.020 
362.000 -0.062 
363.000 -0.107 
364.000 -0.135 
365.000 -0.065 
366.000 0.119 
367.000 0.348 
368.000 0.579 
369.000 0.771 
370.000 0.938 
371.000 1.006 
372.000 1.070 
373.000 0.936 
374.000 0.664 
375.000 0.383 
376.000 0.179 
377.000 0.053 
378.000 -0.043 
379.000 -0.012 
380.000 0.110 
381.000 0.281 
382.000 0.476 
383.000 0.672 
384.000 0.838 
385.000 0.962 
386.000 1.034 
387.000 1.056 
388.000 0.938 
389.000 0.675 
390.000 0.400 
391.000 0.196 
392.000 0.064 
393.000 -0.008 
394.000 0.037 
395.000 0.167 
396.000 0.342 
397.000 0.541 
398.000 0.733 
399.000 0.897 
400.000 1.009 
401.000 1.081 
402.000 1.066 
403.000 0.921 
404.000 0.635 
405.000 0.364 
406.000 0.172 
407.000 0.040 
408.000 0.008 
409.000 0.092 
410.000 0.250 
411.000 0.448 
412.000 0.660 
413.000 0.848 
414.000 1.002 
415.000 1.091 
416.000 1.146 
417.000 1.057 
418.000 0.798 
419.000 0.483 
420.000 0.245 
421.000 0.092 
422.000 -0.029 
423.000 -0.008 
424.000 0.132 
425.000 0.329 
426.000 0.548 
427.000 0.775 
428.000 0.963 
429.000 1.105 
430.000 1.173 
431.000 1.188 
432.000 1.018 
433.000 0.669 
434.000 0.367 
435.000 0.162 
436.000 0.036 
437.000 -0.031 
438.000 0.038 
439.000 0.196 
440.000 0.407 
441.000 0.637 
442.000 0.861 
443.000 1.039 
444.000 1.166 
445.000 1.222 
446.000 1.183 
447.000 0.936 
448.000 0.577 
449.000 0.299 
450.000 0.117 
451.000 -0.001 
452.000 -0.000 
453.000 0.149 
454.000 0.358 
455.000 0.598 
456.000 0.841 
457.000 1.051 
458.000 1.195 
459.000 1.278 
460.000 1.262 
461.000 1.033 
462.000 0.640 
463.000 0.333 
464.000 0.132 
465.000 0.010 
466.000 -0.025 
467.000 0.102 
468.000 0.303 
469.000 0.547 
470.000 0.803 
471.000 1.040 
472.000 1.206 
473.000 1.314 
474.000 1.326 
475.000 1.145 
476.000 0.733 
477.000 0.394 
478.000 0.167 
479.000 0.030 
480.000 -0.081 
481.000 -0.036 
482.000 0.127 
483.000 0.359 
484.000 0.625 
485.000 0.904 
486.000 1.243 
487.000 1.644 
488.000 2.075 
489.000 2.511 
490.000 2.934 
491.000 3.317 
492.000 3.595 
493.000 3.699 
494.000 3.581 
495.000 3.339 
496.000 2.905 
497.000 2.278 
498.000 1.724 
499.000 1.366 
500.000 1.184 
501.000 1.172 
502.000 1.320 
503.000 1.584 
504.000 1.920 
505.000 2.293 
506.000 2.681 
507.000 3.063 
508.000 3.425 
509.000 3.709 
510.000 3.852 
511.000 3.807 
512.000 3.594 
513.000 3.217 
514.000 2.596 
515.000 1.898 
516.000 1.417 
517.000 1.154 
518.000 1.078 
519.000 1.181 
520.000 1.417 
521.000 1.739 
522.000 2.111 
523.000 2.503 
524.000 2.895 
525.000 3.273 
526.000 3.627 
527.000 3.904 
528.000 4.044 
529.000 4.003 
530.000 3.785 
531.000 3.360 
532.000 2.571 
533.000 1.666 
534.000 0.990 
535.000 0.603 
536.000 0.484 
537.000 0.587 
538.000 0.845 
539.000 1.204 
540.000 1.622 
541.000 2.064 
542.000 2.509 
543.000 2.938 
544.000 3.341 
545.000 3.709 
546.000 4.025 
547.000 4.233 
548.000 4.284 
549.000 4.146 
550.000 3.812 
551.000 3.083 
552.000 1.970 
553.000 1.143 
554.000 0.561 
555.000 0.294 
556.000 0.289 
557.000 0.482 
558.000 0.808 
559.000 1.216 
560.000 1.668 
561.000 2.134 
562.000 2.592 
563.000 3.027 
564.000 3.431 
565.000 3.798 
566.000 4.124 
567.000 4.375 
568.000 4.503 
569.000 4.471 
570.000 4.265 
571.000 3.809 
572.000 2.690 
573.000 1.623 
574.000 0.889 
575.000 0.408 
576.000 0.254 
577.000 0.343 
578.000 0.601 
579.000 0.969 
580.000 1.401 
581.000 1.863 
582.000 2.328 
583.000 2.778 
584.000 3.202 
585.000 3.591 
586.000 3.940 
587.000 4.249 
588.000 4.506 
589.000 4.667 
590.000 4.695 
591.000 4.572 
592.000 4.300 
593.000 3.767 
594.000 2.602 
595.000 1.564 
596.000 0.798 
597.000 0.337 
598.000 0.205 
599.000 0.311 
600.000 0.582 
601.000 0.960 
602.000 1.400 
603.000 1.866 
604.000 2.335 
605.000 2.788 
606.000 3.213 
607.000 3.603 
608.000 3.952 
609.000 4.261 
610.000 4.528 
611.000 4.758 
612.000 4.951 
613.000 5.112 
614.000 5.244 
615.000 5.350 
616.000 5.435 
617.000 5.500 
618.000 5.550 
619.000 5.587 
620.000 5.614 
621.000 5.632 
622.000 5.643 
623.000 5.649 
624.000 5.652 
625.000 5.651 
626.000 5.649 
627.000 5.645 
628.000 5.641 
629.000 5.636 
630.000 5.631 
631.000 5.626 
632.000 5.621 
633.000 5.617 
634.000 5.613 
635.000 5.609 
636.000 5.606 
637.000 5.604 
638.000 5.602 
639.000 5.600 
640.000 5.598 
641.000 5.597 
642.000 5.596 
643.000 5.595 
644.000 5.595 
645.000 5.594 
646.000 5.594 
647.000 5.594 
648.000 5.594 
649.000 5.594 
650.000 5.594 
651.000 5.594 
652.000 5.594 
653.000 5.594 
654.000 5.594 
655.000 5.594 
656.000 5.594 
657.000 5.594 
658.000 5.594 
659.000 5.594 
660.000 5.594 
661.000 5.594 
662.000 5.594 
663.000 5.594 
664.000 5.594 
665.000 5.594 
666.000 5.594 
667.000 5.594 
668.000 5.594 
669.000 5.594 
670.000 5.594 
671.000 5.594 
672.000 5.594 
673.000 5.594 
674.000 5.594 
675.000 5.594 
676.000 5.594 
677.000 5.594 
678.000 5.594 
679.000 5.594 
680.000 5.594 
681.000 5.594 
682.000 5.594 
683.000 5.594 
684.000 5.594 
685.000 5.594 
686.000 5.594 
687.000 5.594 
688.000 5.594 
689.000 5.594 
690.000 5.594 
691.000 5.594 
692.000 5.594 
693.000 5.594 
694.000 5.594 
695.000 5.594 
696.000 5.594 
697.000 5.594 
698.000 5.594 
699.000 5.594 
700.000 5.594 
701.000 5.594 
702.000 5.594 
703.000 5.594 
704.000 5.594 
705.000 5.594 
706.000 5.594 
707.000 5.594 
708.000 5.594 
709.000 5.594 
710.000 5.594 
711.000 5.594 
712.000 5.594 
713.000 5.594 
714.000 5.594 
715.000 5.594 
716.000 5.594 
717.000 5.594 
718.000 5.594 
719.000 5.594 
720.000 5.594 
721.000 5.594 
722.000 5.594 
723.000 5.594 
724.000 5.594 
725.000 5.594 
726.000 5.594 
727.000 5.594 
728.000 5.594 
729.000 5.594 
730.000 5.594 
731.000 5.594 
732.000 5.594 
733.000 5.594 
734.000 5.594 
735.000 5.594 
736.000 5.594 
737.000 5.594 
738.000 5.594 
739.000 5.594 
740.000 5.594 
741.000 5.594 
742.000 5.594 
743.000 5.594 
744.000 5.594 
745.000 5.594 
746.000 5.594 
747.000 5.594 
748.000 5.594 
749.000 5.594 
750.000 5.594 
751.000 5.594 
752.000 5.594 
753.000 5.594 
754.000 5.594 
755.000 5.594 
756.000 5.594 
757.000 5.594 
758.000 5.594 
759.000 5.594 
760.000 5.594 
761.000 5.594 
762.000 5.594 
763.000 5.594 
764.000 5.594 
765.000 5.594 
766.000 5.594 
767.000 5.594 
768.000 5.594 
769.000 5.594 
770.000 5.594 
771.000 5.594 
772.000 5.594 
773.000 5.594 
774.000 5.594 
775.000 5.594 
776.000 5.594 
777.000 5.594 
778.000 5.594 
779.000 5.594 
780.000 5.594 
781.000 5.594 
782.000 5.594 
783.000 5.594 
784.000 5.594 
785.000 5.594 
786.000 5.594 
787.000 5.594 
788.000 5.594 
789.000 5.594 
790.000 5.594 
791.000 5.594 
792.000 5.594 
793.000 5.594 
794.000 5.594 
795.000 5.594 
796.000 5.594 
797.000 5.594 
798.000 5.594 
799.000 5.594 
800.000 5.594 
