1.000 0.000 
2.000 0.000 
3.000 0.000 
4.000 0.000 
5.000 0.000 
6.000 0.000 
7.000 0.000 
8.000 0.000 
9.000 0.000 
10.000 0.000 
11.000 0.000 
12.000 -0.037 
13.000 -0.079 
14.000 -0.098 
15.000 -0.108 
16.000 -0.113 
17.000 -0.116 
18.000 -0.110 
19.000 -0.094 
20.000 -0.079 
21.000 -0.067 
22.000 -0.058 
23.000 -0.054 
24.000 -0.057 
25.000 -0.066 
26.000 -0.075 
27.000 -0.083 
28.000 -0.090 
29.000 -0.094 
30.000 -0.095 
31.000 -0.094 
32.000 -0.090 
33.000 -0.086 
34.000 -0.081 
35.000 -0.078 
36.000 -0.076 
37.000 -0.076 
38.000 -0.078 
39.000 -0.080 
40.000 -0.083 
41.000 -0.085 
42.000 -0.087 
43.000 -0.088 
44.000 -0.088 
45.000 -0.087 
46.000 -0.086 
47.000 -0.085 
48.000 -0.084 
49.000 -0.083 
50.000 -0.083 
51.000 -0.083 
52.000 -0.084 
53.000 -0.085 
54.000 -0.085 
55.000 -0.086 
56.000 -0.087 
57.000 -0.087 
58.000 -0.087 
59.000 -0.087 
60.000 -0.086 
61.000 -0.086 
62.000 -0.086 
63.000 -0.086 
64.000 -0.086 
65.000 -0.086 
66.000 -0.086 
67.000 -0.087 
68.000 -0.087 
69.000 -0.087 
70.000 -0.087 
71.000 -0.087 
72.000 -0.087 
73.000 -0.088 
74.000 -0.088 
75.000 -0.088 
76.000 -0.088 
77.000 -0.088 
78.000 -0.088 
79.000 -0.088 
80.000 -0.088 
81.000 -0.088 
82.000 -0.088 
83.000 -0.088 
84.000 -0.089 
85.000 -0.089 
86.000 -0.089 
87.000 -0.089 
88.000 -0.089 
89.000 -0.089 
90.000 -0.089 
91.000 -0.089 
92.000 -0.089 
93.000 -0.089 
94.000 -0.089 
95.000 -0.090 
96.000 -0.090 
97.000 -0.090 
98.000 -0.090 
99.000 -0.090 
100.000 -0.090 
101.000 -0.090 
102.000 -0.090 
103.000 -0.090 
104.000 -0.090 
105.000 -0.090 
106.000 -0.091 
107.000 -0.091 
108.000 -0.091 
109.000 -0.091 
110.000 -0.091 
111.000 -0.091 
112.000 -0.091 
113.000 -0.091 
114.000 -0.091 
115.000 -0.091 
116.000 -0.091 
117.000 -0.092 
118.000 -0.092 
119.000 -0.092 
120.000 -0.092 
121.000 -0.092 
122.000 -0.092 
123.000 -0.092 
124.000 -0.092 
125.000 -0.092 
126.000 -0.086 
127.000 -0.065 
128.000 -0.051 
129.000 -0.043 
130.000 -0.039 
131.000 -0.039 
132.000 -0.046 
133.000 -0.058 
134.000 -0.069 
135.000 -0.077 
136.000 -0.083 
137.000 -0.086 
138.000 -0.084 
139.000 -0.079 
140.000 -0.071 
141.000 -0.063 
142.000 -0.056 
143.000 -0.052 
144.000 -0.051 
145.000 -0.054 
146.000 -0.060 
147.000 -0.066 
148.000 -0.072 
149.000 -0.076 
150.000 -0.078 
151.000 -0.078 
152.000 -0.076 
153.000 -0.072 
154.000 -0.068 
155.000 -0.063 
156.000 -0.060 
157.000 -0.059 
158.000 -0.060 
159.000 -0.062 
160.000 -0.066 
161.000 -0.069 
162.000 -0.072 
163.000 -0.074 
164.000 -0.074 
165.000 -0.074 
166.000 -0.072 
167.000 -0.069 
168.000 -0.067 
169.000 -0.065 
170.000 -0.064 
171.000 -0.064 
172.000 -0.065 
173.000 -0.066 
174.000 -0.068 
175.000 -0.070 
176.000 -0.071 
177.000 -0.072 
178.000 -0.072 
179.000 -0.071 
180.000 -0.070 
181.000 -0.068 
182.000 -0.067 
183.000 -0.066 
184.000 -0.066 
185.000 -0.066 
186.000 -0.067 
187.000 -0.068 
188.000 -0.069 
189.000 -0.070 
190.000 -0.071 
191.000 -0.071 
192.000 -0.071 
193.000 -0.070 
194.000 -0.069 
195.000 -0.069 
196.000 -0.068 
197.000 -0.068 
198.000 -0.068 
199.000 -0.068 
200.000 -0.069 
201.000 -0.069 
202.000 -0.070 
203.000 -0.070 
204.000 -0.070 
205.000 -0.070 
206.000 -0.070 
207.000 -0.070 
208.000 -0.069 
209.000 -0.069 
210.000 -0.069 
211.000 -0.069 
212.000 -0.069 
213.000 -0.069 
214.000 -0.069 
215.000 -0.070 
216.000 -0.070 
217.000 -0.070 
218.000 -0.070 
219.000 -0.070 
220.000 -0.070 
221.000 -0.070 
222.000 -0.070 
223.000 -0.069 
224.000 -0.069 
225.000 -0.069 
226.000 -0.070 
227.000 -0.070 
228.000 -0.070 
229.000 -0.070 
230.000 -0.070 
231.000 -0.070 
232.000 -0.070 
233.000 -0.070 
234.000 -0.070 
235.000 -0.070 
236.000 -0.070 
237.000 -0.070 
238.000 -0.070 
239.000 -0.070 
240.000 -0.070 
241.000 -0.070 
242.000 -0.070 
243.000 -0.070 
244.000 -0.070 
245.000 -0.070 
246.000 0.027 
247.000 0.138 
248.000 0.302 
249.000 0.387 
250.000 0.522 
251.000 0.508 
252.000 0.397 
253.000 0.222 
254.000 0.080 
255.000 -0.017 
256.000 -0.080 
257.000 -0.123 
258.000 -0.111 
259.000 -0.026 
260.000 0.121 
261.000 0.233 
262.000 0.399 
263.000 0.473 
264.000 0.543 
265.000 0.462 
266.000 0.295 
267.000 0.132 
268.000 0.011 
269.000 -0.065 
270.000 -0.110 
271.000 -0.137 
272.000 -0.069 
273.000 0.048 
274.000 0.208 
275.000 0.329 
276.000 0.488 
277.000 0.515 
278.000 0.499 
279.000 0.356 
280.000 0.188 
281.000 0.053 
282.000 -0.038 
283.000 -0.091 
284.000 -0.141 
285.000 -0.100 
286.000 -0.006 
287.000 0.156 
288.000 0.283 
289.000 0.456 
290.000 0.517 
291.000 0.569 
292.000 0.464 
293.000 0.278 
294.000 0.114 
295.000 -0.003 
296.000 -0.075 
297.000 -0.120 
298.000 -0.130 
299.000 -0.051 
300.000 0.085 
301.000 0.234 
302.000 0.396 
303.000 0.518 
304.000 0.607 
305.000 0.554 
306.000 0.366 
307.000 0.177 
308.000 0.039 
309.000 -0.050 
310.000 -0.100 
311.000 -0.155 
312.000 -0.106 
313.000 -0.003 
314.000 0.163 
315.000 0.293 
316.000 0.467 
317.000 0.528 
318.000 0.578 
319.000 0.471 
320.000 0.282 
321.000 0.116 
322.000 -0.001 
323.000 -0.074 
324.000 -0.120 
325.000 -0.128 
326.000 -0.046 
327.000 0.093 
328.000 0.241 
329.000 0.406 
330.000 0.517 
331.000 0.612 
332.000 0.556 
333.000 0.367 
334.000 0.178 
335.000 0.039 
336.000 -0.050 
337.000 -0.100 
338.000 -0.153 
339.000 -0.100 
340.000 0.006 
341.000 0.173 
342.000 0.304 
343.000 0.478 
344.000 0.538 
345.000 0.586 
346.000 0.476 
347.000 0.285 
348.000 0.118 
349.000 -0.000 
350.000 -0.074 
351.000 -0.120 
352.000 -0.125 
353.000 -0.042 
354.000 0.100 
355.000 0.246 
356.000 0.415 
357.000 0.512 
358.000 0.608 
359.000 0.549 
360.000 0.362 
361.000 0.175 
362.000 0.037 
363.000 -0.051 
364.000 -0.100 
365.000 -0.149 
366.000 -0.046 
367.000 0.155 
368.000 0.380 
369.000 0.588 
370.000 0.793 
371.000 0.902 
372.000 1.006 
373.000 0.920 
374.000 0.846 
375.000 0.646 
376.000 0.413 
377.000 0.219 
378.000 0.073 
379.000 0.034 
380.000 0.104 
381.000 0.240 
382.000 0.422 
383.000 0.613 
384.000 0.792 
385.000 0.915 
386.000 1.010 
387.000 1.014 
388.000 0.967 
389.000 0.780 
390.000 0.521 
391.000 0.293 
392.000 0.127 
393.000 0.027 
394.000 0.061 
395.000 0.198 
396.000 0.387 
397.000 0.591 
398.000 0.794 
399.000 0.939 
400.000 1.050 
401.000 1.066 
402.000 1.040 
403.000 0.848 
404.000 0.560 
405.000 0.311 
406.000 0.134 
407.000 0.024 
408.000 0.041 
409.000 0.184 
410.000 0.380 
411.000 0.597 
412.000 0.811 
413.000 0.976 
414.000 1.090 
415.000 1.128 
416.000 1.095 
417.000 0.888 
418.000 0.573 
419.000 0.311 
420.000 0.133 
421.000 0.018 
422.000 0.022 
423.000 0.163 
424.000 0.363 
425.000 0.587 
426.000 0.812 
427.000 0.994 
428.000 1.116 
429.000 1.170 
430.000 1.143 
431.000 0.941 
432.000 0.609 
433.000 0.332 
434.000 0.145 
435.000 0.025 
436.000 0.003 
437.000 0.122 
438.000 0.313 
439.000 0.541 
440.000 0.774 
441.000 0.978 
442.000 1.117 
443.000 1.196 
444.000 1.198 
445.000 1.042 
446.000 0.709 
447.000 0.403 
448.000 0.189 
449.000 0.054 
450.000 -0.030 
451.000 0.027 
452.000 0.190 
453.000 0.412 
454.000 0.656 
455.000 0.895 
456.000 1.077 
457.000 1.201 
458.000 1.239 
459.000 1.189 
460.000 0.932 
461.000 0.576 
462.000 0.301 
463.000 0.121 
464.000 0.004 
465.000 0.010 
466.000 0.173 
467.000 0.402 
468.000 0.663 
469.000 0.925 
470.000 1.143 
471.000 1.272 
472.000 1.334 
473.000 1.256 
474.000 0.936 
475.000 0.553 
476.000 0.274 
477.000 0.096 
478.000 -0.021 
479.000 -0.022 
480.000 0.146 
481.000 0.390 
482.000 0.669 
483.000 0.952 
484.000 1.195 
485.000 1.331 
486.000 1.526 
487.000 1.815 
488.000 2.148 
489.000 2.487 
490.000 2.828 
491.000 3.134 
492.000 3.330 
493.000 3.357 
494.000 3.230 
495.000 2.987 
496.000 2.685 
497.000 2.380 
498.000 2.125 
499.000 1.952 
500.000 1.887 
501.000 1.949 
502.000 2.124 
503.000 2.376 
504.000 2.674 
505.000 2.994 
506.000 3.295 
507.000 3.515 
508.000 3.591 
509.000 3.477 
510.000 3.248 
511.000 2.915 
512.000 2.556 
513.000 2.245 
514.000 2.023 
515.000 1.914 
516.000 1.944 
517.000 2.098 
518.000 2.337 
519.000 2.627 
520.000 2.942 
521.000 3.264 
522.000 3.539 
523.000 3.701 
524.000 3.698 
525.000 3.523 
526.000 3.240 
527.000 2.860 
528.000 2.462 
529.000 2.161 
530.000 1.975 
531.000 1.922 
532.000 2.009 
533.000 2.203 
534.000 2.467 
535.000 2.769 
536.000 3.088 
537.000 3.407 
538.000 3.673 
539.000 3.822 
540.000 3.806 
541.000 3.618 
542.000 3.326 
543.000 2.915 
544.000 2.477 
545.000 2.151 
546.000 1.959 
547.000 1.915 
548.000 2.013 
549.000 2.215 
550.000 2.483 
551.000 2.788 
552.000 3.109 
553.000 3.428 
554.000 3.709 
555.000 3.892 
556.000 3.926 
557.000 3.782 
558.000 3.518 
559.000 3.126 
560.000 2.653 
561.000 2.251 
562.000 1.991 
563.000 1.893 
564.000 1.949 
565.000 2.124 
566.000 2.377 
567.000 2.675 
568.000 2.995 
569.000 3.317 
570.000 3.630 
571.000 3.886 
572.000 4.027 
573.000 4.012 
574.000 3.819 
575.000 3.515 
576.000 3.068 
577.000 2.543 
578.000 2.128 
579.000 1.881 
580.000 1.819 
581.000 1.914 
582.000 2.117 
583.000 2.390 
584.000 2.702 
585.000 3.030 
586.000 3.358 
587.000 3.673 
588.000 3.940 
589.000 4.105 
590.000 4.123 
591.000 3.972 
592.000 3.691 
593.000 3.257 
594.000 2.689 
595.000 2.184 
596.000 1.864 
597.000 1.750 
598.000 1.807 
599.000 1.988 
600.000 2.250 
601.000 2.559 
602.000 2.891 
603.000 3.226 
604.000 3.551 
605.000 3.857 
606.000 4.139 
607.000 4.392 
608.000 4.616 
609.000 4.811 
610.000 4.978 
611.000 5.119 
612.000 5.237 
613.000 5.333 
614.000 5.405 
615.000 5.445 
616.000 5.451 
617.000 5.423 
618.000 5.366 
619.000 5.290 
620.000 5.209 
621.000 5.138 
622.000 5.094 
623.000 5.080 
624.000 5.089 
625.000 5.114 
626.000 5.150 
627.000 5.191 
628.000 5.236 
629.000 5.281 
630.000 5.324 
631.000 5.365 
632.000 5.402 
633.000 5.436 
634.000 5.463 
635.000 5.480 
636.000 5.485 
637.000 5.476 
638.000 5.455 
639.000 5.425 
640.000 5.390 
641.000 5.357 
642.000 5.333 
643.000 5.323 
644.000 5.326 
645.000 5.338 
646.000 5.356 
647.000 5.377 
648.000 5.401 
649.000 5.424 
650.000 5.448 
651.000 5.469 
652.000 5.489 
653.000 5.504 
654.000 5.511 
655.000 5.510 
656.000 5.500 
657.000 5.483 
658.000 5.460 
659.000 5.437 
660.000 5.416 
661.000 5.403 
662.000 5.400 
663.000 5.405 
664.000 5.415 
665.000 5.429 
666.000 5.445 
667.000 5.462 
668.000 5.479 
669.000 5.495 
670.000 5.511 
671.000 5.523 
672.000 5.530 
673.000 5.532 
674.000 5.527 
675.000 5.516 
676.000 5.500 
677.000 5.483 
678.000 5.466 
679.000 5.454 
680.000 5.450 
681.000 5.452 
682.000 5.459 
683.000 5.468 
684.000 5.480 
685.000 5.492 
686.000 5.505 
687.000 5.517 
688.000 5.529 
689.000 5.538 
690.000 5.545 
691.000 5.547 
692.000 5.544 
693.000 5.537 
694.000 5.527 
695.000 5.514 
696.000 5.501 
697.000 5.491 
698.000 5.486 
699.000 5.486 
700.000 5.491 
701.000 5.497 
702.000 5.506 
703.000 5.515 
704.000 5.525 
705.000 5.534 
706.000 5.543 
707.000 5.551 
708.000 5.556 
709.000 5.559 
710.000 5.558 
711.000 5.553 
712.000 5.546 
713.000 5.536 
714.000 5.526 
715.000 5.518 
716.000 5.513 
717.000 5.512 
718.000 5.515 
719.000 5.520 
720.000 5.526 
721.000 5.533 
722.000 5.540 
723.000 5.547 
724.000 5.554 
725.000 5.560 
726.000 5.565 
727.000 5.567 
728.000 5.567 
729.000 5.565 
730.000 5.560 
731.000 5.553 
732.000 5.545 
733.000 5.538 
734.000 5.534 
735.000 5.532 
736.000 5.534 
737.000 5.537 
738.000 5.541 
739.000 5.546 
740.000 5.551 
741.000 5.557 
742.000 5.562 
743.000 5.567 
744.000 5.571 
745.000 5.573 
746.000 5.574 
747.000 5.573 
748.000 5.569 
749.000 5.564 
750.000 5.559 
751.000 5.554 
752.000 5.550 
753.000 5.548 
754.000 5.548 
755.000 5.550 
756.000 5.553 
757.000 5.557 
758.000 5.561 
759.000 5.565 
760.000 5.569 
761.000 5.573 
762.000 5.576 
763.000 5.578 
764.000 5.579 
765.000 5.578 
766.000 5.576 
767.000 5.573 
768.000 5.569 
769.000 5.565 
770.000 5.561 
771.000 5.559 
772.000 5.559 
773.000 5.561 
774.000 5.563 
775.000 5.565 
776.000 5.568 
777.000 5.571 
778.000 5.574 
779.000 5.577 
780.000 5.580 
781.000 5.582 
782.000 5.583 
783.000 5.583 
784.000 5.581 
785.000 5.579 
786.000 5.576 
787.000 5.573 
788.000 5.570 
789.000 5.568 
790.000 5.568 
791.000 5.568 
792.000 5.570 
793.000 5.572 
794.000 5.574 
795.000 5.576 
796.000 5.579 
797.000 5.581 
798.000 5.583 
799.000 5.585 
800.000 5.585 
