1.000 0.000 
2.000 0.000 
3.000 0.000 
4.000 0.000 
5.000 0.000 
6.000 0.000 
7.000 0.000 
8.000 0.000 
9.000 0.000 
10.000 0.000 
11.000 0.000 
12.000 -0.004 
13.000 -0.012 
14.000 -0.020 
15.000 -0.026 
16.000 -0.030 
17.000 -0.033 
18.000 -0.034 
19.000 -0.034 
20.000 -0.034 
21.000 -0.033 
22.000 -0.032 
23.000 -0.031 
24.000 -0.030 
25.000 -0.030 
26.000 -0.030 
27.000 -0.030 
28.000 -0.030 
29.000 -0.030 
30.000 -0.030 
31.000 -0.031 
32.000 -0.031 
33.000 -0.031 
34.000 -0.031 
35.000 -0.031 
36.000 -0.031 
37.000 -0.031 
38.000 -0.032 
39.000 -0.032 
40.000 -0.032 
41.000 -0.032 
42.000 -0.032 
43.000 -0.032 
44.000 -0.032 
45.000 -0.032 
46.000 -0.032 
47.000 -0.032 
48.000 -0.032 
49.000 -0.033 
50.000 -0.033 
51.000 -0.033 
52.000 -0.033 
53.000 -0.033 
54.000 -0.033 
55.000 -0.033 
56.000 -0.033 
57.000 -0.033 
58.000 -0.033 
59.000 -0.033 
60.000 -0.034 
61.000 -0.034 
62.000 -0.034 
63.000 -0.034 
64.000 -0.034 
65.000 -0.034 
66.000 -0.034 
67.000 -0.034 
68.000 -0.034 
69.000 -0.034 
70.000 -0.035 
71.000 -0.035 
72.000 -0.035 
73.000 -0.035 
74.000 -0.035 
75.000 -0.035 
76.000 -0.035 
77.000 -0.035 
78.000 -0.035 
79.000 -0.035 
80.000 -0.035 
81.000 -0.036 
82.000 -0.036 
83.000 -0.036 
84.000 -0.036 
85.000 -0.036 
86.000 -0.036 
87.000 -0.036 
88.000 -0.036 
89.000 -0.036 
90.000 -0.036 
91.000 -0.036 
92.000 -0.036 
93.000 -0.037 
94.000 -0.037 
95.000 -0.037 
96.000 -0.037 
97.000 -0.037 
98.000 -0.037 
99.000 -0.037 
100.000 -0.037 
101.000 -0.037 
102.000 -0.037 
103.000 -0.037 
104.000 -0.038 
105.000 -0.038 
106.000 -0.038 
107.000 -0.038 
108.000 -0.038 
109.000 -0.038 
110.000 -0.038 
111.000 -0.038 
112.000 -0.038 
113.000 -0.038 
114.000 -0.038 
115.000 -0.038 
116.000 -0.039 
117.000 -0.039 
118.000 -0.039 
119.000 -0.039 
120.000 -0.039 
121.000 -0.039 
122.000 -0.039 
123.000 -0.039 
124.000 -0.039 
125.000 -0.039 
126.000 -0.038 
127.000 -0.035 
128.000 -0.033 
129.000 -0.030 
130.000 -0.029 
131.000 -0.028 
132.000 -0.028 
133.000 -0.028 
134.000 -0.028 
135.000 -0.028 
136.000 -0.029 
137.000 -0.029 
138.000 -0.029 
139.000 -0.030 
140.000 -0.030 
141.000 -0.030 
142.000 -0.030 
143.000 -0.030 
144.000 -0.030 
145.000 -0.030 
146.000 -0.030 
147.000 -0.030 
148.000 -0.030 
149.000 -0.030 
150.000 -0.030 
151.000 -0.030 
152.000 -0.030 
153.000 -0.030 
154.000 -0.030 
155.000 -0.030 
156.000 -0.030 
157.000 -0.030 
158.000 -0.030 
159.000 -0.030 
160.000 -0.031 
161.000 -0.031 
162.000 -0.031 
163.000 -0.031 
164.000 -0.031 
165.000 -0.031 
166.000 -0.031 
167.000 -0.031 
168.000 -0.031 
169.000 -0.031 
170.000 -0.031 
171.000 -0.031 
172.000 -0.031 
173.000 -0.031 
174.000 -0.031 
175.000 -0.031 
176.000 -0.031 
177.000 -0.031 
178.000 -0.031 
179.000 -0.031 
180.000 -0.031 
181.000 -0.031 
182.000 -0.031 
183.000 -0.032 
184.000 -0.032 
185.000 -0.032 
186.000 -0.032 
187.000 -0.032 
188.000 -0.032 
189.000 -0.032 
190.000 -0.032 
191.000 -0.032 
192.000 -0.032 
193.000 -0.032 
194.000 -0.032 
195.000 -0.032 
196.000 -0.032 
197.000 -0.032 
198.000 -0.032 
199.000 -0.032 
200.000 -0.032 
201.000 -0.032 
202.000 -0.032 
203.000 -0.032 
204.000 -0.032 
205.000 -0.032 
206.000 -0.033 
207.000 -0.033 
208.000 -0.033 
209.000 -0.033 
210.000 -0.033 
211.000 -0.033 
212.000 -0.033 
213.000 -0.033 
214.000 -0.033 
215.000 -0.033 
216.000 -0.033 
217.000 -0.033 
218.000 -0.033 
219.000 -0.033 
220.000 -0.033 
221.000 -0.033 
222.000 -0.033 
223.000 -0.033 
224.000 -0.033 
225.000 -0.033 
226.000 -0.033 
227.000 -0.033 
228.000 -0.033 
229.000 -0.033 
230.000 -0.034 
231.000 -0.034 
232.000 -0.034 
233.000 -0.034 
234.000 -0.034 
235.000 -0.034 
236.000 -0.034 
237.000 -0.034 
238.000 -0.034 
239.000 -0.034 
240.000 -0.034 
241.000 -0.034 
242.000 -0.034 
243.000 -0.034 
244.000 -0.034 
245.000 -0.034 
246.000 -0.025 
247.000 -0.004 
248.000 0.020 
249.000 0.042 
250.000 0.059 
251.000 0.070 
252.000 0.071 
253.000 0.065 
254.000 0.057 
255.000 0.048 
256.000 0.041 
257.000 0.037 
258.000 0.035 
259.000 0.036 
260.000 0.040 
261.000 0.045 
262.000 0.050 
263.000 0.054 
264.000 0.057 
265.000 0.057 
266.000 0.056 
267.000 0.054 
268.000 0.052 
269.000 0.050 
270.000 0.050 
271.000 0.050 
272.000 0.051 
273.000 0.053 
274.000 0.055 
275.000 0.057 
276.000 0.059 
277.000 0.060 
278.000 0.061 
279.000 0.061 
280.000 0.060 
281.000 0.060 
282.000 0.060 
283.000 0.060 
284.000 0.060 
285.000 0.061 
286.000 0.063 
287.000 0.064 
288.000 0.066 
289.000 0.067 
290.000 0.068 
291.000 0.069 
292.000 0.069 
293.000 0.069 
294.000 0.069 
295.000 0.069 
296.000 0.069 
297.000 0.070 
298.000 0.071 
299.000 0.073 
300.000 0.074 
301.000 0.075 
302.000 0.076 
303.000 0.077 
304.000 0.078 
305.000 0.078 
306.000 0.078 
307.000 0.078 
308.000 0.079 
309.000 0.079 
310.000 0.080 
311.000 0.081 
312.000 0.083 
313.000 0.084 
314.000 0.086 
315.000 0.087 
316.000 0.088 
317.000 0.088 
318.000 0.088 
319.000 0.088 
320.000 0.088 
321.000 0.088 
322.000 0.089 
323.000 0.090 
324.000 0.092 
325.000 0.094 
326.000 0.095 
327.000 0.097 
328.000 0.098 
329.000 0.099 
330.000 0.099 
331.000 0.099 
332.000 0.098 
333.000 0.098 
334.000 0.098 
335.000 0.098 
336.000 0.100 
337.000 0.102 
338.000 0.105 
339.000 0.108 
340.000 0.111 
341.000 0.112 
342.000 0.113 
343.000 0.112 
344.000 0.110 
345.000 0.107 
346.000 0.105 
347.000 0.104 
348.000 0.105 
349.000 0.107 
350.000 0.112 
351.000 0.118 
352.000 0.125 
353.000 0.131 
354.000 0.134 
355.000 0.134 
356.000 0.129 
357.000 0.121 
358.000 0.112 
359.000 0.104 
360.000 0.099 
361.000 0.098 
362.000 0.105 
363.000 0.118 
364.000 0.139 
365.000 0.165 
366.000 0.248 
367.000 0.455 
368.000 0.788 
369.000 1.202 
370.000 1.659 
371.000 1.944 
372.000 1.327 
373.000 0.794 
374.000 0.440 
375.000 0.215 
376.000 0.080 
377.000 -0.008 
378.000 -0.051 
379.000 -0.039 
380.000 0.063 
381.000 0.304 
382.000 0.670 
383.000 1.113 
384.000 1.592 
385.000 1.981 
386.000 1.307 
387.000 0.729 
388.000 0.384 
389.000 0.174 
390.000 0.055 
391.000 -0.023 
392.000 -0.058 
393.000 -0.031 
394.000 0.100 
395.000 0.369 
396.000 0.753 
397.000 1.205 
398.000 1.688 
399.000 1.924 
400.000 1.375 
401.000 0.883 
402.000 0.518 
403.000 0.268 
404.000 0.112 
405.000 0.012 
406.000 -0.041 
407.000 -0.040 
408.000 0.045 
409.000 0.265 
410.000 0.616 
411.000 1.050 
412.000 1.525 
413.000 2.012 
414.000 1.353 
415.000 0.780 
416.000 0.426 
417.000 0.199 
418.000 0.071 
419.000 -0.014 
420.000 -0.053 
421.000 -0.030 
422.000 0.096 
423.000 0.362 
424.000 0.744 
425.000 1.195 
426.000 1.677 
427.000 2.043 
428.000 1.353 
429.000 0.764 
430.000 0.408 
431.000 0.189 
432.000 0.063 
433.000 -0.019 
434.000 -0.056 
435.000 -0.027 
436.000 0.111 
437.000 0.388 
438.000 0.777 
439.000 1.232 
440.000 1.715 
441.000 2.049 
442.000 1.377 
443.000 0.804 
444.000 0.440 
445.000 0.211 
446.000 0.077 
447.000 -0.011 
448.000 -0.052 
449.000 -0.029 
450.000 0.102 
451.000 0.372 
452.000 0.757 
453.000 1.209 
454.000 1.692 
455.000 2.099 
456.000 1.387 
457.000 0.779 
458.000 0.415 
459.000 0.191 
460.000 0.065 
461.000 -0.019 
462.000 -0.056 
463.000 -0.025 
464.000 0.120 
465.000 0.404 
466.000 0.798 
467.000 1.255 
468.000 1.739 
469.000 2.103 
470.000 1.392 
471.000 0.787 
472.000 0.420 
473.000 0.196 
474.000 0.067 
475.000 -0.017 
476.000 -0.055 
477.000 -0.023 
478.000 0.124 
479.000 0.411 
480.000 0.807 
481.000 1.264 
482.000 1.749 
483.000 2.129 
484.000 1.403 
485.000 0.786 
486.000 0.441 
487.000 0.236 
488.000 0.064 
489.000 0.117 
490.000 0.358 
491.000 0.722 
492.000 1.161 
493.000 1.637 
494.000 2.120 
495.000 2.591 
496.000 3.037 
497.000 3.443 
498.000 2.628 
499.000 1.998 
500.000 1.230 
501.000 0.609 
502.000 0.312 
503.000 0.103 
504.000 0.114 
505.000 0.324 
506.000 0.668 
507.000 1.094 
508.000 1.563 
509.000 2.045 
510.000 2.517 
511.000 2.966 
512.000 3.382 
513.000 3.668 
514.000 2.748 
515.000 2.024 
516.000 1.237 
517.000 0.604 
518.000 0.296 
519.000 0.101 
520.000 0.124 
521.000 0.343 
522.000 0.692 
523.000 1.122 
524.000 1.592 
525.000 2.073 
526.000 2.544 
527.000 2.991 
528.000 3.405 
529.000 3.778 
530.000 3.865 
531.000 3.150 
532.000 2.532 
533.000 1.592 
534.000 0.849 
535.000 0.381 
536.000 0.177 
537.000 0.221 
538.000 0.452 
539.000 0.806 
540.000 1.234 
541.000 1.699 
542.000 2.173 
543.000 2.635 
544.000 3.073 
545.000 3.476 
546.000 3.840 
547.000 4.163 
548.000 4.120 
549.000 3.542 
550.000 2.821 
551.000 1.977 
552.000 1.280 
553.000 0.783 
554.000 0.502 
555.000 0.458 
556.000 0.618 
557.000 0.915 
558.000 1.300 
559.000 1.731 
560.000 2.180 
561.000 2.624 
562.000 3.049 
563.000 3.445 
564.000 3.804 
565.000 4.126 
566.000 4.408 
567.000 4.534 
568.000 4.248 
569.000 3.585 
570.000 2.735 
571.000 1.893 
572.000 1.206 
573.000 0.711 
574.000 0.417 
575.000 0.357 
576.000 0.507 
577.000 0.802 
578.000 1.189 
579.000 1.626 
580.000 2.083 
581.000 2.537 
582.000 2.972 
583.000 3.377 
584.000 3.746 
585.000 4.076 
586.000 4.366 
587.000 4.617 
588.000 4.806 
589.000 4.830 
590.000 4.629 
591.000 4.194 
592.000 3.550 
593.000 2.876 
594.000 2.318 
595.000 1.962 
596.000 1.825 
597.000 1.868 
598.000 2.036 
599.000 2.288 
600.000 2.588 
601.000 2.913 
602.000 3.242 
603.000 3.562 
604.000 3.865 
605.000 4.143 
606.000 4.394 
607.000 4.616 
608.000 4.810 
609.000 4.976 
610.000 5.117 
611.000 5.234 
612.000 5.330 
613.000 5.409 
614.000 5.471 
615.000 5.519 
616.000 5.557 
617.000 5.584 
618.000 5.604 
619.000 5.618 
620.000 5.627 
621.000 5.632 
622.000 5.634 
623.000 5.634 
624.000 5.633 
625.000 5.631 
626.000 5.627 
627.000 5.624 
628.000 5.620 
629.000 5.617 
630.000 5.614 
631.000 5.611 
632.000 5.608 
633.000 5.605 
634.000 5.603 
635.000 5.601 
636.000 5.600 
637.000 5.598 
638.000 5.597 
639.000 5.596 
640.000 5.596 
641.000 5.595 
642.000 5.595 
643.000 5.594 
644.000 5.594 
645.000 5.594 
646.000 5.594 
647.000 5.594 
648.000 5.594 
649.000 5.594 
650.000 5.594 
651.000 5.594 
652.000 5.594 
653.000 5.594 
654.000 5.594 
655.000 5.594 
656.000 5.594 
657.000 5.594 
658.000 5.594 
659.000 5.594 
660.000 5.594 
661.000 5.594 
662.000 5.594 
663.000 5.594 
664.000 5.594 
665.000 5.594 
666.000 5.594 
667.000 5.594 
668.000 5.594 
669.000 5.594 
670.000 5.594 
671.000 5.594 
672.000 5.594 
673.000 5.594 
674.000 5.594 
675.000 5.594 
676.000 5.594 
677.000 5.594 
678.000 5.594 
679.000 5.594 
680.000 5.594 
681.000 5.594 
682.000 5.594 
683.000 5.594 
684.000 5.594 
685.000 5.594 
686.000 5.594 
687.000 5.594 
688.000 5.594 
689.000 5.594 
690.000 5.594 
691.000 5.594 
692.000 5.594 
693.000 5.594 
694.000 5.594 
695.000 5.594 
696.000 5.594 
697.000 5.594 
698.000 5.594 
699.000 5.594 
700.000 5.594 
701.000 5.594 
702.000 5.594 
703.000 5.594 
704.000 5.594 
705.000 5.594 
706.000 5.594 
707.000 5.594 
708.000 5.594 
709.000 5.594 
710.000 5.594 
711.000 5.594 
712.000 5.594 
713.000 5.594 
714.000 5.594 
715.000 5.594 
716.000 5.594 
717.000 5.594 
718.000 5.594 
719.000 5.594 
720.000 5.594 
721.000 5.594 
722.000 5.594 
723.000 5.594 
724.000 5.594 
725.000 5.594 
726.000 5.594 
727.000 5.594 
728.000 5.594 
729.000 5.594 
730.000 5.594 
731.000 5.594 
732.000 5.594 
733.000 5.594 
734.000 5.594 
735.000 5.594 
736.000 5.594 
737.000 5.594 
738.000 5.594 
739.000 5.594 
740.000 5.594 
741.000 5.594 
742.000 5.594 
743.000 5.594 
744.000 5.594 
745.000 5.594 
746.000 5.594 
747.000 5.594 
748.000 5.594 
749.000 5.594 
750.000 5.594 
751.000 5.594 
752.000 5.594 
753.000 5.594 
754.000 5.594 
755.000 5.594 
756.000 5.594 
757.000 5.594 
758.000 5.594 
759.000 5.594 
760.000 5.594 
761.000 5.594 
762.000 5.594 
763.000 5.594 
764.000 5.594 
765.000 5.594 
766.000 5.594 
767.000 5.594 
768.000 5.594 
769.000 5.594 
770.000 5.594 
771.000 5.594 
772.000 5.594 
773.000 5.594 
774.000 5.594 
775.000 5.594 
776.000 5.594 
777.000 5.594 
778.000 5.594 
779.000 5.594 
780.000 5.594 
781.000 5.594 
782.000 5.594 
783.000 5.594 
784.000 5.594 
785.000 5.594 
786.000 5.594 
787.000 5.594 
788.000 5.594 
789.000 5.594 
790.000 5.594 
791.000 5.594 
792.000 5.594 
793.000 5.594 
794.000 5.594 
795.000 5.594 
796.000 5.594 
797.000 5.594 
798.000 5.594 
799.000 5.594 
800.000 5.594 
