1.000 0.000 
2.000 0.000 
3.000 0.000 
4.000 0.000 
5.000 0.000 
6.000 0.000 
7.000 0.000 
8.000 0.000 
9.000 0.000 
10.000 0.000 
11.000 0.000 
12.000 -0.040 
13.000 -0.085 
14.000 -0.103 
15.000 -0.112 
16.000 -0.116 
17.000 -0.120 
18.000 -0.111 
19.000 -0.091 
20.000 -0.074 
21.000 -0.062 
22.000 -0.053 
23.000 -0.051 
24.000 -0.056 
25.000 -0.067 
26.000 -0.079 
27.000 -0.088 
28.000 -0.095 
29.000 -0.098 
30.000 -0.099 
31.000 -0.095 
32.000 -0.090 
33.000 -0.084 
34.000 -0.079 
35.000 -0.076 
36.000 -0.075 
37.000 -0.076 
38.000 -0.078 
39.000 -0.082 
40.000 -0.085 
41.000 -0.088 
42.000 -0.090 
43.000 -0.090 
44.000 -0.090 
45.000 -0.088 
46.000 -0.086 
47.000 -0.085 
48.000 -0.084 
49.000 -0.083 
50.000 -0.083 
51.000 -0.084 
52.000 -0.085 
53.000 -0.086 
54.000 -0.087 
55.000 -0.088 
56.000 -0.088 
57.000 -0.088 
58.000 -0.088 
59.000 -0.087 
60.000 -0.087 
61.000 -0.087 
62.000 -0.086 
63.000 -0.087 
64.000 -0.087 
65.000 -0.087 
66.000 -0.088 
67.000 -0.088 
68.000 -0.088 
69.000 -0.088 
70.000 -0.089 
71.000 -0.089 
72.000 -0.089 
73.000 -0.088 
74.000 -0.088 
75.000 -0.088 
76.000 -0.088 
77.000 -0.089 
78.000 -0.089 
79.000 -0.089 
80.000 -0.089 
81.000 -0.089 
82.000 -0.089 
83.000 -0.090 
84.000 -0.090 
85.000 -0.090 
86.000 -0.090 
87.000 -0.090 
88.000 -0.090 
89.000 -0.090 
90.000 -0.090 
91.000 -0.090 
92.000 -0.090 
93.000 -0.090 
94.000 -0.090 
95.000 -0.091 
96.000 -0.091 
97.000 -0.091 
98.000 -0.091 
99.000 -0.091 
100.000 -0.091 
101.000 -0.091 
102.000 -0.091 
103.000 -0.091 
104.000 -0.091 
105.000 -0.091 
106.000 -0.092 
107.000 -0.092 
108.000 -0.092 
109.000 -0.092 
110.000 -0.092 
111.000 -0.092 
112.000 -0.092 
113.000 -0.092 
114.000 -0.092 
115.000 -0.092 
116.000 -0.092 
117.000 -0.093 
118.000 -0.093 
119.000 -0.093 
120.000 -0.093 
121.000 -0.093 
122.000 -0.093 
123.000 -0.093 
124.000 -0.093 
125.000 -0.093 
126.000 -0.086 
127.000 -0.062 
128.000 -0.048 
129.000 -0.040 
130.000 -0.036 
131.000 -0.037 
132.000 -0.046 
133.000 -0.060 
134.000 -0.073 
135.000 -0.081 
136.000 -0.087 
137.000 -0.089 
138.000 -0.086 
139.000 -0.079 
140.000 -0.069 
141.000 -0.060 
142.000 -0.052 
143.000 -0.048 
144.000 -0.049 
145.000 -0.054 
146.000 -0.062 
147.000 -0.070 
148.000 -0.076 
149.000 -0.081 
150.000 -0.082 
151.000 -0.081 
152.000 -0.076 
153.000 -0.071 
154.000 -0.065 
155.000 -0.060 
156.000 -0.057 
157.000 -0.057 
158.000 -0.059 
159.000 -0.064 
160.000 -0.069 
161.000 -0.073 
162.000 -0.076 
163.000 -0.078 
164.000 -0.077 
165.000 -0.075 
166.000 -0.071 
167.000 -0.067 
168.000 -0.064 
169.000 -0.062 
170.000 -0.062 
171.000 -0.063 
172.000 -0.065 
173.000 -0.068 
174.000 -0.071 
175.000 -0.074 
176.000 -0.075 
177.000 -0.074 
178.000 -0.073 
179.000 -0.071 
180.000 -0.069 
181.000 -0.067 
182.000 -0.065 
183.000 -0.065 
184.000 -0.065 
185.000 -0.067 
186.000 -0.069 
187.000 -0.070 
188.000 -0.072 
189.000 -0.073 
190.000 -0.073 
191.000 -0.072 
192.000 -0.071 
193.000 -0.070 
194.000 -0.068 
195.000 -0.067 
196.000 -0.067 
197.000 -0.067 
198.000 -0.068 
199.000 -0.069 
200.000 -0.070 
201.000 -0.071 
202.000 -0.072 
203.000 -0.072 
204.000 -0.072 
205.000 -0.071 
206.000 -0.070 
207.000 -0.069 
208.000 -0.069 
209.000 -0.068 
210.000 -0.068 
211.000 -0.069 
212.000 -0.070 
213.000 -0.070 
214.000 -0.071 
215.000 -0.071 
216.000 -0.071 
217.000 -0.071 
218.000 -0.071 
219.000 -0.071 
220.000 -0.070 
221.000 -0.070 
222.000 -0.069 
223.000 -0.069 
224.000 -0.070 
225.000 -0.070 
226.000 -0.070 
227.000 -0.071 
228.000 -0.071 
229.000 -0.071 
230.000 -0.071 
231.000 -0.071 
232.000 -0.071 
233.000 -0.071 
234.000 -0.070 
235.000 -0.070 
236.000 -0.070 
237.000 -0.070 
238.000 -0.070 
239.000 -0.071 
240.000 -0.071 
241.000 -0.071 
242.000 -0.071 
243.000 -0.071 
244.000 -0.071 
245.000 -0.071 
246.000 0.026 
247.000 0.138 
248.000 0.308 
249.000 0.397 
250.000 0.540 
251.000 0.534 
252.000 0.411 
253.000 0.223 
254.000 0.075 
255.000 -0.024 
256.000 -0.086 
257.000 -0.136 
258.000 -0.112 
259.000 -0.027 
260.000 0.131 
261.000 0.259 
262.000 0.435 
263.000 0.507 
264.000 0.574 
265.000 0.479 
266.000 0.288 
267.000 0.120 
268.000 0.001 
269.000 -0.073 
270.000 -0.116 
271.000 -0.130 
272.000 -0.056 
273.000 0.080 
274.000 0.215 
275.000 0.381 
276.000 0.460 
277.000 0.552 
278.000 0.498 
279.000 0.322 
280.000 0.146 
281.000 0.019 
282.000 -0.061 
283.000 -0.106 
284.000 -0.146 
285.000 -0.082 
286.000 0.032 
287.000 0.194 
288.000 0.309 
289.000 0.470 
290.000 0.515 
291.000 0.517 
292.000 0.377 
293.000 0.204 
294.000 0.064 
295.000 -0.033 
296.000 -0.092 
297.000 -0.151 
298.000 -0.110 
299.000 -0.012 
300.000 0.155 
301.000 0.288 
302.000 0.465 
303.000 0.533 
304.000 0.589 
305.000 0.481 
306.000 0.284 
307.000 0.115 
308.000 -0.002 
309.000 -0.075 
310.000 -0.119 
311.000 -0.121 
312.000 -0.041 
313.000 0.106 
314.000 0.228 
315.000 0.400 
316.000 0.490 
317.000 0.587 
318.000 0.526 
319.000 0.347 
320.000 0.163 
321.000 0.028 
322.000 -0.057 
323.000 -0.104 
324.000 -0.147 
325.000 -0.082 
326.000 0.030 
327.000 0.196 
328.000 0.315 
329.000 0.481 
330.000 0.534 
331.000 0.552 
332.000 0.418 
333.000 0.234 
334.000 0.083 
335.000 -0.022 
336.000 -0.087 
337.000 -0.148 
338.000 -0.116 
339.000 -0.019 
340.000 0.147 
341.000 0.285 
342.000 0.464 
343.000 0.543 
344.000 0.615 
345.000 0.521 
346.000 0.317 
347.000 0.137 
348.000 0.011 
349.000 -0.067 
350.000 -0.111 
351.000 -0.127 
352.000 -0.052 
353.000 0.089 
354.000 0.223 
355.000 0.394 
356.000 0.489 
357.000 0.599 
358.000 0.552 
359.000 0.373 
360.000 0.183 
361.000 0.041 
362.000 -0.049 
363.000 -0.100 
364.000 -0.152 
365.000 -0.092 
366.000 0.113 
367.000 0.355 
368.000 0.594 
369.000 0.799 
370.000 0.968 
371.000 1.037 
372.000 1.094 
373.000 0.946 
374.000 0.648 
375.000 0.364 
376.000 0.164 
377.000 0.042 
378.000 -0.055 
379.000 -0.019 
380.000 0.107 
381.000 0.285 
382.000 0.483 
383.000 0.685 
384.000 0.845 
385.000 0.973 
386.000 1.025 
387.000 1.055 
388.000 0.921 
389.000 0.659 
390.000 0.389 
391.000 0.189 
392.000 0.064 
393.000 0.002 
394.000 0.052 
395.000 0.189 
396.000 0.372 
397.000 0.576 
398.000 0.765 
399.000 0.925 
400.000 1.025 
401.000 1.090 
402.000 1.046 
403.000 0.873 
404.000 0.582 
405.000 0.326 
406.000 0.148 
407.000 0.020 
408.000 0.028 
409.000 0.159 
410.000 0.346 
411.000 0.555 
412.000 0.771 
413.000 0.941 
414.000 1.072 
415.000 1.122 
416.000 1.127 
417.000 0.955 
418.000 0.636 
419.000 0.353 
420.000 0.158 
421.000 0.038 
422.000 -0.003 
423.000 0.086 
424.000 0.253 
425.000 0.462 
426.000 0.683 
427.000 0.886 
428.000 1.040 
429.000 1.139 
430.000 1.179 
431.000 1.092 
432.000 0.816 
433.000 0.491 
434.000 0.248 
435.000 0.091 
436.000 -0.027 
437.000 -0.002 
438.000 0.154 
439.000 0.365 
440.000 0.597 
441.000 0.835 
442.000 1.029 
443.000 1.165 
444.000 1.228 
445.000 1.210 
446.000 0.987 
447.000 0.618 
448.000 0.326 
449.000 0.133 
450.000 0.015 
451.000 -0.007 
452.000 0.125 
453.000 0.326 
454.000 0.564 
455.000 0.807 
456.000 1.023 
457.000 1.171 
458.000 1.261 
459.000 1.260 
460.000 1.074 
461.000 0.694 
462.000 0.377 
463.000 0.163 
464.000 0.031 
465.000 -0.048 
466.000 0.018 
467.000 0.184 
468.000 0.412 
469.000 0.666 
470.000 0.919 
471.000 1.121 
472.000 1.260 
473.000 1.316 
474.000 1.265 
475.000 0.965 
476.000 0.577 
477.000 0.289 
478.000 0.104 
479.000 -0.011 
480.000 -0.018 
481.000 0.138 
482.000 0.367 
483.000 0.634 
484.000 0.908 
485.000 1.153 
486.000 1.449 
487.000 1.813 
488.000 2.210 
489.000 2.618 
490.000 3.016 
491.000 3.357 
492.000 3.570 
493.000 3.592 
494.000 3.430 
495.000 3.145 
496.000 2.725 
497.000 2.250 
498.000 1.901 
499.000 1.665 
500.000 1.558 
501.000 1.609 
502.000 1.793 
503.000 2.064 
504.000 2.387 
505.000 2.734 
506.000 3.087 
507.000 3.409 
508.000 3.641 
509.000 3.723 
510.000 3.613 
511.000 3.378 
512.000 3.012 
513.000 2.543 
514.000 2.128 
515.000 1.841 
516.000 1.687 
517.000 1.685 
518.000 1.822 
519.000 2.060 
520.000 2.359 
521.000 2.690 
522.000 3.033 
523.000 3.371 
524.000 3.658 
525.000 3.833 
526.000 3.848 
527.000 3.678 
528.000 3.401 
529.000 2.959 
530.000 2.406 
531.000 1.966 
532.000 1.684 
533.000 1.564 
534.000 1.610 
535.000 1.790 
536.000 2.059 
537.000 2.380 
538.000 2.727 
539.000 3.079 
540.000 3.421 
541.000 3.727 
542.000 3.940 
543.000 4.007 
544.000 3.895 
545.000 3.642 
546.000 3.210 
547.000 2.561 
548.000 1.931 
549.000 1.523 
550.000 1.335 
551.000 1.339 
552.000 1.500 
553.000 1.765 
554.000 2.095 
555.000 2.459 
556.000 2.832 
557.000 3.200 
558.000 3.548 
559.000 3.862 
560.000 4.087 
561.000 4.172 
562.000 4.083 
563.000 3.835 
564.000 3.376 
565.000 2.573 
566.000 1.702 
567.000 1.079 
568.000 0.749 
569.000 0.674 
570.000 0.804 
571.000 1.073 
572.000 1.432 
573.000 1.840 
574.000 2.268 
575.000 2.695 
576.000 3.105 
577.000 3.487 
578.000 3.837 
579.000 4.134 
580.000 4.330 
581.000 4.378 
582.000 4.253 
583.000 3.948 
584.000 3.334 
585.000 2.239 
586.000 1.345 
587.000 0.697 
588.000 0.369 
589.000 0.322 
590.000 0.484 
591.000 0.788 
592.000 1.182 
593.000 1.624 
594.000 2.085 
595.000 2.541 
596.000 2.978 
597.000 3.384 
598.000 3.754 
599.000 4.084 
600.000 4.363 
601.000 4.545 
602.000 4.590 
603.000 4.477 
604.000 4.206 
605.000 3.668 
606.000 3.287 
607.000 3.103 
608.000 3.065 
609.000 3.131 
610.000 3.270 
611.000 3.454 
612.000 3.664 
613.000 3.885 
614.000 4.104 
615.000 4.315 
616.000 4.511 
617.000 4.691 
618.000 4.851 
619.000 4.993 
620.000 5.115 
621.000 5.220 
622.000 5.307 
623.000 5.380 
624.000 5.440 
625.000 5.488 
626.000 5.526 
627.000 5.555 
628.000 5.577 
629.000 5.594 
630.000 5.605 
631.000 5.613 
632.000 5.618 
633.000 5.620 
634.000 5.621 
635.000 5.621 
636.000 5.620 
637.000 5.618 
638.000 5.616 
639.000 5.613 
640.000 5.611 
641.000 5.609 
642.000 5.606 
643.000 5.604 
644.000 5.603 
645.000 5.601 
646.000 5.600 
647.000 5.599 
648.000 5.598 
649.000 5.597 
650.000 5.596 
651.000 5.595 
652.000 5.595 
653.000 5.595 
654.000 5.594 
655.000 5.594 
656.000 5.594 
657.000 5.594 
658.000 5.594 
659.000 5.594 
660.000 5.594 
661.000 5.594 
662.000 5.594 
663.000 5.594 
664.000 5.594 
665.000 5.594 
666.000 5.594 
667.000 5.594 
668.000 5.594 
669.000 5.594 
670.000 5.594 
671.000 5.594 
672.000 5.594 
673.000 5.594 
674.000 5.594 
675.000 5.594 
676.000 5.594 
677.000 5.594 
678.000 5.594 
679.000 5.594 
680.000 5.594 
681.000 5.594 
682.000 5.594 
683.000 5.594 
684.000 5.594 
685.000 5.594 
686.000 5.594 
687.000 5.594 
688.000 5.594 
689.000 5.594 
690.000 5.594 
691.000 5.594 
692.000 5.594 
693.000 5.594 
694.000 5.594 
695.000 5.594 
696.000 5.594 
697.000 5.594 
698.000 5.594 
699.000 5.594 
700.000 5.594 
701.000 5.594 
702.000 5.594 
703.000 5.594 
704.000 5.594 
705.000 5.594 
706.000 5.594 
707.000 5.594 
708.000 5.594 
709.000 5.594 
710.000 5.594 
711.000 5.594 
712.000 5.594 
713.000 5.594 
714.000 5.594 
715.000 5.594 
716.000 5.594 
717.000 5.594 
718.000 5.594 
719.000 5.594 
720.000 5.594 
721.000 5.594 
722.000 5.594 
723.000 5.594 
724.000 5.594 
725.000 5.594 
726.000 5.594 
727.000 5.594 
728.000 5.594 
729.000 5.594 
730.000 5.594 
731.000 5.594 
732.000 5.594 
733.000 5.594 
734.000 5.594 
735.000 5.594 
736.000 5.594 
737.000 5.594 
738.000 5.594 
739.000 5.594 
740.000 5.594 
741.000 5.594 
742.000 5.594 
743.000 5.594 
744.000 5.594 
745.000 5.594 
746.000 5.594 
747.000 5.594 
748.000 5.594 
749.000 5.594 
750.000 5.594 
751.000 5.594 
752.000 5.594 
753.000 5.594 
754.000 5.594 
755.000 5.594 
756.000 5.594 
757.000 5.594 
758.000 5.594 
759.000 5.594 
760.000 5.594 
761.000 5.594 
762.000 5.594 
763.000 5.594 
764.000 5.594 
765.000 5.594 
766.000 5.594 
767.000 5.594 
768.000 5.594 
769.000 5.594 
770.000 5.594 
771.000 5.594 
772.000 5.594 
773.000 5.594 
774.000 5.594 
775.000 5.594 
776.000 5.594 
777.000 5.594 
778.000 5.594 
779.000 5.594 
780.000 5.594 
781.000 5.594 
782.000 5.594 
783.000 5.594 
784.000 5.594 
785.000 5.594 
786.000 5.594 
787.000 5.594 
788.000 5.594 
789.000 5.594 
790.000 5.594 
791.000 5.594 
792.000 5.594 
793.000 5.594 
794.000 5.594 
795.000 5.594 
796.000 5.594 
797.000 5.594 
798.000 5.594 
799.000 5.594 
800.000 5.594 
