1.000 0.000 
2.000 0.000 
3.000 0.000 
4.000 0.000 
5.000 0.000 
6.000 0.000 
7.000 0.000 
8.000 0.000 
9.000 0.000 
10.000 0.000 
11.000 0.000 
12.000 -0.043 
13.000 -0.090 
14.000 -0.110 
15.000 -0.120 
16.000 -0.125 
17.000 -0.135 
18.000 -0.116 
19.000 -0.081 
20.000 -0.053 
21.000 -0.037 
22.000 -0.023 
23.000 -0.027 
24.000 -0.051 
25.000 -0.078 
26.000 -0.099 
27.000 -0.112 
28.000 -0.121 
29.000 -0.123 
30.000 -0.115 
31.000 -0.096 
32.000 -0.076 
33.000 -0.059 
34.000 -0.049 
35.000 -0.049 
36.000 -0.061 
37.000 -0.077 
38.000 -0.092 
39.000 -0.104 
40.000 -0.111 
41.000 -0.114 
42.000 -0.110 
43.000 -0.100 
44.000 -0.088 
45.000 -0.077 
46.000 -0.070 
47.000 -0.068 
48.000 -0.072 
49.000 -0.081 
50.000 -0.090 
51.000 -0.098 
52.000 -0.103 
53.000 -0.106 
54.000 -0.104 
55.000 -0.100 
56.000 -0.093 
57.000 -0.087 
58.000 -0.082 
59.000 -0.081 
60.000 -0.082 
61.000 -0.085 
62.000 -0.090 
63.000 -0.095 
64.000 -0.098 
65.000 -0.100 
66.000 -0.100 
67.000 -0.098 
68.000 -0.095 
69.000 -0.092 
70.000 -0.089 
71.000 -0.088 
72.000 -0.088 
73.000 -0.089 
74.000 -0.092 
75.000 -0.094 
76.000 -0.096 
77.000 -0.098 
78.000 -0.098 
79.000 -0.097 
80.000 -0.096 
81.000 -0.095 
82.000 -0.093 
83.000 -0.092 
84.000 -0.092 
85.000 -0.093 
86.000 -0.094 
87.000 -0.095 
88.000 -0.096 
89.000 -0.097 
90.000 -0.097 
91.000 -0.097 
92.000 -0.097 
93.000 -0.096 
94.000 -0.095 
95.000 -0.095 
96.000 -0.095 
97.000 -0.095 
98.000 -0.095 
99.000 -0.096 
100.000 -0.096 
101.000 -0.097 
102.000 -0.097 
103.000 -0.097 
104.000 -0.097 
105.000 -0.097 
106.000 -0.097 
107.000 -0.096 
108.000 -0.096 
109.000 -0.096 
110.000 -0.097 
111.000 -0.097 
112.000 -0.097 
113.000 -0.098 
114.000 -0.098 
115.000 -0.098 
116.000 -0.098 
117.000 -0.098 
118.000 -0.098 
119.000 -0.098 
120.000 -0.098 
121.000 -0.098 
122.000 -0.098 
123.000 -0.098 
124.000 -0.098 
125.000 -0.098 
126.000 -0.078 
127.000 -0.038 
128.000 -0.021 
129.000 -0.016 
130.000 -0.017 
131.000 -0.030 
132.000 -0.056 
133.000 -0.084 
134.000 -0.100 
135.000 -0.107 
136.000 -0.110 
137.000 -0.104 
138.000 -0.080 
139.000 -0.047 
140.000 -0.019 
141.000 -0.002 
142.000 0.001 
143.000 -0.018 
144.000 -0.048 
145.000 -0.077 
146.000 -0.098 
147.000 -0.112 
148.000 -0.118 
149.000 -0.113 
150.000 -0.090 
151.000 -0.055 
152.000 -0.019 
153.000 0.009 
154.000 0.019 
155.000 0.000 
156.000 -0.034 
157.000 -0.068 
158.000 -0.096 
159.000 -0.115 
160.000 -0.125 
161.000 -0.124 
162.000 -0.103 
163.000 -0.064 
164.000 -0.020 
165.000 0.018 
166.000 0.037 
167.000 0.023 
168.000 -0.015 
169.000 -0.057 
170.000 -0.093 
171.000 -0.118 
172.000 -0.131 
173.000 -0.134 
174.000 -0.117 
175.000 -0.076 
176.000 -0.024 
177.000 0.023 
178.000 0.054 
179.000 0.049 
180.000 0.008 
181.000 -0.043 
182.000 -0.087 
183.000 -0.119 
184.000 -0.136 
185.000 -0.145 
186.000 -0.133 
187.000 -0.091 
188.000 -0.032 
189.000 0.025 
190.000 0.068 
191.000 0.077 
192.000 0.034 
193.000 -0.024 
194.000 -0.078 
195.000 -0.118 
196.000 -0.141 
197.000 -0.154 
198.000 -0.148 
199.000 -0.107 
200.000 -0.043 
201.000 0.023 
202.000 0.079 
203.000 0.103 
204.000 0.065 
205.000 -0.002 
206.000 -0.065 
207.000 -0.112 
208.000 -0.141 
209.000 -0.155 
210.000 -0.159 
211.000 -0.123 
212.000 -0.058 
213.000 0.012 
214.000 0.073 
215.000 0.112 
216.000 0.088 
217.000 0.020 
218.000 -0.050 
219.000 -0.102 
220.000 -0.135 
221.000 -0.151 
222.000 -0.162 
223.000 -0.138 
224.000 -0.078 
225.000 -0.008 
226.000 0.052 
227.000 0.102 
228.000 0.099 
229.000 0.037 
230.000 -0.034 
231.000 -0.091 
232.000 -0.128 
233.000 -0.148 
234.000 -0.165 
235.000 -0.152 
236.000 -0.100 
237.000 -0.032 
238.000 0.032 
239.000 0.090 
240.000 0.108 
241.000 0.055 
242.000 -0.016 
243.000 -0.076 
244.000 -0.119 
245.000 -0.145 
246.000 -0.147 
247.000 -0.055 
248.000 0.117 
249.000 0.248 
250.000 0.430 
251.000 0.519 
252.000 0.578 
253.000 0.439 
254.000 0.229 
255.000 0.069 
256.000 -0.032 
257.000 -0.093 
258.000 -0.166 
259.000 -0.111 
260.000 -0.015 
261.000 0.161 
262.000 0.288 
263.000 0.467 
264.000 0.546 
265.000 0.563 
266.000 0.370 
267.000 0.173 
268.000 0.033 
269.000 -0.054 
270.000 -0.106 
271.000 -0.152 
272.000 -0.098 
273.000 0.053 
274.000 0.185 
275.000 0.373 
276.000 0.481 
277.000 0.624 
278.000 0.631 
279.000 0.398 
280.000 0.185 
281.000 0.039 
282.000 -0.050 
283.000 -0.104 
284.000 -0.133 
285.000 -0.065 
286.000 0.094 
287.000 0.225 
288.000 0.410 
289.000 0.509 
290.000 0.618 
291.000 0.593 
292.000 0.357 
293.000 0.155 
294.000 0.021 
295.000 -0.061 
296.000 -0.111 
297.000 -0.130 
298.000 -0.054 
299.000 0.111 
300.000 0.244 
301.000 0.429 
302.000 0.526 
303.000 0.618 
304.000 0.549 
305.000 0.315 
306.000 0.125 
307.000 0.002 
308.000 -0.073 
309.000 -0.114 
310.000 -0.103 
311.000 -0.016 
312.000 0.153 
313.000 0.282 
314.000 0.462 
315.000 0.548 
316.000 0.598 
317.000 0.441 
318.000 0.227 
319.000 0.067 
320.000 -0.033 
321.000 -0.094 
322.000 -0.172 
323.000 -0.133 
324.000 -0.039 
325.000 0.120 
326.000 0.236 
327.000 0.408 
328.000 0.505 
329.000 0.576 
330.000 0.468 
331.000 0.264 
332.000 0.098 
333.000 -0.014 
334.000 -0.082 
335.000 -0.142 
336.000 -0.081 
337.000 0.026 
338.000 0.206 
339.000 0.336 
340.000 0.513 
341.000 0.591 
342.000 0.569 
343.000 0.348 
344.000 0.151 
345.000 0.019 
346.000 -0.063 
347.000 -0.112 
348.000 -0.131 
349.000 -0.051 
350.000 0.114 
351.000 0.251 
352.000 0.436 
353.000 0.539 
354.000 0.641 
355.000 0.589 
356.000 0.345 
357.000 0.144 
358.000 0.014 
359.000 -0.066 
360.000 -0.112 
361.000 -0.125 
362.000 -0.043 
363.000 0.123 
364.000 0.260 
365.000 0.445 
366.000 0.632 
367.000 0.815 
368.000 0.927 
369.000 1.038 
370.000 1.030 
371.000 0.815 
372.000 0.480 
373.000 0.230 
374.000 0.070 
375.000 -0.033 
376.000 -0.034 
377.000 0.061 
378.000 0.225 
379.000 0.403 
380.000 0.602 
381.000 0.771 
382.000 0.933 
383.000 1.024 
384.000 1.101 
385.000 1.040 
386.000 0.722 
387.000 0.398 
388.000 0.171 
389.000 0.031 
390.000 -0.095 
391.000 -0.074 
392.000 0.043 
393.000 0.222 
394.000 0.417 
395.000 0.629 
396.000 0.819 
397.000 0.991 
398.000 1.104 
399.000 1.179 
400.000 1.094 
401.000 0.724 
402.000 0.390 
403.000 0.164 
404.000 0.025 
405.000 -0.104 
406.000 -0.088 
407.000 0.027 
408.000 0.206 
409.000 0.409 
410.000 0.630 
411.000 0.836 
412.000 1.020 
413.000 1.153 
414.000 1.244 
415.000 1.184 
416.000 0.796 
417.000 0.437 
418.000 0.192 
419.000 0.042 
420.000 -0.057 
421.000 -0.044 
422.000 0.080 
423.000 0.263 
424.000 0.470 
425.000 0.690 
426.000 0.896 
427.000 1.076 
428.000 1.206 
429.000 1.279 
430.000 1.173 
431.000 0.755 
432.000 0.404 
433.000 0.172 
434.000 0.029 
435.000 -0.105 
436.000 -0.092 
437.000 0.026 
438.000 0.209 
439.000 0.426 
440.000 0.661 
441.000 0.892 
442.000 1.096 
443.000 1.254 
444.000 1.358 
445.000 1.311 
446.000 0.880 
447.000 0.488 
448.000 0.223 
449.000 0.060 
450.000 -0.035 
451.000 -0.058 
452.000 0.052 
453.000 0.229 
454.000 0.445 
455.000 0.678 
456.000 0.910 
457.000 1.116 
458.000 1.278 
459.000 1.387 
460.000 1.354 
461.000 0.929 
462.000 0.522 
463.000 0.244 
464.000 0.073 
465.000 -0.028 
466.000 -0.074 
467.000 0.026 
468.000 0.199 
469.000 0.419 
470.000 0.659 
471.000 0.904 
472.000 1.130 
473.000 1.311 
474.000 1.437 
475.000 1.439 
476.000 1.038 
477.000 0.598 
478.000 0.291 
479.000 0.101 
480.000 -0.013 
481.000 -0.083 
482.000 0.003 
483.000 0.169 
484.000 0.388 
485.000 0.633 
486.000 0.955 
487.000 1.355 
488.000 1.796 
489.000 2.249 
490.000 2.693 
491.000 3.116 
492.000 3.507 
493.000 3.862 
494.000 4.156 
495.000 4.331 
496.000 4.327 
497.000 4.100 
498.000 3.256 
499.000 2.024 
500.000 1.159 
501.000 0.623 
502.000 0.214 
503.000 0.063 
504.000 0.115 
505.000 0.355 
506.000 0.719 
507.000 1.158 
508.000 1.633 
509.000 2.117 
510.000 2.588 
511.000 3.034 
512.000 3.444 
513.000 3.815 
514.000 4.143 
515.000 4.423 
516.000 4.601 
517.000 4.614 
518.000 4.422 
519.000 3.795 
520.000 2.468 
521.000 1.450 
522.000 0.801 
523.000 0.362 
524.000 0.131 
525.000 0.170 
526.000 0.399 
527.000 0.754 
528.000 1.185 
529.000 1.653 
530.000 2.131 
531.000 2.598 
532.000 3.040 
533.000 3.448 
534.000 3.816 
535.000 4.143 
536.000 4.428 
537.000 4.663 
538.000 4.795 
539.000 4.772 
540.000 4.563 
541.000 4.024 
542.000 2.724 
543.000 1.626 
544.000 0.909 
545.000 0.421 
546.000 0.155 
547.000 0.168 
548.000 0.378 
549.000 0.721 
550.000 1.144 
551.000 1.609 
552.000 2.086 
553.000 2.554 
554.000 2.998 
555.000 3.409 
556.000 3.781 
557.000 4.112 
558.000 4.401 
559.000 4.650 
560.000 4.851 
561.000 4.956 
562.000 4.920 
563.000 4.718 
564.000 4.300 
565.000 3.278 
566.000 2.022 
567.000 1.156 
568.000 0.601 
569.000 0.258 
570.000 0.209 
571.000 0.370 
572.000 0.678 
573.000 1.079 
574.000 1.530 
575.000 2.000 
576.000 2.467 
577.000 2.913 
578.000 3.328 
579.000 3.707 
580.000 4.045 
581.000 4.342 
582.000 4.598 
583.000 4.817 
584.000 4.993 
585.000 5.082 
586.000 5.046 
587.000 4.863 
588.000 4.532 
589.000 3.922 
590.000 2.653 
591.000 1.582 
592.000 0.882 
593.000 0.392 
594.000 0.221 
595.000 0.281 
596.000 0.521 
597.000 0.879 
598.000 1.308 
599.000 1.770 
600.000 2.239 
601.000 2.696 
602.000 3.127 
603.000 3.524 
604.000 3.882 
605.000 4.199 
606.000 4.475 
607.000 4.712 
608.000 4.913 
609.000 5.080 
610.000 5.218 
611.000 5.329 
612.000 5.418 
613.000 5.487 
614.000 5.541 
615.000 5.580 
616.000 5.609 
617.000 5.628 
618.000 5.641 
619.000 5.648 
620.000 5.651 
621.000 5.652 
622.000 5.650 
623.000 5.646 
624.000 5.642 
625.000 5.637 
626.000 5.632 
627.000 5.627 
628.000 5.622 
629.000 5.618 
630.000 5.614 
631.000 5.610 
632.000 5.607 
633.000 5.604 
634.000 5.602 
635.000 5.600 
636.000 5.599 
637.000 5.597 
638.000 5.596 
639.000 5.596 
640.000 5.595 
641.000 5.594 
642.000 5.594 
643.000 5.594 
644.000 5.594 
645.000 5.594 
646.000 5.594 
647.000 5.594 
648.000 5.594 
649.000 5.594 
650.000 5.594 
651.000 5.594 
652.000 5.594 
653.000 5.594 
654.000 5.594 
655.000 5.594 
656.000 5.594 
657.000 5.594 
658.000 5.594 
659.000 5.594 
660.000 5.594 
661.000 5.594 
662.000 5.594 
663.000 5.594 
664.000 5.594 
665.000 5.594 
666.000 5.594 
667.000 5.594 
668.000 5.594 
669.000 5.594 
670.000 5.594 
671.000 5.594 
672.000 5.594 
673.000 5.594 
674.000 5.594 
675.000 5.594 
676.000 5.594 
677.000 5.594 
678.000 5.594 
679.000 5.594 
680.000 5.594 
681.000 5.594 
682.000 5.594 
683.000 5.594 
684.000 5.594 
685.000 5.594 
686.000 5.594 
687.000 5.594 
688.000 5.594 
689.000 5.594 
690.000 5.594 
691.000 5.594 
692.000 5.594 
693.000 5.594 
694.000 5.594 
695.000 5.594 
696.000 5.594 
697.000 5.594 
698.000 5.594 
699.000 5.594 
700.000 5.594 
701.000 5.594 
702.000 5.594 
703.000 5.594 
704.000 5.594 
705.000 5.594 
706.000 5.594 
707.000 5.594 
708.000 5.594 
709.000 5.594 
710.000 5.594 
711.000 5.594 
712.000 5.594 
713.000 5.594 
714.000 5.594 
715.000 5.594 
716.000 5.594 
717.000 5.594 
718.000 5.594 
719.000 5.594 
720.000 5.594 
721.000 5.594 
722.000 5.594 
723.000 5.594 
724.000 5.594 
725.000 5.594 
726.000 5.594 
727.000 5.594 
728.000 5.594 
729.000 5.594 
730.000 5.594 
731.000 5.594 
732.000 5.594 
733.000 5.594 
734.000 5.594 
735.000 5.594 
736.000 5.594 
737.000 5.594 
738.000 5.594 
739.000 5.594 
740.000 5.594 
741.000 5.594 
742.000 5.594 
743.000 5.594 
744.000 5.594 
745.000 5.594 
746.000 5.594 
747.000 5.594 
748.000 5.594 
749.000 5.594 
750.000 5.594 
751.000 5.594 
752.000 5.594 
753.000 5.594 
754.000 5.594 
755.000 5.594 
756.000 5.594 
757.000 5.594 
758.000 5.594 
759.000 5.594 
760.000 5.594 
761.000 5.594 
762.000 5.594 
763.000 5.594 
764.000 5.594 
765.000 5.594 
766.000 5.594 
767.000 5.594 
768.000 5.594 
769.000 5.594 
770.000 5.594 
771.000 5.594 
772.000 5.594 
773.000 5.594 
774.000 5.594 
775.000 5.594 
776.000 5.594 
777.000 5.594 
778.000 5.594 
779.000 5.594 
780.000 5.594 
781.000 5.594 
782.000 5.594 
783.000 5.594 
784.000 5.594 
785.000 5.594 
786.000 5.594 
787.000 5.594 
788.000 5.594 
789.000 5.594 
790.000 5.594 
791.000 5.594 
792.000 5.594 
793.000 5.594 
794.000 5.594 
795.000 5.594 
796.000 5.594 
797.000 5.594 
798.000 5.594 
799.000 5.594 
800.000 5.594 
