1.000 0.000 
2.000 0.000 
3.000 0.000 
4.000 0.000 
5.000 0.000 
6.000 0.000 
7.000 0.000 
8.000 0.000 
9.000 0.000 
10.000 0.000 
11.000 0.000 
12.000 -0.043 
13.000 -0.096 
14.000 -0.131 
15.000 -0.152 
16.000 -0.165 
17.000 -0.169 
18.000 -0.165 
19.000 -0.151 
20.000 -0.121 
21.000 -0.069 
22.000 -0.006 
23.000 0.038 
24.000 0.052 
25.000 0.032 
26.000 -0.012 
27.000 -0.066 
28.000 -0.111 
29.000 -0.140 
30.000 -0.158 
31.000 -0.168 
32.000 -0.169 
33.000 -0.162 
34.000 -0.144 
35.000 -0.111 
36.000 -0.060 
37.000 -0.006 
38.000 0.027 
39.000 0.030 
40.000 0.005 
41.000 -0.037 
42.000 -0.084 
43.000 -0.123 
44.000 -0.147 
45.000 -0.162 
46.000 -0.168 
47.000 -0.165 
48.000 -0.156 
49.000 -0.135 
50.000 -0.101 
51.000 -0.054 
52.000 -0.013 
53.000 0.007 
54.000 0.004 
55.000 -0.022 
56.000 -0.059 
57.000 -0.100 
58.000 -0.132 
59.000 -0.153 
60.000 -0.165 
61.000 -0.167 
62.000 -0.161 
63.000 -0.149 
64.000 -0.126 
65.000 -0.091 
66.000 -0.051 
67.000 -0.020 
68.000 -0.009 
69.000 -0.019 
70.000 -0.045 
71.000 -0.078 
72.000 -0.112 
73.000 -0.139 
74.000 -0.157 
75.000 -0.165 
76.000 -0.163 
77.000 -0.155 
78.000 -0.141 
79.000 -0.118 
80.000 -0.085 
81.000 -0.052 
82.000 -0.031 
83.000 -0.028 
84.000 -0.042 
85.000 -0.065 
86.000 -0.093 
87.000 -0.120 
88.000 -0.142 
89.000 -0.155 
90.000 -0.158 
91.000 -0.154 
92.000 -0.146 
93.000 -0.132 
94.000 -0.111 
95.000 -0.086 
96.000 -0.065 
97.000 -0.054 
98.000 -0.055 
99.000 -0.066 
100.000 -0.084 
101.000 -0.103 
102.000 -0.122 
103.000 -0.136 
104.000 -0.144 
105.000 -0.145 
106.000 -0.142 
107.000 -0.135 
108.000 -0.124 
109.000 -0.110 
110.000 -0.096 
111.000 -0.086 
112.000 -0.081 
113.000 -0.082 
114.000 -0.088 
115.000 -0.098 
116.000 -0.109 
117.000 -0.119 
118.000 -0.126 
119.000 -0.131 
120.000 -0.131 
121.000 -0.129 
122.000 -0.125 
123.000 -0.119 
124.000 -0.112 
125.000 -0.106 
126.000 -0.092 
127.000 -0.057 
128.000 -0.024 
129.000 -0.002 
130.000 0.007 
131.000 0.002 
132.000 -0.022 
133.000 -0.056 
134.000 -0.089 
135.000 -0.116 
136.000 -0.134 
137.000 -0.142 
138.000 -0.142 
139.000 -0.136 
140.000 -0.114 
141.000 -0.063 
142.000 0.011 
143.000 0.074 
144.000 0.109 
145.000 0.095 
146.000 0.044 
147.000 -0.020 
148.000 -0.079 
149.000 -0.120 
150.000 -0.146 
151.000 -0.162 
152.000 -0.166 
153.000 -0.164 
154.000 -0.145 
155.000 -0.082 
156.000 0.036 
157.000 0.141 
158.000 0.218 
159.000 0.194 
160.000 0.121 
161.000 0.026 
162.000 -0.054 
163.000 -0.106 
164.000 -0.138 
165.000 -0.157 
166.000 -0.168 
167.000 -0.172 
168.000 -0.165 
169.000 -0.128 
170.000 -0.043 
171.000 0.078 
172.000 0.182 
173.000 0.228 
174.000 0.193 
175.000 0.100 
176.000 0.005 
177.000 -0.069 
178.000 -0.115 
179.000 -0.143 
180.000 -0.160 
181.000 -0.167 
182.000 -0.170 
183.000 -0.159 
184.000 -0.118 
185.000 -0.034 
186.000 0.069 
187.000 0.153 
188.000 0.177 
189.000 0.149 
190.000 0.068 
191.000 -0.017 
192.000 -0.082 
193.000 -0.123 
194.000 -0.148 
195.000 -0.163 
196.000 -0.167 
197.000 -0.167 
198.000 -0.152 
199.000 -0.106 
200.000 -0.020 
201.000 0.069 
202.000 0.138 
203.000 0.141 
204.000 0.102 
205.000 0.028 
206.000 -0.045 
207.000 -0.100 
208.000 -0.134 
209.000 -0.154 
210.000 -0.166 
211.000 -0.169 
212.000 -0.164 
213.000 -0.141 
214.000 -0.083 
215.000 0.011 
216.000 0.092 
217.000 0.144 
218.000 0.124 
219.000 0.064 
220.000 -0.011 
221.000 -0.076 
222.000 -0.119 
223.000 -0.145 
224.000 -0.161 
225.000 -0.167 
226.000 -0.167 
227.000 -0.156 
228.000 -0.120 
229.000 -0.048 
230.000 0.037 
231.000 0.104 
232.000 0.125 
233.000 0.101 
234.000 0.037 
235.000 -0.036 
236.000 -0.093 
237.000 -0.130 
238.000 -0.152 
239.000 -0.165 
240.000 -0.168 
241.000 -0.165 
242.000 -0.147 
243.000 -0.103 
244.000 -0.025 
245.000 0.051 
246.000 0.227 
247.000 0.174 
248.000 0.181 
249.000 0.096 
250.000 0.043 
251.000 0.000 
252.000 -0.076 
253.000 -0.073 
254.000 0.025 
255.000 0.292 
256.000 0.677 
257.000 1.133 
258.000 1.096 
259.000 1.132 
260.000 0.724 
261.000 0.377 
262.000 0.154 
263.000 0.018 
264.000 -0.063 
265.000 -0.112 
266.000 -0.141 
267.000 -0.193 
268.000 -0.073 
269.000 0.223 
270.000 0.631 
271.000 1.105 
272.000 1.607 
273.000 1.078 
274.000 0.604 
275.000 0.312 
276.000 0.116 
277.000 -0.004 
278.000 -0.077 
279.000 -0.120 
280.000 -0.142 
281.000 -0.154 
282.000 0.016 
283.000 0.342 
284.000 0.769 
285.000 1.206 
286.000 1.486 
287.000 1.102 
288.000 0.644 
289.000 0.322 
290.000 0.120 
291.000 -0.002 
292.000 -0.075 
293.000 -0.119 
294.000 -0.144 
295.000 -0.177 
296.000 -0.032 
297.000 0.280 
298.000 0.698 
299.000 1.142 
300.000 1.605 
301.000 1.073 
302.000 0.605 
303.000 0.303 
304.000 0.109 
305.000 -0.008 
306.000 -0.079 
307.000 -0.122 
308.000 -0.144 
309.000 -0.167 
310.000 -0.014 
311.000 0.303 
312.000 0.724 
313.000 1.147 
314.000 1.537 
315.000 1.018 
316.000 0.566 
317.000 0.274 
318.000 0.091 
319.000 -0.019 
320.000 -0.086 
321.000 -0.125 
322.000 -0.145 
323.000 -0.146 
324.000 0.030 
325.000 0.361 
326.000 0.789 
327.000 1.181 
328.000 1.127 
329.000 1.153 
330.000 0.737 
331.000 0.385 
332.000 0.159 
333.000 0.021 
334.000 -0.061 
335.000 -0.111 
336.000 -0.141 
337.000 -0.191 
338.000 -0.102 
339.000 0.173 
340.000 0.569 
341.000 1.021 
342.000 1.503 
343.000 1.008 
344.000 0.560 
345.000 0.287 
346.000 0.101 
347.000 -0.013 
348.000 -0.082 
349.000 -0.123 
350.000 -0.145 
351.000 -0.179 
352.000 -0.041 
353.000 0.266 
354.000 0.681 
355.000 1.084 
356.000 1.503 
357.000 1.002 
358.000 0.560 
359.000 0.273 
360.000 0.091 
361.000 -0.019 
362.000 -0.086 
363.000 -0.125 
364.000 -0.146 
365.000 -0.172 
366.000 -0.026 
367.000 0.286 
368.000 0.704 
369.000 1.156 
370.000 1.628 
371.000 1.089 
372.000 0.678 
373.000 0.386 
374.000 0.165 
375.000 0.026 
376.000 -0.059 
377.000 -0.105 
378.000 0.074 
379.000 0.405 
380.000 0.832 
381.000 1.311 
382.000 1.809 
383.000 1.211 
384.000 0.753 
385.000 0.431 
386.000 0.192 
387.000 0.042 
388.000 -0.049 
389.000 -0.132 
390.000 -0.012 
391.000 0.281 
392.000 0.685 
393.000 1.154 
394.000 1.650 
395.000 1.106 
396.000 0.691 
397.000 0.394 
398.000 0.170 
399.000 0.029 
400.000 -0.057 
401.000 -0.104 
402.000 0.074 
403.000 0.405 
404.000 0.831 
405.000 1.310 
406.000 1.808 
407.000 1.210 
408.000 0.753 
409.000 0.431 
410.000 0.192 
411.000 0.042 
412.000 -0.049 
413.000 -0.103 
414.000 0.066 
415.000 0.391 
416.000 0.815 
417.000 1.292 
418.000 1.789 
419.000 1.197 
420.000 0.745 
421.000 0.426 
422.000 0.189 
423.000 0.040 
424.000 -0.050 
425.000 -0.101 
426.000 0.075 
427.000 0.403 
428.000 0.829 
429.000 1.307 
430.000 1.804 
431.000 1.207 
432.000 0.751 
433.000 0.430 
434.000 0.191 
435.000 0.042 
436.000 -0.049 
437.000 -0.100 
438.000 0.075 
439.000 0.403 
440.000 0.829 
441.000 1.307 
442.000 1.804 
443.000 1.207 
444.000 0.751 
445.000 0.430 
446.000 0.191 
447.000 0.041 
448.000 -0.049 
449.000 -0.100 
450.000 0.075 
451.000 0.403 
452.000 0.829 
453.000 1.307 
454.000 1.804 
455.000 1.207 
456.000 0.751 
457.000 0.430 
458.000 0.191 
459.000 0.041 
460.000 -0.049 
461.000 -0.100 
462.000 0.075 
463.000 0.403 
464.000 0.829 
465.000 1.307 
466.000 1.804 
467.000 1.207 
468.000 0.751 
469.000 0.430 
470.000 0.191 
471.000 0.041 
472.000 -0.049 
473.000 -0.100 
474.000 0.075 
475.000 0.403 
476.000 0.829 
477.000 1.307 
478.000 1.804 
479.000 1.207 
480.000 0.751 
481.000 0.430 
482.000 0.191 
483.000 0.041 
484.000 -0.049 
485.000 -0.100 
486.000 0.075 
487.000 0.403 
488.000 0.829 
489.000 1.307 
490.000 1.804 
491.000 1.207 
492.000 0.751 
493.000 0.430 
494.000 0.198 
495.000 0.086 
496.000 0.015 
497.000 0.171 
498.000 0.483 
499.000 0.894 
500.000 1.359 
501.000 1.845 
502.000 1.233 
503.000 0.765 
504.000 0.438 
505.000 0.202 
506.000 0.088 
507.000 0.016 
508.000 0.171 
509.000 0.482 
510.000 0.892 
511.000 1.357 
512.000 1.843 
513.000 1.232 
514.000 0.765 
515.000 0.438 
516.000 0.202 
517.000 0.088 
518.000 0.015 
519.000 0.171 
520.000 0.482 
521.000 0.892 
522.000 1.357 
523.000 1.843 
524.000 1.232 
525.000 0.765 
526.000 0.438 
527.000 0.202 
528.000 0.088 
529.000 0.015 
530.000 0.171 
531.000 0.482 
532.000 0.892 
533.000 1.357 
534.000 1.843 
535.000 1.232 
536.000 0.765 
537.000 0.438 
538.000 0.202 
539.000 0.088 
540.000 0.015 
541.000 0.171 
542.000 0.482 
543.000 0.892 
544.000 1.357 
545.000 1.843 
546.000 1.298 
547.000 0.909 
548.000 0.540 
549.000 0.270 
550.000 0.130 
551.000 0.037 
552.000 0.178 
553.000 0.478 
554.000 0.880 
555.000 1.340 
556.000 1.824 
557.000 2.098 
558.000 1.547 
559.000 1.175 
560.000 0.717 
561.000 0.376 
562.000 0.194 
563.000 0.069 
564.000 0.185 
565.000 0.468 
566.000 0.858 
567.000 1.310 
568.000 1.789 
569.000 2.270 
570.000 1.512 
571.000 0.931 
572.000 0.537 
573.000 0.250 
574.000 0.115 
575.000 0.027 
576.000 0.171 
577.000 0.474 
578.000 0.878 
579.000 1.340 
580.000 1.824 
581.000 2.307 
582.000 1.537 
583.000 0.946 
584.000 0.546 
585.000 0.254 
586.000 0.118 
587.000 0.028 
588.000 0.171 
589.000 0.473 
590.000 0.877 
591.000 1.338 
592.000 1.822 
593.000 2.305 
594.000 1.536 
595.000 0.945 
596.000 0.546 
597.000 0.254 
598.000 0.117 
599.000 0.028 
600.000 0.171 
601.000 0.473 
602.000 0.877 
603.000 1.338 
604.000 1.823 
605.000 2.306 
606.000 2.770 
607.000 1.839 
608.000 1.124 
609.000 0.652 
610.000 0.305 
611.000 0.146 
612.000 0.040 
613.000 0.170 
614.000 0.464 
615.000 0.862 
616.000 1.319 
617.000 1.802 
618.000 2.284 
619.000 1.526 
620.000 0.945 
621.000 0.547 
622.000 0.255 
623.000 0.119 
624.000 0.028 
625.000 0.171 
626.000 0.473 
627.000 0.877 
628.000 1.338 
629.000 1.822 
630.000 2.305 
631.000 1.777 
632.000 1.416 
633.000 0.876 
634.000 0.472 
635.000 0.251 
636.000 0.097 
637.000 0.191 
638.000 0.458 
639.000 0.838 
640.000 1.283 
641.000 1.759 
642.000 2.237 
643.000 2.701 
644.000 1.794 
645.000 1.097 
646.000 0.636 
647.000 0.297 
648.000 0.142 
649.000 0.038 
650.000 0.170 
651.000 0.465 
652.000 0.864 
653.000 1.322 
654.000 1.805 
655.000 2.288 
656.000 2.752 
657.000 1.828 
658.000 1.117 
659.000 0.648 
660.000 0.303 
661.000 0.145 
662.000 0.039 
663.000 0.170 
664.000 0.464 
665.000 0.862 
666.000 1.320 
667.000 1.803 
668.000 2.285 
669.000 2.750 
670.000 1.863 
671.000 1.195 
672.000 0.704 
673.000 0.340 
674.000 0.168 
675.000 0.051 
676.000 0.174 
677.000 0.462 
678.000 0.856 
679.000 1.311 
680.000 1.792 
681.000 2.274 
682.000 2.738 
683.000 2.866 
684.000 2.279 
685.000 1.878 
686.000 1.176 
687.000 0.647 
688.000 0.456 
689.000 0.511 
690.000 0.738 
691.000 1.079 
692.000 1.488 
693.000 1.930 
694.000 2.379 
695.000 2.816 
696.000 3.229 
697.000 3.429 
698.000 2.372 
699.000 1.592 
700.000 0.963 
701.000 0.511 
702.000 0.378 
703.000 0.478 
704.000 0.739 
705.000 1.103 
706.000 1.528 
707.000 1.980 
708.000 2.434 
709.000 2.872 
710.000 3.284 
711.000 3.632 
712.000 2.879 
713.000 2.333 
714.000 1.750 
715.000 1.384 
716.000 1.280 
717.000 1.366 
718.000 1.584 
719.000 1.887 
720.000 2.239 
721.000 2.613 
722.000 2.989 
723.000 3.351 
724.000 3.691 
725.000 4.002 
726.000 4.282 
727.000 4.528 
728.000 4.743 
729.000 4.926 
730.000 5.081 
731.000 5.209 
732.000 5.315 
733.000 5.399 
734.000 5.467 
735.000 5.519 
736.000 5.559 
737.000 5.589 
738.000 5.610 
739.000 5.624 
740.000 5.633 
741.000 5.638 
742.000 5.640 
743.000 5.640 
744.000 5.638 
745.000 5.635 
746.000 5.631 
747.000 5.627 
748.000 5.623 
749.000 5.619 
750.000 5.616 
751.000 5.612 
752.000 5.609 
753.000 5.606 
754.000 5.604 
755.000 5.602 
756.000 5.600 
757.000 5.599 
758.000 5.598 
759.000 5.597 
760.000 5.596 
761.000 5.595 
762.000 5.595 
763.000 5.594 
764.000 5.594 
765.000 5.594 
766.000 5.594 
767.000 5.594 
768.000 5.594 
769.000 5.594 
770.000 5.594 
771.000 5.594 
772.000 5.594 
773.000 5.594 
774.000 5.594 
775.000 5.594 
776.000 5.594 
777.000 5.594 
778.000 5.594 
779.000 5.594 
780.000 5.594 
781.000 5.594 
782.000 5.594 
783.000 5.594 
784.000 5.594 
785.000 5.594 
786.000 5.594 
787.000 5.594 
788.000 5.594 
789.000 5.594 
790.000 5.594 
791.000 5.594 
792.000 5.594 
793.000 5.594 
794.000 5.594 
795.000 5.594 
796.000 5.594 
797.000 5.594 
798.000 5.594 
799.000 5.594 
800.000 5.594 
