1.000 0.000 
2.000 0.000 
3.000 0.000 
4.000 0.000 
5.000 0.000 
6.000 0.000 
7.000 0.000 
8.000 0.000 
9.000 0.000 
10.000 0.000 
11.000 0.000 
12.000 -0.008 
13.000 -0.023 
14.000 -0.037 
15.000 -0.047 
16.000 -0.054 
17.000 -0.058 
18.000 -0.060 
19.000 -0.059 
20.000 -0.057 
21.000 -0.054 
22.000 -0.051 
23.000 -0.048 
24.000 -0.047 
25.000 -0.046 
26.000 -0.045 
27.000 -0.046 
28.000 -0.046 
29.000 -0.047 
30.000 -0.048 
31.000 -0.049 
32.000 -0.050 
33.000 -0.050 
34.000 -0.050 
35.000 -0.050 
36.000 -0.050 
37.000 -0.050 
38.000 -0.050 
39.000 -0.050 
40.000 -0.050 
41.000 -0.050 
42.000 -0.050 
43.000 -0.050 
44.000 -0.050 
45.000 -0.051 
46.000 -0.051 
47.000 -0.051 
48.000 -0.051 
49.000 -0.051 
50.000 -0.051 
51.000 -0.052 
52.000 -0.052 
53.000 -0.052 
54.000 -0.052 
55.000 -0.052 
56.000 -0.052 
57.000 -0.052 
58.000 -0.052 
59.000 -0.052 
60.000 -0.052 
61.000 -0.053 
62.000 -0.053 
63.000 -0.053 
64.000 -0.053 
65.000 -0.053 
66.000 -0.053 
67.000 -0.053 
68.000 -0.053 
69.000 -0.054 
70.000 -0.054 
71.000 -0.054 
72.000 -0.054 
73.000 -0.054 
74.000 -0.054 
75.000 -0.054 
76.000 -0.054 
77.000 -0.054 
78.000 -0.055 
79.000 -0.055 
80.000 -0.055 
81.000 -0.055 
82.000 -0.055 
83.000 -0.055 
84.000 -0.055 
85.000 -0.055 
86.000 -0.055 
87.000 -0.055 
88.000 -0.056 
89.000 -0.056 
90.000 -0.056 
91.000 -0.056 
92.000 -0.056 
93.000 -0.056 
94.000 -0.056 
95.000 -0.056 
96.000 -0.056 
97.000 -0.057 
98.000 -0.057 
99.000 -0.057 
100.000 -0.057 
101.000 -0.057 
102.000 -0.057 
103.000 -0.057 
104.000 -0.057 
105.000 -0.057 
106.000 -0.057 
107.000 -0.058 
108.000 -0.058 
109.000 -0.058 
110.000 -0.058 
111.000 -0.058 
112.000 -0.058 
113.000 -0.058 
114.000 -0.058 
115.000 -0.058 
116.000 -0.058 
117.000 -0.059 
118.000 -0.059 
119.000 -0.059 
120.000 -0.059 
121.000 -0.059 
122.000 -0.059 
123.000 -0.059 
124.000 -0.059 
125.000 -0.059 
126.000 -0.058 
127.000 -0.053 
128.000 -0.048 
129.000 -0.044 
130.000 -0.041 
131.000 -0.040 
132.000 -0.039 
133.000 -0.039 
134.000 -0.040 
135.000 -0.042 
136.000 -0.043 
137.000 -0.044 
138.000 -0.045 
139.000 -0.046 
140.000 -0.046 
141.000 -0.046 
142.000 -0.046 
143.000 -0.045 
144.000 -0.045 
145.000 -0.045 
146.000 -0.045 
147.000 -0.044 
148.000 -0.044 
149.000 -0.045 
150.000 -0.045 
151.000 -0.045 
152.000 -0.045 
153.000 -0.045 
154.000 -0.045 
155.000 -0.045 
156.000 -0.045 
157.000 -0.045 
158.000 -0.045 
159.000 -0.045 
160.000 -0.045 
161.000 -0.045 
162.000 -0.046 
163.000 -0.046 
164.000 -0.046 
165.000 -0.046 
166.000 -0.046 
167.000 -0.046 
168.000 -0.046 
169.000 -0.046 
170.000 -0.046 
171.000 -0.046 
172.000 -0.046 
173.000 -0.046 
174.000 -0.046 
175.000 -0.046 
176.000 -0.046 
177.000 -0.046 
178.000 -0.046 
179.000 -0.046 
180.000 -0.046 
181.000 -0.046 
182.000 -0.046 
183.000 -0.047 
184.000 -0.047 
185.000 -0.047 
186.000 -0.047 
187.000 -0.047 
188.000 -0.047 
189.000 -0.047 
190.000 -0.047 
191.000 -0.047 
192.000 -0.047 
193.000 -0.047 
194.000 -0.047 
195.000 -0.047 
196.000 -0.047 
197.000 -0.047 
198.000 -0.047 
199.000 -0.047 
200.000 -0.047 
201.000 -0.047 
202.000 -0.047 
203.000 -0.047 
204.000 -0.047 
205.000 -0.048 
206.000 -0.048 
207.000 -0.048 
208.000 -0.048 
209.000 -0.048 
210.000 -0.048 
211.000 -0.048 
212.000 -0.048 
213.000 -0.048 
214.000 -0.048 
215.000 -0.048 
216.000 -0.048 
217.000 -0.048 
218.000 -0.048 
219.000 -0.048 
220.000 -0.048 
221.000 -0.048 
222.000 -0.048 
223.000 -0.048 
224.000 -0.048 
225.000 -0.048 
226.000 -0.048 
227.000 -0.048 
228.000 -0.049 
229.000 -0.049 
230.000 -0.049 
231.000 -0.049 
232.000 -0.049 
233.000 -0.049 
234.000 -0.049 
235.000 -0.049 
236.000 -0.049 
237.000 -0.049 
238.000 -0.049 
239.000 -0.049 
240.000 -0.049 
241.000 -0.049 
242.000 -0.049 
243.000 -0.049 
244.000 -0.049 
245.000 -0.049 
246.000 -0.031 
247.000 0.011 
248.000 0.056 
249.000 0.098 
250.000 0.133 
251.000 0.156 
252.000 0.164 
253.000 0.158 
254.000 0.140 
255.000 0.116 
256.000 0.091 
257.000 0.069 
258.000 0.052 
259.000 0.043 
260.000 0.041 
261.000 0.046 
262.000 0.057 
263.000 0.071 
264.000 0.086 
265.000 0.100 
266.000 0.110 
267.000 0.115 
268.000 0.116 
269.000 0.112 
270.000 0.105 
271.000 0.097 
272.000 0.089 
273.000 0.083 
274.000 0.078 
275.000 0.076 
276.000 0.077 
277.000 0.081 
278.000 0.086 
279.000 0.091 
280.000 0.096 
281.000 0.101 
282.000 0.104 
283.000 0.105 
284.000 0.105 
285.000 0.103 
286.000 0.101 
287.000 0.098 
288.000 0.095 
289.000 0.094 
290.000 0.093 
291.000 0.093 
292.000 0.094 
293.000 0.096 
294.000 0.098 
295.000 0.100 
296.000 0.102 
297.000 0.104 
298.000 0.105 
299.000 0.105 
300.000 0.105 
301.000 0.105 
302.000 0.104 
303.000 0.103 
304.000 0.103 
305.000 0.102 
306.000 0.103 
307.000 0.103 
308.000 0.104 
309.000 0.105 
310.000 0.106 
311.000 0.107 
312.000 0.108 
313.000 0.109 
314.000 0.109 
315.000 0.110 
316.000 0.110 
317.000 0.110 
318.000 0.110 
319.000 0.110 
320.000 0.110 
321.000 0.110 
322.000 0.110 
323.000 0.111 
324.000 0.111 
325.000 0.112 
326.000 0.113 
327.000 0.113 
328.000 0.114 
329.000 0.114 
330.000 0.115 
331.000 0.115 
332.000 0.115 
333.000 0.115 
334.000 0.116 
335.000 0.116 
336.000 0.116 
337.000 0.116 
338.000 0.117 
339.000 0.117 
340.000 0.118 
341.000 0.118 
342.000 0.119 
343.000 0.119 
344.000 0.120 
345.000 0.120 
346.000 0.120 
347.000 0.121 
348.000 0.121 
349.000 0.121 
350.000 0.122 
351.000 0.122 
352.000 0.122 
353.000 0.123 
354.000 0.123 
355.000 0.123 
356.000 0.124 
357.000 0.124 
358.000 0.125 
359.000 0.125 
360.000 0.125 
361.000 0.126 
362.000 0.126 
363.000 0.126 
364.000 0.127 
365.000 0.127 
366.000 0.215 
367.000 0.311 
368.000 0.428 
369.000 0.514 
370.000 0.608 
371.000 0.631 
372.000 0.649 
373.000 0.610 
374.000 0.565 
375.000 0.497 
376.000 0.435 
377.000 0.382 
378.000 0.350 
379.000 0.340 
380.000 0.355 
381.000 0.391 
382.000 0.441 
383.000 0.494 
384.000 0.543 
385.000 0.580 
386.000 0.599 
387.000 0.598 
388.000 0.580 
389.000 0.549 
390.000 0.512 
391.000 0.474 
392.000 0.444 
393.000 0.425 
394.000 0.421 
395.000 0.432 
396.000 0.455 
397.000 0.485 
398.000 0.518 
399.000 0.548 
400.000 0.570 
401.000 0.581 
402.000 0.580 
403.000 0.569 
404.000 0.550 
405.000 0.527 
406.000 0.504 
407.000 0.486 
408.000 0.476 
409.000 0.475 
410.000 0.483 
411.000 0.498 
412.000 0.519 
413.000 0.540 
414.000 0.559 
415.000 0.572 
416.000 0.579 
417.000 0.578 
418.000 0.571 
419.000 0.558 
420.000 0.544 
421.000 0.530 
422.000 0.519 
423.000 0.514 
424.000 0.514 
425.000 0.521 
426.000 0.532 
427.000 0.546 
428.000 0.560 
429.000 0.572 
430.000 0.581 
431.000 0.585 
432.000 0.584 
433.000 0.579 
434.000 0.571 
435.000 0.562 
436.000 0.553 
437.000 0.547 
438.000 0.544 
439.000 0.546 
440.000 0.551 
441.000 0.559 
442.000 0.569 
443.000 0.579 
444.000 0.587 
445.000 0.593 
446.000 0.596 
447.000 0.595 
448.000 0.591 
449.000 0.586 
450.000 0.580 
451.000 0.574 
452.000 0.571 
453.000 0.570 
454.000 0.572 
455.000 0.576 
456.000 0.582 
457.000 0.590 
458.000 0.597 
459.000 0.603 
460.000 0.607 
461.000 0.608 
462.000 0.608 
463.000 0.605 
464.000 0.602 
465.000 0.598 
466.000 0.594 
467.000 0.592 
468.000 0.592 
469.000 0.594 
470.000 0.598 
471.000 0.603 
472.000 0.609 
473.000 0.614 
474.000 0.618 
475.000 0.621 
476.000 0.622 
477.000 0.622 
478.000 0.620 
479.000 0.617 
480.000 0.615 
481.000 0.613 
482.000 0.612 
483.000 0.613 
484.000 0.615 
485.000 0.618 
486.000 0.739 
487.000 0.988 
488.000 1.306 
489.000 1.661 
490.000 2.031 
491.000 2.353 
492.000 2.534 
493.000 2.548 
494.000 2.448 
495.000 2.247 
496.000 2.036 
497.000 1.830 
498.000 1.694 
499.000 1.636 
500.000 1.676 
501.000 1.811 
502.000 2.026 
503.000 2.281 
504.000 2.531 
505.000 2.721 
506.000 2.792 
507.000 2.723 
508.000 2.568 
509.000 2.346 
510.000 2.131 
511.000 1.943 
512.000 1.830 
513.000 1.807 
514.000 1.885 
515.000 2.055 
516.000 2.291 
517.000 2.551 
518.000 2.785 
519.000 2.935 
520.000 2.942 
521.000 2.825 
522.000 2.619 
523.000 2.380 
524.000 2.150 
525.000 1.978 
526.000 1.889 
527.000 1.905 
528.000 2.030 
529.000 2.246 
530.000 2.519 
531.000 2.802 
532.000 3.035 
533.000 3.152 
534.000 3.091 
535.000 2.924 
536.000 2.655 
537.000 2.390 
538.000 2.133 
539.000 1.967 
540.000 1.911 
541.000 1.981 
542.000 2.162 
543.000 2.417 
544.000 2.716 
545.000 3.011 
546.000 3.230 
547.000 3.300 
548.000 3.189 
549.000 2.974 
550.000 2.672 
551.000 2.379 
552.000 2.126 
553.000 1.975 
554.000 1.950 
555.000 2.056 
556.000 2.261 
557.000 2.531 
558.000 2.835 
559.000 3.128 
560.000 3.334 
561.000 3.381 
562.000 3.254 
563.000 3.022 
564.000 2.717 
565.000 2.417 
566.000 2.170 
567.000 2.029 
568.000 2.022 
569.000 2.142 
570.000 2.355 
571.000 2.626 
572.000 2.928 
573.000 3.216 
574.000 3.415 
575.000 3.457 
576.000 3.326 
577.000 3.091 
578.000 2.783 
579.000 2.480 
580.000 2.233 
581.000 2.095 
582.000 2.094 
583.000 2.217 
584.000 2.430 
585.000 2.698 
586.000 2.996 
587.000 3.281 
588.000 3.482 
589.000 3.531 
590.000 3.404 
591.000 3.174 
592.000 2.864 
593.000 2.558 
594.000 2.304 
595.000 2.161 
596.000 2.157 
597.000 2.277 
598.000 2.485 
599.000 2.748 
600.000 3.039 
601.000 3.325 
602.000 3.535 
603.000 3.602 
604.000 3.490 
605.000 3.271 
606.000 3.153 
607.000 3.125 
608.000 3.183 
609.000 3.314 
610.000 3.490 
611.000 3.694 
612.000 3.908 
613.000 4.123 
614.000 4.329 
615.000 4.512 
616.000 4.644 
617.000 4.706 
618.000 4.694 
619.000 4.612 
620.000 4.478 
621.000 4.328 
622.000 4.201 
623.000 4.131 
624.000 4.130 
625.000 4.184 
626.000 4.274 
627.000 4.387 
628.000 4.511 
629.000 4.640 
630.000 4.766 
631.000 4.871 
632.000 4.934 
633.000 4.945 
634.000 4.905 
635.000 4.818 
636.000 4.702 
637.000 4.585 
638.000 4.495 
639.000 4.457 
640.000 4.470 
641.000 4.521 
642.000 4.597 
643.000 4.687 
644.000 4.785 
645.000 4.885 
646.000 4.975 
647.000 5.041 
648.000 5.068 
649.000 5.054 
650.000 5.001 
651.000 4.916 
652.000 4.819 
653.000 4.733 
654.000 4.679 
655.000 4.669 
656.000 4.697 
657.000 4.750 
658.000 4.819 
659.000 4.896 
660.000 4.977 
661.000 5.057 
662.000 5.122 
663.000 5.159 
664.000 5.162 
665.000 5.131 
666.000 5.070 
667.000 4.991 
668.000 4.911 
669.000 4.851 
670.000 4.826 
671.000 4.835 
672.000 4.870 
673.000 4.921 
674.000 4.983 
675.000 5.049 
676.000 5.116 
677.000 5.177 
678.000 5.219 
679.000 5.235 
680.000 5.223 
681.000 5.185 
682.000 5.127 
683.000 5.060 
684.000 5.002 
685.000 4.967 
686.000 4.962 
687.000 4.982 
688.000 5.019 
689.000 5.066 
690.000 5.119 
691.000 5.175 
692.000 5.229 
693.000 5.273 
694.000 5.297 
695.000 5.298 
696.000 5.276 
697.000 5.233 
698.000 5.178 
699.000 5.124 
700.000 5.083 
701.000 5.066 
702.000 5.074 
703.000 5.098 
704.000 5.134 
705.000 5.176 
706.000 5.221 
707.000 5.267 
708.000 5.309 
709.000 5.337 
710.000 5.348 
711.000 5.339 
712.000 5.313 
713.000 5.272 
714.000 5.227 
715.000 5.187 
716.000 5.163 
717.000 5.160 
718.000 5.174 
719.000 5.200 
720.000 5.232 
721.000 5.269 
722.000 5.307 
723.000 5.344 
724.000 5.374 
725.000 5.390 
726.000 5.390 
727.000 5.375 
728.000 5.346 
729.000 5.308 
730.000 5.271 
731.000 5.243 
732.000 5.232 
733.000 5.237 
734.000 5.254 
735.000 5.279 
736.000 5.308 
737.000 5.339 
738.000 5.371 
739.000 5.399 
740.000 5.418 
741.000 5.425 
742.000 5.419 
743.000 5.400 
744.000 5.373 
745.000 5.342 
746.000 5.315 
747.000 5.298 
748.000 5.296 
749.000 5.306 
750.000 5.324 
751.000 5.346 
752.000 5.371 
753.000 5.397 
754.000 5.423 
755.000 5.443 
756.000 5.454 
757.000 5.454 
758.000 5.444 
759.000 5.424 
760.000 5.398 
761.000 5.372 
762.000 5.353 
763.000 5.346 
764.000 5.349 
765.000 5.361 
766.000 5.378 
767.000 5.398 
768.000 5.419 
769.000 5.441 
770.000 5.460 
771.000 5.473 
772.000 5.478 
773.000 5.474 
774.000 5.461 
775.000 5.442 
776.000 5.421 
777.000 5.402 
778.000 5.391 
779.000 5.390 
780.000 5.396 
781.000 5.408 
782.000 5.424 
783.000 5.441 
784.000 5.459 
785.000 5.476 
786.000 5.490 
787.000 5.498 
788.000 5.498 
789.000 5.491 
790.000 5.477 
791.000 5.459 
792.000 5.442 
793.000 5.429 
794.000 5.423 
795.000 5.426 
796.000 5.434 
797.000 5.445 
798.000 5.459 
799.000 5.474 
800.000 5.489 
