1.000 0.000 
2.000 0.000 
3.000 0.000 
4.000 0.000 
5.000 0.000 
6.000 0.000 
7.000 0.000 
8.000 0.000 
9.000 0.000 
10.000 0.000 
11.000 0.000 
12.000 -0.005 
13.000 -0.013 
14.000 -0.022 
15.000 -0.028 
16.000 -0.033 
17.000 -0.035 
18.000 -0.037 
19.000 -0.037 
20.000 -0.036 
21.000 -0.035 
22.000 -0.034 
23.000 -0.033 
24.000 -0.032 
25.000 -0.032 
26.000 -0.032 
27.000 -0.032 
28.000 -0.032 
29.000 -0.032 
30.000 -0.032 
31.000 -0.033 
32.000 -0.033 
33.000 -0.033 
34.000 -0.033 
35.000 -0.033 
36.000 -0.034 
37.000 -0.034 
38.000 -0.034 
39.000 -0.034 
40.000 -0.034 
41.000 -0.034 
42.000 -0.034 
43.000 -0.034 
44.000 -0.034 
45.000 -0.034 
46.000 -0.034 
47.000 -0.035 
48.000 -0.035 
49.000 -0.035 
50.000 -0.035 
51.000 -0.035 
52.000 -0.035 
53.000 -0.035 
54.000 -0.035 
55.000 -0.035 
56.000 -0.035 
57.000 -0.036 
58.000 -0.036 
59.000 -0.036 
60.000 -0.036 
61.000 -0.036 
62.000 -0.036 
63.000 -0.036 
64.000 -0.036 
65.000 -0.036 
66.000 -0.036 
67.000 -0.037 
68.000 -0.037 
69.000 -0.037 
70.000 -0.037 
71.000 -0.037 
72.000 -0.037 
73.000 -0.037 
74.000 -0.037 
75.000 -0.037 
76.000 -0.037 
77.000 -0.037 
78.000 -0.038 
79.000 -0.038 
80.000 -0.038 
81.000 -0.038 
82.000 -0.038 
83.000 -0.038 
84.000 -0.038 
85.000 -0.038 
86.000 -0.038 
87.000 -0.038 
88.000 -0.038 
89.000 -0.039 
90.000 -0.039 
91.000 -0.039 
92.000 -0.039 
93.000 -0.039 
94.000 -0.039 
95.000 -0.039 
96.000 -0.039 
97.000 -0.039 
98.000 -0.039 
99.000 -0.039 
100.000 -0.040 
101.000 -0.040 
102.000 -0.040 
103.000 -0.040 
104.000 -0.040 
105.000 -0.040 
106.000 -0.040 
107.000 -0.040 
108.000 -0.040 
109.000 -0.040 
110.000 -0.040 
111.000 -0.041 
112.000 -0.041 
113.000 -0.041 
114.000 -0.041 
115.000 -0.041 
116.000 -0.041 
117.000 -0.041 
118.000 -0.041 
119.000 -0.041 
120.000 -0.041 
121.000 -0.041 
122.000 -0.042 
123.000 -0.042 
124.000 -0.042 
125.000 -0.042 
126.000 -0.041 
127.000 -0.038 
128.000 -0.035 
129.000 -0.032 
130.000 -0.031 
131.000 -0.030 
132.000 -0.029 
133.000 -0.029 
134.000 -0.029 
135.000 -0.030 
136.000 -0.030 
137.000 -0.031 
138.000 -0.031 
139.000 -0.032 
140.000 -0.032 
141.000 -0.032 
142.000 -0.032 
143.000 -0.032 
144.000 -0.032 
145.000 -0.032 
146.000 -0.032 
147.000 -0.032 
148.000 -0.032 
149.000 -0.032 
150.000 -0.032 
151.000 -0.032 
152.000 -0.032 
153.000 -0.032 
154.000 -0.032 
155.000 -0.032 
156.000 -0.032 
157.000 -0.032 
158.000 -0.032 
159.000 -0.032 
160.000 -0.032 
161.000 -0.032 
162.000 -0.032 
163.000 -0.033 
164.000 -0.033 
165.000 -0.033 
166.000 -0.033 
167.000 -0.033 
168.000 -0.033 
169.000 -0.033 
170.000 -0.033 
171.000 -0.033 
172.000 -0.033 
173.000 -0.033 
174.000 -0.033 
175.000 -0.033 
176.000 -0.033 
177.000 -0.033 
178.000 -0.033 
179.000 -0.033 
180.000 -0.033 
181.000 -0.033 
182.000 -0.033 
183.000 -0.033 
184.000 -0.033 
185.000 -0.033 
186.000 -0.034 
187.000 -0.034 
188.000 -0.034 
189.000 -0.034 
190.000 -0.034 
191.000 -0.034 
192.000 -0.034 
193.000 -0.034 
194.000 -0.034 
195.000 -0.034 
196.000 -0.034 
197.000 -0.034 
198.000 -0.034 
199.000 -0.034 
200.000 -0.034 
201.000 -0.034 
202.000 -0.034 
203.000 -0.034 
204.000 -0.034 
205.000 -0.034 
206.000 -0.034 
207.000 -0.034 
208.000 -0.035 
209.000 -0.035 
210.000 -0.035 
211.000 -0.035 
212.000 -0.035 
213.000 -0.035 
214.000 -0.035 
215.000 -0.035 
216.000 -0.035 
217.000 -0.035 
218.000 -0.035 
219.000 -0.035 
220.000 -0.035 
221.000 -0.035 
222.000 -0.035 
223.000 -0.035 
224.000 -0.035 
225.000 -0.035 
226.000 -0.035 
227.000 -0.035 
228.000 -0.035 
229.000 -0.035 
230.000 -0.035 
231.000 -0.035 
232.000 -0.036 
233.000 -0.036 
234.000 -0.036 
235.000 -0.036 
236.000 -0.036 
237.000 -0.036 
238.000 -0.036 
239.000 -0.036 
240.000 -0.036 
241.000 -0.036 
242.000 -0.036 
243.000 -0.036 
244.000 -0.036 
245.000 -0.036 
246.000 -0.026 
247.000 -0.004 
248.000 0.022 
249.000 0.044 
250.000 0.062 
251.000 0.074 
252.000 0.079 
253.000 0.077 
254.000 0.071 
255.000 0.063 
256.000 0.055 
257.000 0.048 
258.000 0.044 
259.000 0.041 
260.000 0.041 
261.000 0.043 
262.000 0.045 
263.000 0.049 
264.000 0.052 
265.000 0.055 
266.000 0.057 
267.000 0.058 
268.000 0.059 
269.000 0.059 
270.000 0.058 
271.000 0.057 
272.000 0.057 
273.000 0.057 
274.000 0.057 
275.000 0.057 
276.000 0.057 
277.000 0.058 
278.000 0.059 
279.000 0.060 
280.000 0.061 
281.000 0.062 
282.000 0.062 
283.000 0.063 
284.000 0.063 
285.000 0.064 
286.000 0.064 
287.000 0.064 
288.000 0.065 
289.000 0.065 
290.000 0.065 
291.000 0.066 
292.000 0.067 
293.000 0.067 
294.000 0.068 
295.000 0.068 
296.000 0.069 
297.000 0.069 
298.000 0.070 
299.000 0.071 
300.000 0.071 
301.000 0.071 
302.000 0.072 
303.000 0.072 
304.000 0.073 
305.000 0.073 
306.000 0.074 
307.000 0.075 
308.000 0.075 
309.000 0.076 
310.000 0.076 
311.000 0.077 
312.000 0.077 
313.000 0.078 
314.000 0.078 
315.000 0.079 
316.000 0.079 
317.000 0.080 
318.000 0.081 
319.000 0.081 
320.000 0.082 
321.000 0.082 
322.000 0.083 
323.000 0.083 
324.000 0.084 
325.000 0.084 
326.000 0.085 
327.000 0.086 
328.000 0.086 
329.000 0.087 
330.000 0.087 
331.000 0.088 
332.000 0.088 
333.000 0.089 
334.000 0.089 
335.000 0.090 
336.000 0.091 
337.000 0.091 
338.000 0.092 
339.000 0.092 
340.000 0.093 
341.000 0.093 
342.000 0.094 
343.000 0.095 
344.000 0.095 
345.000 0.096 
346.000 0.096 
347.000 0.097 
348.000 0.097 
349.000 0.098 
350.000 0.099 
351.000 0.099 
352.000 0.100 
353.000 0.100 
354.000 0.101 
355.000 0.101 
356.000 0.102 
357.000 0.103 
358.000 0.103 
359.000 0.104 
360.000 0.104 
361.000 0.105 
362.000 0.105 
363.000 0.106 
364.000 0.107 
365.000 0.107 
366.000 0.160 
367.000 0.320 
368.000 0.592 
369.000 0.942 
370.000 1.336 
371.000 1.695 
372.000 1.747 
373.000 1.424 
374.000 1.024 
375.000 0.647 
376.000 0.360 
377.000 0.169 
378.000 0.047 
379.000 -0.023 
380.000 -0.045 
381.000 -0.000 
382.000 0.160 
383.000 0.456 
384.000 0.857 
385.000 1.317 
386.000 1.786 
387.000 2.054 
388.000 1.660 
389.000 1.198 
390.000 0.756 
391.000 0.424 
392.000 0.205 
393.000 0.066 
394.000 -0.018 
395.000 -0.053 
396.000 -0.028 
397.000 0.103 
398.000 0.374 
399.000 0.759 
400.000 1.210 
401.000 1.693 
402.000 2.067 
403.000 1.746 
404.000 1.326 
405.000 0.859 
406.000 0.491 
407.000 0.248 
408.000 0.092 
409.000 -0.002 
410.000 -0.049 
411.000 -0.040 
412.000 0.063 
413.000 0.306 
414.000 0.674 
415.000 1.117 
416.000 1.597 
417.000 2.027 
418.000 1.949 
419.000 1.579 
420.000 1.095 
421.000 0.664 
422.000 0.359 
423.000 0.162 
424.000 0.040 
425.000 -0.032 
426.000 -0.054 
427.000 -0.005 
428.000 0.165 
429.000 0.472 
430.000 0.880 
431.000 1.343 
432.000 1.829 
433.000 2.145 
434.000 1.734 
435.000 1.255 
436.000 0.793 
437.000 0.446 
438.000 0.218 
439.000 0.073 
440.000 -0.015 
441.000 -0.053 
442.000 -0.028 
443.000 0.104 
444.000 0.376 
445.000 0.763 
446.000 1.215 
447.000 1.699 
448.000 2.104 
449.000 1.883 
450.000 1.503 
451.000 0.996 
452.000 0.581 
453.000 0.303 
454.000 0.126 
455.000 0.018 
456.000 -0.042 
457.000 -0.051 
458.000 0.021 
459.000 0.226 
460.000 0.565 
461.000 0.991 
462.000 1.464 
463.000 1.950 
464.000 2.191 
465.000 1.741 
466.000 1.229 
467.000 0.766 
468.000 0.426 
469.000 0.205 
470.000 0.064 
471.000 -0.020 
472.000 -0.055 
473.000 -0.021 
474.000 0.127 
475.000 0.416 
476.000 0.812 
477.000 1.270 
478.000 1.755 
479.000 2.152 
480.000 1.881 
481.000 1.468 
482.000 0.964 
483.000 0.558 
484.000 0.288 
485.000 0.116 
486.000 0.061 
487.000 0.227 
488.000 0.544 
489.000 0.955 
490.000 1.419 
491.000 1.902 
492.000 2.381 
493.000 2.839 
494.000 3.266 
495.000 3.655 
496.000 3.966 
497.000 3.968 
498.000 3.478 
499.000 2.746 
500.000 1.924 
501.000 1.223 
502.000 0.709 
503.000 0.363 
504.000 0.197 
505.000 0.245 
506.000 0.478 
507.000 0.833 
508.000 1.261 
509.000 1.725 
510.000 2.197 
511.000 2.657 
512.000 3.092 
513.000 3.493 
514.000 3.855 
515.000 4.175 
516.000 4.298 
517.000 3.957 
518.000 3.232 
519.000 2.340 
520.000 1.522 
521.000 0.901 
522.000 0.474 
523.000 0.213 
524.000 0.158 
525.000 0.312 
526.000 0.618 
527.000 1.018 
528.000 1.472 
529.000 1.946 
530.000 2.417 
531.000 2.869 
532.000 3.289 
533.000 3.673 
534.000 4.016 
535.000 4.317 
536.000 4.510 
537.000 4.426 
538.000 3.895 
539.000 2.998 
540.000 2.037 
541.000 1.249 
542.000 0.697 
543.000 0.329 
544.000 0.141 
545.000 0.173 
546.000 0.396 
547.000 0.747 
548.000 1.175 
549.000 1.642 
550.000 2.120 
551.000 2.587 
552.000 3.029 
553.000 3.438 
554.000 3.807 
555.000 4.135 
556.000 4.421 
557.000 4.667 
558.000 4.774 
559.000 4.610 
560.000 4.034 
561.000 3.058 
562.000 2.019 
563.000 1.207 
564.000 0.657 
565.000 0.295 
566.000 0.114 
567.000 0.153 
568.000 0.383 
569.000 0.739 
570.000 1.171 
571.000 1.641 
572.000 2.120 
573.000 2.589 
574.000 3.032 
575.000 3.441 
576.000 3.811 
577.000 4.139 
578.000 4.425 
579.000 4.671 
580.000 4.879 
581.000 4.984 
582.000 4.895 
583.000 4.552 
584.000 3.827 
585.000 2.743 
586.000 1.729 
587.000 0.996 
588.000 0.510 
589.000 0.201 
590.000 0.095 
591.000 0.210 
592.000 0.491 
593.000 0.879 
594.000 1.329 
595.000 1.806 
596.000 2.284 
597.000 2.746 
598.000 3.178 
599.000 3.574 
600.000 3.930 
601.000 4.243 
602.000 4.515 
603.000 4.748 
604.000 4.944 
605.000 5.107 
606.000 5.241 
607.000 5.348 
608.000 5.434 
609.000 5.500 
610.000 5.551 
611.000 5.588 
612.000 5.615 
613.000 5.633 
614.000 5.645 
615.000 5.651 
616.000 5.653 
617.000 5.652 
618.000 5.650 
619.000 5.646 
620.000 5.641 
621.000 5.636 
622.000 5.631 
623.000 5.626 
624.000 5.621 
625.000 5.617 
626.000 5.613 
627.000 5.610 
628.000 5.607 
629.000 5.604 
630.000 5.602 
631.000 5.600 
632.000 5.598 
633.000 5.597 
634.000 5.596 
635.000 5.595 
636.000 5.595 
637.000 5.594 
638.000 5.594 
639.000 5.594 
640.000 5.594 
641.000 5.594 
642.000 5.594 
643.000 5.594 
644.000 5.594 
645.000 5.594 
646.000 5.594 
647.000 5.594 
648.000 5.594 
649.000 5.594 
650.000 5.594 
651.000 5.594 
652.000 5.594 
653.000 5.594 
654.000 5.594 
655.000 5.594 
656.000 5.594 
657.000 5.594 
658.000 5.594 
659.000 5.594 
660.000 5.594 
661.000 5.594 
662.000 5.594 
663.000 5.594 
664.000 5.594 
665.000 5.594 
666.000 5.594 
667.000 5.594 
668.000 5.594 
669.000 5.594 
670.000 5.594 
671.000 5.594 
672.000 5.594 
673.000 5.594 
674.000 5.594 
675.000 5.594 
676.000 5.594 
677.000 5.594 
678.000 5.594 
679.000 5.594 
680.000 5.594 
681.000 5.594 
682.000 5.594 
683.000 5.594 
684.000 5.594 
685.000 5.594 
686.000 5.594 
687.000 5.594 
688.000 5.594 
689.000 5.594 
690.000 5.594 
691.000 5.594 
692.000 5.594 
693.000 5.594 
694.000 5.594 
695.000 5.594 
696.000 5.594 
697.000 5.594 
698.000 5.594 
699.000 5.594 
700.000 5.594 
701.000 5.594 
702.000 5.594 
703.000 5.594 
704.000 5.594 
705.000 5.594 
706.000 5.594 
707.000 5.594 
708.000 5.594 
709.000 5.594 
710.000 5.594 
711.000 5.594 
712.000 5.594 
713.000 5.594 
714.000 5.594 
715.000 5.594 
716.000 5.594 
717.000 5.594 
718.000 5.594 
719.000 5.594 
720.000 5.594 
721.000 5.594 
722.000 5.594 
723.000 5.594 
724.000 5.594 
725.000 5.594 
726.000 5.594 
727.000 5.594 
728.000 5.594 
729.000 5.594 
730.000 5.594 
731.000 5.594 
732.000 5.594 
733.000 5.594 
734.000 5.594 
735.000 5.594 
736.000 5.594 
737.000 5.594 
738.000 5.594 
739.000 5.594 
740.000 5.594 
741.000 5.594 
742.000 5.594 
743.000 5.594 
744.000 5.594 
745.000 5.594 
746.000 5.594 
747.000 5.594 
748.000 5.594 
749.000 5.594 
750.000 5.594 
751.000 5.594 
752.000 5.594 
753.000 5.594 
754.000 5.594 
755.000 5.594 
756.000 5.594 
757.000 5.594 
758.000 5.594 
759.000 5.594 
760.000 5.594 
761.000 5.594 
762.000 5.594 
763.000 5.594 
764.000 5.594 
765.000 5.594 
766.000 5.594 
767.000 5.594 
768.000 5.594 
769.000 5.594 
770.000 5.594 
771.000 5.594 
772.000 5.594 
773.000 5.594 
774.000 5.594 
775.000 5.594 
776.000 5.594 
777.000 5.594 
778.000 5.594 
779.000 5.594 
780.000 5.594 
781.000 5.594 
782.000 5.594 
783.000 5.594 
784.000 5.594 
785.000 5.594 
786.000 5.594 
787.000 5.594 
788.000 5.594 
789.000 5.594 
790.000 5.594 
791.000 5.594 
792.000 5.594 
793.000 5.594 
794.000 5.594 
795.000 5.594 
796.000 5.594 
797.000 5.594 
798.000 5.594 
799.000 5.594 
800.000 5.594 
