1.000 0.000 
2.000 0.000 
3.000 0.000 
4.000 0.000 
5.000 0.000 
6.000 0.000 
7.000 0.000 
8.000 0.000 
9.000 0.000 
10.000 0.000 
11.000 0.000 
12.000 -0.036 
13.000 -0.078 
14.000 -0.098 
15.000 -0.107 
16.000 -0.113 
17.000 -0.116 
18.000 -0.110 
19.000 -0.095 
20.000 -0.080 
21.000 -0.068 
22.000 -0.059 
23.000 -0.055 
24.000 -0.057 
25.000 -0.065 
26.000 -0.074 
27.000 -0.082 
28.000 -0.089 
29.000 -0.094 
30.000 -0.095 
31.000 -0.094 
32.000 -0.091 
33.000 -0.087 
34.000 -0.082 
35.000 -0.079 
36.000 -0.077 
37.000 -0.076 
38.000 -0.078 
39.000 -0.080 
40.000 -0.082 
41.000 -0.085 
42.000 -0.087 
43.000 -0.088 
44.000 -0.088 
45.000 -0.088 
46.000 -0.087 
47.000 -0.085 
48.000 -0.084 
49.000 -0.084 
50.000 -0.083 
51.000 -0.083 
52.000 -0.084 
53.000 -0.085 
54.000 -0.085 
55.000 -0.086 
56.000 -0.087 
57.000 -0.087 
58.000 -0.087 
59.000 -0.087 
60.000 -0.087 
61.000 -0.086 
62.000 -0.086 
63.000 -0.086 
64.000 -0.086 
65.000 -0.086 
66.000 -0.086 
67.000 -0.087 
68.000 -0.087 
69.000 -0.087 
70.000 -0.087 
71.000 -0.088 
72.000 -0.088 
73.000 -0.088 
74.000 -0.088 
75.000 -0.088 
76.000 -0.088 
77.000 -0.088 
78.000 -0.088 
79.000 -0.088 
80.000 -0.088 
81.000 -0.088 
82.000 -0.088 
83.000 -0.089 
84.000 -0.089 
85.000 -0.089 
86.000 -0.089 
87.000 -0.089 
88.000 -0.089 
89.000 -0.089 
90.000 -0.089 
91.000 -0.089 
92.000 -0.089 
93.000 -0.089 
94.000 -0.090 
95.000 -0.090 
96.000 -0.090 
97.000 -0.090 
98.000 -0.090 
99.000 -0.090 
100.000 -0.090 
101.000 -0.090 
102.000 -0.090 
103.000 -0.090 
104.000 -0.091 
105.000 -0.091 
106.000 -0.091 
107.000 -0.091 
108.000 -0.091 
109.000 -0.091 
110.000 -0.091 
111.000 -0.091 
112.000 -0.091 
113.000 -0.091 
114.000 -0.091 
115.000 -0.092 
116.000 -0.092 
117.000 -0.092 
118.000 -0.092 
119.000 -0.092 
120.000 -0.092 
121.000 -0.092 
122.000 -0.092 
123.000 -0.092 
124.000 -0.092 
125.000 -0.092 
126.000 -0.087 
127.000 -0.066 
128.000 -0.052 
129.000 -0.044 
130.000 -0.039 
131.000 -0.039 
132.000 -0.045 
133.000 -0.057 
134.000 -0.068 
135.000 -0.077 
136.000 -0.082 
137.000 -0.085 
138.000 -0.084 
139.000 -0.080 
140.000 -0.073 
141.000 -0.065 
142.000 -0.058 
143.000 -0.053 
144.000 -0.052 
145.000 -0.054 
146.000 -0.059 
147.000 -0.065 
148.000 -0.071 
149.000 -0.075 
150.000 -0.078 
151.000 -0.078 
152.000 -0.077 
153.000 -0.073 
154.000 -0.069 
155.000 -0.065 
156.000 -0.061 
157.000 -0.060 
158.000 -0.060 
159.000 -0.062 
160.000 -0.065 
161.000 -0.068 
162.000 -0.071 
163.000 -0.073 
164.000 -0.074 
165.000 -0.074 
166.000 -0.072 
167.000 -0.070 
168.000 -0.068 
169.000 -0.066 
170.000 -0.064 
171.000 -0.064 
172.000 -0.064 
173.000 -0.066 
174.000 -0.068 
175.000 -0.069 
176.000 -0.071 
177.000 -0.072 
178.000 -0.072 
179.000 -0.071 
180.000 -0.070 
181.000 -0.069 
182.000 -0.068 
183.000 -0.067 
184.000 -0.066 
185.000 -0.066 
186.000 -0.067 
187.000 -0.068 
188.000 -0.069 
189.000 -0.070 
190.000 -0.071 
191.000 -0.071 
192.000 -0.071 
193.000 -0.070 
194.000 -0.070 
195.000 -0.069 
196.000 -0.068 
197.000 -0.068 
198.000 -0.068 
199.000 -0.068 
200.000 -0.068 
201.000 -0.069 
202.000 -0.070 
203.000 -0.070 
204.000 -0.070 
205.000 -0.070 
206.000 -0.070 
207.000 -0.070 
208.000 -0.070 
209.000 -0.069 
210.000 -0.069 
211.000 -0.069 
212.000 -0.069 
213.000 -0.069 
214.000 -0.069 
215.000 -0.070 
216.000 -0.070 
217.000 -0.070 
218.000 -0.070 
219.000 -0.070 
220.000 -0.070 
221.000 -0.070 
222.000 -0.070 
223.000 -0.070 
224.000 -0.070 
225.000 -0.070 
226.000 -0.070 
227.000 -0.070 
228.000 -0.070 
229.000 -0.070 
230.000 -0.070 
231.000 -0.070 
232.000 -0.070 
233.000 -0.070 
234.000 -0.070 
235.000 -0.070 
236.000 -0.070 
237.000 -0.070 
238.000 -0.070 
239.000 -0.070 
240.000 -0.070 
241.000 -0.070 
242.000 -0.070 
243.000 -0.070 
244.000 -0.070 
245.000 -0.071 
246.000 0.027 
247.000 0.138 
248.000 0.303 
249.000 0.388 
250.000 0.524 
251.000 0.509 
252.000 0.403 
253.000 0.229 
254.000 0.085 
255.000 -0.014 
256.000 -0.078 
257.000 -0.119 
258.000 -0.115 
259.000 -0.032 
260.000 0.109 
261.000 0.236 
262.000 0.402 
263.000 0.471 
264.000 0.544 
265.000 0.470 
266.000 0.300 
267.000 0.134 
268.000 0.013 
269.000 -0.063 
270.000 -0.108 
271.000 -0.140 
272.000 -0.077 
273.000 0.036 
274.000 0.198 
275.000 0.307 
276.000 0.467 
277.000 0.505 
278.000 0.511 
279.000 0.382 
280.000 0.213 
281.000 0.072 
282.000 -0.026 
283.000 -0.085 
284.000 -0.135 
285.000 -0.114 
286.000 -0.023 
287.000 0.130 
288.000 0.247 
289.000 0.416 
290.000 0.490 
291.000 0.564 
292.000 0.482 
293.000 0.309 
294.000 0.140 
295.000 0.016 
296.000 -0.062 
297.000 -0.108 
298.000 -0.138 
299.000 -0.073 
300.000 0.043 
301.000 0.206 
302.000 0.319 
303.000 0.480 
304.000 0.519 
305.000 0.526 
306.000 0.395 
307.000 0.222 
308.000 0.077 
309.000 -0.024 
310.000 -0.084 
311.000 -0.135 
312.000 -0.113 
313.000 -0.021 
314.000 0.134 
315.000 0.257 
316.000 0.428 
317.000 0.505 
318.000 0.583 
319.000 0.501 
320.000 0.323 
321.000 0.148 
322.000 0.020 
323.000 -0.060 
324.000 -0.107 
325.000 -0.140 
326.000 -0.074 
327.000 0.042 
328.000 0.208 
329.000 0.325 
330.000 0.488 
331.000 0.531 
332.000 0.545 
333.000 0.417 
334.000 0.238 
335.000 0.088 
336.000 -0.018 
337.000 -0.081 
338.000 -0.133 
339.000 -0.116 
340.000 -0.025 
341.000 0.129 
342.000 0.255 
343.000 0.426 
344.000 0.510 
345.000 0.597 
346.000 0.522 
347.000 0.343 
348.000 0.163 
349.000 0.031 
350.000 -0.054 
351.000 -0.102 
352.000 -0.141 
353.000 -0.079 
354.000 0.033 
355.000 0.201 
356.000 0.327 
357.000 0.496 
358.000 0.546 
359.000 0.576 
360.000 0.456 
361.000 0.267 
362.000 0.106 
363.000 -0.007 
364.000 -0.077 
365.000 -0.127 
366.000 -0.074 
367.000 0.099 
368.000 0.310 
369.000 0.517 
370.000 0.724 
371.000 0.866 
372.000 0.982 
373.000 0.976 
374.000 0.976 
375.000 0.797 
376.000 0.544 
377.000 0.310 
378.000 0.135 
379.000 0.036 
380.000 0.052 
381.000 0.178 
382.000 0.359 
383.000 0.558 
384.000 0.757 
385.000 0.903 
386.000 1.015 
387.000 1.037 
388.000 1.027 
389.000 0.854 
390.000 0.582 
391.000 0.332 
392.000 0.151 
393.000 0.039 
394.000 0.029 
395.000 0.135 
396.000 0.307 
397.000 0.510 
398.000 0.718 
399.000 0.889 
400.000 1.017 
401.000 1.072 
402.000 1.096 
403.000 0.957 
404.000 0.688 
405.000 0.409 
406.000 0.203 
407.000 0.072 
408.000 -0.005 
409.000 0.046 
410.000 0.187 
411.000 0.381 
412.000 0.593 
413.000 0.802 
414.000 0.960 
415.000 1.074 
416.000 1.110 
417.000 1.094 
418.000 0.917 
419.000 0.620 
420.000 0.351 
421.000 0.162 
422.000 0.041 
423.000 0.018 
424.000 0.122 
425.000 0.301 
426.000 0.520 
427.000 0.746 
428.000 0.943 
429.000 1.082 
430.000 1.160 
431.000 1.176 
432.000 1.045 
433.000 0.743 
434.000 0.436 
435.000 0.215 
436.000 0.072 
437.000 -0.027 
438.000 0.014 
439.000 0.174 
440.000 0.391 
441.000 0.630 
442.000 0.868 
443.000 1.051 
444.000 1.176 
445.000 1.217 
446.000 1.184 
447.000 0.953 
448.000 0.602 
449.000 0.321 
450.000 0.134 
451.000 0.018 
452.000 0.005 
453.000 0.146 
454.000 0.359 
455.000 0.609 
456.000 0.864 
457.000 1.081 
458.000 1.217 
459.000 1.289 
460.000 1.250 
461.000 1.011 
462.000 0.630 
463.000 0.331 
464.000 0.135 
465.000 0.013 
466.000 -0.026 
467.000 0.094 
468.000 0.305 
469.000 0.565 
470.000 0.837 
471.000 1.086 
472.000 1.243 
473.000 1.339 
474.000 1.316 
475.000 1.102 
476.000 0.697 
477.000 0.372 
478.000 0.156 
479.000 0.023 
480.000 -0.067 
481.000 0.001 
482.000 0.191 
483.000 0.451 
484.000 0.738 
485.000 1.024 
486.000 1.363 
487.000 1.760 
488.000 2.183 
489.000 2.610 
490.000 3.011 
491.000 3.329 
492.000 3.487 
493.000 3.421 
494.000 3.221 
495.000 2.881 
496.000 2.538 
497.000 2.186 
498.000 1.940 
499.000 1.807 
500.000 1.812 
501.000 1.949 
502.000 2.182 
503.000 2.473 
504.000 2.795 
505.000 3.127 
506.000 3.418 
507.000 3.598 
508.000 3.609 
509.000 3.444 
510.000 3.169 
511.000 2.818 
512.000 2.447 
513.000 2.159 
514.000 1.972 
515.000 1.912 
516.000 1.992 
517.000 2.182 
518.000 2.443 
519.000 2.745 
520.000 3.064 
521.000 3.379 
522.000 3.628 
523.000 3.746 
524.000 3.686 
525.000 3.476 
526.000 3.162 
527.000 2.762 
528.000 2.376 
529.000 2.097 
530.000 1.947 
531.000 1.945 
532.000 2.075 
533.000 2.297 
534.000 2.577 
535.000 2.887 
536.000 3.207 
537.000 3.515 
538.000 3.752 
539.000 3.857 
540.000 3.787 
541.000 3.567 
542.000 3.247 
543.000 2.822 
544.000 2.403 
545.000 2.110 
546.000 1.962 
547.000 1.972 
548.000 2.113 
549.000 2.342 
550.000 2.625 
551.000 2.936 
552.000 3.254 
553.000 3.566 
554.000 3.820 
555.000 3.954 
556.000 3.926 
557.000 3.726 
558.000 3.425 
559.000 2.991 
560.000 2.506 
561.000 2.139 
562.000 1.931 
563.000 1.894 
564.000 2.002 
565.000 2.212 
566.000 2.486 
567.000 2.795 
568.000 3.118 
569.000 3.439 
570.000 3.739 
571.000 3.965 
572.000 4.060 
573.000 3.990 
574.000 3.762 
575.000 3.405 
576.000 2.911 
577.000 2.388 
578.000 2.019 
579.000 1.836 
580.000 1.830 
581.000 1.966 
582.000 2.196 
583.000 2.486 
584.000 2.806 
585.000 3.136 
586.000 3.461 
587.000 3.770 
588.000 4.019 
589.000 4.151 
590.000 4.130 
591.000 3.936 
592.000 3.609 
593.000 3.124 
594.000 2.523 
595.000 2.029 
596.000 1.735 
597.000 1.656 
598.000 1.745 
599.000 1.952 
600.000 2.233 
601.000 2.556 
602.000 2.898 
603.000 3.241 
604.000 3.570 
605.000 3.879 
606.000 4.161 
607.000 4.414 
608.000 4.637 
609.000 4.830 
610.000 4.996 
611.000 5.135 
612.000 5.251 
613.000 5.345 
614.000 5.421 
615.000 5.471 
616.000 5.490 
617.000 5.480 
618.000 5.443 
619.000 5.386 
620.000 5.318 
621.000 5.253 
622.000 5.206 
623.000 5.184 
624.000 5.184 
625.000 5.199 
626.000 5.224 
627.000 5.256 
628.000 5.291 
629.000 5.327 
630.000 5.363 
631.000 5.396 
632.000 5.427 
633.000 5.456 
634.000 5.481 
635.000 5.501 
636.000 5.513 
637.000 5.516 
638.000 5.510 
639.000 5.494 
640.000 5.472 
641.000 5.446 
642.000 5.423 
643.000 5.406 
644.000 5.400 
645.000 5.403 
646.000 5.412 
647.000 5.425 
648.000 5.441 
649.000 5.458 
650.000 5.475 
651.000 5.491 
652.000 5.507 
653.000 5.521 
654.000 5.531 
655.000 5.536 
656.000 5.535 
657.000 5.528 
658.000 5.516 
659.000 5.500 
660.000 5.484 
661.000 5.470 
662.000 5.461 
663.000 5.459 
664.000 5.463 
665.000 5.470 
666.000 5.480 
667.000 5.491 
668.000 5.503 
669.000 5.515 
670.000 5.526 
671.000 5.537 
672.000 5.545 
673.000 5.550 
674.000 5.551 
675.000 5.547 
676.000 5.540 
677.000 5.529 
678.000 5.517 
679.000 5.506 
680.000 5.498 
681.000 5.495 
682.000 5.497 
683.000 5.502 
684.000 5.509 
685.000 5.517 
686.000 5.525 
687.000 5.534 
688.000 5.542 
689.000 5.550 
690.000 5.557 
691.000 5.561 
692.000 5.562 
693.000 5.560 
694.000 5.554 
695.000 5.547 
696.000 5.538 
697.000 5.529 
698.000 5.523 
699.000 5.520 
700.000 5.521 
701.000 5.525 
702.000 5.529 
703.000 5.535 
704.000 5.542 
705.000 5.548 
706.000 5.554 
707.000 5.560 
708.000 5.565 
709.000 5.569 
710.000 5.570 
711.000 5.569 
712.000 5.565 
713.000 5.560 
714.000 5.553 
715.000 5.547 
716.000 5.542 
717.000 5.539 
718.000 5.539 
719.000 5.542 
720.000 5.545 
721.000 5.549 
722.000 5.554 
723.000 5.559 
724.000 5.564 
725.000 5.568 
726.000 5.572 
727.000 5.575 
728.000 5.576 
729.000 5.576 
730.000 5.573 
731.000 5.569 
732.000 5.565 
733.000 5.560 
734.000 5.556 
735.000 5.553 
736.000 5.553 
737.000 5.554 
738.000 5.557 
739.000 5.560 
740.000 5.563 
741.000 5.567 
742.000 5.570 
743.000 5.574 
744.000 5.577 
745.000 5.579 
746.000 5.581 
747.000 5.581 
748.000 5.579 
749.000 5.577 
750.000 5.573 
751.000 5.569 
752.000 5.566 
753.000 5.564 
754.000 5.563 
755.000 5.564 
756.000 5.566 
757.000 5.568 
758.000 5.570 
759.000 5.573 
760.000 5.576 
761.000 5.578 
762.000 5.581 
763.000 5.583 
764.000 5.584 
765.000 5.584 
766.000 5.583 
767.000 5.582 
768.000 5.579 
769.000 5.576 
770.000 5.574 
771.000 5.572 
772.000 5.571 
773.000 5.572 
774.000 5.573 
775.000 5.574 
776.000 5.576 
777.000 5.578 
778.000 5.580 
779.000 5.582 
780.000 5.584 
781.000 5.585 
782.000 5.586 
783.000 5.587 
784.000 5.586 
785.000 5.585 
786.000 5.583 
787.000 5.581 
788.000 5.579 
789.000 5.578 
790.000 5.577 
791.000 5.577 
792.000 5.578 
793.000 5.579 
794.000 5.580 
795.000 5.582 
796.000 5.583 
797.000 5.585 
798.000 5.586 
799.000 5.587 
800.000 5.588 
