1.000 0.000 
2.000 0.000 
3.000 0.000 
4.000 0.000 
5.000 0.000 
6.000 0.000 
7.000 0.000 
8.000 0.000 
9.000 0.000 
10.000 0.000 
11.000 0.000 
12.000 -0.037 
13.000 -0.079 
14.000 -0.098 
15.000 -0.108 
16.000 -0.113 
17.000 -0.117 
18.000 -0.111 
19.000 -0.096 
20.000 -0.080 
21.000 -0.068 
22.000 -0.059 
23.000 -0.054 
24.000 -0.057 
25.000 -0.065 
26.000 -0.075 
27.000 -0.083 
28.000 -0.090 
29.000 -0.094 
30.000 -0.096 
31.000 -0.095 
32.000 -0.091 
33.000 -0.087 
34.000 -0.082 
35.000 -0.079 
36.000 -0.077 
37.000 -0.076 
38.000 -0.078 
39.000 -0.080 
40.000 -0.083 
41.000 -0.085 
42.000 -0.087 
43.000 -0.088 
44.000 -0.089 
45.000 -0.088 
46.000 -0.087 
47.000 -0.086 
48.000 -0.085 
49.000 -0.084 
50.000 -0.083 
51.000 -0.084 
52.000 -0.084 
53.000 -0.085 
54.000 -0.086 
55.000 -0.086 
56.000 -0.087 
57.000 -0.087 
58.000 -0.087 
59.000 -0.087 
60.000 -0.087 
61.000 -0.087 
62.000 -0.087 
63.000 -0.086 
64.000 -0.086 
65.000 -0.087 
66.000 -0.087 
67.000 -0.087 
68.000 -0.087 
69.000 -0.088 
70.000 -0.088 
71.000 -0.088 
72.000 -0.088 
73.000 -0.088 
74.000 -0.088 
75.000 -0.088 
76.000 -0.088 
77.000 -0.088 
78.000 -0.088 
79.000 -0.088 
80.000 -0.089 
81.000 -0.089 
82.000 -0.089 
83.000 -0.089 
84.000 -0.089 
85.000 -0.089 
86.000 -0.089 
87.000 -0.089 
88.000 -0.089 
89.000 -0.090 
90.000 -0.090 
91.000 -0.090 
92.000 -0.090 
93.000 -0.090 
94.000 -0.090 
95.000 -0.090 
96.000 -0.090 
97.000 -0.090 
98.000 -0.090 
99.000 -0.090 
100.000 -0.091 
101.000 -0.091 
102.000 -0.091 
103.000 -0.091 
104.000 -0.091 
105.000 -0.091 
106.000 -0.091 
107.000 -0.091 
108.000 -0.091 
109.000 -0.091 
110.000 -0.091 
111.000 -0.092 
112.000 -0.092 
113.000 -0.092 
114.000 -0.092 
115.000 -0.092 
116.000 -0.092 
117.000 -0.092 
118.000 -0.092 
119.000 -0.092 
120.000 -0.092 
121.000 -0.092 
122.000 -0.093 
123.000 -0.093 
124.000 -0.093 
125.000 -0.093 
126.000 -0.087 
127.000 -0.066 
128.000 -0.052 
129.000 -0.043 
130.000 -0.039 
131.000 -0.039 
132.000 -0.045 
133.000 -0.057 
134.000 -0.069 
135.000 -0.077 
136.000 -0.083 
137.000 -0.086 
138.000 -0.085 
139.000 -0.080 
140.000 -0.073 
141.000 -0.065 
142.000 -0.057 
143.000 -0.053 
144.000 -0.051 
145.000 -0.054 
146.000 -0.059 
147.000 -0.065 
148.000 -0.071 
149.000 -0.076 
150.000 -0.079 
151.000 -0.079 
152.000 -0.077 
153.000 -0.073 
154.000 -0.069 
155.000 -0.064 
156.000 -0.061 
157.000 -0.059 
158.000 -0.060 
159.000 -0.062 
160.000 -0.065 
161.000 -0.069 
162.000 -0.072 
163.000 -0.074 
164.000 -0.075 
165.000 -0.074 
166.000 -0.073 
167.000 -0.070 
168.000 -0.068 
169.000 -0.065 
170.000 -0.064 
171.000 -0.064 
172.000 -0.065 
173.000 -0.066 
174.000 -0.068 
175.000 -0.070 
176.000 -0.072 
177.000 -0.072 
178.000 -0.073 
179.000 -0.072 
180.000 -0.071 
181.000 -0.069 
182.000 -0.068 
183.000 -0.067 
184.000 -0.066 
185.000 -0.067 
186.000 -0.067 
187.000 -0.068 
188.000 -0.069 
189.000 -0.070 
190.000 -0.071 
191.000 -0.071 
192.000 -0.071 
193.000 -0.071 
194.000 -0.070 
195.000 -0.069 
196.000 -0.068 
197.000 -0.068 
198.000 -0.068 
199.000 -0.068 
200.000 -0.069 
201.000 -0.069 
202.000 -0.070 
203.000 -0.070 
204.000 -0.071 
205.000 -0.071 
206.000 -0.071 
207.000 -0.070 
208.000 -0.070 
209.000 -0.069 
210.000 -0.069 
211.000 -0.069 
212.000 -0.069 
213.000 -0.069 
214.000 -0.070 
215.000 -0.070 
216.000 -0.070 
217.000 -0.070 
218.000 -0.071 
219.000 -0.071 
220.000 -0.070 
221.000 -0.070 
222.000 -0.070 
223.000 -0.070 
224.000 -0.070 
225.000 -0.070 
226.000 -0.070 
227.000 -0.070 
228.000 -0.070 
229.000 -0.070 
230.000 -0.071 
231.000 -0.071 
232.000 -0.071 
233.000 -0.071 
234.000 -0.071 
235.000 -0.070 
236.000 -0.070 
237.000 -0.070 
238.000 -0.070 
239.000 -0.070 
240.000 -0.070 
241.000 -0.070 
242.000 -0.071 
243.000 -0.071 
244.000 -0.071 
245.000 -0.071 
246.000 0.026 
247.000 0.138 
248.000 0.305 
249.000 0.392 
250.000 0.531 
251.000 0.517 
252.000 0.409 
253.000 0.231 
254.000 0.085 
255.000 -0.015 
256.000 -0.080 
257.000 -0.121 
258.000 -0.116 
259.000 -0.034 
260.000 0.110 
261.000 0.233 
262.000 0.400 
263.000 0.472 
264.000 0.549 
265.000 0.475 
266.000 0.304 
267.000 0.137 
268.000 0.014 
269.000 -0.063 
270.000 -0.108 
271.000 -0.141 
272.000 -0.078 
273.000 0.034 
274.000 0.197 
275.000 0.307 
276.000 0.468 
277.000 0.507 
278.000 0.516 
279.000 0.386 
280.000 0.216 
281.000 0.074 
282.000 -0.026 
283.000 -0.086 
284.000 -0.137 
285.000 -0.117 
286.000 -0.026 
287.000 0.128 
288.000 0.248 
289.000 0.419 
290.000 0.494 
291.000 0.571 
292.000 0.488 
293.000 0.312 
294.000 0.140 
295.000 0.015 
296.000 -0.064 
297.000 -0.109 
298.000 -0.140 
299.000 -0.074 
300.000 0.042 
301.000 0.206 
302.000 0.319 
303.000 0.480 
304.000 0.520 
305.000 0.527 
306.000 0.395 
307.000 0.221 
308.000 0.076 
309.000 -0.025 
310.000 -0.085 
311.000 -0.137 
312.000 -0.114 
313.000 -0.022 
314.000 0.135 
315.000 0.261 
316.000 0.435 
317.000 0.512 
318.000 0.591 
319.000 0.507 
320.000 0.323 
321.000 0.146 
322.000 0.017 
323.000 -0.063 
324.000 -0.108 
325.000 -0.141 
326.000 -0.073 
327.000 0.045 
328.000 0.210 
329.000 0.328 
330.000 0.491 
331.000 0.532 
332.000 0.543 
333.000 0.411 
334.000 0.232 
335.000 0.083 
336.000 -0.021 
337.000 -0.083 
338.000 -0.136 
339.000 -0.115 
340.000 -0.023 
341.000 0.135 
342.000 0.265 
343.000 0.440 
344.000 0.522 
345.000 0.607 
346.000 0.526 
347.000 0.338 
348.000 0.156 
349.000 0.023 
350.000 -0.060 
351.000 -0.106 
352.000 -0.143 
353.000 -0.076 
354.000 0.040 
355.000 0.208 
356.000 0.330 
357.000 0.497 
358.000 0.544 
359.000 0.566 
360.000 0.440 
361.000 0.254 
362.000 0.097 
363.000 -0.013 
364.000 -0.080 
365.000 -0.133 
366.000 -0.075 
367.000 0.101 
368.000 0.314 
369.000 0.522 
370.000 0.731 
371.000 0.871 
372.000 0.987 
373.000 0.975 
374.000 0.971 
375.000 0.789 
376.000 0.533 
377.000 0.300 
378.000 0.126 
379.000 0.030 
380.000 0.057 
381.000 0.195 
382.000 0.384 
383.000 0.586 
384.000 0.785 
385.000 0.926 
386.000 1.033 
387.000 1.045 
388.000 1.014 
389.000 0.820 
390.000 0.538 
391.000 0.296 
392.000 0.125 
393.000 0.019 
394.000 0.042 
395.000 0.188 
396.000 0.384 
397.000 0.595 
398.000 0.804 
399.000 0.958 
400.000 1.068 
401.000 1.092 
402.000 1.061 
403.000 0.857 
404.000 0.555 
405.000 0.302 
406.000 0.128 
407.000 0.017 
408.000 0.029 
409.000 0.172 
410.000 0.370 
411.000 0.589 
412.000 0.807 
413.000 0.978 
414.000 1.094 
415.000 1.137 
416.000 1.111 
417.000 0.911 
418.000 0.591 
419.000 0.322 
420.000 0.140 
421.000 0.024 
422.000 0.009 
423.000 0.130 
424.000 0.320 
425.000 0.543 
426.000 0.770 
427.000 0.963 
428.000 1.095 
429.000 1.166 
430.000 1.168 
431.000 1.013 
432.000 0.693 
433.000 0.395 
434.000 0.186 
435.000 0.053 
436.000 -0.025 
437.000 0.033 
438.000 0.191 
439.000 0.405 
440.000 0.638 
441.000 0.867 
442.000 1.040 
443.000 1.161 
444.000 1.196 
445.000 1.162 
446.000 0.938 
447.000 0.597 
448.000 0.320 
449.000 0.135 
450.000 0.018 
451.000 0.016 
452.000 0.165 
453.000 0.380 
454.000 0.627 
455.000 0.877 
456.000 1.084 
457.000 1.214 
458.000 1.278 
459.000 1.233 
460.000 0.981 
461.000 0.606 
462.000 0.316 
463.000 0.127 
464.000 0.007 
465.000 -0.010 
466.000 0.137 
467.000 0.362 
468.000 0.625 
469.000 0.894 
470.000 1.128 
471.000 1.267 
472.000 1.343 
473.000 1.284 
474.000 1.000 
475.000 0.604 
476.000 0.306 
477.000 0.114 
478.000 -0.005 
479.000 -0.024 
480.000 0.132 
481.000 0.371 
482.000 0.652 
483.000 0.938 
484.000 1.191 
485.000 1.331 
486.000 1.528 
487.000 1.819 
488.000 2.155 
489.000 2.496 
490.000 2.838 
491.000 3.145 
492.000 3.342 
493.000 3.366 
494.000 3.236 
495.000 2.988 
496.000 2.683 
497.000 2.374 
498.000 2.119 
499.000 1.946 
500.000 1.885 
501.000 1.953 
502.000 2.133 
503.000 2.389 
504.000 2.690 
505.000 3.010 
506.000 3.311 
507.000 3.529 
508.000 3.599 
509.000 3.475 
510.000 3.241 
511.000 2.901 
512.000 2.542 
513.000 2.233 
514.000 2.016 
515.000 1.915 
516.000 1.956 
517.000 2.120 
518.000 2.365 
519.000 2.658 
520.000 2.974 
521.000 3.296 
522.000 3.565 
523.000 3.716 
524.000 3.697 
525.000 3.510 
526.000 3.216 
527.000 2.830 
528.000 2.435 
529.000 2.140 
530.000 1.964 
531.000 1.926 
532.000 2.026 
533.000 2.229 
534.000 2.497 
535.000 2.803 
536.000 3.122 
537.000 3.440 
538.000 3.700 
539.000 3.836 
540.000 3.802 
541.000 3.602 
542.000 3.298 
543.000 2.879 
544.000 2.445 
545.000 2.132 
546.000 1.958 
547.000 1.934 
548.000 2.048 
549.000 2.260 
550.000 2.534 
551.000 2.842 
552.000 3.162 
553.000 3.478 
554.000 3.749 
555.000 3.912 
556.000 3.921 
557.000 3.745 
558.000 3.466 
559.000 3.057 
560.000 2.587 
561.000 2.210 
562.000 1.977 
563.000 1.907 
564.000 1.986 
565.000 2.176 
566.000 2.438 
567.000 2.740 
568.000 3.060 
569.000 3.380 
570.000 3.688 
571.000 3.928 
572.000 4.043 
573.000 3.993 
574.000 3.778 
575.000 3.441 
576.000 2.966 
577.000 2.445 
578.000 2.064 
579.000 1.859 
580.000 1.834 
581.000 1.955 
582.000 2.177 
583.000 2.460 
584.000 2.777 
585.000 3.106 
586.000 3.431 
587.000 3.742 
588.000 3.993 
589.000 4.129 
590.000 4.109 
591.000 3.915 
592.000 3.596 
593.000 3.126 
594.000 2.551 
595.000 2.085 
596.000 1.809 
597.000 1.737 
598.000 1.828 
599.000 2.033 
600.000 2.310 
601.000 2.627 
602.000 2.963 
603.000 3.298 
604.000 3.620 
605.000 3.919 
606.000 4.192 
607.000 4.438 
608.000 4.654 
609.000 4.842 
610.000 5.004 
611.000 5.140 
612.000 5.253 
613.000 5.346 
614.000 5.414 
615.000 5.449 
616.000 5.450 
617.000 5.419 
618.000 5.360 
619.000 5.283 
620.000 5.204 
621.000 5.137 
622.000 5.098 
623.000 5.089 
624.000 5.100 
625.000 5.127 
626.000 5.163 
627.000 5.205 
628.000 5.249 
629.000 5.293 
630.000 5.335 
631.000 5.374 
632.000 5.411 
633.000 5.443 
634.000 5.469 
635.000 5.484 
636.000 5.487 
637.000 5.477 
638.000 5.455 
639.000 5.424 
640.000 5.389 
641.000 5.358 
642.000 5.335 
643.000 5.328 
644.000 5.332 
645.000 5.345 
646.000 5.363 
647.000 5.385 
648.000 5.408 
649.000 5.431 
650.000 5.453 
651.000 5.475 
652.000 5.493 
653.000 5.507 
654.000 5.513 
655.000 5.511 
656.000 5.501 
657.000 5.483 
658.000 5.461 
659.000 5.438 
660.000 5.418 
661.000 5.407 
662.000 5.405 
663.000 5.410 
664.000 5.421 
665.000 5.435 
666.000 5.451 
667.000 5.468 
668.000 5.484 
669.000 5.500 
670.000 5.514 
671.000 5.526 
672.000 5.533 
673.000 5.533 
674.000 5.528 
675.000 5.517 
676.000 5.501 
677.000 5.484 
678.000 5.468 
679.000 5.457 
680.000 5.453 
681.000 5.456 
682.000 5.463 
683.000 5.473 
684.000 5.484 
685.000 5.496 
686.000 5.509 
687.000 5.521 
688.000 5.532 
689.000 5.541 
690.000 5.547 
691.000 5.549 
692.000 5.546 
693.000 5.538 
694.000 5.527 
695.000 5.515 
696.000 5.502 
697.000 5.493 
698.000 5.489 
699.000 5.490 
700.000 5.494 
701.000 5.501 
702.000 5.510 
703.000 5.519 
704.000 5.528 
705.000 5.537 
706.000 5.545 
707.000 5.553 
708.000 5.558 
709.000 5.560 
710.000 5.559 
711.000 5.554 
712.000 5.546 
713.000 5.537 
714.000 5.527 
715.000 5.520 
716.000 5.516 
717.000 5.515 
718.000 5.518 
719.000 5.523 
720.000 5.529 
721.000 5.535 
722.000 5.542 
723.000 5.549 
724.000 5.556 
725.000 5.562 
726.000 5.566 
727.000 5.568 
728.000 5.568 
729.000 5.565 
730.000 5.560 
731.000 5.553 
732.000 5.546 
733.000 5.540 
734.000 5.535 
735.000 5.534 
736.000 5.536 
737.000 5.539 
738.000 5.543 
739.000 5.548 
740.000 5.554 
741.000 5.559 
742.000 5.564 
743.000 5.568 
744.000 5.572 
745.000 5.574 
746.000 5.575 
747.000 5.573 
748.000 5.570 
749.000 5.565 
750.000 5.560 
751.000 5.555 
752.000 5.551 
753.000 5.549 
754.000 5.550 
755.000 5.552 
756.000 5.555 
757.000 5.559 
758.000 5.563 
759.000 5.567 
760.000 5.570 
761.000 5.574 
762.000 5.577 
763.000 5.579 
764.000 5.580 
765.000 5.579 
766.000 5.576 
767.000 5.573 
768.000 5.569 
769.000 5.565 
770.000 5.562 
771.000 5.561 
772.000 5.561 
773.000 5.562 
774.000 5.564 
775.000 5.567 
776.000 5.570 
777.000 5.573 
778.000 5.576 
779.000 5.578 
780.000 5.581 
781.000 5.582 
782.000 5.583 
783.000 5.583 
784.000 5.581 
785.000 5.579 
786.000 5.576 
787.000 5.573 
788.000 5.570 
789.000 5.569 
790.000 5.569 
791.000 5.570 
792.000 5.571 
793.000 5.573 
794.000 5.575 
795.000 5.577 
796.000 5.580 
797.000 5.582 
798.000 5.584 
799.000 5.585 
800.000 5.586 
