1.000 0.000 
2.000 0.000 
3.000 0.000 
4.000 0.000 
5.000 0.000 
6.000 0.000 
7.000 0.000 
8.000 0.000 
9.000 0.000 
10.000 0.000 
11.000 0.000 
12.000 -0.043 
13.000 -0.091 
14.000 -0.117 
15.000 -0.133 
16.000 -0.142 
17.000 -0.158 
18.000 -0.138 
19.000 -0.090 
20.000 -0.042 
21.000 -0.004 
22.000 0.039 
23.000 0.041 
24.000 -0.010 
25.000 -0.069 
26.000 -0.114 
27.000 -0.142 
28.000 -0.159 
29.000 -0.175 
30.000 -0.164 
31.000 -0.110 
32.000 -0.041 
33.000 0.025 
34.000 0.090 
35.000 0.108 
36.000 0.041 
37.000 -0.037 
38.000 -0.094 
39.000 -0.130 
40.000 -0.152 
41.000 -0.164 
42.000 -0.162 
43.000 -0.115 
44.000 -0.051 
45.000 0.011 
46.000 0.061 
47.000 0.079 
48.000 0.026 
49.000 -0.043 
50.000 -0.098 
51.000 -0.132 
52.000 -0.153 
53.000 -0.163 
54.000 -0.165 
55.000 -0.125 
56.000 -0.064 
57.000 -0.005 
58.000 0.038 
59.000 0.058 
60.000 0.018 
61.000 -0.045 
62.000 -0.099 
63.000 -0.133 
64.000 -0.154 
65.000 -0.162 
66.000 -0.167 
67.000 -0.134 
68.000 -0.078 
69.000 -0.022 
70.000 0.018 
71.000 0.042 
72.000 0.014 
73.000 -0.045 
74.000 -0.098 
75.000 -0.132 
76.000 -0.153 
77.000 -0.161 
78.000 -0.170 
79.000 -0.144 
80.000 -0.092 
81.000 -0.038 
82.000 0.001 
83.000 0.028 
84.000 0.012 
85.000 -0.040 
86.000 -0.092 
87.000 -0.128 
88.000 -0.151 
89.000 -0.161 
90.000 -0.170 
91.000 -0.152 
92.000 -0.107 
93.000 -0.056 
94.000 -0.016 
95.000 0.013 
96.000 0.006 
97.000 -0.037 
98.000 -0.086 
99.000 -0.124 
100.000 -0.148 
101.000 -0.161 
102.000 -0.167 
103.000 -0.157 
104.000 -0.118 
105.000 -0.069 
106.000 -0.029 
107.000 -0.002 
108.000 -0.005 
109.000 -0.039 
110.000 -0.085 
111.000 -0.123 
112.000 -0.148 
113.000 -0.160 
114.000 -0.164 
115.000 -0.157 
116.000 -0.125 
117.000 -0.079 
118.000 -0.040 
119.000 -0.018 
120.000 -0.019 
121.000 -0.045 
122.000 -0.086 
123.000 -0.122 
124.000 -0.147 
125.000 -0.159 
126.000 -0.183 
127.000 -0.132 
128.000 -0.054 
129.000 0.029 
130.000 0.107 
131.000 0.195 
132.000 0.170 
133.000 0.062 
134.000 -0.032 
135.000 -0.092 
136.000 -0.129 
137.000 -0.152 
138.000 -0.194 
139.000 -0.162 
140.000 -0.087 
141.000 0.005 
142.000 0.087 
143.000 0.211 
144.000 0.244 
145.000 0.125 
146.000 0.011 
147.000 -0.066 
148.000 -0.114 
149.000 -0.142 
150.000 -0.170 
151.000 -0.152 
152.000 -0.086 
153.000 -0.001 
154.000 0.077 
155.000 0.165 
156.000 0.181 
157.000 0.084 
158.000 -0.013 
159.000 -0.080 
160.000 -0.122 
161.000 -0.147 
162.000 -0.171 
163.000 -0.156 
164.000 -0.092 
165.000 -0.011 
166.000 0.066 
167.000 0.148 
168.000 0.166 
169.000 0.076 
170.000 -0.017 
171.000 -0.083 
172.000 -0.123 
173.000 -0.148 
174.000 -0.169 
175.000 -0.157 
176.000 -0.096 
177.000 -0.018 
178.000 0.057 
179.000 0.132 
180.000 0.150 
181.000 0.067 
182.000 -0.022 
183.000 -0.086 
184.000 -0.125 
185.000 -0.149 
186.000 -0.168 
187.000 -0.158 
188.000 -0.099 
189.000 -0.024 
190.000 0.049 
191.000 0.118 
192.000 0.137 
193.000 0.060 
194.000 -0.025 
195.000 -0.088 
196.000 -0.126 
197.000 -0.150 
198.000 -0.166 
199.000 -0.159 
200.000 -0.103 
201.000 -0.030 
202.000 0.041 
203.000 0.105 
204.000 0.125 
205.000 0.055 
206.000 -0.027 
207.000 -0.088 
208.000 -0.127 
209.000 -0.150 
210.000 -0.164 
211.000 -0.160 
212.000 -0.107 
213.000 -0.036 
214.000 0.033 
215.000 0.092 
216.000 0.115 
217.000 0.052 
218.000 -0.028 
219.000 -0.088 
220.000 -0.127 
221.000 -0.150 
222.000 -0.162 
223.000 -0.162 
224.000 -0.113 
225.000 -0.044 
226.000 0.024 
227.000 0.079 
228.000 0.106 
229.000 0.052 
230.000 -0.025 
231.000 -0.086 
232.000 -0.125 
233.000 -0.149 
234.000 -0.159 
235.000 -0.166 
236.000 -0.122 
237.000 -0.055 
238.000 0.013 
239.000 0.065 
240.000 0.101 
241.000 0.059 
242.000 -0.016 
243.000 -0.081 
244.000 -0.122 
245.000 -0.147 
246.000 -0.148 
247.000 -0.059 
248.000 0.113 
249.000 0.242 
250.000 0.426 
251.000 0.511 
252.000 0.588 
253.000 0.465 
254.000 0.248 
255.000 0.080 
256.000 -0.025 
257.000 -0.089 
258.000 -0.137 
259.000 -0.079 
260.000 0.016 
261.000 0.191 
262.000 0.308 
263.000 0.482 
264.000 0.544 
265.000 0.510 
266.000 0.303 
267.000 0.121 
268.000 0.001 
269.000 -0.073 
270.000 -0.118 
271.000 -0.134 
272.000 -0.059 
273.000 0.104 
274.000 0.231 
275.000 0.414 
276.000 0.506 
277.000 0.615 
278.000 0.579 
279.000 0.334 
280.000 0.135 
281.000 0.008 
282.000 -0.069 
283.000 -0.116 
284.000 -0.133 
285.000 -0.058 
286.000 0.104 
287.000 0.233 
288.000 0.416 
289.000 0.511 
290.000 0.624 
291.000 0.591 
292.000 0.344 
293.000 0.141 
294.000 0.012 
295.000 -0.067 
296.000 -0.114 
297.000 -0.132 
298.000 -0.057 
299.000 0.105 
300.000 0.235 
301.000 0.420 
302.000 0.516 
303.000 0.632 
304.000 0.603 
305.000 0.352 
306.000 0.146 
307.000 0.015 
308.000 -0.065 
309.000 -0.113 
310.000 -0.132 
311.000 -0.057 
312.000 0.106 
313.000 0.238 
314.000 0.423 
315.000 0.521 
316.000 0.640 
317.000 0.613 
318.000 0.359 
319.000 0.152 
320.000 0.018 
321.000 -0.063 
322.000 -0.112 
323.000 -0.131 
324.000 -0.056 
325.000 0.107 
326.000 0.241 
327.000 0.426 
328.000 0.526 
329.000 0.647 
330.000 0.623 
331.000 0.367 
332.000 0.156 
333.000 0.021 
334.000 -0.061 
335.000 -0.111 
336.000 -0.131 
337.000 -0.056 
338.000 0.108 
339.000 0.243 
340.000 0.429 
341.000 0.531 
342.000 0.654 
343.000 0.631 
344.000 0.373 
345.000 0.161 
346.000 0.024 
347.000 -0.060 
348.000 -0.110 
349.000 -0.130 
350.000 -0.055 
351.000 0.109 
352.000 0.245 
353.000 0.432 
354.000 0.535 
355.000 0.660 
356.000 0.640 
357.000 0.380 
358.000 0.165 
359.000 0.026 
360.000 -0.058 
361.000 -0.109 
362.000 -0.130 
363.000 -0.055 
364.000 0.110 
365.000 0.248 
366.000 0.442 
367.000 0.657 
368.000 0.859 
369.000 0.998 
370.000 1.116 
371.000 1.121 
372.000 0.775 
373.000 0.428 
374.000 0.188 
375.000 0.039 
376.000 -0.051 
377.000 -0.101 
378.000 -0.019 
379.000 0.140 
380.000 0.336 
381.000 0.553 
382.000 0.762 
383.000 0.955 
384.000 1.097 
385.000 1.202 
386.000 1.144 
387.000 0.735 
388.000 0.390 
389.000 0.163 
390.000 0.024 
391.000 -0.056 
392.000 -0.061 
393.000 0.051 
394.000 0.229 
395.000 0.438 
396.000 0.662 
397.000 0.876 
398.000 1.065 
399.000 1.203 
400.000 1.275 
401.000 1.075 
402.000 0.646 
403.000 0.324 
404.000 0.121 
405.000 -0.001 
406.000 -0.077 
407.000 -0.012 
408.000 0.137 
409.000 0.339 
410.000 0.567 
411.000 0.803 
412.000 1.022 
413.000 1.201 
414.000 1.327 
415.000 1.311 
416.000 0.886 
417.000 0.492 
418.000 0.226 
419.000 0.062 
420.000 -0.037 
421.000 -0.094 
422.000 -0.004 
423.000 0.164 
424.000 0.384 
425.000 0.629 
426.000 0.884 
427.000 1.124 
428.000 1.316 
429.000 1.446 
430.000 1.397 
431.000 0.925 
432.000 0.512 
433.000 0.237 
434.000 0.068 
435.000 -0.033 
436.000 -0.093 
437.000 0.000 
438.000 0.172 
439.000 0.400 
440.000 0.654 
441.000 0.924 
442.000 1.185 
443.000 1.400 
444.000 1.542 
445.000 1.486 
446.000 0.985 
447.000 0.549 
448.000 0.259 
449.000 0.082 
450.000 -0.025 
451.000 -0.089 
452.000 0.004 
453.000 0.176 
454.000 0.410 
455.000 0.674 
456.000 0.959 
457.000 1.238 
458.000 1.476 
459.000 1.630 
460.000 1.573 
461.000 1.047 
462.000 0.588 
463.000 0.283 
464.000 0.096 
465.000 -0.017 
466.000 -0.084 
467.000 0.006 
468.000 0.179 
469.000 0.417 
470.000 0.691 
471.000 0.990 
472.000 1.286 
473.000 1.543 
474.000 1.717 
475.000 1.693 
476.000 1.159 
477.000 0.663 
478.000 0.329 
479.000 0.124 
480.000 0.000 
481.000 -0.076 
482.000 0.007 
483.000 0.175 
484.000 0.413 
485.000 0.692 
486.000 1.042 
487.000 1.460 
488.000 1.909 
489.000 2.363 
490.000 2.805 
491.000 3.221 
492.000 3.604 
493.000 3.949 
494.000 4.255 
495.000 4.481 
496.000 4.554 
497.000 4.401 
498.000 3.723 
499.000 2.384 
500.000 1.392 
501.000 0.765 
502.000 0.384 
503.000 0.112 
504.000 0.122 
505.000 0.333 
506.000 0.677 
507.000 1.103 
508.000 1.571 
509.000 2.052 
510.000 2.524 
511.000 2.972 
512.000 3.387 
513.000 3.762 
514.000 4.096 
515.000 4.388 
516.000 4.640 
517.000 4.799 
518.000 4.795 
519.000 4.572 
520.000 3.842 
521.000 2.462 
522.000 1.440 
523.000 0.793 
524.000 0.402 
525.000 0.120 
526.000 0.124 
527.000 0.330 
528.000 0.671 
529.000 1.095 
530.000 1.562 
531.000 2.042 
532.000 2.514 
533.000 2.963 
534.000 3.378 
535.000 3.754 
536.000 4.089 
537.000 4.382 
538.000 4.634 
539.000 4.849 
540.000 4.987 
541.000 4.988 
542.000 4.806 
543.000 4.359 
544.000 3.164 
545.000 1.929 
546.000 1.096 
547.000 0.584 
548.000 0.211 
549.000 0.147 
550.000 0.303 
551.000 0.610 
552.000 1.012 
553.000 1.467 
554.000 1.942 
555.000 2.414 
556.000 2.866 
557.000 3.288 
558.000 3.672 
559.000 4.015 
560.000 4.317 
561.000 4.578 
562.000 4.801 
563.000 4.988 
564.000 5.120 
565.000 5.146 
566.000 5.023 
567.000 4.731 
568.000 4.137 
569.000 2.816 
570.000 1.685 
571.000 0.945 
572.000 0.449 
573.000 0.172 
574.000 0.177 
575.000 0.381 
576.000 0.719 
577.000 1.140 
578.000 1.602 
579.000 2.078 
580.000 2.546 
581.000 2.990 
582.000 3.401 
583.000 3.774 
584.000 4.105 
585.000 4.395 
586.000 4.645 
587.000 4.857 
588.000 5.034 
589.000 5.181 
590.000 5.267 
591.000 5.248 
592.000 5.094 
593.000 4.797 
594.000 4.308 
595.000 3.273 
596.000 2.017 
597.000 1.153 
598.000 0.550 
599.000 0.203 
600.000 0.157 
601.000 0.327 
602.000 0.642 
603.000 1.049 
604.000 1.506 
605.000 1.981 
606.000 2.451 
607.000 2.901 
608.000 3.320 
609.000 3.700 
610.000 4.040 
611.000 4.339 
612.000 4.597 
613.000 4.816 
614.000 5.001 
615.000 5.153 
616.000 5.278 
617.000 5.378 
618.000 5.456 
619.000 5.517 
620.000 5.563 
621.000 5.597 
622.000 5.621 
623.000 5.637 
624.000 5.646 
625.000 5.651 
626.000 5.653 
627.000 5.651 
628.000 5.648 
629.000 5.644 
630.000 5.640 
631.000 5.634 
632.000 5.629 
633.000 5.624 
634.000 5.620 
635.000 5.616 
636.000 5.612 
637.000 5.609 
638.000 5.606 
639.000 5.603 
640.000 5.601 
641.000 5.599 
642.000 5.598 
643.000 5.597 
644.000 5.596 
645.000 5.595 
646.000 5.595 
647.000 5.594 
648.000 5.594 
649.000 5.594 
650.000 5.594 
651.000 5.594 
652.000 5.594 
653.000 5.594 
654.000 5.594 
655.000 5.594 
656.000 5.594 
657.000 5.594 
658.000 5.594 
659.000 5.594 
660.000 5.594 
661.000 5.594 
662.000 5.594 
663.000 5.594 
664.000 5.594 
665.000 5.594 
666.000 5.594 
667.000 5.594 
668.000 5.594 
669.000 5.594 
670.000 5.594 
671.000 5.594 
672.000 5.594 
673.000 5.594 
674.000 5.594 
675.000 5.594 
676.000 5.594 
677.000 5.594 
678.000 5.594 
679.000 5.594 
680.000 5.594 
681.000 5.594 
682.000 5.594 
683.000 5.594 
684.000 5.594 
685.000 5.594 
686.000 5.594 
687.000 5.594 
688.000 5.594 
689.000 5.594 
690.000 5.594 
691.000 5.594 
692.000 5.594 
693.000 5.594 
694.000 5.594 
695.000 5.594 
696.000 5.594 
697.000 5.594 
698.000 5.594 
699.000 5.594 
700.000 5.594 
701.000 5.594 
702.000 5.594 
703.000 5.594 
704.000 5.594 
705.000 5.594 
706.000 5.594 
707.000 5.594 
708.000 5.594 
709.000 5.594 
710.000 5.594 
711.000 5.594 
712.000 5.594 
713.000 5.594 
714.000 5.594 
715.000 5.594 
716.000 5.594 
717.000 5.594 
718.000 5.594 
719.000 5.594 
720.000 5.594 
721.000 5.594 
722.000 5.594 
723.000 5.594 
724.000 5.594 
725.000 5.594 
726.000 5.594 
727.000 5.594 
728.000 5.594 
729.000 5.594 
730.000 5.594 
731.000 5.594 
732.000 5.594 
733.000 5.594 
734.000 5.594 
735.000 5.594 
736.000 5.594 
737.000 5.594 
738.000 5.594 
739.000 5.594 
740.000 5.594 
741.000 5.594 
742.000 5.594 
743.000 5.594 
744.000 5.594 
745.000 5.594 
746.000 5.594 
747.000 5.594 
748.000 5.594 
749.000 5.594 
750.000 5.594 
751.000 5.594 
752.000 5.594 
753.000 5.594 
754.000 5.594 
755.000 5.594 
756.000 5.594 
757.000 5.594 
758.000 5.594 
759.000 5.594 
760.000 5.594 
761.000 5.594 
762.000 5.594 
763.000 5.594 
764.000 5.594 
765.000 5.594 
766.000 5.594 
767.000 5.594 
768.000 5.594 
769.000 5.594 
770.000 5.594 
771.000 5.594 
772.000 5.594 
773.000 5.594 
774.000 5.594 
775.000 5.594 
776.000 5.594 
777.000 5.594 
778.000 5.594 
779.000 5.594 
780.000 5.594 
781.000 5.594 
782.000 5.594 
783.000 5.594 
784.000 5.594 
785.000 5.594 
786.000 5.594 
787.000 5.594 
788.000 5.594 
789.000 5.594 
790.000 5.594 
791.000 5.594 
792.000 5.594 
793.000 5.594 
794.000 5.594 
795.000 5.594 
796.000 5.594 
797.000 5.594 
798.000 5.594 
799.000 5.594 
800.000 5.594 
