1.000 0.000 
2.000 0.000 
3.000 0.000 
4.000 0.000 
5.000 0.000 
6.000 0.000 
7.000 0.000 
8.000 0.000 
9.000 0.000 
10.000 0.000 
11.000 0.000 
12.000 -0.033 
13.000 -0.073 
14.000 -0.095 
15.000 -0.107 
16.000 -0.114 
17.000 -0.119 
18.000 -0.116 
19.000 -0.105 
20.000 -0.091 
21.000 -0.078 
22.000 -0.067 
23.000 -0.060 
24.000 -0.058 
25.000 -0.062 
26.000 -0.070 
27.000 -0.078 
28.000 -0.086 
29.000 -0.092 
30.000 -0.096 
31.000 -0.097 
32.000 -0.096 
33.000 -0.093 
34.000 -0.090 
35.000 -0.086 
36.000 -0.082 
37.000 -0.080 
38.000 -0.079 
39.000 -0.080 
40.000 -0.081 
41.000 -0.084 
42.000 -0.086 
43.000 -0.088 
44.000 -0.090 
45.000 -0.090 
46.000 -0.090 
47.000 -0.090 
48.000 -0.089 
49.000 -0.088 
50.000 -0.087 
51.000 -0.086 
52.000 -0.086 
53.000 -0.086 
54.000 -0.086 
55.000 -0.087 
56.000 -0.088 
57.000 -0.088 
58.000 -0.089 
59.000 -0.089 
60.000 -0.089 
61.000 -0.089 
62.000 -0.089 
63.000 -0.089 
64.000 -0.089 
65.000 -0.089 
66.000 -0.089 
67.000 -0.089 
68.000 -0.089 
69.000 -0.089 
70.000 -0.089 
71.000 -0.090 
72.000 -0.090 
73.000 -0.090 
74.000 -0.090 
75.000 -0.090 
76.000 -0.090 
77.000 -0.090 
78.000 -0.090 
79.000 -0.090 
80.000 -0.090 
81.000 -0.091 
82.000 -0.091 
83.000 -0.091 
84.000 -0.091 
85.000 -0.091 
86.000 -0.091 
87.000 -0.091 
88.000 -0.091 
89.000 -0.091 
90.000 -0.092 
91.000 -0.092 
92.000 -0.092 
93.000 -0.092 
94.000 -0.092 
95.000 -0.092 
96.000 -0.092 
97.000 -0.092 
98.000 -0.092 
99.000 -0.092 
100.000 -0.092 
101.000 -0.093 
102.000 -0.093 
103.000 -0.093 
104.000 -0.093 
105.000 -0.093 
106.000 -0.093 
107.000 -0.093 
108.000 -0.093 
109.000 -0.093 
110.000 -0.093 
111.000 -0.093 
112.000 -0.094 
113.000 -0.094 
114.000 -0.094 
115.000 -0.094 
116.000 -0.094 
117.000 -0.094 
118.000 -0.094 
119.000 -0.094 
120.000 -0.094 
121.000 -0.094 
122.000 -0.094 
123.000 -0.094 
124.000 -0.095 
125.000 -0.095 
126.000 -0.091 
127.000 -0.072 
128.000 -0.058 
129.000 -0.048 
130.000 -0.041 
131.000 -0.039 
132.000 -0.042 
133.000 -0.052 
134.000 -0.064 
135.000 -0.074 
136.000 -0.081 
137.000 -0.086 
138.000 -0.088 
139.000 -0.086 
140.000 -0.080 
141.000 -0.073 
142.000 -0.065 
143.000 -0.058 
144.000 -0.054 
145.000 -0.053 
146.000 -0.055 
147.000 -0.060 
148.000 -0.066 
149.000 -0.072 
150.000 -0.076 
151.000 -0.079 
152.000 -0.080 
153.000 -0.079 
154.000 -0.076 
155.000 -0.072 
156.000 -0.068 
157.000 -0.064 
158.000 -0.061 
159.000 -0.061 
160.000 -0.062 
161.000 -0.064 
162.000 -0.067 
163.000 -0.071 
164.000 -0.074 
165.000 -0.076 
166.000 -0.076 
167.000 -0.076 
168.000 -0.074 
169.000 -0.072 
170.000 -0.069 
171.000 -0.067 
172.000 -0.066 
173.000 -0.065 
174.000 -0.065 
175.000 -0.067 
176.000 -0.069 
177.000 -0.071 
178.000 -0.072 
179.000 -0.073 
180.000 -0.074 
181.000 -0.074 
182.000 -0.073 
183.000 -0.071 
184.000 -0.070 
185.000 -0.069 
186.000 -0.068 
187.000 -0.068 
188.000 -0.068 
189.000 -0.069 
190.000 -0.070 
191.000 -0.071 
192.000 -0.072 
193.000 -0.072 
194.000 -0.073 
195.000 -0.072 
196.000 -0.072 
197.000 -0.071 
198.000 -0.071 
199.000 -0.070 
200.000 -0.069 
201.000 -0.069 
202.000 -0.069 
203.000 -0.070 
204.000 -0.070 
205.000 -0.071 
206.000 -0.071 
207.000 -0.072 
208.000 -0.072 
209.000 -0.072 
210.000 -0.072 
211.000 -0.071 
212.000 -0.071 
213.000 -0.071 
214.000 -0.070 
215.000 -0.070 
216.000 -0.070 
217.000 -0.070 
218.000 -0.071 
219.000 -0.071 
220.000 -0.071 
221.000 -0.072 
222.000 -0.072 
223.000 -0.072 
224.000 -0.072 
225.000 -0.072 
226.000 -0.071 
227.000 -0.071 
228.000 -0.071 
229.000 -0.071 
230.000 -0.071 
231.000 -0.071 
232.000 -0.071 
233.000 -0.071 
234.000 -0.072 
235.000 -0.072 
236.000 -0.072 
237.000 -0.072 
238.000 -0.072 
239.000 -0.072 
240.000 -0.072 
241.000 -0.072 
242.000 -0.071 
243.000 -0.071 
244.000 -0.071 
245.000 -0.071 
246.000 0.025 
247.000 0.134 
248.000 0.309 
249.000 0.400 
250.000 0.551 
251.000 0.527 
252.000 0.447 
253.000 0.275 
254.000 0.120 
255.000 0.008 
256.000 -0.067 
257.000 -0.109 
258.000 -0.144 
259.000 -0.090 
260.000 0.018 
261.000 0.179 
262.000 0.289 
263.000 0.452 
264.000 0.490 
265.000 0.538 
266.000 0.430 
267.000 0.259 
268.000 0.104 
269.000 -0.007 
270.000 -0.076 
271.000 -0.117 
272.000 -0.140 
273.000 -0.073 
274.000 0.044 
275.000 0.207 
276.000 0.319 
277.000 0.479 
278.000 0.503 
279.000 0.529 
280.000 0.412 
281.000 0.239 
282.000 0.090 
283.000 -0.016 
284.000 -0.081 
285.000 -0.123 
286.000 -0.136 
287.000 -0.058 
288.000 0.069 
289.000 0.232 
290.000 0.369 
291.000 0.525 
292.000 0.535 
293.000 0.531 
294.000 0.397 
295.000 0.217 
296.000 0.071 
297.000 -0.029 
298.000 -0.090 
299.000 -0.131 
300.000 -0.129 
301.000 -0.039 
302.000 0.102 
303.000 0.256 
304.000 0.418 
305.000 0.540 
306.000 0.636 
307.000 0.584 
308.000 0.399 
309.000 0.204 
310.000 0.057 
311.000 -0.039 
312.000 -0.097 
313.000 -0.145 
314.000 -0.131 
315.000 -0.035 
316.000 0.118 
317.000 0.259 
318.000 0.432 
319.000 0.506 
320.000 0.608 
321.000 0.522 
322.000 0.344 
323.000 0.166 
324.000 0.034 
325.000 -0.052 
326.000 -0.101 
327.000 -0.146 
328.000 -0.103 
329.000 0.000 
330.000 0.166 
331.000 0.299 
332.000 0.475 
333.000 0.536 
334.000 0.616 
335.000 0.510 
336.000 0.319 
337.000 0.142 
338.000 0.015 
339.000 -0.065 
340.000 -0.109 
341.000 -0.149 
342.000 -0.091 
343.000 0.020 
344.000 0.190 
345.000 0.322 
346.000 0.496 
347.000 0.546 
348.000 0.610 
349.000 0.500 
350.000 0.306 
351.000 0.133 
352.000 0.009 
353.000 -0.068 
354.000 -0.111 
355.000 -0.147 
356.000 -0.082 
357.000 0.035 
358.000 0.206 
359.000 0.337 
360.000 0.507 
361.000 0.552 
362.000 0.605 
363.000 0.492 
364.000 0.298 
365.000 0.126 
366.000 0.012 
367.000 0.029 
368.000 0.147 
369.000 0.342 
370.000 0.561 
371.000 0.769 
372.000 0.933 
373.000 1.030 
374.000 1.071 
375.000 1.038 
376.000 0.866 
377.000 0.581 
378.000 0.325 
379.000 0.147 
380.000 0.030 
381.000 -0.017 
382.000 0.060 
383.000 0.223 
384.000 0.428 
385.000 0.646 
386.000 0.844 
387.000 0.984 
388.000 1.069 
389.000 1.086 
390.000 1.030 
391.000 0.824 
392.000 0.532 
393.000 0.289 
394.000 0.122 
395.000 0.013 
396.000 0.013 
397.000 0.149 
398.000 0.352 
399.000 0.584 
400.000 0.816 
401.000 1.002 
402.000 1.118 
403.000 1.165 
404.000 1.148 
405.000 0.956 
406.000 0.624 
407.000 0.341 
408.000 0.149 
409.000 0.029 
410.000 -0.049 
411.000 0.019 
412.000 0.204 
413.000 0.447 
414.000 0.705 
415.000 0.953 
416.000 1.121 
417.000 1.226 
418.000 1.220 
419.000 1.139 
420.000 0.835 
421.000 0.491 
422.000 0.239 
423.000 0.077 
424.000 -0.023 
425.000 -0.011 
426.000 0.169 
427.000 0.427 
428.000 0.716 
429.000 0.999 
430.000 1.226 
431.000 1.332 
432.000 1.372 
433.000 1.219 
434.000 0.824 
435.000 0.457 
436.000 0.205 
437.000 0.049 
438.000 -0.048 
439.000 -0.042 
440.000 0.145 
441.000 0.421 
442.000 0.732 
443.000 1.041 
444.000 1.297 
445.000 1.406 
446.000 1.456 
447.000 1.259 
448.000 0.818 
449.000 0.446 
450.000 0.198 
451.000 0.045 
452.000 -0.050 
453.000 -0.043 
454.000 0.149 
455.000 0.436 
456.000 0.762 
457.000 1.086 
458.000 1.360 
459.000 1.468 
460.000 1.521 
461.000 1.292 
462.000 0.818 
463.000 0.441 
464.000 0.193 
465.000 0.042 
466.000 -0.052 
467.000 -0.044 
468.000 0.153 
469.000 0.450 
470.000 0.788 
471.000 1.127 
472.000 1.417 
473.000 1.531 
474.000 1.584 
475.000 1.333 
476.000 0.832 
477.000 0.445 
478.000 0.195 
479.000 0.043 
480.000 -0.049 
481.000 -0.045 
482.000 0.153 
483.000 0.457 
484.000 0.806 
485.000 1.158 
486.000 1.546 
487.000 1.971 
488.000 2.406 
489.000 2.828 
490.000 3.191 
491.000 3.430 
492.000 3.472 
493.000 3.325 
494.000 3.054 
495.000 2.716 
496.000 2.390 
497.000 2.128 
498.000 1.978 
499.000 1.976 
500.000 2.105 
501.000 2.326 
502.000 2.604 
503.000 2.912 
504.000 3.229 
505.000 3.516 
506.000 3.702 
507.000 3.722 
508.000 3.556 
509.000 3.280 
510.000 2.912 
511.000 2.496 
512.000 2.160 
513.000 1.963 
514.000 1.934 
515.000 2.048 
516.000 2.260 
517.000 2.533 
518.000 2.841 
519.000 3.161 
520.000 3.477 
521.000 3.737 
522.000 3.873 
523.000 3.832 
524.000 3.625 
525.000 3.313 
526.000 2.874 
527.000 2.377 
528.000 1.999 
529.000 1.804 
530.000 1.793 
531.000 1.926 
532.000 2.157 
533.000 2.447 
534.000 2.770 
535.000 3.103 
536.000 3.431 
537.000 3.734 
538.000 3.949 
539.000 4.018 
540.000 3.906 
541.000 3.655 
542.000 3.264 
543.000 2.710 
544.000 2.106 
545.000 1.683 
546.000 1.500 
547.000 1.522 
548.000 1.688 
549.000 1.951 
550.000 2.272 
551.000 2.623 
552.000 2.981 
553.000 3.332 
554.000 3.665 
555.000 3.951 
556.000 4.134 
557.000 4.167 
558.000 4.025 
559.000 3.752 
560.000 3.308 
561.000 2.603 
562.000 1.796 
563.000 1.207 
564.000 0.912 
565.000 0.876 
566.000 1.026 
567.000 1.302 
568.000 1.656 
569.000 2.053 
570.000 2.466 
571.000 2.874 
572.000 3.264 
573.000 3.626 
574.000 3.956 
575.000 4.222 
576.000 4.374 
577.000 4.377 
578.000 4.220 
579.000 3.903 
580.000 3.338 
581.000 2.303 
582.000 1.395 
583.000 0.715 
584.000 0.342 
585.000 0.273 
586.000 0.421 
587.000 0.718 
588.000 1.109 
589.000 1.552 
590.000 2.016 
591.000 2.477 
592.000 2.919 
593.000 3.332 
594.000 3.708 
595.000 4.044 
596.000 4.340 
597.000 4.563 
598.000 4.676 
599.000 4.657 
600.000 4.504 
601.000 4.230 
602.000 3.810 
603.000 3.095 
604.000 1.984 
605.000 1.152 
606.000 0.596 
607.000 0.388 
608.000 0.434 
609.000 0.658 
610.000 0.999 
611.000 1.412 
612.000 1.859 
613.000 2.314 
614.000 2.758 
615.000 3.178 
616.000 3.565 
617.000 3.914 
618.000 4.224 
619.000 4.494 
620.000 4.726 
621.000 4.923 
622.000 5.087 
623.000 5.222 
624.000 5.331 
625.000 5.419 
626.000 5.487 
627.000 5.539 
628.000 5.579 
629.000 5.607 
630.000 5.626 
631.000 5.639 
632.000 5.646 
633.000 5.650 
634.000 5.650 
635.000 5.648 
636.000 5.645 
637.000 5.640 
638.000 5.636 
639.000 5.631 
640.000 5.626 
641.000 5.621 
642.000 5.617 
643.000 5.613 
644.000 5.610 
645.000 5.607 
646.000 5.604 
647.000 5.602 
648.000 5.600 
649.000 5.599 
650.000 5.597 
651.000 5.596 
652.000 5.596 
653.000 5.595 
654.000 5.594 
655.000 5.594 
656.000 5.594 
657.000 5.594 
658.000 5.594 
659.000 5.594 
660.000 5.594 
661.000 5.594 
662.000 5.594 
663.000 5.594 
664.000 5.594 
665.000 5.594 
666.000 5.594 
667.000 5.594 
668.000 5.594 
669.000 5.594 
670.000 5.594 
671.000 5.594 
672.000 5.594 
673.000 5.594 
674.000 5.594 
675.000 5.594 
676.000 5.594 
677.000 5.594 
678.000 5.594 
679.000 5.594 
680.000 5.594 
681.000 5.594 
682.000 5.594 
683.000 5.594 
684.000 5.594 
685.000 5.594 
686.000 5.594 
687.000 5.594 
688.000 5.594 
689.000 5.594 
690.000 5.594 
691.000 5.594 
692.000 5.594 
693.000 5.594 
694.000 5.594 
695.000 5.594 
696.000 5.594 
697.000 5.594 
698.000 5.594 
699.000 5.594 
700.000 5.594 
701.000 5.594 
702.000 5.594 
703.000 5.594 
704.000 5.594 
705.000 5.594 
706.000 5.594 
707.000 5.594 
708.000 5.594 
709.000 5.594 
710.000 5.594 
711.000 5.594 
712.000 5.594 
713.000 5.594 
714.000 5.594 
715.000 5.594 
716.000 5.594 
717.000 5.594 
718.000 5.594 
719.000 5.594 
720.000 5.594 
721.000 5.594 
722.000 5.594 
723.000 5.594 
724.000 5.594 
725.000 5.594 
726.000 5.594 
727.000 5.594 
728.000 5.594 
729.000 5.594 
730.000 5.594 
731.000 5.594 
732.000 5.594 
733.000 5.594 
734.000 5.594 
735.000 5.594 
736.000 5.594 
737.000 5.594 
738.000 5.594 
739.000 5.594 
740.000 5.594 
741.000 5.594 
742.000 5.594 
743.000 5.594 
744.000 5.594 
745.000 5.594 
746.000 5.594 
747.000 5.594 
748.000 5.594 
749.000 5.594 
750.000 5.594 
751.000 5.594 
752.000 5.594 
753.000 5.594 
754.000 5.594 
755.000 5.594 
756.000 5.594 
757.000 5.594 
758.000 5.594 
759.000 5.594 
760.000 5.594 
761.000 5.594 
762.000 5.594 
763.000 5.594 
764.000 5.594 
765.000 5.594 
766.000 5.594 
767.000 5.594 
768.000 5.594 
769.000 5.594 
770.000 5.594 
771.000 5.594 
772.000 5.594 
773.000 5.594 
774.000 5.594 
775.000 5.594 
776.000 5.594 
777.000 5.594 
778.000 5.594 
779.000 5.594 
780.000 5.594 
781.000 5.594 
782.000 5.594 
783.000 5.594 
784.000 5.594 
785.000 5.594 
786.000 5.594 
787.000 5.594 
788.000 5.594 
789.000 5.594 
790.000 5.594 
791.000 5.594 
792.000 5.594 
793.000 5.594 
794.000 5.594 
795.000 5.594 
796.000 5.594 
797.000 5.594 
798.000 5.594 
799.000 5.594 
800.000 5.594 
