1.000 0.000 
2.000 0.000 
3.000 0.000 
4.000 0.000 
5.000 0.000 
6.000 0.000 
7.000 0.000 
8.000 0.000 
9.000 0.000 
10.000 0.000 
11.000 0.000 
12.000 -0.035 
13.000 -0.076 
14.000 -0.097 
15.000 -0.109 
16.000 -0.116 
17.000 -0.121 
18.000 -0.117 
19.000 -0.105 
20.000 -0.091 
21.000 -0.077 
22.000 -0.066 
23.000 -0.058 
24.000 -0.057 
25.000 -0.062 
26.000 -0.071 
27.000 -0.080 
28.000 -0.088 
29.000 -0.094 
30.000 -0.098 
31.000 -0.099 
32.000 -0.097 
33.000 -0.094 
34.000 -0.090 
35.000 -0.086 
36.000 -0.082 
37.000 -0.080 
38.000 -0.079 
39.000 -0.080 
40.000 -0.082 
41.000 -0.085 
42.000 -0.087 
43.000 -0.089 
44.000 -0.091 
45.000 -0.091 
46.000 -0.091 
47.000 -0.090 
48.000 -0.089 
49.000 -0.088 
50.000 -0.087 
51.000 -0.086 
52.000 -0.086 
53.000 -0.087 
54.000 -0.087 
55.000 -0.088 
56.000 -0.089 
57.000 -0.089 
58.000 -0.090 
59.000 -0.090 
60.000 -0.090 
61.000 -0.090 
62.000 -0.090 
63.000 -0.090 
64.000 -0.089 
65.000 -0.089 
66.000 -0.089 
67.000 -0.089 
68.000 -0.090 
69.000 -0.090 
70.000 -0.090 
71.000 -0.090 
72.000 -0.091 
73.000 -0.091 
74.000 -0.091 
75.000 -0.091 
76.000 -0.091 
77.000 -0.091 
78.000 -0.091 
79.000 -0.091 
80.000 -0.091 
81.000 -0.091 
82.000 -0.091 
83.000 -0.091 
84.000 -0.092 
85.000 -0.092 
86.000 -0.092 
87.000 -0.092 
88.000 -0.092 
89.000 -0.092 
90.000 -0.092 
91.000 -0.092 
92.000 -0.092 
93.000 -0.092 
94.000 -0.093 
95.000 -0.093 
96.000 -0.093 
97.000 -0.093 
98.000 -0.093 
99.000 -0.093 
100.000 -0.093 
101.000 -0.093 
102.000 -0.093 
103.000 -0.093 
104.000 -0.094 
105.000 -0.094 
106.000 -0.094 
107.000 -0.094 
108.000 -0.094 
109.000 -0.094 
110.000 -0.094 
111.000 -0.094 
112.000 -0.094 
113.000 -0.094 
114.000 -0.094 
115.000 -0.094 
116.000 -0.095 
117.000 -0.095 
118.000 -0.095 
119.000 -0.095 
120.000 -0.095 
121.000 -0.095 
122.000 -0.095 
123.000 -0.095 
124.000 -0.095 
125.000 -0.095 
126.000 -0.091 
127.000 -0.072 
128.000 -0.057 
129.000 -0.047 
130.000 -0.040 
131.000 -0.038 
132.000 -0.042 
133.000 -0.053 
134.000 -0.065 
135.000 -0.075 
136.000 -0.083 
137.000 -0.088 
138.000 -0.089 
139.000 -0.087 
140.000 -0.081 
141.000 -0.073 
142.000 -0.064 
143.000 -0.057 
144.000 -0.052 
145.000 -0.051 
146.000 -0.055 
147.000 -0.060 
148.000 -0.067 
149.000 -0.073 
150.000 -0.078 
151.000 -0.082 
152.000 -0.082 
153.000 -0.080 
154.000 -0.077 
155.000 -0.072 
156.000 -0.067 
157.000 -0.063 
158.000 -0.060 
159.000 -0.060 
160.000 -0.061 
161.000 -0.064 
162.000 -0.068 
163.000 -0.072 
164.000 -0.075 
165.000 -0.077 
166.000 -0.078 
167.000 -0.077 
168.000 -0.074 
169.000 -0.072 
170.000 -0.069 
171.000 -0.066 
172.000 -0.065 
173.000 -0.064 
174.000 -0.065 
175.000 -0.067 
176.000 -0.070 
177.000 -0.072 
178.000 -0.074 
179.000 -0.075 
180.000 -0.075 
181.000 -0.074 
182.000 -0.073 
183.000 -0.071 
184.000 -0.070 
185.000 -0.068 
186.000 -0.067 
187.000 -0.067 
188.000 -0.068 
189.000 -0.069 
190.000 -0.070 
191.000 -0.072 
192.000 -0.073 
193.000 -0.073 
194.000 -0.074 
195.000 -0.073 
196.000 -0.072 
197.000 -0.071 
198.000 -0.070 
199.000 -0.070 
200.000 -0.069 
201.000 -0.069 
202.000 -0.069 
203.000 -0.070 
204.000 -0.071 
205.000 -0.072 
206.000 -0.072 
207.000 -0.073 
208.000 -0.073 
209.000 -0.073 
210.000 -0.072 
211.000 -0.072 
212.000 -0.071 
213.000 -0.071 
214.000 -0.070 
215.000 -0.070 
216.000 -0.070 
217.000 -0.071 
218.000 -0.071 
219.000 -0.072 
220.000 -0.072 
221.000 -0.072 
222.000 -0.072 
223.000 -0.072 
224.000 -0.072 
225.000 -0.072 
226.000 -0.072 
227.000 -0.071 
228.000 -0.071 
229.000 -0.071 
230.000 -0.071 
231.000 -0.071 
232.000 -0.072 
233.000 -0.072 
234.000 -0.072 
235.000 -0.072 
236.000 -0.072 
237.000 -0.072 
238.000 -0.072 
239.000 -0.072 
240.000 -0.072 
241.000 -0.072 
242.000 -0.072 
243.000 -0.072 
244.000 -0.072 
245.000 -0.072 
246.000 0.025 
247.000 0.135 
248.000 0.311 
249.000 0.404 
250.000 0.556 
251.000 0.534 
252.000 0.451 
253.000 0.274 
254.000 0.117 
255.000 0.004 
256.000 -0.071 
257.000 -0.112 
258.000 -0.148 
259.000 -0.089 
260.000 0.021 
261.000 0.185 
262.000 0.298 
263.000 0.462 
264.000 0.499 
265.000 0.543 
266.000 0.432 
267.000 0.255 
268.000 0.100 
269.000 -0.010 
270.000 -0.079 
271.000 -0.119 
272.000 -0.141 
273.000 -0.068 
274.000 0.053 
275.000 0.217 
276.000 0.338 
277.000 0.498 
278.000 0.516 
279.000 0.528 
280.000 0.403 
281.000 0.225 
282.000 0.078 
283.000 -0.024 
284.000 -0.088 
285.000 -0.130 
286.000 -0.133 
287.000 -0.047 
288.000 0.091 
289.000 0.247 
290.000 0.405 
291.000 0.540 
292.000 0.628 
293.000 0.592 
294.000 0.409 
295.000 0.210 
296.000 0.060 
297.000 -0.037 
298.000 -0.096 
299.000 -0.141 
300.000 -0.129 
301.000 -0.034 
302.000 0.118 
303.000 0.255 
304.000 0.427 
305.000 0.502 
306.000 0.604 
307.000 0.518 
308.000 0.338 
309.000 0.160 
310.000 0.028 
311.000 -0.056 
312.000 -0.104 
313.000 -0.151 
314.000 -0.103 
315.000 0.003 
316.000 0.171 
317.000 0.304 
318.000 0.479 
319.000 0.536 
320.000 0.610 
321.000 0.502 
322.000 0.307 
323.000 0.133 
324.000 0.009 
325.000 -0.068 
326.000 -0.111 
327.000 -0.150 
328.000 -0.087 
329.000 0.026 
330.000 0.196 
331.000 0.326 
332.000 0.497 
333.000 0.542 
334.000 0.598 
335.000 0.485 
336.000 0.290 
337.000 0.121 
338.000 0.002 
339.000 -0.073 
340.000 -0.114 
341.000 -0.144 
342.000 -0.072 
343.000 0.049 
344.000 0.219 
345.000 0.343 
346.000 0.509 
347.000 0.545 
348.000 0.582 
349.000 0.463 
350.000 0.272 
351.000 0.109 
352.000 -0.006 
353.000 -0.077 
354.000 -0.118 
355.000 -0.137 
356.000 -0.056 
357.000 0.075 
358.000 0.243 
359.000 0.384 
360.000 0.546 
361.000 0.562 
362.000 0.569 
363.000 0.436 
364.000 0.243 
365.000 0.087 
366.000 -0.016 
367.000 0.018 
368.000 0.146 
369.000 0.345 
370.000 0.565 
371.000 0.771 
372.000 0.932 
373.000 1.028 
374.000 1.067 
375.000 1.034 
376.000 0.857 
377.000 0.569 
378.000 0.316 
379.000 0.140 
380.000 0.026 
381.000 -0.012 
382.000 0.073 
383.000 0.240 
384.000 0.449 
385.000 0.667 
386.000 0.861 
387.000 0.999 
388.000 1.075 
389.000 1.092 
390.000 1.012 
391.000 0.784 
392.000 0.490 
393.000 0.256 
394.000 0.101 
395.000 -0.007 
396.000 0.024 
397.000 0.197 
398.000 0.420 
399.000 0.658 
400.000 0.891 
401.000 1.056 
402.000 1.158 
403.000 1.169 
404.000 1.110 
405.000 0.844 
406.000 0.509 
407.000 0.256 
408.000 0.092 
409.000 -0.010 
410.000 -0.003 
411.000 0.164 
412.000 0.399 
413.000 0.659 
414.000 0.912 
415.000 1.110 
416.000 1.216 
417.000 1.254 
418.000 1.167 
419.000 0.866 
420.000 0.509 
421.000 0.248 
422.000 0.079 
423.000 -0.026 
424.000 -0.028 
425.000 0.142 
426.000 0.392 
427.000 0.674 
428.000 0.952 
429.000 1.181 
430.000 1.293 
431.000 1.343 
432.000 1.217 
433.000 0.858 
434.000 0.486 
435.000 0.225 
436.000 0.061 
437.000 -0.038 
438.000 -0.040 
439.000 0.138 
440.000 0.404 
441.000 0.705 
442.000 1.003 
443.000 1.253 
444.000 1.364 
445.000 1.418 
446.000 1.248 
447.000 0.833 
448.000 0.460 
449.000 0.207 
450.000 0.050 
451.000 -0.047 
452.000 -0.042 
453.000 0.145 
454.000 0.424 
455.000 0.739 
456.000 1.053 
457.000 1.317 
458.000 1.428 
459.000 1.481 
460.000 1.278 
461.000 0.823 
462.000 0.448 
463.000 0.198 
464.000 0.045 
465.000 -0.051 
466.000 -0.043 
467.000 0.150 
468.000 0.439 
469.000 0.767 
470.000 1.095 
471.000 1.374 
472.000 1.485 
473.000 1.539 
474.000 1.308 
475.000 0.824 
476.000 0.443 
477.000 0.195 
478.000 0.043 
479.000 -0.052 
480.000 -0.044 
481.000 0.154 
482.000 0.452 
483.000 0.791 
484.000 1.132 
485.000 1.426 
486.000 1.750 
487.000 2.123 
488.000 2.510 
489.000 2.863 
490.000 3.154 
491.000 3.339 
492.000 3.343 
493.000 3.187 
494.000 2.932 
495.000 2.626 
496.000 2.335 
497.000 2.109 
498.000 1.989 
499.000 2.006 
500.000 2.146 
501.000 2.373 
502.000 2.654 
503.000 2.962 
504.000 3.277 
505.000 3.544 
506.000 3.688 
507.000 3.649 
508.000 3.448 
509.000 3.134 
510.000 2.757 
511.000 2.370 
512.000 2.094 
513.000 1.957 
514.000 1.974 
515.000 2.120 
516.000 2.353 
517.000 2.638 
518.000 2.949 
519.000 3.268 
520.000 3.563 
521.000 3.767 
522.000 3.815 
523.000 3.664 
524.000 3.402 
525.000 3.031 
526.000 2.588 
527.000 2.202 
528.000 1.964 
529.000 1.901 
530.000 1.989 
531.000 2.185 
532.000 2.450 
533.000 2.754 
534.000 3.075 
535.000 3.396 
536.000 3.689 
537.000 3.890 
538.000 3.940 
539.000 3.799 
540.000 3.535 
541.000 3.145 
542.000 2.644 
543.000 2.173 
544.000 1.879 
545.000 1.791 
546.000 1.868 
547.000 2.060 
548.000 2.328 
549.000 2.638 
550.000 2.968 
551.000 3.299 
552.000 3.618 
553.000 3.888 
554.000 4.046 
555.000 4.044 
556.000 3.856 
557.000 3.563 
558.000 3.118 
559.000 2.519 
560.000 1.978 
561.000 1.652 
562.000 1.559 
563.000 1.643 
564.000 1.850 
565.000 2.134 
566.000 2.464 
567.000 2.814 
568.000 3.165 
569.000 3.504 
570.000 3.821 
571.000 4.073 
572.000 4.202 
573.000 4.169 
574.000 3.958 
575.000 3.609 
576.000 3.063 
577.000 2.275 
578.000 1.557 
579.000 1.108 
580.000 0.955 
581.000 1.018 
582.000 1.233 
583.000 1.547 
584.000 1.919 
585.000 2.319 
586.000 2.724 
587.000 3.117 
588.000 3.488 
589.000 3.828 
590.000 4.126 
591.000 4.332 
592.000 4.399 
593.000 4.304 
594.000 4.050 
595.000 3.603 
596.000 2.769 
597.000 1.746 
598.000 0.970 
599.000 0.497 
600.000 0.352 
601.000 0.443 
602.000 0.698 
603.000 1.061 
604.000 1.486 
605.000 1.939 
606.000 2.396 
607.000 2.838 
608.000 3.253 
609.000 3.634 
610.000 3.977 
611.000 4.279 
612.000 4.542 
613.000 4.768 
614.000 4.958 
615.000 5.116 
616.000 5.246 
617.000 5.351 
618.000 5.434 
619.000 5.499 
620.000 5.549 
621.000 5.586 
622.000 5.612 
623.000 5.630 
624.000 5.641 
625.000 5.648 
626.000 5.650 
627.000 5.650 
628.000 5.648 
629.000 5.644 
630.000 5.640 
631.000 5.635 
632.000 5.630 
633.000 5.625 
634.000 5.621 
635.000 5.616 
636.000 5.613 
637.000 5.609 
638.000 5.606 
639.000 5.604 
640.000 5.602 
641.000 5.600 
642.000 5.598 
643.000 5.597 
644.000 5.596 
645.000 5.595 
646.000 5.595 
647.000 5.594 
648.000 5.594 
649.000 5.594 
650.000 5.594 
651.000 5.594 
652.000 5.594 
653.000 5.594 
654.000 5.594 
655.000 5.594 
656.000 5.594 
657.000 5.594 
658.000 5.594 
659.000 5.594 
660.000 5.594 
661.000 5.594 
662.000 5.594 
663.000 5.594 
664.000 5.594 
665.000 5.594 
666.000 5.594 
667.000 5.594 
668.000 5.594 
669.000 5.594 
670.000 5.594 
671.000 5.594 
672.000 5.594 
673.000 5.594 
674.000 5.594 
675.000 5.594 
676.000 5.594 
677.000 5.594 
678.000 5.594 
679.000 5.594 
680.000 5.594 
681.000 5.594 
682.000 5.594 
683.000 5.594 
684.000 5.594 
685.000 5.594 
686.000 5.594 
687.000 5.594 
688.000 5.594 
689.000 5.594 
690.000 5.594 
691.000 5.594 
692.000 5.594 
693.000 5.594 
694.000 5.594 
695.000 5.594 
696.000 5.594 
697.000 5.594 
698.000 5.594 
699.000 5.594 
700.000 5.594 
701.000 5.594 
702.000 5.594 
703.000 5.594 
704.000 5.594 
705.000 5.594 
706.000 5.594 
707.000 5.594 
708.000 5.594 
709.000 5.594 
710.000 5.594 
711.000 5.594 
712.000 5.594 
713.000 5.594 
714.000 5.594 
715.000 5.594 
716.000 5.594 
717.000 5.594 
718.000 5.594 
719.000 5.594 
720.000 5.594 
721.000 5.594 
722.000 5.594 
723.000 5.594 
724.000 5.594 
725.000 5.594 
726.000 5.594 
727.000 5.594 
728.000 5.594 
729.000 5.594 
730.000 5.594 
731.000 5.594 
732.000 5.594 
733.000 5.594 
734.000 5.594 
735.000 5.594 
736.000 5.594 
737.000 5.594 
738.000 5.594 
739.000 5.594 
740.000 5.594 
741.000 5.594 
742.000 5.594 
743.000 5.594 
744.000 5.594 
745.000 5.594 
746.000 5.594 
747.000 5.594 
748.000 5.594 
749.000 5.594 
750.000 5.594 
751.000 5.594 
752.000 5.594 
753.000 5.594 
754.000 5.594 
755.000 5.594 
756.000 5.594 
757.000 5.594 
758.000 5.594 
759.000 5.594 
760.000 5.594 
761.000 5.594 
762.000 5.594 
763.000 5.594 
764.000 5.594 
765.000 5.594 
766.000 5.594 
767.000 5.594 
768.000 5.594 
769.000 5.594 
770.000 5.594 
771.000 5.594 
772.000 5.594 
773.000 5.594 
774.000 5.594 
775.000 5.594 
776.000 5.594 
777.000 5.594 
778.000 5.594 
779.000 5.594 
780.000 5.594 
781.000 5.594 
782.000 5.594 
783.000 5.594 
784.000 5.594 
785.000 5.594 
786.000 5.594 
787.000 5.594 
788.000 5.594 
789.000 5.594 
790.000 5.594 
791.000 5.594 
792.000 5.594 
793.000 5.594 
794.000 5.594 
795.000 5.594 
796.000 5.594 
797.000 5.594 
798.000 5.594 
799.000 5.594 
800.000 5.594 
