1.000 0.000 
2.000 0.000 
3.000 0.000 
4.000 0.000 
5.000 0.000 
6.000 0.000 
7.000 0.000 
8.000 0.000 
9.000 0.000 
10.000 0.000 
11.000 0.000 
12.000 -0.004 
13.000 -0.019 
14.000 -0.050 
15.000 -0.083 
16.000 -0.105 
17.000 -0.119 
18.000 -0.126 
19.000 -0.127 
20.000 -0.119 
21.000 -0.100 
22.000 -0.077 
23.000 -0.055 
24.000 -0.038 
25.000 -0.027 
26.000 -0.024 
27.000 -0.030 
28.000 -0.048 
29.000 -0.073 
30.000 -0.096 
31.000 -0.112 
32.000 -0.120 
33.000 -0.123 
34.000 -0.120 
35.000 -0.109 
36.000 -0.093 
37.000 -0.075 
38.000 -0.058 
39.000 -0.045 
40.000 -0.038 
41.000 -0.040 
42.000 -0.052 
43.000 -0.072 
44.000 -0.092 
45.000 -0.107 
46.000 -0.116 
47.000 -0.120 
48.000 -0.119 
49.000 -0.112 
50.000 -0.100 
51.000 -0.086 
52.000 -0.072 
53.000 -0.060 
54.000 -0.054 
55.000 -0.054 
56.000 -0.064 
57.000 -0.079 
58.000 -0.094 
59.000 -0.105 
60.000 -0.113 
61.000 -0.116 
62.000 -0.115 
63.000 -0.110 
64.000 -0.101 
65.000 -0.092 
66.000 -0.084 
67.000 -0.077 
68.000 -0.073 
69.000 -0.076 
70.000 -0.083 
71.000 -0.091 
72.000 -0.099 
73.000 -0.105 
74.000 -0.109 
75.000 -0.110 
76.000 -0.108 
77.000 -0.104 
78.000 -0.099 
79.000 -0.094 
80.000 -0.091 
81.000 -0.090 
82.000 -0.091 
83.000 -0.093 
84.000 -0.096 
85.000 -0.099 
86.000 -0.102 
87.000 -0.103 
88.000 -0.103 
89.000 -0.103 
90.000 -0.101 
91.000 -0.100 
92.000 -0.098 
93.000 -0.097 
94.000 -0.097 
95.000 -0.097 
96.000 -0.098 
97.000 -0.099 
98.000 -0.100 
99.000 -0.101 
100.000 -0.101 
101.000 -0.102 
102.000 -0.101 
103.000 -0.101 
104.000 -0.100 
105.000 -0.100 
106.000 -0.100 
107.000 -0.100 
108.000 -0.100 
109.000 -0.100 
110.000 -0.100 
111.000 -0.101 
112.000 -0.101 
113.000 -0.101 
114.000 -0.102 
115.000 -0.102 
116.000 -0.101 
117.000 -0.101 
118.000 -0.101 
119.000 -0.101 
120.000 -0.101 
121.000 -0.101 
122.000 -0.101 
123.000 -0.102 
124.000 -0.102 
125.000 -0.102 
126.000 -0.091 
127.000 -0.055 
128.000 -0.035 
129.000 -0.025 
130.000 -0.020 
131.000 -0.019 
132.000 -0.027 
133.000 -0.044 
134.000 -0.067 
135.000 -0.086 
136.000 -0.099 
137.000 -0.106 
138.000 -0.108 
139.000 -0.102 
140.000 -0.086 
141.000 -0.066 
142.000 -0.049 
143.000 -0.036 
144.000 -0.028 
145.000 -0.026 
146.000 -0.032 
147.000 -0.045 
148.000 -0.064 
149.000 -0.082 
150.000 -0.096 
151.000 -0.103 
152.000 -0.106 
153.000 -0.101 
154.000 -0.089 
155.000 -0.071 
156.000 -0.054 
157.000 -0.041 
158.000 -0.032 
159.000 -0.029 
160.000 -0.032 
161.000 -0.043 
162.000 -0.061 
163.000 -0.080 
164.000 -0.094 
165.000 -0.102 
166.000 -0.105 
167.000 -0.103 
168.000 -0.092 
169.000 -0.075 
170.000 -0.058 
171.000 -0.044 
172.000 -0.034 
173.000 -0.030 
174.000 -0.032 
175.000 -0.042 
176.000 -0.059 
177.000 -0.078 
178.000 -0.092 
179.000 -0.101 
180.000 -0.105 
181.000 -0.104 
182.000 -0.094 
183.000 -0.078 
184.000 -0.060 
185.000 -0.046 
186.000 -0.036 
187.000 -0.031 
188.000 -0.032 
189.000 -0.041 
190.000 -0.058 
191.000 -0.077 
192.000 -0.091 
193.000 -0.101 
194.000 -0.105 
195.000 -0.104 
196.000 -0.096 
197.000 -0.080 
198.000 -0.063 
199.000 -0.048 
200.000 -0.037 
201.000 -0.032 
202.000 -0.033 
203.000 -0.041 
204.000 -0.057 
205.000 -0.075 
206.000 -0.090 
207.000 -0.100 
208.000 -0.105 
209.000 -0.105 
210.000 -0.097 
211.000 -0.082 
212.000 -0.065 
213.000 -0.050 
214.000 -0.039 
215.000 -0.033 
216.000 -0.033 
217.000 -0.041 
218.000 -0.056 
219.000 -0.074 
220.000 -0.089 
221.000 -0.099 
222.000 -0.105 
223.000 -0.105 
224.000 -0.098 
225.000 -0.085 
226.000 -0.068 
227.000 -0.052 
228.000 -0.041 
229.000 -0.035 
230.000 -0.034 
231.000 -0.041 
232.000 -0.054 
233.000 -0.072 
234.000 -0.088 
235.000 -0.099 
236.000 -0.104 
237.000 -0.105 
238.000 -0.099 
239.000 -0.087 
240.000 -0.070 
241.000 -0.055 
242.000 -0.043 
243.000 -0.036 
244.000 -0.035 
245.000 -0.040 
246.000 0.030 
247.000 0.179 
248.000 0.246 
249.000 0.245 
250.000 0.214 
251.000 0.172 
252.000 0.125 
253.000 0.077 
254.000 0.039 
255.000 0.016 
256.000 0.005 
257.000 0.001 
258.000 0.003 
259.000 0.010 
260.000 0.020 
261.000 0.030 
262.000 0.039 
263.000 0.047 
264.000 0.053 
265.000 0.056 
266.000 0.058 
267.000 0.058 
268.000 0.057 
269.000 0.056 
270.000 0.054 
271.000 0.053 
272.000 0.053 
273.000 0.053 
274.000 0.053 
275.000 0.054 
276.000 0.056 
277.000 0.057 
278.000 0.059 
279.000 0.060 
280.000 0.062 
281.000 0.063 
282.000 0.064 
283.000 0.065 
284.000 0.066 
285.000 0.067 
286.000 0.068 
287.000 0.069 
288.000 0.070 
289.000 0.070 
290.000 0.071 
291.000 0.072 
292.000 0.073 
293.000 0.074 
294.000 0.075 
295.000 0.076 
296.000 0.077 
297.000 0.078 
298.000 0.079 
299.000 0.080 
300.000 0.081 
301.000 0.082 
302.000 0.083 
303.000 0.084 
304.000 0.085 
305.000 0.086 
306.000 0.087 
307.000 0.088 
308.000 0.089 
309.000 0.089 
310.000 0.090 
311.000 0.091 
312.000 0.092 
313.000 0.093 
314.000 0.094 
315.000 0.095 
316.000 0.096 
317.000 0.097 
318.000 0.098 
319.000 0.099 
320.000 0.100 
321.000 0.100 
322.000 0.101 
323.000 0.102 
324.000 0.103 
325.000 0.104 
326.000 0.105 
327.000 0.106 
328.000 0.107 
329.000 0.107 
330.000 0.108 
331.000 0.109 
332.000 0.110 
333.000 0.111 
334.000 0.112 
335.000 0.113 
336.000 0.114 
337.000 0.114 
338.000 0.115 
339.000 0.116 
340.000 0.117 
341.000 0.118 
342.000 0.119 
343.000 0.119 
344.000 0.120 
345.000 0.121 
346.000 0.122 
347.000 0.123 
348.000 0.124 
349.000 0.124 
350.000 0.125 
351.000 0.126 
352.000 0.127 
353.000 0.128 
354.000 0.128 
355.000 0.129 
356.000 0.130 
357.000 0.131 
358.000 0.132 
359.000 0.132 
360.000 0.133 
361.000 0.134 
362.000 0.135 
363.000 0.135 
364.000 0.136 
365.000 0.137 
366.000 0.175 
367.000 0.251 
368.000 0.344 
369.000 0.441 
370.000 0.532 
371.000 0.611 
372.000 0.667 
373.000 0.694 
374.000 0.689 
375.000 0.656 
376.000 0.601 
377.000 0.534 
378.000 0.466 
379.000 0.405 
380.000 0.360 
381.000 0.333 
382.000 0.327 
383.000 0.340 
384.000 0.371 
385.000 0.414 
386.000 0.466 
387.000 0.521 
388.000 0.572 
389.000 0.614 
390.000 0.643 
391.000 0.655 
392.000 0.651 
393.000 0.632 
394.000 0.602 
395.000 0.565 
396.000 0.528 
397.000 0.494 
398.000 0.469 
399.000 0.455 
400.000 0.453 
401.000 0.463 
402.000 0.484 
403.000 0.513 
404.000 0.547 
405.000 0.582 
406.000 0.614 
407.000 0.641 
408.000 0.659 
409.000 0.667 
410.000 0.664 
411.000 0.652 
412.000 0.633 
413.000 0.610 
414.000 0.586 
415.000 0.565 
416.000 0.549 
417.000 0.541 
418.000 0.540 
419.000 0.548 
420.000 0.563 
421.000 0.584 
422.000 0.608 
423.000 0.632 
424.000 0.655 
425.000 0.674 
426.000 0.687 
427.000 0.693 
428.000 0.691 
429.000 0.683 
430.000 0.670 
431.000 0.654 
432.000 0.638 
433.000 0.623 
434.000 0.611 
435.000 0.605 
436.000 0.605 
437.000 0.611 
438.000 0.623 
439.000 0.638 
440.000 0.656 
441.000 0.675 
442.000 0.693 
443.000 0.707 
444.000 0.717 
445.000 0.722 
446.000 0.721 
447.000 0.715 
448.000 0.706 
449.000 0.694 
450.000 0.681 
451.000 0.670 
452.000 0.661 
453.000 0.656 
454.000 0.656 
455.000 0.661 
456.000 0.669 
457.000 0.682 
458.000 0.696 
459.000 0.711 
460.000 0.725 
461.000 0.737 
462.000 0.745 
463.000 0.750 
464.000 0.749 
465.000 0.745 
466.000 0.738 
467.000 0.728 
468.000 0.718 
469.000 0.709 
470.000 0.701 
471.000 0.697 
472.000 0.697 
473.000 0.700 
474.000 0.707 
475.000 0.717 
476.000 0.729 
477.000 0.741 
478.000 0.753 
479.000 0.763 
480.000 0.771 
481.000 0.775 
482.000 0.775 
483.000 0.772 
484.000 0.766 
485.000 0.758 
486.000 0.868 
487.000 1.122 
488.000 1.467 
489.000 1.865 
490.000 2.285 
491.000 2.705 
492.000 3.110 
493.000 3.489 
494.000 3.835 
495.000 4.146 
496.000 4.419 
497.000 4.657 
498.000 4.732 
499.000 4.181 
500.000 3.439 
501.000 2.615 
502.000 1.822 
503.000 1.167 
504.000 0.697 
505.000 0.420 
506.000 0.359 
507.000 0.502 
508.000 0.792 
509.000 1.176 
510.000 1.612 
511.000 2.068 
512.000 2.522 
513.000 2.957 
514.000 3.363 
515.000 3.734 
516.000 4.065 
517.000 4.357 
518.000 4.609 
519.000 4.824 
520.000 4.790 
521.000 4.200 
522.000 3.488 
523.000 2.729 
524.000 1.988 
525.000 1.362 
526.000 0.912 
527.000 0.662 
528.000 0.631 
529.000 0.793 
530.000 1.086 
531.000 1.461 
532.000 1.880 
533.000 2.314 
534.000 2.743 
535.000 3.153 
536.000 3.534 
537.000 3.880 
538.000 4.188 
539.000 4.459 
540.000 4.693 
541.000 4.892 
542.000 4.825 
543.000 4.329 
544.000 3.725 
545.000 3.064 
546.000 2.386 
547.000 1.783 
548.000 1.333 
549.000 1.078 
550.000 1.038 
551.000 1.179 
552.000 1.442 
553.000 1.783 
554.000 2.165 
555.000 2.564 
556.000 2.958 
557.000 3.335 
558.000 3.686 
559.000 4.005 
560.000 4.290 
561.000 4.540 
562.000 4.757 
563.000 4.919 
564.000 4.784 
565.000 4.383 
566.000 3.881 
567.000 3.080 
568.000 2.342 
569.000 1.746 
570.000 1.325 
571.000 1.114 
572.000 1.114 
573.000 1.280 
574.000 1.558 
575.000 1.904 
576.000 2.286 
577.000 2.679 
578.000 3.066 
579.000 3.434 
580.000 3.774 
581.000 4.083 
582.000 4.358 
583.000 4.598 
584.000 4.805 
585.000 4.956 
586.000 4.815 
587.000 4.430 
588.000 3.906 
589.000 3.334 
590.000 2.763 
591.000 2.259 
592.000 1.875 
593.000 1.681 
594.000 1.681 
595.000 1.825 
596.000 2.067 
597.000 2.370 
598.000 2.703 
599.000 3.047 
600.000 3.385 
601.000 3.706 
602.000 4.003 
603.000 4.273 
604.000 4.513 
605.000 4.723 
606.000 4.904 
607.000 5.058 
608.000 5.187 
609.000 5.293 
610.000 5.380 
611.000 5.449 
612.000 5.504 
613.000 5.545 
614.000 5.577 
615.000 5.600 
616.000 5.616 
617.000 5.626 
618.000 5.633 
619.000 5.636 
620.000 5.636 
621.000 5.635 
622.000 5.633 
623.000 5.630 
624.000 5.626 
625.000 5.623 
626.000 5.619 
627.000 5.615 
628.000 5.612 
629.000 5.609 
630.000 5.607 
631.000 5.604 
632.000 5.602 
633.000 5.600 
634.000 5.599 
635.000 5.598 
636.000 5.597 
637.000 5.596 
638.000 5.595 
639.000 5.595 
640.000 5.594 
641.000 5.594 
642.000 5.594 
643.000 5.594 
644.000 5.594 
645.000 5.594 
646.000 5.594 
647.000 5.594 
648.000 5.594 
649.000 5.594 
650.000 5.594 
651.000 5.594 
652.000 5.594 
653.000 5.594 
654.000 5.594 
655.000 5.594 
656.000 5.594 
657.000 5.594 
658.000 5.594 
659.000 5.594 
660.000 5.594 
661.000 5.594 
662.000 5.594 
663.000 5.594 
664.000 5.594 
665.000 5.594 
666.000 5.594 
667.000 5.594 
668.000 5.594 
669.000 5.594 
670.000 5.594 
671.000 5.594 
672.000 5.594 
673.000 5.594 
674.000 5.594 
675.000 5.594 
676.000 5.594 
677.000 5.594 
678.000 5.594 
679.000 5.594 
680.000 5.594 
681.000 5.594 
682.000 5.594 
683.000 5.594 
684.000 5.594 
685.000 5.594 
686.000 5.594 
687.000 5.594 
688.000 5.594 
689.000 5.594 
690.000 5.594 
691.000 5.594 
692.000 5.594 
693.000 5.594 
694.000 5.594 
695.000 5.594 
696.000 5.594 
697.000 5.594 
698.000 5.594 
699.000 5.594 
700.000 5.594 
701.000 5.594 
702.000 5.594 
703.000 5.594 
704.000 5.594 
705.000 5.594 
706.000 5.594 
707.000 5.594 
708.000 5.594 
709.000 5.594 
710.000 5.594 
711.000 5.594 
712.000 5.594 
713.000 5.594 
714.000 5.594 
715.000 5.594 
716.000 5.594 
717.000 5.594 
718.000 5.594 
719.000 5.594 
720.000 5.594 
721.000 5.594 
722.000 5.594 
723.000 5.594 
724.000 5.594 
725.000 5.594 
726.000 5.594 
727.000 5.594 
728.000 5.594 
729.000 5.594 
730.000 5.594 
731.000 5.594 
732.000 5.594 
733.000 5.594 
734.000 5.594 
735.000 5.594 
736.000 5.594 
737.000 5.594 
738.000 5.594 
739.000 5.594 
740.000 5.594 
741.000 5.594 
742.000 5.594 
743.000 5.594 
744.000 5.594 
745.000 5.594 
746.000 5.594 
747.000 5.594 
748.000 5.594 
749.000 5.594 
750.000 5.594 
751.000 5.594 
752.000 5.594 
753.000 5.594 
754.000 5.594 
755.000 5.594 
756.000 5.594 
757.000 5.594 
758.000 5.594 
759.000 5.594 
760.000 5.594 
761.000 5.594 
762.000 5.594 
763.000 5.594 
764.000 5.594 
765.000 5.594 
766.000 5.594 
767.000 5.594 
768.000 5.594 
769.000 5.594 
770.000 5.594 
771.000 5.594 
772.000 5.594 
773.000 5.594 
774.000 5.594 
775.000 5.594 
776.000 5.594 
777.000 5.594 
778.000 5.594 
779.000 5.594 
780.000 5.594 
781.000 5.594 
782.000 5.594 
783.000 5.594 
784.000 5.594 
785.000 5.594 
786.000 5.594 
787.000 5.594 
788.000 5.594 
789.000 5.594 
790.000 5.594 
791.000 5.594 
792.000 5.594 
793.000 5.594 
794.000 5.594 
795.000 5.594 
796.000 5.594 
797.000 5.594 
798.000 5.594 
799.000 5.594 
800.000 5.594 
