1.000 0.000 
2.000 0.000 
3.000 0.000 
4.000 0.000 
5.000 0.000 
6.000 0.000 
7.000 0.000 
8.000 0.000 
9.000 0.000 
10.000 0.000 
11.000 0.000 
12.000 -0.037 
13.000 -0.079 
14.000 -0.098 
15.000 -0.108 
16.000 -0.113 
17.000 -0.116 
18.000 -0.110 
19.000 -0.094 
20.000 -0.079 
21.000 -0.067 
22.000 -0.058 
23.000 -0.054 
24.000 -0.057 
25.000 -0.066 
26.000 -0.075 
27.000 -0.083 
28.000 -0.090 
29.000 -0.094 
30.000 -0.095 
31.000 -0.094 
32.000 -0.090 
33.000 -0.086 
34.000 -0.081 
35.000 -0.078 
36.000 -0.076 
37.000 -0.076 
38.000 -0.078 
39.000 -0.080 
40.000 -0.083 
41.000 -0.085 
42.000 -0.087 
43.000 -0.088 
44.000 -0.088 
45.000 -0.087 
46.000 -0.086 
47.000 -0.085 
48.000 -0.084 
49.000 -0.083 
50.000 -0.083 
51.000 -0.083 
52.000 -0.084 
53.000 -0.085 
54.000 -0.085 
55.000 -0.086 
56.000 -0.087 
57.000 -0.087 
58.000 -0.087 
59.000 -0.087 
60.000 -0.086 
61.000 -0.086 
62.000 -0.086 
63.000 -0.086 
64.000 -0.086 
65.000 -0.086 
66.000 -0.086 
67.000 -0.087 
68.000 -0.087 
69.000 -0.087 
70.000 -0.087 
71.000 -0.087 
72.000 -0.088 
73.000 -0.088 
74.000 -0.088 
75.000 -0.088 
76.000 -0.088 
77.000 -0.088 
78.000 -0.088 
79.000 -0.088 
80.000 -0.088 
81.000 -0.088 
82.000 -0.088 
83.000 -0.088 
84.000 -0.089 
85.000 -0.089 
86.000 -0.089 
87.000 -0.089 
88.000 -0.089 
89.000 -0.089 
90.000 -0.089 
91.000 -0.089 
92.000 -0.089 
93.000 -0.089 
94.000 -0.089 
95.000 -0.090 
96.000 -0.090 
97.000 -0.090 
98.000 -0.090 
99.000 -0.090 
100.000 -0.090 
101.000 -0.090 
102.000 -0.090 
103.000 -0.090 
104.000 -0.090 
105.000 -0.090 
106.000 -0.091 
107.000 -0.091 
108.000 -0.091 
109.000 -0.091 
110.000 -0.091 
111.000 -0.091 
112.000 -0.091 
113.000 -0.091 
114.000 -0.091 
115.000 -0.091 
116.000 -0.091 
117.000 -0.092 
118.000 -0.092 
119.000 -0.092 
120.000 -0.092 
121.000 -0.092 
122.000 -0.092 
123.000 -0.092 
124.000 -0.092 
125.000 -0.092 
126.000 -0.086 
127.000 -0.065 
128.000 -0.051 
129.000 -0.043 
130.000 -0.039 
131.000 -0.039 
132.000 -0.046 
133.000 -0.058 
134.000 -0.069 
135.000 -0.077 
136.000 -0.083 
137.000 -0.086 
138.000 -0.084 
139.000 -0.079 
140.000 -0.071 
141.000 -0.063 
142.000 -0.057 
143.000 -0.052 
144.000 -0.051 
145.000 -0.054 
146.000 -0.060 
147.000 -0.066 
148.000 -0.072 
149.000 -0.076 
150.000 -0.078 
151.000 -0.078 
152.000 -0.076 
153.000 -0.072 
154.000 -0.068 
155.000 -0.063 
156.000 -0.060 
157.000 -0.059 
158.000 -0.060 
159.000 -0.062 
160.000 -0.066 
161.000 -0.069 
162.000 -0.072 
163.000 -0.074 
164.000 -0.074 
165.000 -0.074 
166.000 -0.072 
167.000 -0.069 
168.000 -0.067 
169.000 -0.065 
170.000 -0.064 
171.000 -0.064 
172.000 -0.065 
173.000 -0.066 
174.000 -0.068 
175.000 -0.070 
176.000 -0.071 
177.000 -0.072 
178.000 -0.072 
179.000 -0.071 
180.000 -0.070 
181.000 -0.068 
182.000 -0.067 
183.000 -0.066 
184.000 -0.066 
185.000 -0.066 
186.000 -0.067 
187.000 -0.068 
188.000 -0.069 
189.000 -0.070 
190.000 -0.071 
191.000 -0.071 
192.000 -0.071 
193.000 -0.070 
194.000 -0.069 
195.000 -0.069 
196.000 -0.068 
197.000 -0.068 
198.000 -0.068 
199.000 -0.068 
200.000 -0.069 
201.000 -0.069 
202.000 -0.070 
203.000 -0.070 
204.000 -0.070 
205.000 -0.070 
206.000 -0.070 
207.000 -0.070 
208.000 -0.069 
209.000 -0.069 
210.000 -0.069 
211.000 -0.069 
212.000 -0.069 
213.000 -0.069 
214.000 -0.069 
215.000 -0.070 
216.000 -0.070 
217.000 -0.070 
218.000 -0.070 
219.000 -0.070 
220.000 -0.070 
221.000 -0.070 
222.000 -0.070 
223.000 -0.069 
224.000 -0.069 
225.000 -0.069 
226.000 -0.070 
227.000 -0.070 
228.000 -0.070 
229.000 -0.070 
230.000 -0.070 
231.000 -0.070 
232.000 -0.070 
233.000 -0.070 
234.000 -0.070 
235.000 -0.070 
236.000 -0.070 
237.000 -0.070 
238.000 -0.070 
239.000 -0.070 
240.000 -0.070 
241.000 -0.070 
242.000 -0.070 
243.000 -0.070 
244.000 -0.070 
245.000 -0.070 
246.000 0.027 
247.000 0.138 
248.000 0.302 
249.000 0.387 
250.000 0.522 
251.000 0.509 
252.000 0.399 
253.000 0.224 
254.000 0.081 
255.000 -0.017 
256.000 -0.080 
257.000 -0.123 
258.000 -0.111 
259.000 -0.027 
260.000 0.120 
261.000 0.231 
262.000 0.396 
263.000 0.471 
264.000 0.543 
265.000 0.464 
266.000 0.299 
267.000 0.135 
268.000 0.013 
269.000 -0.064 
270.000 -0.109 
271.000 -0.137 
272.000 -0.072 
273.000 0.043 
274.000 0.205 
275.000 0.319 
276.000 0.479 
277.000 0.511 
278.000 0.503 
279.000 0.364 
280.000 0.196 
281.000 0.060 
282.000 -0.034 
283.000 -0.089 
284.000 -0.140 
285.000 -0.104 
286.000 -0.011 
287.000 0.150 
288.000 0.277 
289.000 0.451 
290.000 0.516 
291.000 0.574 
292.000 0.474 
293.000 0.288 
294.000 0.121 
295.000 0.001 
296.000 -0.073 
297.000 -0.117 
298.000 -0.132 
299.000 -0.056 
300.000 0.075 
301.000 0.229 
302.000 0.384 
303.000 0.524 
304.000 0.602 
305.000 0.563 
306.000 0.381 
307.000 0.191 
308.000 0.049 
309.000 -0.044 
310.000 -0.098 
311.000 -0.156 
312.000 -0.113 
313.000 -0.013 
314.000 0.154 
315.000 0.286 
316.000 0.463 
317.000 0.530 
318.000 0.589 
319.000 0.488 
320.000 0.296 
321.000 0.125 
322.000 0.004 
323.000 -0.071 
324.000 -0.115 
325.000 -0.131 
326.000 -0.054 
327.000 0.079 
328.000 0.233 
329.000 0.391 
330.000 0.530 
331.000 0.615 
332.000 0.578 
333.000 0.394 
334.000 0.199 
335.000 0.054 
336.000 -0.041 
337.000 -0.096 
338.000 -0.157 
339.000 -0.114 
340.000 -0.011 
341.000 0.157 
342.000 0.292 
343.000 0.470 
344.000 0.540 
345.000 0.602 
346.000 0.501 
347.000 0.306 
348.000 0.132 
349.000 0.008 
350.000 -0.069 
351.000 -0.113 
352.000 -0.131 
353.000 -0.054 
354.000 0.080 
355.000 0.236 
356.000 0.394 
357.000 0.536 
358.000 0.623 
359.000 0.591 
360.000 0.408 
361.000 0.210 
362.000 0.061 
363.000 -0.036 
364.000 -0.094 
365.000 -0.157 
366.000 -0.080 
367.000 0.107 
368.000 0.326 
369.000 0.534 
370.000 0.745 
371.000 0.873 
372.000 0.989 
373.000 0.941 
374.000 0.913 
375.000 0.729 
376.000 0.486 
377.000 0.269 
378.000 0.103 
379.000 0.027 
380.000 0.076 
381.000 0.215 
382.000 0.400 
383.000 0.597 
384.000 0.788 
385.000 0.919 
386.000 1.021 
387.000 1.024 
388.000 0.983 
389.000 0.789 
390.000 0.521 
391.000 0.288 
392.000 0.120 
393.000 0.019 
394.000 0.054 
395.000 0.200 
396.000 0.395 
397.000 0.602 
398.000 0.806 
399.000 0.951 
400.000 1.060 
401.000 1.073 
402.000 1.036 
403.000 0.831 
404.000 0.539 
405.000 0.293 
406.000 0.122 
407.000 0.014 
408.000 0.042 
409.000 0.196 
410.000 0.398 
411.000 0.616 
412.000 0.830 
413.000 0.989 
414.000 1.100 
415.000 1.129 
416.000 1.083 
417.000 0.859 
418.000 0.544 
419.000 0.290 
420.000 0.119 
421.000 0.007 
422.000 0.026 
423.000 0.183 
424.000 0.391 
425.000 0.618 
426.000 0.842 
427.000 1.016 
428.000 1.131 
429.000 1.173 
430.000 1.129 
431.000 0.899 
432.000 0.566 
433.000 0.300 
434.000 0.124 
435.000 0.008 
436.000 0.017 
437.000 0.172 
438.000 0.384 
439.000 0.619 
440.000 0.852 
441.000 1.040 
442.000 1.161 
443.000 1.215 
444.000 1.170 
445.000 0.935 
446.000 0.585 
447.000 0.309 
448.000 0.128 
449.000 0.009 
450.000 0.008 
451.000 0.161 
452.000 0.376 
453.000 0.619 
454.000 0.864 
455.000 1.065 
456.000 1.194 
457.000 1.256 
458.000 1.214 
459.000 0.972 
460.000 0.604 
461.000 0.318 
462.000 0.130 
463.000 0.010 
464.000 -0.003 
465.000 0.143 
466.000 0.361 
467.000 0.614 
468.000 0.872 
469.000 1.095 
470.000 1.232 
471.000 1.308 
472.000 1.264 
473.000 1.009 
474.000 0.621 
475.000 0.323 
476.000 0.129 
477.000 0.007 
478.000 -0.019 
479.000 0.122 
480.000 0.344 
481.000 0.609 
482.000 0.882 
483.000 1.126 
484.000 1.274 
485.000 1.361 
486.000 1.529 
487.000 1.791 
488.000 2.098 
489.000 2.430 
490.000 2.780 
491.000 3.101 
492.000 3.323 
493.000 3.391 
494.000 3.282 
495.000 3.059 
496.000 2.747 
497.000 2.440 
498.000 2.158 
499.000 1.961 
500.000 1.870 
501.000 1.904 
502.000 2.058 
503.000 2.298 
504.000 2.590 
505.000 2.908 
506.000 3.222 
507.000 3.470 
508.000 3.587 
509.000 3.523 
510.000 3.320 
511.000 3.011 
512.000 2.655 
513.000 2.320 
514.000 2.069 
515.000 1.923 
516.000 1.909 
517.000 2.026 
518.000 2.241 
519.000 2.518 
520.000 2.828 
521.000 3.150 
522.000 3.446 
523.000 3.653 
524.000 3.712 
525.000 3.584 
526.000 3.341 
527.000 2.998 
528.000 2.602 
529.000 2.267 
530.000 2.035 
531.000 1.929 
532.000 1.970 
533.000 2.133 
534.000 2.377 
535.000 2.669 
536.000 2.984 
537.000 3.304 
538.000 3.590 
539.000 3.780 
540.000 3.820 
541.000 3.677 
542.000 3.421 
543.000 3.048 
544.000 2.615 
545.000 2.253 
546.000 2.013 
547.000 1.916 
548.000 1.968 
549.000 2.139 
550.000 2.389 
551.000 2.684 
552.000 3.002 
553.000 3.323 
554.000 3.623 
555.000 3.846 
556.000 3.936 
557.000 3.854 
558.000 3.624 
559.000 3.277 
560.000 2.820 
561.000 2.373 
562.000 2.066 
563.000 1.916 
564.000 1.928 
565.000 2.072 
566.000 2.305 
567.000 2.592 
568.000 2.907 
569.000 3.229 
570.000 3.545 
571.000 3.819 
572.000 3.995 
573.000 4.025 
574.000 3.881 
575.000 3.614 
576.000 3.206 
577.000 2.690 
578.000 2.237 
579.000 1.946 
580.000 1.835 
581.000 1.886 
582.000 2.059 
583.000 2.314 
584.000 2.615 
585.000 2.939 
586.000 3.267 
587.000 3.586 
588.000 3.871 
589.000 4.070 
590.000 4.133 
591.000 4.032 
592.000 3.784 
593.000 3.387 
594.000 2.836 
595.000 2.282 
596.000 1.911 
597.000 1.744 
598.000 1.757 
599.000 1.909 
600.000 2.153 
601.000 2.453 
602.000 2.783 
603.000 3.120 
604.000 3.451 
605.000 3.765 
606.000 4.055 
607.000 4.317 
608.000 4.551 
609.000 4.755 
610.000 4.930 
611.000 5.079 
612.000 5.204 
613.000 5.307 
614.000 5.388 
615.000 5.440 
616.000 5.457 
617.000 5.440 
618.000 5.392 
619.000 5.320 
620.000 5.237 
621.000 5.159 
622.000 5.102 
623.000 5.077 
624.000 5.078 
625.000 5.098 
626.000 5.130 
627.000 5.171 
628.000 5.215 
629.000 5.260 
630.000 5.305 
631.000 5.347 
632.000 5.386 
633.000 5.421 
634.000 5.452 
635.000 5.475 
636.000 5.485 
637.000 5.482 
638.000 5.466 
639.000 5.439 
640.000 5.404 
641.000 5.369 
642.000 5.339 
643.000 5.321 
644.000 5.318 
645.000 5.325 
646.000 5.341 
647.000 5.361 
648.000 5.384 
649.000 5.408 
650.000 5.432 
651.000 5.455 
652.000 5.477 
653.000 5.495 
654.000 5.507 
655.000 5.511 
656.000 5.506 
657.000 5.494 
658.000 5.474 
659.000 5.450 
660.000 5.427 
661.000 5.409 
662.000 5.400 
663.000 5.400 
664.000 5.407 
665.000 5.419 
666.000 5.434 
667.000 5.451 
668.000 5.468 
669.000 5.485 
670.000 5.501 
671.000 5.515 
672.000 5.526 
673.000 5.531 
674.000 5.531 
675.000 5.523 
676.000 5.511 
677.000 5.494 
678.000 5.476 
679.000 5.461 
680.000 5.450 
681.000 5.448 
682.000 5.451 
683.000 5.459 
684.000 5.470 
685.000 5.482 
686.000 5.495 
687.000 5.507 
688.000 5.520 
689.000 5.531 
690.000 5.540 
691.000 5.546 
692.000 5.547 
693.000 5.543 
694.000 5.535 
695.000 5.523 
696.000 5.510 
697.000 5.498 
698.000 5.488 
699.000 5.485 
700.000 5.486 
701.000 5.491 
702.000 5.498 
703.000 5.507 
704.000 5.516 
705.000 5.526 
706.000 5.535 
707.000 5.544 
708.000 5.552 
709.000 5.557 
710.000 5.559 
711.000 5.557 
712.000 5.552 
713.000 5.544 
714.000 5.534 
715.000 5.524 
716.000 5.517 
717.000 5.512 
718.000 5.512 
719.000 5.515 
720.000 5.520 
721.000 5.526 
722.000 5.533 
723.000 5.540 
724.000 5.547 
725.000 5.554 
726.000 5.560 
727.000 5.565 
728.000 5.567 
729.000 5.567 
730.000 5.564 
731.000 5.559 
732.000 5.552 
733.000 5.544 
734.000 5.537 
735.000 5.533 
736.000 5.532 
737.000 5.533 
738.000 5.537 
739.000 5.541 
740.000 5.546 
741.000 5.552 
742.000 5.557 
743.000 5.562 
744.000 5.567 
745.000 5.571 
746.000 5.574 
747.000 5.574 
748.000 5.572 
749.000 5.569 
750.000 5.564 
751.000 5.558 
752.000 5.553 
753.000 5.549 
754.000 5.547 
755.000 5.548 
756.000 5.550 
757.000 5.553 
758.000 5.557 
759.000 5.561 
760.000 5.565 
761.000 5.569 
762.000 5.573 
763.000 5.576 
764.000 5.578 
765.000 5.579 
766.000 5.578 
767.000 5.576 
768.000 5.573 
769.000 5.568 
770.000 5.564 
771.000 5.561 
772.000 5.559 
773.000 5.559 
774.000 5.560 
775.000 5.562 
776.000 5.565 
777.000 5.568 
778.000 5.571 
779.000 5.574 
780.000 5.577 
781.000 5.580 
782.000 5.582 
783.000 5.583 
784.000 5.583 
785.000 5.581 
786.000 5.579 
787.000 5.576 
788.000 5.573 
789.000 5.570 
790.000 5.568 
791.000 5.567 
792.000 5.568 
793.000 5.569 
794.000 5.571 
795.000 5.574 
796.000 5.576 
797.000 5.578 
798.000 5.581 
799.000 5.583 
800.000 5.584 
