1.000 0.000 
2.000 0.000 
3.000 0.000 
4.000 0.000 
5.000 0.000 
6.000 0.000 
7.000 0.000 
8.000 0.000 
9.000 0.000 
10.000 0.000 
11.000 0.000 
12.000 -0.018 
13.000 -0.044 
14.000 -0.055 
15.000 -0.059 
16.000 -0.060 
17.000 -0.059 
18.000 -0.053 
19.000 -0.045 
20.000 -0.040 
21.000 -0.038 
22.000 -0.037 
23.000 -0.038 
24.000 -0.041 
25.000 -0.043 
26.000 -0.046 
27.000 -0.047 
28.000 -0.048 
29.000 -0.047 
30.000 -0.047 
31.000 -0.046 
32.000 -0.045 
33.000 -0.045 
34.000 -0.045 
35.000 -0.045 
36.000 -0.045 
37.000 -0.046 
38.000 -0.046 
39.000 -0.046 
40.000 -0.047 
41.000 -0.047 
42.000 -0.047 
43.000 -0.047 
44.000 -0.047 
45.000 -0.047 
46.000 -0.047 
47.000 -0.047 
48.000 -0.047 
49.000 -0.047 
50.000 -0.047 
51.000 -0.047 
52.000 -0.047 
53.000 -0.047 
54.000 -0.048 
55.000 -0.048 
56.000 -0.048 
57.000 -0.048 
58.000 -0.048 
59.000 -0.048 
60.000 -0.048 
61.000 -0.048 
62.000 -0.048 
63.000 -0.048 
64.000 -0.048 
65.000 -0.049 
66.000 -0.049 
67.000 -0.049 
68.000 -0.049 
69.000 -0.049 
70.000 -0.049 
71.000 -0.049 
72.000 -0.049 
73.000 -0.049 
74.000 -0.049 
75.000 -0.049 
76.000 -0.050 
77.000 -0.050 
78.000 -0.050 
79.000 -0.050 
80.000 -0.050 
81.000 -0.050 
82.000 -0.050 
83.000 -0.050 
84.000 -0.050 
85.000 -0.050 
86.000 -0.050 
87.000 -0.051 
88.000 -0.051 
89.000 -0.051 
90.000 -0.051 
91.000 -0.051 
92.000 -0.051 
93.000 -0.051 
94.000 -0.051 
95.000 -0.051 
96.000 -0.051 
97.000 -0.051 
98.000 -0.052 
99.000 -0.052 
100.000 -0.052 
101.000 -0.052 
102.000 -0.052 
103.000 -0.052 
104.000 -0.052 
105.000 -0.052 
106.000 -0.052 
107.000 -0.052 
108.000 -0.052 
109.000 -0.052 
110.000 -0.053 
111.000 -0.053 
112.000 -0.053 
113.000 -0.053 
114.000 -0.053 
115.000 -0.053 
116.000 -0.053 
117.000 -0.053 
118.000 -0.053 
119.000 -0.053 
120.000 -0.053 
121.000 -0.053 
122.000 -0.054 
123.000 -0.054 
124.000 -0.054 
125.000 -0.054 
126.000 -0.048 
127.000 -0.037 
128.000 -0.033 
129.000 -0.031 
130.000 -0.031 
131.000 -0.032 
132.000 -0.035 
133.000 -0.038 
134.000 -0.041 
135.000 -0.042 
136.000 -0.042 
137.000 -0.042 
138.000 -0.041 
139.000 -0.040 
140.000 -0.039 
141.000 -0.038 
142.000 -0.038 
143.000 -0.038 
144.000 -0.039 
145.000 -0.039 
146.000 -0.040 
147.000 -0.040 
148.000 -0.040 
149.000 -0.040 
150.000 -0.040 
151.000 -0.040 
152.000 -0.040 
153.000 -0.040 
154.000 -0.040 
155.000 -0.040 
156.000 -0.040 
157.000 -0.040 
158.000 -0.040 
159.000 -0.040 
160.000 -0.040 
161.000 -0.040 
162.000 -0.040 
163.000 -0.040 
164.000 -0.040 
165.000 -0.041 
166.000 -0.041 
167.000 -0.041 
168.000 -0.041 
169.000 -0.041 
170.000 -0.041 
171.000 -0.041 
172.000 -0.041 
173.000 -0.041 
174.000 -0.041 
175.000 -0.041 
176.000 -0.041 
177.000 -0.041 
178.000 -0.041 
179.000 -0.041 
180.000 -0.041 
181.000 -0.041 
182.000 -0.041 
183.000 -0.041 
184.000 -0.041 
185.000 -0.041 
186.000 -0.041 
187.000 -0.041 
188.000 -0.042 
189.000 -0.042 
190.000 -0.042 
191.000 -0.042 
192.000 -0.042 
193.000 -0.042 
194.000 -0.042 
195.000 -0.042 
196.000 -0.042 
197.000 -0.042 
198.000 -0.042 
199.000 -0.042 
200.000 -0.042 
201.000 -0.042 
202.000 -0.042 
203.000 -0.042 
204.000 -0.042 
205.000 -0.042 
206.000 -0.042 
207.000 -0.042 
208.000 -0.042 
209.000 -0.042 
210.000 -0.042 
211.000 -0.042 
212.000 -0.042 
213.000 -0.043 
214.000 -0.043 
215.000 -0.043 
216.000 -0.043 
217.000 -0.043 
218.000 -0.043 
219.000 -0.043 
220.000 -0.043 
221.000 -0.043 
222.000 -0.043 
223.000 -0.043 
224.000 -0.043 
225.000 -0.043 
226.000 -0.043 
227.000 -0.043 
228.000 -0.043 
229.000 -0.043 
230.000 -0.043 
231.000 -0.043 
232.000 -0.043 
233.000 -0.043 
234.000 -0.043 
235.000 -0.043 
236.000 -0.043 
237.000 -0.043 
238.000 -0.044 
239.000 -0.044 
240.000 -0.044 
241.000 -0.044 
242.000 -0.044 
243.000 -0.044 
244.000 -0.044 
245.000 -0.044 
246.000 0.028 
247.000 0.079 
248.000 0.108 
249.000 0.127 
250.000 0.139 
251.000 0.126 
252.000 0.099 
253.000 0.073 
254.000 0.053 
255.000 0.039 
256.000 0.035 
257.000 0.041 
258.000 0.054 
259.000 0.069 
260.000 0.083 
261.000 0.094 
262.000 0.099 
263.000 0.097 
264.000 0.091 
265.000 0.083 
266.000 0.075 
267.000 0.068 
268.000 0.065 
269.000 0.066 
270.000 0.069 
271.000 0.075 
272.000 0.080 
273.000 0.085 
274.000 0.088 
275.000 0.089 
276.000 0.088 
277.000 0.086 
278.000 0.083 
279.000 0.080 
280.000 0.079 
281.000 0.078 
282.000 0.079 
283.000 0.081 
284.000 0.083 
285.000 0.086 
286.000 0.087 
287.000 0.089 
288.000 0.089 
289.000 0.088 
290.000 0.088 
291.000 0.087 
292.000 0.086 
293.000 0.086 
294.000 0.086 
295.000 0.087 
296.000 0.088 
297.000 0.089 
298.000 0.090 
299.000 0.091 
300.000 0.092 
301.000 0.092 
302.000 0.092 
303.000 0.092 
304.000 0.092 
305.000 0.092 
306.000 0.092 
307.000 0.092 
308.000 0.093 
309.000 0.094 
310.000 0.094 
311.000 0.095 
312.000 0.095 
313.000 0.096 
314.000 0.096 
315.000 0.096 
316.000 0.096 
317.000 0.097 
318.000 0.097 
319.000 0.097 
320.000 0.098 
321.000 0.098 
322.000 0.099 
323.000 0.099 
324.000 0.100 
325.000 0.100 
326.000 0.100 
327.000 0.101 
328.000 0.101 
329.000 0.101 
330.000 0.102 
331.000 0.102 
332.000 0.102 
333.000 0.103 
334.000 0.103 
335.000 0.103 
336.000 0.104 
337.000 0.104 
338.000 0.105 
339.000 0.105 
340.000 0.105 
341.000 0.106 
342.000 0.106 
343.000 0.106 
344.000 0.107 
345.000 0.107 
346.000 0.108 
347.000 0.108 
348.000 0.108 
349.000 0.109 
350.000 0.109 
351.000 0.109 
352.000 0.110 
353.000 0.110 
354.000 0.111 
355.000 0.111 
356.000 0.111 
357.000 0.112 
358.000 0.112 
359.000 0.112 
360.000 0.113 
361.000 0.113 
362.000 0.113 
363.000 0.114 
364.000 0.114 
365.000 0.115 
366.000 0.210 
367.000 0.279 
368.000 0.372 
369.000 0.409 
370.000 0.472 
371.000 0.480 
372.000 0.483 
373.000 0.462 
374.000 0.441 
375.000 0.410 
376.000 0.389 
377.000 0.376 
378.000 0.375 
379.000 0.384 
380.000 0.402 
381.000 0.422 
382.000 0.444 
383.000 0.461 
384.000 0.472 
385.000 0.477 
386.000 0.474 
387.000 0.467 
388.000 0.457 
389.000 0.447 
390.000 0.439 
391.000 0.436 
392.000 0.437 
393.000 0.443 
394.000 0.452 
395.000 0.462 
396.000 0.472 
397.000 0.480 
398.000 0.486 
399.000 0.488 
400.000 0.488 
401.000 0.486 
402.000 0.483 
403.000 0.479 
404.000 0.477 
405.000 0.477 
406.000 0.479 
407.000 0.483 
408.000 0.488 
409.000 0.494 
410.000 0.500 
411.000 0.505 
412.000 0.508 
413.000 0.511 
414.000 0.512 
415.000 0.512 
416.000 0.511 
417.000 0.511 
418.000 0.511 
419.000 0.512 
420.000 0.514 
421.000 0.517 
422.000 0.520 
423.000 0.524 
424.000 0.528 
425.000 0.532 
426.000 0.535 
427.000 0.537 
428.000 0.538 
429.000 0.539 
430.000 0.540 
431.000 0.541 
432.000 0.542 
433.000 0.543 
434.000 0.545 
435.000 0.547 
436.000 0.550 
437.000 0.553 
438.000 0.556 
439.000 0.559 
440.000 0.562 
441.000 0.564 
442.000 0.566 
443.000 0.567 
444.000 0.569 
445.000 0.570 
446.000 0.571 
447.000 0.573 
448.000 0.575 
449.000 0.577 
450.000 0.579 
451.000 0.582 
452.000 0.584 
453.000 0.587 
454.000 0.589 
455.000 0.592 
456.000 0.593 
457.000 0.595 
458.000 0.597 
459.000 0.598 
460.000 0.600 
461.000 0.601 
462.000 0.603 
463.000 0.605 
464.000 0.607 
465.000 0.609 
466.000 0.612 
467.000 0.614 
468.000 0.616 
469.000 0.618 
470.000 0.620 
471.000 0.622 
472.000 0.624 
473.000 0.625 
474.000 0.627 
475.000 0.628 
476.000 0.630 
477.000 0.632 
478.000 0.634 
479.000 0.636 
480.000 0.638 
481.000 0.640 
482.000 0.642 
483.000 0.644 
484.000 0.646 
485.000 0.648 
486.000 0.728 
487.000 0.839 
488.000 0.968 
489.000 1.090 
490.000 1.214 
491.000 1.324 
492.000 1.429 
493.000 1.518 
494.000 1.599 
495.000 1.668 
496.000 1.729 
497.000 1.781 
498.000 1.828 
499.000 1.869 
500.000 1.907 
501.000 1.943 
502.000 1.980 
503.000 2.018 
504.000 2.058 
505.000 2.101 
506.000 2.146 
507.000 2.193 
508.000 2.242 
509.000 2.292 
510.000 2.344 
511.000 2.395 
512.000 2.447 
513.000 2.499 
514.000 2.549 
515.000 2.599 
516.000 2.647 
517.000 2.693 
518.000 2.738 
519.000 2.781 
520.000 2.822 
521.000 2.861 
522.000 2.898 
523.000 2.934 
524.000 2.967 
525.000 2.999 
526.000 3.029 
527.000 3.057 
528.000 3.084 
529.000 3.109 
530.000 3.133 
531.000 3.156 
532.000 3.178 
533.000 3.198 
534.000 3.218 
535.000 3.236 
536.000 3.254 
537.000 3.271 
538.000 3.287 
539.000 3.302 
540.000 3.316 
541.000 3.330 
542.000 3.343 
543.000 3.355 
544.000 3.367 
545.000 3.378 
546.000 3.389 
547.000 3.399 
548.000 3.409 
549.000 3.418 
550.000 3.426 
551.000 3.435 
552.000 3.442 
553.000 3.450 
554.000 3.457 
555.000 3.463 
556.000 3.469 
557.000 3.475 
558.000 3.481 
559.000 3.486 
560.000 3.491 
561.000 3.496 
562.000 3.500 
563.000 3.504 
564.000 3.508 
565.000 3.512 
566.000 3.515 
567.000 3.519 
568.000 3.522 
569.000 3.525 
570.000 3.528 
571.000 3.530 
572.000 3.533 
573.000 3.535 
574.000 3.537 
575.000 3.540 
576.000 3.542 
577.000 3.544 
578.000 3.545 
579.000 3.547 
580.000 3.549 
581.000 3.550 
582.000 3.552 
583.000 3.553 
584.000 3.554 
585.000 3.555 
586.000 3.557 
587.000 3.558 
588.000 3.559 
589.000 3.560 
590.000 3.561 
591.000 3.561 
592.000 3.562 
593.000 3.563 
594.000 3.564 
595.000 3.564 
596.000 3.565 
597.000 3.566 
598.000 3.566 
599.000 3.567 
600.000 3.567 
601.000 3.568 
602.000 3.568 
603.000 3.569 
604.000 3.569 
605.000 3.569 
606.000 3.616 
607.000 3.694 
608.000 3.790 
609.000 3.899 
610.000 4.018 
611.000 4.141 
612.000 4.267 
613.000 4.391 
614.000 4.511 
615.000 4.626 
616.000 4.734 
617.000 4.834 
618.000 4.925 
619.000 5.007 
620.000 5.081 
621.000 5.145 
622.000 5.201 
623.000 5.249 
624.000 5.289 
625.000 5.323 
626.000 5.351 
627.000 5.374 
628.000 5.393 
629.000 5.408 
630.000 5.419 
631.000 5.429 
632.000 5.436 
633.000 5.442 
634.000 5.447 
635.000 5.452 
636.000 5.456 
637.000 5.460 
638.000 5.464 
639.000 5.468 
640.000 5.473 
641.000 5.477 
642.000 5.482 
643.000 5.487 
644.000 5.493 
645.000 5.498 
646.000 5.504 
647.000 5.510 
648.000 5.515 
649.000 5.521 
650.000 5.527 
651.000 5.532 
652.000 5.537 
653.000 5.542 
654.000 5.547 
655.000 5.551 
656.000 5.555 
657.000 5.558 
658.000 5.562 
659.000 5.565 
660.000 5.568 
661.000 5.570 
662.000 5.572 
663.000 5.574 
664.000 5.576 
665.000 5.577 
666.000 5.579 
667.000 5.580 
668.000 5.581 
669.000 5.582 
670.000 5.583 
671.000 5.583 
672.000 5.584 
673.000 5.585 
674.000 5.585 
675.000 5.586 
676.000 5.586 
677.000 5.587 
678.000 5.587 
679.000 5.587 
680.000 5.588 
681.000 5.588 
682.000 5.589 
683.000 5.589 
684.000 5.589 
685.000 5.590 
686.000 5.590 
687.000 5.590 
688.000 5.590 
689.000 5.591 
690.000 5.591 
691.000 5.591 
692.000 5.591 
693.000 5.592 
694.000 5.592 
695.000 5.592 
696.000 5.592 
697.000 5.592 
698.000 5.592 
699.000 5.593 
700.000 5.593 
701.000 5.593 
702.000 5.593 
703.000 5.593 
704.000 5.593 
705.000 5.593 
706.000 5.593 
707.000 5.593 
708.000 5.593 
709.000 5.593 
710.000 5.593 
711.000 5.593 
712.000 5.593 
713.000 5.594 
714.000 5.594 
715.000 5.594 
716.000 5.594 
717.000 5.594 
718.000 5.594 
719.000 5.594 
720.000 5.594 
721.000 5.594 
722.000 5.594 
723.000 5.594 
724.000 5.594 
725.000 5.594 
726.000 5.594 
727.000 5.594 
728.000 5.594 
729.000 5.594 
730.000 5.594 
731.000 5.594 
732.000 5.594 
733.000 5.594 
734.000 5.594 
735.000 5.594 
736.000 5.594 
737.000 5.594 
738.000 5.594 
739.000 5.594 
740.000 5.594 
741.000 5.594 
742.000 5.594 
743.000 5.594 
744.000 5.594 
745.000 5.594 
746.000 5.594 
747.000 5.594 
748.000 5.594 
749.000 5.594 
750.000 5.594 
751.000 5.594 
752.000 5.594 
753.000 5.594 
754.000 5.594 
755.000 5.594 
756.000 5.594 
757.000 5.594 
758.000 5.594 
759.000 5.594 
760.000 5.594 
761.000 5.594 
762.000 5.594 
763.000 5.594 
764.000 5.594 
765.000 5.594 
766.000 5.594 
767.000 5.594 
768.000 5.594 
769.000 5.594 
770.000 5.594 
771.000 5.594 
772.000 5.594 
773.000 5.594 
774.000 5.594 
775.000 5.594 
776.000 5.594 
777.000 5.594 
778.000 5.594 
779.000 5.594 
780.000 5.594 
781.000 5.594 
782.000 5.594 
783.000 5.594 
784.000 5.594 
785.000 5.594 
786.000 5.594 
787.000 5.594 
788.000 5.594 
789.000 5.594 
790.000 5.594 
791.000 5.594 
792.000 5.594 
793.000 5.594 
794.000 5.594 
795.000 5.594 
796.000 5.594 
797.000 5.594 
798.000 5.594 
799.000 5.594 
800.000 5.594 
