1.000 0.000 
2.000 0.000 
3.000 0.000 
4.000 0.000 
5.000 0.000 
6.000 0.000 
7.000 0.000 
8.000 0.000 
9.000 0.000 
10.000 0.000 
11.000 0.000 
12.000 -0.005 
13.000 -0.014 
14.000 -0.023 
15.000 -0.030 
16.000 -0.035 
17.000 -0.038 
18.000 -0.039 
19.000 -0.039 
20.000 -0.038 
21.000 -0.037 
22.000 -0.036 
23.000 -0.035 
24.000 -0.034 
25.000 -0.033 
26.000 -0.033 
27.000 -0.033 
28.000 -0.033 
29.000 -0.034 
30.000 -0.034 
31.000 -0.034 
32.000 -0.035 
33.000 -0.035 
34.000 -0.035 
35.000 -0.035 
36.000 -0.035 
37.000 -0.035 
38.000 -0.035 
39.000 -0.035 
40.000 -0.036 
41.000 -0.036 
42.000 -0.036 
43.000 -0.036 
44.000 -0.036 
45.000 -0.036 
46.000 -0.036 
47.000 -0.036 
48.000 -0.036 
49.000 -0.036 
50.000 -0.037 
51.000 -0.037 
52.000 -0.037 
53.000 -0.037 
54.000 -0.037 
55.000 -0.037 
56.000 -0.037 
57.000 -0.037 
58.000 -0.037 
59.000 -0.037 
60.000 -0.038 
61.000 -0.038 
62.000 -0.038 
63.000 -0.038 
64.000 -0.038 
65.000 -0.038 
66.000 -0.038 
67.000 -0.038 
68.000 -0.038 
69.000 -0.038 
70.000 -0.039 
71.000 -0.039 
72.000 -0.039 
73.000 -0.039 
74.000 -0.039 
75.000 -0.039 
76.000 -0.039 
77.000 -0.039 
78.000 -0.039 
79.000 -0.039 
80.000 -0.039 
81.000 -0.040 
82.000 -0.040 
83.000 -0.040 
84.000 -0.040 
85.000 -0.040 
86.000 -0.040 
87.000 -0.040 
88.000 -0.040 
89.000 -0.040 
90.000 -0.040 
91.000 -0.041 
92.000 -0.041 
93.000 -0.041 
94.000 -0.041 
95.000 -0.041 
96.000 -0.041 
97.000 -0.041 
98.000 -0.041 
99.000 -0.041 
100.000 -0.041 
101.000 -0.041 
102.000 -0.042 
103.000 -0.042 
104.000 -0.042 
105.000 -0.042 
106.000 -0.042 
107.000 -0.042 
108.000 -0.042 
109.000 -0.042 
110.000 -0.042 
111.000 -0.042 
112.000 -0.042 
113.000 -0.043 
114.000 -0.043 
115.000 -0.043 
116.000 -0.043 
117.000 -0.043 
118.000 -0.043 
119.000 -0.043 
120.000 -0.043 
121.000 -0.043 
122.000 -0.043 
123.000 -0.043 
124.000 -0.044 
125.000 -0.044 
126.000 -0.042 
127.000 -0.039 
128.000 -0.036 
129.000 -0.034 
130.000 -0.032 
131.000 -0.031 
132.000 -0.030 
133.000 -0.030 
134.000 -0.031 
135.000 -0.031 
136.000 -0.032 
137.000 -0.032 
138.000 -0.033 
139.000 -0.033 
140.000 -0.033 
141.000 -0.033 
142.000 -0.033 
143.000 -0.033 
144.000 -0.033 
145.000 -0.033 
146.000 -0.033 
147.000 -0.033 
148.000 -0.033 
149.000 -0.033 
150.000 -0.033 
151.000 -0.033 
152.000 -0.033 
153.000 -0.033 
154.000 -0.033 
155.000 -0.034 
156.000 -0.034 
157.000 -0.034 
158.000 -0.034 
159.000 -0.034 
160.000 -0.034 
161.000 -0.034 
162.000 -0.034 
163.000 -0.034 
164.000 -0.034 
165.000 -0.034 
166.000 -0.034 
167.000 -0.034 
168.000 -0.034 
169.000 -0.034 
170.000 -0.034 
171.000 -0.034 
172.000 -0.034 
173.000 -0.034 
174.000 -0.034 
175.000 -0.034 
176.000 -0.034 
177.000 -0.035 
178.000 -0.035 
179.000 -0.035 
180.000 -0.035 
181.000 -0.035 
182.000 -0.035 
183.000 -0.035 
184.000 -0.035 
185.000 -0.035 
186.000 -0.035 
187.000 -0.035 
188.000 -0.035 
189.000 -0.035 
190.000 -0.035 
191.000 -0.035 
192.000 -0.035 
193.000 -0.035 
194.000 -0.035 
195.000 -0.035 
196.000 -0.035 
197.000 -0.035 
198.000 -0.035 
199.000 -0.036 
200.000 -0.036 
201.000 -0.036 
202.000 -0.036 
203.000 -0.036 
204.000 -0.036 
205.000 -0.036 
206.000 -0.036 
207.000 -0.036 
208.000 -0.036 
209.000 -0.036 
210.000 -0.036 
211.000 -0.036 
212.000 -0.036 
213.000 -0.036 
214.000 -0.036 
215.000 -0.036 
216.000 -0.036 
217.000 -0.036 
218.000 -0.036 
219.000 -0.036 
220.000 -0.036 
221.000 -0.036 
222.000 -0.037 
223.000 -0.037 
224.000 -0.037 
225.000 -0.037 
226.000 -0.037 
227.000 -0.037 
228.000 -0.037 
229.000 -0.037 
230.000 -0.037 
231.000 -0.037 
232.000 -0.037 
233.000 -0.037 
234.000 -0.037 
235.000 -0.037 
236.000 -0.037 
237.000 -0.037 
238.000 -0.037 
239.000 -0.037 
240.000 -0.037 
241.000 -0.037 
242.000 -0.037 
243.000 -0.037 
244.000 -0.037 
245.000 -0.037 
246.000 -0.027 
247.000 -0.004 
248.000 0.022 
249.000 0.045 
250.000 0.062 
251.000 0.075 
252.000 0.081 
253.000 0.081 
254.000 0.077 
255.000 0.071 
256.000 0.063 
257.000 0.056 
258.000 0.050 
259.000 0.046 
260.000 0.045 
261.000 0.044 
262.000 0.046 
263.000 0.048 
264.000 0.051 
265.000 0.053 
266.000 0.056 
267.000 0.058 
268.000 0.059 
269.000 0.060 
270.000 0.060 
271.000 0.060 
272.000 0.059 
273.000 0.059 
274.000 0.059 
275.000 0.058 
276.000 0.058 
277.000 0.059 
278.000 0.059 
279.000 0.060 
280.000 0.060 
281.000 0.061 
282.000 0.061 
283.000 0.062 
284.000 0.062 
285.000 0.063 
286.000 0.063 
287.000 0.064 
288.000 0.064 
289.000 0.064 
290.000 0.064 
291.000 0.065 
292.000 0.065 
293.000 0.065 
294.000 0.066 
295.000 0.066 
296.000 0.066 
297.000 0.067 
298.000 0.067 
299.000 0.068 
300.000 0.068 
301.000 0.068 
302.000 0.069 
303.000 0.069 
304.000 0.069 
305.000 0.070 
306.000 0.070 
307.000 0.071 
308.000 0.071 
309.000 0.071 
310.000 0.072 
311.000 0.072 
312.000 0.072 
313.000 0.073 
314.000 0.073 
315.000 0.073 
316.000 0.074 
317.000 0.074 
318.000 0.075 
319.000 0.075 
320.000 0.075 
321.000 0.076 
322.000 0.076 
323.000 0.076 
324.000 0.077 
325.000 0.077 
326.000 0.077 
327.000 0.078 
328.000 0.078 
329.000 0.079 
330.000 0.079 
331.000 0.079 
332.000 0.080 
333.000 0.080 
334.000 0.080 
335.000 0.081 
336.000 0.081 
337.000 0.081 
338.000 0.082 
339.000 0.082 
340.000 0.083 
341.000 0.083 
342.000 0.083 
343.000 0.084 
344.000 0.084 
345.000 0.084 
346.000 0.085 
347.000 0.085 
348.000 0.085 
349.000 0.086 
350.000 0.086 
351.000 0.087 
352.000 0.087 
353.000 0.087 
354.000 0.088 
355.000 0.088 
356.000 0.088 
357.000 0.089 
358.000 0.089 
359.000 0.089 
360.000 0.090 
361.000 0.090 
362.000 0.091 
363.000 0.091 
364.000 0.091 
365.000 0.092 
366.000 0.134 
367.000 0.214 
368.000 0.305 
369.000 0.397 
370.000 0.481 
371.000 0.548 
372.000 0.589 
373.000 0.600 
374.000 0.581 
375.000 0.538 
376.000 0.479 
377.000 0.415 
378.000 0.355 
379.000 0.307 
380.000 0.276 
381.000 0.264 
382.000 0.271 
383.000 0.295 
384.000 0.332 
385.000 0.376 
386.000 0.423 
387.000 0.466 
388.000 0.500 
389.000 0.522 
390.000 0.529 
391.000 0.521 
392.000 0.502 
393.000 0.473 
394.000 0.441 
395.000 0.410 
396.000 0.384 
397.000 0.367 
398.000 0.360 
399.000 0.364 
400.000 0.377 
401.000 0.398 
402.000 0.424 
403.000 0.451 
404.000 0.477 
405.000 0.498 
406.000 0.512 
407.000 0.518 
408.000 0.515 
409.000 0.505 
410.000 0.489 
411.000 0.471 
412.000 0.453 
413.000 0.437 
414.000 0.427 
415.000 0.422 
416.000 0.424 
417.000 0.432 
418.000 0.446 
419.000 0.463 
420.000 0.481 
421.000 0.498 
422.000 0.513 
423.000 0.524 
424.000 0.529 
425.000 0.528 
426.000 0.523 
427.000 0.513 
428.000 0.502 
429.000 0.490 
430.000 0.479 
431.000 0.472 
432.000 0.468 
433.000 0.469 
434.000 0.475 
435.000 0.484 
436.000 0.497 
437.000 0.510 
438.000 0.524 
439.000 0.535 
440.000 0.544 
441.000 0.549 
442.000 0.550 
443.000 0.546 
444.000 0.540 
445.000 0.532 
446.000 0.523 
447.000 0.515 
448.000 0.509 
449.000 0.506 
450.000 0.507 
451.000 0.511 
452.000 0.518 
453.000 0.528 
454.000 0.539 
455.000 0.550 
456.000 0.560 
457.000 0.568 
458.000 0.573 
459.000 0.574 
460.000 0.573 
461.000 0.568 
462.000 0.562 
463.000 0.555 
464.000 0.548 
465.000 0.542 
466.000 0.539 
467.000 0.539 
468.000 0.542 
469.000 0.548 
470.000 0.556 
471.000 0.566 
472.000 0.576 
473.000 0.585 
474.000 0.593 
475.000 0.598 
476.000 0.600 
477.000 0.600 
478.000 0.596 
479.000 0.591 
480.000 0.584 
481.000 0.578 
482.000 0.572 
483.000 0.569 
484.000 0.568 
485.000 0.570 
486.000 0.691 
487.000 0.959 
488.000 1.320 
489.000 1.735 
490.000 2.172 
491.000 2.608 
492.000 3.028 
493.000 3.420 
494.000 3.746 
495.000 3.951 
496.000 3.985 
497.000 3.816 
498.000 3.422 
499.000 2.818 
500.000 2.105 
501.000 1.436 
502.000 0.911 
503.000 0.554 
504.000 0.381 
505.000 0.416 
506.000 0.631 
507.000 0.967 
508.000 1.377 
509.000 1.824 
510.000 2.280 
511.000 2.726 
512.000 3.148 
513.000 3.538 
514.000 3.882 
515.000 4.129 
516.000 4.227 
517.000 4.135 
518.000 3.828 
519.000 3.282 
520.000 2.543 
521.000 1.774 
522.000 1.131 
523.000 0.665 
524.000 0.382 
525.000 0.313 
526.000 0.452 
527.000 0.741 
528.000 1.126 
529.000 1.564 
530.000 2.024 
531.000 2.482 
532.000 2.922 
533.000 3.332 
534.000 3.707 
535.000 4.042 
536.000 4.296 
537.000 4.415 
538.000 4.361 
539.000 4.113 
540.000 3.633 
541.000 2.919 
542.000 2.097 
543.000 1.364 
544.000 0.813 
545.000 0.449 
546.000 0.297 
547.000 0.368 
548.000 0.611 
549.000 0.969 
550.000 1.393 
551.000 1.850 
552.000 2.312 
553.000 2.761 
554.000 3.184 
555.000 3.573 
556.000 3.924 
557.000 4.234 
558.000 4.468 
559.000 4.576 
560.000 4.523 
561.000 4.291 
562.000 3.851 
563.000 3.175 
564.000 2.347 
565.000 1.563 
566.000 0.955 
567.000 0.538 
568.000 0.335 
569.000 0.361 
570.000 0.573 
571.000 0.910 
572.000 1.323 
573.000 1.773 
574.000 2.234 
575.000 2.685 
576.000 3.112 
577.000 3.507 
578.000 3.864 
579.000 4.181 
580.000 4.458 
581.000 4.654 
582.000 4.725 
583.000 4.641 
584.000 4.394 
585.000 3.956 
586.000 3.300 
587.000 2.482 
588.000 1.686 
589.000 1.053 
590.000 0.612 
591.000 0.392 
592.000 0.407 
593.000 0.610 
594.000 0.939 
595.000 1.344 
596.000 1.789 
597.000 2.245 
598.000 2.692 
599.000 3.117 
600.000 3.509 
601.000 3.865 
602.000 4.180 
603.000 4.456 
604.000 4.682 
605.000 4.815 
606.000 4.922 
607.000 5.023 
608.000 5.116 
609.000 5.199 
610.000 5.273 
611.000 5.337 
612.000 5.392 
613.000 5.438 
614.000 5.477 
615.000 5.509 
616.000 5.532 
617.000 5.542 
618.000 5.537 
619.000 5.516 
620.000 5.481 
621.000 5.434 
622.000 5.381 
623.000 5.326 
624.000 5.275 
625.000 5.236 
626.000 5.213 
627.000 5.209 
628.000 5.221 
629.000 5.243 
630.000 5.272 
631.000 5.304 
632.000 5.337 
633.000 5.371 
634.000 5.403 
635.000 5.432 
636.000 5.459 
637.000 5.484 
638.000 5.505 
639.000 5.522 
640.000 5.533 
641.000 5.535 
642.000 5.529 
643.000 5.513 
644.000 5.489 
645.000 5.460 
646.000 5.428 
647.000 5.397 
648.000 5.369 
649.000 5.350 
650.000 5.341 
651.000 5.344 
652.000 5.355 
653.000 5.372 
654.000 5.392 
655.000 5.414 
656.000 5.436 
657.000 5.457 
658.000 5.478 
659.000 5.496 
660.000 5.513 
661.000 5.528 
662.000 5.540 
663.000 5.546 
664.000 5.546 
665.000 5.540 
666.000 5.527 
667.000 5.509 
668.000 5.487 
669.000 5.463 
670.000 5.441 
671.000 5.423 
672.000 5.410 
673.000 5.406 
674.000 5.410 
675.000 5.420 
676.000 5.433 
677.000 5.448 
678.000 5.464 
679.000 5.481 
680.000 5.497 
681.000 5.511 
682.000 5.525 
683.000 5.537 
684.000 5.548 
685.000 5.555 
686.000 5.558 
687.000 5.556 
688.000 5.549 
689.000 5.538 
690.000 5.522 
691.000 5.505 
692.000 5.488 
693.000 5.472 
694.000 5.459 
695.000 5.452 
696.000 5.452 
697.000 5.457 
698.000 5.466 
699.000 5.477 
700.000 5.489 
701.000 5.501 
702.000 5.514 
703.000 5.525 
704.000 5.536 
705.000 5.546 
706.000 5.555 
707.000 5.562 
708.000 5.566 
709.000 5.566 
710.000 5.563 
711.000 5.556 
712.000 5.545 
713.000 5.533 
714.000 5.520 
715.000 5.507 
716.000 5.496 
717.000 5.488 
718.000 5.485 
719.000 5.487 
720.000 5.492 
721.000 5.500 
722.000 5.509 
723.000 5.518 
724.000 5.527 
725.000 5.537 
726.000 5.545 
727.000 5.553 
728.000 5.560 
729.000 5.567 
730.000 5.571 
731.000 5.573 
732.000 5.572 
733.000 5.568 
734.000 5.562 
735.000 5.553 
736.000 5.543 
737.000 5.533 
738.000 5.523 
739.000 5.516 
740.000 5.512 
741.000 5.511 
742.000 5.514 
743.000 5.519 
744.000 5.525 
745.000 5.532 
746.000 5.539 
747.000 5.546 
748.000 5.553 
749.000 5.560 
750.000 5.565 
751.000 5.571 
752.000 5.575 
753.000 5.577 
754.000 5.578 
755.000 5.576 
756.000 5.572 
757.000 5.566 
758.000 5.559 
759.000 5.551 
760.000 5.544 
761.000 5.537 
762.000 5.533 
763.000 5.531 
764.000 5.531 
765.000 5.534 
766.000 5.539 
767.000 5.544 
768.000 5.549 
769.000 5.555 
770.000 5.560 
771.000 5.565 
772.000 5.570 
773.000 5.574 
774.000 5.578 
775.000 5.581 
776.000 5.582 
777.000 5.581 
778.000 5.579 
779.000 5.576 
780.000 5.571 
781.000 5.565 
782.000 5.559 
783.000 5.553 
784.000 5.549 
785.000 5.546 
786.000 5.545 
787.000 5.547 
788.000 5.550 
789.000 5.553 
790.000 5.557 
791.000 5.562 
792.000 5.566 
793.000 5.570 
794.000 5.574 
795.000 5.577 
796.000 5.580 
797.000 5.583 
798.000 5.584 
799.000 5.585 
800.000 5.584 
