1.000 0.000 
2.000 0.000 
3.000 0.000 
4.000 0.000 
5.000 0.000 
6.000 0.000 
7.000 -0.145 
8.000 -0.033 
9.000 -0.037 
10.000 -0.040 
11.000 -0.044 
12.000 -0.037 
13.000 -0.036 
14.000 -0.044 
15.000 -0.049 
16.000 -0.053 
17.000 -0.056 
18.000 -0.060 
19.000 -0.062 
20.000 -0.064 
21.000 -0.066 
22.000 -0.068 
23.000 -0.071 
24.000 -0.073 
25.000 -0.075 
26.000 -0.078 
27.000 -0.080 
28.000 -0.083 
29.000 -0.085 
30.000 -0.087 
31.000 -0.090 
32.000 -0.092 
33.000 -0.094 
34.000 -0.096 
35.000 -0.098 
36.000 -0.101 
37.000 -0.103 
38.000 -0.105 
39.000 -0.107 
40.000 -0.109 
41.000 -0.111 
42.000 -0.113 
43.000 -0.115 
44.000 -0.117 
45.000 -0.119 
46.000 -0.121 
47.000 -0.123 
48.000 -0.125 
49.000 -0.127 
50.000 -0.129 
51.000 -0.131 
52.000 -0.133 
53.000 -0.134 
54.000 -0.136 
55.000 -0.138 
56.000 -0.140 
57.000 -0.142 
58.000 -0.143 
59.000 -0.145 
60.000 -0.147 
61.000 -0.149 
62.000 -0.150 
63.000 -0.152 
64.000 -0.154 
65.000 -0.156 
66.000 -0.157 
67.000 -0.159 
68.000 -0.161 
69.000 -0.162 
70.000 -0.164 
71.000 -0.166 
72.000 -0.167 
73.000 -0.169 
74.000 -0.170 
75.000 -0.172 
76.000 -0.174 
77.000 -0.175 
78.000 -0.177 
79.000 -0.178 
80.000 -0.180 
81.000 -0.181 
82.000 -0.183 
83.000 -0.184 
84.000 -0.186 
85.000 -0.187 
86.000 -0.189 
87.000 -0.190 
88.000 -0.192 
89.000 -0.193 
90.000 -0.195 
91.000 -0.196 
92.000 -0.198 
93.000 -0.199 
94.000 -0.200 
95.000 -0.202 
96.000 -0.203 
97.000 -0.205 
98.000 -0.206 
99.000 -0.207 
100.000 -0.209 
101.000 -0.210 
102.000 -0.211 
103.000 -0.213 
104.000 -0.214 
105.000 -0.215 
106.000 -0.217 
107.000 -0.218 
108.000 -0.219 
109.000 -0.221 
110.000 -0.222 
111.000 -0.223 
112.000 -0.225 
113.000 -0.226 
114.000 -0.227 
115.000 -0.228 
116.000 -0.230 
117.000 -0.231 
118.000 -0.232 
119.000 -0.234 
120.000 -0.235 
121.000 -0.174 
122.000 -0.223 
123.000 -0.223 
124.000 -0.222 
125.000 -0.222 
126.000 -0.222 
127.000 -0.225 
128.000 -0.223 
129.000 -0.222 
130.000 -0.222 
131.000 -0.221 
132.000 -0.221 
133.000 -0.221 
134.000 -0.221 
135.000 -0.221 
136.000 -0.221 
137.000 -0.221 
138.000 -0.220 
139.000 -0.220 
140.000 -0.220 
141.000 -0.220 
142.000 -0.220 
143.000 -0.219 
144.000 -0.219 
145.000 -0.219 
146.000 -0.219 
147.000 -0.219 
148.000 -0.219 
149.000 -0.218 
150.000 -0.218 
151.000 -0.218 
152.000 -0.218 
153.000 -0.218 
154.000 -0.217 
155.000 -0.217 
156.000 -0.217 
157.000 -0.217 
158.000 -0.217 
159.000 -0.217 
160.000 -0.216 
161.000 -0.216 
162.000 -0.216 
163.000 -0.216 
164.000 -0.216 
165.000 -0.216 
166.000 -0.216 
167.000 -0.215 
168.000 -0.215 
169.000 -0.215 
170.000 -0.215 
171.000 -0.215 
172.000 -0.215 
173.000 -0.214 
174.000 -0.214 
175.000 -0.214 
176.000 -0.214 
177.000 -0.214 
178.000 -0.214 
179.000 -0.214 
180.000 -0.213 
181.000 -0.213 
182.000 -0.213 
183.000 -0.213 
184.000 -0.213 
185.000 -0.213 
186.000 -0.212 
187.000 -0.212 
188.000 -0.212 
189.000 -0.212 
190.000 -0.212 
191.000 -0.212 
192.000 -0.212 
193.000 -0.211 
194.000 -0.211 
195.000 -0.211 
196.000 -0.211 
197.000 -0.211 
198.000 -0.211 
199.000 -0.211 
200.000 -0.211 
201.000 -0.210 
202.000 -0.210 
203.000 -0.210 
204.000 -0.210 
205.000 -0.210 
206.000 -0.210 
207.000 -0.210 
208.000 -0.209 
209.000 -0.209 
210.000 -0.209 
211.000 -0.209 
212.000 -0.209 
213.000 -0.209 
214.000 -0.209 
215.000 -0.209 
216.000 -0.208 
217.000 -0.208 
218.000 -0.208 
219.000 -0.208 
220.000 -0.208 
221.000 -0.208 
222.000 -0.208 
223.000 -0.208 
224.000 -0.208 
225.000 -0.207 
226.000 -0.207 
227.000 -0.207 
228.000 -0.207 
229.000 -0.207 
230.000 -0.207 
231.000 -0.207 
232.000 -0.207 
233.000 -0.206 
234.000 -0.206 
235.000 -0.206 
236.000 -0.206 
237.000 -0.206 
238.000 -0.206 
239.000 -0.206 
240.000 -0.206 
241.000 0.148 
242.000 -0.125 
243.000 -0.116 
244.000 -0.108 
245.000 -0.099 
246.000 -0.101 
247.000 -0.104 
248.000 -0.085 
249.000 -0.073 
250.000 -0.065 
251.000 -0.057 
252.000 -0.049 
253.000 -0.042 
254.000 -0.036 
255.000 -0.030 
256.000 -0.024 
257.000 -0.017 
258.000 -0.010 
259.000 -0.004 
260.000 0.003 
261.000 0.009 
262.000 0.015 
263.000 0.022 
264.000 0.028 
265.000 0.033 
266.000 0.039 
267.000 0.045 
268.000 0.050 
269.000 0.055 
270.000 0.060 
271.000 0.066 
272.000 0.070 
273.000 0.075 
274.000 0.080 
275.000 0.084 
276.000 0.089 
277.000 0.093 
278.000 0.097 
279.000 0.101 
280.000 0.105 
281.000 0.109 
282.000 0.113 
283.000 0.116 
284.000 0.120 
285.000 0.123 
286.000 0.126 
287.000 0.129 
288.000 0.132 
289.000 0.135 
290.000 0.138 
291.000 0.141 
292.000 0.143 
293.000 0.146 
294.000 0.148 
295.000 0.150 
296.000 0.152 
297.000 0.154 
298.000 0.157 
299.000 0.158 
300.000 0.160 
301.000 0.162 
302.000 0.164 
303.000 0.165 
304.000 0.167 
305.000 0.168 
306.000 0.170 
307.000 0.171 
308.000 0.173 
309.000 0.174 
310.000 0.175 
311.000 0.176 
312.000 0.177 
313.000 0.178 
314.000 0.179 
315.000 0.180 
316.000 0.181 
317.000 0.182 
318.000 0.183 
319.000 0.184 
320.000 0.184 
321.000 0.185 
322.000 0.186 
323.000 0.186 
324.000 0.187 
325.000 0.188 
326.000 0.188 
327.000 0.189 
328.000 0.189 
329.000 0.190 
330.000 0.190 
331.000 0.190 
332.000 0.191 
333.000 0.191 
334.000 0.192 
335.000 0.192 
336.000 0.192 
337.000 0.193 
338.000 0.193 
339.000 0.193 
340.000 0.194 
341.000 0.194 
342.000 0.194 
343.000 0.194 
344.000 0.195 
345.000 0.195 
346.000 0.195 
347.000 0.195 
348.000 0.195 
349.000 0.195 
350.000 0.196 
351.000 0.196 
352.000 0.196 
353.000 0.196 
354.000 0.196 
355.000 0.196 
356.000 0.196 
357.000 0.197 
358.000 0.197 
359.000 0.197 
360.000 0.197 
361.000 0.858 
362.000 0.348 
363.000 0.364 
364.000 0.380 
365.000 0.396 
366.000 0.307 
367.000 0.265 
368.000 0.280 
369.000 0.289 
370.000 0.293 
371.000 0.324 
372.000 0.369 
373.000 0.400 
374.000 0.419 
375.000 0.431 
376.000 0.432 
377.000 0.421 
378.000 0.404 
379.000 0.385 
380.000 0.368 
381.000 0.355 
382.000 0.349 
383.000 0.352 
384.000 0.362 
385.000 0.378 
386.000 0.395 
387.000 0.411 
388.000 0.422 
389.000 0.427 
390.000 0.426 
391.000 0.419 
392.000 0.409 
393.000 0.397 
394.000 0.386 
395.000 0.379 
396.000 0.376 
397.000 0.377 
398.000 0.383 
399.000 0.391 
400.000 0.401 
401.000 0.410 
402.000 0.416 
403.000 0.418 
404.000 0.417 
405.000 0.413 
406.000 0.406 
407.000 0.399 
408.000 0.393 
409.000 0.388 
410.000 0.386 
411.000 0.387 
412.000 0.391 
413.000 0.396 
414.000 0.401 
415.000 0.406 
416.000 0.410 
417.000 0.411 
418.000 0.410 
419.000 0.407 
420.000 0.404 
421.000 0.399 
422.000 0.396 
423.000 0.393 
424.000 0.392 
425.000 0.393 
426.000 0.395 
427.000 0.398 
428.000 0.401 
429.000 0.404 
430.000 0.406 
431.000 0.406 
432.000 0.406 
433.000 0.404 
434.000 0.402 
435.000 0.399 
436.000 0.397 
437.000 0.396 
438.000 0.395 
439.000 0.396 
440.000 0.397 
441.000 0.399 
442.000 0.401 
443.000 0.402 
444.000 0.403 
445.000 0.404 
446.000 0.403 
447.000 0.402 
448.000 0.401 
449.000 0.400 
450.000 0.398 
451.000 0.397 
452.000 0.397 
453.000 0.397 
454.000 0.398 
455.000 0.399 
456.000 0.400 
457.000 0.401 
458.000 0.402 
459.000 0.402 
460.000 0.402 
461.000 0.401 
462.000 0.401 
463.000 0.400 
464.000 0.399 
465.000 0.398 
466.000 0.398 
467.000 0.398 
468.000 0.399 
469.000 0.400 
470.000 0.400 
471.000 0.401 
472.000 0.401 
473.000 0.401 
474.000 0.401 
475.000 0.401 
476.000 0.400 
477.000 0.400 
478.000 0.399 
479.000 0.399 
480.000 0.399 
481.000 1.000 
482.000 1.000 
483.000 1.000 
484.000 1.000 
485.000 1.000 
486.000 1.000 
487.000 1.000 
488.000 0.995 
489.000 0.921 
490.000 0.857 
491.000 0.800 
492.000 0.749 
493.000 0.703 
494.000 0.682 
495.000 0.690 
496.000 0.721 
497.000 0.772 
498.000 0.837 
499.000 0.904 
500.000 0.957 
501.000 0.988 
502.000 0.993 
503.000 0.972 
504.000 0.928 
505.000 0.867 
506.000 0.800 
507.000 0.735 
508.000 0.681 
509.000 0.646 
510.000 0.637 
511.000 0.657 
512.000 0.704 
513.000 0.771 
514.000 0.846 
515.000 0.914 
516.000 0.963 
517.000 0.985 
518.000 0.978 
519.000 0.945 
520.000 0.892 
521.000 0.827 
522.000 0.759 
523.000 0.698 
524.000 0.652 
525.000 0.630 
526.000 0.635 
527.000 0.670 
528.000 0.730 
529.000 0.804 
530.000 0.880 
531.000 0.942 
532.000 0.979 
533.000 0.988 
534.000 0.969 
535.000 0.926 
536.000 0.865 
537.000 0.797 
538.000 0.731 
539.000 0.675 
540.000 0.639 
541.000 0.629 
542.000 0.648 
543.000 0.695 
544.000 0.763 
545.000 0.841 
546.000 0.912 
547.000 0.965 
548.000 0.990 
549.000 0.985 
550.000 0.954 
551.000 0.902 
552.000 0.836 
553.000 0.767 
554.000 0.703 
555.000 0.655 
556.000 0.630 
557.000 0.632 
558.000 0.665 
559.000 0.723 
560.000 0.798 
561.000 0.875 
562.000 0.940 
563.000 0.982 
564.000 0.993 
565.000 0.976 
566.000 0.934 
567.000 0.874 
568.000 0.805 
569.000 0.736 
570.000 0.678 
571.000 0.639 
572.000 0.625 
573.000 0.642 
574.000 0.687 
575.000 0.755 
576.000 0.834 
577.000 0.908 
578.000 0.964 
579.000 0.993 
580.000 0.991 
581.000 0.962 
582.000 0.910 
583.000 0.844 
584.000 0.773 
585.000 0.707 
586.000 0.656 
587.000 0.627 
588.000 0.627 
589.000 0.657 
590.000 0.714 
591.000 0.790 
592.000 0.870 
593.000 0.938 
594.000 0.983 
595.000 0.998 
596.000 0.983 
597.000 0.942 
598.000 0.882 
599.000 0.812 
600.000 0.742 
601.000 1.000 
602.000 1.000 
603.000 1.000 
604.000 1.000 
605.000 1.000 
606.000 1.000 
607.000 1.000 
608.000 1.000 
609.000 1.000 
610.000 1.000 
611.000 1.000 
612.000 1.000 
613.000 1.000 
614.000 1.000 
615.000 1.000 
616.000 1.000 
617.000 1.000 
618.000 1.000 
619.000 1.000 
620.000 1.000 
621.000 1.000 
622.000 1.000 
623.000 1.000 
624.000 1.000 
625.000 1.000 
626.000 1.000 
627.000 1.000 
628.000 1.000 
629.000 1.000 
630.000 1.000 
631.000 1.000 
632.000 1.000 
633.000 1.000 
634.000 1.000 
635.000 1.000 
636.000 1.000 
637.000 1.000 
638.000 1.000 
639.000 1.000 
640.000 1.000 
641.000 1.000 
642.000 1.000 
643.000 1.000 
644.000 1.000 
645.000 1.000 
646.000 1.000 
647.000 1.000 
648.000 1.000 
649.000 1.000 
650.000 1.000 
651.000 1.000 
652.000 1.000 
653.000 1.000 
654.000 1.000 
655.000 1.000 
656.000 1.000 
657.000 1.000 
658.000 1.000 
659.000 1.000 
660.000 1.000 
661.000 1.000 
662.000 1.000 
663.000 1.000 
664.000 1.000 
665.000 1.000 
666.000 1.000 
667.000 1.000 
668.000 1.000 
669.000 1.000 
670.000 1.000 
671.000 1.000 
672.000 1.000 
673.000 1.000 
674.000 1.000 
675.000 1.000 
676.000 1.000 
677.000 1.000 
678.000 1.000 
679.000 1.000 
680.000 1.000 
681.000 1.000 
682.000 1.000 
683.000 1.000 
684.000 1.000 
685.000 1.000 
686.000 1.000 
687.000 1.000 
688.000 1.000 
689.000 1.000 
690.000 1.000 
691.000 1.000 
692.000 1.000 
693.000 1.000 
694.000 1.000 
695.000 1.000 
696.000 1.000 
697.000 1.000 
698.000 1.000 
699.000 1.000 
700.000 1.000 
701.000 1.000 
702.000 1.000 
703.000 1.000 
704.000 1.000 
705.000 1.000 
706.000 1.000 
707.000 1.000 
708.000 1.000 
709.000 1.000 
710.000 1.000 
711.000 1.000 
712.000 1.000 
713.000 1.000 
714.000 1.000 
715.000 1.000 
716.000 1.000 
717.000 1.000 
718.000 1.000 
719.000 1.000 
720.000 1.000 
721.000 1.000 
722.000 1.000 
723.000 1.000 
724.000 1.000 
725.000 1.000 
726.000 1.000 
727.000 1.000 
728.000 1.000 
729.000 1.000 
730.000 1.000 
731.000 1.000 
732.000 1.000 
733.000 1.000 
734.000 1.000 
735.000 1.000 
736.000 1.000 
737.000 1.000 
738.000 1.000 
739.000 1.000 
740.000 1.000 
741.000 1.000 
742.000 1.000 
743.000 1.000 
744.000 1.000 
745.000 1.000 
746.000 1.000 
747.000 1.000 
748.000 1.000 
749.000 1.000 
750.000 1.000 
751.000 1.000 
752.000 1.000 
753.000 1.000 
754.000 1.000 
755.000 1.000 
756.000 1.000 
757.000 1.000 
758.000 1.000 
759.000 1.000 
760.000 1.000 
761.000 1.000 
762.000 1.000 
763.000 1.000 
764.000 1.000 
765.000 1.000 
766.000 1.000 
767.000 1.000 
768.000 1.000 
769.000 1.000 
770.000 1.000 
771.000 1.000 
772.000 1.000 
773.000 1.000 
774.000 1.000 
775.000 1.000 
776.000 1.000 
777.000 1.000 
778.000 1.000 
779.000 1.000 
780.000 1.000 
781.000 1.000 
782.000 1.000 
783.000 1.000 
784.000 1.000 
785.000 1.000 
786.000 1.000 
787.000 1.000 
788.000 1.000 
789.000 1.000 
790.000 1.000 
791.000 1.000 
792.000 1.000 
793.000 1.000 
794.000 1.000 
795.000 1.000 
796.000 1.000 
797.000 1.000 
798.000 1.000 
799.000 1.000 
800.000 1.000 
