1.000 0.000 
2.000 0.000 
3.000 0.000 
4.000 0.000 
5.000 0.000 
6.000 0.000 
7.000 0.000 
8.000 0.000 
9.000 0.000 
10.000 0.000 
11.000 0.000 
12.000 -0.010 
13.000 -0.022 
14.000 -0.027 
15.000 -0.028 
16.000 -0.028 
17.000 -0.028 
18.000 -0.027 
19.000 -0.026 
20.000 -0.026 
21.000 -0.028 
22.000 -0.029 
23.000 -0.031 
24.000 -0.033 
25.000 -0.034 
26.000 -0.036 
27.000 -0.037 
28.000 -0.038 
29.000 -0.039 
30.000 -0.040 
31.000 -0.042 
32.000 -0.043 
33.000 -0.044 
34.000 -0.045 
35.000 -0.046 
36.000 -0.047 
37.000 -0.048 
38.000 -0.049 
39.000 -0.050 
40.000 -0.051 
41.000 -0.051 
42.000 -0.052 
43.000 -0.053 
44.000 -0.054 
45.000 -0.055 
46.000 -0.056 
47.000 -0.056 
48.000 -0.057 
49.000 -0.058 
50.000 -0.059 
51.000 -0.059 
52.000 -0.060 
53.000 -0.061 
54.000 -0.061 
55.000 -0.062 
56.000 -0.063 
57.000 -0.063 
58.000 -0.064 
59.000 -0.065 
60.000 -0.065 
61.000 -0.066 
62.000 -0.066 
63.000 -0.067 
64.000 -0.068 
65.000 -0.068 
66.000 -0.069 
67.000 -0.069 
68.000 -0.070 
69.000 -0.070 
70.000 -0.071 
71.000 -0.071 
72.000 -0.072 
73.000 -0.072 
74.000 -0.073 
75.000 -0.073 
76.000 -0.074 
77.000 -0.074 
78.000 -0.074 
79.000 -0.075 
80.000 -0.075 
81.000 -0.076 
82.000 -0.076 
83.000 -0.077 
84.000 -0.077 
85.000 -0.077 
86.000 -0.078 
87.000 -0.078 
88.000 -0.078 
89.000 -0.079 
90.000 -0.079 
91.000 -0.080 
92.000 -0.080 
93.000 -0.080 
94.000 -0.081 
95.000 -0.081 
96.000 -0.081 
97.000 -0.082 
98.000 -0.082 
99.000 -0.082 
100.000 -0.083 
101.000 -0.083 
102.000 -0.083 
103.000 -0.084 
104.000 -0.084 
105.000 -0.084 
106.000 -0.084 
107.000 -0.085 
108.000 -0.085 
109.000 -0.085 
110.000 -0.086 
111.000 -0.086 
112.000 -0.086 
113.000 -0.086 
114.000 -0.087 
115.000 -0.087 
116.000 -0.087 
117.000 -0.088 
118.000 -0.088 
119.000 -0.088 
120.000 -0.088 
121.000 -0.089 
122.000 -0.089 
123.000 -0.089 
124.000 -0.089 
125.000 -0.090 
126.000 -0.089 
127.000 -0.087 
128.000 -0.086 
129.000 -0.087 
130.000 -0.087 
131.000 -0.087 
132.000 -0.088 
133.000 -0.088 
134.000 -0.088 
135.000 -0.088 
136.000 -0.088 
137.000 -0.088 
138.000 -0.088 
139.000 -0.088 
140.000 -0.088 
141.000 -0.088 
142.000 -0.088 
143.000 -0.087 
144.000 -0.087 
145.000 -0.087 
146.000 -0.087 
147.000 -0.087 
148.000 -0.087 
149.000 -0.087 
150.000 -0.087 
151.000 -0.087 
152.000 -0.087 
153.000 -0.087 
154.000 -0.087 
155.000 -0.087 
156.000 -0.087 
157.000 -0.087 
158.000 -0.087 
159.000 -0.087 
160.000 -0.087 
161.000 -0.087 
162.000 -0.087 
163.000 -0.087 
164.000 -0.087 
165.000 -0.087 
166.000 -0.087 
167.000 -0.087 
168.000 -0.087 
169.000 -0.087 
170.000 -0.087 
171.000 -0.086 
172.000 -0.086 
173.000 -0.086 
174.000 -0.086 
175.000 -0.086 
176.000 -0.086 
177.000 -0.086 
178.000 -0.086 
179.000 -0.086 
180.000 -0.086 
181.000 -0.086 
182.000 -0.086 
183.000 -0.086 
184.000 -0.086 
185.000 -0.086 
186.000 -0.086 
187.000 -0.086 
188.000 -0.086 
189.000 -0.086 
190.000 -0.086 
191.000 -0.086 
192.000 -0.086 
193.000 -0.086 
194.000 -0.086 
195.000 -0.086 
196.000 -0.086 
197.000 -0.086 
198.000 -0.086 
199.000 -0.086 
200.000 -0.086 
201.000 -0.086 
202.000 -0.086 
203.000 -0.086 
204.000 -0.085 
205.000 -0.085 
206.000 -0.085 
207.000 -0.085 
208.000 -0.085 
209.000 -0.085 
210.000 -0.085 
211.000 -0.085 
212.000 -0.085 
213.000 -0.085 
214.000 -0.085 
215.000 -0.085 
216.000 -0.085 
217.000 -0.085 
218.000 -0.085 
219.000 -0.085 
220.000 -0.085 
221.000 -0.085 
222.000 -0.085 
223.000 -0.085 
224.000 -0.085 
225.000 -0.085 
226.000 -0.085 
227.000 -0.085 
228.000 -0.085 
229.000 -0.085 
230.000 -0.085 
231.000 -0.085 
232.000 -0.085 
233.000 -0.085 
234.000 -0.085 
235.000 -0.085 
236.000 -0.085 
237.000 -0.085 
238.000 -0.085 
239.000 -0.085 
240.000 -0.085 
241.000 -0.084 
242.000 -0.084 
243.000 -0.084 
244.000 -0.084 
245.000 -0.084 
246.000 -0.074 
247.000 -0.055 
248.000 -0.051 
249.000 -0.051 
250.000 -0.052 
251.000 -0.053 
252.000 -0.053 
253.000 -0.053 
254.000 -0.051 
255.000 -0.048 
256.000 -0.045 
257.000 -0.041 
258.000 -0.037 
259.000 -0.033 
260.000 -0.029 
261.000 -0.025 
262.000 -0.022 
263.000 -0.018 
264.000 -0.014 
265.000 -0.010 
266.000 -0.005 
267.000 -0.001 
268.000 0.004 
269.000 0.009 
270.000 0.013 
271.000 0.018 
272.000 0.023 
273.000 0.028 
274.000 0.033 
275.000 0.038 
276.000 0.043 
277.000 0.048 
278.000 0.054 
279.000 0.059 
280.000 0.064 
281.000 0.069 
282.000 0.074 
283.000 0.079 
284.000 0.085 
285.000 0.090 
286.000 0.095 
287.000 0.100 
288.000 0.105 
289.000 0.110 
290.000 0.115 
291.000 0.119 
292.000 0.124 
293.000 0.129 
294.000 0.133 
295.000 0.138 
296.000 0.142 
297.000 0.147 
298.000 0.151 
299.000 0.155 
300.000 0.159 
301.000 0.163 
302.000 0.167 
303.000 0.170 
304.000 0.174 
305.000 0.177 
306.000 0.181 
307.000 0.184 
308.000 0.187 
309.000 0.190 
310.000 0.193 
311.000 0.196 
312.000 0.199 
313.000 0.201 
314.000 0.204 
315.000 0.207 
316.000 0.209 
317.000 0.211 
318.000 0.213 
319.000 0.216 
320.000 0.218 
321.000 0.220 
322.000 0.221 
323.000 0.223 
324.000 0.225 
325.000 0.227 
326.000 0.228 
327.000 0.230 
328.000 0.231 
329.000 0.232 
330.000 0.234 
331.000 0.235 
332.000 0.236 
333.000 0.237 
334.000 0.239 
335.000 0.240 
336.000 0.241 
337.000 0.242 
338.000 0.242 
339.000 0.243 
340.000 0.244 
341.000 0.245 
342.000 0.246 
343.000 0.246 
344.000 0.247 
345.000 0.248 
346.000 0.248 
347.000 0.249 
348.000 0.249 
349.000 0.250 
350.000 0.251 
351.000 0.251 
352.000 0.251 
353.000 0.252 
354.000 0.252 
355.000 0.253 
356.000 0.253 
357.000 0.253 
358.000 0.254 
359.000 0.254 
360.000 0.254 
361.000 0.255 
362.000 0.255 
363.000 0.255 
364.000 0.255 
365.000 0.256 
366.000 0.357 
367.000 0.490 
368.000 0.592 
369.000 0.672 
370.000 0.737 
371.000 0.762 
372.000 0.743 
373.000 0.701 
374.000 0.654 
375.000 0.611 
376.000 0.582 
377.000 0.577 
378.000 0.598 
379.000 0.640 
380.000 0.696 
381.000 0.758 
382.000 0.816 
383.000 0.861 
384.000 0.888 
385.000 0.894 
386.000 0.883 
387.000 0.859 
388.000 0.830 
389.000 0.803 
390.000 0.786 
391.000 0.782 
392.000 0.791 
393.000 0.812 
394.000 0.840 
395.000 0.872 
396.000 0.901 
397.000 0.922 
398.000 0.933 
399.000 0.933 
400.000 0.922 
401.000 0.905 
402.000 0.885 
403.000 0.867 
404.000 0.855 
405.000 0.850 
406.000 0.854 
407.000 0.864 
408.000 0.880 
409.000 0.897 
410.000 0.912 
411.000 0.923 
412.000 0.928 
413.000 0.926 
414.000 0.918 
415.000 0.907 
416.000 0.895 
417.000 0.883 
418.000 0.875 
419.000 0.872 
420.000 0.874 
421.000 0.880 
422.000 0.889 
423.000 0.899 
424.000 0.907 
425.000 0.913 
426.000 0.916 
427.000 0.914 
428.000 0.909 
429.000 0.903 
430.000 0.895 
431.000 0.888 
432.000 0.884 
433.000 0.882 
434.000 0.883 
435.000 0.887 
436.000 0.892 
437.000 0.898 
438.000 0.903 
439.000 0.906 
440.000 0.907 
441.000 0.906 
442.000 0.904 
443.000 0.900 
444.000 0.895 
445.000 0.891 
446.000 0.889 
447.000 0.888 
448.000 0.888 
449.000 0.891 
450.000 0.894 
451.000 0.897 
452.000 0.900 
453.000 0.902 
454.000 0.903 
455.000 0.902 
456.000 0.900 
457.000 0.898 
458.000 0.895 
459.000 0.893 
460.000 0.891 
461.000 0.891 
462.000 0.891 
463.000 0.893 
464.000 0.895 
465.000 0.897 
466.000 0.898 
467.000 0.900 
468.000 0.900 
469.000 0.900 
470.000 0.898 
471.000 0.897 
472.000 0.895 
473.000 0.894 
474.000 0.893 
475.000 0.893 
476.000 0.893 
477.000 0.894 
478.000 0.895 
479.000 0.896 
480.000 0.897 
481.000 0.898 
482.000 0.898 
483.000 0.898 
484.000 0.897 
485.000 0.897 
486.000 1.011 
487.000 1.262 
488.000 1.601 
489.000 1.989 
490.000 2.397 
491.000 2.805 
492.000 3.197 
493.000 3.563 
494.000 3.874 
495.000 4.107 
496.000 4.250 
497.000 4.298 
498.000 4.256 
499.000 4.142 
500.000 3.987 
501.000 3.823 
502.000 3.682 
503.000 3.589 
504.000 3.556 
505.000 3.589 
506.000 3.680 
507.000 3.812 
508.000 3.963 
509.000 4.108 
510.000 4.219 
511.000 4.273 
512.000 4.254 
513.000 4.158 
514.000 3.996 
515.000 3.791 
516.000 3.575 
517.000 3.383 
518.000 3.241 
519.000 3.168 
520.000 3.170 
521.000 3.245 
522.000 3.378 
523.000 3.547 
524.000 3.726 
525.000 3.887 
526.000 4.002 
527.000 4.049 
528.000 4.019 
529.000 3.912 
530.000 3.746 
531.000 3.551 
532.000 3.360 
533.000 3.204 
534.000 3.108 
535.000 3.084 
536.000 3.135 
537.000 3.252 
538.000 3.416 
539.000 3.605 
540.000 3.788 
541.000 3.940 
542.000 4.033 
543.000 4.051 
544.000 3.988 
545.000 3.853 
546.000 3.671 
547.000 3.473 
548.000 3.294 
549.000 3.163 
550.000 3.098 
551.000 3.108 
552.000 3.191 
553.000 3.333 
554.000 3.512 
555.000 3.703 
556.000 3.876 
557.000 4.004 
558.000 4.065 
559.000 4.045 
560.000 3.946 
561.000 3.784 
562.000 3.587 
563.000 3.391 
564.000 3.228 
565.000 3.123 
566.000 3.091 
567.000 3.135 
568.000 3.247 
569.000 3.410 
570.000 3.600 
571.000 3.788 
572.000 3.946 
573.000 4.046 
574.000 4.072 
575.000 4.015 
576.000 3.882 
577.000 3.698 
578.000 3.495 
579.000 3.308 
580.000 3.167 
581.000 3.093 
582.000 3.096 
583.000 3.173 
584.000 3.312 
585.000 3.493 
586.000 3.687 
587.000 3.867 
588.000 4.004 
589.000 4.073 
590.000 4.061 
591.000 3.967 
592.000 3.806 
593.000 3.607 
594.000 3.405 
595.000 3.233 
596.000 3.119 
597.000 3.079 
598.000 3.117 
599.000 3.225 
600.000 3.388 
601.000 3.580 
602.000 3.774 
603.000 3.940 
604.000 4.050 
605.000 4.084 
606.000 4.139 
607.000 4.232 
608.000 4.348 
609.000 4.477 
610.000 4.609 
611.000 4.740 
612.000 4.864 
613.000 4.979 
614.000 5.083 
615.000 5.176 
616.000 5.257 
617.000 5.327 
618.000 5.386 
619.000 5.436 
620.000 5.478 
621.000 5.511 
622.000 5.538 
623.000 5.559 
624.000 5.575 
625.000 5.587 
626.000 5.596 
627.000 5.602 
628.000 5.607 
629.000 5.609 
630.000 5.610 
631.000 5.610 
632.000 5.610 
633.000 5.609 
634.000 5.608 
635.000 5.607 
636.000 5.605 
637.000 5.604 
638.000 5.602 
639.000 5.601 
640.000 5.600 
641.000 5.599 
642.000 5.598 
643.000 5.597 
644.000 5.597 
645.000 5.596 
646.000 5.596 
647.000 5.595 
648.000 5.595 
649.000 5.595 
650.000 5.594 
651.000 5.594 
652.000 5.594 
653.000 5.594 
654.000 5.594 
655.000 5.594 
656.000 5.594 
657.000 5.594 
658.000 5.594 
659.000 5.594 
660.000 5.594 
661.000 5.594 
662.000 5.594 
663.000 5.594 
664.000 5.594 
665.000 5.594 
666.000 5.594 
667.000 5.594 
668.000 5.594 
669.000 5.594 
670.000 5.594 
671.000 5.594 
672.000 5.594 
673.000 5.594 
674.000 5.594 
675.000 5.594 
676.000 5.594 
677.000 5.594 
678.000 5.594 
679.000 5.594 
680.000 5.594 
681.000 5.594 
682.000 5.594 
683.000 5.594 
684.000 5.594 
685.000 5.594 
686.000 5.594 
687.000 5.594 
688.000 5.594 
689.000 5.594 
690.000 5.594 
691.000 5.594 
692.000 5.594 
693.000 5.594 
694.000 5.594 
695.000 5.594 
696.000 5.594 
697.000 5.594 
698.000 5.594 
699.000 5.594 
700.000 5.594 
701.000 5.594 
702.000 5.594 
703.000 5.594 
704.000 5.594 
705.000 5.594 
706.000 5.594 
707.000 5.594 
708.000 5.594 
709.000 5.594 
710.000 5.594 
711.000 5.594 
712.000 5.594 
713.000 5.594 
714.000 5.594 
715.000 5.594 
716.000 5.594 
717.000 5.594 
718.000 5.594 
719.000 5.594 
720.000 5.594 
721.000 5.594 
722.000 5.594 
723.000 5.594 
724.000 5.594 
725.000 5.594 
726.000 5.594 
727.000 5.594 
728.000 5.594 
729.000 5.594 
730.000 5.594 
731.000 5.594 
732.000 5.594 
733.000 5.594 
734.000 5.594 
735.000 5.594 
736.000 5.594 
737.000 5.594 
738.000 5.594 
739.000 5.594 
740.000 5.594 
741.000 5.594 
742.000 5.594 
743.000 5.594 
744.000 5.594 
745.000 5.594 
746.000 5.594 
747.000 5.594 
748.000 5.594 
749.000 5.594 
750.000 5.594 
751.000 5.594 
752.000 5.594 
753.000 5.594 
754.000 5.594 
755.000 5.594 
756.000 5.594 
757.000 5.594 
758.000 5.594 
759.000 5.594 
760.000 5.594 
761.000 5.594 
762.000 5.594 
763.000 5.594 
764.000 5.594 
765.000 5.594 
766.000 5.594 
767.000 5.594 
768.000 5.594 
769.000 5.594 
770.000 5.594 
771.000 5.594 
772.000 5.594 
773.000 5.594 
774.000 5.594 
775.000 5.594 
776.000 5.594 
777.000 5.594 
778.000 5.594 
779.000 5.594 
780.000 5.594 
781.000 5.594 
782.000 5.594 
783.000 5.594 
784.000 5.594 
785.000 5.594 
786.000 5.594 
787.000 5.594 
788.000 5.594 
789.000 5.594 
790.000 5.594 
791.000 5.594 
792.000 5.594 
793.000 5.594 
794.000 5.594 
795.000 5.594 
796.000 5.594 
797.000 5.594 
798.000 5.594 
799.000 5.594 
800.000 5.594 
