1.000 28.000 
2.000 28.000 
3.000 20.953 
4.000 22.260 
5.000 22.167 
6.000 22.073 
7.000 21.980 
8.000 21.887 
9.000 21.793 
10.000 21.700 
11.000 22.362 
12.000 22.128 
13.000 22.045 
14.000 21.962 
15.000 21.878 
16.000 22.550 
17.000 22.327 
18.000 22.253 
19.000 22.935 
20.000 22.722 
21.000 23.539 
22.000 23.313 
23.000 24.016 
24.000 23.824 
25.000 23.783 
26.000 24.496 
27.000 24.314 
28.000 24.283 
29.000 25.006 
30.000 24.834 
31.000 25.693 
32.000 25.508 
33.000 25.498 
34.000 25.488 
35.000 26.233 
36.000 26.083 
37.000 26.083 
38.000 26.083 
39.000 26.838 
40.000 26.698 
41.000 26.708 
42.000 26.718 
43.000 26.728 
44.000 26.738 
45.000 27.503 
46.000 27.373 
47.000 27.393 
48.000 27.413 
49.000 27.433 
50.000 27.453 
51.000 27.473 
52.000 27.493 
53.000 27.513 
54.000 27.533 
55.000 27.553 
56.000 27.573 
57.000 27.593 
58.000 26.858 
59.000 27.018 
60.000 27.028 
61.000 27.038 
62.000 27.048 
63.000 26.303 
64.000 26.453 
65.000 26.453 
66.000 26.453 
67.000 26.453 
68.000 26.453 
69.000 26.453 
70.000 26.453 
71.000 25.698 
72.000 25.838 
73.000 25.828 
74.000 25.818 
75.000 25.808 
76.000 25.798 
77.000 25.788 
78.000 25.778 
79.000 25.768 
80.000 25.758 
81.000 25.748 
82.000 25.738 
83.000 25.728 
84.000 25.718 
85.000 25.708 
86.000 25.698 
87.000 25.688 
88.000 26.433 
89.000 26.283 
90.000 26.283 
91.000 26.283 
92.000 26.283 
93.000 26.283 
94.000 26.283 
95.000 26.283 
96.000 27.038 
97.000 26.898 
98.000 26.908 
99.000 26.918 
100.000 26.928 
101.000 26.183 
102.000 27.088 
103.000 26.948 
104.000 26.958 
105.000 26.968 
106.000 26.978 
107.000 26.988 
108.000 26.998 
109.000 26.253 
110.000 26.403 
111.000 26.403 
112.000 26.403 
113.000 26.403 
114.000 26.403 
115.000 26.403 
116.000 26.403 
117.000 26.403 
118.000 26.403 
119.000 26.403 
120.000 26.403 
121.000 26.403 
122.000 25.648 
123.000 25.788 
124.000 25.778 
125.000 25.768 
126.000 25.758 
127.000 25.748 
128.000 25.738 
129.000 25.728 
130.000 25.718 
131.000 25.708 
132.000 25.698 
133.000 25.688 
134.000 25.678 
135.000 25.668 
136.000 25.658 
137.000 25.648 
138.000 25.638 
139.000 25.628 
140.000 25.618 
141.000 25.608 
142.000 25.598 
143.000 25.588 
144.000 25.578 
145.000 26.323 
146.000 26.173 
147.000 26.173 
148.000 26.173 
149.000 26.173 
150.000 26.173 
151.000 26.173 
152.000 26.173 
153.000 26.173 
154.000 26.928 
155.000 26.788 
156.000 26.798 
157.000 26.808 
158.000 26.818 
159.000 26.828 
160.000 26.838 
161.000 26.848 
162.000 26.858 
163.000 26.868 
164.000 26.878 
165.000 26.888 
166.000 26.898 
167.000 26.908 
168.000 26.918 
169.000 26.928 
170.000 26.938 
171.000 26.948 
172.000 26.958 
173.000 26.968 
174.000 26.978 
175.000 26.988 
176.000 26.998 
177.000 27.008 
178.000 27.018 
179.000 27.028 
180.000 27.038 
181.000 26.293 
182.000 26.443 
183.000 26.443 
184.000 26.443 
185.000 26.443 
186.000 26.443 
187.000 26.443 
188.000 26.443 
189.000 26.443 
190.000 26.443 
191.000 25.688 
192.000 25.828 
193.000 25.818 
194.000 25.808 
195.000 26.553 
196.000 26.403 
197.000 26.403 
198.000 26.403 
199.000 26.403 
200.000 25.648 
201.000 26.543 
202.000 26.393 
203.000 26.393 
204.000 26.393 
205.000 26.393 
206.000 26.393 
207.000 26.393 
208.000 26.393 
209.000 25.638 
210.000 25.778 
211.000 25.768 
212.000 25.758 
213.000 25.748 
214.000 26.493 
215.000 26.343 
216.000 26.343 
217.000 25.588 
218.000 25.728 
219.000 26.473 
220.000 26.323 
221.000 26.323 
222.000 26.323 
223.000 26.323 
224.000 26.323 
225.000 26.323 
226.000 26.323 
227.000 27.078 
228.000 26.938 
229.000 26.948 
230.000 26.203 
231.000 26.353 
232.000 26.353 
233.000 26.353 
234.000 26.353 
235.000 26.353 
236.000 26.353 
237.000 26.353 
238.000 26.353 
239.000 26.353 
240.000 26.353 
241.000 26.353 
242.000 25.598 
243.000 25.738 
244.000 25.728 
245.000 26.473 
246.000 26.323 
247.000 26.323 
248.000 26.323 
249.000 26.323 
250.000 26.323 
251.000 26.323 
252.000 26.323 
253.000 26.323 
254.000 26.323 
255.000 26.323 
256.000 26.323 
257.000 26.323 
258.000 27.078 
259.000 26.938 
260.000 26.948 
261.000 26.958 
262.000 26.968 
263.000 26.978 
264.000 26.988 
265.000 27.753 
266.000 27.623 
267.000 26.888 
268.000 27.803 
269.000 27.673 
270.000 27.693 
271.000 27.713 
272.000 27.733 
273.000 27.753 
274.000 27.773 
275.000 27.793 
276.000 27.813 
277.000 27.833 
278.000 27.853 
279.000 27.873 
280.000 27.893 
281.000 27.913 
282.000 27.933 
283.000 27.953 
284.000 27.973 
285.000 27.993 
286.000 28.013 
287.000 28.033 
288.000 27.298 
289.000 27.458 
290.000 27.468 
291.000 27.478 
292.000 26.733 
293.000 26.883 
294.000 26.883 
295.000 26.883 
296.000 26.883 
297.000 26.883 
298.000 26.883 
299.000 26.883 
300.000 26.883 
301.000 26.128 
302.000 26.268 
303.000 26.258 
304.000 26.248 
305.000 26.238 
306.000 26.228 
307.000 26.218 
308.000 26.208 
309.000 26.198 
310.000 26.188 
311.000 26.178 
312.000 26.168 
313.000 26.158 
314.000 26.148 
315.000 26.138 
316.000 26.128 
317.000 26.118 
318.000 26.108 
319.000 26.098 
320.000 26.088 
321.000 26.078 
322.000 26.068 
323.000 26.058 
324.000 26.048 
325.000 26.038 
326.000 26.028 
327.000 26.018 
328.000 26.763 
329.000 26.613 
330.000 26.613 
331.000 26.613 
332.000 26.613 
333.000 26.613 
334.000 25.858 
335.000 25.998 
336.000 26.743 
337.000 25.838 
338.000 25.978 
339.000 25.968 
340.000 25.958 
341.000 26.703 
342.000 25.798 
343.000 25.938 
344.000 25.928 
345.000 25.918 
346.000 25.908 
347.000 26.653 
348.000 25.748 
349.000 25.888 
350.000 26.633 
351.000 88.645 
352.000 77.118 
353.000 77.942 
354.000 78.765 
355.000 79.588 
356.000 80.412 
357.000 81.235 
358.000 81.177 
359.000 82.164 
360.000 82.976 
361.000 83.032 
362.000 83.229 
363.000 83.416 
364.000 82.712 
365.000 83.042 
366.000 82.306 
367.000 82.604 
368.000 81.962 
369.000 81.325 
370.000 79.936 
371.000 79.546 
372.000 78.835 
373.000 77.498 
374.000 76.886 
375.000 75.372 
376.000 74.102 
377.000 73.406 
378.000 71.808 
379.000 70.455 
380.000 68.921 
381.000 67.380 
382.000 65.807 
383.000 64.329 
384.000 62.670 
385.000 61.004 
386.000 60.187 
387.000 58.295 
388.000 57.301 
389.000 55.506 
390.000 54.435 
391.000 52.462 
392.000 51.489 
393.000 50.195 
394.000 48.275 
395.000 47.079 
396.000 45.862 
397.000 44.475 
398.000 43.217 
399.000 41.787 
400.000 40.487 
401.000 39.017 
402.000 37.675 
403.000 36.917 
404.000 35.394 
405.000 34.731 
406.000 33.782 
407.000 32.217 
408.000 31.512 
409.000 30.521 
410.000 29.669 
411.000 28.782 
412.000 28.641 
413.000 27.594 
414.000 27.442 
415.000 26.260 
416.000 26.122 
417.000 25.808 
418.000 26.376 
419.000 25.899 
420.000 25.597 
421.000 26.051 
422.000 25.609 
423.000 26.072 
424.000 26.396 
425.000 26.855 
426.000 27.175 
427.000 27.530 
428.000 27.895 
429.000 28.396 
430.000 28.757 
431.000 29.154 
432.000 29.561 
433.000 30.103 
434.000 30.507 
435.000 31.700 
436.000 32.134 
437.000 32.579 
438.000 33.059 
439.000 33.549 
440.000 34.175 
441.000 34.662 
442.000 35.183 
443.000 35.715 
444.000 36.382 
445.000 36.911 
446.000 37.474 
447.000 37.292 
448.000 38.016 
449.000 38.725 
450.000 38.540 
451.000 39.285 
452.000 39.890 
453.000 40.505 
454.000 40.375 
455.000 41.276 
456.000 41.132 
457.000 41.919 
458.000 41.811 
459.000 42.607 
460.000 42.509 
461.000 42.561 
462.000 42.612 
463.000 42.664 
464.000 42.716 
465.000 42.767 
466.000 42.819 
467.000 42.871 
468.000 42.922 
469.000 42.974 
470.000 43.026 
471.000 42.323 
472.000 42.514 
473.000 42.556 
474.000 41.842 
475.000 42.024 
476.000 42.056 
477.000 42.087 
478.000 41.238 
479.000 41.433 
480.000 41.453 
481.000 40.718 
482.000 40.878 
483.000 40.133 
484.000 40.283 
485.000 39.528 
486.000 39.668 
487.000 39.658 
488.000 38.767 
489.000 38.921 
490.000 38.899 
491.000 38.122 
492.000 38.241 
493.000 38.209 
494.000 38.177 
495.000 37.391 
496.000 37.499 
497.000 37.458 
498.000 36.661 
499.000 36.759 
500.000 36.707 
501.000 36.656 
502.000 35.723 
503.000 36.716 
504.000 36.489 
505.000 36.438 
506.000 36.386 
507.000 36.334 
508.000 36.282 
509.000 36.231 
510.000 36.179 
511.000 36.127 
512.000 36.076 
513.000 36.779 
514.000 36.588 
515.000 36.546 
516.000 36.504 
517.000 36.463 
518.000 36.421 
519.000 37.134 
520.000 36.952 
521.000 36.921 
522.000 36.889 
523.000 36.857 
524.000 37.581 
525.000 36.654 
526.000 36.772 
527.000 37.496 
528.000 37.324 
529.000 37.303 
530.000 37.281 
531.000 38.140 
532.000 37.955 
533.000 37.945 
534.000 38.690 
535.000 38.540 
536.000 38.540 
537.000 39.295 
538.000 39.155 
539.000 39.165 
540.000 39.175 
541.000 39.940 
542.000 39.810 
543.000 39.830 
544.000 39.850 
545.000 40.751 
546.000 40.608 
547.000 40.639 
548.000 40.671 
549.000 40.703 
550.000 40.734 
551.000 40.766 
552.000 40.798 
553.000 40.829 
554.000 40.861 
555.000 40.893 
556.000 40.924 
557.000 40.956 
558.000 40.107 
559.000 40.302 
560.000 40.322 
561.000 40.342 
562.000 40.362 
563.000 40.382 
564.000 40.402 
565.000 40.422 
566.000 40.442 
567.000 39.707 
568.000 39.867 
569.000 39.877 
570.000 39.887 
571.000 39.897 
572.000 39.152 
573.000 39.302 
574.000 39.302 
575.000 38.547 
576.000 38.687 
577.000 38.677 
578.000 38.667 
579.000 37.776 
580.000 37.929 
581.000 37.908 
582.000 37.131 
583.000 37.249 
584.000 36.463 
585.000 36.571 
586.000 35.774 
587.000 35.873 
588.000 35.821 
589.000 34.888 
590.000 35.000 
591.000 34.937 
592.000 34.873 
593.000 34.055 
594.000 34.132 
595.000 34.058 
596.000 33.985 
597.000 33.912 
598.000 33.838 
599.000 33.765 
600.000 33.692 
601.000 33.618 
602.000 33.545 
603.000 33.472 
604.000 33.398 
605.000 34.080 
606.000 33.867 
607.000 33.803 
608.000 33.740 
609.000 34.558 
610.000 34.331 
611.000 35.034 
612.000 34.843 
613.000 34.801 
614.000 34.759 
615.000 35.473 
616.000 35.291 
617.000 35.259 
618.000 35.983 
619.000 35.811 
620.000 35.789 
621.000 35.768 
622.000 36.627 
623.000 36.442 
624.000 36.432 
625.000 36.422 
626.000 37.167 
627.000 37.017 
628.000 37.017 
629.000 37.017 
630.000 37.017 
631.000 37.772 
632.000 37.632 
633.000 37.642 
634.000 37.652 
635.000 38.417 
636.000 38.287 
637.000 38.307 
638.000 38.327 
639.000 38.347 
640.000 38.367 
641.000 39.268 
642.000 39.124 
643.000 39.156 
644.000 39.188 
645.000 39.219 
646.000 39.251 
647.000 39.283 
648.000 39.314 
649.000 39.346 
650.000 39.378 
651.000 39.409 
652.000 39.441 
653.000 38.592 
654.000 38.787 
655.000 38.807 
656.000 38.827 
657.000 38.847 
658.000 38.867 
659.000 38.887 
660.000 38.152 
661.000 38.312 
662.000 38.322 
663.000 38.332 
664.000 38.342 
665.000 38.352 
666.000 37.607 
667.000 37.757 
668.000 37.757 
669.000 37.757 
670.000 37.757 
671.000 37.757 
672.000 37.002 
673.000 37.142 
674.000 37.132 
675.000 37.122 
676.000 37.867 
677.000 37.717 
678.000 37.717 
679.000 37.717 
680.000 37.717 
681.000 37.717 
682.000 37.717 
683.000 37.717 
684.000 37.717 
685.000 37.717 
686.000 37.717 
687.000 37.717 
688.000 37.717 
689.000 36.962 
690.000 37.857 
691.000 37.707 
692.000 36.952 
693.000 37.092 
694.000 37.082 
695.000 37.072 
696.000 37.062 
697.000 37.052 
698.000 37.042 
699.000 37.032 
700.000 37.022 
701.000 100.000 
702.000 100.000 
703.000 100.000 
704.000 100.000 
705.000 100.000 
706.000 100.000 
707.000 100.000 
708.000 100.000 
709.000 100.000 
710.000 100.000 
711.000 100.000 
712.000 100.000 
713.000 100.000 
714.000 100.000 
715.000 100.000 
716.000 100.000 
717.000 100.000 
718.000 100.000 
719.000 100.000 
720.000 100.000 
721.000 100.000 
722.000 100.000 
723.000 100.000 
724.000 100.000 
725.000 100.000 
726.000 100.000 
727.000 100.000 
728.000 100.000 
729.000 100.000 
730.000 100.000 
731.000 100.000 
732.000 100.000 
733.000 100.000 
734.000 100.000 
735.000 100.000 
736.000 100.000 
737.000 100.000 
738.000 100.000 
739.000 100.000 
740.000 100.000 
741.000 100.000 
742.000 100.000 
743.000 100.000 
744.000 100.000 
745.000 100.000 
746.000 100.000 
747.000 100.000 
748.000 100.000 
749.000 100.000 
750.000 100.000 
751.000 100.000 
752.000 100.000 
753.000 100.000 
754.000 100.000 
755.000 100.000 
756.000 100.000 
757.000 100.000 
758.000 100.000 
759.000 100.000 
760.000 100.000 
761.000 100.000 
762.000 100.000 
763.000 100.000 
764.000 100.000 
765.000 100.000 
766.000 100.000 
767.000 100.000 
768.000 100.000 
769.000 100.000 
770.000 100.000 
771.000 100.000 
772.000 100.000 
773.000 100.000 
774.000 100.000 
775.000 100.000 
776.000 100.000 
777.000 100.000 
778.000 100.000 
779.000 100.000 
780.000 100.000 
781.000 100.000 
782.000 100.000 
783.000 100.000 
784.000 100.000 
785.000 100.000 
786.000 100.000 
787.000 100.000 
788.000 100.000 
789.000 100.000 
790.000 100.000 
791.000 99.403 
792.000 98.677 
793.000 97.160 
794.000 96.402 
795.000 95.634 
796.000 94.831 
797.000 93.137 
798.000 92.477 
799.000 91.632 
800.000 90.777 
801.000 89.786 
802.000 88.934 
803.000 88.047 
804.000 87.151 
805.000 86.118 
806.000 85.225 
807.000 84.297 
808.000 83.358 
809.000 83.165 
810.000 81.941 
811.000 81.006 
812.000 80.036 
813.000 79.056 
814.000 78.821 
815.000 77.555 
816.000 76.578 
817.000 76.322 
818.000 75.160 
819.000 74.893 
820.000 74.477 
821.000 73.305 
822.000 73.028 
823.000 72.602 
824.000 72.175 
825.000 71.748 
826.000 71.322 
827.000 70.895 
828.000 71.223 
829.000 69.902 
830.000 70.380 
831.000 69.813 
832.000 69.397 
833.000 68.980 
834.000 68.563 
835.000 68.147 
836.000 67.730 
837.000 67.313 
838.000 66.897 
839.000 67.235 
840.000 66.678 
841.000 66.272 
842.000 66.620 
843.000 66.073 
844.000 66.557 
845.000 65.997 
846.000 66.367 
847.000 65.842 
848.000 66.222 
849.000 66.462 
850.000 66.838 
851.000 66.320 
852.000 66.732 
853.000 67.003 
854.000 66.530 
855.000 66.962 
856.000 67.379 
857.000 67.657 
858.000 67.216 
859.000 67.679 
860.000 68.002 
861.000 68.462 
862.000 68.782 
863.000 68.382 
864.000 68.887 
865.000 69.252 
866.000 69.752 
867.000 69.359 
868.000 69.141 
869.000 69.677 
870.000 69.319 
871.000 69.866 
872.000 70.272 
873.000 69.934 
874.000 70.627 
875.000 70.275 
876.000 70.853 
877.000 70.537 
878.000 71.125 
879.000 70.818 
880.000 70.662 
881.000 71.260 
882.000 70.963 
883.000 70.817 
884.000 71.551 
885.000 71.241 
886.000 71.861 
887.000 71.586 
888.000 71.461 
889.000 72.091 
890.000 71.826 
891.000 71.711 
892.000 71.596 
893.000 71.481 
894.000 72.121 
895.000 71.866 
896.000 71.761 
897.000 71.656 
898.000 71.551 
899.000 71.446 
900.000 71.341 
901.000 71.236 
902.000 71.131 
903.000 71.026 
904.000 70.921 
905.000 70.816 
906.000 70.711 
907.000 70.606 
908.000 70.501 
909.000 71.277 
910.000 71.008 
911.000 70.915 
912.000 70.822 
913.000 70.728 
914.000 70.635 
915.000 70.542 
916.000 69.567 
917.000 69.637 
918.000 69.532 
919.000 69.427 
920.000 69.322 
921.000 69.217 
922.000 69.112 
923.000 69.007 
924.000 68.902 
925.000 68.797 
926.000 68.692 
927.000 68.587 
928.000 68.482 
929.000 68.377 
930.000 68.272 
931.000 68.167 
932.000 68.062 
933.000 68.838 
934.000 68.570 
935.000 68.477 
936.000 68.383 
937.000 68.290 
938.000 68.952 
939.000 68.718 
940.000 68.635 
941.000 68.552 
942.000 68.468 
943.000 68.385 
944.000 68.302 
945.000 68.218 
946.000 68.135 
947.000 67.297 
948.000 67.353 
949.000 67.260 
950.000 67.167 
951.000 67.073 
952.000 66.980 
953.000 66.887 
954.000 66.793 
955.000 67.455 
956.000 66.467 
957.000 67.278 
958.000 66.290 
959.000 67.102 
960.000 66.868 
961.000 66.785 
962.000 66.702 
963.000 66.618 
964.000 66.535 
965.000 67.207 
966.000 66.983 
967.000 66.910 
968.000 66.082 
969.000 66.148 
970.000 66.065 
971.000 65.982 
972.000 65.898 
973.000 65.815 
974.000 65.732 
975.000 65.648 
976.000 65.565 
977.000 65.482 
978.000 65.398 
979.000 65.315 
980.000 65.232 
981.000 65.148 
982.000 65.065 
983.000 64.982 
984.000 64.898 
985.000 64.815 
986.000 64.732 
987.000 65.403 
988.000 65.180 
989.000 65.107 
990.000 65.033 
991.000 64.960 
992.000 65.642 
993.000 65.428 
994.000 66.246 
995.000 66.019 
996.000 65.967 
997.000 66.671 
998.000 66.479 
999.000 66.437 
1000.000 67.151 
1001.000 66.969 
1002.000 66.937 
1003.000 66.906 
1004.000 67.629 
1005.000 67.457 
1006.000 67.436 
1007.000 67.414 
1008.000 68.273 
1009.000 68.088 
1010.000 68.078 
1011.000 68.823 
1012.000 68.673 
1013.000 68.673 
1014.000 68.673 
1015.000 68.673 
1016.000 68.673 
1017.000 68.673 
1018.000 69.428 
1019.000 68.533 
1020.000 68.683 
1021.000 68.683 
1022.000 68.683 
1023.000 68.683 
1024.000 68.683 
1025.000 68.683 
1026.000 68.683 
1027.000 68.683 
1028.000 68.683 
1029.000 68.683 
1030.000 68.683 
1031.000 68.683 
1032.000 68.683 
1033.000 68.683 
1034.000 68.683 
1035.000 68.683 
1036.000 67.928 
1037.000 68.068 
1038.000 68.058 
1039.000 68.048 
1040.000 68.038 
1041.000 68.028 
1042.000 68.018 
1043.000 68.008 
1044.000 67.998 
1045.000 67.988 
1046.000 67.978 
1047.000 67.968 
1048.000 67.958 
1049.000 67.948 
1050.000 67.938 
1051.000 0.000 
1052.000 0.000 
1053.000 0.000 
1054.000 0.000 
1055.000 0.000 
1056.000 0.000 
1057.000 0.000 
1058.000 0.000 
1059.000 0.000 
1060.000 0.000 
1061.000 0.000 
1062.000 0.000 
1063.000 0.000 
1064.000 0.000 
1065.000 0.000 
1066.000 0.000 
1067.000 0.000 
1068.000 0.000 
1069.000 0.000 
1070.000 0.000 
1071.000 0.000 
1072.000 0.000 
1073.000 0.000 
1074.000 0.000 
1075.000 0.000 
1076.000 0.000 
1077.000 0.000 
1078.000 0.000 
1079.000 0.000 
1080.000 0.000 
1081.000 0.000 
1082.000 0.000 
1083.000 0.000 
1084.000 0.000 
1085.000 0.000 
1086.000 0.000 
1087.000 0.000 
1088.000 0.000 
1089.000 0.000 
1090.000 0.000 
1091.000 0.000 
1092.000 0.000 
1093.000 0.000 
1094.000 0.000 
1095.000 0.000 
1096.000 0.000 
1097.000 0.000 
1098.000 0.000 
1099.000 0.000 
1100.000 0.000 
1101.000 0.000 
1102.000 0.000 
1103.000 0.000 
1104.000 0.000 
1105.000 0.000 
1106.000 0.000 
1107.000 0.000 
1108.000 0.000 
1109.000 0.000 
1110.000 0.000 
1111.000 0.000 
1112.000 0.000 
1113.000 0.000 
1114.000 0.000 
1115.000 0.000 
1116.000 0.000 
1117.000 0.000 
1118.000 0.000 
1119.000 0.000 
1120.000 0.000 
1121.000 0.000 
1122.000 0.000 
1123.000 0.000 
1124.000 0.000 
1125.000 0.000 
1126.000 0.000 
1127.000 0.000 
1128.000 0.000 
1129.000 0.000 
1130.000 0.000 
1131.000 0.000 
1132.000 0.000 
1133.000 0.000 
1134.000 0.000 
1135.000 0.000 
1136.000 0.000 
1137.000 0.000 
1138.000 0.000 
1139.000 0.000 
1140.000 0.000 
1141.000 0.000 
1142.000 0.000 
1143.000 0.000 
1144.000 0.000 
1145.000 0.000 
1146.000 0.000 
1147.000 0.000 
1148.000 0.000 
1149.000 0.000 
1150.000 0.000 
1151.000 0.000 
1152.000 0.000 
1153.000 0.000 
1154.000 0.000 
1155.000 0.000 
1156.000 0.000 
1157.000 0.000 
1158.000 0.000 
1159.000 0.000 
1160.000 0.000 
1161.000 0.000 
1162.000 0.000 
1163.000 0.000 
1164.000 0.000 
1165.000 0.000 
1166.000 0.000 
1167.000 0.000 
1168.000 0.000 
1169.000 0.000 
1170.000 0.000 
1171.000 0.000 
1172.000 0.000 
1173.000 0.000 
1174.000 0.000 
1175.000 0.000 
1176.000 0.000 
1177.000 0.000 
1178.000 0.000 
1179.000 0.000 
1180.000 0.000 
1181.000 0.000 
1182.000 0.000 
1183.000 0.000 
1184.000 0.000 
1185.000 0.000 
1186.000 0.000 
1187.000 0.000 
1188.000 0.000 
1189.000 0.000 
1190.000 0.000 
1191.000 0.000 
1192.000 0.000 
1193.000 0.000 
1194.000 0.000 
1195.000 0.000 
1196.000 0.000 
1197.000 0.000 
1198.000 0.000 
1199.000 0.000 
1200.000 0.000 
1201.000 0.000 
1202.000 0.000 
1203.000 0.000 
1204.000 0.000 
1205.000 0.000 
1206.000 0.000 
1207.000 0.000 
1208.000 0.000 
1209.000 0.000 
1210.000 0.000 
1211.000 0.000 
1212.000 0.000 
1213.000 0.000 
1214.000 0.000 
1215.000 0.000 
1216.000 0.000 
1217.000 0.000 
1218.000 0.000 
1219.000 0.000 
1220.000 0.000 
1221.000 0.000 
1222.000 0.000 
1223.000 0.000 
1224.000 0.000 
1225.000 0.000 
1226.000 0.000 
1227.000 0.000 
1228.000 0.000 
1229.000 0.000 
1230.000 0.000 
1231.000 0.000 
1232.000 0.000 
1233.000 0.000 
1234.000 0.000 
1235.000 0.000 
1236.000 0.089 
1237.000 1.469 
1238.000 1.954 
1239.000 2.589 
1240.000 3.979 
1241.000 4.474 
1242.000 5.119 
1243.000 5.764 
1244.000 7.290 
1245.000 7.772 
1246.000 8.428 
1247.000 9.840 
1248.000 10.357 
1249.000 11.778 
1250.000 12.305 
1251.000 12.982 
1252.000 13.658 
1253.000 15.090 
1254.000 15.627 
1255.000 16.313 
1256.000 17.000 
1257.000 18.568 
1258.000 19.091 
1259.000 19.789 
1260.000 20.488 
1261.000 21.186 
1262.000 22.639 
1263.000 23.198 
1264.000 23.906 
1265.000 24.614 
1266.000 25.323 
1267.000 26.031 
1268.000 26.739 
1269.000 27.448 
1270.000 28.156 
1271.000 28.109 
1272.000 28.958 
1273.000 29.656 
1274.000 29.473 
1275.000 30.335 
1276.000 31.022 
1277.000 30.953 
1278.000 31.780 
1279.000 31.702 
1280.000 31.763 
1281.000 31.689 
1282.000 32.509 
1283.000 32.399 
1284.000 32.429 
1285.000 32.449 
1286.000 32.333 
1287.000 32.357 
1288.000 32.345 
1289.000 32.323 
1290.000 32.166 
1291.000 31.393 
1292.000 32.234 
1293.000 31.140 
1294.000 31.230 
1295.000 31.135 
1296.000 31.030 
1297.000 30.034 
1298.000 30.073 
1299.000 29.926 
1300.000 28.888 
1301.000 28.885 
1302.000 27.816 
1303.000 27.781 
1304.000 27.561 
1305.000 27.331 
1306.000 26.965 
1307.000 25.983 
1308.000 25.862 
1309.000 25.454 
1310.000 25.186 
1311.000 24.883 
1312.000 24.569 
1313.000 24.120 
1314.000 23.810 
1315.000 23.465 
1316.000 23.110 
1317.000 23.500 
1318.000 22.859 
1319.000 22.508 
1320.000 22.121 
1321.000 22.479 
1322.000 21.933 
1323.000 22.281 
1324.000 21.598 
1325.000 21.960 
1326.000 21.392 
1327.000 21.718 
1328.000 21.140 
1329.000 21.457 
1330.000 21.623 
1331.000 21.790 
1332.000 21.957 
1333.000 22.123 
1334.000 22.290 
1335.000 22.457 
1336.000 21.868 
1337.000 22.175 
1338.000 22.332 
1339.000 23.243 
1340.000 23.260 
1341.000 23.427 
1342.000 23.593 
1343.000 23.760 
1344.000 23.927 
1345.000 24.093 
1346.000 24.260 
1347.000 24.427 
1348.000 24.593 
1349.000 24.760 
1350.000 24.927 
1351.000 25.093 
1352.000 25.260 
1353.000 26.182 
1354.000 26.208 
1355.000 26.385 
1356.000 26.562 
1357.000 26.738 
1358.000 26.915 
1359.000 26.337 
1360.000 27.408 
1361.000 27.435 
1362.000 26.857 
1363.000 27.173 
1364.000 27.340 
1365.000 27.507 
1366.000 27.673 
1367.000 27.840 
1368.000 27.252 
1369.000 27.558 
1370.000 27.715 
1371.000 27.872 
1372.000 28.028 
1373.000 28.185 
1374.000 28.342 
1375.000 27.618 
1376.000 27.938 
1377.000 28.083 
1378.000 28.228 
1379.000 28.373 
1380.000 27.763 
1381.000 28.048 
1382.000 28.183 
1383.000 28.318 
1384.000 28.453 
1385.000 27.833 
1386.000 28.108 
1387.000 28.233 
1388.000 27.603 
1389.000 27.868 
1390.000 27.983 
1391.000 27.217 
1392.000 27.495 
1393.000 27.598 
1394.000 26.947 
1395.000 27.190 
1396.000 27.283 
1397.000 26.622 
1398.000 26.855 
1399.000 26.938 
1400.000 27.022 
