1.000 31.870 
2.000 31.870 
3.000 32.430 
4.000 32.430 
5.000 32.430 
6.000 32.430 
7.000 32.430 
8.000 32.430 
9.000 32.430 
10.000 32.430 
11.000 32.370 
12.000 32.370 
13.000 32.370 
14.000 32.370 
15.000 32.370 
16.000 32.310 
17.000 32.310 
18.000 32.310 
19.000 32.250 
20.000 32.250 
21.000 32.180 
22.000 32.180 
23.000 32.120 
24.000 32.120 
25.000 32.120 
26.000 32.060 
27.000 32.060 
28.000 32.060 
29.000 32.000 
30.000 32.000 
31.000 31.930 
32.000 31.930 
33.000 31.930 
34.000 31.930 
35.000 31.870 
36.000 31.870 
37.000 31.870 
38.000 31.870 
39.000 31.810 
40.000 31.810 
41.000 31.810 
42.000 31.810 
43.000 31.810 
44.000 31.810 
45.000 31.750 
46.000 31.750 
47.000 31.750 
48.000 31.750 
49.000 31.750 
50.000 31.750 
51.000 31.750 
52.000 31.750 
53.000 31.750 
54.000 31.750 
55.000 31.750 
56.000 31.750 
57.000 31.750 
58.000 31.810 
59.000 31.810 
60.000 31.810 
61.000 31.810 
62.000 31.810 
63.000 31.870 
64.000 31.870 
65.000 31.870 
66.000 31.870 
67.000 31.870 
68.000 31.870 
69.000 31.870 
70.000 31.870 
71.000 31.930 
72.000 31.930 
73.000 31.930 
74.000 31.930 
75.000 31.930 
76.000 31.930 
77.000 31.930 
78.000 31.930 
79.000 31.930 
80.000 31.930 
81.000 31.930 
82.000 31.930 
83.000 31.930 
84.000 31.930 
85.000 31.930 
86.000 31.930 
87.000 31.930 
88.000 31.870 
89.000 31.870 
90.000 31.870 
91.000 31.870 
92.000 31.870 
93.000 31.870 
94.000 31.870 
95.000 31.870 
96.000 31.810 
97.000 31.810 
98.000 31.810 
99.000 31.810 
100.000 31.810 
101.000 31.870 
102.000 31.810 
103.000 31.810 
104.000 31.810 
105.000 31.810 
106.000 31.810 
107.000 31.810 
108.000 31.810 
109.000 31.870 
110.000 31.870 
111.000 31.870 
112.000 31.870 
113.000 31.870 
114.000 31.870 
115.000 31.870 
116.000 31.870 
117.000 31.870 
118.000 31.870 
119.000 31.870 
120.000 31.870 
121.000 31.870 
122.000 31.930 
123.000 31.930 
124.000 31.930 
125.000 31.930 
126.000 31.930 
127.000 31.930 
128.000 31.930 
129.000 31.930 
130.000 31.930 
131.000 31.930 
132.000 31.930 
133.000 31.930 
134.000 31.930 
135.000 31.930 
136.000 31.930 
137.000 31.930 
138.000 31.930 
139.000 31.930 
140.000 31.930 
141.000 31.930 
142.000 31.930 
143.000 31.930 
144.000 31.930 
145.000 31.870 
146.000 31.870 
147.000 31.870 
148.000 31.870 
149.000 31.870 
150.000 31.870 
151.000 31.870 
152.000 31.870 
153.000 31.870 
154.000 31.810 
155.000 31.810 
156.000 31.810 
157.000 31.810 
158.000 31.810 
159.000 31.810 
160.000 31.810 
161.000 31.810 
162.000 31.810 
163.000 31.810 
164.000 31.810 
165.000 31.810 
166.000 31.810 
167.000 31.810 
168.000 31.810 
169.000 31.810 
170.000 31.810 
171.000 31.810 
172.000 31.810 
173.000 31.810 
174.000 31.810 
175.000 31.810 
176.000 31.810 
177.000 31.810 
178.000 31.810 
179.000 31.810 
180.000 31.810 
181.000 31.870 
182.000 31.870 
183.000 31.870 
184.000 31.870 
185.000 31.870 
186.000 31.870 
187.000 31.870 
188.000 31.870 
189.000 31.870 
190.000 31.870 
191.000 31.930 
192.000 31.930 
193.000 31.930 
194.000 31.930 
195.000 31.870 
196.000 31.870 
197.000 31.870 
198.000 31.870 
199.000 31.870 
200.000 31.930 
201.000 31.870 
202.000 31.870 
203.000 31.870 
204.000 31.870 
205.000 31.870 
206.000 31.870 
207.000 31.870 
208.000 31.870 
209.000 31.930 
210.000 31.930 
211.000 31.930 
212.000 31.930 
213.000 31.930 
214.000 31.870 
215.000 31.870 
216.000 31.870 
217.000 31.930 
218.000 31.930 
219.000 31.870 
220.000 31.870 
221.000 31.870 
222.000 31.870 
223.000 31.870 
224.000 31.870 
225.000 31.870 
226.000 31.870 
227.000 31.810 
228.000 31.810 
229.000 31.810 
230.000 31.870 
231.000 31.870 
232.000 31.870 
233.000 31.870 
234.000 31.870 
235.000 31.870 
236.000 31.870 
237.000 31.870 
238.000 31.870 
239.000 31.870 
240.000 31.870 
241.000 31.870 
242.000 31.930 
243.000 31.930 
244.000 31.930 
245.000 31.870 
246.000 31.870 
247.000 31.870 
248.000 31.870 
249.000 31.870 
250.000 31.870 
251.000 31.870 
252.000 31.870 
253.000 31.870 
254.000 31.870 
255.000 31.870 
256.000 31.870 
257.000 31.870 
258.000 31.810 
259.000 31.810 
260.000 31.810 
261.000 31.810 
262.000 31.810 
263.000 31.810 
264.000 31.810 
265.000 31.750 
266.000 31.750 
267.000 31.810 
268.000 31.750 
269.000 31.750 
270.000 31.750 
271.000 31.750 
272.000 31.750 
273.000 31.750 
274.000 31.750 
275.000 31.750 
276.000 31.750 
277.000 31.750 
278.000 31.750 
279.000 31.750 
280.000 31.750 
281.000 31.750 
282.000 31.750 
283.000 31.750 
284.000 31.750 
285.000 31.750 
286.000 31.750 
287.000 31.750 
288.000 31.810 
289.000 31.810 
290.000 31.810 
291.000 31.810 
292.000 31.870 
293.000 31.870 
294.000 31.870 
295.000 31.870 
296.000 31.870 
297.000 31.870 
298.000 31.870 
299.000 31.870 
300.000 31.870 
301.000 31.930 
302.000 31.930 
303.000 31.930 
304.000 31.930 
305.000 31.930 
306.000 31.930 
307.000 31.930 
308.000 31.930 
309.000 31.930 
310.000 31.930 
311.000 31.930 
312.000 31.930 
313.000 31.930 
314.000 31.930 
315.000 31.930 
316.000 31.930 
317.000 31.930 
318.000 31.930 
319.000 31.930 
320.000 31.930 
321.000 31.930 
322.000 31.930 
323.000 31.930 
324.000 31.930 
325.000 31.930 
326.000 31.930 
327.000 31.930 
328.000 31.870 
329.000 31.870 
330.000 31.870 
331.000 31.870 
332.000 31.870 
333.000 31.870 
334.000 31.930 
335.000 31.930 
336.000 31.870 
337.000 31.930 
338.000 31.930 
339.000 31.930 
340.000 31.930 
341.000 31.870 
342.000 31.930 
343.000 31.930 
344.000 31.930 
345.000 31.930 
346.000 31.930 
347.000 31.870 
348.000 31.930 
349.000 31.930 
350.000 31.870 
351.000 31.930 
352.000 31.930 
353.000 31.930 
354.000 31.930 
355.000 31.930 
356.000 31.930 
357.000 31.930 
358.000 32.000 
359.000 32.000 
360.000 32.000 
361.000 32.060 
362.000 32.120 
363.000 32.180 
364.000 32.310 
365.000 32.370 
366.000 32.500 
367.000 32.560 
368.000 32.680 
369.000 32.810 
370.000 33.000 
371.000 33.120 
372.000 33.250 
373.000 33.430 
374.000 33.560 
375.000 33.750 
376.000 33.930 
377.000 34.060 
378.000 34.250 
379.000 34.430 
380.000 34.620 
381.000 34.810 
382.000 35.000 
383.000 35.180 
384.000 35.370 
385.000 35.560 
386.000 35.680 
387.000 35.870 
388.000 36.000 
389.000 36.180 
390.000 36.310 
391.000 36.500 
392.000 36.620 
393.000 36.750 
394.000 36.930 
395.000 37.060 
396.000 37.180 
397.000 37.310 
398.000 37.430 
399.000 37.560 
400.000 37.680 
401.000 37.810 
402.000 37.930 
403.000 38.000 
404.000 38.120 
405.000 38.180 
406.000 38.250 
407.000 38.370 
408.000 38.430 
409.000 38.500 
410.000 38.560 
411.000 38.620 
412.000 38.620 
413.000 38.680 
414.000 38.680 
415.000 38.750 
416.000 38.750 
417.000 38.750 
418.000 38.680 
419.000 38.680 
420.000 38.680 
421.000 38.620 
422.000 38.620 
423.000 38.560 
424.000 38.500 
425.000 38.430 
426.000 38.370 
427.000 38.310 
428.000 38.250 
429.000 38.180 
430.000 38.120 
431.000 38.060 
432.000 38.000 
433.000 37.930 
434.000 37.870 
435.000 37.750 
436.000 37.680 
437.000 37.620 
438.000 37.560 
439.000 37.500 
440.000 37.430 
441.000 37.370 
442.000 37.310 
443.000 37.250 
444.000 37.180 
445.000 37.120 
446.000 37.060 
447.000 37.060 
448.000 37.000 
449.000 36.930 
450.000 36.930 
451.000 36.870 
452.000 36.810 
453.000 36.750 
454.000 36.750 
455.000 36.680 
456.000 36.680 
457.000 36.620 
458.000 36.620 
459.000 36.560 
460.000 36.560 
461.000 36.560 
462.000 36.560 
463.000 36.560 
464.000 36.560 
465.000 36.560 
466.000 36.560 
467.000 36.560 
468.000 36.560 
469.000 36.560 
470.000 36.560 
471.000 36.620 
472.000 36.620 
473.000 36.620 
474.000 36.680 
475.000 36.680 
476.000 36.680 
477.000 36.680 
478.000 36.750 
479.000 36.750 
480.000 36.750 
481.000 36.810 
482.000 36.810 
483.000 36.870 
484.000 36.870 
485.000 36.930 
486.000 36.930 
487.000 36.930 
488.000 37.000 
489.000 37.000 
490.000 37.000 
491.000 37.060 
492.000 37.060 
493.000 37.060 
494.000 37.060 
495.000 37.120 
496.000 37.120 
497.000 37.120 
498.000 37.180 
499.000 37.180 
500.000 37.180 
501.000 37.180 
502.000 37.250 
503.000 37.180 
504.000 37.180 
505.000 37.180 
506.000 37.180 
507.000 37.180 
508.000 37.180 
509.000 37.180 
510.000 37.180 
511.000 37.180 
512.000 37.180 
513.000 37.120 
514.000 37.120 
515.000 37.120 
516.000 37.120 
517.000 37.120 
518.000 37.120 
519.000 37.060 
520.000 37.060 
521.000 37.060 
522.000 37.060 
523.000 37.060 
524.000 37.000 
525.000 37.060 
526.000 37.060 
527.000 37.000 
528.000 37.000 
529.000 37.000 
530.000 37.000 
531.000 36.930 
532.000 36.930 
533.000 36.930 
534.000 36.870 
535.000 36.870 
536.000 36.870 
537.000 36.810 
538.000 36.810 
539.000 36.810 
540.000 36.810 
541.000 36.750 
542.000 36.750 
543.000 36.750 
544.000 36.750 
545.000 36.680 
546.000 36.680 
547.000 36.680 
548.000 36.680 
549.000 36.680 
550.000 36.680 
551.000 36.680 
552.000 36.680 
553.000 36.680 
554.000 36.680 
555.000 36.680 
556.000 36.680 
557.000 36.680 
558.000 36.750 
559.000 36.750 
560.000 36.750 
561.000 36.750 
562.000 36.750 
563.000 36.750 
564.000 36.750 
565.000 36.750 
566.000 36.750 
567.000 36.810 
568.000 36.810 
569.000 36.810 
570.000 36.810 
571.000 36.810 
572.000 36.870 
573.000 36.870 
574.000 36.870 
575.000 36.930 
576.000 36.930 
577.000 36.930 
578.000 36.930 
579.000 37.000 
580.000 37.000 
581.000 37.000 
582.000 37.060 
583.000 37.060 
584.000 37.120 
585.000 37.120 
586.000 37.180 
587.000 37.180 
588.000 37.180 
589.000 37.250 
590.000 37.250 
591.000 37.250 
592.000 37.250 
593.000 37.310 
594.000 37.310 
595.000 37.310 
596.000 37.310 
597.000 37.310 
598.000 37.310 
599.000 37.310 
600.000 37.310 
601.000 37.310 
602.000 37.310 
603.000 37.310 
604.000 37.310 
605.000 37.250 
606.000 37.250 
607.000 37.250 
608.000 37.250 
609.000 37.180 
610.000 37.180 
611.000 37.120 
612.000 37.120 
613.000 37.120 
614.000 37.120 
615.000 37.060 
616.000 37.060 
617.000 37.060 
618.000 37.000 
619.000 37.000 
620.000 37.000 
621.000 37.000 
622.000 36.930 
623.000 36.930 
624.000 36.930 
625.000 36.930 
626.000 36.870 
627.000 36.870 
628.000 36.870 
629.000 36.870 
630.000 36.870 
631.000 36.810 
632.000 36.810 
633.000 36.810 
634.000 36.810 
635.000 36.750 
636.000 36.750 
637.000 36.750 
638.000 36.750 
639.000 36.750 
640.000 36.750 
641.000 36.680 
642.000 36.680 
643.000 36.680 
644.000 36.680 
645.000 36.680 
646.000 36.680 
647.000 36.680 
648.000 36.680 
649.000 36.680 
650.000 36.680 
651.000 36.680 
652.000 36.680 
653.000 36.750 
654.000 36.750 
655.000 36.750 
656.000 36.750 
657.000 36.750 
658.000 36.750 
659.000 36.750 
660.000 36.810 
661.000 36.810 
662.000 36.810 
663.000 36.810 
664.000 36.810 
665.000 36.810 
666.000 36.870 
667.000 36.870 
668.000 36.870 
669.000 36.870 
670.000 36.870 
671.000 36.870 
672.000 36.930 
673.000 36.930 
674.000 36.930 
675.000 36.930 
676.000 36.870 
677.000 36.870 
678.000 36.870 
679.000 36.870 
680.000 36.870 
681.000 36.870 
682.000 36.870 
683.000 36.870 
684.000 36.870 
685.000 36.870 
686.000 36.870 
687.000 36.870 
688.000 36.870 
689.000 36.930 
690.000 36.870 
691.000 36.870 
692.000 36.930 
693.000 36.930 
694.000 36.930 
695.000 36.930 
696.000 36.930 
697.000 36.930 
698.000 36.930 
699.000 36.930 
700.000 36.930 
701.000 36.930 
702.000 36.930 
703.000 36.930 
704.000 36.930 
705.000 36.930 
706.000 36.930 
707.000 36.930 
708.000 36.930 
709.000 37.000 
710.000 37.060 
711.000 37.120 
712.000 37.180 
713.000 37.250 
714.000 37.370 
715.000 37.430 
716.000 37.560 
717.000 37.680 
718.000 37.870 
719.000 38.000 
720.000 38.120 
721.000 38.250 
722.000 38.430 
723.000 38.620 
724.000 38.750 
725.000 38.930 
726.000 39.120 
727.000 39.310 
728.000 39.430 
729.000 39.620 
730.000 39.810 
731.000 39.930 
732.000 40.120 
733.000 40.250 
734.000 40.430 
735.000 40.560 
736.000 40.750 
737.000 40.870 
738.000 41.060 
739.000 41.180 
740.000 41.370 
741.000 41.500 
742.000 41.680 
743.000 41.870 
744.000 42.060 
745.000 42.180 
746.000 42.370 
747.000 42.500 
748.000 42.680 
749.000 42.810 
750.000 43.000 
751.000 43.180 
752.000 43.310 
753.000 43.500 
754.000 43.620 
755.000 43.810 
756.000 43.930 
757.000 44.060 
758.000 44.250 
759.000 44.370 
760.000 44.560 
761.000 44.680 
762.000 44.810 
763.000 44.930 
764.000 45.060 
765.000 45.180 
766.000 45.370 
767.000 45.430 
768.000 45.620 
769.000 45.750 
770.000 45.810 
771.000 45.930 
772.000 46.060 
773.000 46.180 
774.000 46.250 
775.000 46.370 
776.000 46.500 
777.000 46.560 
778.000 46.680 
779.000 46.810 
780.000 46.870 
781.000 46.930 
782.000 47.060 
783.000 47.120 
784.000 47.180 
785.000 47.310 
786.000 47.370 
787.000 47.500 
788.000 47.560 
789.000 47.620 
790.000 47.680 
791.000 47.750 
792.000 47.810 
793.000 47.930 
794.000 48.000 
795.000 48.060 
796.000 48.120 
797.000 48.250 
798.000 48.310 
799.000 48.370 
800.000 48.430 
801.000 48.500 
802.000 48.560 
803.000 48.620 
804.000 48.680 
805.000 48.750 
806.000 48.810 
807.000 48.870 
808.000 48.930 
809.000 48.930 
810.000 49.000 
811.000 49.060 
812.000 49.120 
813.000 49.180 
814.000 49.180 
815.000 49.250 
816.000 49.310 
817.000 49.310 
818.000 49.370 
819.000 49.370 
820.000 49.370 
821.000 49.430 
822.000 49.430 
823.000 49.430 
824.000 49.430 
825.000 49.430 
826.000 49.430 
827.000 49.430 
828.000 49.370 
829.000 49.430 
830.000 49.370 
831.000 49.370 
832.000 49.370 
833.000 49.370 
834.000 49.370 
835.000 49.370 
836.000 49.370 
837.000 49.370 
838.000 49.370 
839.000 49.310 
840.000 49.310 
841.000 49.310 
842.000 49.250 
843.000 49.250 
844.000 49.180 
845.000 49.180 
846.000 49.120 
847.000 49.120 
848.000 49.060 
849.000 49.000 
850.000 48.930 
851.000 48.930 
852.000 48.870 
853.000 48.810 
854.000 48.810 
855.000 48.750 
856.000 48.680 
857.000 48.620 
858.000 48.620 
859.000 48.560 
860.000 48.500 
861.000 48.430 
862.000 48.370 
863.000 48.370 
864.000 48.310 
865.000 48.250 
866.000 48.180 
867.000 48.180 
868.000 48.180 
869.000 48.120 
870.000 48.120 
871.000 48.060 
872.000 48.000 
873.000 48.000 
874.000 47.930 
875.000 47.930 
876.000 47.870 
877.000 47.870 
878.000 47.810 
879.000 47.810 
880.000 47.810 
881.000 47.750 
882.000 47.750 
883.000 47.750 
884.000 47.680 
885.000 47.680 
886.000 47.620 
887.000 47.620 
888.000 47.620 
889.000 47.560 
890.000 47.560 
891.000 47.560 
892.000 47.560 
893.000 47.560 
894.000 47.500 
895.000 47.500 
896.000 47.500 
897.000 47.500 
898.000 47.500 
899.000 47.500 
900.000 47.500 
901.000 47.500 
902.000 47.500 
903.000 47.500 
904.000 47.500 
905.000 47.500 
906.000 47.500 
907.000 47.500 
908.000 47.500 
909.000 47.430 
910.000 47.430 
911.000 47.430 
912.000 47.430 
913.000 47.430 
914.000 47.430 
915.000 47.430 
916.000 47.500 
917.000 47.500 
918.000 47.500 
919.000 47.500 
920.000 47.500 
921.000 47.500 
922.000 47.500 
923.000 47.500 
924.000 47.500 
925.000 47.500 
926.000 47.500 
927.000 47.500 
928.000 47.500 
929.000 47.500 
930.000 47.500 
931.000 47.500 
932.000 47.500 
933.000 47.430 
934.000 47.430 
935.000 47.430 
936.000 47.430 
937.000 47.430 
938.000 47.370 
939.000 47.370 
940.000 47.370 
941.000 47.370 
942.000 47.370 
943.000 47.370 
944.000 47.370 
945.000 47.370 
946.000 47.370 
947.000 47.430 
948.000 47.430 
949.000 47.430 
950.000 47.430 
951.000 47.430 
952.000 47.430 
953.000 47.430 
954.000 47.430 
955.000 47.370 
956.000 47.430 
957.000 47.370 
958.000 47.430 
959.000 47.370 
960.000 47.370 
961.000 47.370 
962.000 47.370 
963.000 47.370 
964.000 47.370 
965.000 47.310 
966.000 47.310 
967.000 47.310 
968.000 47.370 
969.000 47.370 
970.000 47.370 
971.000 47.370 
972.000 47.370 
973.000 47.370 
974.000 47.370 
975.000 47.370 
976.000 47.370 
977.000 47.370 
978.000 47.370 
979.000 47.370 
980.000 47.370 
981.000 47.370 
982.000 47.370 
983.000 47.370 
984.000 47.370 
985.000 47.370 
986.000 47.370 
987.000 47.310 
988.000 47.310 
989.000 47.310 
990.000 47.310 
991.000 47.310 
992.000 47.250 
993.000 47.250 
994.000 47.180 
995.000 47.180 
996.000 47.180 
997.000 47.120 
998.000 47.120 
999.000 47.120 
1000.000 47.060 
1001.000 47.060 
1002.000 47.060 
1003.000 47.060 
1004.000 47.000 
1005.000 47.000 
1006.000 47.000 
1007.000 47.000 
1008.000 46.930 
1009.000 46.930 
1010.000 46.930 
1011.000 46.870 
1012.000 46.870 
1013.000 46.870 
1014.000 46.870 
1015.000 46.870 
1016.000 46.870 
1017.000 46.870 
1018.000 46.810 
1019.000 46.870 
1020.000 46.870 
1021.000 46.870 
1022.000 46.870 
1023.000 46.870 
1024.000 46.870 
1025.000 46.870 
1026.000 46.870 
1027.000 46.870 
1028.000 46.870 
1029.000 46.870 
1030.000 46.870 
1031.000 46.870 
1032.000 46.870 
1033.000 46.870 
1034.000 46.870 
1035.000 46.870 
1036.000 46.930 
1037.000 46.930 
1038.000 46.930 
1039.000 46.930 
1040.000 46.930 
1041.000 46.930 
1042.000 46.930 
1043.000 46.930 
1044.000 46.930 
1045.000 46.930 
1046.000 46.930 
1047.000 46.930 
1048.000 46.930 
1049.000 46.930 
1050.000 46.930 
1051.000 46.930 
1052.000 47.000 
1053.000 46.930 
1054.000 47.000 
1055.000 47.000 
1056.000 46.930 
1057.000 46.930 
1058.000 46.930 
1059.000 46.870 
1060.000 46.870 
1061.000 46.810 
1062.000 46.750 
1063.000 46.620 
1064.000 46.560 
1065.000 46.430 
1066.000 46.310 
1067.000 46.180 
1068.000 46.000 
1069.000 45.870 
1070.000 45.680 
1071.000 45.500 
1072.000 45.310 
1073.000 45.120 
1074.000 44.930 
1075.000 44.680 
1076.000 44.500 
1077.000 44.310 
1078.000 44.120 
1079.000 43.870 
1080.000 43.680 
1081.000 43.500 
1082.000 43.250 
1083.000 43.060 
1084.000 42.870 
1085.000 42.620 
1086.000 42.430 
1087.000 42.250 
1088.000 42.060 
1089.000 41.810 
1090.000 41.620 
1091.000 41.370 
1092.000 41.180 
1093.000 41.000 
1094.000 40.750 
1095.000 40.560 
1096.000 40.370 
1097.000 40.120 
1098.000 39.930 
1099.000 39.750 
1100.000 39.560 
1101.000 39.370 
1102.000 39.180 
1103.000 39.000 
1104.000 38.810 
1105.000 38.620 
1106.000 38.370 
1107.000 38.180 
1108.000 38.000 
1109.000 37.870 
1110.000 37.680 
1111.000 37.500 
1112.000 37.310 
1113.000 37.120 
1114.000 37.000 
1115.000 36.810 
1116.000 36.620 
1117.000 36.500 
1118.000 36.370 
1119.000 36.250 
1120.000 36.060 
1121.000 35.930 
1122.000 35.810 
1123.000 35.680 
1124.000 35.560 
1125.000 35.370 
1126.000 35.250 
1127.000 35.120 
1128.000 35.000 
1129.000 34.870 
1130.000 34.750 
1131.000 34.620 
1132.000 34.500 
1133.000 34.370 
1134.000 34.250 
1135.000 34.120 
1136.000 34.060 
1137.000 33.930 
1138.000 33.810 
1139.000 33.750 
1140.000 33.620 
1141.000 33.560 
1142.000 33.430 
1143.000 33.370 
1144.000 33.250 
1145.000 33.120 
1146.000 33.060 
1147.000 32.930 
1148.000 32.870 
1149.000 32.810 
1150.000 32.680 
1151.000 32.620 
1152.000 32.500 
1153.000 32.430 
1154.000 32.310 
1155.000 32.250 
1156.000 32.180 
1157.000 32.060 
1158.000 32.000 
1159.000 31.930 
1160.000 31.870 
1161.000 31.750 
1162.000 31.680 
1163.000 31.620 
1164.000 31.500 
1165.000 31.430 
1166.000 31.370 
1167.000 31.310 
1168.000 31.180 
1169.000 31.180 
1170.000 31.120 
1171.000 31.060 
1172.000 31.000 
1173.000 30.930 
1174.000 30.870 
1175.000 30.810 
1176.000 30.750 
1177.000 30.680 
1178.000 30.560 
1179.000 30.500 
1180.000 30.500 
1181.000 30.430 
1182.000 30.310 
1183.000 30.310 
1184.000 30.250 
1185.000 30.180 
1186.000 30.120 
1187.000 30.060 
1188.000 30.000 
1189.000 30.000 
1190.000 29.930 
1191.000 29.870 
1192.000 29.810 
1193.000 29.810 
1194.000 29.750 
1195.000 29.680 
1196.000 29.620 
1197.000 29.560 
1198.000 29.500 
1199.000 29.500 
1200.000 29.430 
1201.000 29.370 
1202.000 29.370 
1203.000 29.310 
1204.000 29.250 
1205.000 29.180 
1206.000 29.180 
1207.000 29.120 
1208.000 29.120 
1209.000 29.060 
1210.000 29.000 
1211.000 28.930 
1212.000 28.930 
1213.000 28.870 
1214.000 28.870 
1215.000 28.810 
1216.000 28.750 
1217.000 28.750 
1218.000 28.680 
1219.000 28.620 
1220.000 28.620 
1221.000 28.560 
1222.000 28.500 
1223.000 28.500 
1224.000 28.430 
1225.000 28.430 
1226.000 28.370 
1227.000 28.370 
1228.000 28.310 
1229.000 28.310 
1230.000 28.250 
1231.000 28.250 
1232.000 28.180 
1233.000 28.180 
1234.000 28.120 
1235.000 28.120 
1236.000 28.120 
1237.000 28.060 
1238.000 28.060 
1239.000 28.060 
1240.000 28.000 
1241.000 28.000 
1242.000 28.000 
1243.000 28.000 
1244.000 27.930 
1245.000 27.930 
1246.000 27.930 
1247.000 27.870 
1248.000 27.870 
1249.000 27.810 
1250.000 27.810 
1251.000 27.810 
1252.000 27.810 
1253.000 27.750 
1254.000 27.750 
1255.000 27.750 
1256.000 27.750 
1257.000 27.680 
1258.000 27.680 
1259.000 27.680 
1260.000 27.680 
1261.000 27.680 
1262.000 27.620 
1263.000 27.620 
1264.000 27.620 
1265.000 27.620 
1266.000 27.620 
1267.000 27.620 
1268.000 27.620 
1269.000 27.620 
1270.000 27.620 
1271.000 27.680 
1272.000 27.680 
1273.000 27.680 
1274.000 27.750 
1275.000 27.750 
1276.000 27.750 
1277.000 27.810 
1278.000 27.810 
1279.000 27.870 
1280.000 27.930 
1281.000 28.000 
1282.000 28.000 
1283.000 28.060 
1284.000 28.120 
1285.000 28.180 
1286.000 28.250 
1287.000 28.310 
1288.000 28.370 
1289.000 28.430 
1290.000 28.500 
1291.000 28.620 
1292.000 28.620 
1293.000 28.750 
1294.000 28.810 
1295.000 28.870 
1296.000 28.930 
1297.000 29.060 
1298.000 29.120 
1299.000 29.180 
1300.000 29.310 
1301.000 29.370 
1302.000 29.500 
1303.000 29.560 
1304.000 29.620 
1305.000 29.680 
1306.000 29.750 
1307.000 29.870 
1308.000 29.930 
1309.000 30.000 
1310.000 30.060 
1311.000 30.120 
1312.000 30.180 
1313.000 30.250 
1314.000 30.310 
1315.000 30.370 
1316.000 30.430 
1317.000 30.430 
1318.000 30.500 
1319.000 30.560 
1320.000 30.620 
1321.000 30.620 
1322.000 30.680 
1323.000 30.680 
1324.000 30.750 
1325.000 30.750 
1326.000 30.810 
1327.000 30.810 
1328.000 30.870 
1329.000 30.870 
1330.000 30.870 
1331.000 30.870 
1332.000 30.870 
1333.000 30.870 
1334.000 30.870 
1335.000 30.870 
1336.000 30.930 
1337.000 30.930 
1338.000 30.930 
1339.000 30.870 
1340.000 30.870 
1341.000 30.870 
1342.000 30.870 
1343.000 30.870 
1344.000 30.870 
1345.000 30.870 
1346.000 30.870 
1347.000 30.870 
1348.000 30.870 
1349.000 30.870 
1350.000 30.870 
1351.000 30.870 
1352.000 30.870 
1353.000 30.810 
1354.000 30.810 
1355.000 30.810 
1356.000 30.810 
1357.000 30.810 
1358.000 30.810 
1359.000 30.870 
1360.000 30.810 
1361.000 30.810 
1362.000 30.870 
1363.000 30.870 
1364.000 30.870 
1365.000 30.870 
1366.000 30.870 
1367.000 30.870 
1368.000 30.930 
1369.000 30.930 
1370.000 30.930 
1371.000 30.930 
1372.000 30.930 
1373.000 30.930 
1374.000 30.930 
1375.000 31.000 
1376.000 31.000 
1377.000 31.000 
1378.000 31.000 
1379.000 31.000 
1380.000 31.060 
1381.000 31.060 
1382.000 31.060 
1383.000 31.060 
1384.000 31.060 
1385.000 31.120 
1386.000 31.120 
1387.000 31.120 
1388.000 31.180 
1389.000 31.180 
1390.000 31.180 
1391.000 31.250 
1392.000 31.250 
1393.000 31.250 
1394.000 31.310 
1395.000 31.310 
1396.000 31.310 
1397.000 31.370 
1398.000 31.370 
1399.000 31.370 
1400.000 31.370 
