1.000 0.000 
2.000 0.000 
3.000 0.000 
4.000 0.000 
5.000 0.000 
6.000 0.000 
7.000 -0.027 
8.000 -0.041 
9.000 -0.045 
10.000 -0.045 
11.000 -0.041 
12.000 -0.035 
13.000 -0.030 
14.000 -0.028 
15.000 -0.027 
16.000 -0.030 
17.000 -0.035 
18.000 -0.041 
19.000 -0.046 
20.000 -0.051 
21.000 -0.054 
22.000 -0.056 
23.000 -0.056 
24.000 -0.057 
25.000 -0.057 
26.000 -0.057 
27.000 -0.058 
28.000 -0.060 
29.000 -0.062 
30.000 -0.065 
31.000 -0.068 
32.000 -0.070 
33.000 -0.072 
34.000 -0.074 
35.000 -0.076 
36.000 -0.077 
37.000 -0.078 
38.000 -0.079 
39.000 -0.081 
40.000 -0.082 
41.000 -0.084 
42.000 -0.086 
43.000 -0.088 
44.000 -0.090 
45.000 -0.091 
46.000 -0.093 
47.000 -0.094 
48.000 -0.096 
49.000 -0.097 
50.000 -0.099 
51.000 -0.100 
52.000 -0.102 
53.000 -0.103 
54.000 -0.105 
55.000 -0.106 
56.000 -0.108 
57.000 -0.109 
58.000 -0.111 
59.000 -0.112 
60.000 -0.114 
61.000 -0.115 
62.000 -0.117 
63.000 -0.118 
64.000 -0.119 
65.000 -0.121 
66.000 -0.122 
67.000 -0.124 
68.000 -0.125 
69.000 -0.126 
70.000 -0.128 
71.000 -0.129 
72.000 -0.130 
73.000 -0.132 
74.000 -0.133 
75.000 -0.134 
76.000 -0.136 
77.000 -0.137 
78.000 -0.138 
79.000 -0.139 
80.000 -0.141 
81.000 -0.142 
82.000 -0.143 
83.000 -0.145 
84.000 -0.146 
85.000 -0.147 
86.000 -0.148 
87.000 -0.150 
88.000 -0.151 
89.000 -0.152 
90.000 -0.153 
91.000 -0.154 
92.000 -0.156 
93.000 -0.157 
94.000 -0.158 
95.000 -0.159 
96.000 -0.160 
97.000 -0.162 
98.000 -0.163 
99.000 -0.164 
100.000 -0.165 
101.000 -0.166 
102.000 -0.167 
103.000 -0.168 
104.000 -0.170 
105.000 -0.171 
106.000 -0.172 
107.000 -0.173 
108.000 -0.174 
109.000 -0.175 
110.000 -0.176 
111.000 -0.177 
112.000 -0.178 
113.000 -0.180 
114.000 -0.181 
115.000 -0.182 
116.000 -0.183 
117.000 -0.184 
118.000 -0.185 
119.000 -0.186 
120.000 -0.187 
121.000 -0.177 
122.000 -0.172 
123.000 -0.171 
124.000 -0.172 
125.000 -0.175 
126.000 -0.178 
127.000 -0.181 
128.000 -0.183 
129.000 -0.183 
130.000 -0.183 
131.000 -0.182 
132.000 -0.180 
133.000 -0.179 
134.000 -0.178 
135.000 -0.178 
136.000 -0.178 
137.000 -0.179 
138.000 -0.180 
139.000 -0.180 
140.000 -0.181 
141.000 -0.181 
142.000 -0.181 
143.000 -0.180 
144.000 -0.180 
145.000 -0.180 
146.000 -0.180 
147.000 -0.180 
148.000 -0.180 
149.000 -0.180 
150.000 -0.180 
151.000 -0.180 
152.000 -0.180 
153.000 -0.180 
154.000 -0.180 
155.000 -0.180 
156.000 -0.180 
157.000 -0.180 
158.000 -0.180 
159.000 -0.180 
160.000 -0.180 
161.000 -0.180 
162.000 -0.180 
163.000 -0.181 
164.000 -0.181 
165.000 -0.181 
166.000 -0.181 
167.000 -0.181 
168.000 -0.181 
169.000 -0.181 
170.000 -0.181 
171.000 -0.181 
172.000 -0.181 
173.000 -0.181 
174.000 -0.181 
175.000 -0.181 
176.000 -0.181 
177.000 -0.181 
178.000 -0.181 
179.000 -0.181 
180.000 -0.181 
181.000 -0.181 
182.000 -0.181 
183.000 -0.181 
184.000 -0.181 
185.000 -0.181 
186.000 -0.181 
187.000 -0.181 
188.000 -0.181 
189.000 -0.181 
190.000 -0.181 
191.000 -0.181 
192.000 -0.181 
193.000 -0.181 
194.000 -0.181 
195.000 -0.181 
196.000 -0.181 
197.000 -0.181 
198.000 -0.181 
199.000 -0.181 
200.000 -0.181 
201.000 -0.181 
202.000 -0.181 
203.000 -0.181 
204.000 -0.182 
205.000 -0.182 
206.000 -0.182 
207.000 -0.182 
208.000 -0.182 
209.000 -0.182 
210.000 -0.182 
211.000 -0.182 
212.000 -0.182 
213.000 -0.182 
214.000 -0.182 
215.000 -0.182 
216.000 -0.182 
217.000 -0.182 
218.000 -0.182 
219.000 -0.182 
220.000 -0.182 
221.000 -0.182 
222.000 -0.182 
223.000 -0.182 
224.000 -0.182 
225.000 -0.182 
226.000 -0.182 
227.000 -0.182 
228.000 -0.182 
229.000 -0.182 
230.000 -0.182 
231.000 -0.182 
232.000 -0.182 
233.000 -0.182 
234.000 -0.182 
235.000 -0.182 
236.000 -0.182 
237.000 -0.182 
238.000 -0.182 
239.000 -0.182 
240.000 -0.182 
241.000 -0.117 
242.000 -0.084 
243.000 -0.072 
244.000 -0.074 
245.000 -0.084 
246.000 -0.096 
247.000 -0.106 
248.000 -0.111 
249.000 -0.110 
250.000 -0.102 
251.000 -0.089 
252.000 -0.075 
253.000 -0.062 
254.000 -0.052 
255.000 -0.045 
256.000 -0.041 
257.000 -0.039 
258.000 -0.038 
259.000 -0.037 
260.000 -0.034 
261.000 -0.031 
262.000 -0.025 
263.000 -0.019 
264.000 -0.012 
265.000 -0.006 
266.000 0.000 
267.000 0.006 
268.000 0.010 
269.000 0.014 
270.000 0.017 
271.000 0.021 
272.000 0.024 
273.000 0.028 
274.000 0.032 
275.000 0.036 
276.000 0.041 
277.000 0.045 
278.000 0.050 
279.000 0.054 
280.000 0.058 
281.000 0.061 
282.000 0.065 
283.000 0.068 
284.000 0.071 
285.000 0.074 
286.000 0.078 
287.000 0.081 
288.000 0.084 
289.000 0.088 
290.000 0.091 
291.000 0.094 
292.000 0.097 
293.000 0.100 
294.000 0.103 
295.000 0.105 
296.000 0.108 
297.000 0.111 
298.000 0.113 
299.000 0.116 
300.000 0.118 
301.000 0.121 
302.000 0.123 
303.000 0.125 
304.000 0.128 
305.000 0.130 
306.000 0.132 
307.000 0.134 
308.000 0.136 
309.000 0.138 
310.000 0.140 
311.000 0.142 
312.000 0.143 
313.000 0.145 
314.000 0.147 
315.000 0.148 
316.000 0.150 
317.000 0.152 
318.000 0.153 
319.000 0.155 
320.000 0.156 
321.000 0.157 
322.000 0.159 
323.000 0.160 
324.000 0.161 
325.000 0.163 
326.000 0.164 
327.000 0.165 
328.000 0.166 
329.000 0.167 
330.000 0.168 
331.000 0.169 
332.000 0.170 
333.000 0.171 
334.000 0.172 
335.000 0.173 
336.000 0.174 
337.000 0.175 
338.000 0.176 
339.000 0.176 
340.000 0.177 
341.000 0.178 
342.000 0.179 
343.000 0.179 
344.000 0.180 
345.000 0.181 
346.000 0.181 
347.000 0.182 
348.000 0.182 
349.000 0.183 
350.000 0.183 
351.000 0.184 
352.000 0.184 
353.000 0.185 
354.000 0.185 
355.000 0.186 
356.000 0.186 
357.000 0.187 
358.000 0.187 
359.000 0.188 
360.000 0.188 
361.000 0.310 
362.000 0.373 
363.000 0.395 
364.000 0.392 
365.000 0.375 
366.000 0.348 
367.000 0.319 
368.000 0.293 
369.000 0.275 
370.000 0.268 
371.000 0.273 
372.000 0.288 
373.000 0.312 
374.000 0.339 
375.000 0.366 
376.000 0.388 
377.000 0.402 
378.000 0.407 
379.000 0.403 
380.000 0.394 
381.000 0.381 
382.000 0.367 
383.000 0.355 
384.000 0.347 
385.000 0.345 
386.000 0.348 
387.000 0.356 
388.000 0.367 
389.000 0.380 
390.000 0.393 
391.000 0.403 
392.000 0.409 
393.000 0.411 
394.000 0.409 
395.000 0.403 
396.000 0.396 
397.000 0.389 
398.000 0.382 
399.000 0.378 
400.000 0.376 
401.000 0.377 
402.000 0.381 
403.000 0.386 
404.000 0.393 
405.000 0.399 
406.000 0.404 
407.000 0.407 
408.000 0.409 
409.000 0.408 
410.000 0.405 
411.000 0.401 
412.000 0.397 
413.000 0.393 
414.000 0.390 
415.000 0.389 
416.000 0.389 
417.000 0.391 
418.000 0.393 
419.000 0.397 
420.000 0.400 
421.000 0.403 
422.000 0.405 
423.000 0.406 
424.000 0.405 
425.000 0.404 
426.000 0.402 
427.000 0.399 
428.000 0.397 
429.000 0.396 
430.000 0.395 
431.000 0.394 
432.000 0.395 
433.000 0.397 
434.000 0.398 
435.000 0.400 
436.000 0.402 
437.000 0.403 
438.000 0.403 
439.000 0.403 
440.000 0.402 
441.000 0.401 
442.000 0.400 
443.000 0.399 
444.000 0.398 
445.000 0.397 
446.000 0.397 
447.000 0.397 
448.000 0.398 
449.000 0.399 
450.000 0.400 
451.000 0.401 
452.000 0.401 
453.000 0.402 
454.000 0.402 
455.000 0.402 
456.000 0.401 
457.000 0.400 
458.000 0.400 
459.000 0.399 
460.000 0.399 
461.000 0.398 
462.000 0.399 
463.000 0.399 
464.000 0.399 
465.000 0.400 
466.000 0.400 
467.000 0.401 
468.000 0.401 
469.000 0.401 
470.000 0.401 
471.000 0.401 
472.000 0.400 
473.000 0.400 
474.000 0.400 
475.000 0.399 
476.000 0.399 
477.000 0.399 
478.000 0.399 
479.000 0.400 
480.000 0.400 
481.000 0.912 
482.000 1.000 
483.000 1.000 
484.000 1.000 
485.000 1.000 
486.000 1.000 
487.000 1.000 
488.000 1.000 
489.000 1.000 
490.000 1.000 
491.000 0.947 
492.000 0.801 
493.000 0.715 
494.000 0.676 
495.000 0.671 
496.000 0.689 
497.000 0.723 
498.000 0.769 
499.000 0.822 
500.000 0.874 
501.000 0.918 
502.000 0.948 
503.000 0.960 
504.000 0.953 
505.000 0.930 
506.000 0.894 
507.000 0.851 
508.000 0.805 
509.000 0.763 
510.000 0.729 
511.000 0.706 
512.000 0.696 
513.000 0.699 
514.000 0.716 
515.000 0.743 
516.000 0.777 
517.000 0.813 
518.000 0.847 
519.000 0.873 
520.000 0.890 
521.000 0.894 
522.000 0.887 
523.000 0.870 
524.000 0.846 
525.000 0.818 
526.000 0.790 
527.000 0.766 
528.000 0.747 
529.000 0.735 
530.000 0.732 
531.000 0.738 
532.000 0.751 
533.000 0.770 
534.000 0.792 
535.000 0.814 
536.000 0.834 
537.000 0.848 
538.000 0.856 
539.000 0.856 
540.000 0.850 
541.000 0.838 
542.000 0.822 
543.000 0.804 
544.000 0.788 
545.000 0.773 
546.000 0.763 
547.000 0.758 
548.000 0.759 
549.000 0.764 
550.000 0.774 
551.000 0.786 
552.000 0.800 
553.000 0.813 
554.000 0.824 
555.000 0.831 
556.000 0.834 
557.000 0.833 
558.000 0.828 
559.000 0.820 
560.000 0.809 
561.000 0.799 
562.000 0.789 
563.000 0.781 
564.000 0.776 
565.000 0.774 
566.000 0.775 
567.000 0.780 
568.000 0.786 
569.000 0.794 
570.000 0.803 
571.000 0.811 
572.000 0.816 
573.000 0.820 
574.000 0.821 
575.000 0.819 
576.000 0.815 
577.000 0.810 
578.000 0.803 
579.000 0.797 
580.000 0.791 
581.000 0.787 
582.000 0.784 
583.000 0.784 
584.000 0.785 
585.000 0.789 
586.000 0.793 
587.000 0.798 
588.000 0.803 
589.000 0.808 
590.000 0.811 
591.000 0.813 
592.000 0.813 
593.000 0.811 
594.000 0.808 
595.000 0.805 
596.000 0.801 
597.000 0.797 
598.000 0.793 
599.000 0.791 
600.000 0.790 
601.000 1.000 
602.000 1.000 
603.000 1.000 
604.000 1.000 
605.000 1.000 
606.000 1.000 
607.000 1.000 
608.000 1.000 
609.000 1.000 
610.000 1.000 
611.000 1.000 
612.000 1.000 
613.000 1.000 
614.000 1.000 
615.000 1.000 
616.000 1.000 
617.000 1.000 
618.000 1.000 
619.000 1.000 
620.000 1.000 
621.000 1.000 
622.000 1.000 
623.000 1.000 
624.000 1.000 
625.000 1.000 
626.000 1.000 
627.000 1.000 
628.000 1.000 
629.000 1.000 
630.000 1.000 
631.000 1.000 
632.000 1.000 
633.000 1.000 
634.000 1.000 
635.000 1.000 
636.000 1.000 
637.000 1.000 
638.000 1.000 
639.000 1.000 
640.000 1.000 
641.000 1.000 
642.000 1.000 
643.000 1.000 
644.000 1.000 
645.000 1.000 
646.000 1.000 
647.000 1.000 
648.000 1.000 
649.000 1.000 
650.000 1.000 
651.000 1.000 
652.000 1.000 
653.000 1.000 
654.000 1.000 
655.000 1.000 
656.000 1.000 
657.000 1.000 
658.000 1.000 
659.000 1.000 
660.000 1.000 
661.000 1.000 
662.000 1.000 
663.000 1.000 
664.000 1.000 
665.000 1.000 
666.000 1.000 
667.000 1.000 
668.000 1.000 
669.000 1.000 
670.000 1.000 
671.000 1.000 
672.000 1.000 
673.000 1.000 
674.000 1.000 
675.000 1.000 
676.000 1.000 
677.000 1.000 
678.000 1.000 
679.000 1.000 
680.000 1.000 
681.000 1.000 
682.000 1.000 
683.000 1.000 
684.000 1.000 
685.000 1.000 
686.000 1.000 
687.000 1.000 
688.000 1.000 
689.000 1.000 
690.000 1.000 
691.000 1.000 
692.000 1.000 
693.000 1.000 
694.000 1.000 
695.000 1.000 
696.000 1.000 
697.000 1.000 
698.000 1.000 
699.000 1.000 
700.000 1.000 
701.000 1.000 
702.000 1.000 
703.000 1.000 
704.000 1.000 
705.000 1.000 
706.000 1.000 
707.000 1.000 
708.000 1.000 
709.000 1.000 
710.000 1.000 
711.000 1.000 
712.000 1.000 
713.000 1.000 
714.000 1.000 
715.000 1.000 
716.000 1.000 
717.000 1.000 
718.000 1.000 
719.000 1.000 
720.000 1.000 
721.000 1.000 
722.000 1.000 
723.000 1.000 
724.000 1.000 
725.000 1.000 
726.000 1.000 
727.000 1.000 
728.000 1.000 
729.000 1.000 
730.000 1.000 
731.000 1.000 
732.000 1.000 
733.000 1.000 
734.000 1.000 
735.000 1.000 
736.000 1.000 
737.000 1.000 
738.000 1.000 
739.000 1.000 
740.000 1.000 
741.000 1.000 
742.000 1.000 
743.000 1.000 
744.000 1.000 
745.000 1.000 
746.000 1.000 
747.000 1.000 
748.000 1.000 
749.000 1.000 
750.000 1.000 
751.000 1.000 
752.000 1.000 
753.000 1.000 
754.000 1.000 
755.000 1.000 
756.000 1.000 
757.000 1.000 
758.000 1.000 
759.000 1.000 
760.000 1.000 
761.000 1.000 
762.000 1.000 
763.000 1.000 
764.000 1.000 
765.000 1.000 
766.000 1.000 
767.000 1.000 
768.000 1.000 
769.000 1.000 
770.000 1.000 
771.000 1.000 
772.000 1.000 
773.000 1.000 
774.000 1.000 
775.000 1.000 
776.000 1.000 
777.000 1.000 
778.000 1.000 
779.000 1.000 
780.000 1.000 
781.000 1.000 
782.000 1.000 
783.000 1.000 
784.000 1.000 
785.000 1.000 
786.000 1.000 
787.000 1.000 
788.000 1.000 
789.000 1.000 
790.000 1.000 
791.000 1.000 
792.000 1.000 
793.000 1.000 
794.000 1.000 
795.000 1.000 
796.000 1.000 
797.000 1.000 
798.000 1.000 
799.000 1.000 
800.000 1.000 
