1.000 0.000 
2.000 0.000 
3.000 0.000 
4.000 0.000 
5.000 0.000 
6.000 0.000 
7.000 -0.012 
8.000 -0.023 
9.000 -0.033 
10.000 -0.040 
11.000 -0.045 
12.000 -0.048 
13.000 -0.049 
14.000 -0.048 
15.000 -0.046 
16.000 -0.044 
17.000 -0.042 
18.000 -0.041 
19.000 -0.041 
20.000 -0.042 
21.000 -0.045 
22.000 -0.048 
23.000 -0.052 
24.000 -0.057 
25.000 -0.061 
26.000 -0.066 
27.000 -0.069 
28.000 -0.072 
29.000 -0.074 
30.000 -0.075 
31.000 -0.076 
32.000 -0.076 
33.000 -0.076 
34.000 -0.077 
35.000 -0.078 
36.000 -0.079 
37.000 -0.081 
38.000 -0.083 
39.000 -0.085 
40.000 -0.088 
41.000 -0.090 
42.000 -0.093 
43.000 -0.095 
44.000 -0.097 
45.000 -0.099 
46.000 -0.101 
47.000 -0.102 
48.000 -0.103 
49.000 -0.105 
50.000 -0.106 
51.000 -0.107 
52.000 -0.109 
53.000 -0.110 
54.000 -0.112 
55.000 -0.113 
56.000 -0.115 
57.000 -0.117 
58.000 -0.119 
59.000 -0.120 
60.000 -0.122 
61.000 -0.124 
62.000 -0.125 
63.000 -0.127 
64.000 -0.128 
65.000 -0.129 
66.000 -0.131 
67.000 -0.132 
68.000 -0.133 
69.000 -0.135 
70.000 -0.136 
71.000 -0.138 
72.000 -0.139 
73.000 -0.141 
74.000 -0.142 
75.000 -0.143 
76.000 -0.145 
77.000 -0.146 
78.000 -0.148 
79.000 -0.149 
80.000 -0.150 
81.000 -0.152 
82.000 -0.153 
83.000 -0.154 
84.000 -0.156 
85.000 -0.157 
86.000 -0.158 
87.000 -0.159 
88.000 -0.161 
89.000 -0.162 
90.000 -0.163 
91.000 -0.165 
92.000 -0.166 
93.000 -0.167 
94.000 -0.168 
95.000 -0.170 
96.000 -0.171 
97.000 -0.172 
98.000 -0.173 
99.000 -0.175 
100.000 -0.176 
101.000 -0.177 
102.000 -0.178 
103.000 -0.179 
104.000 -0.181 
105.000 -0.182 
106.000 -0.183 
107.000 -0.184 
108.000 -0.185 
109.000 -0.187 
110.000 -0.188 
111.000 -0.189 
112.000 -0.190 
113.000 -0.191 
114.000 -0.192 
115.000 -0.193 
116.000 -0.195 
117.000 -0.196 
118.000 -0.197 
119.000 -0.198 
120.000 -0.199 
121.000 -0.195 
122.000 -0.191 
123.000 -0.188 
124.000 -0.186 
125.000 -0.185 
126.000 -0.185 
127.000 -0.185 
128.000 -0.187 
129.000 -0.188 
130.000 -0.190 
131.000 -0.192 
132.000 -0.193 
133.000 -0.194 
134.000 -0.194 
135.000 -0.193 
136.000 -0.193 
137.000 -0.192 
138.000 -0.191 
139.000 -0.190 
140.000 -0.190 
141.000 -0.189 
142.000 -0.189 
143.000 -0.189 
144.000 -0.189 
145.000 -0.190 
146.000 -0.190 
147.000 -0.190 
148.000 -0.191 
149.000 -0.191 
150.000 -0.191 
151.000 -0.191 
152.000 -0.191 
153.000 -0.191 
154.000 -0.191 
155.000 -0.190 
156.000 -0.190 
157.000 -0.190 
158.000 -0.190 
159.000 -0.190 
160.000 -0.190 
161.000 -0.190 
162.000 -0.190 
163.000 -0.190 
164.000 -0.190 
165.000 -0.190 
166.000 -0.190 
167.000 -0.190 
168.000 -0.190 
169.000 -0.190 
170.000 -0.190 
171.000 -0.190 
172.000 -0.190 
173.000 -0.190 
174.000 -0.190 
175.000 -0.190 
176.000 -0.190 
177.000 -0.190 
178.000 -0.190 
179.000 -0.190 
180.000 -0.190 
181.000 -0.190 
182.000 -0.190 
183.000 -0.190 
184.000 -0.190 
185.000 -0.190 
186.000 -0.190 
187.000 -0.190 
188.000 -0.190 
189.000 -0.190 
190.000 -0.190 
191.000 -0.190 
192.000 -0.190 
193.000 -0.190 
194.000 -0.190 
195.000 -0.190 
196.000 -0.190 
197.000 -0.190 
198.000 -0.190 
199.000 -0.190 
200.000 -0.190 
201.000 -0.190 
202.000 -0.190 
203.000 -0.190 
204.000 -0.190 
205.000 -0.190 
206.000 -0.190 
207.000 -0.190 
208.000 -0.189 
209.000 -0.189 
210.000 -0.189 
211.000 -0.189 
212.000 -0.189 
213.000 -0.189 
214.000 -0.189 
215.000 -0.189 
216.000 -0.189 
217.000 -0.189 
218.000 -0.189 
219.000 -0.189 
220.000 -0.189 
221.000 -0.189 
222.000 -0.189 
223.000 -0.189 
224.000 -0.189 
225.000 -0.189 
226.000 -0.189 
227.000 -0.189 
228.000 -0.189 
229.000 -0.189 
230.000 -0.189 
231.000 -0.189 
232.000 -0.189 
233.000 -0.189 
234.000 -0.189 
235.000 -0.189 
236.000 -0.189 
237.000 -0.189 
238.000 -0.189 
239.000 -0.189 
240.000 -0.189 
241.000 -0.159 
242.000 -0.132 
243.000 -0.109 
244.000 -0.091 
245.000 -0.079 
246.000 -0.072 
247.000 -0.069 
248.000 -0.070 
249.000 -0.074 
250.000 -0.078 
251.000 -0.081 
252.000 -0.082 
253.000 -0.081 
254.000 -0.077 
255.000 -0.070 
256.000 -0.061 
257.000 -0.051 
258.000 -0.040 
259.000 -0.029 
260.000 -0.019 
261.000 -0.011 
262.000 -0.004 
263.000 0.001 
264.000 0.005 
265.000 0.007 
266.000 0.009 
267.000 0.011 
268.000 0.013 
269.000 0.016 
270.000 0.020 
271.000 0.024 
272.000 0.029 
273.000 0.035 
274.000 0.041 
275.000 0.047 
276.000 0.053 
277.000 0.058 
278.000 0.064 
279.000 0.068 
280.000 0.072 
281.000 0.075 
282.000 0.078 
283.000 0.081 
284.000 0.083 
285.000 0.086 
286.000 0.088 
287.000 0.091 
288.000 0.094 
289.000 0.098 
290.000 0.101 
291.000 0.105 
292.000 0.109 
293.000 0.112 
294.000 0.116 
295.000 0.119 
296.000 0.122 
297.000 0.124 
298.000 0.127 
299.000 0.129 
300.000 0.131 
301.000 0.133 
302.000 0.134 
303.000 0.136 
304.000 0.138 
305.000 0.140 
306.000 0.142 
307.000 0.144 
308.000 0.146 
309.000 0.149 
310.000 0.151 
311.000 0.153 
312.000 0.155 
313.000 0.156 
314.000 0.158 
315.000 0.159 
316.000 0.161 
317.000 0.162 
318.000 0.163 
319.000 0.164 
320.000 0.165 
321.000 0.166 
322.000 0.167 
323.000 0.168 
324.000 0.170 
325.000 0.171 
326.000 0.172 
327.000 0.173 
328.000 0.174 
329.000 0.175 
330.000 0.176 
331.000 0.177 
332.000 0.178 
333.000 0.179 
334.000 0.179 
335.000 0.180 
336.000 0.181 
337.000 0.181 
338.000 0.182 
339.000 0.182 
340.000 0.183 
341.000 0.183 
342.000 0.184 
343.000 0.185 
344.000 0.185 
345.000 0.186 
346.000 0.187 
347.000 0.187 
348.000 0.188 
349.000 0.188 
350.000 0.188 
351.000 0.189 
352.000 0.189 
353.000 0.189 
354.000 0.190 
355.000 0.190 
356.000 0.190 
357.000 0.191 
358.000 0.191 
359.000 0.191 
360.000 0.191 
361.000 0.248 
362.000 0.299 
363.000 0.342 
364.000 0.375 
365.000 0.399 
366.000 0.412 
367.000 0.414 
368.000 0.406 
369.000 0.389 
370.000 0.367 
371.000 0.342 
372.000 0.318 
373.000 0.297 
374.000 0.282 
375.000 0.275 
376.000 0.277 
377.000 0.289 
378.000 0.309 
379.000 0.336 
380.000 0.366 
381.000 0.396 
382.000 0.424 
383.000 0.446 
384.000 0.460 
385.000 0.466 
386.000 0.462 
387.000 0.449 
388.000 0.430 
389.000 0.406 
390.000 0.379 
391.000 0.354 
392.000 0.332 
393.000 0.316 
394.000 0.307 
395.000 0.308 
396.000 0.317 
397.000 0.336 
398.000 0.360 
399.000 0.388 
400.000 0.417 
401.000 0.444 
402.000 0.465 
403.000 0.478 
404.000 0.482 
405.000 0.477 
406.000 0.464 
407.000 0.443 
408.000 0.417 
409.000 0.390 
410.000 0.362 
411.000 0.338 
412.000 0.320 
413.000 0.310 
414.000 0.309 
415.000 0.318 
416.000 0.336 
417.000 0.361 
418.000 0.390 
419.000 0.420 
420.000 0.448 
421.000 0.471 
422.000 0.485 
423.000 0.490 
424.000 0.486 
425.000 0.472 
426.000 0.450 
427.000 0.423 
428.000 0.394 
429.000 0.364 
430.000 0.338 
431.000 0.318 
432.000 0.307 
433.000 0.305 
434.000 0.313 
435.000 0.331 
436.000 0.357 
437.000 0.387 
438.000 0.419 
439.000 0.449 
440.000 0.474 
441.000 0.490 
442.000 0.496 
443.000 0.492 
444.000 0.478 
445.000 0.456 
446.000 0.428 
447.000 0.397 
448.000 0.366 
449.000 0.337 
450.000 0.315 
451.000 0.302 
452.000 0.299 
453.000 0.307 
454.000 0.325 
455.000 0.351 
456.000 0.383 
457.000 0.417 
458.000 0.450 
459.000 0.476 
460.000 0.494 
461.000 0.502 
462.000 0.499 
463.000 0.485 
464.000 0.462 
465.000 0.433 
466.000 0.400 
467.000 0.367 
468.000 0.336 
469.000 0.312 
470.000 0.297 
471.000 0.293 
472.000 0.300 
473.000 0.318 
474.000 0.345 
475.000 0.379 
476.000 0.415 
477.000 0.449 
478.000 0.478 
479.000 0.498 
480.000 0.508 
481.000 0.742 
482.000 0.941 
483.000 1.000 
484.000 1.000 
485.000 1.000 
486.000 1.000 
487.000 1.000 
488.000 1.000 
489.000 1.000 
490.000 1.000 
491.000 1.000 
492.000 1.000 
493.000 0.990 
494.000 0.869 
495.000 0.755 
496.000 0.654 
497.000 0.571 
498.000 0.510 
499.000 0.474 
500.000 0.467 
501.000 0.493 
502.000 0.552 
503.000 0.642 
504.000 0.758 
505.000 0.890 
506.000 1.000 
507.000 1.000 
508.000 1.000 
509.000 1.000 
510.000 1.000 
511.000 1.000 
512.000 1.000 
513.000 1.000 
514.000 1.000 
515.000 1.000 
516.000 1.000 
517.000 1.000 
518.000 1.000 
519.000 1.000 
520.000 0.884 
521.000 0.751 
522.000 0.630 
523.000 0.527 
524.000 0.446 
525.000 0.393 
526.000 0.375 
527.000 0.395 
528.000 0.459 
529.000 0.564 
530.000 0.705 
531.000 0.869 
532.000 1.000 
533.000 1.000 
534.000 1.000 
535.000 1.000 
536.000 1.000 
537.000 1.000 
538.000 1.000 
539.000 1.000 
540.000 1.000 
541.000 1.000 
542.000 1.000 
543.000 1.000 
544.000 1.000 
545.000 1.000 
546.000 1.000 
547.000 1.000 
548.000 0.901 
549.000 0.757 
550.000 0.629 
551.000 0.522 
552.000 0.441 
553.000 0.391 
554.000 0.377 
555.000 0.403 
556.000 0.472 
557.000 0.583 
558.000 0.729 
559.000 0.896 
560.000 1.000 
561.000 1.000 
562.000 1.000 
563.000 1.000 
564.000 1.000 
565.000 1.000 
566.000 1.000 
567.000 1.000 
568.000 1.000 
569.000 1.000 
570.000 1.000 
571.000 1.000 
572.000 1.000 
573.000 1.000 
574.000 1.000 
575.000 1.000 
576.000 0.922 
577.000 0.778 
578.000 0.650 
579.000 0.543 
580.000 0.462 
581.000 0.411 
582.000 0.395 
583.000 0.417 
584.000 0.481 
585.000 0.585 
586.000 0.723 
587.000 0.883 
588.000 1.000 
589.000 1.000 
590.000 1.000 
591.000 1.000 
592.000 1.000 
593.000 1.000 
594.000 1.000 
595.000 1.000 
596.000 1.000 
597.000 1.000 
598.000 1.000 
599.000 1.000 
600.000 1.000 
601.000 1.000 
602.000 1.000 
603.000 1.000 
604.000 1.000 
605.000 1.000 
606.000 1.000 
607.000 1.000 
608.000 1.000 
609.000 1.000 
610.000 1.000 
611.000 1.000 
612.000 1.000 
613.000 1.000 
614.000 1.000 
615.000 1.000 
616.000 1.000 
617.000 1.000 
618.000 1.000 
619.000 1.000 
620.000 1.000 
621.000 1.000 
622.000 1.000 
623.000 1.000 
624.000 1.000 
625.000 1.000 
626.000 1.000 
627.000 1.000 
628.000 1.000 
629.000 1.000 
630.000 1.000 
631.000 1.000 
632.000 1.000 
633.000 1.000 
634.000 1.000 
635.000 1.000 
636.000 1.000 
637.000 1.000 
638.000 1.000 
639.000 1.000 
640.000 1.000 
641.000 1.000 
642.000 1.000 
643.000 1.000 
644.000 1.000 
645.000 1.000 
646.000 1.000 
647.000 1.000 
648.000 1.000 
649.000 1.000 
650.000 1.000 
651.000 1.000 
652.000 1.000 
653.000 1.000 
654.000 1.000 
655.000 1.000 
656.000 1.000 
657.000 1.000 
658.000 1.000 
659.000 1.000 
660.000 1.000 
661.000 1.000 
662.000 1.000 
663.000 1.000 
664.000 1.000 
665.000 1.000 
666.000 1.000 
667.000 1.000 
668.000 1.000 
669.000 1.000 
670.000 1.000 
671.000 1.000 
672.000 1.000 
673.000 1.000 
674.000 1.000 
675.000 1.000 
676.000 1.000 
677.000 1.000 
678.000 1.000 
679.000 1.000 
680.000 1.000 
681.000 1.000 
682.000 1.000 
683.000 1.000 
684.000 1.000 
685.000 1.000 
686.000 1.000 
687.000 1.000 
688.000 1.000 
689.000 1.000 
690.000 1.000 
691.000 1.000 
692.000 1.000 
693.000 1.000 
694.000 1.000 
695.000 1.000 
696.000 1.000 
697.000 1.000 
698.000 1.000 
699.000 1.000 
700.000 1.000 
701.000 1.000 
702.000 1.000 
703.000 1.000 
704.000 1.000 
705.000 1.000 
706.000 1.000 
707.000 1.000 
708.000 1.000 
709.000 1.000 
710.000 1.000 
711.000 1.000 
712.000 1.000 
713.000 1.000 
714.000 1.000 
715.000 1.000 
716.000 1.000 
717.000 1.000 
718.000 1.000 
719.000 1.000 
720.000 1.000 
721.000 1.000 
722.000 1.000 
723.000 1.000 
724.000 1.000 
725.000 1.000 
726.000 1.000 
727.000 1.000 
728.000 1.000 
729.000 1.000 
730.000 1.000 
731.000 1.000 
732.000 1.000 
733.000 1.000 
734.000 1.000 
735.000 1.000 
736.000 1.000 
737.000 1.000 
738.000 1.000 
739.000 1.000 
740.000 1.000 
741.000 1.000 
742.000 1.000 
743.000 1.000 
744.000 1.000 
745.000 1.000 
746.000 1.000 
747.000 1.000 
748.000 1.000 
749.000 1.000 
750.000 1.000 
751.000 1.000 
752.000 1.000 
753.000 1.000 
754.000 1.000 
755.000 1.000 
756.000 1.000 
757.000 1.000 
758.000 1.000 
759.000 1.000 
760.000 1.000 
761.000 1.000 
762.000 1.000 
763.000 1.000 
764.000 1.000 
765.000 1.000 
766.000 1.000 
767.000 1.000 
768.000 1.000 
769.000 1.000 
770.000 1.000 
771.000 1.000 
772.000 1.000 
773.000 1.000 
774.000 1.000 
775.000 1.000 
776.000 1.000 
777.000 1.000 
778.000 1.000 
779.000 1.000 
780.000 1.000 
781.000 1.000 
782.000 1.000 
783.000 1.000 
784.000 1.000 
785.000 1.000 
786.000 1.000 
787.000 1.000 
788.000 1.000 
789.000 1.000 
790.000 1.000 
791.000 1.000 
792.000 1.000 
793.000 1.000 
794.000 1.000 
795.000 1.000 
796.000 1.000 
797.000 1.000 
798.000 1.000 
799.000 1.000 
800.000 1.000 
