1.000 0.000 
2.000 0.000 
3.000 0.000 
4.000 0.000 
5.000 0.000 
6.000 0.000 
7.000 -0.008 
8.000 -0.014 
9.000 -0.019 
10.000 -0.023 
11.000 -0.025 
12.000 -0.027 
13.000 -0.028 
14.000 -0.029 
15.000 -0.029 
16.000 -0.029 
17.000 -0.030 
18.000 -0.031 
19.000 -0.032 
20.000 -0.033 
21.000 -0.035 
22.000 -0.037 
23.000 -0.039 
24.000 -0.040 
25.000 -0.042 
26.000 -0.044 
27.000 -0.046 
28.000 -0.047 
29.000 -0.049 
30.000 -0.050 
31.000 -0.052 
32.000 -0.053 
33.000 -0.054 
34.000 -0.056 
35.000 -0.057 
36.000 -0.058 
37.000 -0.060 
38.000 -0.061 
39.000 -0.063 
40.000 -0.064 
41.000 -0.065 
42.000 -0.067 
43.000 -0.068 
44.000 -0.070 
45.000 -0.071 
46.000 -0.072 
47.000 -0.074 
48.000 -0.075 
49.000 -0.076 
50.000 -0.077 
51.000 -0.079 
52.000 -0.080 
53.000 -0.081 
54.000 -0.082 
55.000 -0.084 
56.000 -0.085 
57.000 -0.086 
58.000 -0.087 
59.000 -0.089 
60.000 -0.090 
61.000 -0.091 
62.000 -0.092 
63.000 -0.093 
64.000 -0.095 
65.000 -0.096 
66.000 -0.097 
67.000 -0.098 
68.000 -0.099 
69.000 -0.101 
70.000 -0.102 
71.000 -0.103 
72.000 -0.104 
73.000 -0.105 
74.000 -0.106 
75.000 -0.107 
76.000 -0.108 
77.000 -0.110 
78.000 -0.111 
79.000 -0.112 
80.000 -0.113 
81.000 -0.114 
82.000 -0.115 
83.000 -0.116 
84.000 -0.117 
85.000 -0.118 
86.000 -0.119 
87.000 -0.120 
88.000 -0.121 
89.000 -0.123 
90.000 -0.124 
91.000 -0.125 
92.000 -0.126 
93.000 -0.127 
94.000 -0.128 
95.000 -0.129 
96.000 -0.130 
97.000 -0.131 
98.000 -0.132 
99.000 -0.133 
100.000 -0.134 
101.000 -0.135 
102.000 -0.136 
103.000 -0.137 
104.000 -0.138 
105.000 -0.139 
106.000 -0.140 
107.000 -0.141 
108.000 -0.142 
109.000 -0.143 
110.000 -0.144 
111.000 -0.145 
112.000 -0.145 
113.000 -0.146 
114.000 -0.147 
115.000 -0.148 
116.000 -0.149 
117.000 -0.150 
118.000 -0.151 
119.000 -0.152 
120.000 -0.153 
121.000 -0.150 
122.000 -0.149 
123.000 -0.147 
124.000 -0.147 
125.000 -0.147 
126.000 -0.147 
127.000 -0.147 
128.000 -0.148 
129.000 -0.149 
130.000 -0.149 
131.000 -0.150 
132.000 -0.150 
133.000 -0.150 
134.000 -0.151 
135.000 -0.151 
136.000 -0.151 
137.000 -0.151 
138.000 -0.151 
139.000 -0.151 
140.000 -0.151 
141.000 -0.151 
142.000 -0.151 
143.000 -0.151 
144.000 -0.151 
145.000 -0.151 
146.000 -0.151 
147.000 -0.152 
148.000 -0.152 
149.000 -0.152 
150.000 -0.152 
151.000 -0.152 
152.000 -0.152 
153.000 -0.152 
154.000 -0.153 
155.000 -0.153 
156.000 -0.153 
157.000 -0.153 
158.000 -0.153 
159.000 -0.153 
160.000 -0.153 
161.000 -0.153 
162.000 -0.153 
163.000 -0.154 
164.000 -0.154 
165.000 -0.154 
166.000 -0.154 
167.000 -0.154 
168.000 -0.154 
169.000 -0.154 
170.000 -0.154 
171.000 -0.154 
172.000 -0.155 
173.000 -0.155 
174.000 -0.155 
175.000 -0.155 
176.000 -0.155 
177.000 -0.155 
178.000 -0.155 
179.000 -0.155 
180.000 -0.155 
181.000 -0.156 
182.000 -0.156 
183.000 -0.156 
184.000 -0.156 
185.000 -0.156 
186.000 -0.156 
187.000 -0.156 
188.000 -0.156 
189.000 -0.156 
190.000 -0.157 
191.000 -0.157 
192.000 -0.157 
193.000 -0.157 
194.000 -0.157 
195.000 -0.157 
196.000 -0.157 
197.000 -0.157 
198.000 -0.157 
199.000 -0.157 
200.000 -0.158 
201.000 -0.158 
202.000 -0.158 
203.000 -0.158 
204.000 -0.158 
205.000 -0.158 
206.000 -0.158 
207.000 -0.158 
208.000 -0.158 
209.000 -0.158 
210.000 -0.159 
211.000 -0.159 
212.000 -0.159 
213.000 -0.159 
214.000 -0.159 
215.000 -0.159 
216.000 -0.159 
217.000 -0.159 
218.000 -0.159 
219.000 -0.159 
220.000 -0.160 
221.000 -0.160 
222.000 -0.160 
223.000 -0.160 
224.000 -0.160 
225.000 -0.160 
226.000 -0.160 
227.000 -0.160 
228.000 -0.160 
229.000 -0.160 
230.000 -0.160 
231.000 -0.161 
232.000 -0.161 
233.000 -0.161 
234.000 -0.161 
235.000 -0.161 
236.000 -0.161 
237.000 -0.161 
238.000 -0.161 
239.000 -0.161 
240.000 -0.161 
241.000 -0.142 
242.000 -0.126 
243.000 -0.115 
244.000 -0.106 
245.000 -0.100 
246.000 -0.096 
247.000 -0.094 
248.000 -0.092 
249.000 -0.091 
250.000 -0.090 
251.000 -0.088 
252.000 -0.085 
253.000 -0.082 
254.000 -0.078 
255.000 -0.074 
256.000 -0.069 
257.000 -0.065 
258.000 -0.060 
259.000 -0.055 
260.000 -0.051 
261.000 -0.046 
262.000 -0.042 
263.000 -0.039 
264.000 -0.035 
265.000 -0.031 
266.000 -0.028 
267.000 -0.024 
268.000 -0.021 
269.000 -0.017 
270.000 -0.014 
271.000 -0.010 
272.000 -0.006 
273.000 -0.003 
274.000 0.001 
275.000 0.004 
276.000 0.008 
277.000 0.011 
278.000 0.015 
279.000 0.018 
280.000 0.021 
281.000 0.025 
282.000 0.028 
283.000 0.031 
284.000 0.034 
285.000 0.037 
286.000 0.040 
287.000 0.044 
288.000 0.047 
289.000 0.050 
290.000 0.052 
291.000 0.055 
292.000 0.058 
293.000 0.061 
294.000 0.064 
295.000 0.067 
296.000 0.069 
297.000 0.072 
298.000 0.075 
299.000 0.077 
300.000 0.080 
301.000 0.082 
302.000 0.085 
303.000 0.087 
304.000 0.090 
305.000 0.092 
306.000 0.094 
307.000 0.097 
308.000 0.099 
309.000 0.101 
310.000 0.103 
311.000 0.106 
312.000 0.108 
313.000 0.110 
314.000 0.112 
315.000 0.114 
316.000 0.116 
317.000 0.118 
318.000 0.119 
319.000 0.121 
320.000 0.123 
321.000 0.125 
322.000 0.127 
323.000 0.128 
324.000 0.130 
325.000 0.132 
326.000 0.133 
327.000 0.135 
328.000 0.136 
329.000 0.138 
330.000 0.139 
331.000 0.141 
332.000 0.142 
333.000 0.144 
334.000 0.145 
335.000 0.146 
336.000 0.148 
337.000 0.149 
338.000 0.150 
339.000 0.151 
340.000 0.153 
341.000 0.154 
342.000 0.155 
343.000 0.156 
344.000 0.157 
345.000 0.158 
346.000 0.159 
347.000 0.160 
348.000 0.161 
349.000 0.162 
350.000 0.163 
351.000 0.164 
352.000 0.165 
353.000 0.166 
354.000 0.167 
355.000 0.168 
356.000 0.168 
357.000 0.169 
358.000 0.170 
359.000 0.171 
360.000 0.171 
361.000 0.209 
362.000 0.239 
363.000 0.261 
364.000 0.278 
365.000 0.291 
366.000 0.298 
367.000 0.303 
368.000 0.304 
369.000 0.304 
370.000 0.303 
371.000 0.301 
372.000 0.301 
373.000 0.301 
374.000 0.303 
375.000 0.306 
376.000 0.310 
377.000 0.316 
378.000 0.322 
379.000 0.329 
380.000 0.335 
381.000 0.342 
382.000 0.347 
383.000 0.352 
384.000 0.356 
385.000 0.360 
386.000 0.362 
387.000 0.364 
388.000 0.365 
389.000 0.366 
390.000 0.367 
391.000 0.368 
392.000 0.369 
393.000 0.370 
394.000 0.371 
395.000 0.372 
396.000 0.374 
397.000 0.375 
398.000 0.377 
399.000 0.379 
400.000 0.381 
401.000 0.383 
402.000 0.384 
403.000 0.386 
404.000 0.387 
405.000 0.388 
406.000 0.389 
407.000 0.389 
408.000 0.390 
409.000 0.390 
410.000 0.390 
411.000 0.391 
412.000 0.391 
413.000 0.391 
414.000 0.392 
415.000 0.392 
416.000 0.393 
417.000 0.393 
418.000 0.394 
419.000 0.394 
420.000 0.395 
421.000 0.395 
422.000 0.396 
423.000 0.396 
424.000 0.396 
425.000 0.397 
426.000 0.397 
427.000 0.397 
428.000 0.397 
429.000 0.397 
430.000 0.397 
431.000 0.397 
432.000 0.398 
433.000 0.398 
434.000 0.398 
435.000 0.398 
436.000 0.398 
437.000 0.398 
438.000 0.398 
439.000 0.398 
440.000 0.399 
441.000 0.399 
442.000 0.399 
443.000 0.399 
444.000 0.399 
445.000 0.399 
446.000 0.399 
447.000 0.399 
448.000 0.399 
449.000 0.399 
450.000 0.399 
451.000 0.399 
452.000 0.399 
453.000 0.399 
454.000 0.399 
455.000 0.399 
456.000 0.399 
457.000 0.399 
458.000 0.400 
459.000 0.400 
460.000 0.400 
461.000 0.400 
462.000 0.400 
463.000 0.400 
464.000 0.400 
465.000 0.400 
466.000 0.400 
467.000 0.400 
468.000 0.400 
469.000 0.400 
470.000 0.400 
471.000 0.400 
472.000 0.400 
473.000 0.400 
474.000 0.400 
475.000 0.400 
476.000 0.400 
477.000 0.400 
478.000 0.400 
479.000 0.400 
480.000 0.400 
481.000 0.555 
482.000 0.677 
483.000 0.770 
484.000 0.839 
485.000 0.887 
486.000 0.917 
487.000 0.930 
488.000 0.929 
489.000 0.917 
490.000 0.896 
491.000 0.871 
492.000 0.842 
493.000 0.812 
494.000 0.784 
495.000 0.759 
496.000 0.738 
497.000 0.722 
498.000 0.712 
499.000 0.708 
500.000 0.709 
501.000 0.717 
502.000 0.729 
503.000 0.744 
504.000 0.762 
505.000 0.781 
506.000 0.800 
507.000 0.817 
508.000 0.832 
509.000 0.843 
510.000 0.851 
511.000 0.855 
512.000 0.855 
513.000 0.851 
514.000 0.845 
515.000 0.836 
516.000 0.826 
517.000 0.816 
518.000 0.805 
519.000 0.795 
520.000 0.786 
521.000 0.778 
522.000 0.773 
523.000 0.770 
524.000 0.769 
525.000 0.770 
526.000 0.773 
527.000 0.777 
528.000 0.783 
529.000 0.789 
530.000 0.796 
531.000 0.802 
532.000 0.808 
533.000 0.812 
534.000 0.816 
535.000 0.818 
536.000 0.819 
537.000 0.819 
538.000 0.817 
539.000 0.815 
540.000 0.812 
541.000 0.808 
542.000 0.804 
543.000 0.800 
544.000 0.797 
545.000 0.794 
546.000 0.792 
547.000 0.790 
548.000 0.789 
549.000 0.789 
550.000 0.789 
551.000 0.791 
552.000 0.792 
553.000 0.794 
554.000 0.797 
555.000 0.799 
556.000 0.801 
557.000 0.803 
558.000 0.805 
559.000 0.806 
560.000 0.806 
561.000 0.807 
562.000 0.806 
563.000 0.806 
564.000 0.805 
565.000 0.804 
566.000 0.802 
567.000 0.801 
568.000 0.800 
569.000 0.799 
570.000 0.798 
571.000 0.797 
572.000 0.796 
573.000 0.796 
574.000 0.796 
575.000 0.796 
576.000 0.797 
577.000 0.798 
578.000 0.798 
579.000 0.799 
580.000 0.800 
581.000 0.801 
582.000 0.801 
583.000 0.802 
584.000 0.802 
585.000 0.802 
586.000 0.802 
587.000 0.802 
588.000 0.802 
589.000 0.802 
590.000 0.801 
591.000 0.801 
592.000 0.800 
593.000 0.800 
594.000 0.799 
595.000 0.799 
596.000 0.799 
597.000 0.799 
598.000 0.799 
599.000 0.799 
600.000 0.799 
601.000 0.915 
602.000 1.000 
603.000 1.000 
604.000 1.000 
605.000 1.000 
606.000 1.000 
607.000 1.000 
608.000 1.000 
609.000 1.000 
610.000 1.000 
611.000 1.000 
612.000 1.000 
613.000 1.000 
614.000 1.000 
615.000 1.000 
616.000 1.000 
617.000 1.000 
618.000 1.000 
619.000 1.000 
620.000 1.000 
621.000 1.000 
622.000 1.000 
623.000 1.000 
624.000 1.000 
625.000 1.000 
626.000 1.000 
627.000 1.000 
628.000 1.000 
629.000 1.000 
630.000 1.000 
631.000 1.000 
632.000 1.000 
633.000 1.000 
634.000 1.000 
635.000 1.000 
636.000 1.000 
637.000 1.000 
638.000 1.000 
639.000 1.000 
640.000 1.000 
641.000 1.000 
642.000 1.000 
643.000 1.000 
644.000 1.000 
645.000 1.000 
646.000 1.000 
647.000 1.000 
648.000 1.000 
649.000 1.000 
650.000 1.000 
651.000 1.000 
652.000 1.000 
653.000 1.000 
654.000 1.000 
655.000 1.000 
656.000 1.000 
657.000 1.000 
658.000 1.000 
659.000 1.000 
660.000 1.000 
661.000 1.000 
662.000 1.000 
663.000 1.000 
664.000 1.000 
665.000 1.000 
666.000 1.000 
667.000 1.000 
668.000 1.000 
669.000 1.000 
670.000 1.000 
671.000 1.000 
672.000 1.000 
673.000 1.000 
674.000 1.000 
675.000 1.000 
676.000 1.000 
677.000 1.000 
678.000 1.000 
679.000 1.000 
680.000 1.000 
681.000 1.000 
682.000 1.000 
683.000 1.000 
684.000 1.000 
685.000 1.000 
686.000 1.000 
687.000 1.000 
688.000 1.000 
689.000 1.000 
690.000 1.000 
691.000 1.000 
692.000 1.000 
693.000 1.000 
694.000 1.000 
695.000 1.000 
696.000 1.000 
697.000 1.000 
698.000 1.000 
699.000 1.000 
700.000 1.000 
701.000 1.000 
702.000 1.000 
703.000 1.000 
704.000 1.000 
705.000 1.000 
706.000 1.000 
707.000 1.000 
708.000 1.000 
709.000 1.000 
710.000 1.000 
711.000 1.000 
712.000 1.000 
713.000 1.000 
714.000 1.000 
715.000 1.000 
716.000 1.000 
717.000 1.000 
718.000 1.000 
719.000 1.000 
720.000 1.000 
721.000 1.000 
722.000 1.000 
723.000 1.000 
724.000 1.000 
725.000 1.000 
726.000 1.000 
727.000 1.000 
728.000 1.000 
729.000 1.000 
730.000 1.000 
731.000 1.000 
732.000 1.000 
733.000 1.000 
734.000 1.000 
735.000 1.000 
736.000 1.000 
737.000 1.000 
738.000 1.000 
739.000 1.000 
740.000 1.000 
741.000 1.000 
742.000 1.000 
743.000 1.000 
744.000 1.000 
745.000 1.000 
746.000 1.000 
747.000 1.000 
748.000 1.000 
749.000 1.000 
750.000 1.000 
751.000 1.000 
752.000 1.000 
753.000 1.000 
754.000 1.000 
755.000 1.000 
756.000 1.000 
757.000 1.000 
758.000 1.000 
759.000 1.000 
760.000 1.000 
761.000 1.000 
762.000 1.000 
763.000 1.000 
764.000 1.000 
765.000 1.000 
766.000 1.000 
767.000 1.000 
768.000 1.000 
769.000 1.000 
770.000 1.000 
771.000 1.000 
772.000 1.000 
773.000 1.000 
774.000 1.000 
775.000 1.000 
776.000 1.000 
777.000 1.000 
778.000 1.000 
779.000 1.000 
780.000 1.000 
781.000 1.000 
782.000 1.000 
783.000 1.000 
784.000 1.000 
785.000 1.000 
786.000 1.000 
787.000 1.000 
788.000 1.000 
789.000 1.000 
790.000 1.000 
791.000 1.000 
792.000 1.000 
793.000 1.000 
794.000 1.000 
795.000 1.000 
796.000 1.000 
797.000 1.000 
798.000 1.000 
799.000 1.000 
800.000 1.000 
