1.000 0.000 
2.000 0.000 
3.000 0.000 
4.000 0.000 
5.000 0.000 
6.000 0.000 
7.000 -0.028 
8.000 -0.043 
9.000 -0.048 
10.000 -0.047 
11.000 -0.043 
12.000 -0.037 
13.000 -0.031 
14.000 -0.027 
15.000 -0.027 
16.000 -0.030 
17.000 -0.036 
18.000 -0.042 
19.000 -0.048 
20.000 -0.054 
21.000 -0.057 
22.000 -0.059 
23.000 -0.059 
24.000 -0.059 
25.000 -0.058 
26.000 -0.058 
27.000 -0.059 
28.000 -0.061 
29.000 -0.064 
30.000 -0.067 
31.000 -0.070 
32.000 -0.073 
33.000 -0.075 
34.000 -0.077 
35.000 -0.078 
36.000 -0.079 
37.000 -0.080 
38.000 -0.082 
39.000 -0.083 
40.000 -0.085 
41.000 -0.087 
42.000 -0.089 
43.000 -0.091 
44.000 -0.093 
45.000 -0.094 
46.000 -0.096 
47.000 -0.097 
48.000 -0.099 
49.000 -0.100 
50.000 -0.102 
51.000 -0.103 
52.000 -0.105 
53.000 -0.106 
54.000 -0.108 
55.000 -0.109 
56.000 -0.111 
57.000 -0.113 
58.000 -0.114 
59.000 -0.116 
60.000 -0.117 
61.000 -0.118 
62.000 -0.120 
63.000 -0.121 
64.000 -0.123 
65.000 -0.124 
66.000 -0.126 
67.000 -0.127 
68.000 -0.128 
69.000 -0.130 
70.000 -0.131 
71.000 -0.133 
72.000 -0.134 
73.000 -0.135 
74.000 -0.137 
75.000 -0.138 
76.000 -0.139 
77.000 -0.141 
78.000 -0.142 
79.000 -0.143 
80.000 -0.145 
81.000 -0.146 
82.000 -0.147 
83.000 -0.148 
84.000 -0.150 
85.000 -0.151 
86.000 -0.152 
87.000 -0.153 
88.000 -0.155 
89.000 -0.156 
90.000 -0.157 
91.000 -0.158 
92.000 -0.160 
93.000 -0.161 
94.000 -0.162 
95.000 -0.163 
96.000 -0.164 
97.000 -0.166 
98.000 -0.167 
99.000 -0.168 
100.000 -0.169 
101.000 -0.170 
102.000 -0.172 
103.000 -0.173 
104.000 -0.174 
105.000 -0.175 
106.000 -0.176 
107.000 -0.177 
108.000 -0.178 
109.000 -0.180 
110.000 -0.181 
111.000 -0.182 
112.000 -0.183 
113.000 -0.184 
114.000 -0.185 
115.000 -0.186 
116.000 -0.187 
117.000 -0.188 
118.000 -0.190 
119.000 -0.191 
120.000 -0.192 
121.000 -0.181 
122.000 -0.175 
123.000 -0.174 
124.000 -0.176 
125.000 -0.179 
126.000 -0.182 
127.000 -0.185 
128.000 -0.187 
129.000 -0.188 
130.000 -0.187 
131.000 -0.186 
132.000 -0.184 
133.000 -0.183 
134.000 -0.182 
135.000 -0.182 
136.000 -0.182 
137.000 -0.183 
138.000 -0.184 
139.000 -0.184 
140.000 -0.185 
141.000 -0.185 
142.000 -0.185 
143.000 -0.184 
144.000 -0.184 
145.000 -0.184 
146.000 -0.183 
147.000 -0.183 
148.000 -0.183 
149.000 -0.184 
150.000 -0.184 
151.000 -0.184 
152.000 -0.184 
153.000 -0.184 
154.000 -0.184 
155.000 -0.184 
156.000 -0.184 
157.000 -0.184 
158.000 -0.184 
159.000 -0.184 
160.000 -0.184 
161.000 -0.184 
162.000 -0.184 
163.000 -0.184 
164.000 -0.184 
165.000 -0.184 
166.000 -0.184 
167.000 -0.184 
168.000 -0.184 
169.000 -0.184 
170.000 -0.184 
171.000 -0.184 
172.000 -0.184 
173.000 -0.184 
174.000 -0.184 
175.000 -0.184 
176.000 -0.184 
177.000 -0.184 
178.000 -0.184 
179.000 -0.184 
180.000 -0.184 
181.000 -0.184 
182.000 -0.184 
183.000 -0.184 
184.000 -0.184 
185.000 -0.184 
186.000 -0.184 
187.000 -0.184 
188.000 -0.184 
189.000 -0.184 
190.000 -0.184 
191.000 -0.184 
192.000 -0.184 
193.000 -0.184 
194.000 -0.184 
195.000 -0.184 
196.000 -0.184 
197.000 -0.184 
198.000 -0.184 
199.000 -0.184 
200.000 -0.184 
201.000 -0.184 
202.000 -0.184 
203.000 -0.184 
204.000 -0.184 
205.000 -0.185 
206.000 -0.185 
207.000 -0.185 
208.000 -0.185 
209.000 -0.185 
210.000 -0.185 
211.000 -0.185 
212.000 -0.185 
213.000 -0.185 
214.000 -0.185 
215.000 -0.185 
216.000 -0.185 
217.000 -0.185 
218.000 -0.185 
219.000 -0.185 
220.000 -0.185 
221.000 -0.185 
222.000 -0.185 
223.000 -0.185 
224.000 -0.185 
225.000 -0.185 
226.000 -0.185 
227.000 -0.185 
228.000 -0.185 
229.000 -0.185 
230.000 -0.185 
231.000 -0.185 
232.000 -0.185 
233.000 -0.185 
234.000 -0.185 
235.000 -0.185 
236.000 -0.185 
237.000 -0.185 
238.000 -0.185 
239.000 -0.185 
240.000 -0.185 
241.000 -0.116 
242.000 -0.080 
243.000 -0.068 
244.000 -0.070 
245.000 -0.081 
246.000 -0.095 
247.000 -0.107 
248.000 -0.114 
249.000 -0.112 
250.000 -0.103 
251.000 -0.089 
252.000 -0.074 
253.000 -0.059 
254.000 -0.048 
255.000 -0.040 
256.000 -0.036 
257.000 -0.035 
258.000 -0.035 
259.000 -0.035 
260.000 -0.033 
261.000 -0.029 
262.000 -0.024 
263.000 -0.017 
264.000 -0.009 
265.000 -0.002 
266.000 0.005 
267.000 0.011 
268.000 0.015 
269.000 0.018 
270.000 0.022 
271.000 0.025 
272.000 0.028 
273.000 0.032 
274.000 0.036 
275.000 0.040 
276.000 0.045 
277.000 0.050 
278.000 0.055 
279.000 0.059 
280.000 0.063 
281.000 0.066 
282.000 0.070 
283.000 0.073 
284.000 0.076 
285.000 0.079 
286.000 0.082 
287.000 0.086 
288.000 0.089 
289.000 0.093 
290.000 0.096 
291.000 0.099 
292.000 0.102 
293.000 0.105 
294.000 0.108 
295.000 0.110 
296.000 0.113 
297.000 0.115 
298.000 0.118 
299.000 0.120 
300.000 0.123 
301.000 0.125 
302.000 0.128 
303.000 0.130 
304.000 0.132 
305.000 0.134 
306.000 0.136 
307.000 0.138 
308.000 0.140 
309.000 0.142 
310.000 0.144 
311.000 0.146 
312.000 0.147 
313.000 0.149 
314.000 0.151 
315.000 0.152 
316.000 0.154 
317.000 0.155 
318.000 0.157 
319.000 0.158 
320.000 0.160 
321.000 0.161 
322.000 0.162 
323.000 0.164 
324.000 0.165 
325.000 0.166 
326.000 0.167 
327.000 0.168 
328.000 0.169 
329.000 0.170 
330.000 0.171 
331.000 0.172 
332.000 0.173 
333.000 0.174 
334.000 0.175 
335.000 0.176 
336.000 0.176 
337.000 0.177 
338.000 0.178 
339.000 0.179 
340.000 0.179 
341.000 0.180 
342.000 0.181 
343.000 0.181 
344.000 0.182 
345.000 0.183 
346.000 0.183 
347.000 0.184 
348.000 0.184 
349.000 0.185 
350.000 0.185 
351.000 0.186 
352.000 0.186 
353.000 0.187 
354.000 0.187 
355.000 0.188 
356.000 0.188 
357.000 0.188 
358.000 0.189 
359.000 0.189 
360.000 0.189 
361.000 0.318 
362.000 0.385 
363.000 0.410 
364.000 0.406 
365.000 0.386 
366.000 0.355 
367.000 0.321 
368.000 0.291 
369.000 0.269 
370.000 0.260 
371.000 0.266 
372.000 0.284 
373.000 0.311 
374.000 0.344 
375.000 0.376 
376.000 0.401 
377.000 0.417 
378.000 0.421 
379.000 0.415 
380.000 0.401 
381.000 0.383 
382.000 0.365 
383.000 0.349 
384.000 0.339 
385.000 0.336 
386.000 0.340 
387.000 0.351 
388.000 0.367 
389.000 0.385 
390.000 0.401 
391.000 0.414 
392.000 0.421 
393.000 0.422 
394.000 0.418 
395.000 0.408 
396.000 0.397 
397.000 0.385 
398.000 0.376 
399.000 0.369 
400.000 0.367 
401.000 0.370 
402.000 0.376 
403.000 0.386 
404.000 0.396 
405.000 0.405 
406.000 0.413 
407.000 0.417 
408.000 0.417 
409.000 0.414 
410.000 0.408 
411.000 0.401 
412.000 0.394 
413.000 0.387 
414.000 0.383 
415.000 0.382 
416.000 0.383 
417.000 0.387 
418.000 0.393 
419.000 0.399 
420.000 0.405 
421.000 0.409 
422.000 0.412 
423.000 0.412 
424.000 0.410 
425.000 0.406 
426.000 0.402 
427.000 0.397 
428.000 0.393 
429.000 0.390 
430.000 0.389 
431.000 0.390 
432.000 0.392 
433.000 0.396 
434.000 0.400 
435.000 0.403 
436.000 0.406 
437.000 0.407 
438.000 0.408 
439.000 0.406 
440.000 0.404 
441.000 0.401 
442.000 0.399 
443.000 0.396 
444.000 0.394 
445.000 0.394 
446.000 0.394 
447.000 0.395 
448.000 0.397 
449.000 0.400 
450.000 0.402 
451.000 0.404 
452.000 0.405 
453.000 0.405 
454.000 0.404 
455.000 0.403 
456.000 0.401 
457.000 0.399 
458.000 0.398 
459.000 0.397 
460.000 0.396 
461.000 0.396 
462.000 0.397 
463.000 0.398 
464.000 0.400 
465.000 0.401 
466.000 0.402 
467.000 0.403 
468.000 0.403 
469.000 0.403 
470.000 0.402 
471.000 0.401 
472.000 0.400 
473.000 0.399 
474.000 0.398 
475.000 0.398 
476.000 0.398 
477.000 0.398 
478.000 0.399 
479.000 0.400 
480.000 0.401 
481.000 0.942 
482.000 1.000 
483.000 1.000 
484.000 1.000 
485.000 1.000 
486.000 1.000 
487.000 1.000 
488.000 1.000 
489.000 1.000 
490.000 1.000 
491.000 1.000 
492.000 0.857 
493.000 0.689 
494.000 0.598 
495.000 0.564 
496.000 0.571 
497.000 0.611 
498.000 0.678 
499.000 0.768 
500.000 0.867 
501.000 0.962 
502.000 1.000 
503.000 1.000 
504.000 1.000 
505.000 1.000 
506.000 1.000 
507.000 1.000 
508.000 1.000 
509.000 0.879 
510.000 0.770 
511.000 0.688 
512.000 0.633 
513.000 0.601 
514.000 0.596 
515.000 0.618 
516.000 0.666 
517.000 0.733 
518.000 0.812 
519.000 0.891 
520.000 0.957 
521.000 1.000 
522.000 1.000 
523.000 1.000 
524.000 0.986 
525.000 0.935 
526.000 0.874 
527.000 0.810 
528.000 0.752 
529.000 0.705 
530.000 0.672 
531.000 0.657 
532.000 0.661 
533.000 0.684 
534.000 0.722 
535.000 0.772 
536.000 0.826 
537.000 0.876 
538.000 0.915 
539.000 0.939 
540.000 0.944 
541.000 0.931 
542.000 0.902 
543.000 0.863 
544.000 0.819 
545.000 0.776 
546.000 0.738 
547.000 0.709 
548.000 0.694 
549.000 0.692 
550.000 0.705 
551.000 0.730 
552.000 0.764 
553.000 0.803 
554.000 0.841 
555.000 0.872 
556.000 0.894 
557.000 0.902 
558.000 0.898 
559.000 0.881 
560.000 0.855 
561.000 0.824 
562.000 0.792 
563.000 0.762 
564.000 0.739 
565.000 0.725 
566.000 0.720 
567.000 0.726 
568.000 0.742 
569.000 0.765 
570.000 0.792 
571.000 0.819 
572.000 0.844 
573.000 0.862 
574.000 0.872 
575.000 0.872 
576.000 0.863 
577.000 0.846 
578.000 0.825 
579.000 0.802 
580.000 0.779 
581.000 0.761 
582.000 0.748 
583.000 0.742 
584.000 0.744 
585.000 0.753 
586.000 0.768 
587.000 0.787 
588.000 0.807 
589.000 0.826 
590.000 0.840 
591.000 0.850 
592.000 0.852 
593.000 0.848 
594.000 0.838 
595.000 0.823 
596.000 0.807 
597.000 0.790 
598.000 0.776 
599.000 0.765 
600.000 0.759 
601.000 1.000 
602.000 1.000 
603.000 1.000 
604.000 1.000 
605.000 1.000 
606.000 1.000 
607.000 1.000 
608.000 1.000 
609.000 1.000 
610.000 1.000 
611.000 1.000 
612.000 1.000 
613.000 1.000 
614.000 1.000 
615.000 1.000 
616.000 1.000 
617.000 1.000 
618.000 1.000 
619.000 1.000 
620.000 1.000 
621.000 1.000 
622.000 1.000 
623.000 1.000 
624.000 1.000 
625.000 1.000 
626.000 1.000 
627.000 1.000 
628.000 1.000 
629.000 1.000 
630.000 1.000 
631.000 1.000 
632.000 1.000 
633.000 1.000 
634.000 1.000 
635.000 1.000 
636.000 1.000 
637.000 1.000 
638.000 1.000 
639.000 1.000 
640.000 1.000 
641.000 1.000 
642.000 1.000 
643.000 1.000 
644.000 1.000 
645.000 1.000 
646.000 1.000 
647.000 1.000 
648.000 1.000 
649.000 1.000 
650.000 1.000 
651.000 1.000 
652.000 1.000 
653.000 1.000 
654.000 1.000 
655.000 1.000 
656.000 1.000 
657.000 1.000 
658.000 1.000 
659.000 1.000 
660.000 1.000 
661.000 1.000 
662.000 1.000 
663.000 1.000 
664.000 1.000 
665.000 1.000 
666.000 1.000 
667.000 1.000 
668.000 1.000 
669.000 1.000 
670.000 1.000 
671.000 1.000 
672.000 1.000 
673.000 1.000 
674.000 1.000 
675.000 1.000 
676.000 1.000 
677.000 1.000 
678.000 1.000 
679.000 1.000 
680.000 1.000 
681.000 1.000 
682.000 1.000 
683.000 1.000 
684.000 1.000 
685.000 1.000 
686.000 1.000 
687.000 1.000 
688.000 1.000 
689.000 1.000 
690.000 1.000 
691.000 1.000 
692.000 1.000 
693.000 1.000 
694.000 1.000 
695.000 1.000 
696.000 1.000 
697.000 1.000 
698.000 1.000 
699.000 1.000 
700.000 1.000 
701.000 1.000 
702.000 1.000 
703.000 1.000 
704.000 1.000 
705.000 1.000 
706.000 1.000 
707.000 1.000 
708.000 1.000 
709.000 1.000 
710.000 1.000 
711.000 1.000 
712.000 1.000 
713.000 1.000 
714.000 1.000 
715.000 1.000 
716.000 1.000 
717.000 1.000 
718.000 1.000 
719.000 1.000 
720.000 1.000 
721.000 1.000 
722.000 1.000 
723.000 1.000 
724.000 1.000 
725.000 1.000 
726.000 1.000 
727.000 1.000 
728.000 1.000 
729.000 1.000 
730.000 1.000 
731.000 1.000 
732.000 1.000 
733.000 1.000 
734.000 1.000 
735.000 1.000 
736.000 1.000 
737.000 1.000 
738.000 1.000 
739.000 1.000 
740.000 1.000 
741.000 1.000 
742.000 1.000 
743.000 1.000 
744.000 1.000 
745.000 1.000 
746.000 1.000 
747.000 1.000 
748.000 1.000 
749.000 1.000 
750.000 1.000 
751.000 1.000 
752.000 1.000 
753.000 1.000 
754.000 1.000 
755.000 1.000 
756.000 1.000 
757.000 1.000 
758.000 1.000 
759.000 1.000 
760.000 1.000 
761.000 1.000 
762.000 1.000 
763.000 1.000 
764.000 1.000 
765.000 1.000 
766.000 1.000 
767.000 1.000 
768.000 1.000 
769.000 1.000 
770.000 1.000 
771.000 1.000 
772.000 1.000 
773.000 1.000 
774.000 1.000 
775.000 1.000 
776.000 1.000 
777.000 1.000 
778.000 1.000 
779.000 1.000 
780.000 1.000 
781.000 1.000 
782.000 1.000 
783.000 1.000 
784.000 1.000 
785.000 1.000 
786.000 1.000 
787.000 1.000 
788.000 1.000 
789.000 1.000 
790.000 1.000 
791.000 1.000 
792.000 1.000 
793.000 1.000 
794.000 1.000 
795.000 1.000 
796.000 1.000 
797.000 1.000 
798.000 1.000 
799.000 1.000 
800.000 1.000 
