1.000 0.000 
2.000 0.000 
3.000 0.000 
4.000 0.000 
5.000 0.000 
6.000 0.000 
7.000 -0.027 
8.000 -0.041 
9.000 -0.047 
10.000 -0.047 
11.000 -0.043 
12.000 -0.037 
13.000 -0.032 
14.000 -0.028 
15.000 -0.028 
16.000 -0.030 
17.000 -0.035 
18.000 -0.041 
19.000 -0.047 
20.000 -0.052 
21.000 -0.056 
22.000 -0.058 
23.000 -0.059 
24.000 -0.058 
25.000 -0.058 
26.000 -0.058 
27.000 -0.059 
28.000 -0.061 
29.000 -0.063 
30.000 -0.066 
31.000 -0.069 
32.000 -0.072 
33.000 -0.074 
34.000 -0.076 
35.000 -0.078 
36.000 -0.079 
37.000 -0.080 
38.000 -0.081 
39.000 -0.082 
40.000 -0.084 
41.000 -0.086 
42.000 -0.088 
43.000 -0.090 
44.000 -0.092 
45.000 -0.093 
46.000 -0.095 
47.000 -0.097 
48.000 -0.098 
49.000 -0.099 
50.000 -0.101 
51.000 -0.102 
52.000 -0.104 
53.000 -0.105 
54.000 -0.107 
55.000 -0.109 
56.000 -0.110 
57.000 -0.112 
58.000 -0.113 
59.000 -0.115 
60.000 -0.116 
61.000 -0.117 
62.000 -0.119 
63.000 -0.120 
64.000 -0.122 
65.000 -0.123 
66.000 -0.125 
67.000 -0.126 
68.000 -0.127 
69.000 -0.129 
70.000 -0.130 
71.000 -0.132 
72.000 -0.133 
73.000 -0.134 
74.000 -0.136 
75.000 -0.137 
76.000 -0.138 
77.000 -0.140 
78.000 -0.141 
79.000 -0.142 
80.000 -0.143 
81.000 -0.145 
82.000 -0.146 
83.000 -0.147 
84.000 -0.149 
85.000 -0.150 
86.000 -0.151 
87.000 -0.152 
88.000 -0.154 
89.000 -0.155 
90.000 -0.156 
91.000 -0.157 
92.000 -0.159 
93.000 -0.160 
94.000 -0.161 
95.000 -0.162 
96.000 -0.163 
97.000 -0.165 
98.000 -0.166 
99.000 -0.167 
100.000 -0.168 
101.000 -0.169 
102.000 -0.170 
103.000 -0.172 
104.000 -0.173 
105.000 -0.174 
106.000 -0.175 
107.000 -0.176 
108.000 -0.177 
109.000 -0.178 
110.000 -0.179 
111.000 -0.181 
112.000 -0.182 
113.000 -0.183 
114.000 -0.184 
115.000 -0.185 
116.000 -0.186 
117.000 -0.187 
118.000 -0.188 
119.000 -0.189 
120.000 -0.190 
121.000 -0.180 
122.000 -0.175 
123.000 -0.174 
124.000 -0.175 
125.000 -0.177 
126.000 -0.181 
127.000 -0.184 
128.000 -0.186 
129.000 -0.187 
130.000 -0.186 
131.000 -0.185 
132.000 -0.183 
133.000 -0.182 
134.000 -0.181 
135.000 -0.181 
136.000 -0.181 
137.000 -0.181 
138.000 -0.182 
139.000 -0.183 
140.000 -0.184 
141.000 -0.184 
142.000 -0.184 
143.000 -0.183 
144.000 -0.183 
145.000 -0.183 
146.000 -0.182 
147.000 -0.182 
148.000 -0.182 
149.000 -0.183 
150.000 -0.183 
151.000 -0.183 
152.000 -0.183 
153.000 -0.183 
154.000 -0.183 
155.000 -0.183 
156.000 -0.183 
157.000 -0.183 
158.000 -0.183 
159.000 -0.183 
160.000 -0.183 
161.000 -0.183 
162.000 -0.183 
163.000 -0.183 
164.000 -0.183 
165.000 -0.183 
166.000 -0.183 
167.000 -0.183 
168.000 -0.183 
169.000 -0.183 
170.000 -0.183 
171.000 -0.183 
172.000 -0.183 
173.000 -0.183 
174.000 -0.183 
175.000 -0.183 
176.000 -0.183 
177.000 -0.183 
178.000 -0.183 
179.000 -0.183 
180.000 -0.183 
181.000 -0.183 
182.000 -0.183 
183.000 -0.183 
184.000 -0.183 
185.000 -0.183 
186.000 -0.183 
187.000 -0.183 
188.000 -0.183 
189.000 -0.183 
190.000 -0.183 
191.000 -0.184 
192.000 -0.184 
193.000 -0.184 
194.000 -0.184 
195.000 -0.184 
196.000 -0.184 
197.000 -0.184 
198.000 -0.184 
199.000 -0.184 
200.000 -0.184 
201.000 -0.184 
202.000 -0.184 
203.000 -0.184 
204.000 -0.184 
205.000 -0.184 
206.000 -0.184 
207.000 -0.184 
208.000 -0.184 
209.000 -0.184 
210.000 -0.184 
211.000 -0.184 
212.000 -0.184 
213.000 -0.184 
214.000 -0.184 
215.000 -0.184 
216.000 -0.184 
217.000 -0.184 
218.000 -0.184 
219.000 -0.184 
220.000 -0.184 
221.000 -0.184 
222.000 -0.184 
223.000 -0.184 
224.000 -0.184 
225.000 -0.184 
226.000 -0.184 
227.000 -0.184 
228.000 -0.184 
229.000 -0.184 
230.000 -0.184 
231.000 -0.184 
232.000 -0.184 
233.000 -0.184 
234.000 -0.184 
235.000 -0.184 
236.000 -0.184 
237.000 -0.184 
238.000 -0.184 
239.000 -0.184 
240.000 -0.184 
241.000 -0.119 
242.000 -0.084 
243.000 -0.070 
244.000 -0.071 
245.000 -0.081 
246.000 -0.094 
247.000 -0.105 
248.000 -0.112 
249.000 -0.111 
250.000 -0.103 
251.000 -0.091 
252.000 -0.076 
253.000 -0.062 
254.000 -0.050 
255.000 -0.042 
256.000 -0.037 
257.000 -0.036 
258.000 -0.035 
259.000 -0.034 
260.000 -0.033 
261.000 -0.029 
262.000 -0.024 
263.000 -0.018 
264.000 -0.011 
265.000 -0.003 
266.000 0.003 
267.000 0.009 
268.000 0.014 
269.000 0.017 
270.000 0.021 
271.000 0.024 
272.000 0.027 
273.000 0.031 
274.000 0.035 
275.000 0.039 
276.000 0.044 
277.000 0.048 
278.000 0.053 
279.000 0.057 
280.000 0.061 
281.000 0.065 
282.000 0.068 
283.000 0.072 
284.000 0.075 
285.000 0.078 
286.000 0.081 
287.000 0.084 
288.000 0.088 
289.000 0.091 
290.000 0.094 
291.000 0.098 
292.000 0.101 
293.000 0.104 
294.000 0.106 
295.000 0.109 
296.000 0.112 
297.000 0.114 
298.000 0.117 
299.000 0.119 
300.000 0.121 
301.000 0.124 
302.000 0.126 
303.000 0.129 
304.000 0.131 
305.000 0.133 
306.000 0.135 
307.000 0.137 
308.000 0.139 
309.000 0.141 
310.000 0.143 
311.000 0.145 
312.000 0.146 
313.000 0.148 
314.000 0.150 
315.000 0.151 
316.000 0.153 
317.000 0.154 
318.000 0.156 
319.000 0.157 
320.000 0.159 
321.000 0.160 
322.000 0.161 
323.000 0.163 
324.000 0.164 
325.000 0.165 
326.000 0.166 
327.000 0.167 
328.000 0.168 
329.000 0.169 
330.000 0.170 
331.000 0.171 
332.000 0.172 
333.000 0.173 
334.000 0.174 
335.000 0.175 
336.000 0.176 
337.000 0.177 
338.000 0.177 
339.000 0.178 
340.000 0.179 
341.000 0.179 
342.000 0.180 
343.000 0.181 
344.000 0.181 
345.000 0.182 
346.000 0.183 
347.000 0.183 
348.000 0.184 
349.000 0.184 
350.000 0.185 
351.000 0.185 
352.000 0.186 
353.000 0.186 
354.000 0.187 
355.000 0.187 
356.000 0.188 
357.000 0.188 
358.000 0.188 
359.000 0.189 
360.000 0.189 
361.000 0.312 
362.000 0.378 
363.000 0.403 
364.000 0.402 
365.000 0.385 
366.000 0.357 
367.000 0.325 
368.000 0.295 
369.000 0.274 
370.000 0.264 
371.000 0.267 
372.000 0.283 
373.000 0.308 
374.000 0.338 
375.000 0.368 
376.000 0.394 
377.000 0.411 
378.000 0.417 
379.000 0.414 
380.000 0.403 
381.000 0.387 
382.000 0.370 
383.000 0.354 
384.000 0.343 
385.000 0.339 
386.000 0.341 
387.000 0.350 
388.000 0.363 
389.000 0.379 
390.000 0.395 
391.000 0.408 
392.000 0.416 
393.000 0.420 
394.000 0.417 
395.000 0.411 
396.000 0.401 
397.000 0.390 
398.000 0.381 
399.000 0.374 
400.000 0.370 
401.000 0.371 
402.000 0.375 
403.000 0.382 
404.000 0.391 
405.000 0.400 
406.000 0.408 
407.000 0.413 
408.000 0.415 
409.000 0.414 
410.000 0.410 
411.000 0.404 
412.000 0.398 
413.000 0.392 
414.000 0.387 
415.000 0.384 
416.000 0.384 
417.000 0.386 
418.000 0.390 
419.000 0.395 
420.000 0.400 
421.000 0.405 
422.000 0.409 
423.000 0.410 
424.000 0.410 
425.000 0.408 
426.000 0.404 
427.000 0.400 
428.000 0.396 
429.000 0.393 
430.000 0.391 
431.000 0.391 
432.000 0.392 
433.000 0.394 
434.000 0.397 
435.000 0.400 
436.000 0.403 
437.000 0.405 
438.000 0.406 
439.000 0.406 
440.000 0.405 
441.000 0.403 
442.000 0.401 
443.000 0.399 
444.000 0.396 
445.000 0.395 
446.000 0.395 
447.000 0.395 
448.000 0.396 
449.000 0.398 
450.000 0.400 
451.000 0.402 
452.000 0.403 
453.000 0.404 
454.000 0.404 
455.000 0.403 
456.000 0.402 
457.000 0.401 
458.000 0.400 
459.000 0.398 
460.000 0.397 
461.000 0.397 
462.000 0.397 
463.000 0.397 
464.000 0.398 
465.000 0.400 
466.000 0.401 
467.000 0.402 
468.000 0.402 
469.000 0.402 
470.000 0.402 
471.000 0.402 
472.000 0.401 
473.000 0.400 
474.000 0.399 
475.000 0.398 
476.000 0.398 
477.000 0.398 
478.000 0.398 
479.000 0.399 
480.000 0.400 
481.000 0.916 
482.000 1.000 
483.000 1.000 
484.000 1.000 
485.000 1.000 
486.000 1.000 
487.000 1.000 
488.000 1.000 
489.000 1.000 
490.000 1.000 
491.000 1.000 
492.000 0.834 
493.000 0.671 
494.000 0.578 
495.000 0.541 
496.000 0.542 
497.000 0.579 
498.000 0.645 
499.000 0.738 
500.000 0.844 
501.000 0.948 
502.000 1.000 
503.000 1.000 
504.000 1.000 
505.000 1.000 
506.000 1.000 
507.000 1.000 
508.000 1.000 
509.000 0.987 
510.000 0.887 
511.000 0.806 
512.000 0.748 
513.000 0.710 
514.000 0.690 
515.000 0.687 
516.000 0.700 
517.000 0.728 
518.000 0.767 
519.000 0.812 
520.000 0.857 
521.000 0.895 
522.000 0.922 
523.000 0.934 
524.000 0.929 
525.000 0.910 
526.000 0.879 
527.000 0.840 
528.000 0.800 
529.000 0.762 
530.000 0.732 
531.000 0.711 
532.000 0.702 
533.000 0.706 
534.000 0.722 
535.000 0.748 
536.000 0.780 
537.000 0.815 
538.000 0.847 
539.000 0.872 
540.000 0.888 
541.000 0.891 
542.000 0.884 
543.000 0.866 
544.000 0.842 
545.000 0.814 
546.000 0.786 
547.000 0.761 
548.000 0.742 
549.000 0.731 
550.000 0.729 
551.000 0.736 
552.000 0.751 
553.000 0.772 
554.000 0.796 
555.000 0.820 
556.000 0.841 
557.000 0.856 
558.000 0.863 
559.000 0.863 
560.000 0.854 
561.000 0.839 
562.000 0.821 
563.000 0.801 
564.000 0.781 
565.000 0.765 
566.000 0.754 
567.000 0.749 
568.000 0.751 
569.000 0.759 
570.000 0.771 
571.000 0.787 
572.000 0.805 
573.000 0.821 
574.000 0.834 
575.000 0.842 
576.000 0.845 
577.000 0.842 
578.000 0.834 
579.000 0.822 
580.000 0.808 
581.000 0.794 
582.000 0.781 
583.000 0.771 
584.000 0.765 
585.000 0.764 
586.000 0.767 
587.000 0.774 
588.000 0.785 
589.000 0.796 
590.000 0.808 
591.000 0.819 
592.000 0.827 
593.000 0.831 
594.000 0.831 
595.000 0.827 
596.000 0.820 
597.000 0.811 
598.000 0.801 
599.000 0.791 
600.000 0.783 
601.000 1.000 
602.000 1.000 
603.000 1.000 
604.000 1.000 
605.000 1.000 
606.000 1.000 
607.000 1.000 
608.000 1.000 
609.000 1.000 
610.000 1.000 
611.000 1.000 
612.000 1.000 
613.000 1.000 
614.000 1.000 
615.000 1.000 
616.000 1.000 
617.000 1.000 
618.000 1.000 
619.000 1.000 
620.000 1.000 
621.000 1.000 
622.000 1.000 
623.000 1.000 
624.000 1.000 
625.000 1.000 
626.000 1.000 
627.000 1.000 
628.000 1.000 
629.000 1.000 
630.000 1.000 
631.000 1.000 
632.000 1.000 
633.000 1.000 
634.000 1.000 
635.000 1.000 
636.000 1.000 
637.000 1.000 
638.000 1.000 
639.000 1.000 
640.000 1.000 
641.000 1.000 
642.000 1.000 
643.000 1.000 
644.000 1.000 
645.000 1.000 
646.000 1.000 
647.000 1.000 
648.000 1.000 
649.000 1.000 
650.000 1.000 
651.000 1.000 
652.000 1.000 
653.000 1.000 
654.000 1.000 
655.000 1.000 
656.000 1.000 
657.000 1.000 
658.000 1.000 
659.000 1.000 
660.000 1.000 
661.000 1.000 
662.000 1.000 
663.000 1.000 
664.000 1.000 
665.000 1.000 
666.000 1.000 
667.000 1.000 
668.000 1.000 
669.000 1.000 
670.000 1.000 
671.000 1.000 
672.000 1.000 
673.000 1.000 
674.000 1.000 
675.000 1.000 
676.000 1.000 
677.000 1.000 
678.000 1.000 
679.000 1.000 
680.000 1.000 
681.000 1.000 
682.000 1.000 
683.000 1.000 
684.000 1.000 
685.000 1.000 
686.000 1.000 
687.000 1.000 
688.000 1.000 
689.000 1.000 
690.000 1.000 
691.000 1.000 
692.000 1.000 
693.000 1.000 
694.000 1.000 
695.000 1.000 
696.000 1.000 
697.000 1.000 
698.000 1.000 
699.000 1.000 
700.000 1.000 
701.000 1.000 
702.000 1.000 
703.000 1.000 
704.000 1.000 
705.000 1.000 
706.000 1.000 
707.000 1.000 
708.000 1.000 
709.000 1.000 
710.000 1.000 
711.000 1.000 
712.000 1.000 
713.000 1.000 
714.000 1.000 
715.000 1.000 
716.000 1.000 
717.000 1.000 
718.000 1.000 
719.000 1.000 
720.000 1.000 
721.000 1.000 
722.000 1.000 
723.000 1.000 
724.000 1.000 
725.000 1.000 
726.000 1.000 
727.000 1.000 
728.000 1.000 
729.000 1.000 
730.000 1.000 
731.000 1.000 
732.000 1.000 
733.000 1.000 
734.000 1.000 
735.000 1.000 
736.000 1.000 
737.000 1.000 
738.000 1.000 
739.000 1.000 
740.000 1.000 
741.000 1.000 
742.000 1.000 
743.000 1.000 
744.000 1.000 
745.000 1.000 
746.000 1.000 
747.000 1.000 
748.000 1.000 
749.000 1.000 
750.000 1.000 
751.000 1.000 
752.000 1.000 
753.000 1.000 
754.000 1.000 
755.000 1.000 
756.000 1.000 
757.000 1.000 
758.000 1.000 
759.000 1.000 
760.000 1.000 
761.000 1.000 
762.000 1.000 
763.000 1.000 
764.000 1.000 
765.000 1.000 
766.000 1.000 
767.000 1.000 
768.000 1.000 
769.000 1.000 
770.000 1.000 
771.000 1.000 
772.000 1.000 
773.000 1.000 
774.000 1.000 
775.000 1.000 
776.000 1.000 
777.000 1.000 
778.000 1.000 
779.000 1.000 
780.000 1.000 
781.000 1.000 
782.000 1.000 
783.000 1.000 
784.000 1.000 
785.000 1.000 
786.000 1.000 
787.000 1.000 
788.000 1.000 
789.000 1.000 
790.000 1.000 
791.000 1.000 
792.000 1.000 
793.000 1.000 
794.000 1.000 
795.000 1.000 
796.000 1.000 
797.000 1.000 
798.000 1.000 
799.000 1.000 
800.000 1.000 
