1.000 0.000 
2.000 0.000 
3.000 0.000 
4.000 0.000 
5.000 0.000 
6.000 0.000 
7.000 -0.004 
8.000 -0.008 
9.000 -0.011 
10.000 -0.014 
11.000 -0.016 
12.000 -0.018 
13.000 -0.020 
14.000 -0.021 
15.000 -0.022 
16.000 -0.023 
17.000 -0.024 
18.000 -0.025 
19.000 -0.026 
20.000 -0.027 
21.000 -0.028 
22.000 -0.029 
23.000 -0.031 
24.000 -0.032 
25.000 -0.033 
26.000 -0.035 
27.000 -0.036 
28.000 -0.037 
29.000 -0.039 
30.000 -0.040 
31.000 -0.041 
32.000 -0.042 
33.000 -0.044 
34.000 -0.045 
35.000 -0.046 
36.000 -0.047 
37.000 -0.049 
38.000 -0.050 
39.000 -0.051 
40.000 -0.052 
41.000 -0.053 
42.000 -0.054 
43.000 -0.056 
44.000 -0.057 
45.000 -0.058 
46.000 -0.059 
47.000 -0.060 
48.000 -0.061 
49.000 -0.062 
50.000 -0.063 
51.000 -0.065 
52.000 -0.066 
53.000 -0.067 
54.000 -0.068 
55.000 -0.069 
56.000 -0.070 
57.000 -0.071 
58.000 -0.072 
59.000 -0.073 
60.000 -0.074 
61.000 -0.075 
62.000 -0.076 
63.000 -0.077 
64.000 -0.078 
65.000 -0.079 
66.000 -0.080 
67.000 -0.082 
68.000 -0.083 
69.000 -0.084 
70.000 -0.085 
71.000 -0.086 
72.000 -0.087 
73.000 -0.088 
74.000 -0.089 
75.000 -0.090 
76.000 -0.090 
77.000 -0.091 
78.000 -0.092 
79.000 -0.093 
80.000 -0.094 
81.000 -0.095 
82.000 -0.096 
83.000 -0.097 
84.000 -0.098 
85.000 -0.099 
86.000 -0.100 
87.000 -0.101 
88.000 -0.102 
89.000 -0.103 
90.000 -0.104 
91.000 -0.105 
92.000 -0.106 
93.000 -0.107 
94.000 -0.107 
95.000 -0.108 
96.000 -0.109 
97.000 -0.110 
98.000 -0.111 
99.000 -0.112 
100.000 -0.113 
101.000 -0.114 
102.000 -0.115 
103.000 -0.115 
104.000 -0.116 
105.000 -0.117 
106.000 -0.118 
107.000 -0.119 
108.000 -0.120 
109.000 -0.121 
110.000 -0.121 
111.000 -0.122 
112.000 -0.123 
113.000 -0.124 
114.000 -0.125 
115.000 -0.126 
116.000 -0.126 
117.000 -0.127 
118.000 -0.128 
119.000 -0.129 
120.000 -0.130 
121.000 -0.129 
122.000 -0.128 
123.000 -0.127 
124.000 -0.127 
125.000 -0.127 
126.000 -0.127 
127.000 -0.127 
128.000 -0.127 
129.000 -0.127 
130.000 -0.128 
131.000 -0.128 
132.000 -0.128 
133.000 -0.129 
134.000 -0.129 
135.000 -0.129 
136.000 -0.130 
137.000 -0.130 
138.000 -0.130 
139.000 -0.130 
140.000 -0.130 
141.000 -0.130 
142.000 -0.131 
143.000 -0.131 
144.000 -0.131 
145.000 -0.131 
146.000 -0.131 
147.000 -0.131 
148.000 -0.131 
149.000 -0.132 
150.000 -0.132 
151.000 -0.132 
152.000 -0.132 
153.000 -0.132 
154.000 -0.132 
155.000 -0.133 
156.000 -0.133 
157.000 -0.133 
158.000 -0.133 
159.000 -0.133 
160.000 -0.133 
161.000 -0.134 
162.000 -0.134 
163.000 -0.134 
164.000 -0.134 
165.000 -0.134 
166.000 -0.134 
167.000 -0.135 
168.000 -0.135 
169.000 -0.135 
170.000 -0.135 
171.000 -0.135 
172.000 -0.135 
173.000 -0.135 
174.000 -0.136 
175.000 -0.136 
176.000 -0.136 
177.000 -0.136 
178.000 -0.136 
179.000 -0.136 
180.000 -0.136 
181.000 -0.137 
182.000 -0.137 
183.000 -0.137 
184.000 -0.137 
185.000 -0.137 
186.000 -0.137 
187.000 -0.138 
188.000 -0.138 
189.000 -0.138 
190.000 -0.138 
191.000 -0.138 
192.000 -0.138 
193.000 -0.138 
194.000 -0.139 
195.000 -0.139 
196.000 -0.139 
197.000 -0.139 
198.000 -0.139 
199.000 -0.139 
200.000 -0.139 
201.000 -0.140 
202.000 -0.140 
203.000 -0.140 
204.000 -0.140 
205.000 -0.140 
206.000 -0.140 
207.000 -0.140 
208.000 -0.140 
209.000 -0.141 
210.000 -0.141 
211.000 -0.141 
212.000 -0.141 
213.000 -0.141 
214.000 -0.141 
215.000 -0.141 
216.000 -0.142 
217.000 -0.142 
218.000 -0.142 
219.000 -0.142 
220.000 -0.142 
221.000 -0.142 
222.000 -0.142 
223.000 -0.142 
224.000 -0.143 
225.000 -0.143 
226.000 -0.143 
227.000 -0.143 
228.000 -0.143 
229.000 -0.143 
230.000 -0.143 
231.000 -0.143 
232.000 -0.144 
233.000 -0.144 
234.000 -0.144 
235.000 -0.144 
236.000 -0.144 
237.000 -0.144 
238.000 -0.144 
239.000 -0.144 
240.000 -0.145 
241.000 -0.134 
242.000 -0.125 
243.000 -0.117 
244.000 -0.111 
245.000 -0.105 
246.000 -0.101 
247.000 -0.097 
248.000 -0.094 
249.000 -0.091 
250.000 -0.089 
251.000 -0.086 
252.000 -0.084 
253.000 -0.081 
254.000 -0.079 
255.000 -0.076 
256.000 -0.073 
257.000 -0.070 
258.000 -0.067 
259.000 -0.063 
260.000 -0.060 
261.000 -0.057 
262.000 -0.053 
263.000 -0.050 
264.000 -0.047 
265.000 -0.043 
266.000 -0.040 
267.000 -0.037 
268.000 -0.034 
269.000 -0.031 
270.000 -0.028 
271.000 -0.025 
272.000 -0.022 
273.000 -0.019 
274.000 -0.016 
275.000 -0.013 
276.000 -0.010 
277.000 -0.007 
278.000 -0.005 
279.000 -0.002 
280.000 0.001 
281.000 0.004 
282.000 0.007 
283.000 0.010 
284.000 0.012 
285.000 0.015 
286.000 0.018 
287.000 0.020 
288.000 0.023 
289.000 0.026 
290.000 0.028 
291.000 0.031 
292.000 0.034 
293.000 0.036 
294.000 0.039 
295.000 0.041 
296.000 0.044 
297.000 0.046 
298.000 0.048 
299.000 0.051 
300.000 0.053 
301.000 0.056 
302.000 0.058 
303.000 0.060 
304.000 0.063 
305.000 0.065 
306.000 0.067 
307.000 0.069 
308.000 0.071 
309.000 0.074 
310.000 0.076 
311.000 0.078 
312.000 0.080 
313.000 0.082 
314.000 0.084 
315.000 0.086 
316.000 0.088 
317.000 0.090 
318.000 0.092 
319.000 0.094 
320.000 0.096 
321.000 0.097 
322.000 0.099 
323.000 0.101 
324.000 0.103 
325.000 0.105 
326.000 0.106 
327.000 0.108 
328.000 0.110 
329.000 0.111 
330.000 0.113 
331.000 0.115 
332.000 0.116 
333.000 0.118 
334.000 0.119 
335.000 0.121 
336.000 0.122 
337.000 0.124 
338.000 0.125 
339.000 0.127 
340.000 0.128 
341.000 0.129 
342.000 0.131 
343.000 0.132 
344.000 0.133 
345.000 0.135 
346.000 0.136 
347.000 0.137 
348.000 0.138 
349.000 0.140 
350.000 0.141 
351.000 0.142 
352.000 0.143 
353.000 0.144 
354.000 0.145 
355.000 0.146 
356.000 0.148 
357.000 0.149 
358.000 0.150 
359.000 0.151 
360.000 0.152 
361.000 0.172 
362.000 0.190 
363.000 0.206 
364.000 0.219 
365.000 0.231 
366.000 0.240 
367.000 0.248 
368.000 0.254 
369.000 0.260 
370.000 0.264 
371.000 0.268 
372.000 0.271 
373.000 0.274 
374.000 0.278 
375.000 0.281 
376.000 0.285 
377.000 0.289 
378.000 0.293 
379.000 0.297 
380.000 0.302 
381.000 0.306 
382.000 0.311 
383.000 0.315 
384.000 0.320 
385.000 0.324 
386.000 0.328 
387.000 0.332 
388.000 0.335 
389.000 0.338 
390.000 0.341 
391.000 0.344 
392.000 0.347 
393.000 0.349 
394.000 0.351 
395.000 0.354 
396.000 0.356 
397.000 0.358 
398.000 0.360 
399.000 0.361 
400.000 0.363 
401.000 0.365 
402.000 0.367 
403.000 0.368 
404.000 0.370 
405.000 0.371 
406.000 0.373 
407.000 0.374 
408.000 0.376 
409.000 0.377 
410.000 0.378 
411.000 0.379 
412.000 0.380 
413.000 0.381 
414.000 0.382 
415.000 0.383 
416.000 0.384 
417.000 0.385 
418.000 0.386 
419.000 0.386 
420.000 0.387 
421.000 0.388 
422.000 0.388 
423.000 0.389 
424.000 0.389 
425.000 0.390 
426.000 0.391 
427.000 0.391 
428.000 0.391 
429.000 0.392 
430.000 0.392 
431.000 0.393 
432.000 0.393 
433.000 0.394 
434.000 0.394 
435.000 0.394 
436.000 0.394 
437.000 0.395 
438.000 0.395 
439.000 0.395 
440.000 0.396 
441.000 0.396 
442.000 0.396 
443.000 0.396 
444.000 0.396 
445.000 0.397 
446.000 0.397 
447.000 0.397 
448.000 0.397 
449.000 0.397 
450.000 0.397 
451.000 0.398 
452.000 0.398 
453.000 0.398 
454.000 0.398 
455.000 0.398 
456.000 0.398 
457.000 0.398 
458.000 0.398 
459.000 0.398 
460.000 0.398 
461.000 0.399 
462.000 0.399 
463.000 0.399 
464.000 0.399 
465.000 0.399 
466.000 0.399 
467.000 0.399 
468.000 0.399 
469.000 0.399 
470.000 0.399 
471.000 0.399 
472.000 0.399 
473.000 0.399 
474.000 0.399 
475.000 0.399 
476.000 0.399 
477.000 0.399 
478.000 0.399 
479.000 0.399 
480.000 0.399 
481.000 0.482 
482.000 0.554 
483.000 0.616 
484.000 0.668 
485.000 0.713 
486.000 0.749 
487.000 0.778 
488.000 0.799 
489.000 0.814 
490.000 0.824 
491.000 0.828 
492.000 0.829 
493.000 0.827 
494.000 0.822 
495.000 0.816 
496.000 0.809 
497.000 0.801 
498.000 0.794 
499.000 0.787 
500.000 0.781 
501.000 0.776 
502.000 0.772 
503.000 0.769 
504.000 0.768 
505.000 0.769 
506.000 0.770 
507.000 0.773 
508.000 0.776 
509.000 0.780 
510.000 0.784 
511.000 0.789 
512.000 0.793 
513.000 0.797 
514.000 0.801 
515.000 0.805 
516.000 0.807 
517.000 0.810 
518.000 0.811 
519.000 0.812 
520.000 0.812 
521.000 0.812 
522.000 0.811 
523.000 0.809 
524.000 0.808 
525.000 0.806 
526.000 0.804 
527.000 0.803 
528.000 0.801 
529.000 0.799 
530.000 0.798 
531.000 0.797 
532.000 0.796 
533.000 0.795 
534.000 0.795 
535.000 0.795 
536.000 0.795 
537.000 0.795 
538.000 0.796 
539.000 0.797 
540.000 0.797 
541.000 0.798 
542.000 0.799 
543.000 0.800 
544.000 0.800 
545.000 0.801 
546.000 0.801 
547.000 0.802 
548.000 0.802 
549.000 0.802 
550.000 0.802 
551.000 0.802 
552.000 0.802 
553.000 0.802 
554.000 0.801 
555.000 0.801 
556.000 0.801 
557.000 0.800 
558.000 0.800 
559.000 0.800 
560.000 0.800 
561.000 0.799 
562.000 0.799 
563.000 0.799 
564.000 0.799 
565.000 0.799 
566.000 0.799 
567.000 0.799 
568.000 0.799 
569.000 0.799 
570.000 0.800 
571.000 0.800 
572.000 0.800 
573.000 0.800 
574.000 0.800 
575.000 0.800 
576.000 0.800 
577.000 0.800 
578.000 0.800 
579.000 0.800 
580.000 0.800 
581.000 0.800 
582.000 0.800 
583.000 0.800 
584.000 0.800 
585.000 0.800 
586.000 0.800 
587.000 0.800 
588.000 0.800 
589.000 0.800 
590.000 0.800 
591.000 0.800 
592.000 0.800 
593.000 0.800 
594.000 0.800 
595.000 0.800 
596.000 0.800 
597.000 0.800 
598.000 0.800 
599.000 0.800 
600.000 0.800 
601.000 0.862 
602.000 0.916 
603.000 0.963 
604.000 1.000 
605.000 1.000 
606.000 1.000 
607.000 1.000 
608.000 1.000 
609.000 1.000 
610.000 1.000 
611.000 1.000 
612.000 1.000 
613.000 1.000 
614.000 1.000 
615.000 1.000 
616.000 1.000 
617.000 1.000 
618.000 1.000 
619.000 1.000 
620.000 1.000 
621.000 1.000 
622.000 1.000 
623.000 1.000 
624.000 1.000 
625.000 1.000 
626.000 1.000 
627.000 1.000 
628.000 1.000 
629.000 1.000 
630.000 1.000 
631.000 1.000 
632.000 1.000 
633.000 1.000 
634.000 1.000 
635.000 1.000 
636.000 1.000 
637.000 1.000 
638.000 1.000 
639.000 1.000 
640.000 1.000 
641.000 1.000 
642.000 1.000 
643.000 1.000 
644.000 1.000 
645.000 1.000 
646.000 1.000 
647.000 1.000 
648.000 1.000 
649.000 1.000 
650.000 1.000 
651.000 1.000 
652.000 1.000 
653.000 1.000 
654.000 1.000 
655.000 1.000 
656.000 1.000 
657.000 1.000 
658.000 1.000 
659.000 1.000 
660.000 1.000 
661.000 1.000 
662.000 1.000 
663.000 1.000 
664.000 1.000 
665.000 1.000 
666.000 1.000 
667.000 1.000 
668.000 1.000 
669.000 1.000 
670.000 1.000 
671.000 1.000 
672.000 1.000 
673.000 1.000 
674.000 1.000 
675.000 1.000 
676.000 1.000 
677.000 1.000 
678.000 1.000 
679.000 1.000 
680.000 1.000 
681.000 1.000 
682.000 1.000 
683.000 1.000 
684.000 1.000 
685.000 1.000 
686.000 1.000 
687.000 1.000 
688.000 1.000 
689.000 1.000 
690.000 1.000 
691.000 1.000 
692.000 1.000 
693.000 1.000 
694.000 1.000 
695.000 1.000 
696.000 1.000 
697.000 1.000 
698.000 1.000 
699.000 1.000 
700.000 1.000 
701.000 1.000 
702.000 1.000 
703.000 1.000 
704.000 1.000 
705.000 1.000 
706.000 1.000 
707.000 1.000 
708.000 1.000 
709.000 1.000 
710.000 1.000 
711.000 1.000 
712.000 1.000 
713.000 1.000 
714.000 1.000 
715.000 1.000 
716.000 1.000 
717.000 1.000 
718.000 1.000 
719.000 1.000 
720.000 1.000 
721.000 1.000 
722.000 1.000 
723.000 1.000 
724.000 1.000 
725.000 1.000 
726.000 1.000 
727.000 1.000 
728.000 1.000 
729.000 1.000 
730.000 1.000 
731.000 1.000 
732.000 1.000 
733.000 1.000 
734.000 1.000 
735.000 1.000 
736.000 1.000 
737.000 1.000 
738.000 1.000 
739.000 1.000 
740.000 1.000 
741.000 1.000 
742.000 1.000 
743.000 1.000 
744.000 1.000 
745.000 1.000 
746.000 1.000 
747.000 1.000 
748.000 1.000 
749.000 1.000 
750.000 1.000 
751.000 1.000 
752.000 1.000 
753.000 1.000 
754.000 1.000 
755.000 1.000 
756.000 1.000 
757.000 1.000 
758.000 1.000 
759.000 1.000 
760.000 1.000 
761.000 1.000 
762.000 1.000 
763.000 1.000 
764.000 1.000 
765.000 1.000 
766.000 1.000 
767.000 1.000 
768.000 1.000 
769.000 1.000 
770.000 1.000 
771.000 1.000 
772.000 1.000 
773.000 1.000 
774.000 1.000 
775.000 1.000 
776.000 1.000 
777.000 1.000 
778.000 1.000 
779.000 1.000 
780.000 1.000 
781.000 1.000 
782.000 1.000 
783.000 1.000 
784.000 1.000 
785.000 1.000 
786.000 1.000 
787.000 1.000 
788.000 1.000 
789.000 1.000 
790.000 1.000 
791.000 1.000 
792.000 1.000 
793.000 1.000 
794.000 1.000 
795.000 1.000 
796.000 1.000 
797.000 1.000 
798.000 1.000 
799.000 1.000 
800.000 1.000 
