1.000 0.000 
2.000 0.000 
3.000 0.000 
4.000 0.000 
5.000 0.000 
6.000 0.000 
7.000 -0.013 
8.000 -0.024 
9.000 -0.034 
10.000 -0.041 
11.000 -0.046 
12.000 -0.049 
13.000 -0.049 
14.000 -0.048 
15.000 -0.046 
16.000 -0.044 
17.000 -0.042 
18.000 -0.040 
19.000 -0.040 
20.000 -0.042 
21.000 -0.045 
22.000 -0.048 
23.000 -0.053 
24.000 -0.058 
25.000 -0.062 
26.000 -0.066 
27.000 -0.070 
28.000 -0.072 
29.000 -0.074 
30.000 -0.075 
31.000 -0.076 
32.000 -0.076 
33.000 -0.077 
34.000 -0.077 
35.000 -0.078 
36.000 -0.079 
37.000 -0.081 
38.000 -0.083 
39.000 -0.086 
40.000 -0.088 
41.000 -0.091 
42.000 -0.094 
43.000 -0.096 
44.000 -0.098 
45.000 -0.100 
46.000 -0.101 
47.000 -0.103 
48.000 -0.104 
49.000 -0.105 
50.000 -0.106 
51.000 -0.107 
52.000 -0.109 
53.000 -0.110 
54.000 -0.112 
55.000 -0.114 
56.000 -0.116 
57.000 -0.117 
58.000 -0.119 
59.000 -0.121 
60.000 -0.123 
61.000 -0.124 
62.000 -0.126 
63.000 -0.127 
64.000 -0.128 
65.000 -0.130 
66.000 -0.131 
67.000 -0.132 
68.000 -0.134 
69.000 -0.135 
70.000 -0.137 
71.000 -0.138 
72.000 -0.140 
73.000 -0.141 
74.000 -0.143 
75.000 -0.144 
76.000 -0.145 
77.000 -0.147 
78.000 -0.148 
79.000 -0.150 
80.000 -0.151 
81.000 -0.152 
82.000 -0.154 
83.000 -0.155 
84.000 -0.156 
85.000 -0.157 
86.000 -0.159 
87.000 -0.160 
88.000 -0.161 
89.000 -0.163 
90.000 -0.164 
91.000 -0.165 
92.000 -0.167 
93.000 -0.168 
94.000 -0.169 
95.000 -0.170 
96.000 -0.172 
97.000 -0.173 
98.000 -0.174 
99.000 -0.175 
100.000 -0.176 
101.000 -0.178 
102.000 -0.179 
103.000 -0.180 
104.000 -0.181 
105.000 -0.182 
106.000 -0.184 
107.000 -0.185 
108.000 -0.186 
109.000 -0.187 
110.000 -0.188 
111.000 -0.189 
112.000 -0.191 
113.000 -0.192 
114.000 -0.193 
115.000 -0.194 
116.000 -0.195 
117.000 -0.196 
118.000 -0.197 
119.000 -0.199 
120.000 -0.200 
121.000 -0.195 
122.000 -0.192 
123.000 -0.189 
124.000 -0.186 
125.000 -0.185 
126.000 -0.185 
127.000 -0.186 
128.000 -0.187 
129.000 -0.189 
130.000 -0.191 
131.000 -0.192 
132.000 -0.194 
133.000 -0.194 
134.000 -0.194 
135.000 -0.194 
136.000 -0.193 
137.000 -0.192 
138.000 -0.192 
139.000 -0.191 
140.000 -0.190 
141.000 -0.189 
142.000 -0.189 
143.000 -0.189 
144.000 -0.190 
145.000 -0.190 
146.000 -0.191 
147.000 -0.191 
148.000 -0.191 
149.000 -0.192 
150.000 -0.192 
151.000 -0.192 
152.000 -0.192 
153.000 -0.191 
154.000 -0.191 
155.000 -0.191 
156.000 -0.191 
157.000 -0.190 
158.000 -0.190 
159.000 -0.190 
160.000 -0.190 
161.000 -0.190 
162.000 -0.190 
163.000 -0.191 
164.000 -0.191 
165.000 -0.191 
166.000 -0.191 
167.000 -0.191 
168.000 -0.191 
169.000 -0.191 
170.000 -0.191 
171.000 -0.190 
172.000 -0.190 
173.000 -0.190 
174.000 -0.190 
175.000 -0.190 
176.000 -0.190 
177.000 -0.190 
178.000 -0.190 
179.000 -0.190 
180.000 -0.190 
181.000 -0.190 
182.000 -0.190 
183.000 -0.190 
184.000 -0.190 
185.000 -0.190 
186.000 -0.190 
187.000 -0.190 
188.000 -0.190 
189.000 -0.190 
190.000 -0.190 
191.000 -0.190 
192.000 -0.190 
193.000 -0.190 
194.000 -0.190 
195.000 -0.190 
196.000 -0.190 
197.000 -0.190 
198.000 -0.190 
199.000 -0.190 
200.000 -0.190 
201.000 -0.190 
202.000 -0.190 
203.000 -0.190 
204.000 -0.190 
205.000 -0.190 
206.000 -0.190 
207.000 -0.190 
208.000 -0.190 
209.000 -0.190 
210.000 -0.190 
211.000 -0.190 
212.000 -0.190 
213.000 -0.190 
214.000 -0.190 
215.000 -0.190 
216.000 -0.190 
217.000 -0.190 
218.000 -0.190 
219.000 -0.190 
220.000 -0.190 
221.000 -0.190 
222.000 -0.190 
223.000 -0.190 
224.000 -0.190 
225.000 -0.190 
226.000 -0.190 
227.000 -0.190 
228.000 -0.190 
229.000 -0.190 
230.000 -0.190 
231.000 -0.190 
232.000 -0.190 
233.000 -0.190 
234.000 -0.190 
235.000 -0.190 
236.000 -0.189 
237.000 -0.189 
238.000 -0.189 
239.000 -0.189 
240.000 -0.189 
241.000 -0.159 
242.000 -0.131 
243.000 -0.108 
244.000 -0.090 
245.000 -0.077 
246.000 -0.070 
247.000 -0.068 
248.000 -0.070 
249.000 -0.074 
250.000 -0.079 
251.000 -0.082 
252.000 -0.083 
253.000 -0.082 
254.000 -0.077 
255.000 -0.070 
256.000 -0.061 
257.000 -0.050 
258.000 -0.038 
259.000 -0.028 
260.000 -0.018 
261.000 -0.009 
262.000 -0.003 
263.000 0.002 
264.000 0.005 
265.000 0.008 
266.000 0.009 
267.000 0.011 
268.000 0.013 
269.000 0.016 
270.000 0.020 
271.000 0.024 
272.000 0.030 
273.000 0.036 
274.000 0.042 
275.000 0.048 
276.000 0.054 
277.000 0.060 
278.000 0.065 
279.000 0.069 
280.000 0.073 
281.000 0.076 
282.000 0.078 
283.000 0.081 
284.000 0.083 
285.000 0.086 
286.000 0.089 
287.000 0.092 
288.000 0.095 
289.000 0.098 
290.000 0.102 
291.000 0.106 
292.000 0.110 
293.000 0.113 
294.000 0.117 
295.000 0.120 
296.000 0.123 
297.000 0.125 
298.000 0.127 
299.000 0.129 
300.000 0.131 
301.000 0.133 
302.000 0.135 
303.000 0.137 
304.000 0.139 
305.000 0.141 
306.000 0.143 
307.000 0.145 
308.000 0.147 
309.000 0.149 
310.000 0.152 
311.000 0.154 
312.000 0.155 
313.000 0.157 
314.000 0.159 
315.000 0.160 
316.000 0.161 
317.000 0.162 
318.000 0.163 
319.000 0.164 
320.000 0.165 
321.000 0.166 
322.000 0.168 
323.000 0.169 
324.000 0.170 
325.000 0.171 
326.000 0.172 
327.000 0.174 
328.000 0.175 
329.000 0.176 
330.000 0.177 
331.000 0.178 
332.000 0.178 
333.000 0.179 
334.000 0.180 
335.000 0.180 
336.000 0.181 
337.000 0.181 
338.000 0.182 
339.000 0.182 
340.000 0.183 
341.000 0.184 
342.000 0.184 
343.000 0.185 
344.000 0.186 
345.000 0.186 
346.000 0.187 
347.000 0.187 
348.000 0.188 
349.000 0.188 
350.000 0.189 
351.000 0.189 
352.000 0.189 
353.000 0.190 
354.000 0.190 
355.000 0.190 
356.000 0.190 
357.000 0.191 
358.000 0.191 
359.000 0.191 
360.000 0.192 
361.000 0.250 
362.000 0.301 
363.000 0.345 
364.000 0.379 
365.000 0.403 
366.000 0.415 
367.000 0.416 
368.000 0.406 
369.000 0.389 
370.000 0.365 
371.000 0.339 
372.000 0.314 
373.000 0.293 
374.000 0.278 
375.000 0.272 
376.000 0.275 
377.000 0.289 
378.000 0.311 
379.000 0.339 
380.000 0.371 
381.000 0.403 
382.000 0.431 
383.000 0.453 
384.000 0.466 
385.000 0.469 
386.000 0.463 
387.000 0.448 
388.000 0.426 
389.000 0.400 
390.000 0.372 
391.000 0.345 
392.000 0.323 
393.000 0.308 
394.000 0.301 
395.000 0.305 
396.000 0.318 
397.000 0.339 
398.000 0.367 
399.000 0.398 
400.000 0.428 
401.000 0.455 
402.000 0.475 
403.000 0.486 
404.000 0.487 
405.000 0.479 
406.000 0.461 
407.000 0.437 
408.000 0.408 
409.000 0.377 
410.000 0.349 
411.000 0.325 
412.000 0.309 
413.000 0.302 
414.000 0.305 
415.000 0.319 
416.000 0.342 
417.000 0.371 
418.000 0.404 
419.000 0.437 
420.000 0.465 
421.000 0.485 
422.000 0.497 
423.000 0.497 
424.000 0.487 
425.000 0.467 
426.000 0.441 
427.000 0.409 
428.000 0.376 
429.000 0.345 
430.000 0.320 
431.000 0.302 
432.000 0.295 
433.000 0.299 
434.000 0.314 
435.000 0.339 
436.000 0.371 
437.000 0.407 
438.000 0.442 
439.000 0.472 
440.000 0.494 
441.000 0.505 
442.000 0.505 
443.000 0.494 
444.000 0.472 
445.000 0.443 
446.000 0.409 
447.000 0.373 
448.000 0.340 
449.000 0.313 
450.000 0.294 
451.000 0.287 
452.000 0.291 
453.000 0.308 
454.000 0.335 
455.000 0.370 
456.000 0.409 
457.000 0.446 
458.000 0.479 
459.000 0.502 
460.000 0.514 
461.000 0.513 
462.000 0.501 
463.000 0.477 
464.000 0.445 
465.000 0.408 
466.000 0.370 
467.000 0.334 
468.000 0.305 
469.000 0.285 
470.000 0.278 
471.000 0.283 
472.000 0.302 
473.000 0.332 
474.000 0.370 
475.000 0.411 
476.000 0.452 
477.000 0.486 
478.000 0.511 
479.000 0.523 
480.000 0.522 
481.000 0.750 
482.000 0.941 
483.000 1.000 
484.000 1.000 
485.000 1.000 
486.000 1.000 
487.000 1.000 
488.000 1.000 
489.000 1.000 
490.000 1.000 
491.000 1.000 
492.000 1.000 
493.000 0.913 
494.000 0.788 
495.000 0.672 
496.000 0.569 
497.000 0.486 
498.000 0.428 
499.000 0.402 
500.000 0.412 
501.000 0.461 
502.000 0.551 
503.000 0.675 
504.000 0.826 
505.000 0.987 
506.000 1.000 
507.000 1.000 
508.000 1.000 
509.000 1.000 
510.000 1.000 
511.000 1.000 
512.000 1.000 
513.000 1.000 
514.000 1.000 
515.000 1.000 
516.000 1.000 
517.000 1.000 
518.000 1.000 
519.000 1.000 
520.000 0.988 
521.000 0.849 
522.000 0.724 
523.000 0.619 
524.000 0.537 
525.000 0.483 
526.000 0.458 
527.000 0.466 
528.000 0.510 
529.000 0.589 
530.000 0.699 
531.000 0.832 
532.000 0.976 
533.000 1.000 
534.000 1.000 
535.000 1.000 
536.000 1.000 
537.000 1.000 
538.000 1.000 
539.000 1.000 
540.000 1.000 
541.000 1.000 
542.000 1.000 
543.000 1.000 
544.000 1.000 
545.000 1.000 
546.000 1.000 
547.000 0.882 
548.000 0.743 
549.000 0.618 
550.000 0.513 
551.000 0.432 
552.000 0.381 
553.000 0.366 
554.000 0.393 
555.000 0.465 
556.000 0.580 
557.000 0.730 
558.000 0.903 
559.000 1.000 
560.000 1.000 
561.000 1.000 
562.000 1.000 
563.000 1.000 
564.000 1.000 
565.000 1.000 
566.000 1.000 
567.000 1.000 
568.000 1.000 
569.000 1.000 
570.000 1.000 
571.000 1.000 
572.000 1.000 
573.000 1.000 
574.000 1.000 
575.000 0.919 
576.000 0.772 
577.000 0.641 
578.000 0.533 
579.000 0.452 
580.000 0.403 
581.000 0.389 
582.000 0.416 
583.000 0.486 
584.000 0.596 
585.000 0.742 
586.000 0.908 
587.000 1.000 
588.000 1.000 
589.000 1.000 
590.000 1.000 
591.000 1.000 
592.000 1.000 
593.000 1.000 
594.000 1.000 
595.000 1.000 
596.000 1.000 
597.000 1.000 
598.000 1.000 
599.000 1.000 
600.000 1.000 
601.000 1.000 
602.000 1.000 
603.000 1.000 
604.000 1.000 
605.000 1.000 
606.000 1.000 
607.000 1.000 
608.000 1.000 
609.000 1.000 
610.000 1.000 
611.000 1.000 
612.000 1.000 
613.000 1.000 
614.000 1.000 
615.000 1.000 
616.000 1.000 
617.000 1.000 
618.000 1.000 
619.000 1.000 
620.000 1.000 
621.000 1.000 
622.000 1.000 
623.000 1.000 
624.000 1.000 
625.000 1.000 
626.000 1.000 
627.000 1.000 
628.000 1.000 
629.000 1.000 
630.000 1.000 
631.000 1.000 
632.000 1.000 
633.000 1.000 
634.000 1.000 
635.000 1.000 
636.000 1.000 
637.000 1.000 
638.000 1.000 
639.000 1.000 
640.000 1.000 
641.000 1.000 
642.000 1.000 
643.000 1.000 
644.000 1.000 
645.000 1.000 
646.000 1.000 
647.000 1.000 
648.000 1.000 
649.000 1.000 
650.000 1.000 
651.000 1.000 
652.000 1.000 
653.000 1.000 
654.000 1.000 
655.000 1.000 
656.000 1.000 
657.000 1.000 
658.000 1.000 
659.000 1.000 
660.000 1.000 
661.000 1.000 
662.000 1.000 
663.000 1.000 
664.000 1.000 
665.000 1.000 
666.000 1.000 
667.000 1.000 
668.000 1.000 
669.000 1.000 
670.000 1.000 
671.000 1.000 
672.000 1.000 
673.000 1.000 
674.000 1.000 
675.000 1.000 
676.000 1.000 
677.000 1.000 
678.000 1.000 
679.000 1.000 
680.000 1.000 
681.000 1.000 
682.000 1.000 
683.000 1.000 
684.000 1.000 
685.000 1.000 
686.000 1.000 
687.000 1.000 
688.000 1.000 
689.000 1.000 
690.000 1.000 
691.000 1.000 
692.000 1.000 
693.000 1.000 
694.000 1.000 
695.000 1.000 
696.000 1.000 
697.000 1.000 
698.000 1.000 
699.000 1.000 
700.000 1.000 
701.000 1.000 
702.000 1.000 
703.000 1.000 
704.000 1.000 
705.000 1.000 
706.000 1.000 
707.000 1.000 
708.000 1.000 
709.000 1.000 
710.000 1.000 
711.000 1.000 
712.000 1.000 
713.000 1.000 
714.000 1.000 
715.000 1.000 
716.000 1.000 
717.000 1.000 
718.000 1.000 
719.000 1.000 
720.000 1.000 
721.000 1.000 
722.000 1.000 
723.000 1.000 
724.000 1.000 
725.000 1.000 
726.000 1.000 
727.000 1.000 
728.000 1.000 
729.000 1.000 
730.000 1.000 
731.000 1.000 
732.000 1.000 
733.000 1.000 
734.000 1.000 
735.000 1.000 
736.000 1.000 
737.000 1.000 
738.000 1.000 
739.000 1.000 
740.000 1.000 
741.000 1.000 
742.000 1.000 
743.000 1.000 
744.000 1.000 
745.000 1.000 
746.000 1.000 
747.000 1.000 
748.000 1.000 
749.000 1.000 
750.000 1.000 
751.000 1.000 
752.000 1.000 
753.000 1.000 
754.000 1.000 
755.000 1.000 
756.000 1.000 
757.000 1.000 
758.000 1.000 
759.000 1.000 
760.000 1.000 
761.000 1.000 
762.000 1.000 
763.000 1.000 
764.000 1.000 
765.000 1.000 
766.000 1.000 
767.000 1.000 
768.000 1.000 
769.000 1.000 
770.000 1.000 
771.000 1.000 
772.000 1.000 
773.000 1.000 
774.000 1.000 
775.000 1.000 
776.000 1.000 
777.000 1.000 
778.000 1.000 
779.000 1.000 
780.000 1.000 
781.000 1.000 
782.000 1.000 
783.000 1.000 
784.000 1.000 
785.000 1.000 
786.000 1.000 
787.000 1.000 
788.000 1.000 
789.000 1.000 
790.000 1.000 
791.000 1.000 
792.000 1.000 
793.000 1.000 
794.000 1.000 
795.000 1.000 
796.000 1.000 
797.000 1.000 
798.000 1.000 
799.000 1.000 
800.000 1.000 
