1.000 0.000 
2.000 0.000 
3.000 0.000 
4.000 0.000 
5.000 0.000 
6.000 0.000 
7.000 -0.022 
8.000 -0.035 
9.000 -0.040 
10.000 -0.041 
11.000 -0.039 
12.000 -0.036 
13.000 -0.032 
14.000 -0.029 
15.000 -0.029 
16.000 -0.030 
17.000 -0.033 
18.000 -0.037 
19.000 -0.042 
20.000 -0.046 
21.000 -0.050 
22.000 -0.052 
23.000 -0.054 
24.000 -0.055 
25.000 -0.055 
26.000 -0.056 
27.000 -0.057 
28.000 -0.058 
29.000 -0.060 
30.000 -0.062 
31.000 -0.064 
32.000 -0.066 
33.000 -0.069 
34.000 -0.071 
35.000 -0.072 
36.000 -0.074 
37.000 -0.075 
38.000 -0.077 
39.000 -0.078 
40.000 -0.080 
41.000 -0.081 
42.000 -0.083 
43.000 -0.084 
44.000 -0.086 
45.000 -0.088 
46.000 -0.089 
47.000 -0.091 
48.000 -0.092 
49.000 -0.094 
50.000 -0.095 
51.000 -0.097 
52.000 -0.098 
53.000 -0.100 
54.000 -0.101 
55.000 -0.103 
56.000 -0.104 
57.000 -0.105 
58.000 -0.107 
59.000 -0.108 
60.000 -0.110 
61.000 -0.111 
62.000 -0.113 
63.000 -0.114 
64.000 -0.115 
65.000 -0.117 
66.000 -0.118 
67.000 -0.119 
68.000 -0.121 
69.000 -0.122 
70.000 -0.123 
71.000 -0.125 
72.000 -0.126 
73.000 -0.127 
74.000 -0.129 
75.000 -0.130 
76.000 -0.131 
77.000 -0.132 
78.000 -0.134 
79.000 -0.135 
80.000 -0.136 
81.000 -0.137 
82.000 -0.139 
83.000 -0.140 
84.000 -0.141 
85.000 -0.142 
86.000 -0.144 
87.000 -0.145 
88.000 -0.146 
89.000 -0.147 
90.000 -0.148 
91.000 -0.149 
92.000 -0.151 
93.000 -0.152 
94.000 -0.153 
95.000 -0.154 
96.000 -0.155 
97.000 -0.156 
98.000 -0.158 
99.000 -0.159 
100.000 -0.160 
101.000 -0.161 
102.000 -0.162 
103.000 -0.163 
104.000 -0.164 
105.000 -0.165 
106.000 -0.167 
107.000 -0.168 
108.000 -0.169 
109.000 -0.170 
110.000 -0.171 
111.000 -0.172 
112.000 -0.173 
113.000 -0.174 
114.000 -0.175 
115.000 -0.176 
116.000 -0.177 
117.000 -0.178 
118.000 -0.179 
119.000 -0.180 
120.000 -0.181 
121.000 -0.173 
122.000 -0.169 
123.000 -0.167 
124.000 -0.168 
125.000 -0.170 
126.000 -0.172 
127.000 -0.175 
128.000 -0.176 
129.000 -0.177 
130.000 -0.177 
131.000 -0.177 
132.000 -0.176 
133.000 -0.175 
134.000 -0.174 
135.000 -0.174 
136.000 -0.174 
137.000 -0.174 
138.000 -0.174 
139.000 -0.175 
140.000 -0.175 
141.000 -0.176 
142.000 -0.176 
143.000 -0.176 
144.000 -0.176 
145.000 -0.176 
146.000 -0.175 
147.000 -0.175 
148.000 -0.175 
149.000 -0.175 
150.000 -0.176 
151.000 -0.176 
152.000 -0.176 
153.000 -0.176 
154.000 -0.176 
155.000 -0.176 
156.000 -0.176 
157.000 -0.176 
158.000 -0.176 
159.000 -0.176 
160.000 -0.176 
161.000 -0.176 
162.000 -0.176 
163.000 -0.176 
164.000 -0.176 
165.000 -0.176 
166.000 -0.176 
167.000 -0.176 
168.000 -0.176 
169.000 -0.177 
170.000 -0.177 
171.000 -0.177 
172.000 -0.177 
173.000 -0.177 
174.000 -0.177 
175.000 -0.177 
176.000 -0.177 
177.000 -0.177 
178.000 -0.177 
179.000 -0.177 
180.000 -0.177 
181.000 -0.177 
182.000 -0.177 
183.000 -0.177 
184.000 -0.177 
185.000 -0.177 
186.000 -0.177 
187.000 -0.177 
188.000 -0.177 
189.000 -0.177 
190.000 -0.177 
191.000 -0.177 
192.000 -0.177 
193.000 -0.177 
194.000 -0.178 
195.000 -0.178 
196.000 -0.178 
197.000 -0.178 
198.000 -0.178 
199.000 -0.178 
200.000 -0.178 
201.000 -0.178 
202.000 -0.178 
203.000 -0.178 
204.000 -0.178 
205.000 -0.178 
206.000 -0.178 
207.000 -0.178 
208.000 -0.178 
209.000 -0.178 
210.000 -0.178 
211.000 -0.178 
212.000 -0.178 
213.000 -0.178 
214.000 -0.178 
215.000 -0.178 
216.000 -0.178 
217.000 -0.178 
218.000 -0.178 
219.000 -0.178 
220.000 -0.178 
221.000 -0.178 
222.000 -0.179 
223.000 -0.179 
224.000 -0.179 
225.000 -0.179 
226.000 -0.179 
227.000 -0.179 
228.000 -0.179 
229.000 -0.179 
230.000 -0.179 
231.000 -0.179 
232.000 -0.179 
233.000 -0.179 
234.000 -0.179 
235.000 -0.179 
236.000 -0.179 
237.000 -0.179 
238.000 -0.179 
239.000 -0.179 
240.000 -0.179 
241.000 -0.125 
242.000 -0.095 
243.000 -0.082 
244.000 -0.080 
245.000 -0.085 
246.000 -0.093 
247.000 -0.100 
248.000 -0.105 
249.000 -0.105 
250.000 -0.100 
251.000 -0.092 
252.000 -0.081 
253.000 -0.070 
254.000 -0.061 
255.000 -0.053 
256.000 -0.047 
257.000 -0.043 
258.000 -0.040 
259.000 -0.037 
260.000 -0.035 
261.000 -0.032 
262.000 -0.028 
263.000 -0.023 
264.000 -0.018 
265.000 -0.012 
266.000 -0.007 
267.000 -0.001 
268.000 0.004 
269.000 0.008 
270.000 0.012 
271.000 0.016 
272.000 0.020 
273.000 0.023 
274.000 0.027 
275.000 0.031 
276.000 0.035 
277.000 0.039 
278.000 0.043 
279.000 0.047 
280.000 0.051 
281.000 0.055 
282.000 0.058 
283.000 0.062 
284.000 0.065 
285.000 0.069 
286.000 0.072 
287.000 0.075 
288.000 0.078 
289.000 0.081 
290.000 0.084 
291.000 0.088 
292.000 0.091 
293.000 0.094 
294.000 0.096 
295.000 0.099 
296.000 0.102 
297.000 0.105 
298.000 0.107 
299.000 0.110 
300.000 0.112 
301.000 0.115 
302.000 0.117 
303.000 0.119 
304.000 0.122 
305.000 0.124 
306.000 0.126 
307.000 0.128 
308.000 0.130 
309.000 0.132 
310.000 0.134 
311.000 0.136 
312.000 0.138 
313.000 0.140 
314.000 0.142 
315.000 0.144 
316.000 0.145 
317.000 0.147 
318.000 0.148 
319.000 0.150 
320.000 0.151 
321.000 0.153 
322.000 0.154 
323.000 0.156 
324.000 0.157 
325.000 0.158 
326.000 0.160 
327.000 0.161 
328.000 0.162 
329.000 0.163 
330.000 0.164 
331.000 0.166 
332.000 0.167 
333.000 0.168 
334.000 0.169 
335.000 0.170 
336.000 0.171 
337.000 0.171 
338.000 0.172 
339.000 0.173 
340.000 0.174 
341.000 0.175 
342.000 0.176 
343.000 0.176 
344.000 0.177 
345.000 0.178 
346.000 0.178 
347.000 0.179 
348.000 0.180 
349.000 0.180 
350.000 0.181 
351.000 0.182 
352.000 0.182 
353.000 0.183 
354.000 0.183 
355.000 0.184 
356.000 0.184 
357.000 0.185 
358.000 0.185 
359.000 0.186 
360.000 0.186 
361.000 0.287 
362.000 0.344 
363.000 0.369 
364.000 0.373 
365.000 0.365 
366.000 0.348 
367.000 0.327 
368.000 0.307 
369.000 0.291 
370.000 0.282 
371.000 0.282 
372.000 0.289 
373.000 0.304 
374.000 0.323 
375.000 0.343 
376.000 0.363 
377.000 0.378 
378.000 0.388 
379.000 0.392 
380.000 0.391 
381.000 0.386 
382.000 0.378 
383.000 0.370 
384.000 0.362 
385.000 0.357 
386.000 0.355 
387.000 0.357 
388.000 0.361 
389.000 0.368 
390.000 0.376 
391.000 0.385 
392.000 0.392 
393.000 0.398 
394.000 0.401 
395.000 0.402 
396.000 0.400 
397.000 0.397 
398.000 0.394 
399.000 0.390 
400.000 0.386 
401.000 0.384 
402.000 0.383 
403.000 0.384 
404.000 0.386 
405.000 0.389 
406.000 0.392 
407.000 0.396 
408.000 0.399 
409.000 0.401 
410.000 0.403 
411.000 0.403 
412.000 0.402 
413.000 0.400 
414.000 0.398 
415.000 0.396 
416.000 0.395 
417.000 0.394 
418.000 0.393 
419.000 0.394 
420.000 0.395 
421.000 0.396 
422.000 0.398 
423.000 0.399 
424.000 0.400 
425.000 0.401 
426.000 0.402 
427.000 0.402 
428.000 0.401 
429.000 0.401 
430.000 0.400 
431.000 0.399 
432.000 0.398 
433.000 0.397 
434.000 0.397 
435.000 0.397 
436.000 0.398 
437.000 0.398 
438.000 0.399 
439.000 0.400 
440.000 0.400 
441.000 0.401 
442.000 0.401 
443.000 0.401 
444.000 0.401 
445.000 0.400 
446.000 0.400 
447.000 0.400 
448.000 0.399 
449.000 0.399 
450.000 0.399 
451.000 0.399 
452.000 0.399 
453.000 0.399 
454.000 0.400 
455.000 0.400 
456.000 0.400 
457.000 0.401 
458.000 0.401 
459.000 0.401 
460.000 0.400 
461.000 0.400 
462.000 0.400 
463.000 0.400 
464.000 0.400 
465.000 0.400 
466.000 0.399 
467.000 0.400 
468.000 0.400 
469.000 0.400 
470.000 0.400 
471.000 0.400 
472.000 0.400 
473.000 0.400 
474.000 0.400 
475.000 0.400 
476.000 0.400 
477.000 0.400 
478.000 0.400 
479.000 0.400 
480.000 0.400 
481.000 0.825 
482.000 1.000 
483.000 1.000 
484.000 1.000 
485.000 1.000 
486.000 1.000 
487.000 1.000 
488.000 1.000 
489.000 1.000 
490.000 0.986 
491.000 0.870 
492.000 0.788 
493.000 0.736 
494.000 0.708 
495.000 0.698 
496.000 0.703 
497.000 0.720 
498.000 0.747 
499.000 0.781 
500.000 0.819 
501.000 0.854 
502.000 0.884 
503.000 0.904 
504.000 0.912 
505.000 0.909 
506.000 0.894 
507.000 0.872 
508.000 0.844 
509.000 0.814 
510.000 0.786 
511.000 0.761 
512.000 0.742 
513.000 0.731 
514.000 0.729 
515.000 0.734 
516.000 0.747 
517.000 0.766 
518.000 0.787 
519.000 0.809 
520.000 0.829 
521.000 0.845 
522.000 0.855 
523.000 0.858 
524.000 0.855 
525.000 0.846 
526.000 0.833 
527.000 0.817 
528.000 0.800 
529.000 0.785 
530.000 0.773 
531.000 0.764 
532.000 0.760 
533.000 0.760 
534.000 0.765 
535.000 0.774 
536.000 0.785 
537.000 0.797 
538.000 0.809 
539.000 0.819 
540.000 0.826 
541.000 0.831 
542.000 0.831 
543.000 0.828 
544.000 0.823 
545.000 0.815 
546.000 0.806 
547.000 0.797 
548.000 0.789 
549.000 0.783 
550.000 0.779 
551.000 0.777 
552.000 0.779 
553.000 0.782 
554.000 0.787 
555.000 0.794 
556.000 0.800 
557.000 0.807 
558.000 0.812 
559.000 0.815 
560.000 0.817 
561.000 0.817 
562.000 0.815 
563.000 0.811 
564.000 0.806 
565.000 0.801 
566.000 0.797 
567.000 0.793 
568.000 0.790 
569.000 0.788 
570.000 0.788 
571.000 0.789 
572.000 0.791 
573.000 0.794 
574.000 0.798 
575.000 0.801 
576.000 0.805 
577.000 0.807 
578.000 0.809 
579.000 0.809 
580.000 0.809 
581.000 0.807 
582.000 0.805 
583.000 0.803 
584.000 0.800 
585.000 0.797 
586.000 0.795 
587.000 0.794 
588.000 0.793 
589.000 0.793 
590.000 0.794 
591.000 0.796 
592.000 0.797 
593.000 0.799 
594.000 0.801 
595.000 0.803 
596.000 0.804 
597.000 0.805 
598.000 0.805 
599.000 0.805 
600.000 0.804 
601.000 1.000 
602.000 1.000 
603.000 1.000 
604.000 1.000 
605.000 1.000 
606.000 1.000 
607.000 1.000 
608.000 1.000 
609.000 1.000 
610.000 1.000 
611.000 1.000 
612.000 1.000 
613.000 1.000 
614.000 1.000 
615.000 1.000 
616.000 1.000 
617.000 1.000 
618.000 1.000 
619.000 1.000 
620.000 1.000 
621.000 1.000 
622.000 1.000 
623.000 1.000 
624.000 1.000 
625.000 1.000 
626.000 1.000 
627.000 1.000 
628.000 1.000 
629.000 1.000 
630.000 1.000 
631.000 1.000 
632.000 1.000 
633.000 1.000 
634.000 1.000 
635.000 1.000 
636.000 1.000 
637.000 1.000 
638.000 1.000 
639.000 1.000 
640.000 1.000 
641.000 1.000 
642.000 1.000 
643.000 1.000 
644.000 1.000 
645.000 1.000 
646.000 1.000 
647.000 1.000 
648.000 1.000 
649.000 1.000 
650.000 1.000 
651.000 1.000 
652.000 1.000 
653.000 1.000 
654.000 1.000 
655.000 1.000 
656.000 1.000 
657.000 1.000 
658.000 1.000 
659.000 1.000 
660.000 1.000 
661.000 1.000 
662.000 1.000 
663.000 1.000 
664.000 1.000 
665.000 1.000 
666.000 1.000 
667.000 1.000 
668.000 1.000 
669.000 1.000 
670.000 1.000 
671.000 1.000 
672.000 1.000 
673.000 1.000 
674.000 1.000 
675.000 1.000 
676.000 1.000 
677.000 1.000 
678.000 1.000 
679.000 1.000 
680.000 1.000 
681.000 1.000 
682.000 1.000 
683.000 1.000 
684.000 1.000 
685.000 1.000 
686.000 1.000 
687.000 1.000 
688.000 1.000 
689.000 1.000 
690.000 1.000 
691.000 1.000 
692.000 1.000 
693.000 1.000 
694.000 1.000 
695.000 1.000 
696.000 1.000 
697.000 1.000 
698.000 1.000 
699.000 1.000 
700.000 1.000 
701.000 1.000 
702.000 1.000 
703.000 1.000 
704.000 1.000 
705.000 1.000 
706.000 1.000 
707.000 1.000 
708.000 1.000 
709.000 1.000 
710.000 1.000 
711.000 1.000 
712.000 1.000 
713.000 1.000 
714.000 1.000 
715.000 1.000 
716.000 1.000 
717.000 1.000 
718.000 1.000 
719.000 1.000 
720.000 1.000 
721.000 1.000 
722.000 1.000 
723.000 1.000 
724.000 1.000 
725.000 1.000 
726.000 1.000 
727.000 1.000 
728.000 1.000 
729.000 1.000 
730.000 1.000 
731.000 1.000 
732.000 1.000 
733.000 1.000 
734.000 1.000 
735.000 1.000 
736.000 1.000 
737.000 1.000 
738.000 1.000 
739.000 1.000 
740.000 1.000 
741.000 1.000 
742.000 1.000 
743.000 1.000 
744.000 1.000 
745.000 1.000 
746.000 1.000 
747.000 1.000 
748.000 1.000 
749.000 1.000 
750.000 1.000 
751.000 1.000 
752.000 1.000 
753.000 1.000 
754.000 1.000 
755.000 1.000 
756.000 1.000 
757.000 1.000 
758.000 1.000 
759.000 1.000 
760.000 1.000 
761.000 1.000 
762.000 1.000 
763.000 1.000 
764.000 1.000 
765.000 1.000 
766.000 1.000 
767.000 1.000 
768.000 1.000 
769.000 1.000 
770.000 1.000 
771.000 1.000 
772.000 1.000 
773.000 1.000 
774.000 1.000 
775.000 1.000 
776.000 1.000 
777.000 1.000 
778.000 1.000 
779.000 1.000 
780.000 1.000 
781.000 1.000 
782.000 1.000 
783.000 1.000 
784.000 1.000 
785.000 1.000 
786.000 1.000 
787.000 1.000 
788.000 1.000 
789.000 1.000 
790.000 1.000 
791.000 1.000 
792.000 1.000 
793.000 1.000 
794.000 1.000 
795.000 1.000 
796.000 1.000 
797.000 1.000 
798.000 1.000 
799.000 1.000 
800.000 1.000 
