1.000 0.000 
2.000 0.000 
3.000 0.000 
4.000 0.000 
5.000 0.000 
6.000 0.000 
7.000 -0.034 
8.000 -0.036 
9.000 -0.034 
10.000 -0.031 
11.000 -0.029 
12.000 -0.027 
13.000 -0.026 
14.000 -0.027 
15.000 -0.030 
16.000 -0.033 
17.000 -0.036 
18.000 -0.039 
19.000 -0.041 
20.000 -0.043 
21.000 -0.045 
22.000 -0.046 
23.000 -0.048 
24.000 -0.049 
25.000 -0.051 
26.000 -0.052 
27.000 -0.054 
28.000 -0.056 
29.000 -0.058 
30.000 -0.059 
31.000 -0.061 
32.000 -0.063 
33.000 -0.064 
34.000 -0.066 
35.000 -0.067 
36.000 -0.069 
37.000 -0.070 
38.000 -0.072 
39.000 -0.074 
40.000 -0.075 
41.000 -0.077 
42.000 -0.078 
43.000 -0.080 
44.000 -0.081 
45.000 -0.083 
46.000 -0.084 
47.000 -0.086 
48.000 -0.087 
49.000 -0.088 
50.000 -0.090 
51.000 -0.091 
52.000 -0.093 
53.000 -0.094 
54.000 -0.096 
55.000 -0.097 
56.000 -0.098 
57.000 -0.100 
58.000 -0.101 
59.000 -0.102 
60.000 -0.104 
61.000 -0.105 
62.000 -0.106 
63.000 -0.108 
64.000 -0.109 
65.000 -0.110 
66.000 -0.112 
67.000 -0.113 
68.000 -0.114 
69.000 -0.115 
70.000 -0.117 
71.000 -0.118 
72.000 -0.119 
73.000 -0.120 
74.000 -0.122 
75.000 -0.123 
76.000 -0.124 
77.000 -0.125 
78.000 -0.127 
79.000 -0.128 
80.000 -0.129 
81.000 -0.130 
82.000 -0.131 
83.000 -0.133 
84.000 -0.134 
85.000 -0.135 
86.000 -0.136 
87.000 -0.137 
88.000 -0.138 
89.000 -0.140 
90.000 -0.141 
91.000 -0.142 
92.000 -0.143 
93.000 -0.144 
94.000 -0.145 
95.000 -0.146 
96.000 -0.147 
97.000 -0.149 
98.000 -0.150 
99.000 -0.151 
100.000 -0.152 
101.000 -0.153 
102.000 -0.154 
103.000 -0.155 
104.000 -0.156 
105.000 -0.157 
106.000 -0.158 
107.000 -0.159 
108.000 -0.160 
109.000 -0.161 
110.000 -0.162 
111.000 -0.164 
112.000 -0.165 
113.000 -0.166 
114.000 -0.167 
115.000 -0.168 
116.000 -0.169 
117.000 -0.170 
118.000 -0.171 
119.000 -0.172 
120.000 -0.173 
121.000 -0.159 
122.000 -0.159 
123.000 -0.161 
124.000 -0.163 
125.000 -0.165 
126.000 -0.167 
127.000 -0.168 
128.000 -0.168 
129.000 -0.168 
130.000 -0.167 
131.000 -0.167 
132.000 -0.167 
133.000 -0.167 
134.000 -0.167 
135.000 -0.167 
136.000 -0.167 
137.000 -0.167 
138.000 -0.167 
139.000 -0.168 
140.000 -0.168 
141.000 -0.168 
142.000 -0.168 
143.000 -0.168 
144.000 -0.168 
145.000 -0.168 
146.000 -0.168 
147.000 -0.168 
148.000 -0.168 
149.000 -0.168 
150.000 -0.168 
151.000 -0.168 
152.000 -0.168 
153.000 -0.169 
154.000 -0.169 
155.000 -0.169 
156.000 -0.169 
157.000 -0.169 
158.000 -0.169 
159.000 -0.169 
160.000 -0.169 
161.000 -0.169 
162.000 -0.169 
163.000 -0.169 
164.000 -0.169 
165.000 -0.169 
166.000 -0.169 
167.000 -0.169 
168.000 -0.170 
169.000 -0.170 
170.000 -0.170 
171.000 -0.170 
172.000 -0.170 
173.000 -0.170 
174.000 -0.170 
175.000 -0.170 
176.000 -0.170 
177.000 -0.170 
178.000 -0.170 
179.000 -0.170 
180.000 -0.170 
181.000 -0.170 
182.000 -0.170 
183.000 -0.171 
184.000 -0.171 
185.000 -0.171 
186.000 -0.171 
187.000 -0.171 
188.000 -0.171 
189.000 -0.171 
190.000 -0.171 
191.000 -0.171 
192.000 -0.171 
193.000 -0.171 
194.000 -0.171 
195.000 -0.171 
196.000 -0.171 
197.000 -0.171 
198.000 -0.171 
199.000 -0.172 
200.000 -0.172 
201.000 -0.172 
202.000 -0.172 
203.000 -0.172 
204.000 -0.172 
205.000 -0.172 
206.000 -0.172 
207.000 -0.172 
208.000 -0.172 
209.000 -0.172 
210.000 -0.172 
211.000 -0.172 
212.000 -0.172 
213.000 -0.172 
214.000 -0.172 
215.000 -0.172 
216.000 -0.172 
217.000 -0.173 
218.000 -0.173 
219.000 -0.173 
220.000 -0.173 
221.000 -0.173 
222.000 -0.173 
223.000 -0.173 
224.000 -0.173 
225.000 -0.173 
226.000 -0.173 
227.000 -0.173 
228.000 -0.173 
229.000 -0.173 
230.000 -0.173 
231.000 -0.173 
232.000 -0.173 
233.000 -0.173 
234.000 -0.173 
235.000 -0.173 
236.000 -0.174 
237.000 -0.174 
238.000 -0.174 
239.000 -0.174 
240.000 -0.174 
241.000 -0.092 
242.000 -0.087 
243.000 -0.092 
244.000 -0.098 
245.000 -0.103 
246.000 -0.107 
247.000 -0.107 
248.000 -0.104 
249.000 -0.097 
250.000 -0.090 
251.000 -0.082 
252.000 -0.075 
253.000 -0.069 
254.000 -0.064 
255.000 -0.060 
256.000 -0.056 
257.000 -0.052 
258.000 -0.048 
259.000 -0.044 
260.000 -0.039 
261.000 -0.035 
262.000 -0.030 
263.000 -0.026 
264.000 -0.021 
265.000 -0.017 
266.000 -0.013 
267.000 -0.008 
268.000 -0.004 
269.000 -0.000 
270.000 0.004 
271.000 0.008 
272.000 0.012 
273.000 0.016 
274.000 0.020 
275.000 0.024 
276.000 0.027 
277.000 0.031 
278.000 0.035 
279.000 0.038 
280.000 0.042 
281.000 0.046 
282.000 0.049 
283.000 0.052 
284.000 0.056 
285.000 0.059 
286.000 0.062 
287.000 0.066 
288.000 0.069 
289.000 0.072 
290.000 0.075 
291.000 0.078 
292.000 0.081 
293.000 0.084 
294.000 0.087 
295.000 0.090 
296.000 0.092 
297.000 0.095 
298.000 0.098 
299.000 0.100 
300.000 0.103 
301.000 0.105 
302.000 0.108 
303.000 0.110 
304.000 0.112 
305.000 0.115 
306.000 0.117 
307.000 0.119 
308.000 0.121 
309.000 0.123 
310.000 0.125 
311.000 0.127 
312.000 0.129 
313.000 0.131 
314.000 0.133 
315.000 0.135 
316.000 0.137 
317.000 0.139 
318.000 0.140 
319.000 0.142 
320.000 0.143 
321.000 0.145 
322.000 0.147 
323.000 0.148 
324.000 0.150 
325.000 0.151 
326.000 0.152 
327.000 0.154 
328.000 0.155 
329.000 0.156 
330.000 0.158 
331.000 0.159 
332.000 0.160 
333.000 0.161 
334.000 0.162 
335.000 0.163 
336.000 0.164 
337.000 0.165 
338.000 0.166 
339.000 0.167 
340.000 0.168 
341.000 0.169 
342.000 0.170 
343.000 0.171 
344.000 0.172 
345.000 0.173 
346.000 0.173 
347.000 0.174 
348.000 0.175 
349.000 0.176 
350.000 0.176 
351.000 0.177 
352.000 0.178 
353.000 0.178 
354.000 0.179 
355.000 0.180 
356.000 0.180 
357.000 0.181 
358.000 0.181 
359.000 0.182 
360.000 0.182 
361.000 0.335 
362.000 0.346 
363.000 0.336 
364.000 0.326 
365.000 0.317 
366.000 0.305 
367.000 0.294 
368.000 0.289 
369.000 0.289 
370.000 0.294 
371.000 0.302 
372.000 0.314 
373.000 0.325 
374.000 0.337 
375.000 0.346 
376.000 0.353 
377.000 0.357 
378.000 0.360 
379.000 0.361 
380.000 0.361 
381.000 0.360 
382.000 0.360 
383.000 0.361 
384.000 0.362 
385.000 0.364 
386.000 0.367 
387.000 0.370 
388.000 0.373 
389.000 0.376 
390.000 0.379 
391.000 0.381 
392.000 0.383 
393.000 0.384 
394.000 0.385 
395.000 0.385 
396.000 0.386 
397.000 0.386 
398.000 0.387 
399.000 0.387 
400.000 0.388 
401.000 0.389 
402.000 0.390 
403.000 0.391 
404.000 0.391 
405.000 0.392 
406.000 0.393 
407.000 0.394 
408.000 0.394 
409.000 0.395 
410.000 0.395 
411.000 0.395 
412.000 0.395 
413.000 0.396 
414.000 0.396 
415.000 0.396 
416.000 0.396 
417.000 0.397 
418.000 0.397 
419.000 0.397 
420.000 0.397 
421.000 0.398 
422.000 0.398 
423.000 0.398 
424.000 0.398 
425.000 0.398 
426.000 0.398 
427.000 0.398 
428.000 0.398 
429.000 0.399 
430.000 0.399 
431.000 0.399 
432.000 0.399 
433.000 0.399 
434.000 0.399 
435.000 0.399 
436.000 0.399 
437.000 0.399 
438.000 0.399 
439.000 0.399 
440.000 0.399 
441.000 0.399 
442.000 0.399 
443.000 0.399 
444.000 0.400 
445.000 0.400 
446.000 0.400 
447.000 0.400 
448.000 0.400 
449.000 0.400 
450.000 0.400 
451.000 0.400 
452.000 0.400 
453.000 0.400 
454.000 0.400 
455.000 0.400 
456.000 0.400 
457.000 0.400 
458.000 0.400 
459.000 0.400 
460.000 0.400 
461.000 0.400 
462.000 0.400 
463.000 0.400 
464.000 0.400 
465.000 0.400 
466.000 0.400 
467.000 0.400 
468.000 0.400 
469.000 0.400 
470.000 0.400 
471.000 0.400 
472.000 0.400 
473.000 0.400 
474.000 0.400 
475.000 0.400 
476.000 0.400 
477.000 0.400 
478.000 0.400 
479.000 0.400 
480.000 0.400 
481.000 1.000 
482.000 1.000 
483.000 1.000 
484.000 1.000 
485.000 1.000 
486.000 1.000 
487.000 0.907 
488.000 0.847 
489.000 0.806 
490.000 0.774 
491.000 0.749 
492.000 0.735 
493.000 0.730 
494.000 0.732 
495.000 0.742 
496.000 0.757 
497.000 0.774 
498.000 0.793 
499.000 0.810 
500.000 0.824 
501.000 0.834 
502.000 0.839 
503.000 0.839 
504.000 0.836 
505.000 0.829 
506.000 0.821 
507.000 0.812 
508.000 0.804 
509.000 0.796 
510.000 0.790 
511.000 0.786 
512.000 0.784 
513.000 0.784 
514.000 0.786 
515.000 0.789 
516.000 0.793 
517.000 0.797 
518.000 0.801 
519.000 0.804 
520.000 0.806 
521.000 0.808 
522.000 0.808 
523.000 0.807 
524.000 0.806 
525.000 0.805 
526.000 0.803 
527.000 0.801 
528.000 0.799 
529.000 0.798 
530.000 0.797 
531.000 0.796 
532.000 0.796 
533.000 0.797 
534.000 0.797 
535.000 0.798 
536.000 0.799 
537.000 0.800 
538.000 0.801 
539.000 0.801 
540.000 0.802 
541.000 0.802 
542.000 0.802 
543.000 0.801 
544.000 0.801 
545.000 0.801 
546.000 0.800 
547.000 0.800 
548.000 0.800 
549.000 0.799 
550.000 0.799 
551.000 0.799 
552.000 0.799 
553.000 0.799 
554.000 0.800 
555.000 0.800 
556.000 0.800 
557.000 0.800 
558.000 0.800 
559.000 0.800 
560.000 0.800 
561.000 0.800 
562.000 0.800 
563.000 0.800 
564.000 0.800 
565.000 0.800 
566.000 0.800 
567.000 0.800 
568.000 0.800 
569.000 0.800 
570.000 0.800 
571.000 0.800 
572.000 0.800 
573.000 0.800 
574.000 0.800 
575.000 0.800 
576.000 0.800 
577.000 0.800 
578.000 0.800 
579.000 0.800 
580.000 0.800 
581.000 0.800 
582.000 0.800 
583.000 0.800 
584.000 0.800 
585.000 0.800 
586.000 0.800 
587.000 0.800 
588.000 0.800 
589.000 0.800 
590.000 0.800 
591.000 0.800 
592.000 0.800 
593.000 0.800 
594.000 0.800 
595.000 0.800 
596.000 0.800 
597.000 0.800 
598.000 0.800 
599.000 0.800 
600.000 0.800 
601.000 1.000 
602.000 1.000 
603.000 1.000 
604.000 1.000 
605.000 1.000 
606.000 1.000 
607.000 1.000 
608.000 1.000 
609.000 1.000 
610.000 1.000 
611.000 1.000 
612.000 1.000 
613.000 1.000 
614.000 1.000 
615.000 1.000 
616.000 1.000 
617.000 1.000 
618.000 1.000 
619.000 1.000 
620.000 1.000 
621.000 1.000 
622.000 1.000 
623.000 1.000 
624.000 1.000 
625.000 1.000 
626.000 1.000 
627.000 1.000 
628.000 1.000 
629.000 1.000 
630.000 1.000 
631.000 1.000 
632.000 1.000 
633.000 1.000 
634.000 1.000 
635.000 1.000 
636.000 1.000 
637.000 1.000 
638.000 1.000 
639.000 1.000 
640.000 1.000 
641.000 1.000 
642.000 1.000 
643.000 1.000 
644.000 1.000 
645.000 1.000 
646.000 1.000 
647.000 1.000 
648.000 1.000 
649.000 1.000 
650.000 1.000 
651.000 1.000 
652.000 1.000 
653.000 1.000 
654.000 1.000 
655.000 1.000 
656.000 1.000 
657.000 1.000 
658.000 1.000 
659.000 1.000 
660.000 1.000 
661.000 1.000 
662.000 1.000 
663.000 1.000 
664.000 1.000 
665.000 1.000 
666.000 1.000 
667.000 1.000 
668.000 1.000 
669.000 1.000 
670.000 1.000 
671.000 1.000 
672.000 1.000 
673.000 1.000 
674.000 1.000 
675.000 1.000 
676.000 1.000 
677.000 1.000 
678.000 1.000 
679.000 1.000 
680.000 1.000 
681.000 1.000 
682.000 1.000 
683.000 1.000 
684.000 1.000 
685.000 1.000 
686.000 1.000 
687.000 1.000 
688.000 1.000 
689.000 1.000 
690.000 1.000 
691.000 1.000 
692.000 1.000 
693.000 1.000 
694.000 1.000 
695.000 1.000 
696.000 1.000 
697.000 1.000 
698.000 1.000 
699.000 1.000 
700.000 1.000 
701.000 1.000 
702.000 1.000 
703.000 1.000 
704.000 1.000 
705.000 1.000 
706.000 1.000 
707.000 1.000 
708.000 1.000 
709.000 1.000 
710.000 1.000 
711.000 1.000 
712.000 1.000 
713.000 1.000 
714.000 1.000 
715.000 1.000 
716.000 1.000 
717.000 1.000 
718.000 1.000 
719.000 1.000 
720.000 1.000 
721.000 1.000 
722.000 1.000 
723.000 1.000 
724.000 1.000 
725.000 1.000 
726.000 1.000 
727.000 1.000 
728.000 1.000 
729.000 1.000 
730.000 1.000 
731.000 1.000 
732.000 1.000 
733.000 1.000 
734.000 1.000 
735.000 1.000 
736.000 1.000 
737.000 1.000 
738.000 1.000 
739.000 1.000 
740.000 1.000 
741.000 1.000 
742.000 1.000 
743.000 1.000 
744.000 1.000 
745.000 1.000 
746.000 1.000 
747.000 1.000 
748.000 1.000 
749.000 1.000 
750.000 1.000 
751.000 1.000 
752.000 1.000 
753.000 1.000 
754.000 1.000 
755.000 1.000 
756.000 1.000 
757.000 1.000 
758.000 1.000 
759.000 1.000 
760.000 1.000 
761.000 1.000 
762.000 1.000 
763.000 1.000 
764.000 1.000 
765.000 1.000 
766.000 1.000 
767.000 1.000 
768.000 1.000 
769.000 1.000 
770.000 1.000 
771.000 1.000 
772.000 1.000 
773.000 1.000 
774.000 1.000 
775.000 1.000 
776.000 1.000 
777.000 1.000 
778.000 1.000 
779.000 1.000 
780.000 1.000 
781.000 1.000 
782.000 1.000 
783.000 1.000 
784.000 1.000 
785.000 1.000 
786.000 1.000 
787.000 1.000 
788.000 1.000 
789.000 1.000 
790.000 1.000 
791.000 1.000 
792.000 1.000 
793.000 1.000 
794.000 1.000 
795.000 1.000 
796.000 1.000 
797.000 1.000 
798.000 1.000 
799.000 1.000 
800.000 1.000 
