1.000 0.000 
2.000 0.000 
3.000 0.000 
4.000 0.000 
5.000 0.000 
6.000 0.000 
7.000 -0.026 
8.000 -0.040 
9.000 -0.046 
10.000 -0.046 
11.000 -0.043 
12.000 -0.038 
13.000 -0.032 
14.000 -0.029 
15.000 -0.028 
16.000 -0.030 
17.000 -0.034 
18.000 -0.040 
19.000 -0.046 
20.000 -0.051 
21.000 -0.055 
22.000 -0.057 
23.000 -0.058 
24.000 -0.059 
25.000 -0.058 
26.000 -0.058 
27.000 -0.059 
28.000 -0.061 
29.000 -0.063 
30.000 -0.066 
31.000 -0.068 
32.000 -0.071 
33.000 -0.074 
34.000 -0.076 
35.000 -0.077 
36.000 -0.079 
37.000 -0.080 
38.000 -0.081 
39.000 -0.082 
40.000 -0.084 
41.000 -0.085 
42.000 -0.087 
43.000 -0.089 
44.000 -0.091 
45.000 -0.093 
46.000 -0.095 
47.000 -0.096 
48.000 -0.098 
49.000 -0.099 
50.000 -0.101 
51.000 -0.102 
52.000 -0.103 
53.000 -0.105 
54.000 -0.107 
55.000 -0.108 
56.000 -0.110 
57.000 -0.111 
58.000 -0.113 
59.000 -0.114 
60.000 -0.116 
61.000 -0.117 
62.000 -0.118 
63.000 -0.120 
64.000 -0.121 
65.000 -0.123 
66.000 -0.124 
67.000 -0.125 
68.000 -0.127 
69.000 -0.128 
70.000 -0.130 
71.000 -0.131 
72.000 -0.132 
73.000 -0.134 
74.000 -0.135 
75.000 -0.136 
76.000 -0.138 
77.000 -0.139 
78.000 -0.140 
79.000 -0.142 
80.000 -0.143 
81.000 -0.144 
82.000 -0.146 
83.000 -0.147 
84.000 -0.148 
85.000 -0.149 
86.000 -0.151 
87.000 -0.152 
88.000 -0.153 
89.000 -0.154 
90.000 -0.156 
91.000 -0.157 
92.000 -0.158 
93.000 -0.159 
94.000 -0.160 
95.000 -0.162 
96.000 -0.163 
97.000 -0.164 
98.000 -0.165 
99.000 -0.166 
100.000 -0.167 
101.000 -0.169 
102.000 -0.170 
103.000 -0.171 
104.000 -0.172 
105.000 -0.173 
106.000 -0.174 
107.000 -0.176 
108.000 -0.177 
109.000 -0.178 
110.000 -0.179 
111.000 -0.180 
112.000 -0.181 
113.000 -0.182 
114.000 -0.183 
115.000 -0.184 
116.000 -0.186 
117.000 -0.187 
118.000 -0.188 
119.000 -0.189 
120.000 -0.190 
121.000 -0.180 
122.000 -0.175 
123.000 -0.173 
124.000 -0.174 
125.000 -0.177 
126.000 -0.180 
127.000 -0.183 
128.000 -0.185 
129.000 -0.186 
130.000 -0.186 
131.000 -0.185 
132.000 -0.183 
133.000 -0.182 
134.000 -0.181 
135.000 -0.180 
136.000 -0.180 
137.000 -0.181 
138.000 -0.182 
139.000 -0.182 
140.000 -0.183 
141.000 -0.183 
142.000 -0.183 
143.000 -0.183 
144.000 -0.183 
145.000 -0.182 
146.000 -0.182 
147.000 -0.182 
148.000 -0.182 
149.000 -0.182 
150.000 -0.182 
151.000 -0.182 
152.000 -0.183 
153.000 -0.183 
154.000 -0.183 
155.000 -0.183 
156.000 -0.183 
157.000 -0.183 
158.000 -0.183 
159.000 -0.182 
160.000 -0.183 
161.000 -0.183 
162.000 -0.183 
163.000 -0.183 
164.000 -0.183 
165.000 -0.183 
166.000 -0.183 
167.000 -0.183 
168.000 -0.183 
169.000 -0.183 
170.000 -0.183 
171.000 -0.183 
172.000 -0.183 
173.000 -0.183 
174.000 -0.183 
175.000 -0.183 
176.000 -0.183 
177.000 -0.183 
178.000 -0.183 
179.000 -0.183 
180.000 -0.183 
181.000 -0.183 
182.000 -0.183 
183.000 -0.183 
184.000 -0.183 
185.000 -0.183 
186.000 -0.183 
187.000 -0.183 
188.000 -0.183 
189.000 -0.183 
190.000 -0.183 
191.000 -0.183 
192.000 -0.183 
193.000 -0.183 
194.000 -0.183 
195.000 -0.183 
196.000 -0.183 
197.000 -0.183 
198.000 -0.183 
199.000 -0.183 
200.000 -0.183 
201.000 -0.183 
202.000 -0.183 
203.000 -0.183 
204.000 -0.183 
205.000 -0.183 
206.000 -0.183 
207.000 -0.183 
208.000 -0.183 
209.000 -0.183 
210.000 -0.183 
211.000 -0.183 
212.000 -0.183 
213.000 -0.183 
214.000 -0.183 
215.000 -0.183 
216.000 -0.183 
217.000 -0.183 
218.000 -0.184 
219.000 -0.184 
220.000 -0.184 
221.000 -0.184 
222.000 -0.184 
223.000 -0.184 
224.000 -0.184 
225.000 -0.184 
226.000 -0.184 
227.000 -0.184 
228.000 -0.184 
229.000 -0.184 
230.000 -0.184 
231.000 -0.184 
232.000 -0.184 
233.000 -0.184 
234.000 -0.184 
235.000 -0.184 
236.000 -0.184 
237.000 -0.184 
238.000 -0.184 
239.000 -0.184 
240.000 -0.184 
241.000 -0.121 
242.000 -0.086 
243.000 -0.072 
244.000 -0.072 
245.000 -0.080 
246.000 -0.092 
247.000 -0.103 
248.000 -0.110 
249.000 -0.110 
250.000 -0.103 
251.000 -0.092 
252.000 -0.078 
253.000 -0.064 
254.000 -0.052 
255.000 -0.043 
256.000 -0.038 
257.000 -0.035 
258.000 -0.034 
259.000 -0.034 
260.000 -0.032 
261.000 -0.029 
262.000 -0.025 
263.000 -0.019 
264.000 -0.012 
265.000 -0.005 
266.000 0.002 
267.000 0.008 
268.000 0.013 
269.000 0.017 
270.000 0.020 
271.000 0.024 
272.000 0.027 
273.000 0.030 
274.000 0.034 
275.000 0.038 
276.000 0.043 
277.000 0.047 
278.000 0.052 
279.000 0.056 
280.000 0.060 
281.000 0.064 
282.000 0.068 
283.000 0.071 
284.000 0.074 
285.000 0.077 
286.000 0.080 
287.000 0.084 
288.000 0.087 
289.000 0.090 
290.000 0.094 
291.000 0.097 
292.000 0.100 
293.000 0.103 
294.000 0.106 
295.000 0.108 
296.000 0.111 
297.000 0.114 
298.000 0.116 
299.000 0.118 
300.000 0.121 
301.000 0.123 
302.000 0.126 
303.000 0.128 
304.000 0.130 
305.000 0.132 
306.000 0.135 
307.000 0.137 
308.000 0.139 
309.000 0.140 
310.000 0.142 
311.000 0.144 
312.000 0.146 
313.000 0.148 
314.000 0.149 
315.000 0.151 
316.000 0.152 
317.000 0.154 
318.000 0.155 
319.000 0.157 
320.000 0.158 
321.000 0.160 
322.000 0.161 
323.000 0.162 
324.000 0.163 
325.000 0.165 
326.000 0.166 
327.000 0.167 
328.000 0.168 
329.000 0.169 
330.000 0.170 
331.000 0.171 
332.000 0.172 
333.000 0.173 
334.000 0.174 
335.000 0.175 
336.000 0.175 
337.000 0.176 
338.000 0.177 
339.000 0.178 
340.000 0.179 
341.000 0.179 
342.000 0.180 
343.000 0.181 
344.000 0.181 
345.000 0.182 
346.000 0.182 
347.000 0.183 
348.000 0.184 
349.000 0.184 
350.000 0.185 
351.000 0.185 
352.000 0.186 
353.000 0.186 
354.000 0.186 
355.000 0.187 
356.000 0.187 
357.000 0.188 
358.000 0.188 
359.000 0.188 
360.000 0.189 
361.000 0.307 
362.000 0.372 
363.000 0.399 
364.000 0.399 
365.000 0.385 
366.000 0.359 
367.000 0.329 
368.000 0.300 
369.000 0.278 
370.000 0.267 
371.000 0.268 
372.000 0.281 
373.000 0.304 
374.000 0.332 
375.000 0.362 
376.000 0.388 
377.000 0.406 
378.000 0.415 
379.000 0.414 
380.000 0.406 
381.000 0.392 
382.000 0.375 
383.000 0.360 
384.000 0.348 
385.000 0.341 
386.000 0.341 
387.000 0.347 
388.000 0.359 
389.000 0.374 
390.000 0.389 
391.000 0.403 
392.000 0.413 
393.000 0.418 
394.000 0.418 
395.000 0.413 
396.000 0.405 
397.000 0.395 
398.000 0.385 
399.000 0.377 
400.000 0.372 
401.000 0.371 
402.000 0.373 
403.000 0.379 
404.000 0.387 
405.000 0.395 
406.000 0.404 
407.000 0.410 
408.000 0.414 
409.000 0.414 
410.000 0.412 
411.000 0.408 
412.000 0.402 
413.000 0.396 
414.000 0.390 
415.000 0.386 
416.000 0.384 
417.000 0.385 
418.000 0.388 
419.000 0.392 
420.000 0.397 
421.000 0.402 
422.000 0.406 
423.000 0.409 
424.000 0.410 
425.000 0.409 
426.000 0.407 
427.000 0.403 
428.000 0.399 
429.000 0.396 
430.000 0.393 
431.000 0.391 
432.000 0.391 
433.000 0.392 
434.000 0.395 
435.000 0.397 
436.000 0.400 
437.000 0.403 
438.000 0.405 
439.000 0.406 
440.000 0.406 
441.000 0.405 
442.000 0.403 
443.000 0.401 
444.000 0.399 
445.000 0.397 
446.000 0.395 
447.000 0.395 
448.000 0.395 
449.000 0.396 
450.000 0.398 
451.000 0.400 
452.000 0.401 
453.000 0.403 
454.000 0.404 
455.000 0.404 
456.000 0.403 
457.000 0.402 
458.000 0.401 
459.000 0.400 
460.000 0.398 
461.000 0.397 
462.000 0.397 
463.000 0.397 
464.000 0.397 
465.000 0.398 
466.000 0.399 
467.000 0.401 
468.000 0.401 
469.000 0.402 
470.000 0.402 
471.000 0.402 
472.000 0.402 
473.000 0.401 
474.000 0.400 
475.000 0.399 
476.000 0.399 
477.000 0.398 
478.000 0.398 
479.000 0.398 
480.000 0.399 
481.000 0.894 
482.000 1.000 
483.000 1.000 
484.000 1.000 
485.000 1.000 
486.000 1.000 
487.000 1.000 
488.000 1.000 
489.000 1.000 
490.000 1.000 
491.000 1.000 
492.000 0.835 
493.000 0.675 
494.000 0.581 
495.000 0.539 
496.000 0.536 
497.000 0.566 
498.000 0.628 
499.000 0.717 
500.000 0.822 
501.000 0.928 
502.000 1.000 
503.000 1.000 
504.000 1.000 
505.000 1.000 
506.000 1.000 
507.000 1.000 
508.000 1.000 
509.000 1.000 
510.000 0.881 
511.000 0.768 
512.000 0.685 
513.000 0.629 
514.000 0.598 
515.000 0.592 
516.000 0.613 
517.000 0.660 
518.000 0.726 
519.000 0.804 
520.000 0.883 
521.000 0.952 
522.000 1.000 
523.000 1.000 
524.000 1.000 
525.000 1.000 
526.000 0.951 
527.000 0.886 
528.000 0.820 
529.000 0.757 
530.000 0.705 
531.000 0.666 
532.000 0.646 
533.000 0.645 
534.000 0.664 
535.000 0.700 
536.000 0.750 
537.000 0.806 
538.000 0.862 
539.000 0.909 
540.000 0.941 
541.000 0.955 
542.000 0.949 
543.000 0.927 
544.000 0.891 
545.000 0.847 
546.000 0.800 
547.000 0.756 
548.000 0.721 
549.000 0.696 
550.000 0.685 
551.000 0.688 
552.000 0.706 
553.000 0.735 
554.000 0.772 
555.000 0.813 
556.000 0.851 
557.000 0.882 
558.000 0.902 
559.000 0.909 
560.000 0.902 
561.000 0.884 
562.000 0.856 
563.000 0.824 
564.000 0.791 
565.000 0.761 
566.000 0.736 
567.000 0.721 
568.000 0.716 
569.000 0.721 
570.000 0.736 
571.000 0.759 
572.000 0.787 
573.000 0.815 
574.000 0.842 
575.000 0.862 
576.000 0.874 
577.000 0.876 
578.000 0.870 
579.000 0.855 
580.000 0.834 
581.000 0.811 
582.000 0.787 
583.000 0.766 
584.000 0.750 
585.000 0.741 
586.000 0.740 
587.000 0.745 
588.000 0.758 
589.000 0.775 
590.000 0.795 
591.000 0.816 
592.000 0.833 
593.000 0.846 
594.000 0.853 
595.000 0.853 
596.000 0.847 
597.000 0.835 
598.000 0.820 
599.000 0.803 
600.000 0.787 
601.000 1.000 
602.000 1.000 
603.000 1.000 
604.000 1.000 
605.000 1.000 
606.000 1.000 
607.000 1.000 
608.000 1.000 
609.000 1.000 
610.000 1.000 
611.000 1.000 
612.000 1.000 
613.000 1.000 
614.000 1.000 
615.000 1.000 
616.000 1.000 
617.000 1.000 
618.000 1.000 
619.000 1.000 
620.000 1.000 
621.000 1.000 
622.000 1.000 
623.000 1.000 
624.000 1.000 
625.000 1.000 
626.000 1.000 
627.000 1.000 
628.000 1.000 
629.000 1.000 
630.000 1.000 
631.000 1.000 
632.000 1.000 
633.000 1.000 
634.000 1.000 
635.000 1.000 
636.000 1.000 
637.000 1.000 
638.000 1.000 
639.000 1.000 
640.000 1.000 
641.000 1.000 
642.000 1.000 
643.000 1.000 
644.000 1.000 
645.000 1.000 
646.000 1.000 
647.000 1.000 
648.000 1.000 
649.000 1.000 
650.000 1.000 
651.000 1.000 
652.000 1.000 
653.000 1.000 
654.000 1.000 
655.000 1.000 
656.000 1.000 
657.000 1.000 
658.000 1.000 
659.000 1.000 
660.000 1.000 
661.000 1.000 
662.000 1.000 
663.000 1.000 
664.000 1.000 
665.000 1.000 
666.000 1.000 
667.000 1.000 
668.000 1.000 
669.000 1.000 
670.000 1.000 
671.000 1.000 
672.000 1.000 
673.000 1.000 
674.000 1.000 
675.000 1.000 
676.000 1.000 
677.000 1.000 
678.000 1.000 
679.000 1.000 
680.000 1.000 
681.000 1.000 
682.000 1.000 
683.000 1.000 
684.000 1.000 
685.000 1.000 
686.000 1.000 
687.000 1.000 
688.000 1.000 
689.000 1.000 
690.000 1.000 
691.000 1.000 
692.000 1.000 
693.000 1.000 
694.000 1.000 
695.000 1.000 
696.000 1.000 
697.000 1.000 
698.000 1.000 
699.000 1.000 
700.000 1.000 
701.000 1.000 
702.000 1.000 
703.000 1.000 
704.000 1.000 
705.000 1.000 
706.000 1.000 
707.000 1.000 
708.000 1.000 
709.000 1.000 
710.000 1.000 
711.000 1.000 
712.000 1.000 
713.000 1.000 
714.000 1.000 
715.000 1.000 
716.000 1.000 
717.000 1.000 
718.000 1.000 
719.000 1.000 
720.000 1.000 
721.000 1.000 
722.000 1.000 
723.000 1.000 
724.000 1.000 
725.000 1.000 
726.000 1.000 
727.000 1.000 
728.000 1.000 
729.000 1.000 
730.000 1.000 
731.000 1.000 
732.000 1.000 
733.000 1.000 
734.000 1.000 
735.000 1.000 
736.000 1.000 
737.000 1.000 
738.000 1.000 
739.000 1.000 
740.000 1.000 
741.000 1.000 
742.000 1.000 
743.000 1.000 
744.000 1.000 
745.000 1.000 
746.000 1.000 
747.000 1.000 
748.000 1.000 
749.000 1.000 
750.000 1.000 
751.000 1.000 
752.000 1.000 
753.000 1.000 
754.000 1.000 
755.000 1.000 
756.000 1.000 
757.000 1.000 
758.000 1.000 
759.000 1.000 
760.000 1.000 
761.000 1.000 
762.000 1.000 
763.000 1.000 
764.000 1.000 
765.000 1.000 
766.000 1.000 
767.000 1.000 
768.000 1.000 
769.000 1.000 
770.000 1.000 
771.000 1.000 
772.000 1.000 
773.000 1.000 
774.000 1.000 
775.000 1.000 
776.000 1.000 
777.000 1.000 
778.000 1.000 
779.000 1.000 
780.000 1.000 
781.000 1.000 
782.000 1.000 
783.000 1.000 
784.000 1.000 
785.000 1.000 
786.000 1.000 
787.000 1.000 
788.000 1.000 
789.000 1.000 
790.000 1.000 
791.000 1.000 
792.000 1.000 
793.000 1.000 
794.000 1.000 
795.000 1.000 
796.000 1.000 
797.000 1.000 
798.000 1.000 
799.000 1.000 
800.000 1.000 
