1.000 0.000 
2.000 0.000 
3.000 0.000 
4.000 0.000 
5.000 0.000 
6.000 0.000 
7.000 -0.016 
8.000 -0.024 
9.000 -0.028 
10.000 -0.029 
11.000 -0.029 
12.000 -0.028 
13.000 -0.028 
14.000 -0.027 
15.000 -0.028 
16.000 -0.029 
17.000 -0.031 
18.000 -0.033 
19.000 -0.035 
20.000 -0.038 
21.000 -0.040 
22.000 -0.042 
23.000 -0.043 
24.000 -0.045 
25.000 -0.047 
26.000 -0.048 
27.000 -0.049 
28.000 -0.051 
29.000 -0.052 
30.000 -0.054 
31.000 -0.055 
32.000 -0.057 
33.000 -0.059 
34.000 -0.060 
35.000 -0.062 
36.000 -0.063 
37.000 -0.065 
38.000 -0.066 
39.000 -0.067 
40.000 -0.069 
41.000 -0.070 
42.000 -0.072 
43.000 -0.073 
44.000 -0.075 
45.000 -0.076 
46.000 -0.077 
47.000 -0.079 
48.000 -0.080 
49.000 -0.081 
50.000 -0.083 
51.000 -0.084 
52.000 -0.086 
53.000 -0.087 
54.000 -0.088 
55.000 -0.089 
56.000 -0.091 
57.000 -0.092 
58.000 -0.093 
59.000 -0.095 
60.000 -0.096 
61.000 -0.097 
62.000 -0.098 
63.000 -0.100 
64.000 -0.101 
65.000 -0.102 
66.000 -0.103 
67.000 -0.105 
68.000 -0.106 
69.000 -0.107 
70.000 -0.108 
71.000 -0.109 
72.000 -0.111 
73.000 -0.112 
74.000 -0.113 
75.000 -0.114 
76.000 -0.115 
77.000 -0.116 
78.000 -0.118 
79.000 -0.119 
80.000 -0.120 
81.000 -0.121 
82.000 -0.122 
83.000 -0.123 
84.000 -0.124 
85.000 -0.126 
86.000 -0.127 
87.000 -0.128 
88.000 -0.129 
89.000 -0.130 
90.000 -0.131 
91.000 -0.132 
92.000 -0.133 
93.000 -0.134 
94.000 -0.135 
95.000 -0.136 
96.000 -0.138 
97.000 -0.139 
98.000 -0.140 
99.000 -0.141 
100.000 -0.142 
101.000 -0.143 
102.000 -0.144 
103.000 -0.145 
104.000 -0.146 
105.000 -0.147 
106.000 -0.148 
107.000 -0.149 
108.000 -0.150 
109.000 -0.151 
110.000 -0.152 
111.000 -0.153 
112.000 -0.154 
113.000 -0.155 
114.000 -0.156 
115.000 -0.157 
116.000 -0.158 
117.000 -0.159 
118.000 -0.160 
119.000 -0.161 
120.000 -0.162 
121.000 -0.156 
122.000 -0.153 
123.000 -0.153 
124.000 -0.153 
125.000 -0.154 
126.000 -0.155 
127.000 -0.156 
128.000 -0.157 
129.000 -0.158 
130.000 -0.158 
131.000 -0.158 
132.000 -0.158 
133.000 -0.158 
134.000 -0.158 
135.000 -0.158 
136.000 -0.158 
137.000 -0.158 
138.000 -0.158 
139.000 -0.158 
140.000 -0.158 
141.000 -0.158 
142.000 -0.158 
143.000 -0.159 
144.000 -0.159 
145.000 -0.159 
146.000 -0.159 
147.000 -0.159 
148.000 -0.159 
149.000 -0.159 
150.000 -0.159 
151.000 -0.159 
152.000 -0.159 
153.000 -0.160 
154.000 -0.160 
155.000 -0.160 
156.000 -0.160 
157.000 -0.160 
158.000 -0.160 
159.000 -0.160 
160.000 -0.160 
161.000 -0.160 
162.000 -0.160 
163.000 -0.161 
164.000 -0.161 
165.000 -0.161 
166.000 -0.161 
167.000 -0.161 
168.000 -0.161 
169.000 -0.161 
170.000 -0.161 
171.000 -0.161 
172.000 -0.161 
173.000 -0.161 
174.000 -0.162 
175.000 -0.162 
176.000 -0.162 
177.000 -0.162 
178.000 -0.162 
179.000 -0.162 
180.000 -0.162 
181.000 -0.162 
182.000 -0.162 
183.000 -0.162 
184.000 -0.162 
185.000 -0.163 
186.000 -0.163 
187.000 -0.163 
188.000 -0.163 
189.000 -0.163 
190.000 -0.163 
191.000 -0.163 
192.000 -0.163 
193.000 -0.163 
194.000 -0.163 
195.000 -0.163 
196.000 -0.164 
197.000 -0.164 
198.000 -0.164 
199.000 -0.164 
200.000 -0.164 
201.000 -0.164 
202.000 -0.164 
203.000 -0.164 
204.000 -0.164 
205.000 -0.164 
206.000 -0.164 
207.000 -0.164 
208.000 -0.164 
209.000 -0.165 
210.000 -0.165 
211.000 -0.165 
212.000 -0.165 
213.000 -0.165 
214.000 -0.165 
215.000 -0.165 
216.000 -0.165 
217.000 -0.165 
218.000 -0.165 
219.000 -0.165 
220.000 -0.165 
221.000 -0.166 
222.000 -0.166 
223.000 -0.166 
224.000 -0.166 
225.000 -0.166 
226.000 -0.166 
227.000 -0.166 
228.000 -0.166 
229.000 -0.166 
230.000 -0.166 
231.000 -0.166 
232.000 -0.166 
233.000 -0.166 
234.000 -0.166 
235.000 -0.167 
236.000 -0.167 
237.000 -0.167 
238.000 -0.167 
239.000 -0.167 
240.000 -0.167 
241.000 -0.127 
242.000 -0.108 
243.000 -0.100 
244.000 -0.098 
245.000 -0.097 
246.000 -0.099 
247.000 -0.100 
248.000 -0.099 
249.000 -0.097 
250.000 -0.094 
251.000 -0.089 
252.000 -0.084 
253.000 -0.078 
254.000 -0.072 
255.000 -0.067 
256.000 -0.062 
257.000 -0.058 
258.000 -0.053 
259.000 -0.049 
260.000 -0.046 
261.000 -0.042 
262.000 -0.038 
263.000 -0.034 
264.000 -0.030 
265.000 -0.026 
266.000 -0.022 
267.000 -0.018 
268.000 -0.014 
269.000 -0.010 
270.000 -0.006 
271.000 -0.002 
272.000 0.002 
273.000 0.005 
274.000 0.009 
275.000 0.013 
276.000 0.016 
277.000 0.020 
278.000 0.023 
279.000 0.027 
280.000 0.030 
281.000 0.034 
282.000 0.037 
283.000 0.040 
284.000 0.044 
285.000 0.047 
286.000 0.050 
287.000 0.053 
288.000 0.056 
289.000 0.059 
290.000 0.062 
291.000 0.065 
292.000 0.068 
293.000 0.071 
294.000 0.074 
295.000 0.077 
296.000 0.079 
297.000 0.082 
298.000 0.085 
299.000 0.087 
300.000 0.090 
301.000 0.093 
302.000 0.095 
303.000 0.098 
304.000 0.100 
305.000 0.102 
306.000 0.105 
307.000 0.107 
308.000 0.109 
309.000 0.111 
310.000 0.113 
311.000 0.115 
312.000 0.118 
313.000 0.120 
314.000 0.122 
315.000 0.123 
316.000 0.125 
317.000 0.127 
318.000 0.129 
319.000 0.131 
320.000 0.133 
321.000 0.134 
322.000 0.136 
323.000 0.138 
324.000 0.139 
325.000 0.141 
326.000 0.142 
327.000 0.144 
328.000 0.145 
329.000 0.147 
330.000 0.148 
331.000 0.149 
332.000 0.151 
333.000 0.152 
334.000 0.153 
335.000 0.154 
336.000 0.156 
337.000 0.157 
338.000 0.158 
339.000 0.159 
340.000 0.160 
341.000 0.161 
342.000 0.162 
343.000 0.163 
344.000 0.164 
345.000 0.165 
346.000 0.166 
347.000 0.167 
348.000 0.168 
349.000 0.169 
350.000 0.170 
351.000 0.170 
352.000 0.171 
353.000 0.172 
354.000 0.173 
355.000 0.173 
356.000 0.174 
357.000 0.175 
358.000 0.176 
359.000 0.176 
360.000 0.177 
361.000 0.252 
362.000 0.288 
363.000 0.304 
364.000 0.310 
365.000 0.310 
366.000 0.308 
367.000 0.303 
368.000 0.298 
369.000 0.295 
370.000 0.294 
371.000 0.295 
372.000 0.299 
373.000 0.305 
374.000 0.313 
375.000 0.321 
376.000 0.329 
377.000 0.337 
378.000 0.344 
379.000 0.349 
380.000 0.354 
381.000 0.357 
382.000 0.359 
383.000 0.360 
384.000 0.361 
385.000 0.362 
386.000 0.363 
387.000 0.364 
388.000 0.365 
389.000 0.367 
390.000 0.369 
391.000 0.371 
392.000 0.374 
393.000 0.376 
394.000 0.378 
395.000 0.380 
396.000 0.382 
397.000 0.383 
398.000 0.384 
399.000 0.385 
400.000 0.386 
401.000 0.387 
402.000 0.387 
403.000 0.388 
404.000 0.388 
405.000 0.389 
406.000 0.390 
407.000 0.390 
408.000 0.391 
409.000 0.392 
410.000 0.392 
411.000 0.393 
412.000 0.393 
413.000 0.394 
414.000 0.394 
415.000 0.395 
416.000 0.395 
417.000 0.395 
418.000 0.396 
419.000 0.396 
420.000 0.396 
421.000 0.396 
422.000 0.397 
423.000 0.397 
424.000 0.397 
425.000 0.397 
426.000 0.397 
427.000 0.398 
428.000 0.398 
429.000 0.398 
430.000 0.398 
431.000 0.398 
432.000 0.398 
433.000 0.398 
434.000 0.399 
435.000 0.399 
436.000 0.399 
437.000 0.399 
438.000 0.399 
439.000 0.399 
440.000 0.399 
441.000 0.399 
442.000 0.399 
443.000 0.399 
444.000 0.399 
445.000 0.399 
446.000 0.399 
447.000 0.399 
448.000 0.399 
449.000 0.399 
450.000 0.400 
451.000 0.400 
452.000 0.400 
453.000 0.400 
454.000 0.400 
455.000 0.400 
456.000 0.400 
457.000 0.400 
458.000 0.400 
459.000 0.400 
460.000 0.400 
461.000 0.400 
462.000 0.400 
463.000 0.400 
464.000 0.400 
465.000 0.400 
466.000 0.400 
467.000 0.400 
468.000 0.400 
469.000 0.400 
470.000 0.400 
471.000 0.400 
472.000 0.400 
473.000 0.400 
474.000 0.400 
475.000 0.400 
476.000 0.400 
477.000 0.400 
478.000 0.400 
479.000 0.400 
480.000 0.400 
481.000 0.715 
482.000 0.863 
483.000 0.927 
484.000 0.949 
485.000 0.950 
486.000 0.935 
487.000 0.907 
488.000 0.874 
489.000 0.840 
490.000 0.807 
491.000 0.777 
492.000 0.753 
493.000 0.734 
494.000 0.723 
495.000 0.718 
496.000 0.720 
497.000 0.727 
498.000 0.740 
499.000 0.756 
500.000 0.773 
501.000 0.791 
502.000 0.807 
503.000 0.820 
504.000 0.830 
505.000 0.837 
506.000 0.839 
507.000 0.838 
508.000 0.834 
509.000 0.828 
510.000 0.821 
511.000 0.813 
512.000 0.805 
513.000 0.797 
514.000 0.791 
515.000 0.786 
516.000 0.783 
517.000 0.782 
518.000 0.782 
519.000 0.784 
520.000 0.787 
521.000 0.790 
522.000 0.794 
523.000 0.798 
524.000 0.802 
525.000 0.805 
526.000 0.807 
527.000 0.809 
528.000 0.809 
529.000 0.809 
530.000 0.808 
531.000 0.807 
532.000 0.805 
533.000 0.803 
534.000 0.801 
535.000 0.799 
536.000 0.798 
537.000 0.797 
538.000 0.796 
539.000 0.796 
540.000 0.796 
541.000 0.796 
542.000 0.797 
543.000 0.798 
544.000 0.799 
545.000 0.800 
546.000 0.800 
547.000 0.801 
548.000 0.802 
549.000 0.802 
550.000 0.802 
551.000 0.802 
552.000 0.802 
553.000 0.802 
554.000 0.801 
555.000 0.801 
556.000 0.800 
557.000 0.800 
558.000 0.799 
559.000 0.799 
560.000 0.799 
561.000 0.799 
562.000 0.799 
563.000 0.799 
564.000 0.799 
565.000 0.799 
566.000 0.800 
567.000 0.800 
568.000 0.800 
569.000 0.800 
570.000 0.800 
571.000 0.800 
572.000 0.800 
573.000 0.800 
574.000 0.800 
575.000 0.800 
576.000 0.800 
577.000 0.800 
578.000 0.800 
579.000 0.800 
580.000 0.800 
581.000 0.800 
582.000 0.800 
583.000 0.800 
584.000 0.800 
585.000 0.800 
586.000 0.800 
587.000 0.800 
588.000 0.800 
589.000 0.800 
590.000 0.800 
591.000 0.800 
592.000 0.800 
593.000 0.800 
594.000 0.800 
595.000 0.800 
596.000 0.800 
597.000 0.800 
598.000 0.800 
599.000 0.800 
600.000 0.800 
601.000 1.000 
602.000 1.000 
603.000 1.000 
604.000 1.000 
605.000 1.000 
606.000 1.000 
607.000 1.000 
608.000 1.000 
609.000 1.000 
610.000 1.000 
611.000 1.000 
612.000 1.000 
613.000 1.000 
614.000 1.000 
615.000 1.000 
616.000 1.000 
617.000 1.000 
618.000 1.000 
619.000 1.000 
620.000 1.000 
621.000 1.000 
622.000 1.000 
623.000 1.000 
624.000 1.000 
625.000 1.000 
626.000 1.000 
627.000 1.000 
628.000 1.000 
629.000 1.000 
630.000 1.000 
631.000 1.000 
632.000 1.000 
633.000 1.000 
634.000 1.000 
635.000 1.000 
636.000 1.000 
637.000 1.000 
638.000 1.000 
639.000 1.000 
640.000 1.000 
641.000 1.000 
642.000 1.000 
643.000 1.000 
644.000 1.000 
645.000 1.000 
646.000 1.000 
647.000 1.000 
648.000 1.000 
649.000 1.000 
650.000 1.000 
651.000 1.000 
652.000 1.000 
653.000 1.000 
654.000 1.000 
655.000 1.000 
656.000 1.000 
657.000 1.000 
658.000 1.000 
659.000 1.000 
660.000 1.000 
661.000 1.000 
662.000 1.000 
663.000 1.000 
664.000 1.000 
665.000 1.000 
666.000 1.000 
667.000 1.000 
668.000 1.000 
669.000 1.000 
670.000 1.000 
671.000 1.000 
672.000 1.000 
673.000 1.000 
674.000 1.000 
675.000 1.000 
676.000 1.000 
677.000 1.000 
678.000 1.000 
679.000 1.000 
680.000 1.000 
681.000 1.000 
682.000 1.000 
683.000 1.000 
684.000 1.000 
685.000 1.000 
686.000 1.000 
687.000 1.000 
688.000 1.000 
689.000 1.000 
690.000 1.000 
691.000 1.000 
692.000 1.000 
693.000 1.000 
694.000 1.000 
695.000 1.000 
696.000 1.000 
697.000 1.000 
698.000 1.000 
699.000 1.000 
700.000 1.000 
701.000 1.000 
702.000 1.000 
703.000 1.000 
704.000 1.000 
705.000 1.000 
706.000 1.000 
707.000 1.000 
708.000 1.000 
709.000 1.000 
710.000 1.000 
711.000 1.000 
712.000 1.000 
713.000 1.000 
714.000 1.000 
715.000 1.000 
716.000 1.000 
717.000 1.000 
718.000 1.000 
719.000 1.000 
720.000 1.000 
721.000 1.000 
722.000 1.000 
723.000 1.000 
724.000 1.000 
725.000 1.000 
726.000 1.000 
727.000 1.000 
728.000 1.000 
729.000 1.000 
730.000 1.000 
731.000 1.000 
732.000 1.000 
733.000 1.000 
734.000 1.000 
735.000 1.000 
736.000 1.000 
737.000 1.000 
738.000 1.000 
739.000 1.000 
740.000 1.000 
741.000 1.000 
742.000 1.000 
743.000 1.000 
744.000 1.000 
745.000 1.000 
746.000 1.000 
747.000 1.000 
748.000 1.000 
749.000 1.000 
750.000 1.000 
751.000 1.000 
752.000 1.000 
753.000 1.000 
754.000 1.000 
755.000 1.000 
756.000 1.000 
757.000 1.000 
758.000 1.000 
759.000 1.000 
760.000 1.000 
761.000 1.000 
762.000 1.000 
763.000 1.000 
764.000 1.000 
765.000 1.000 
766.000 1.000 
767.000 1.000 
768.000 1.000 
769.000 1.000 
770.000 1.000 
771.000 1.000 
772.000 1.000 
773.000 1.000 
774.000 1.000 
775.000 1.000 
776.000 1.000 
777.000 1.000 
778.000 1.000 
779.000 1.000 
780.000 1.000 
781.000 1.000 
782.000 1.000 
783.000 1.000 
784.000 1.000 
785.000 1.000 
786.000 1.000 
787.000 1.000 
788.000 1.000 
789.000 1.000 
790.000 1.000 
791.000 1.000 
792.000 1.000 
793.000 1.000 
794.000 1.000 
795.000 1.000 
796.000 1.000 
797.000 1.000 
798.000 1.000 
799.000 1.000 
800.000 1.000 
