1.000 0.000 
2.000 0.000 
3.000 0.000 
4.000 0.000 
5.000 0.000 
6.000 0.000 
7.000 -0.004 
8.000 -0.008 
9.000 -0.011 
10.000 -0.015 
11.000 -0.018 
12.000 -0.021 
13.000 -0.023 
14.000 -0.025 
15.000 -0.027 
16.000 -0.029 
17.000 -0.030 
18.000 -0.032 
19.000 -0.033 
20.000 -0.034 
21.000 -0.035 
22.000 -0.036 
23.000 -0.038 
24.000 -0.039 
25.000 -0.040 
26.000 -0.042 
27.000 -0.043 
28.000 -0.045 
29.000 -0.046 
30.000 -0.048 
31.000 -0.049 
32.000 -0.051 
33.000 -0.052 
34.000 -0.054 
35.000 -0.055 
36.000 -0.057 
37.000 -0.058 
38.000 -0.060 
39.000 -0.061 
40.000 -0.062 
41.000 -0.064 
42.000 -0.065 
43.000 -0.067 
44.000 -0.068 
45.000 -0.069 
46.000 -0.070 
47.000 -0.072 
48.000 -0.073 
49.000 -0.074 
50.000 -0.076 
51.000 -0.077 
52.000 -0.078 
53.000 -0.079 
54.000 -0.081 
55.000 -0.082 
56.000 -0.083 
57.000 -0.084 
58.000 -0.086 
59.000 -0.087 
60.000 -0.088 
61.000 -0.089 
62.000 -0.091 
63.000 -0.092 
64.000 -0.093 
65.000 -0.094 
66.000 -0.095 
67.000 -0.097 
68.000 -0.098 
69.000 -0.099 
70.000 -0.100 
71.000 -0.101 
72.000 -0.102 
73.000 -0.103 
74.000 -0.105 
75.000 -0.106 
76.000 -0.107 
77.000 -0.108 
78.000 -0.109 
79.000 -0.110 
80.000 -0.111 
81.000 -0.112 
82.000 -0.113 
83.000 -0.115 
84.000 -0.116 
85.000 -0.117 
86.000 -0.118 
87.000 -0.119 
88.000 -0.120 
89.000 -0.121 
90.000 -0.122 
91.000 -0.123 
92.000 -0.124 
93.000 -0.125 
94.000 -0.126 
95.000 -0.127 
96.000 -0.128 
97.000 -0.129 
98.000 -0.130 
99.000 -0.131 
100.000 -0.132 
101.000 -0.133 
102.000 -0.134 
103.000 -0.135 
104.000 -0.136 
105.000 -0.137 
106.000 -0.138 
107.000 -0.139 
108.000 -0.140 
109.000 -0.141 
110.000 -0.142 
111.000 -0.143 
112.000 -0.144 
113.000 -0.145 
114.000 -0.146 
115.000 -0.147 
116.000 -0.148 
117.000 -0.149 
118.000 -0.149 
119.000 -0.150 
120.000 -0.151 
121.000 -0.151 
122.000 -0.150 
123.000 -0.149 
124.000 -0.149 
125.000 -0.148 
126.000 -0.148 
127.000 -0.148 
128.000 -0.148 
129.000 -0.148 
130.000 -0.148 
131.000 -0.148 
132.000 -0.148 
133.000 -0.149 
134.000 -0.149 
135.000 -0.149 
136.000 -0.150 
137.000 -0.150 
138.000 -0.150 
139.000 -0.150 
140.000 -0.150 
141.000 -0.151 
142.000 -0.151 
143.000 -0.151 
144.000 -0.151 
145.000 -0.151 
146.000 -0.151 
147.000 -0.151 
148.000 -0.151 
149.000 -0.151 
150.000 -0.151 
151.000 -0.152 
152.000 -0.152 
153.000 -0.152 
154.000 -0.152 
155.000 -0.152 
156.000 -0.152 
157.000 -0.152 
158.000 -0.152 
159.000 -0.153 
160.000 -0.153 
161.000 -0.153 
162.000 -0.153 
163.000 -0.153 
164.000 -0.153 
165.000 -0.153 
166.000 -0.153 
167.000 -0.153 
168.000 -0.154 
169.000 -0.154 
170.000 -0.154 
171.000 -0.154 
172.000 -0.154 
173.000 -0.154 
174.000 -0.154 
175.000 -0.154 
176.000 -0.154 
177.000 -0.155 
178.000 -0.155 
179.000 -0.155 
180.000 -0.155 
181.000 -0.155 
182.000 -0.155 
183.000 -0.155 
184.000 -0.155 
185.000 -0.155 
186.000 -0.156 
187.000 -0.156 
188.000 -0.156 
189.000 -0.156 
190.000 -0.156 
191.000 -0.156 
192.000 -0.156 
193.000 -0.156 
194.000 -0.156 
195.000 -0.157 
196.000 -0.157 
197.000 -0.157 
198.000 -0.157 
199.000 -0.157 
200.000 -0.157 
201.000 -0.157 
202.000 -0.157 
203.000 -0.157 
204.000 -0.157 
205.000 -0.158 
206.000 -0.158 
207.000 -0.158 
208.000 -0.158 
209.000 -0.158 
210.000 -0.158 
211.000 -0.158 
212.000 -0.158 
213.000 -0.158 
214.000 -0.158 
215.000 -0.159 
216.000 -0.159 
217.000 -0.159 
218.000 -0.159 
219.000 -0.159 
220.000 -0.159 
221.000 -0.159 
222.000 -0.159 
223.000 -0.159 
224.000 -0.159 
225.000 -0.159 
226.000 -0.160 
227.000 -0.160 
228.000 -0.160 
229.000 -0.160 
230.000 -0.160 
231.000 -0.160 
232.000 -0.160 
233.000 -0.160 
234.000 -0.160 
235.000 -0.160 
236.000 -0.160 
237.000 -0.161 
238.000 -0.161 
239.000 -0.161 
240.000 -0.161 
241.000 -0.151 
242.000 -0.142 
243.000 -0.133 
244.000 -0.125 
245.000 -0.118 
246.000 -0.111 
247.000 -0.105 
248.000 -0.100 
249.000 -0.095 
250.000 -0.091 
251.000 -0.087 
252.000 -0.084 
253.000 -0.081 
254.000 -0.077 
255.000 -0.074 
256.000 -0.071 
257.000 -0.068 
258.000 -0.064 
259.000 -0.061 
260.000 -0.057 
261.000 -0.053 
262.000 -0.049 
263.000 -0.045 
264.000 -0.041 
265.000 -0.037 
266.000 -0.033 
267.000 -0.030 
268.000 -0.026 
269.000 -0.022 
270.000 -0.018 
271.000 -0.014 
272.000 -0.010 
273.000 -0.007 
274.000 -0.003 
275.000 0.000 
276.000 0.004 
277.000 0.007 
278.000 0.010 
279.000 0.014 
280.000 0.017 
281.000 0.020 
282.000 0.024 
283.000 0.027 
284.000 0.030 
285.000 0.033 
286.000 0.036 
287.000 0.040 
288.000 0.043 
289.000 0.046 
290.000 0.049 
291.000 0.052 
292.000 0.055 
293.000 0.058 
294.000 0.060 
295.000 0.063 
296.000 0.066 
297.000 0.069 
298.000 0.071 
299.000 0.074 
300.000 0.077 
301.000 0.079 
302.000 0.082 
303.000 0.084 
304.000 0.087 
305.000 0.089 
306.000 0.092 
307.000 0.094 
308.000 0.096 
309.000 0.099 
310.000 0.101 
311.000 0.103 
312.000 0.105 
313.000 0.107 
314.000 0.109 
315.000 0.112 
316.000 0.114 
317.000 0.116 
318.000 0.117 
319.000 0.119 
320.000 0.121 
321.000 0.123 
322.000 0.125 
323.000 0.127 
324.000 0.128 
325.000 0.130 
326.000 0.132 
327.000 0.133 
328.000 0.135 
329.000 0.137 
330.000 0.138 
331.000 0.140 
332.000 0.141 
333.000 0.143 
334.000 0.144 
335.000 0.145 
336.000 0.147 
337.000 0.148 
338.000 0.149 
339.000 0.151 
340.000 0.152 
341.000 0.153 
342.000 0.154 
343.000 0.155 
344.000 0.156 
345.000 0.158 
346.000 0.159 
347.000 0.160 
348.000 0.161 
349.000 0.162 
350.000 0.163 
351.000 0.164 
352.000 0.165 
353.000 0.165 
354.000 0.166 
355.000 0.167 
356.000 0.168 
357.000 0.169 
358.000 0.170 
359.000 0.170 
360.000 0.171 
361.000 0.190 
362.000 0.208 
363.000 0.225 
364.000 0.241 
365.000 0.256 
366.000 0.269 
367.000 0.281 
368.000 0.291 
369.000 0.300 
370.000 0.307 
371.000 0.312 
372.000 0.316 
373.000 0.320 
374.000 0.322 
375.000 0.324 
376.000 0.326 
377.000 0.328 
378.000 0.329 
379.000 0.331 
380.000 0.334 
381.000 0.336 
382.000 0.339 
383.000 0.342 
384.000 0.345 
385.000 0.349 
386.000 0.352 
387.000 0.356 
388.000 0.360 
389.000 0.363 
390.000 0.367 
391.000 0.370 
392.000 0.372 
393.000 0.375 
394.000 0.377 
395.000 0.379 
396.000 0.380 
397.000 0.382 
398.000 0.383 
399.000 0.384 
400.000 0.384 
401.000 0.385 
402.000 0.385 
403.000 0.386 
404.000 0.386 
405.000 0.387 
406.000 0.387 
407.000 0.388 
408.000 0.389 
409.000 0.389 
410.000 0.390 
411.000 0.391 
412.000 0.391 
413.000 0.392 
414.000 0.393 
415.000 0.393 
416.000 0.394 
417.000 0.395 
418.000 0.395 
419.000 0.396 
420.000 0.396 
421.000 0.396 
422.000 0.397 
423.000 0.397 
424.000 0.397 
425.000 0.397 
426.000 0.397 
427.000 0.397 
428.000 0.398 
429.000 0.398 
430.000 0.398 
431.000 0.398 
432.000 0.398 
433.000 0.398 
434.000 0.398 
435.000 0.398 
436.000 0.398 
437.000 0.398 
438.000 0.398 
439.000 0.399 
440.000 0.399 
441.000 0.399 
442.000 0.399 
443.000 0.399 
444.000 0.399 
445.000 0.399 
446.000 0.399 
447.000 0.399 
448.000 0.399 
449.000 0.400 
450.000 0.400 
451.000 0.400 
452.000 0.400 
453.000 0.400 
454.000 0.400 
455.000 0.400 
456.000 0.400 
457.000 0.400 
458.000 0.400 
459.000 0.400 
460.000 0.400 
461.000 0.400 
462.000 0.400 
463.000 0.400 
464.000 0.400 
465.000 0.400 
466.000 0.400 
467.000 0.400 
468.000 0.400 
469.000 0.400 
470.000 0.400 
471.000 0.400 
472.000 0.400 
473.000 0.400 
474.000 0.400 
475.000 0.400 
476.000 0.400 
477.000 0.400 
478.000 0.400 
479.000 0.400 
480.000 0.400 
481.000 0.475 
482.000 0.548 
483.000 0.618 
484.000 0.683 
485.000 0.743 
486.000 0.796 
487.000 0.842 
488.000 0.881 
489.000 0.911 
490.000 0.932 
491.000 0.945 
492.000 0.950 
493.000 0.948 
494.000 0.940 
495.000 0.925 
496.000 0.906 
497.000 0.883 
498.000 0.858 
499.000 0.831 
500.000 0.804 
501.000 0.777 
502.000 0.752 
503.000 0.730 
504.000 0.711 
505.000 0.696 
506.000 0.686 
507.000 0.681 
508.000 0.681 
509.000 0.686 
510.000 0.696 
511.000 0.709 
512.000 0.726 
513.000 0.746 
514.000 0.767 
515.000 0.788 
516.000 0.810 
517.000 0.829 
518.000 0.847 
519.000 0.862 
520.000 0.874 
521.000 0.883 
522.000 0.887 
523.000 0.888 
524.000 0.886 
525.000 0.880 
526.000 0.871 
527.000 0.860 
528.000 0.847 
529.000 0.832 
530.000 0.817 
531.000 0.802 
532.000 0.787 
533.000 0.773 
534.000 0.761 
535.000 0.751 
536.000 0.743 
537.000 0.738 
538.000 0.735 
539.000 0.735 
540.000 0.738 
541.000 0.744 
542.000 0.751 
543.000 0.760 
544.000 0.771 
545.000 0.782 
546.000 0.794 
547.000 0.805 
548.000 0.816 
549.000 0.826 
550.000 0.834 
551.000 0.840 
552.000 0.845 
553.000 0.848 
554.000 0.848 
555.000 0.847 
556.000 0.844 
557.000 0.839 
558.000 0.833 
559.000 0.825 
560.000 0.817 
561.000 0.809 
562.000 0.801 
563.000 0.792 
564.000 0.785 
565.000 0.778 
566.000 0.773 
567.000 0.769 
568.000 0.766 
569.000 0.764 
570.000 0.765 
571.000 0.766 
572.000 0.769 
573.000 0.773 
574.000 0.779 
575.000 0.784 
576.000 0.791 
577.000 0.797 
578.000 0.803 
579.000 0.809 
580.000 0.814 
581.000 0.819 
582.000 0.822 
583.000 0.825 
584.000 0.826 
585.000 0.826 
586.000 0.826 
587.000 0.824 
588.000 0.821 
589.000 0.818 
590.000 0.814 
591.000 0.809 
592.000 0.805 
593.000 0.800 
594.000 0.796 
595.000 0.792 
596.000 0.788 
597.000 0.785 
598.000 0.783 
599.000 0.781 
600.000 0.781 
601.000 0.838 
602.000 0.893 
603.000 0.947 
604.000 0.998 
605.000 1.000 
606.000 1.000 
607.000 1.000 
608.000 1.000 
609.000 1.000 
610.000 1.000 
611.000 1.000 
612.000 1.000 
613.000 1.000 
614.000 1.000 
615.000 1.000 
616.000 1.000 
617.000 1.000 
618.000 1.000 
619.000 1.000 
620.000 1.000 
621.000 1.000 
622.000 1.000 
623.000 1.000 
624.000 1.000 
625.000 1.000 
626.000 1.000 
627.000 1.000 
628.000 1.000 
629.000 1.000 
630.000 1.000 
631.000 1.000 
632.000 1.000 
633.000 1.000 
634.000 1.000 
635.000 1.000 
636.000 1.000 
637.000 1.000 
638.000 1.000 
639.000 1.000 
640.000 1.000 
641.000 1.000 
642.000 1.000 
643.000 1.000 
644.000 1.000 
645.000 1.000 
646.000 1.000 
647.000 1.000 
648.000 1.000 
649.000 1.000 
650.000 1.000 
651.000 1.000 
652.000 1.000 
653.000 1.000 
654.000 1.000 
655.000 1.000 
656.000 1.000 
657.000 1.000 
658.000 1.000 
659.000 1.000 
660.000 1.000 
661.000 1.000 
662.000 1.000 
663.000 1.000 
664.000 1.000 
665.000 1.000 
666.000 1.000 
667.000 1.000 
668.000 1.000 
669.000 1.000 
670.000 1.000 
671.000 1.000 
672.000 1.000 
673.000 1.000 
674.000 1.000 
675.000 1.000 
676.000 1.000 
677.000 1.000 
678.000 1.000 
679.000 1.000 
680.000 1.000 
681.000 1.000 
682.000 1.000 
683.000 1.000 
684.000 1.000 
685.000 1.000 
686.000 1.000 
687.000 1.000 
688.000 1.000 
689.000 1.000 
690.000 1.000 
691.000 1.000 
692.000 1.000 
693.000 1.000 
694.000 1.000 
695.000 1.000 
696.000 1.000 
697.000 1.000 
698.000 1.000 
699.000 1.000 
700.000 1.000 
701.000 1.000 
702.000 1.000 
703.000 1.000 
704.000 1.000 
705.000 1.000 
706.000 1.000 
707.000 1.000 
708.000 1.000 
709.000 1.000 
710.000 1.000 
711.000 1.000 
712.000 1.000 
713.000 1.000 
714.000 1.000 
715.000 1.000 
716.000 1.000 
717.000 1.000 
718.000 1.000 
719.000 1.000 
720.000 1.000 
721.000 1.000 
722.000 1.000 
723.000 1.000 
724.000 1.000 
725.000 1.000 
726.000 1.000 
727.000 1.000 
728.000 1.000 
729.000 1.000 
730.000 1.000 
731.000 1.000 
732.000 1.000 
733.000 1.000 
734.000 1.000 
735.000 1.000 
736.000 1.000 
737.000 1.000 
738.000 1.000 
739.000 1.000 
740.000 1.000 
741.000 1.000 
742.000 1.000 
743.000 1.000 
744.000 1.000 
745.000 1.000 
746.000 1.000 
747.000 1.000 
748.000 1.000 
749.000 1.000 
750.000 1.000 
751.000 1.000 
752.000 1.000 
753.000 1.000 
754.000 1.000 
755.000 1.000 
756.000 1.000 
757.000 1.000 
758.000 1.000 
759.000 1.000 
760.000 1.000 
761.000 1.000 
762.000 1.000 
763.000 1.000 
764.000 1.000 
765.000 1.000 
766.000 1.000 
767.000 1.000 
768.000 1.000 
769.000 1.000 
770.000 1.000 
771.000 1.000 
772.000 1.000 
773.000 1.000 
774.000 1.000 
775.000 1.000 
776.000 1.000 
777.000 1.000 
778.000 1.000 
779.000 1.000 
780.000 1.000 
781.000 1.000 
782.000 1.000 
783.000 1.000 
784.000 1.000 
785.000 1.000 
786.000 1.000 
787.000 1.000 
788.000 1.000 
789.000 1.000 
790.000 1.000 
791.000 1.000 
792.000 1.000 
793.000 1.000 
794.000 1.000 
795.000 1.000 
796.000 1.000 
797.000 1.000 
798.000 1.000 
799.000 1.000 
800.000 1.000 
