1.000 0.000 
2.000 0.000 
3.000 0.000 
4.000 0.000 
5.000 0.000 
6.000 0.000 
7.000 -0.088 
8.000 -0.097 
9.000 -0.071 
10.000 -0.040 
11.000 -0.016 
12.000 -0.001 
13.000 -0.004 
14.000 -0.024 
15.000 -0.052 
16.000 -0.075 
17.000 -0.086 
18.000 -0.083 
19.000 -0.070 
20.000 -0.053 
21.000 -0.042 
22.000 -0.041 
23.000 -0.051 
24.000 -0.066 
25.000 -0.082 
26.000 -0.092 
27.000 -0.094 
28.000 -0.088 
29.000 -0.079 
30.000 -0.072 
31.000 -0.071 
32.000 -0.076 
33.000 -0.085 
34.000 -0.095 
35.000 -0.102 
36.000 -0.105 
37.000 -0.104 
38.000 -0.100 
39.000 -0.096 
40.000 -0.095 
41.000 -0.098 
42.000 -0.103 
43.000 -0.110 
44.000 -0.115 
45.000 -0.118 
46.000 -0.118 
47.000 -0.117 
48.000 -0.115 
49.000 -0.115 
50.000 -0.117 
51.000 -0.121 
52.000 -0.125 
53.000 -0.129 
54.000 -0.131 
55.000 -0.132 
56.000 -0.132 
57.000 -0.132 
58.000 -0.133 
59.000 -0.134 
60.000 -0.137 
61.000 -0.140 
62.000 -0.143 
63.000 -0.145 
64.000 -0.146 
65.000 -0.147 
66.000 -0.147 
67.000 -0.148 
68.000 -0.150 
69.000 -0.152 
70.000 -0.154 
71.000 -0.156 
72.000 -0.158 
73.000 -0.160 
74.000 -0.161 
75.000 -0.162 
76.000 -0.163 
77.000 -0.164 
78.000 -0.166 
79.000 -0.168 
80.000 -0.169 
81.000 -0.171 
82.000 -0.172 
83.000 -0.174 
84.000 -0.175 
85.000 -0.176 
86.000 -0.177 
87.000 -0.179 
88.000 -0.180 
89.000 -0.182 
90.000 -0.183 
91.000 -0.185 
92.000 -0.186 
93.000 -0.187 
94.000 -0.188 
95.000 -0.190 
96.000 -0.191 
97.000 -0.193 
98.000 -0.194 
99.000 -0.195 
100.000 -0.197 
101.000 -0.198 
102.000 -0.199 
103.000 -0.200 
104.000 -0.202 
105.000 -0.203 
106.000 -0.204 
107.000 -0.206 
108.000 -0.207 
109.000 -0.208 
110.000 -0.209 
111.000 -0.210 
112.000 -0.212 
113.000 -0.213 
114.000 -0.214 
115.000 -0.215 
116.000 -0.217 
117.000 -0.218 
118.000 -0.219 
119.000 -0.220 
120.000 -0.221 
121.000 -0.185 
122.000 -0.182 
123.000 -0.194 
124.000 -0.209 
125.000 -0.220 
126.000 -0.226 
127.000 -0.224 
128.000 -0.216 
129.000 -0.205 
130.000 -0.198 
131.000 -0.196 
132.000 -0.201 
133.000 -0.208 
134.000 -0.215 
135.000 -0.218 
136.000 -0.216 
137.000 -0.211 
138.000 -0.206 
139.000 -0.202 
140.000 -0.201 
141.000 -0.203 
142.000 -0.207 
143.000 -0.211 
144.000 -0.212 
145.000 -0.211 
146.000 -0.209 
147.000 -0.206 
148.000 -0.204 
149.000 -0.203 
150.000 -0.205 
151.000 -0.207 
152.000 -0.208 
153.000 -0.209 
154.000 -0.209 
155.000 -0.207 
156.000 -0.205 
157.000 -0.204 
158.000 -0.204 
159.000 -0.205 
160.000 -0.206 
161.000 -0.207 
162.000 -0.207 
163.000 -0.207 
164.000 -0.206 
165.000 -0.205 
166.000 -0.204 
167.000 -0.204 
168.000 -0.204 
169.000 -0.205 
170.000 -0.205 
171.000 -0.205 
172.000 -0.205 
173.000 -0.205 
174.000 -0.204 
175.000 -0.204 
176.000 -0.204 
177.000 -0.204 
178.000 -0.204 
179.000 -0.204 
180.000 -0.204 
181.000 -0.204 
182.000 -0.204 
183.000 -0.203 
184.000 -0.203 
185.000 -0.203 
186.000 -0.203 
187.000 -0.203 
188.000 -0.203 
189.000 -0.203 
190.000 -0.203 
191.000 -0.203 
192.000 -0.203 
193.000 -0.203 
194.000 -0.203 
195.000 -0.203 
196.000 -0.203 
197.000 -0.203 
198.000 -0.202 
199.000 -0.202 
200.000 -0.202 
201.000 -0.202 
202.000 -0.202 
203.000 -0.202 
204.000 -0.202 
205.000 -0.202 
206.000 -0.202 
207.000 -0.202 
208.000 -0.202 
209.000 -0.201 
210.000 -0.201 
211.000 -0.201 
212.000 -0.201 
213.000 -0.201 
214.000 -0.201 
215.000 -0.201 
216.000 -0.201 
217.000 -0.201 
218.000 -0.201 
219.000 -0.201 
220.000 -0.201 
221.000 -0.201 
222.000 -0.201 
223.000 -0.200 
224.000 -0.200 
225.000 -0.200 
226.000 -0.200 
227.000 -0.200 
228.000 -0.200 
229.000 -0.200 
230.000 -0.200 
231.000 -0.200 
232.000 -0.200 
233.000 -0.200 
234.000 -0.200 
235.000 -0.200 
236.000 -0.200 
237.000 -0.199 
238.000 -0.199 
239.000 -0.199 
240.000 -0.199 
241.000 0.014 
242.000 0.036 
243.000 -0.026 
244.000 -0.103 
245.000 -0.160 
246.000 -0.189 
247.000 -0.177 
248.000 -0.125 
249.000 -0.058 
250.000 -0.005 
251.000 0.016 
252.000 0.003 
253.000 -0.032 
254.000 -0.067 
255.000 -0.086 
256.000 -0.081 
257.000 -0.054 
258.000 -0.016 
259.000 0.019 
260.000 0.039 
261.000 0.040 
262.000 0.025 
263.000 0.007 
264.000 -0.007 
265.000 -0.008 
266.000 0.004 
267.000 0.026 
268.000 0.049 
269.000 0.067 
270.000 0.075 
271.000 0.073 
272.000 0.064 
273.000 0.055 
274.000 0.050 
275.000 0.053 
276.000 0.064 
277.000 0.079 
278.000 0.093 
279.000 0.104 
280.000 0.108 
281.000 0.107 
282.000 0.101 
283.000 0.097 
284.000 0.095 
285.000 0.098 
286.000 0.106 
287.000 0.116 
288.000 0.125 
289.000 0.133 
290.000 0.136 
291.000 0.135 
292.000 0.132 
293.000 0.129 
294.000 0.128 
295.000 0.130 
296.000 0.135 
297.000 0.142 
298.000 0.148 
299.000 0.154 
300.000 0.157 
301.000 0.157 
302.000 0.155 
303.000 0.153 
304.000 0.151 
305.000 0.152 
306.000 0.155 
307.000 0.159 
308.000 0.164 
309.000 0.169 
310.000 0.171 
311.000 0.172 
312.000 0.171 
313.000 0.169 
314.000 0.168 
315.000 0.168 
316.000 0.169 
317.000 0.172 
318.000 0.175 
319.000 0.179 
320.000 0.181 
321.000 0.182 
322.000 0.181 
323.000 0.180 
324.000 0.179 
325.000 0.178 
326.000 0.179 
327.000 0.180 
328.000 0.182 
329.000 0.185 
330.000 0.187 
331.000 0.188 
332.000 0.188 
333.000 0.188 
334.000 0.186 
335.000 0.186 
336.000 0.185 
337.000 0.186 
338.000 0.187 
339.000 0.189 
340.000 0.191 
341.000 0.192 
342.000 0.193 
343.000 0.192 
344.000 0.191 
345.000 0.191 
346.000 0.190 
347.000 0.190 
348.000 0.191 
349.000 0.192 
350.000 0.193 
351.000 0.194 
352.000 0.195 
353.000 0.195 
354.000 0.195 
355.000 0.194 
356.000 0.193 
357.000 0.193 
358.000 0.193 
359.000 0.194 
360.000 0.195 
361.000 0.595 
362.000 0.636 
363.000 0.520 
364.000 0.376 
365.000 0.270 
366.000 0.178 
367.000 0.128 
368.000 0.140 
369.000 0.215 
370.000 0.333 
371.000 0.464 
372.000 0.564 
373.000 0.598 
374.000 0.557 
375.000 0.463 
376.000 0.352 
377.000 0.256 
378.000 0.199 
379.000 0.190 
380.000 0.233 
381.000 0.320 
382.000 0.434 
383.000 0.540 
384.000 0.600 
385.000 0.595 
386.000 0.530 
387.000 0.431 
388.000 0.329 
389.000 0.251 
390.000 0.214 
391.000 0.225 
392.000 0.283 
393.000 0.377 
394.000 0.486 
395.000 0.573 
396.000 0.608 
397.000 0.580 
398.000 0.502 
399.000 0.401 
400.000 0.308 
401.000 0.244 
402.000 0.223 
403.000 0.249 
404.000 0.318 
405.000 0.417 
406.000 0.519 
407.000 0.590 
408.000 0.604 
409.000 0.559 
410.000 0.472 
411.000 0.373 
412.000 0.288 
413.000 0.237 
414.000 0.231 
415.000 0.270 
416.000 0.348 
417.000 0.450 
418.000 0.544 
419.000 0.599 
420.000 0.594 
421.000 0.535 
422.000 0.443 
423.000 0.347 
424.000 0.272 
425.000 0.234 
426.000 0.241 
427.000 0.292 
428.000 0.378 
429.000 0.479 
430.000 0.563 
431.000 0.601 
432.000 0.579 
433.000 0.508 
434.000 0.414 
435.000 0.323 
436.000 0.258 
437.000 0.233 
438.000 0.253 
439.000 0.315 
440.000 0.407 
441.000 0.506 
442.000 0.577 
443.000 0.597 
444.000 0.560 
445.000 0.481 
446.000 0.386 
447.000 0.302 
448.000 0.249 
449.000 0.237 
450.000 0.269 
451.000 0.340 
452.000 0.436 
453.000 0.529 
454.000 0.586 
455.000 0.589 
456.000 0.538 
457.000 0.453 
458.000 0.360 
459.000 0.284 
460.000 0.243 
461.000 0.244 
462.000 0.287 
463.000 0.367 
464.000 0.464 
465.000 0.548 
466.000 0.590 
467.000 0.577 
468.000 0.515 
469.000 0.426 
470.000 0.336 
471.000 0.270 
472.000 0.240 
473.000 0.254 
474.000 0.308 
475.000 0.394 
476.000 0.489 
477.000 0.563 
478.000 0.590 
479.000 0.561 
480.000 0.489 
481.000 1.000 
482.000 1.000 
483.000 1.000 
484.000 1.000 
485.000 1.000 
486.000 1.000 
487.000 1.000 
488.000 1.000 
489.000 1.000 
490.000 1.000 
491.000 1.000 
492.000 1.000 
493.000 1.000 
494.000 0.527 
495.000 0.355 
496.000 0.585 
497.000 0.917 
498.000 1.000 
499.000 1.000 
500.000 1.000 
501.000 1.000 
502.000 1.000 
503.000 1.000 
504.000 1.000 
505.000 1.000 
506.000 1.000 
507.000 1.000 
508.000 1.000 
509.000 1.000 
510.000 1.000 
511.000 1.000 
512.000 1.000 
513.000 1.000 
514.000 1.000 
515.000 1.000 
516.000 1.000 
517.000 0.486 
518.000 0.325 
519.000 0.598 
520.000 0.969 
521.000 1.000 
522.000 1.000 
523.000 1.000 
524.000 1.000 
525.000 1.000 
526.000 1.000 
527.000 1.000 
528.000 1.000 
529.000 1.000 
530.000 1.000 
531.000 1.000 
532.000 1.000 
533.000 1.000 
534.000 1.000 
535.000 1.000 
536.000 1.000 
537.000 1.000 
538.000 1.000 
539.000 1.000 
540.000 1.000 
541.000 1.000 
542.000 -0.008 
543.000 -0.162 
544.000 0.150 
545.000 0.559 
546.000 0.874 
547.000 1.000 
548.000 1.000 
549.000 1.000 
550.000 1.000 
551.000 1.000 
552.000 1.000 
553.000 1.000 
554.000 1.000 
555.000 1.000 
556.000 1.000 
557.000 1.000 
558.000 1.000 
559.000 1.000 
560.000 1.000 
561.000 1.000 
562.000 1.000 
563.000 1.000 
564.000 1.000 
565.000 1.000 
566.000 1.000 
567.000 1.000 
568.000 1.000 
569.000 1.000 
570.000 1.000 
571.000 1.000 
572.000 1.000 
573.000 1.000 
574.000 1.000 
575.000 -0.271 
576.000 -0.405 
577.000 -0.027 
578.000 0.442 
579.000 0.791 
580.000 1.000 
581.000 1.000 
582.000 1.000 
583.000 1.000 
584.000 1.000 
585.000 1.000 
586.000 1.000 
587.000 1.000 
588.000 1.000 
589.000 1.000 
590.000 1.000 
591.000 1.000 
592.000 1.000 
593.000 1.000 
594.000 1.000 
595.000 1.000 
596.000 1.000 
597.000 1.000 
598.000 1.000 
599.000 1.000 
600.000 1.000 
601.000 1.000 
602.000 1.000 
603.000 1.000 
604.000 1.000 
605.000 1.000 
606.000 1.000 
607.000 1.000 
608.000 1.000 
609.000 1.000 
610.000 1.000 
611.000 1.000 
612.000 1.000 
613.000 1.000 
614.000 1.000 
615.000 1.000 
616.000 1.000 
617.000 1.000 
618.000 1.000 
619.000 1.000 
620.000 1.000 
621.000 1.000 
622.000 1.000 
623.000 1.000 
624.000 1.000 
625.000 1.000 
626.000 1.000 
627.000 1.000 
628.000 1.000 
629.000 1.000 
630.000 1.000 
631.000 1.000 
632.000 1.000 
633.000 1.000 
634.000 1.000 
635.000 1.000 
636.000 1.000 
637.000 1.000 
638.000 1.000 
639.000 1.000 
640.000 1.000 
641.000 1.000 
642.000 1.000 
643.000 1.000 
644.000 1.000 
645.000 1.000 
646.000 1.000 
647.000 1.000 
648.000 1.000 
649.000 1.000 
650.000 1.000 
651.000 1.000 
652.000 1.000 
653.000 1.000 
654.000 1.000 
655.000 1.000 
656.000 1.000 
657.000 1.000 
658.000 1.000 
659.000 1.000 
660.000 1.000 
661.000 1.000 
662.000 1.000 
663.000 1.000 
664.000 1.000 
665.000 1.000 
666.000 1.000 
667.000 1.000 
668.000 1.000 
669.000 1.000 
670.000 1.000 
671.000 1.000 
672.000 1.000 
673.000 1.000 
674.000 1.000 
675.000 1.000 
676.000 1.000 
677.000 1.000 
678.000 1.000 
679.000 1.000 
680.000 1.000 
681.000 1.000 
682.000 1.000 
683.000 1.000 
684.000 1.000 
685.000 1.000 
686.000 1.000 
687.000 1.000 
688.000 1.000 
689.000 1.000 
690.000 1.000 
691.000 1.000 
692.000 1.000 
693.000 1.000 
694.000 1.000 
695.000 1.000 
696.000 1.000 
697.000 1.000 
698.000 1.000 
699.000 1.000 
700.000 1.000 
701.000 1.000 
702.000 1.000 
703.000 1.000 
704.000 1.000 
705.000 1.000 
706.000 1.000 
707.000 1.000 
708.000 1.000 
709.000 1.000 
710.000 1.000 
711.000 1.000 
712.000 1.000 
713.000 1.000 
714.000 1.000 
715.000 1.000 
716.000 1.000 
717.000 1.000 
718.000 1.000 
719.000 1.000 
720.000 1.000 
721.000 1.000 
722.000 1.000 
723.000 1.000 
724.000 1.000 
725.000 1.000 
726.000 1.000 
727.000 1.000 
728.000 1.000 
729.000 1.000 
730.000 1.000 
731.000 1.000 
732.000 1.000 
733.000 1.000 
734.000 1.000 
735.000 1.000 
736.000 1.000 
737.000 1.000 
738.000 1.000 
739.000 1.000 
740.000 1.000 
741.000 1.000 
742.000 1.000 
743.000 1.000 
744.000 1.000 
745.000 1.000 
746.000 1.000 
747.000 1.000 
748.000 1.000 
749.000 1.000 
750.000 1.000 
751.000 1.000 
752.000 1.000 
753.000 1.000 
754.000 1.000 
755.000 1.000 
756.000 1.000 
757.000 1.000 
758.000 1.000 
759.000 1.000 
760.000 1.000 
761.000 1.000 
762.000 1.000 
763.000 1.000 
764.000 1.000 
765.000 1.000 
766.000 1.000 
767.000 1.000 
768.000 1.000 
769.000 1.000 
770.000 1.000 
771.000 1.000 
772.000 1.000 
773.000 1.000 
774.000 1.000 
775.000 1.000 
776.000 1.000 
777.000 1.000 
778.000 1.000 
779.000 1.000 
780.000 1.000 
781.000 1.000 
782.000 1.000 
783.000 1.000 
784.000 1.000 
785.000 1.000 
786.000 1.000 
787.000 1.000 
788.000 1.000 
789.000 1.000 
790.000 1.000 
791.000 1.000 
792.000 1.000 
793.000 1.000 
794.000 1.000 
795.000 1.000 
796.000 1.000 
797.000 1.000 
798.000 1.000 
799.000 1.000 
800.000 1.000 
