1.000 0.000 
2.000 0.000 
3.000 0.000 
4.000 0.000 
5.000 0.000 
6.000 0.000 
7.000 -0.005 
8.000 -0.009 
9.000 -0.012 
10.000 -0.015 
11.000 -0.018 
12.000 -0.020 
13.000 -0.021 
14.000 -0.023 
15.000 -0.024 
16.000 -0.024 
17.000 -0.025 
18.000 -0.026 
19.000 -0.027 
20.000 -0.028 
21.000 -0.029 
22.000 -0.031 
23.000 -0.032 
24.000 -0.033 
25.000 -0.035 
26.000 -0.036 
27.000 -0.038 
28.000 -0.039 
29.000 -0.040 
30.000 -0.042 
31.000 -0.043 
32.000 -0.044 
33.000 -0.046 
34.000 -0.047 
35.000 -0.048 
36.000 -0.049 
37.000 -0.051 
38.000 -0.052 
39.000 -0.053 
40.000 -0.054 
41.000 -0.055 
42.000 -0.057 
43.000 -0.058 
44.000 -0.059 
45.000 -0.060 
46.000 -0.061 
47.000 -0.062 
48.000 -0.064 
49.000 -0.065 
50.000 -0.066 
51.000 -0.067 
52.000 -0.068 
53.000 -0.069 
54.000 -0.070 
55.000 -0.072 
56.000 -0.073 
57.000 -0.074 
58.000 -0.075 
59.000 -0.076 
60.000 -0.077 
61.000 -0.078 
62.000 -0.079 
63.000 -0.080 
64.000 -0.081 
65.000 -0.082 
66.000 -0.083 
67.000 -0.085 
68.000 -0.086 
69.000 -0.087 
70.000 -0.088 
71.000 -0.089 
72.000 -0.090 
73.000 -0.091 
74.000 -0.092 
75.000 -0.093 
76.000 -0.094 
77.000 -0.095 
78.000 -0.096 
79.000 -0.097 
80.000 -0.098 
81.000 -0.099 
82.000 -0.100 
83.000 -0.101 
84.000 -0.102 
85.000 -0.103 
86.000 -0.104 
87.000 -0.104 
88.000 -0.105 
89.000 -0.106 
90.000 -0.107 
91.000 -0.108 
92.000 -0.109 
93.000 -0.110 
94.000 -0.111 
95.000 -0.112 
96.000 -0.113 
97.000 -0.114 
98.000 -0.115 
99.000 -0.116 
100.000 -0.117 
101.000 -0.117 
102.000 -0.118 
103.000 -0.119 
104.000 -0.120 
105.000 -0.121 
106.000 -0.122 
107.000 -0.123 
108.000 -0.124 
109.000 -0.125 
110.000 -0.125 
111.000 -0.126 
112.000 -0.127 
113.000 -0.128 
114.000 -0.129 
115.000 -0.130 
116.000 -0.131 
117.000 -0.131 
118.000 -0.132 
119.000 -0.133 
120.000 -0.134 
121.000 -0.133 
122.000 -0.132 
123.000 -0.131 
124.000 -0.131 
125.000 -0.131 
126.000 -0.131 
127.000 -0.131 
128.000 -0.131 
129.000 -0.131 
130.000 -0.132 
131.000 -0.132 
132.000 -0.132 
133.000 -0.133 
134.000 -0.133 
135.000 -0.133 
136.000 -0.133 
137.000 -0.134 
138.000 -0.134 
139.000 -0.134 
140.000 -0.134 
141.000 -0.134 
142.000 -0.134 
143.000 -0.134 
144.000 -0.135 
145.000 -0.135 
146.000 -0.135 
147.000 -0.135 
148.000 -0.135 
149.000 -0.135 
150.000 -0.136 
151.000 -0.136 
152.000 -0.136 
153.000 -0.136 
154.000 -0.136 
155.000 -0.136 
156.000 -0.136 
157.000 -0.137 
158.000 -0.137 
159.000 -0.137 
160.000 -0.137 
161.000 -0.137 
162.000 -0.137 
163.000 -0.138 
164.000 -0.138 
165.000 -0.138 
166.000 -0.138 
167.000 -0.138 
168.000 -0.138 
169.000 -0.138 
170.000 -0.139 
171.000 -0.139 
172.000 -0.139 
173.000 -0.139 
174.000 -0.139 
175.000 -0.139 
176.000 -0.139 
177.000 -0.140 
178.000 -0.140 
179.000 -0.140 
180.000 -0.140 
181.000 -0.140 
182.000 -0.140 
183.000 -0.140 
184.000 -0.141 
185.000 -0.141 
186.000 -0.141 
187.000 -0.141 
188.000 -0.141 
189.000 -0.141 
190.000 -0.141 
191.000 -0.142 
192.000 -0.142 
193.000 -0.142 
194.000 -0.142 
195.000 -0.142 
196.000 -0.142 
197.000 -0.142 
198.000 -0.143 
199.000 -0.143 
200.000 -0.143 
201.000 -0.143 
202.000 -0.143 
203.000 -0.143 
204.000 -0.143 
205.000 -0.143 
206.000 -0.144 
207.000 -0.144 
208.000 -0.144 
209.000 -0.144 
210.000 -0.144 
211.000 -0.144 
212.000 -0.144 
213.000 -0.144 
214.000 -0.145 
215.000 -0.145 
216.000 -0.145 
217.000 -0.145 
218.000 -0.145 
219.000 -0.145 
220.000 -0.145 
221.000 -0.145 
222.000 -0.146 
223.000 -0.146 
224.000 -0.146 
225.000 -0.146 
226.000 -0.146 
227.000 -0.146 
228.000 -0.146 
229.000 -0.146 
230.000 -0.147 
231.000 -0.147 
232.000 -0.147 
233.000 -0.147 
234.000 -0.147 
235.000 -0.147 
236.000 -0.147 
237.000 -0.147 
238.000 -0.148 
239.000 -0.148 
240.000 -0.148 
241.000 -0.136 
242.000 -0.126 
243.000 -0.118 
244.000 -0.111 
245.000 -0.105 
246.000 -0.101 
247.000 -0.097 
248.000 -0.094 
249.000 -0.091 
250.000 -0.089 
251.000 -0.086 
252.000 -0.084 
253.000 -0.082 
254.000 -0.079 
255.000 -0.076 
256.000 -0.073 
257.000 -0.069 
258.000 -0.066 
259.000 -0.062 
260.000 -0.059 
261.000 -0.055 
262.000 -0.052 
263.000 -0.048 
264.000 -0.045 
265.000 -0.042 
266.000 -0.038 
267.000 -0.035 
268.000 -0.032 
269.000 -0.029 
270.000 -0.026 
271.000 -0.023 
272.000 -0.019 
273.000 -0.016 
274.000 -0.013 
275.000 -0.010 
276.000 -0.007 
277.000 -0.004 
278.000 -0.001 
279.000 0.002 
280.000 0.005 
281.000 0.007 
282.000 0.010 
283.000 0.013 
284.000 0.016 
285.000 0.019 
286.000 0.022 
287.000 0.024 
288.000 0.027 
289.000 0.030 
290.000 0.033 
291.000 0.035 
292.000 0.038 
293.000 0.040 
294.000 0.043 
295.000 0.046 
296.000 0.048 
297.000 0.051 
298.000 0.053 
299.000 0.056 
300.000 0.058 
301.000 0.060 
302.000 0.063 
303.000 0.065 
304.000 0.067 
305.000 0.070 
306.000 0.072 
307.000 0.074 
308.000 0.076 
309.000 0.079 
310.000 0.081 
311.000 0.083 
312.000 0.085 
313.000 0.087 
314.000 0.089 
315.000 0.091 
316.000 0.093 
317.000 0.095 
318.000 0.097 
319.000 0.099 
320.000 0.101 
321.000 0.103 
322.000 0.104 
323.000 0.106 
324.000 0.108 
325.000 0.110 
326.000 0.111 
327.000 0.113 
328.000 0.115 
329.000 0.116 
330.000 0.118 
331.000 0.120 
332.000 0.121 
333.000 0.123 
334.000 0.124 
335.000 0.126 
336.000 0.127 
337.000 0.129 
338.000 0.130 
339.000 0.132 
340.000 0.133 
341.000 0.134 
342.000 0.136 
343.000 0.137 
344.000 0.138 
345.000 0.139 
346.000 0.141 
347.000 0.142 
348.000 0.143 
349.000 0.144 
350.000 0.145 
351.000 0.147 
352.000 0.148 
353.000 0.149 
354.000 0.150 
355.000 0.151 
356.000 0.152 
357.000 0.153 
358.000 0.154 
359.000 0.155 
360.000 0.156 
361.000 0.179 
362.000 0.198 
363.000 0.215 
364.000 0.229 
365.000 0.241 
366.000 0.251 
367.000 0.258 
368.000 0.264 
369.000 0.269 
370.000 0.273 
371.000 0.276 
372.000 0.279 
373.000 0.281 
374.000 0.284 
375.000 0.288 
376.000 0.291 
377.000 0.295 
378.000 0.299 
379.000 0.304 
380.000 0.308 
381.000 0.313 
382.000 0.318 
383.000 0.322 
384.000 0.327 
385.000 0.331 
386.000 0.335 
387.000 0.338 
388.000 0.342 
389.000 0.345 
390.000 0.347 
391.000 0.350 
392.000 0.352 
393.000 0.354 
394.000 0.357 
395.000 0.358 
396.000 0.360 
397.000 0.362 
398.000 0.364 
399.000 0.366 
400.000 0.367 
401.000 0.369 
402.000 0.371 
403.000 0.372 
404.000 0.374 
405.000 0.375 
406.000 0.376 
407.000 0.378 
408.000 0.379 
409.000 0.380 
410.000 0.381 
411.000 0.382 
412.000 0.383 
413.000 0.384 
414.000 0.385 
415.000 0.386 
416.000 0.386 
417.000 0.387 
418.000 0.388 
419.000 0.388 
420.000 0.389 
421.000 0.390 
422.000 0.390 
423.000 0.391 
424.000 0.391 
425.000 0.392 
426.000 0.392 
427.000 0.393 
428.000 0.393 
429.000 0.393 
430.000 0.394 
431.000 0.394 
432.000 0.394 
433.000 0.395 
434.000 0.395 
435.000 0.395 
436.000 0.396 
437.000 0.396 
438.000 0.396 
439.000 0.396 
440.000 0.396 
441.000 0.397 
442.000 0.397 
443.000 0.397 
444.000 0.397 
445.000 0.397 
446.000 0.397 
447.000 0.398 
448.000 0.398 
449.000 0.398 
450.000 0.398 
451.000 0.398 
452.000 0.398 
453.000 0.398 
454.000 0.398 
455.000 0.398 
456.000 0.399 
457.000 0.399 
458.000 0.399 
459.000 0.399 
460.000 0.399 
461.000 0.399 
462.000 0.399 
463.000 0.399 
464.000 0.399 
465.000 0.399 
466.000 0.399 
467.000 0.399 
468.000 0.399 
469.000 0.399 
470.000 0.399 
471.000 0.399 
472.000 0.399 
473.000 0.399 
474.000 0.399 
475.000 0.399 
476.000 0.400 
477.000 0.400 
478.000 0.400 
479.000 0.400 
480.000 0.400 
481.000 0.492 
482.000 0.571 
483.000 0.638 
484.000 0.693 
485.000 0.739 
486.000 0.776 
487.000 0.804 
488.000 0.824 
489.000 0.836 
490.000 0.842 
491.000 0.843 
492.000 0.840 
493.000 0.834 
494.000 0.826 
495.000 0.816 
496.000 0.806 
497.000 0.796 
498.000 0.786 
499.000 0.778 
500.000 0.771 
501.000 0.766 
502.000 0.762 
503.000 0.761 
504.000 0.761 
505.000 0.763 
506.000 0.766 
507.000 0.771 
508.000 0.776 
509.000 0.782 
510.000 0.788 
511.000 0.794 
512.000 0.799 
513.000 0.804 
514.000 0.808 
515.000 0.812 
516.000 0.814 
517.000 0.816 
518.000 0.816 
519.000 0.816 
520.000 0.815 
521.000 0.814 
522.000 0.812 
523.000 0.809 
524.000 0.807 
525.000 0.804 
526.000 0.801 
527.000 0.799 
528.000 0.797 
529.000 0.795 
530.000 0.794 
531.000 0.793 
532.000 0.793 
533.000 0.793 
534.000 0.793 
535.000 0.793 
536.000 0.794 
537.000 0.795 
538.000 0.796 
539.000 0.798 
540.000 0.799 
541.000 0.800 
542.000 0.801 
543.000 0.802 
544.000 0.803 
545.000 0.803 
546.000 0.803 
547.000 0.803 
548.000 0.803 
549.000 0.803 
550.000 0.803 
551.000 0.802 
552.000 0.802 
553.000 0.801 
554.000 0.801 
555.000 0.800 
556.000 0.800 
557.000 0.799 
558.000 0.799 
559.000 0.799 
560.000 0.799 
561.000 0.798 
562.000 0.798 
563.000 0.798 
564.000 0.799 
565.000 0.799 
566.000 0.799 
567.000 0.799 
568.000 0.800 
569.000 0.800 
570.000 0.800 
571.000 0.800 
572.000 0.800 
573.000 0.801 
574.000 0.801 
575.000 0.801 
576.000 0.801 
577.000 0.801 
578.000 0.801 
579.000 0.801 
580.000 0.800 
581.000 0.800 
582.000 0.800 
583.000 0.800 
584.000 0.800 
585.000 0.800 
586.000 0.800 
587.000 0.800 
588.000 0.800 
589.000 0.800 
590.000 0.800 
591.000 0.800 
592.000 0.800 
593.000 0.800 
594.000 0.800 
595.000 0.800 
596.000 0.800 
597.000 0.800 
598.000 0.800 
599.000 0.800 
600.000 0.800 
601.000 0.869 
602.000 0.929 
603.000 0.979 
604.000 1.000 
605.000 1.000 
606.000 1.000 
607.000 1.000 
608.000 1.000 
609.000 1.000 
610.000 1.000 
611.000 1.000 
612.000 1.000 
613.000 1.000 
614.000 1.000 
615.000 1.000 
616.000 1.000 
617.000 1.000 
618.000 1.000 
619.000 1.000 
620.000 1.000 
621.000 1.000 
622.000 1.000 
623.000 1.000 
624.000 1.000 
625.000 1.000 
626.000 1.000 
627.000 1.000 
628.000 1.000 
629.000 1.000 
630.000 1.000 
631.000 1.000 
632.000 1.000 
633.000 1.000 
634.000 1.000 
635.000 1.000 
636.000 1.000 
637.000 1.000 
638.000 1.000 
639.000 1.000 
640.000 1.000 
641.000 1.000 
642.000 1.000 
643.000 1.000 
644.000 1.000 
645.000 1.000 
646.000 1.000 
647.000 1.000 
648.000 1.000 
649.000 1.000 
650.000 1.000 
651.000 1.000 
652.000 1.000 
653.000 1.000 
654.000 1.000 
655.000 1.000 
656.000 1.000 
657.000 1.000 
658.000 1.000 
659.000 1.000 
660.000 1.000 
661.000 1.000 
662.000 1.000 
663.000 1.000 
664.000 1.000 
665.000 1.000 
666.000 1.000 
667.000 1.000 
668.000 1.000 
669.000 1.000 
670.000 1.000 
671.000 1.000 
672.000 1.000 
673.000 1.000 
674.000 1.000 
675.000 1.000 
676.000 1.000 
677.000 1.000 
678.000 1.000 
679.000 1.000 
680.000 1.000 
681.000 1.000 
682.000 1.000 
683.000 1.000 
684.000 1.000 
685.000 1.000 
686.000 1.000 
687.000 1.000 
688.000 1.000 
689.000 1.000 
690.000 1.000 
691.000 1.000 
692.000 1.000 
693.000 1.000 
694.000 1.000 
695.000 1.000 
696.000 1.000 
697.000 1.000 
698.000 1.000 
699.000 1.000 
700.000 1.000 
701.000 1.000 
702.000 1.000 
703.000 1.000 
704.000 1.000 
705.000 1.000 
706.000 1.000 
707.000 1.000 
708.000 1.000 
709.000 1.000 
710.000 1.000 
711.000 1.000 
712.000 1.000 
713.000 1.000 
714.000 1.000 
715.000 1.000 
716.000 1.000 
717.000 1.000 
718.000 1.000 
719.000 1.000 
720.000 1.000 
721.000 1.000 
722.000 1.000 
723.000 1.000 
724.000 1.000 
725.000 1.000 
726.000 1.000 
727.000 1.000 
728.000 1.000 
729.000 1.000 
730.000 1.000 
731.000 1.000 
732.000 1.000 
733.000 1.000 
734.000 1.000 
735.000 1.000 
736.000 1.000 
737.000 1.000 
738.000 1.000 
739.000 1.000 
740.000 1.000 
741.000 1.000 
742.000 1.000 
743.000 1.000 
744.000 1.000 
745.000 1.000 
746.000 1.000 
747.000 1.000 
748.000 1.000 
749.000 1.000 
750.000 1.000 
751.000 1.000 
752.000 1.000 
753.000 1.000 
754.000 1.000 
755.000 1.000 
756.000 1.000 
757.000 1.000 
758.000 1.000 
759.000 1.000 
760.000 1.000 
761.000 1.000 
762.000 1.000 
763.000 1.000 
764.000 1.000 
765.000 1.000 
766.000 1.000 
767.000 1.000 
768.000 1.000 
769.000 1.000 
770.000 1.000 
771.000 1.000 
772.000 1.000 
773.000 1.000 
774.000 1.000 
775.000 1.000 
776.000 1.000 
777.000 1.000 
778.000 1.000 
779.000 1.000 
780.000 1.000 
781.000 1.000 
782.000 1.000 
783.000 1.000 
784.000 1.000 
785.000 1.000 
786.000 1.000 
787.000 1.000 
788.000 1.000 
789.000 1.000 
790.000 1.000 
791.000 1.000 
792.000 1.000 
793.000 1.000 
794.000 1.000 
795.000 1.000 
796.000 1.000 
797.000 1.000 
798.000 1.000 
799.000 1.000 
800.000 1.000 
