1.000 0.000 
2.000 0.000 
3.000 0.000 
4.000 0.000 
5.000 0.000 
6.000 0.000 
7.000 -0.006 
8.000 -0.012 
9.000 -0.016 
10.000 -0.019 
11.000 -0.022 
12.000 -0.023 
13.000 -0.025 
14.000 -0.026 
15.000 -0.027 
16.000 -0.027 
17.000 -0.028 
18.000 -0.029 
19.000 -0.030 
20.000 -0.031 
21.000 -0.032 
22.000 -0.034 
23.000 -0.035 
24.000 -0.037 
25.000 -0.039 
26.000 -0.040 
27.000 -0.042 
28.000 -0.043 
29.000 -0.045 
30.000 -0.046 
31.000 -0.048 
32.000 -0.049 
33.000 -0.050 
34.000 -0.052 
35.000 -0.053 
36.000 -0.054 
37.000 -0.056 
38.000 -0.057 
39.000 -0.058 
40.000 -0.059 
41.000 -0.061 
42.000 -0.062 
43.000 -0.063 
44.000 -0.065 
45.000 -0.066 
46.000 -0.067 
47.000 -0.068 
48.000 -0.070 
49.000 -0.071 
50.000 -0.072 
51.000 -0.073 
52.000 -0.074 
53.000 -0.076 
54.000 -0.077 
55.000 -0.078 
56.000 -0.079 
57.000 -0.080 
58.000 -0.082 
59.000 -0.083 
60.000 -0.084 
61.000 -0.085 
62.000 -0.086 
63.000 -0.087 
64.000 -0.088 
65.000 -0.090 
66.000 -0.091 
67.000 -0.092 
68.000 -0.093 
69.000 -0.094 
70.000 -0.095 
71.000 -0.096 
72.000 -0.097 
73.000 -0.098 
74.000 -0.099 
75.000 -0.101 
76.000 -0.102 
77.000 -0.103 
78.000 -0.104 
79.000 -0.105 
80.000 -0.106 
81.000 -0.107 
82.000 -0.108 
83.000 -0.109 
84.000 -0.110 
85.000 -0.111 
86.000 -0.112 
87.000 -0.113 
88.000 -0.114 
89.000 -0.115 
90.000 -0.116 
91.000 -0.117 
92.000 -0.118 
93.000 -0.119 
94.000 -0.120 
95.000 -0.121 
96.000 -0.122 
97.000 -0.123 
98.000 -0.124 
99.000 -0.125 
100.000 -0.126 
101.000 -0.127 
102.000 -0.128 
103.000 -0.129 
104.000 -0.130 
105.000 -0.131 
106.000 -0.131 
107.000 -0.132 
108.000 -0.133 
109.000 -0.134 
110.000 -0.135 
111.000 -0.136 
112.000 -0.137 
113.000 -0.138 
114.000 -0.139 
115.000 -0.140 
116.000 -0.141 
117.000 -0.142 
118.000 -0.142 
119.000 -0.143 
120.000 -0.144 
121.000 -0.142 
122.000 -0.141 
123.000 -0.140 
124.000 -0.140 
125.000 -0.139 
126.000 -0.139 
127.000 -0.140 
128.000 -0.140 
129.000 -0.141 
130.000 -0.141 
131.000 -0.141 
132.000 -0.142 
133.000 -0.142 
134.000 -0.142 
135.000 -0.143 
136.000 -0.143 
137.000 -0.143 
138.000 -0.143 
139.000 -0.143 
140.000 -0.143 
141.000 -0.143 
142.000 -0.143 
143.000 -0.143 
144.000 -0.144 
145.000 -0.144 
146.000 -0.144 
147.000 -0.144 
148.000 -0.144 
149.000 -0.144 
150.000 -0.144 
151.000 -0.145 
152.000 -0.145 
153.000 -0.145 
154.000 -0.145 
155.000 -0.145 
156.000 -0.145 
157.000 -0.145 
158.000 -0.146 
159.000 -0.146 
160.000 -0.146 
161.000 -0.146 
162.000 -0.146 
163.000 -0.146 
164.000 -0.146 
165.000 -0.147 
166.000 -0.147 
167.000 -0.147 
168.000 -0.147 
169.000 -0.147 
170.000 -0.147 
171.000 -0.147 
172.000 -0.147 
173.000 -0.148 
174.000 -0.148 
175.000 -0.148 
176.000 -0.148 
177.000 -0.148 
178.000 -0.148 
179.000 -0.148 
180.000 -0.148 
181.000 -0.149 
182.000 -0.149 
183.000 -0.149 
184.000 -0.149 
185.000 -0.149 
186.000 -0.149 
187.000 -0.149 
188.000 -0.149 
189.000 -0.150 
190.000 -0.150 
191.000 -0.150 
192.000 -0.150 
193.000 -0.150 
194.000 -0.150 
195.000 -0.150 
196.000 -0.150 
197.000 -0.151 
198.000 -0.151 
199.000 -0.151 
200.000 -0.151 
201.000 -0.151 
202.000 -0.151 
203.000 -0.151 
204.000 -0.151 
205.000 -0.151 
206.000 -0.152 
207.000 -0.152 
208.000 -0.152 
209.000 -0.152 
210.000 -0.152 
211.000 -0.152 
212.000 -0.152 
213.000 -0.152 
214.000 -0.152 
215.000 -0.153 
216.000 -0.153 
217.000 -0.153 
218.000 -0.153 
219.000 -0.153 
220.000 -0.153 
221.000 -0.153 
222.000 -0.153 
223.000 -0.153 
224.000 -0.154 
225.000 -0.154 
226.000 -0.154 
227.000 -0.154 
228.000 -0.154 
229.000 -0.154 
230.000 -0.154 
231.000 -0.154 
232.000 -0.154 
233.000 -0.154 
234.000 -0.155 
235.000 -0.155 
236.000 -0.155 
237.000 -0.155 
238.000 -0.155 
239.000 -0.155 
240.000 -0.155 
241.000 -0.140 
242.000 -0.127 
243.000 -0.117 
244.000 -0.109 
245.000 -0.103 
246.000 -0.099 
247.000 -0.095 
248.000 -0.093 
249.000 -0.091 
250.000 -0.089 
251.000 -0.087 
252.000 -0.085 
253.000 -0.082 
254.000 -0.079 
255.000 -0.075 
256.000 -0.072 
257.000 -0.068 
258.000 -0.063 
259.000 -0.059 
260.000 -0.055 
261.000 -0.051 
262.000 -0.047 
263.000 -0.044 
264.000 -0.040 
265.000 -0.036 
266.000 -0.033 
267.000 -0.029 
268.000 -0.026 
269.000 -0.023 
270.000 -0.019 
271.000 -0.016 
272.000 -0.013 
273.000 -0.009 
274.000 -0.006 
275.000 -0.003 
276.000 0.000 
277.000 0.004 
278.000 0.007 
279.000 0.010 
280.000 0.013 
281.000 0.016 
282.000 0.019 
283.000 0.023 
284.000 0.026 
285.000 0.029 
286.000 0.031 
287.000 0.034 
288.000 0.037 
289.000 0.040 
290.000 0.043 
291.000 0.046 
292.000 0.049 
293.000 0.051 
294.000 0.054 
295.000 0.057 
296.000 0.059 
297.000 0.062 
298.000 0.065 
299.000 0.067 
300.000 0.070 
301.000 0.072 
302.000 0.075 
303.000 0.077 
304.000 0.079 
305.000 0.082 
306.000 0.084 
307.000 0.086 
308.000 0.089 
309.000 0.091 
310.000 0.093 
311.000 0.095 
312.000 0.097 
313.000 0.099 
314.000 0.101 
315.000 0.103 
316.000 0.105 
317.000 0.107 
318.000 0.109 
319.000 0.111 
320.000 0.113 
321.000 0.115 
322.000 0.117 
323.000 0.118 
324.000 0.120 
325.000 0.122 
326.000 0.124 
327.000 0.125 
328.000 0.127 
329.000 0.128 
330.000 0.130 
331.000 0.132 
332.000 0.133 
333.000 0.134 
334.000 0.136 
335.000 0.137 
336.000 0.139 
337.000 0.140 
338.000 0.141 
339.000 0.143 
340.000 0.144 
341.000 0.145 
342.000 0.147 
343.000 0.148 
344.000 0.149 
345.000 0.150 
346.000 0.151 
347.000 0.152 
348.000 0.153 
349.000 0.155 
350.000 0.156 
351.000 0.157 
352.000 0.158 
353.000 0.159 
354.000 0.160 
355.000 0.160 
356.000 0.161 
357.000 0.162 
358.000 0.163 
359.000 0.164 
360.000 0.165 
361.000 0.194 
362.000 0.219 
363.000 0.239 
364.000 0.255 
365.000 0.267 
366.000 0.276 
367.000 0.283 
368.000 0.287 
369.000 0.289 
370.000 0.291 
371.000 0.292 
372.000 0.293 
373.000 0.295 
374.000 0.297 
375.000 0.300 
376.000 0.303 
377.000 0.307 
378.000 0.312 
379.000 0.317 
380.000 0.323 
381.000 0.328 
382.000 0.333 
383.000 0.338 
384.000 0.343 
385.000 0.347 
386.000 0.350 
387.000 0.353 
388.000 0.356 
389.000 0.358 
390.000 0.360 
391.000 0.362 
392.000 0.363 
393.000 0.365 
394.000 0.366 
395.000 0.367 
396.000 0.369 
397.000 0.370 
398.000 0.372 
399.000 0.374 
400.000 0.375 
401.000 0.377 
402.000 0.378 
403.000 0.380 
404.000 0.381 
405.000 0.382 
406.000 0.384 
407.000 0.385 
408.000 0.386 
409.000 0.386 
410.000 0.387 
411.000 0.388 
412.000 0.389 
413.000 0.389 
414.000 0.390 
415.000 0.390 
416.000 0.391 
417.000 0.391 
418.000 0.392 
419.000 0.392 
420.000 0.392 
421.000 0.393 
422.000 0.393 
423.000 0.394 
424.000 0.394 
425.000 0.395 
426.000 0.395 
427.000 0.395 
428.000 0.396 
429.000 0.396 
430.000 0.396 
431.000 0.396 
432.000 0.397 
433.000 0.397 
434.000 0.397 
435.000 0.397 
436.000 0.397 
437.000 0.397 
438.000 0.398 
439.000 0.398 
440.000 0.398 
441.000 0.398 
442.000 0.398 
443.000 0.398 
444.000 0.398 
445.000 0.398 
446.000 0.398 
447.000 0.399 
448.000 0.399 
449.000 0.399 
450.000 0.399 
451.000 0.399 
452.000 0.399 
453.000 0.399 
454.000 0.399 
455.000 0.399 
456.000 0.399 
457.000 0.399 
458.000 0.399 
459.000 0.399 
460.000 0.399 
461.000 0.399 
462.000 0.399 
463.000 0.399 
464.000 0.399 
465.000 0.400 
466.000 0.400 
467.000 0.400 
468.000 0.400 
469.000 0.400 
470.000 0.400 
471.000 0.400 
472.000 0.400 
473.000 0.400 
474.000 0.400 
475.000 0.400 
476.000 0.400 
477.000 0.400 
478.000 0.400 
479.000 0.400 
480.000 0.400 
481.000 0.521 
482.000 0.620 
483.000 0.701 
484.000 0.764 
485.000 0.813 
486.000 0.849 
487.000 0.871 
488.000 0.883 
489.000 0.885 
490.000 0.880 
491.000 0.868 
492.000 0.853 
493.000 0.836 
494.000 0.817 
495.000 0.798 
496.000 0.781 
497.000 0.766 
498.000 0.753 
499.000 0.744 
500.000 0.738 
501.000 0.736 
502.000 0.738 
503.000 0.742 
504.000 0.749 
505.000 0.759 
506.000 0.769 
507.000 0.781 
508.000 0.792 
509.000 0.803 
510.000 0.812 
511.000 0.820 
512.000 0.826 
513.000 0.830 
514.000 0.832 
515.000 0.832 
516.000 0.831 
517.000 0.827 
518.000 0.823 
519.000 0.818 
520.000 0.812 
521.000 0.806 
522.000 0.800 
523.000 0.795 
524.000 0.791 
525.000 0.787 
526.000 0.785 
527.000 0.783 
528.000 0.783 
529.000 0.784 
530.000 0.785 
531.000 0.787 
532.000 0.790 
533.000 0.793 
534.000 0.796 
535.000 0.799 
536.000 0.802 
537.000 0.804 
538.000 0.806 
539.000 0.808 
540.000 0.809 
541.000 0.809 
542.000 0.809 
543.000 0.808 
544.000 0.807 
545.000 0.806 
546.000 0.804 
547.000 0.803 
548.000 0.801 
549.000 0.799 
550.000 0.798 
551.000 0.797 
552.000 0.796 
553.000 0.795 
554.000 0.795 
555.000 0.795 
556.000 0.795 
557.000 0.796 
558.000 0.797 
559.000 0.797 
560.000 0.798 
561.000 0.799 
562.000 0.800 
563.000 0.801 
564.000 0.801 
565.000 0.802 
566.000 0.802 
567.000 0.803 
568.000 0.803 
569.000 0.802 
570.000 0.802 
571.000 0.802 
572.000 0.802 
573.000 0.801 
574.000 0.801 
575.000 0.800 
576.000 0.800 
577.000 0.799 
578.000 0.799 
579.000 0.799 
580.000 0.799 
581.000 0.799 
582.000 0.799 
583.000 0.799 
584.000 0.799 
585.000 0.799 
586.000 0.799 
587.000 0.800 
588.000 0.800 
589.000 0.800 
590.000 0.800 
591.000 0.800 
592.000 0.801 
593.000 0.801 
594.000 0.801 
595.000 0.801 
596.000 0.801 
597.000 0.801 
598.000 0.800 
599.000 0.800 
600.000 0.800 
601.000 0.891 
602.000 0.966 
603.000 1.000 
604.000 1.000 
605.000 1.000 
606.000 1.000 
607.000 1.000 
608.000 1.000 
609.000 1.000 
610.000 1.000 
611.000 1.000 
612.000 1.000 
613.000 1.000 
614.000 1.000 
615.000 1.000 
616.000 1.000 
617.000 1.000 
618.000 1.000 
619.000 1.000 
620.000 1.000 
621.000 1.000 
622.000 1.000 
623.000 1.000 
624.000 1.000 
625.000 1.000 
626.000 1.000 
627.000 1.000 
628.000 1.000 
629.000 1.000 
630.000 1.000 
631.000 1.000 
632.000 1.000 
633.000 1.000 
634.000 1.000 
635.000 1.000 
636.000 1.000 
637.000 1.000 
638.000 1.000 
639.000 1.000 
640.000 1.000 
641.000 1.000 
642.000 1.000 
643.000 1.000 
644.000 1.000 
645.000 1.000 
646.000 1.000 
647.000 1.000 
648.000 1.000 
649.000 1.000 
650.000 1.000 
651.000 1.000 
652.000 1.000 
653.000 1.000 
654.000 1.000 
655.000 1.000 
656.000 1.000 
657.000 1.000 
658.000 1.000 
659.000 1.000 
660.000 1.000 
661.000 1.000 
662.000 1.000 
663.000 1.000 
664.000 1.000 
665.000 1.000 
666.000 1.000 
667.000 1.000 
668.000 1.000 
669.000 1.000 
670.000 1.000 
671.000 1.000 
672.000 1.000 
673.000 1.000 
674.000 1.000 
675.000 1.000 
676.000 1.000 
677.000 1.000 
678.000 1.000 
679.000 1.000 
680.000 1.000 
681.000 1.000 
682.000 1.000 
683.000 1.000 
684.000 1.000 
685.000 1.000 
686.000 1.000 
687.000 1.000 
688.000 1.000 
689.000 1.000 
690.000 1.000 
691.000 1.000 
692.000 1.000 
693.000 1.000 
694.000 1.000 
695.000 1.000 
696.000 1.000 
697.000 1.000 
698.000 1.000 
699.000 1.000 
700.000 1.000 
701.000 1.000 
702.000 1.000 
703.000 1.000 
704.000 1.000 
705.000 1.000 
706.000 1.000 
707.000 1.000 
708.000 1.000 
709.000 1.000 
710.000 1.000 
711.000 1.000 
712.000 1.000 
713.000 1.000 
714.000 1.000 
715.000 1.000 
716.000 1.000 
717.000 1.000 
718.000 1.000 
719.000 1.000 
720.000 1.000 
721.000 1.000 
722.000 1.000 
723.000 1.000 
724.000 1.000 
725.000 1.000 
726.000 1.000 
727.000 1.000 
728.000 1.000 
729.000 1.000 
730.000 1.000 
731.000 1.000 
732.000 1.000 
733.000 1.000 
734.000 1.000 
735.000 1.000 
736.000 1.000 
737.000 1.000 
738.000 1.000 
739.000 1.000 
740.000 1.000 
741.000 1.000 
742.000 1.000 
743.000 1.000 
744.000 1.000 
745.000 1.000 
746.000 1.000 
747.000 1.000 
748.000 1.000 
749.000 1.000 
750.000 1.000 
751.000 1.000 
752.000 1.000 
753.000 1.000 
754.000 1.000 
755.000 1.000 
756.000 1.000 
757.000 1.000 
758.000 1.000 
759.000 1.000 
760.000 1.000 
761.000 1.000 
762.000 1.000 
763.000 1.000 
764.000 1.000 
765.000 1.000 
766.000 1.000 
767.000 1.000 
768.000 1.000 
769.000 1.000 
770.000 1.000 
771.000 1.000 
772.000 1.000 
773.000 1.000 
774.000 1.000 
775.000 1.000 
776.000 1.000 
777.000 1.000 
778.000 1.000 
779.000 1.000 
780.000 1.000 
781.000 1.000 
782.000 1.000 
783.000 1.000 
784.000 1.000 
785.000 1.000 
786.000 1.000 
787.000 1.000 
788.000 1.000 
789.000 1.000 
790.000 1.000 
791.000 1.000 
792.000 1.000 
793.000 1.000 
794.000 1.000 
795.000 1.000 
796.000 1.000 
797.000 1.000 
798.000 1.000 
799.000 1.000 
800.000 1.000 
