1.000 0.000 
2.000 0.000 
3.000 0.000 
4.000 0.000 
5.000 0.000 
6.000 0.000 
7.000 -0.024 
8.000 -0.034 
9.000 -0.037 
10.000 -0.036 
11.000 -0.034 
12.000 -0.031 
13.000 -0.029 
14.000 -0.028 
15.000 -0.029 
16.000 -0.031 
17.000 -0.034 
18.000 -0.038 
19.000 -0.041 
20.000 -0.045 
21.000 -0.047 
22.000 -0.049 
23.000 -0.050 
24.000 -0.051 
25.000 -0.053 
26.000 -0.054 
27.000 -0.055 
28.000 -0.057 
29.000 -0.059 
30.000 -0.061 
31.000 -0.062 
32.000 -0.064 
33.000 -0.066 
34.000 -0.068 
35.000 -0.069 
36.000 -0.071 
37.000 -0.072 
38.000 -0.074 
39.000 -0.075 
40.000 -0.077 
41.000 -0.079 
42.000 -0.080 
43.000 -0.082 
44.000 -0.083 
45.000 -0.085 
46.000 -0.086 
47.000 -0.088 
48.000 -0.089 
49.000 -0.091 
50.000 -0.092 
51.000 -0.094 
52.000 -0.095 
53.000 -0.096 
54.000 -0.098 
55.000 -0.099 
56.000 -0.101 
57.000 -0.102 
58.000 -0.104 
59.000 -0.105 
60.000 -0.106 
61.000 -0.108 
62.000 -0.109 
63.000 -0.110 
64.000 -0.112 
65.000 -0.113 
66.000 -0.114 
67.000 -0.116 
68.000 -0.117 
69.000 -0.118 
70.000 -0.120 
71.000 -0.121 
72.000 -0.122 
73.000 -0.123 
74.000 -0.125 
75.000 -0.126 
76.000 -0.127 
77.000 -0.128 
78.000 -0.130 
79.000 -0.131 
80.000 -0.132 
81.000 -0.133 
82.000 -0.135 
83.000 -0.136 
84.000 -0.137 
85.000 -0.138 
86.000 -0.139 
87.000 -0.140 
88.000 -0.142 
89.000 -0.143 
90.000 -0.144 
91.000 -0.145 
92.000 -0.146 
93.000 -0.147 
94.000 -0.149 
95.000 -0.150 
96.000 -0.151 
97.000 -0.152 
98.000 -0.153 
99.000 -0.154 
100.000 -0.155 
101.000 -0.156 
102.000 -0.158 
103.000 -0.159 
104.000 -0.160 
105.000 -0.161 
106.000 -0.162 
107.000 -0.163 
108.000 -0.164 
109.000 -0.165 
110.000 -0.166 
111.000 -0.167 
112.000 -0.168 
113.000 -0.169 
114.000 -0.170 
115.000 -0.171 
116.000 -0.172 
117.000 -0.173 
118.000 -0.174 
119.000 -0.176 
120.000 -0.177 
121.000 -0.167 
122.000 -0.164 
123.000 -0.164 
124.000 -0.165 
125.000 -0.167 
126.000 -0.169 
127.000 -0.171 
128.000 -0.172 
129.000 -0.172 
130.000 -0.172 
131.000 -0.172 
132.000 -0.171 
133.000 -0.170 
134.000 -0.170 
135.000 -0.170 
136.000 -0.170 
137.000 -0.170 
138.000 -0.171 
139.000 -0.171 
140.000 -0.171 
141.000 -0.171 
142.000 -0.171 
143.000 -0.171 
144.000 -0.171 
145.000 -0.171 
146.000 -0.171 
147.000 -0.171 
148.000 -0.171 
149.000 -0.171 
150.000 -0.172 
151.000 -0.172 
152.000 -0.172 
153.000 -0.172 
154.000 -0.172 
155.000 -0.172 
156.000 -0.172 
157.000 -0.172 
158.000 -0.172 
159.000 -0.172 
160.000 -0.172 
161.000 -0.172 
162.000 -0.172 
163.000 -0.172 
164.000 -0.172 
165.000 -0.172 
166.000 -0.173 
167.000 -0.173 
168.000 -0.173 
169.000 -0.173 
170.000 -0.173 
171.000 -0.173 
172.000 -0.173 
173.000 -0.173 
174.000 -0.173 
175.000 -0.173 
176.000 -0.173 
177.000 -0.173 
178.000 -0.173 
179.000 -0.173 
180.000 -0.173 
181.000 -0.173 
182.000 -0.173 
183.000 -0.173 
184.000 -0.174 
185.000 -0.174 
186.000 -0.174 
187.000 -0.174 
188.000 -0.174 
189.000 -0.174 
190.000 -0.174 
191.000 -0.174 
192.000 -0.174 
193.000 -0.174 
194.000 -0.174 
195.000 -0.174 
196.000 -0.174 
197.000 -0.174 
198.000 -0.174 
199.000 -0.174 
200.000 -0.174 
201.000 -0.174 
202.000 -0.174 
203.000 -0.174 
204.000 -0.175 
205.000 -0.175 
206.000 -0.175 
207.000 -0.175 
208.000 -0.175 
209.000 -0.175 
210.000 -0.175 
211.000 -0.175 
212.000 -0.175 
213.000 -0.175 
214.000 -0.175 
215.000 -0.175 
216.000 -0.175 
217.000 -0.175 
218.000 -0.175 
219.000 -0.175 
220.000 -0.175 
221.000 -0.175 
222.000 -0.175 
223.000 -0.175 
224.000 -0.175 
225.000 -0.176 
226.000 -0.176 
227.000 -0.176 
228.000 -0.176 
229.000 -0.176 
230.000 -0.176 
231.000 -0.176 
232.000 -0.176 
233.000 -0.176 
234.000 -0.176 
235.000 -0.176 
236.000 -0.176 
237.000 -0.176 
238.000 -0.176 
239.000 -0.176 
240.000 -0.176 
241.000 -0.117 
242.000 -0.093 
243.000 -0.086 
244.000 -0.088 
245.000 -0.093 
246.000 -0.100 
247.000 -0.104 
248.000 -0.105 
249.000 -0.102 
250.000 -0.096 
251.000 -0.087 
252.000 -0.078 
253.000 -0.070 
254.000 -0.063 
255.000 -0.057 
256.000 -0.052 
257.000 -0.049 
258.000 -0.045 
259.000 -0.042 
260.000 -0.038 
261.000 -0.034 
262.000 -0.030 
263.000 -0.025 
264.000 -0.020 
265.000 -0.015 
266.000 -0.010 
267.000 -0.006 
268.000 -0.001 
269.000 0.003 
270.000 0.007 
271.000 0.011 
272.000 0.015 
273.000 0.019 
274.000 0.023 
275.000 0.027 
276.000 0.031 
277.000 0.034 
278.000 0.038 
279.000 0.042 
280.000 0.046 
281.000 0.049 
282.000 0.053 
283.000 0.056 
284.000 0.060 
285.000 0.063 
286.000 0.066 
287.000 0.070 
288.000 0.073 
289.000 0.076 
290.000 0.079 
291.000 0.082 
292.000 0.085 
293.000 0.088 
294.000 0.091 
295.000 0.094 
296.000 0.096 
297.000 0.099 
298.000 0.102 
299.000 0.104 
300.000 0.107 
301.000 0.109 
302.000 0.112 
303.000 0.114 
304.000 0.117 
305.000 0.119 
306.000 0.121 
307.000 0.123 
308.000 0.125 
309.000 0.127 
310.000 0.129 
311.000 0.131 
312.000 0.133 
313.000 0.135 
314.000 0.137 
315.000 0.139 
316.000 0.141 
317.000 0.142 
318.000 0.144 
319.000 0.146 
320.000 0.147 
321.000 0.149 
322.000 0.150 
323.000 0.152 
324.000 0.153 
325.000 0.154 
326.000 0.156 
327.000 0.157 
328.000 0.158 
329.000 0.159 
330.000 0.161 
331.000 0.162 
332.000 0.163 
333.000 0.164 
334.000 0.165 
335.000 0.166 
336.000 0.167 
337.000 0.168 
338.000 0.169 
339.000 0.170 
340.000 0.171 
341.000 0.172 
342.000 0.173 
343.000 0.173 
344.000 0.174 
345.000 0.175 
346.000 0.176 
347.000 0.177 
348.000 0.177 
349.000 0.178 
350.000 0.179 
351.000 0.179 
352.000 0.180 
353.000 0.180 
354.000 0.181 
355.000 0.182 
356.000 0.182 
357.000 0.183 
358.000 0.183 
359.000 0.184 
360.000 0.184 
361.000 0.295 
362.000 0.341 
363.000 0.354 
364.000 0.351 
365.000 0.342 
366.000 0.328 
367.000 0.312 
368.000 0.299 
369.000 0.290 
370.000 0.288 
371.000 0.292 
372.000 0.302 
373.000 0.315 
374.000 0.330 
375.000 0.344 
376.000 0.357 
377.000 0.366 
378.000 0.372 
379.000 0.375 
380.000 0.374 
381.000 0.372 
382.000 0.368 
383.000 0.365 
384.000 0.363 
385.000 0.362 
386.000 0.363 
387.000 0.366 
388.000 0.369 
389.000 0.374 
390.000 0.378 
391.000 0.383 
392.000 0.386 
393.000 0.389 
394.000 0.391 
395.000 0.391 
396.000 0.391 
397.000 0.390 
398.000 0.389 
399.000 0.389 
400.000 0.388 
401.000 0.388 
402.000 0.388 
403.000 0.389 
404.000 0.390 
405.000 0.392 
406.000 0.393 
407.000 0.395 
408.000 0.396 
409.000 0.397 
410.000 0.397 
411.000 0.397 
412.000 0.397 
413.000 0.397 
414.000 0.397 
415.000 0.396 
416.000 0.396 
417.000 0.396 
418.000 0.396 
419.000 0.397 
420.000 0.397 
421.000 0.397 
422.000 0.398 
423.000 0.398 
424.000 0.399 
425.000 0.399 
426.000 0.399 
427.000 0.399 
428.000 0.399 
429.000 0.399 
430.000 0.399 
431.000 0.399 
432.000 0.399 
433.000 0.399 
434.000 0.399 
435.000 0.399 
436.000 0.399 
437.000 0.399 
438.000 0.399 
439.000 0.400 
440.000 0.400 
441.000 0.400 
442.000 0.400 
443.000 0.400 
444.000 0.400 
445.000 0.400 
446.000 0.400 
447.000 0.400 
448.000 0.400 
449.000 0.400 
450.000 0.400 
451.000 0.400 
452.000 0.400 
453.000 0.400 
454.000 0.400 
455.000 0.400 
456.000 0.400 
457.000 0.400 
458.000 0.400 
459.000 0.400 
460.000 0.400 
461.000 0.400 
462.000 0.400 
463.000 0.400 
464.000 0.400 
465.000 0.400 
466.000 0.400 
467.000 0.400 
468.000 0.400 
469.000 0.400 
470.000 0.400 
471.000 0.400 
472.000 0.400 
473.000 0.400 
474.000 0.400 
475.000 0.400 
476.000 0.400 
477.000 0.400 
478.000 0.400 
479.000 0.400 
480.000 0.400 
481.000 0.864 
482.000 1.000 
483.000 1.000 
484.000 1.000 
485.000 1.000 
486.000 1.000 
487.000 1.000 
488.000 1.000 
489.000 0.894 
490.000 0.798 
491.000 0.735 
492.000 0.695 
493.000 0.671 
494.000 0.663 
495.000 0.670 
496.000 0.691 
497.000 0.722 
498.000 0.761 
499.000 0.802 
500.000 0.840 
501.000 0.871 
502.000 0.891 
503.000 0.900 
504.000 0.898 
505.000 0.887 
506.000 0.869 
507.000 0.846 
508.000 0.821 
509.000 0.797 
510.000 0.777 
511.000 0.761 
512.000 0.750 
513.000 0.746 
514.000 0.749 
515.000 0.756 
516.000 0.768 
517.000 0.782 
518.000 0.797 
519.000 0.811 
520.000 0.822 
521.000 0.831 
522.000 0.835 
523.000 0.835 
524.000 0.832 
525.000 0.825 
526.000 0.817 
527.000 0.808 
528.000 0.799 
529.000 0.791 
530.000 0.785 
531.000 0.781 
532.000 0.780 
533.000 0.780 
534.000 0.783 
535.000 0.787 
536.000 0.792 
537.000 0.798 
538.000 0.803 
539.000 0.808 
540.000 0.811 
541.000 0.812 
542.000 0.813 
543.000 0.812 
544.000 0.809 
545.000 0.807 
546.000 0.803 
547.000 0.800 
548.000 0.797 
549.000 0.795 
550.000 0.793 
551.000 0.792 
552.000 0.793 
553.000 0.794 
554.000 0.795 
555.000 0.797 
556.000 0.799 
557.000 0.801 
558.000 0.803 
559.000 0.804 
560.000 0.804 
561.000 0.805 
562.000 0.804 
563.000 0.804 
564.000 0.803 
565.000 0.801 
566.000 0.800 
567.000 0.799 
568.000 0.798 
569.000 0.797 
570.000 0.797 
571.000 0.797 
572.000 0.798 
573.000 0.798 
574.000 0.799 
575.000 0.800 
576.000 0.800 
577.000 0.801 
578.000 0.801 
579.000 0.802 
580.000 0.802 
581.000 0.802 
582.000 0.801 
583.000 0.801 
584.000 0.801 
585.000 0.800 
586.000 0.800 
587.000 0.799 
588.000 0.799 
589.000 0.799 
590.000 0.799 
591.000 0.799 
592.000 0.799 
593.000 0.800 
594.000 0.800 
595.000 0.800 
596.000 0.800 
597.000 0.800 
598.000 0.801 
599.000 0.801 
600.000 0.801 
601.000 1.000 
602.000 1.000 
603.000 1.000 
604.000 1.000 
605.000 1.000 
606.000 1.000 
607.000 1.000 
608.000 1.000 
609.000 1.000 
610.000 1.000 
611.000 1.000 
612.000 1.000 
613.000 1.000 
614.000 1.000 
615.000 1.000 
616.000 1.000 
617.000 1.000 
618.000 1.000 
619.000 1.000 
620.000 1.000 
621.000 1.000 
622.000 1.000 
623.000 1.000 
624.000 1.000 
625.000 1.000 
626.000 1.000 
627.000 1.000 
628.000 1.000 
629.000 1.000 
630.000 1.000 
631.000 1.000 
632.000 1.000 
633.000 1.000 
634.000 1.000 
635.000 1.000 
636.000 1.000 
637.000 1.000 
638.000 1.000 
639.000 1.000 
640.000 1.000 
641.000 1.000 
642.000 1.000 
643.000 1.000 
644.000 1.000 
645.000 1.000 
646.000 1.000 
647.000 1.000 
648.000 1.000 
649.000 1.000 
650.000 1.000 
651.000 1.000 
652.000 1.000 
653.000 1.000 
654.000 1.000 
655.000 1.000 
656.000 1.000 
657.000 1.000 
658.000 1.000 
659.000 1.000 
660.000 1.000 
661.000 1.000 
662.000 1.000 
663.000 1.000 
664.000 1.000 
665.000 1.000 
666.000 1.000 
667.000 1.000 
668.000 1.000 
669.000 1.000 
670.000 1.000 
671.000 1.000 
672.000 1.000 
673.000 1.000 
674.000 1.000 
675.000 1.000 
676.000 1.000 
677.000 1.000 
678.000 1.000 
679.000 1.000 
680.000 1.000 
681.000 1.000 
682.000 1.000 
683.000 1.000 
684.000 1.000 
685.000 1.000 
686.000 1.000 
687.000 1.000 
688.000 1.000 
689.000 1.000 
690.000 1.000 
691.000 1.000 
692.000 1.000 
693.000 1.000 
694.000 1.000 
695.000 1.000 
696.000 1.000 
697.000 1.000 
698.000 1.000 
699.000 1.000 
700.000 1.000 
701.000 1.000 
702.000 1.000 
703.000 1.000 
704.000 1.000 
705.000 1.000 
706.000 1.000 
707.000 1.000 
708.000 1.000 
709.000 1.000 
710.000 1.000 
711.000 1.000 
712.000 1.000 
713.000 1.000 
714.000 1.000 
715.000 1.000 
716.000 1.000 
717.000 1.000 
718.000 1.000 
719.000 1.000 
720.000 1.000 
721.000 1.000 
722.000 1.000 
723.000 1.000 
724.000 1.000 
725.000 1.000 
726.000 1.000 
727.000 1.000 
728.000 1.000 
729.000 1.000 
730.000 1.000 
731.000 1.000 
732.000 1.000 
733.000 1.000 
734.000 1.000 
735.000 1.000 
736.000 1.000 
737.000 1.000 
738.000 1.000 
739.000 1.000 
740.000 1.000 
741.000 1.000 
742.000 1.000 
743.000 1.000 
744.000 1.000 
745.000 1.000 
746.000 1.000 
747.000 1.000 
748.000 1.000 
749.000 1.000 
750.000 1.000 
751.000 1.000 
752.000 1.000 
753.000 1.000 
754.000 1.000 
755.000 1.000 
756.000 1.000 
757.000 1.000 
758.000 1.000 
759.000 1.000 
760.000 1.000 
761.000 1.000 
762.000 1.000 
763.000 1.000 
764.000 1.000 
765.000 1.000 
766.000 1.000 
767.000 1.000 
768.000 1.000 
769.000 1.000 
770.000 1.000 
771.000 1.000 
772.000 1.000 
773.000 1.000 
774.000 1.000 
775.000 1.000 
776.000 1.000 
777.000 1.000 
778.000 1.000 
779.000 1.000 
780.000 1.000 
781.000 1.000 
782.000 1.000 
783.000 1.000 
784.000 1.000 
785.000 1.000 
786.000 1.000 
787.000 1.000 
788.000 1.000 
789.000 1.000 
790.000 1.000 
791.000 1.000 
792.000 1.000 
793.000 1.000 
794.000 1.000 
795.000 1.000 
796.000 1.000 
797.000 1.000 
798.000 1.000 
799.000 1.000 
800.000 1.000 
