1.000 0.000 
2.000 0.000 
3.000 0.000 
4.000 0.000 
5.000 0.000 
6.000 0.000 
7.000 -0.021 
8.000 -0.039 
9.000 -0.051 
10.000 -0.059 
11.000 -0.061 
12.000 -0.059 
13.000 -0.053 
14.000 -0.045 
15.000 -0.037 
16.000 -0.032 
17.000 -0.030 
18.000 -0.032 
19.000 -0.038 
20.000 -0.046 
21.000 -0.056 
22.000 -0.066 
23.000 -0.074 
24.000 -0.080 
25.000 -0.082 
26.000 -0.082 
27.000 -0.079 
28.000 -0.075 
29.000 -0.072 
30.000 -0.069 
31.000 -0.069 
32.000 -0.070 
33.000 -0.074 
34.000 -0.080 
35.000 -0.086 
36.000 -0.092 
37.000 -0.097 
38.000 -0.101 
39.000 -0.103 
40.000 -0.104 
41.000 -0.103 
42.000 -0.102 
43.000 -0.101 
44.000 -0.100 
45.000 -0.100 
46.000 -0.102 
47.000 -0.105 
48.000 -0.108 
49.000 -0.112 
50.000 -0.116 
51.000 -0.120 
52.000 -0.122 
53.000 -0.124 
54.000 -0.125 
55.000 -0.125 
56.000 -0.125 
57.000 -0.125 
58.000 -0.126 
59.000 -0.127 
60.000 -0.128 
61.000 -0.130 
62.000 -0.133 
63.000 -0.136 
64.000 -0.138 
65.000 -0.141 
66.000 -0.143 
67.000 -0.144 
68.000 -0.146 
69.000 -0.146 
70.000 -0.147 
71.000 -0.148 
72.000 -0.149 
73.000 -0.150 
74.000 -0.151 
75.000 -0.153 
76.000 -0.155 
77.000 -0.157 
78.000 -0.159 
79.000 -0.161 
80.000 -0.162 
81.000 -0.164 
82.000 -0.165 
83.000 -0.166 
84.000 -0.167 
85.000 -0.168 
86.000 -0.169 
87.000 -0.170 
88.000 -0.171 
89.000 -0.173 
90.000 -0.175 
91.000 -0.176 
92.000 -0.178 
93.000 -0.179 
94.000 -0.181 
95.000 -0.182 
96.000 -0.183 
97.000 -0.184 
98.000 -0.185 
99.000 -0.187 
100.000 -0.188 
101.000 -0.189 
102.000 -0.190 
103.000 -0.191 
104.000 -0.193 
105.000 -0.194 
106.000 -0.196 
107.000 -0.197 
108.000 -0.198 
109.000 -0.199 
110.000 -0.200 
111.000 -0.202 
112.000 -0.203 
113.000 -0.204 
114.000 -0.205 
115.000 -0.206 
116.000 -0.207 
117.000 -0.208 
118.000 -0.210 
119.000 -0.211 
120.000 -0.212 
121.000 -0.204 
122.000 -0.198 
123.000 -0.194 
124.000 -0.192 
125.000 -0.192 
126.000 -0.194 
127.000 -0.197 
128.000 -0.201 
129.000 -0.205 
130.000 -0.207 
131.000 -0.209 
132.000 -0.209 
133.000 -0.207 
134.000 -0.205 
135.000 -0.202 
136.000 -0.199 
137.000 -0.197 
138.000 -0.196 
139.000 -0.196 
140.000 -0.197 
141.000 -0.199 
142.000 -0.201 
143.000 -0.202 
144.000 -0.204 
145.000 -0.204 
146.000 -0.204 
147.000 -0.203 
148.000 -0.202 
149.000 -0.200 
150.000 -0.199 
151.000 -0.198 
152.000 -0.198 
153.000 -0.198 
154.000 -0.198 
155.000 -0.199 
156.000 -0.200 
157.000 -0.201 
158.000 -0.201 
159.000 -0.201 
160.000 -0.201 
161.000 -0.201 
162.000 -0.200 
163.000 -0.199 
164.000 -0.199 
165.000 -0.198 
166.000 -0.198 
167.000 -0.198 
168.000 -0.198 
169.000 -0.199 
170.000 -0.199 
171.000 -0.199 
172.000 -0.200 
173.000 -0.200 
174.000 -0.199 
175.000 -0.199 
176.000 -0.199 
177.000 -0.199 
178.000 -0.198 
179.000 -0.198 
180.000 -0.198 
181.000 -0.198 
182.000 -0.198 
183.000 -0.198 
184.000 -0.198 
185.000 -0.198 
186.000 -0.198 
187.000 -0.198 
188.000 -0.198 
189.000 -0.198 
190.000 -0.198 
191.000 -0.198 
192.000 -0.198 
193.000 -0.197 
194.000 -0.197 
195.000 -0.197 
196.000 -0.197 
197.000 -0.197 
198.000 -0.197 
199.000 -0.197 
200.000 -0.197 
201.000 -0.197 
202.000 -0.197 
203.000 -0.197 
204.000 -0.197 
205.000 -0.197 
206.000 -0.197 
207.000 -0.197 
208.000 -0.197 
209.000 -0.197 
210.000 -0.197 
211.000 -0.197 
212.000 -0.197 
213.000 -0.197 
214.000 -0.197 
215.000 -0.197 
216.000 -0.197 
217.000 -0.196 
218.000 -0.196 
219.000 -0.196 
220.000 -0.196 
221.000 -0.196 
222.000 -0.196 
223.000 -0.196 
224.000 -0.196 
225.000 -0.196 
226.000 -0.196 
227.000 -0.196 
228.000 -0.196 
229.000 -0.196 
230.000 -0.196 
231.000 -0.196 
232.000 -0.196 
233.000 -0.196 
234.000 -0.196 
235.000 -0.196 
236.000 -0.196 
237.000 -0.196 
238.000 -0.195 
239.000 -0.195 
240.000 -0.195 
241.000 -0.144 
242.000 -0.102 
243.000 -0.071 
244.000 -0.053 
245.000 -0.047 
246.000 -0.052 
247.000 -0.065 
248.000 -0.082 
249.000 -0.098 
250.000 -0.108 
251.000 -0.111 
252.000 -0.104 
253.000 -0.090 
254.000 -0.069 
255.000 -0.046 
256.000 -0.024 
257.000 -0.005 
258.000 0.007 
259.000 0.013 
260.000 0.013 
261.000 0.008 
262.000 0.001 
263.000 -0.005 
264.000 -0.010 
265.000 -0.010 
266.000 -0.006 
267.000 0.004 
268.000 0.016 
269.000 0.031 
270.000 0.045 
271.000 0.058 
272.000 0.068 
273.000 0.073 
274.000 0.075 
275.000 0.074 
276.000 0.071 
277.000 0.067 
278.000 0.064 
279.000 0.064 
280.000 0.066 
281.000 0.071 
282.000 0.079 
283.000 0.089 
284.000 0.099 
285.000 0.108 
286.000 0.116 
287.000 0.122 
288.000 0.124 
289.000 0.125 
290.000 0.123 
291.000 0.120 
292.000 0.117 
293.000 0.116 
294.000 0.116 
295.000 0.118 
296.000 0.122 
297.000 0.128 
298.000 0.135 
299.000 0.143 
300.000 0.149 
301.000 0.155 
302.000 0.158 
303.000 0.159 
304.000 0.158 
305.000 0.156 
306.000 0.153 
307.000 0.150 
308.000 0.149 
309.000 0.148 
310.000 0.150 
311.000 0.153 
312.000 0.158 
313.000 0.163 
314.000 0.169 
315.000 0.174 
316.000 0.178 
317.000 0.180 
318.000 0.180 
319.000 0.179 
320.000 0.176 
321.000 0.173 
322.000 0.170 
323.000 0.168 
324.000 0.167 
325.000 0.168 
326.000 0.170 
327.000 0.174 
328.000 0.179 
329.000 0.184 
330.000 0.188 
331.000 0.191 
332.000 0.193 
333.000 0.193 
334.000 0.191 
335.000 0.188 
336.000 0.185 
337.000 0.182 
338.000 0.179 
339.000 0.178 
340.000 0.178 
341.000 0.180 
342.000 0.183 
343.000 0.187 
344.000 0.191 
345.000 0.195 
346.000 0.198 
347.000 0.200 
348.000 0.199 
349.000 0.198 
350.000 0.195 
351.000 0.192 
352.000 0.188 
353.000 0.185 
354.000 0.184 
355.000 0.184 
356.000 0.185 
357.000 0.188 
358.000 0.191 
359.000 0.195 
360.000 0.199 
361.000 0.298 
362.000 0.378 
363.000 0.436 
364.000 0.468 
365.000 0.477 
366.000 0.461 
367.000 0.424 
368.000 0.373 
369.000 0.316 
370.000 0.260 
371.000 0.215 
372.000 0.188 
373.000 0.185 
374.000 0.208 
375.000 0.257 
376.000 0.325 
377.000 0.403 
378.000 0.478 
379.000 0.539 
380.000 0.576 
381.000 0.582 
382.000 0.558 
383.000 0.508 
384.000 0.437 
385.000 0.356 
386.000 0.275 
387.000 0.207 
388.000 0.160 
389.000 0.144 
390.000 0.163 
391.000 0.219 
392.000 0.307 
393.000 0.414 
394.000 0.523 
395.000 0.614 
396.000 0.673 
397.000 0.691 
398.000 0.664 
399.000 0.598 
400.000 0.501 
401.000 0.386 
402.000 0.268 
403.000 0.163 
404.000 0.084 
405.000 0.045 
406.000 0.055 
407.000 0.119 
408.000 0.236 
409.000 0.388 
410.000 0.548 
411.000 0.688 
412.000 0.781 
413.000 0.815 
414.000 0.786 
415.000 0.700 
416.000 0.570 
417.000 0.412 
418.000 0.248 
419.000 0.098 
420.000 -0.020 
421.000 -0.086 
422.000 -0.088 
423.000 -0.011 
424.000 0.143 
425.000 0.353 
426.000 0.577 
427.000 0.770 
428.000 0.896 
429.000 0.940 
430.000 0.898 
431.000 0.782 
432.000 0.609 
433.000 0.404 
434.000 0.192 
435.000 0.000 
436.000 -0.148 
437.000 -0.232 
438.000 -0.230 
439.000 -0.126 
440.000 0.083 
441.000 0.360 
442.000 0.641 
443.000 0.869 
444.000 1.000 
445.000 1.000 
446.000 0.966 
447.000 0.813 
448.000 0.601 
449.000 0.359 
450.000 0.119 
451.000 -0.090 
452.000 -0.244 
453.000 -0.320 
454.000 -0.296 
455.000 -0.149 
456.000 0.114 
457.000 0.436 
458.000 0.743 
459.000 0.973 
460.000 1.000 
461.000 1.000 
462.000 1.000 
463.000 0.815 
464.000 0.562 
465.000 0.286 
466.000 0.021 
467.000 -0.204 
468.000 -0.361 
469.000 -0.426 
470.000 -0.370 
471.000 -0.169 
472.000 0.149 
473.000 0.509 
474.000 0.826 
475.000 1.000 
476.000 1.000 
477.000 1.000 
478.000 0.994 
479.000 0.785 
480.000 0.528 
481.000 0.667 
482.000 0.754 
483.000 0.801 
484.000 0.820 
485.000 0.832 
486.000 0.840 
487.000 0.841 
488.000 0.835 
489.000 0.823 
490.000 0.806 
491.000 0.786 
492.000 0.765 
493.000 0.747 
494.000 0.733 
495.000 0.726 
496.000 0.727 
497.000 0.738 
498.000 0.757 
499.000 0.783 
500.000 0.814 
501.000 0.847 
502.000 0.877 
503.000 0.900 
504.000 0.912 
505.000 0.912 
506.000 0.899 
507.000 0.872 
508.000 0.834 
509.000 0.790 
510.000 0.743 
511.000 0.699 
512.000 0.663 
513.000 0.642 
514.000 0.638 
515.000 0.654 
516.000 0.690 
517.000 0.745 
518.000 0.814 
519.000 0.888 
520.000 0.959 
521.000 1.000 
522.000 1.000 
523.000 1.000 
524.000 1.000 
525.000 1.000 
526.000 0.966 
527.000 0.879 
528.000 0.784 
529.000 0.689 
530.000 0.605 
531.000 0.540 
532.000 0.501 
533.000 0.497 
534.000 0.533 
535.000 0.609 
536.000 0.722 
537.000 0.863 
538.000 1.000 
539.000 1.000 
540.000 1.000 
541.000 1.000 
542.000 1.000 
543.000 1.000 
544.000 1.000 
545.000 1.000 
546.000 1.000 
547.000 1.000 
548.000 1.000 
549.000 1.000 
550.000 0.932 
551.000 0.755 
552.000 0.604 
553.000 0.490 
554.000 0.420 
555.000 0.399 
556.000 0.431 
557.000 0.520 
558.000 0.665 
559.000 0.856 
560.000 1.000 
561.000 1.000 
562.000 1.000 
563.000 1.000 
564.000 1.000 
565.000 1.000 
566.000 1.000 
567.000 1.000 
568.000 1.000 
569.000 1.000 
570.000 1.000 
571.000 1.000 
572.000 1.000 
573.000 1.000 
574.000 1.000 
575.000 1.000 
576.000 0.924 
577.000 0.706 
578.000 0.533 
579.000 0.416 
580.000 0.360 
581.000 0.365 
582.000 0.433 
583.000 0.566 
584.000 0.760 
585.000 0.999 
586.000 1.000 
587.000 1.000 
588.000 1.000 
589.000 1.000 
590.000 1.000 
591.000 1.000 
592.000 1.000 
593.000 1.000 
594.000 1.000 
595.000 1.000 
596.000 1.000 
597.000 1.000 
598.000 1.000 
599.000 1.000 
600.000 1.000 
601.000 1.000 
602.000 1.000 
603.000 1.000 
604.000 1.000 
605.000 1.000 
606.000 1.000 
607.000 1.000 
608.000 1.000 
609.000 1.000 
610.000 1.000 
611.000 1.000 
612.000 1.000 
613.000 1.000 
614.000 1.000 
615.000 1.000 
616.000 1.000 
617.000 1.000 
618.000 1.000 
619.000 1.000 
620.000 1.000 
621.000 1.000 
622.000 1.000 
623.000 1.000 
624.000 1.000 
625.000 1.000 
626.000 1.000 
627.000 1.000 
628.000 1.000 
629.000 1.000 
630.000 1.000 
631.000 1.000 
632.000 1.000 
633.000 1.000 
634.000 1.000 
635.000 1.000 
636.000 1.000 
637.000 1.000 
638.000 1.000 
639.000 1.000 
640.000 1.000 
641.000 1.000 
642.000 1.000 
643.000 1.000 
644.000 1.000 
645.000 1.000 
646.000 1.000 
647.000 1.000 
648.000 1.000 
649.000 1.000 
650.000 1.000 
651.000 1.000 
652.000 1.000 
653.000 1.000 
654.000 1.000 
655.000 1.000 
656.000 1.000 
657.000 1.000 
658.000 1.000 
659.000 1.000 
660.000 1.000 
661.000 1.000 
662.000 1.000 
663.000 1.000 
664.000 1.000 
665.000 1.000 
666.000 1.000 
667.000 1.000 
668.000 1.000 
669.000 1.000 
670.000 1.000 
671.000 1.000 
672.000 1.000 
673.000 1.000 
674.000 1.000 
675.000 1.000 
676.000 1.000 
677.000 1.000 
678.000 1.000 
679.000 1.000 
680.000 1.000 
681.000 1.000 
682.000 1.000 
683.000 1.000 
684.000 1.000 
685.000 1.000 
686.000 1.000 
687.000 1.000 
688.000 1.000 
689.000 1.000 
690.000 1.000 
691.000 1.000 
692.000 1.000 
693.000 1.000 
694.000 1.000 
695.000 1.000 
696.000 1.000 
697.000 1.000 
698.000 1.000 
699.000 1.000 
700.000 1.000 
701.000 1.000 
702.000 1.000 
703.000 1.000 
704.000 1.000 
705.000 1.000 
706.000 1.000 
707.000 1.000 
708.000 1.000 
709.000 1.000 
710.000 1.000 
711.000 1.000 
712.000 1.000 
713.000 1.000 
714.000 1.000 
715.000 1.000 
716.000 1.000 
717.000 1.000 
718.000 1.000 
719.000 1.000 
720.000 1.000 
721.000 1.000 
722.000 1.000 
723.000 1.000 
724.000 1.000 
725.000 1.000 
726.000 1.000 
727.000 1.000 
728.000 1.000 
729.000 1.000 
730.000 1.000 
731.000 1.000 
732.000 1.000 
733.000 1.000 
734.000 1.000 
735.000 1.000 
736.000 1.000 
737.000 1.000 
738.000 1.000 
739.000 1.000 
740.000 1.000 
741.000 1.000 
742.000 1.000 
743.000 1.000 
744.000 1.000 
745.000 1.000 
746.000 1.000 
747.000 1.000 
748.000 1.000 
749.000 1.000 
750.000 1.000 
751.000 1.000 
752.000 1.000 
753.000 1.000 
754.000 1.000 
755.000 1.000 
756.000 1.000 
757.000 1.000 
758.000 1.000 
759.000 1.000 
760.000 1.000 
761.000 1.000 
762.000 1.000 
763.000 1.000 
764.000 1.000 
765.000 1.000 
766.000 1.000 
767.000 1.000 
768.000 1.000 
769.000 1.000 
770.000 1.000 
771.000 1.000 
772.000 1.000 
773.000 1.000 
774.000 1.000 
775.000 1.000 
776.000 1.000 
777.000 1.000 
778.000 1.000 
779.000 1.000 
780.000 1.000 
781.000 1.000 
782.000 1.000 
783.000 1.000 
784.000 1.000 
785.000 1.000 
786.000 1.000 
787.000 1.000 
788.000 1.000 
789.000 1.000 
790.000 1.000 
791.000 1.000 
792.000 1.000 
793.000 1.000 
794.000 1.000 
795.000 1.000 
796.000 1.000 
797.000 1.000 
798.000 1.000 
799.000 1.000 
800.000 1.000 
