1.000 0.000 
2.000 0.000 
3.000 0.000 
4.000 0.000 
5.000 0.000 
6.000 0.000 
7.000 -0.002 
8.000 -0.004 
9.000 -0.006 
10.000 -0.008 
11.000 -0.010 
12.000 -0.012 
13.000 -0.013 
14.000 -0.015 
15.000 -0.016 
16.000 -0.018 
17.000 -0.019 
18.000 -0.020 
19.000 -0.021 
20.000 -0.022 
21.000 -0.023 
22.000 -0.024 
23.000 -0.025 
24.000 -0.026 
25.000 -0.028 
26.000 -0.029 
27.000 -0.030 
28.000 -0.031 
29.000 -0.032 
30.000 -0.033 
31.000 -0.034 
32.000 -0.035 
33.000 -0.036 
34.000 -0.037 
35.000 -0.038 
36.000 -0.039 
37.000 -0.040 
38.000 -0.042 
39.000 -0.043 
40.000 -0.044 
41.000 -0.045 
42.000 -0.046 
43.000 -0.047 
44.000 -0.048 
45.000 -0.049 
46.000 -0.050 
47.000 -0.051 
48.000 -0.052 
49.000 -0.053 
50.000 -0.054 
51.000 -0.055 
52.000 -0.056 
53.000 -0.057 
54.000 -0.058 
55.000 -0.059 
56.000 -0.060 
57.000 -0.061 
58.000 -0.062 
59.000 -0.062 
60.000 -0.063 
61.000 -0.064 
62.000 -0.065 
63.000 -0.066 
64.000 -0.067 
65.000 -0.068 
66.000 -0.069 
67.000 -0.070 
68.000 -0.071 
69.000 -0.072 
70.000 -0.073 
71.000 -0.074 
72.000 -0.074 
73.000 -0.075 
74.000 -0.076 
75.000 -0.077 
76.000 -0.078 
77.000 -0.079 
78.000 -0.080 
79.000 -0.081 
80.000 -0.081 
81.000 -0.082 
82.000 -0.083 
83.000 -0.084 
84.000 -0.085 
85.000 -0.086 
86.000 -0.087 
87.000 -0.087 
88.000 -0.088 
89.000 -0.089 
90.000 -0.090 
91.000 -0.091 
92.000 -0.092 
93.000 -0.092 
94.000 -0.093 
95.000 -0.094 
96.000 -0.095 
97.000 -0.096 
98.000 -0.096 
99.000 -0.097 
100.000 -0.098 
101.000 -0.099 
102.000 -0.100 
103.000 -0.100 
104.000 -0.101 
105.000 -0.102 
106.000 -0.103 
107.000 -0.104 
108.000 -0.104 
109.000 -0.105 
110.000 -0.106 
111.000 -0.107 
112.000 -0.108 
113.000 -0.108 
114.000 -0.109 
115.000 -0.110 
116.000 -0.111 
117.000 -0.111 
118.000 -0.112 
119.000 -0.113 
120.000 -0.114 
121.000 -0.113 
122.000 -0.113 
123.000 -0.113 
124.000 -0.113 
125.000 -0.113 
126.000 -0.113 
127.000 -0.113 
128.000 -0.113 
129.000 -0.113 
130.000 -0.113 
131.000 -0.113 
132.000 -0.114 
133.000 -0.114 
134.000 -0.114 
135.000 -0.114 
136.000 -0.115 
137.000 -0.115 
138.000 -0.115 
139.000 -0.115 
140.000 -0.115 
141.000 -0.116 
142.000 -0.116 
143.000 -0.116 
144.000 -0.116 
145.000 -0.116 
146.000 -0.117 
147.000 -0.117 
148.000 -0.117 
149.000 -0.117 
150.000 -0.117 
151.000 -0.118 
152.000 -0.118 
153.000 -0.118 
154.000 -0.118 
155.000 -0.118 
156.000 -0.118 
157.000 -0.119 
158.000 -0.119 
159.000 -0.119 
160.000 -0.119 
161.000 -0.119 
162.000 -0.120 
163.000 -0.120 
164.000 -0.120 
165.000 -0.120 
166.000 -0.120 
167.000 -0.120 
168.000 -0.121 
169.000 -0.121 
170.000 -0.121 
171.000 -0.121 
172.000 -0.121 
173.000 -0.121 
174.000 -0.122 
175.000 -0.122 
176.000 -0.122 
177.000 -0.122 
178.000 -0.122 
179.000 -0.122 
180.000 -0.123 
181.000 -0.123 
182.000 -0.123 
183.000 -0.123 
184.000 -0.123 
185.000 -0.123 
186.000 -0.124 
187.000 -0.124 
188.000 -0.124 
189.000 -0.124 
190.000 -0.124 
191.000 -0.124 
192.000 -0.125 
193.000 -0.125 
194.000 -0.125 
195.000 -0.125 
196.000 -0.125 
197.000 -0.125 
198.000 -0.126 
199.000 -0.126 
200.000 -0.126 
201.000 -0.126 
202.000 -0.126 
203.000 -0.126 
204.000 -0.127 
205.000 -0.127 
206.000 -0.127 
207.000 -0.127 
208.000 -0.127 
209.000 -0.127 
210.000 -0.127 
211.000 -0.128 
212.000 -0.128 
213.000 -0.128 
214.000 -0.128 
215.000 -0.128 
216.000 -0.128 
217.000 -0.129 
218.000 -0.129 
219.000 -0.129 
220.000 -0.129 
221.000 -0.129 
222.000 -0.129 
223.000 -0.129 
224.000 -0.130 
225.000 -0.130 
226.000 -0.130 
227.000 -0.130 
228.000 -0.130 
229.000 -0.130 
230.000 -0.130 
231.000 -0.131 
232.000 -0.131 
233.000 -0.131 
234.000 -0.131 
235.000 -0.131 
236.000 -0.131 
237.000 -0.131 
238.000 -0.132 
239.000 -0.132 
240.000 -0.132 
241.000 -0.127 
242.000 -0.122 
243.000 -0.117 
244.000 -0.112 
245.000 -0.108 
246.000 -0.104 
247.000 -0.100 
248.000 -0.096 
249.000 -0.093 
250.000 -0.090 
251.000 -0.087 
252.000 -0.084 
253.000 -0.082 
254.000 -0.079 
255.000 -0.076 
256.000 -0.074 
257.000 -0.071 
258.000 -0.069 
259.000 -0.066 
260.000 -0.064 
261.000 -0.061 
262.000 -0.058 
263.000 -0.056 
264.000 -0.053 
265.000 -0.050 
266.000 -0.048 
267.000 -0.045 
268.000 -0.042 
269.000 -0.040 
270.000 -0.037 
271.000 -0.034 
272.000 -0.032 
273.000 -0.029 
274.000 -0.027 
275.000 -0.024 
276.000 -0.021 
277.000 -0.019 
278.000 -0.016 
279.000 -0.014 
280.000 -0.011 
281.000 -0.009 
282.000 -0.006 
283.000 -0.004 
284.000 -0.002 
285.000 0.001 
286.000 0.003 
287.000 0.006 
288.000 0.008 
289.000 0.010 
290.000 0.013 
291.000 0.015 
292.000 0.017 
293.000 0.020 
294.000 0.022 
295.000 0.024 
296.000 0.026 
297.000 0.029 
298.000 0.031 
299.000 0.033 
300.000 0.035 
301.000 0.037 
302.000 0.039 
303.000 0.042 
304.000 0.044 
305.000 0.046 
306.000 0.048 
307.000 0.050 
308.000 0.052 
309.000 0.054 
310.000 0.056 
311.000 0.058 
312.000 0.060 
313.000 0.062 
314.000 0.064 
315.000 0.066 
316.000 0.068 
317.000 0.069 
318.000 0.071 
319.000 0.073 
320.000 0.075 
321.000 0.077 
322.000 0.079 
323.000 0.080 
324.000 0.082 
325.000 0.084 
326.000 0.086 
327.000 0.087 
328.000 0.089 
329.000 0.091 
330.000 0.092 
331.000 0.094 
332.000 0.095 
333.000 0.097 
334.000 0.099 
335.000 0.100 
336.000 0.102 
337.000 0.103 
338.000 0.105 
339.000 0.106 
340.000 0.108 
341.000 0.109 
342.000 0.111 
343.000 0.112 
344.000 0.113 
345.000 0.115 
346.000 0.116 
347.000 0.117 
348.000 0.119 
349.000 0.120 
350.000 0.121 
351.000 0.123 
352.000 0.124 
353.000 0.125 
354.000 0.126 
355.000 0.127 
356.000 0.129 
357.000 0.130 
358.000 0.131 
359.000 0.132 
360.000 0.133 
361.000 0.144 
362.000 0.155 
363.000 0.165 
364.000 0.175 
365.000 0.185 
366.000 0.194 
367.000 0.202 
368.000 0.210 
369.000 0.217 
370.000 0.224 
371.000 0.230 
372.000 0.235 
373.000 0.241 
374.000 0.246 
375.000 0.251 
376.000 0.255 
377.000 0.260 
378.000 0.264 
379.000 0.268 
380.000 0.273 
381.000 0.277 
382.000 0.281 
383.000 0.285 
384.000 0.289 
385.000 0.293 
386.000 0.297 
387.000 0.301 
388.000 0.305 
389.000 0.308 
390.000 0.312 
391.000 0.316 
392.000 0.319 
393.000 0.322 
394.000 0.325 
395.000 0.329 
396.000 0.331 
397.000 0.334 
398.000 0.337 
399.000 0.340 
400.000 0.342 
401.000 0.345 
402.000 0.347 
403.000 0.349 
404.000 0.351 
405.000 0.353 
406.000 0.355 
407.000 0.357 
408.000 0.359 
409.000 0.361 
410.000 0.362 
411.000 0.364 
412.000 0.366 
413.000 0.367 
414.000 0.368 
415.000 0.370 
416.000 0.371 
417.000 0.372 
418.000 0.374 
419.000 0.375 
420.000 0.376 
421.000 0.377 
422.000 0.378 
423.000 0.379 
424.000 0.380 
425.000 0.381 
426.000 0.382 
427.000 0.383 
428.000 0.383 
429.000 0.384 
430.000 0.385 
431.000 0.386 
432.000 0.386 
433.000 0.387 
434.000 0.387 
435.000 0.388 
436.000 0.389 
437.000 0.389 
438.000 0.390 
439.000 0.390 
440.000 0.391 
441.000 0.391 
442.000 0.391 
443.000 0.392 
444.000 0.392 
445.000 0.393 
446.000 0.393 
447.000 0.393 
448.000 0.394 
449.000 0.394 
450.000 0.394 
451.000 0.394 
452.000 0.395 
453.000 0.395 
454.000 0.395 
455.000 0.395 
456.000 0.396 
457.000 0.396 
458.000 0.396 
459.000 0.396 
460.000 0.396 
461.000 0.397 
462.000 0.397 
463.000 0.397 
464.000 0.397 
465.000 0.397 
466.000 0.397 
467.000 0.397 
468.000 0.397 
469.000 0.398 
470.000 0.398 
471.000 0.398 
472.000 0.398 
473.000 0.398 
474.000 0.398 
475.000 0.398 
476.000 0.398 
477.000 0.398 
478.000 0.398 
479.000 0.399 
480.000 0.399 
481.000 0.440 
482.000 0.481 
483.000 0.520 
484.000 0.558 
485.000 0.593 
486.000 0.626 
487.000 0.657 
488.000 0.685 
489.000 0.709 
490.000 0.731 
491.000 0.750 
492.000 0.766 
493.000 0.780 
494.000 0.791 
495.000 0.799 
496.000 0.805 
497.000 0.810 
498.000 0.813 
499.000 0.814 
500.000 0.815 
501.000 0.814 
502.000 0.812 
503.000 0.810 
504.000 0.808 
505.000 0.805 
506.000 0.802 
507.000 0.799 
508.000 0.797 
509.000 0.794 
510.000 0.792 
511.000 0.790 
512.000 0.789 
513.000 0.788 
514.000 0.787 
515.000 0.787 
516.000 0.787 
517.000 0.788 
518.000 0.788 
519.000 0.789 
520.000 0.791 
521.000 0.792 
522.000 0.793 
523.000 0.795 
524.000 0.796 
525.000 0.798 
526.000 0.799 
527.000 0.800 
528.000 0.801 
529.000 0.802 
530.000 0.803 
531.000 0.803 
532.000 0.804 
533.000 0.804 
534.000 0.804 
535.000 0.804 
536.000 0.804 
537.000 0.804 
538.000 0.804 
539.000 0.803 
540.000 0.803 
541.000 0.802 
542.000 0.802 
543.000 0.801 
544.000 0.801 
545.000 0.800 
546.000 0.800 
547.000 0.800 
548.000 0.799 
549.000 0.799 
550.000 0.799 
551.000 0.799 
552.000 0.799 
553.000 0.798 
554.000 0.798 
555.000 0.799 
556.000 0.799 
557.000 0.799 
558.000 0.799 
559.000 0.799 
560.000 0.799 
561.000 0.799 
562.000 0.800 
563.000 0.800 
564.000 0.800 
565.000 0.800 
566.000 0.800 
567.000 0.800 
568.000 0.800 
569.000 0.800 
570.000 0.801 
571.000 0.801 
572.000 0.801 
573.000 0.801 
574.000 0.801 
575.000 0.800 
576.000 0.800 
577.000 0.800 
578.000 0.800 
579.000 0.800 
580.000 0.800 
581.000 0.800 
582.000 0.800 
583.000 0.800 
584.000 0.800 
585.000 0.800 
586.000 0.800 
587.000 0.800 
588.000 0.800 
589.000 0.800 
590.000 0.800 
591.000 0.800 
592.000 0.800 
593.000 0.800 
594.000 0.800 
595.000 0.800 
596.000 0.800 
597.000 0.800 
598.000 0.800 
599.000 0.800 
600.000 0.800 
601.000 0.831 
602.000 0.862 
603.000 0.891 
604.000 0.920 
605.000 0.946 
606.000 0.971 
607.000 0.994 
608.000 1.000 
609.000 1.000 
610.000 1.000 
611.000 1.000 
612.000 1.000 
613.000 1.000 
614.000 1.000 
615.000 1.000 
616.000 1.000 
617.000 1.000 
618.000 1.000 
619.000 1.000 
620.000 1.000 
621.000 1.000 
622.000 1.000 
623.000 1.000 
624.000 1.000 
625.000 1.000 
626.000 1.000 
627.000 1.000 
628.000 1.000 
629.000 1.000 
630.000 1.000 
631.000 1.000 
632.000 1.000 
633.000 1.000 
634.000 1.000 
635.000 1.000 
636.000 1.000 
637.000 1.000 
638.000 1.000 
639.000 1.000 
640.000 1.000 
641.000 1.000 
642.000 1.000 
643.000 1.000 
644.000 1.000 
645.000 1.000 
646.000 1.000 
647.000 1.000 
648.000 1.000 
649.000 1.000 
650.000 1.000 
651.000 1.000 
652.000 1.000 
653.000 1.000 
654.000 1.000 
655.000 1.000 
656.000 1.000 
657.000 1.000 
658.000 1.000 
659.000 1.000 
660.000 1.000 
661.000 1.000 
662.000 1.000 
663.000 1.000 
664.000 1.000 
665.000 1.000 
666.000 1.000 
667.000 1.000 
668.000 1.000 
669.000 1.000 
670.000 1.000 
671.000 1.000 
672.000 1.000 
673.000 1.000 
674.000 1.000 
675.000 1.000 
676.000 1.000 
677.000 1.000 
678.000 1.000 
679.000 1.000 
680.000 1.000 
681.000 1.000 
682.000 1.000 
683.000 1.000 
684.000 1.000 
685.000 1.000 
686.000 1.000 
687.000 1.000 
688.000 1.000 
689.000 1.000 
690.000 1.000 
691.000 1.000 
692.000 1.000 
693.000 1.000 
694.000 1.000 
695.000 1.000 
696.000 1.000 
697.000 1.000 
698.000 1.000 
699.000 1.000 
700.000 1.000 
701.000 1.000 
702.000 1.000 
703.000 1.000 
704.000 1.000 
705.000 1.000 
706.000 1.000 
707.000 1.000 
708.000 1.000 
709.000 1.000 
710.000 1.000 
711.000 1.000 
712.000 1.000 
713.000 1.000 
714.000 1.000 
715.000 1.000 
716.000 1.000 
717.000 1.000 
718.000 1.000 
719.000 1.000 
720.000 1.000 
721.000 1.000 
722.000 1.000 
723.000 1.000 
724.000 1.000 
725.000 1.000 
726.000 1.000 
727.000 1.000 
728.000 1.000 
729.000 1.000 
730.000 1.000 
731.000 1.000 
732.000 1.000 
733.000 1.000 
734.000 1.000 
735.000 1.000 
736.000 1.000 
737.000 1.000 
738.000 1.000 
739.000 1.000 
740.000 1.000 
741.000 1.000 
742.000 1.000 
743.000 1.000 
744.000 1.000 
745.000 1.000 
746.000 1.000 
747.000 1.000 
748.000 1.000 
749.000 1.000 
750.000 1.000 
751.000 1.000 
752.000 1.000 
753.000 1.000 
754.000 1.000 
755.000 1.000 
756.000 1.000 
757.000 1.000 
758.000 1.000 
759.000 1.000 
760.000 1.000 
761.000 1.000 
762.000 1.000 
763.000 1.000 
764.000 1.000 
765.000 1.000 
766.000 1.000 
767.000 1.000 
768.000 1.000 
769.000 1.000 
770.000 1.000 
771.000 1.000 
772.000 1.000 
773.000 1.000 
774.000 1.000 
775.000 1.000 
776.000 1.000 
777.000 1.000 
778.000 1.000 
779.000 1.000 
780.000 1.000 
781.000 1.000 
782.000 1.000 
783.000 1.000 
784.000 1.000 
785.000 1.000 
786.000 1.000 
787.000 1.000 
788.000 1.000 
789.000 1.000 
790.000 1.000 
791.000 1.000 
792.000 1.000 
793.000 1.000 
794.000 1.000 
795.000 1.000 
796.000 1.000 
797.000 1.000 
798.000 1.000 
799.000 1.000 
800.000 1.000 
