1.000 0.000 
2.000 0.000 
3.000 0.000 
4.000 0.000 
5.000 0.000 
6.000 0.000 
7.000 -0.022 
8.000 -0.035 
9.000 -0.041 
10.000 -0.043 
11.000 -0.041 
12.000 -0.037 
13.000 -0.033 
14.000 -0.030 
15.000 -0.029 
16.000 -0.030 
17.000 -0.033 
18.000 -0.037 
19.000 -0.042 
20.000 -0.047 
21.000 -0.051 
22.000 -0.054 
23.000 -0.056 
24.000 -0.057 
25.000 -0.057 
26.000 -0.058 
27.000 -0.058 
28.000 -0.059 
29.000 -0.061 
30.000 -0.063 
31.000 -0.065 
32.000 -0.068 
33.000 -0.070 
34.000 -0.072 
35.000 -0.074 
36.000 -0.076 
37.000 -0.077 
38.000 -0.079 
39.000 -0.080 
40.000 -0.081 
41.000 -0.083 
42.000 -0.084 
43.000 -0.086 
44.000 -0.088 
45.000 -0.089 
46.000 -0.091 
47.000 -0.093 
48.000 -0.094 
49.000 -0.096 
50.000 -0.097 
51.000 -0.099 
52.000 -0.100 
53.000 -0.102 
54.000 -0.103 
55.000 -0.105 
56.000 -0.106 
57.000 -0.107 
58.000 -0.109 
59.000 -0.110 
60.000 -0.112 
61.000 -0.113 
62.000 -0.115 
63.000 -0.116 
64.000 -0.117 
65.000 -0.119 
66.000 -0.120 
67.000 -0.122 
68.000 -0.123 
69.000 -0.124 
70.000 -0.126 
71.000 -0.127 
72.000 -0.128 
73.000 -0.130 
74.000 -0.131 
75.000 -0.132 
76.000 -0.133 
77.000 -0.135 
78.000 -0.136 
79.000 -0.137 
80.000 -0.139 
81.000 -0.140 
82.000 -0.141 
83.000 -0.142 
84.000 -0.144 
85.000 -0.145 
86.000 -0.146 
87.000 -0.147 
88.000 -0.148 
89.000 -0.150 
90.000 -0.151 
91.000 -0.152 
92.000 -0.153 
93.000 -0.154 
94.000 -0.156 
95.000 -0.157 
96.000 -0.158 
97.000 -0.159 
98.000 -0.160 
99.000 -0.161 
100.000 -0.163 
101.000 -0.164 
102.000 -0.165 
103.000 -0.166 
104.000 -0.167 
105.000 -0.168 
106.000 -0.169 
107.000 -0.170 
108.000 -0.172 
109.000 -0.173 
110.000 -0.174 
111.000 -0.175 
112.000 -0.176 
113.000 -0.177 
114.000 -0.178 
115.000 -0.179 
116.000 -0.180 
117.000 -0.181 
118.000 -0.182 
119.000 -0.183 
120.000 -0.184 
121.000 -0.176 
122.000 -0.172 
123.000 -0.170 
124.000 -0.170 
125.000 -0.172 
126.000 -0.175 
127.000 -0.177 
128.000 -0.179 
129.000 -0.180 
130.000 -0.180 
131.000 -0.180 
132.000 -0.179 
133.000 -0.178 
134.000 -0.177 
135.000 -0.176 
136.000 -0.176 
137.000 -0.176 
138.000 -0.177 
139.000 -0.177 
140.000 -0.178 
141.000 -0.178 
142.000 -0.178 
143.000 -0.178 
144.000 -0.178 
145.000 -0.178 
146.000 -0.178 
147.000 -0.178 
148.000 -0.178 
149.000 -0.178 
150.000 -0.178 
151.000 -0.178 
152.000 -0.178 
153.000 -0.178 
154.000 -0.178 
155.000 -0.178 
156.000 -0.178 
157.000 -0.178 
158.000 -0.178 
159.000 -0.178 
160.000 -0.178 
161.000 -0.178 
162.000 -0.179 
163.000 -0.179 
164.000 -0.179 
165.000 -0.179 
166.000 -0.179 
167.000 -0.179 
168.000 -0.179 
169.000 -0.179 
170.000 -0.179 
171.000 -0.179 
172.000 -0.179 
173.000 -0.179 
174.000 -0.179 
175.000 -0.179 
176.000 -0.179 
177.000 -0.179 
178.000 -0.179 
179.000 -0.179 
180.000 -0.179 
181.000 -0.179 
182.000 -0.179 
183.000 -0.179 
184.000 -0.179 
185.000 -0.179 
186.000 -0.179 
187.000 -0.179 
188.000 -0.179 
189.000 -0.179 
190.000 -0.179 
191.000 -0.180 
192.000 -0.180 
193.000 -0.180 
194.000 -0.180 
195.000 -0.180 
196.000 -0.180 
197.000 -0.180 
198.000 -0.180 
199.000 -0.180 
200.000 -0.180 
201.000 -0.180 
202.000 -0.180 
203.000 -0.180 
204.000 -0.180 
205.000 -0.180 
206.000 -0.180 
207.000 -0.180 
208.000 -0.180 
209.000 -0.180 
210.000 -0.180 
211.000 -0.180 
212.000 -0.180 
213.000 -0.180 
214.000 -0.180 
215.000 -0.180 
216.000 -0.180 
217.000 -0.180 
218.000 -0.180 
219.000 -0.180 
220.000 -0.180 
221.000 -0.180 
222.000 -0.180 
223.000 -0.180 
224.000 -0.180 
225.000 -0.180 
226.000 -0.180 
227.000 -0.181 
228.000 -0.181 
229.000 -0.181 
230.000 -0.181 
231.000 -0.181 
232.000 -0.181 
233.000 -0.181 
234.000 -0.181 
235.000 -0.181 
236.000 -0.181 
237.000 -0.181 
238.000 -0.181 
239.000 -0.181 
240.000 -0.181 
241.000 -0.128 
242.000 -0.096 
243.000 -0.081 
244.000 -0.078 
245.000 -0.081 
246.000 -0.090 
247.000 -0.098 
248.000 -0.104 
249.000 -0.105 
250.000 -0.101 
251.000 -0.093 
252.000 -0.083 
253.000 -0.071 
254.000 -0.060 
255.000 -0.051 
256.000 -0.044 
257.000 -0.040 
258.000 -0.037 
259.000 -0.035 
260.000 -0.033 
261.000 -0.030 
262.000 -0.026 
263.000 -0.022 
264.000 -0.017 
265.000 -0.011 
266.000 -0.005 
267.000 0.001 
268.000 0.006 
269.000 0.011 
270.000 0.015 
271.000 0.019 
272.000 0.023 
273.000 0.026 
274.000 0.030 
275.000 0.034 
276.000 0.038 
277.000 0.042 
278.000 0.046 
279.000 0.050 
280.000 0.054 
281.000 0.058 
282.000 0.062 
283.000 0.065 
284.000 0.069 
285.000 0.072 
286.000 0.075 
287.000 0.078 
288.000 0.081 
289.000 0.084 
290.000 0.088 
291.000 0.091 
292.000 0.094 
293.000 0.097 
294.000 0.100 
295.000 0.103 
296.000 0.105 
297.000 0.108 
298.000 0.111 
299.000 0.113 
300.000 0.116 
301.000 0.118 
302.000 0.120 
303.000 0.123 
304.000 0.125 
305.000 0.127 
306.000 0.129 
307.000 0.131 
308.000 0.133 
309.000 0.135 
310.000 0.137 
311.000 0.139 
312.000 0.141 
313.000 0.143 
314.000 0.145 
315.000 0.146 
316.000 0.148 
317.000 0.149 
318.000 0.151 
319.000 0.153 
320.000 0.154 
321.000 0.155 
322.000 0.157 
323.000 0.158 
324.000 0.160 
325.000 0.161 
326.000 0.162 
327.000 0.163 
328.000 0.164 
329.000 0.165 
330.000 0.167 
331.000 0.168 
332.000 0.169 
333.000 0.170 
334.000 0.171 
335.000 0.172 
336.000 0.172 
337.000 0.173 
338.000 0.174 
339.000 0.175 
340.000 0.176 
341.000 0.177 
342.000 0.177 
343.000 0.178 
344.000 0.179 
345.000 0.179 
346.000 0.180 
347.000 0.181 
348.000 0.181 
349.000 0.182 
350.000 0.182 
351.000 0.183 
352.000 0.183 
353.000 0.184 
354.000 0.185 
355.000 0.185 
356.000 0.185 
357.000 0.186 
358.000 0.186 
359.000 0.187 
360.000 0.187 
361.000 0.287 
362.000 0.346 
363.000 0.375 
364.000 0.382 
365.000 0.375 
366.000 0.358 
367.000 0.335 
368.000 0.312 
369.000 0.293 
370.000 0.281 
371.000 0.278 
372.000 0.284 
373.000 0.298 
374.000 0.319 
375.000 0.342 
376.000 0.364 
377.000 0.383 
378.000 0.396 
379.000 0.402 
380.000 0.401 
381.000 0.395 
382.000 0.385 
383.000 0.374 
384.000 0.364 
385.000 0.356 
386.000 0.351 
387.000 0.351 
388.000 0.356 
389.000 0.363 
390.000 0.373 
391.000 0.384 
392.000 0.394 
393.000 0.402 
394.000 0.407 
395.000 0.409 
396.000 0.407 
397.000 0.403 
398.000 0.397 
399.000 0.391 
400.000 0.386 
401.000 0.381 
402.000 0.379 
403.000 0.379 
404.000 0.381 
405.000 0.385 
406.000 0.390 
407.000 0.396 
408.000 0.401 
409.000 0.405 
410.000 0.407 
411.000 0.407 
412.000 0.406 
413.000 0.404 
414.000 0.401 
415.000 0.397 
416.000 0.394 
417.000 0.392 
418.000 0.390 
419.000 0.390 
420.000 0.392 
421.000 0.394 
422.000 0.396 
423.000 0.399 
424.000 0.402 
425.000 0.403 
426.000 0.405 
427.000 0.405 
428.000 0.404 
429.000 0.403 
430.000 0.401 
431.000 0.399 
432.000 0.397 
433.000 0.396 
434.000 0.395 
435.000 0.395 
436.000 0.396 
437.000 0.397 
438.000 0.398 
439.000 0.400 
440.000 0.401 
441.000 0.402 
442.000 0.403 
443.000 0.403 
444.000 0.402 
445.000 0.402 
446.000 0.401 
447.000 0.400 
448.000 0.399 
449.000 0.398 
450.000 0.398 
451.000 0.398 
452.000 0.398 
453.000 0.399 
454.000 0.399 
455.000 0.400 
456.000 0.401 
457.000 0.401 
458.000 0.402 
459.000 0.402 
460.000 0.401 
461.000 0.401 
462.000 0.400 
463.000 0.400 
464.000 0.399 
465.000 0.399 
466.000 0.399 
467.000 0.399 
468.000 0.399 
469.000 0.399 
470.000 0.400 
471.000 0.400 
472.000 0.400 
473.000 0.401 
474.000 0.401 
475.000 0.401 
476.000 0.401 
477.000 0.401 
478.000 0.400 
479.000 0.400 
480.000 0.400 
481.000 0.819 
482.000 1.000 
483.000 1.000 
484.000 1.000 
485.000 1.000 
486.000 1.000 
487.000 1.000 
488.000 1.000 
489.000 1.000 
490.000 1.000 
491.000 0.921 
492.000 0.790 
493.000 0.699 
494.000 0.645 
495.000 0.620 
496.000 0.620 
497.000 0.642 
498.000 0.684 
499.000 0.741 
500.000 0.807 
501.000 0.873 
502.000 0.931 
503.000 0.973 
504.000 0.995 
505.000 0.995 
506.000 0.974 
507.000 0.937 
508.000 0.889 
509.000 0.836 
510.000 0.783 
511.000 0.735 
512.000 0.698 
513.000 0.674 
514.000 0.665 
515.000 0.672 
516.000 0.694 
517.000 0.728 
518.000 0.770 
519.000 0.815 
520.000 0.858 
521.000 0.892 
522.000 0.915 
523.000 0.924 
524.000 0.919 
525.000 0.901 
526.000 0.874 
527.000 0.841 
528.000 0.806 
529.000 0.772 
530.000 0.743 
531.000 0.723 
532.000 0.711 
533.000 0.711 
534.000 0.720 
535.000 0.738 
536.000 0.763 
537.000 0.792 
538.000 0.821 
539.000 0.846 
540.000 0.865 
541.000 0.876 
542.000 0.879 
543.000 0.872 
544.000 0.858 
545.000 0.838 
546.000 0.816 
547.000 0.793 
548.000 0.772 
549.000 0.756 
550.000 0.745 
551.000 0.741 
552.000 0.743 
553.000 0.752 
554.000 0.766 
555.000 0.784 
556.000 0.803 
557.000 0.820 
558.000 0.835 
559.000 0.845 
560.000 0.850 
561.000 0.849 
562.000 0.843 
563.000 0.832 
564.000 0.818 
565.000 0.803 
566.000 0.789 
567.000 0.777 
568.000 0.767 
569.000 0.762 
570.000 0.761 
571.000 0.765 
572.000 0.773 
573.000 0.783 
574.000 0.795 
575.000 0.807 
576.000 0.817 
577.000 0.826 
578.000 0.831 
579.000 0.832 
580.000 0.830 
581.000 0.825 
582.000 0.817 
583.000 0.807 
584.000 0.798 
585.000 0.789 
586.000 0.782 
587.000 0.777 
588.000 0.775 
589.000 0.776 
590.000 0.779 
591.000 0.785 
592.000 0.792 
593.000 0.800 
594.000 0.807 
595.000 0.814 
596.000 0.818 
597.000 0.821 
598.000 0.820 
599.000 0.818 
600.000 0.814 
601.000 1.000 
602.000 1.000 
603.000 1.000 
604.000 1.000 
605.000 1.000 
606.000 1.000 
607.000 1.000 
608.000 1.000 
609.000 1.000 
610.000 1.000 
611.000 1.000 
612.000 1.000 
613.000 1.000 
614.000 1.000 
615.000 1.000 
616.000 1.000 
617.000 1.000 
618.000 1.000 
619.000 1.000 
620.000 1.000 
621.000 1.000 
622.000 1.000 
623.000 1.000 
624.000 1.000 
625.000 1.000 
626.000 1.000 
627.000 1.000 
628.000 1.000 
629.000 1.000 
630.000 1.000 
631.000 1.000 
632.000 1.000 
633.000 1.000 
634.000 1.000 
635.000 1.000 
636.000 1.000 
637.000 1.000 
638.000 1.000 
639.000 1.000 
640.000 1.000 
641.000 1.000 
642.000 1.000 
643.000 1.000 
644.000 1.000 
645.000 1.000 
646.000 1.000 
647.000 1.000 
648.000 1.000 
649.000 1.000 
650.000 1.000 
651.000 1.000 
652.000 1.000 
653.000 1.000 
654.000 1.000 
655.000 1.000 
656.000 1.000 
657.000 1.000 
658.000 1.000 
659.000 1.000 
660.000 1.000 
661.000 1.000 
662.000 1.000 
663.000 1.000 
664.000 1.000 
665.000 1.000 
666.000 1.000 
667.000 1.000 
668.000 1.000 
669.000 1.000 
670.000 1.000 
671.000 1.000 
672.000 1.000 
673.000 1.000 
674.000 1.000 
675.000 1.000 
676.000 1.000 
677.000 1.000 
678.000 1.000 
679.000 1.000 
680.000 1.000 
681.000 1.000 
682.000 1.000 
683.000 1.000 
684.000 1.000 
685.000 1.000 
686.000 1.000 
687.000 1.000 
688.000 1.000 
689.000 1.000 
690.000 1.000 
691.000 1.000 
692.000 1.000 
693.000 1.000 
694.000 1.000 
695.000 1.000 
696.000 1.000 
697.000 1.000 
698.000 1.000 
699.000 1.000 
700.000 1.000 
701.000 1.000 
702.000 1.000 
703.000 1.000 
704.000 1.000 
705.000 1.000 
706.000 1.000 
707.000 1.000 
708.000 1.000 
709.000 1.000 
710.000 1.000 
711.000 1.000 
712.000 1.000 
713.000 1.000 
714.000 1.000 
715.000 1.000 
716.000 1.000 
717.000 1.000 
718.000 1.000 
719.000 1.000 
720.000 1.000 
721.000 1.000 
722.000 1.000 
723.000 1.000 
724.000 1.000 
725.000 1.000 
726.000 1.000 
727.000 1.000 
728.000 1.000 
729.000 1.000 
730.000 1.000 
731.000 1.000 
732.000 1.000 
733.000 1.000 
734.000 1.000 
735.000 1.000 
736.000 1.000 
737.000 1.000 
738.000 1.000 
739.000 1.000 
740.000 1.000 
741.000 1.000 
742.000 1.000 
743.000 1.000 
744.000 1.000 
745.000 1.000 
746.000 1.000 
747.000 1.000 
748.000 1.000 
749.000 1.000 
750.000 1.000 
751.000 1.000 
752.000 1.000 
753.000 1.000 
754.000 1.000 
755.000 1.000 
756.000 1.000 
757.000 1.000 
758.000 1.000 
759.000 1.000 
760.000 1.000 
761.000 1.000 
762.000 1.000 
763.000 1.000 
764.000 1.000 
765.000 1.000 
766.000 1.000 
767.000 1.000 
768.000 1.000 
769.000 1.000 
770.000 1.000 
771.000 1.000 
772.000 1.000 
773.000 1.000 
774.000 1.000 
775.000 1.000 
776.000 1.000 
777.000 1.000 
778.000 1.000 
779.000 1.000 
780.000 1.000 
781.000 1.000 
782.000 1.000 
783.000 1.000 
784.000 1.000 
785.000 1.000 
786.000 1.000 
787.000 1.000 
788.000 1.000 
789.000 1.000 
790.000 1.000 
791.000 1.000 
792.000 1.000 
793.000 1.000 
794.000 1.000 
795.000 1.000 
796.000 1.000 
797.000 1.000 
798.000 1.000 
799.000 1.000 
800.000 1.000 
