1.000 0.000 
2.000 0.000 
3.000 0.000 
4.000 0.000 
5.000 0.000 
6.000 0.000 
7.000 -0.019 
8.000 -0.031 
9.000 -0.038 
10.000 -0.040 
11.000 -0.040 
12.000 -0.037 
13.000 -0.034 
14.000 -0.031 
15.000 -0.030 
16.000 -0.030 
17.000 -0.033 
18.000 -0.036 
19.000 -0.040 
20.000 -0.044 
21.000 -0.048 
22.000 -0.051 
23.000 -0.054 
24.000 -0.055 
25.000 -0.056 
26.000 -0.057 
27.000 -0.058 
28.000 -0.059 
29.000 -0.060 
30.000 -0.061 
31.000 -0.063 
32.000 -0.065 
33.000 -0.068 
34.000 -0.070 
35.000 -0.072 
36.000 -0.074 
37.000 -0.075 
38.000 -0.077 
39.000 -0.078 
40.000 -0.080 
41.000 -0.081 
42.000 -0.082 
43.000 -0.084 
44.000 -0.086 
45.000 -0.087 
46.000 -0.089 
47.000 -0.090 
48.000 -0.092 
49.000 -0.094 
50.000 -0.095 
51.000 -0.096 
52.000 -0.098 
53.000 -0.099 
54.000 -0.101 
55.000 -0.102 
56.000 -0.104 
57.000 -0.105 
58.000 -0.106 
59.000 -0.108 
60.000 -0.109 
61.000 -0.111 
62.000 -0.112 
63.000 -0.113 
64.000 -0.115 
65.000 -0.116 
66.000 -0.118 
67.000 -0.119 
68.000 -0.120 
69.000 -0.122 
70.000 -0.123 
71.000 -0.124 
72.000 -0.125 
73.000 -0.127 
74.000 -0.128 
75.000 -0.129 
76.000 -0.131 
77.000 -0.132 
78.000 -0.133 
79.000 -0.134 
80.000 -0.136 
81.000 -0.137 
82.000 -0.138 
83.000 -0.139 
84.000 -0.141 
85.000 -0.142 
86.000 -0.143 
87.000 -0.144 
88.000 -0.145 
89.000 -0.147 
90.000 -0.148 
91.000 -0.149 
92.000 -0.150 
93.000 -0.151 
94.000 -0.152 
95.000 -0.154 
96.000 -0.155 
97.000 -0.156 
98.000 -0.157 
99.000 -0.158 
100.000 -0.159 
101.000 -0.160 
102.000 -0.162 
103.000 -0.163 
104.000 -0.164 
105.000 -0.165 
106.000 -0.166 
107.000 -0.167 
108.000 -0.168 
109.000 -0.169 
110.000 -0.170 
111.000 -0.171 
112.000 -0.173 
113.000 -0.174 
114.000 -0.175 
115.000 -0.176 
116.000 -0.177 
117.000 -0.178 
118.000 -0.179 
119.000 -0.180 
120.000 -0.181 
121.000 -0.174 
122.000 -0.170 
123.000 -0.168 
124.000 -0.168 
125.000 -0.169 
126.000 -0.171 
127.000 -0.173 
128.000 -0.175 
129.000 -0.176 
130.000 -0.177 
131.000 -0.177 
132.000 -0.176 
133.000 -0.175 
134.000 -0.175 
135.000 -0.174 
136.000 -0.174 
137.000 -0.174 
138.000 -0.174 
139.000 -0.174 
140.000 -0.175 
141.000 -0.175 
142.000 -0.175 
143.000 -0.175 
144.000 -0.175 
145.000 -0.175 
146.000 -0.175 
147.000 -0.175 
148.000 -0.175 
149.000 -0.175 
150.000 -0.175 
151.000 -0.175 
152.000 -0.175 
153.000 -0.175 
154.000 -0.175 
155.000 -0.176 
156.000 -0.176 
157.000 -0.176 
158.000 -0.176 
159.000 -0.176 
160.000 -0.176 
161.000 -0.176 
162.000 -0.176 
163.000 -0.176 
164.000 -0.176 
165.000 -0.176 
166.000 -0.176 
167.000 -0.176 
168.000 -0.176 
169.000 -0.176 
170.000 -0.176 
171.000 -0.176 
172.000 -0.176 
173.000 -0.176 
174.000 -0.176 
175.000 -0.176 
176.000 -0.176 
177.000 -0.176 
178.000 -0.177 
179.000 -0.177 
180.000 -0.177 
181.000 -0.177 
182.000 -0.177 
183.000 -0.177 
184.000 -0.177 
185.000 -0.177 
186.000 -0.177 
187.000 -0.177 
188.000 -0.177 
189.000 -0.177 
190.000 -0.177 
191.000 -0.177 
192.000 -0.177 
193.000 -0.177 
194.000 -0.177 
195.000 -0.177 
196.000 -0.177 
197.000 -0.177 
198.000 -0.177 
199.000 -0.177 
200.000 -0.177 
201.000 -0.177 
202.000 -0.177 
203.000 -0.178 
204.000 -0.178 
205.000 -0.178 
206.000 -0.178 
207.000 -0.178 
208.000 -0.178 
209.000 -0.178 
210.000 -0.178 
211.000 -0.178 
212.000 -0.178 
213.000 -0.178 
214.000 -0.178 
215.000 -0.178 
216.000 -0.178 
217.000 -0.178 
218.000 -0.178 
219.000 -0.178 
220.000 -0.178 
221.000 -0.178 
222.000 -0.178 
223.000 -0.178 
224.000 -0.178 
225.000 -0.178 
226.000 -0.178 
227.000 -0.178 
228.000 -0.178 
229.000 -0.178 
230.000 -0.178 
231.000 -0.179 
232.000 -0.179 
233.000 -0.179 
234.000 -0.179 
235.000 -0.179 
236.000 -0.179 
237.000 -0.179 
238.000 -0.179 
239.000 -0.179 
240.000 -0.179 
241.000 -0.132 
242.000 -0.102 
243.000 -0.087 
244.000 -0.082 
245.000 -0.083 
246.000 -0.089 
247.000 -0.095 
248.000 -0.100 
249.000 -0.102 
250.000 -0.100 
251.000 -0.094 
252.000 -0.085 
253.000 -0.075 
254.000 -0.065 
255.000 -0.056 
256.000 -0.048 
257.000 -0.043 
258.000 -0.039 
259.000 -0.036 
260.000 -0.033 
261.000 -0.031 
262.000 -0.027 
263.000 -0.024 
264.000 -0.019 
265.000 -0.014 
266.000 -0.009 
267.000 -0.003 
268.000 0.002 
269.000 0.007 
270.000 0.012 
271.000 0.016 
272.000 0.020 
273.000 0.023 
274.000 0.027 
275.000 0.031 
276.000 0.034 
277.000 0.038 
278.000 0.042 
279.000 0.046 
280.000 0.050 
281.000 0.054 
282.000 0.057 
283.000 0.061 
284.000 0.065 
285.000 0.068 
286.000 0.071 
287.000 0.074 
288.000 0.078 
289.000 0.081 
290.000 0.084 
291.000 0.087 
292.000 0.090 
293.000 0.093 
294.000 0.096 
295.000 0.099 
296.000 0.101 
297.000 0.104 
298.000 0.107 
299.000 0.109 
300.000 0.112 
301.000 0.114 
302.000 0.117 
303.000 0.119 
304.000 0.121 
305.000 0.123 
306.000 0.126 
307.000 0.128 
308.000 0.130 
309.000 0.132 
310.000 0.134 
311.000 0.136 
312.000 0.138 
313.000 0.140 
314.000 0.141 
315.000 0.143 
316.000 0.145 
317.000 0.146 
318.000 0.148 
319.000 0.150 
320.000 0.151 
321.000 0.153 
322.000 0.154 
323.000 0.155 
324.000 0.157 
325.000 0.158 
326.000 0.159 
327.000 0.161 
328.000 0.162 
329.000 0.163 
330.000 0.164 
331.000 0.165 
332.000 0.166 
333.000 0.167 
334.000 0.168 
335.000 0.169 
336.000 0.170 
337.000 0.171 
338.000 0.172 
339.000 0.173 
340.000 0.174 
341.000 0.175 
342.000 0.175 
343.000 0.176 
344.000 0.177 
345.000 0.178 
346.000 0.178 
347.000 0.179 
348.000 0.180 
349.000 0.180 
350.000 0.181 
351.000 0.181 
352.000 0.182 
353.000 0.183 
354.000 0.183 
355.000 0.184 
356.000 0.184 
357.000 0.185 
358.000 0.185 
359.000 0.186 
360.000 0.186 
361.000 0.275 
362.000 0.330 
363.000 0.359 
364.000 0.370 
365.000 0.367 
366.000 0.356 
367.000 0.338 
368.000 0.318 
369.000 0.301 
370.000 0.289 
371.000 0.284 
372.000 0.287 
373.000 0.297 
374.000 0.312 
375.000 0.331 
376.000 0.351 
377.000 0.369 
378.000 0.383 
379.000 0.391 
380.000 0.395 
381.000 0.393 
382.000 0.388 
383.000 0.380 
384.000 0.372 
385.000 0.364 
386.000 0.359 
387.000 0.356 
388.000 0.357 
389.000 0.361 
390.000 0.367 
391.000 0.375 
392.000 0.384 
393.000 0.392 
394.000 0.398 
395.000 0.402 
396.000 0.404 
397.000 0.403 
398.000 0.401 
399.000 0.397 
400.000 0.393 
401.000 0.388 
402.000 0.385 
403.000 0.383 
404.000 0.383 
405.000 0.384 
406.000 0.387 
407.000 0.390 
408.000 0.394 
409.000 0.398 
410.000 0.401 
411.000 0.403 
412.000 0.404 
413.000 0.404 
414.000 0.403 
415.000 0.401 
416.000 0.399 
417.000 0.397 
418.000 0.395 
419.000 0.393 
420.000 0.393 
421.000 0.393 
422.000 0.394 
423.000 0.395 
424.000 0.397 
425.000 0.399 
426.000 0.401 
427.000 0.402 
428.000 0.403 
429.000 0.403 
430.000 0.402 
431.000 0.402 
432.000 0.401 
433.000 0.399 
434.000 0.398 
435.000 0.397 
436.000 0.397 
437.000 0.397 
438.000 0.397 
439.000 0.398 
440.000 0.398 
441.000 0.399 
442.000 0.400 
443.000 0.401 
444.000 0.401 
445.000 0.402 
446.000 0.402 
447.000 0.401 
448.000 0.401 
449.000 0.400 
450.000 0.400 
451.000 0.399 
452.000 0.399 
453.000 0.399 
454.000 0.399 
455.000 0.399 
456.000 0.399 
457.000 0.400 
458.000 0.400 
459.000 0.400 
460.000 0.401 
461.000 0.401 
462.000 0.401 
463.000 0.401 
464.000 0.401 
465.000 0.400 
466.000 0.400 
467.000 0.400 
468.000 0.399 
469.000 0.399 
470.000 0.399 
471.000 0.399 
472.000 0.400 
473.000 0.400 
474.000 0.400 
475.000 0.400 
476.000 0.400 
477.000 0.400 
478.000 0.400 
479.000 0.400 
480.000 0.400 
481.000 0.772 
482.000 1.000 
483.000 1.000 
484.000 1.000 
485.000 1.000 
486.000 1.000 
487.000 1.000 
488.000 1.000 
489.000 1.000 
490.000 0.997 
491.000 0.890 
492.000 0.806 
493.000 0.745 
494.000 0.706 
495.000 0.686 
496.000 0.681 
497.000 0.690 
498.000 0.712 
499.000 0.745 
500.000 0.786 
501.000 0.828 
502.000 0.867 
503.000 0.899 
504.000 0.921 
505.000 0.929 
506.000 0.924 
507.000 0.908 
508.000 0.882 
509.000 0.851 
510.000 0.816 
511.000 0.783 
512.000 0.754 
513.000 0.731 
514.000 0.717 
515.000 0.712 
516.000 0.717 
517.000 0.730 
518.000 0.751 
519.000 0.777 
520.000 0.804 
521.000 0.830 
522.000 0.852 
523.000 0.867 
524.000 0.875 
525.000 0.874 
526.000 0.866 
527.000 0.852 
528.000 0.833 
529.000 0.812 
530.000 0.792 
531.000 0.773 
532.000 0.758 
533.000 0.748 
534.000 0.745 
535.000 0.747 
536.000 0.755 
537.000 0.767 
538.000 0.782 
539.000 0.799 
540.000 0.815 
541.000 0.829 
542.000 0.839 
543.000 0.845 
544.000 0.845 
545.000 0.841 
546.000 0.833 
547.000 0.822 
548.000 0.810 
549.000 0.797 
550.000 0.785 
551.000 0.775 
552.000 0.769 
553.000 0.766 
554.000 0.767 
555.000 0.771 
556.000 0.778 
557.000 0.787 
558.000 0.797 
559.000 0.807 
560.000 0.816 
561.000 0.823 
562.000 0.827 
563.000 0.828 
564.000 0.826 
565.000 0.821 
566.000 0.815 
567.000 0.807 
568.000 0.799 
569.000 0.792 
570.000 0.786 
571.000 0.781 
572.000 0.779 
573.000 0.779 
574.000 0.782 
575.000 0.786 
576.000 0.791 
577.000 0.797 
578.000 0.803 
579.000 0.809 
580.000 0.813 
581.000 0.816 
582.000 0.817 
583.000 0.816 
584.000 0.813 
585.000 0.810 
586.000 0.805 
587.000 0.800 
588.000 0.796 
589.000 0.792 
590.000 0.789 
591.000 0.787 
592.000 0.787 
593.000 0.788 
594.000 0.791 
595.000 0.794 
596.000 0.798 
597.000 0.801 
598.000 0.805 
599.000 0.808 
600.000 0.809 
601.000 1.000 
602.000 1.000 
603.000 1.000 
604.000 1.000 
605.000 1.000 
606.000 1.000 
607.000 1.000 
608.000 1.000 
609.000 1.000 
610.000 1.000 
611.000 1.000 
612.000 1.000 
613.000 1.000 
614.000 1.000 
615.000 1.000 
616.000 1.000 
617.000 1.000 
618.000 1.000 
619.000 1.000 
620.000 1.000 
621.000 1.000 
622.000 1.000 
623.000 1.000 
624.000 1.000 
625.000 1.000 
626.000 1.000 
627.000 1.000 
628.000 1.000 
629.000 1.000 
630.000 1.000 
631.000 1.000 
632.000 1.000 
633.000 1.000 
634.000 1.000 
635.000 1.000 
636.000 1.000 
637.000 1.000 
638.000 1.000 
639.000 1.000 
640.000 1.000 
641.000 1.000 
642.000 1.000 
643.000 1.000 
644.000 1.000 
645.000 1.000 
646.000 1.000 
647.000 1.000 
648.000 1.000 
649.000 1.000 
650.000 1.000 
651.000 1.000 
652.000 1.000 
653.000 1.000 
654.000 1.000 
655.000 1.000 
656.000 1.000 
657.000 1.000 
658.000 1.000 
659.000 1.000 
660.000 1.000 
661.000 1.000 
662.000 1.000 
663.000 1.000 
664.000 1.000 
665.000 1.000 
666.000 1.000 
667.000 1.000 
668.000 1.000 
669.000 1.000 
670.000 1.000 
671.000 1.000 
672.000 1.000 
673.000 1.000 
674.000 1.000 
675.000 1.000 
676.000 1.000 
677.000 1.000 
678.000 1.000 
679.000 1.000 
680.000 1.000 
681.000 1.000 
682.000 1.000 
683.000 1.000 
684.000 1.000 
685.000 1.000 
686.000 1.000 
687.000 1.000 
688.000 1.000 
689.000 1.000 
690.000 1.000 
691.000 1.000 
692.000 1.000 
693.000 1.000 
694.000 1.000 
695.000 1.000 
696.000 1.000 
697.000 1.000 
698.000 1.000 
699.000 1.000 
700.000 1.000 
701.000 1.000 
702.000 1.000 
703.000 1.000 
704.000 1.000 
705.000 1.000 
706.000 1.000 
707.000 1.000 
708.000 1.000 
709.000 1.000 
710.000 1.000 
711.000 1.000 
712.000 1.000 
713.000 1.000 
714.000 1.000 
715.000 1.000 
716.000 1.000 
717.000 1.000 
718.000 1.000 
719.000 1.000 
720.000 1.000 
721.000 1.000 
722.000 1.000 
723.000 1.000 
724.000 1.000 
725.000 1.000 
726.000 1.000 
727.000 1.000 
728.000 1.000 
729.000 1.000 
730.000 1.000 
731.000 1.000 
732.000 1.000 
733.000 1.000 
734.000 1.000 
735.000 1.000 
736.000 1.000 
737.000 1.000 
738.000 1.000 
739.000 1.000 
740.000 1.000 
741.000 1.000 
742.000 1.000 
743.000 1.000 
744.000 1.000 
745.000 1.000 
746.000 1.000 
747.000 1.000 
748.000 1.000 
749.000 1.000 
750.000 1.000 
751.000 1.000 
752.000 1.000 
753.000 1.000 
754.000 1.000 
755.000 1.000 
756.000 1.000 
757.000 1.000 
758.000 1.000 
759.000 1.000 
760.000 1.000 
761.000 1.000 
762.000 1.000 
763.000 1.000 
764.000 1.000 
765.000 1.000 
766.000 1.000 
767.000 1.000 
768.000 1.000 
769.000 1.000 
770.000 1.000 
771.000 1.000 
772.000 1.000 
773.000 1.000 
774.000 1.000 
775.000 1.000 
776.000 1.000 
777.000 1.000 
778.000 1.000 
779.000 1.000 
780.000 1.000 
781.000 1.000 
782.000 1.000 
783.000 1.000 
784.000 1.000 
785.000 1.000 
786.000 1.000 
787.000 1.000 
788.000 1.000 
789.000 1.000 
790.000 1.000 
791.000 1.000 
792.000 1.000 
793.000 1.000 
794.000 1.000 
795.000 1.000 
796.000 1.000 
797.000 1.000 
798.000 1.000 
799.000 1.000 
800.000 1.000 
