1.000 0.000 
2.000 0.000 
3.000 0.000 
4.000 0.000 
5.000 0.000 
6.000 0.000 
7.000 -0.038 
8.000 -0.042 
9.000 -0.039 
10.000 -0.034 
11.000 -0.031 
12.000 -0.028 
13.000 -0.026 
14.000 -0.027 
15.000 -0.031 
16.000 -0.035 
17.000 -0.039 
18.000 -0.042 
19.000 -0.045 
20.000 -0.047 
21.000 -0.048 
22.000 -0.050 
23.000 -0.051 
24.000 -0.052 
25.000 -0.053 
26.000 -0.055 
27.000 -0.057 
28.000 -0.059 
29.000 -0.061 
30.000 -0.063 
31.000 -0.065 
32.000 -0.066 
33.000 -0.068 
34.000 -0.070 
35.000 -0.071 
36.000 -0.073 
37.000 -0.074 
38.000 -0.076 
39.000 -0.078 
40.000 -0.079 
41.000 -0.081 
42.000 -0.083 
43.000 -0.084 
44.000 -0.086 
45.000 -0.087 
46.000 -0.089 
47.000 -0.090 
48.000 -0.092 
49.000 -0.093 
50.000 -0.095 
51.000 -0.096 
52.000 -0.098 
53.000 -0.099 
54.000 -0.101 
55.000 -0.102 
56.000 -0.103 
57.000 -0.105 
58.000 -0.106 
59.000 -0.108 
60.000 -0.109 
61.000 -0.110 
62.000 -0.112 
63.000 -0.113 
64.000 -0.115 
65.000 -0.116 
66.000 -0.117 
67.000 -0.119 
68.000 -0.120 
69.000 -0.121 
70.000 -0.123 
71.000 -0.124 
72.000 -0.125 
73.000 -0.126 
74.000 -0.128 
75.000 -0.129 
76.000 -0.130 
77.000 -0.131 
78.000 -0.133 
79.000 -0.134 
80.000 -0.135 
81.000 -0.136 
82.000 -0.138 
83.000 -0.139 
84.000 -0.140 
85.000 -0.141 
86.000 -0.143 
87.000 -0.144 
88.000 -0.145 
89.000 -0.146 
90.000 -0.147 
91.000 -0.149 
92.000 -0.150 
93.000 -0.151 
94.000 -0.152 
95.000 -0.153 
96.000 -0.154 
97.000 -0.155 
98.000 -0.157 
99.000 -0.158 
100.000 -0.159 
101.000 -0.160 
102.000 -0.161 
103.000 -0.162 
104.000 -0.163 
105.000 -0.164 
106.000 -0.165 
107.000 -0.167 
108.000 -0.168 
109.000 -0.169 
110.000 -0.170 
111.000 -0.171 
112.000 -0.172 
113.000 -0.173 
114.000 -0.174 
115.000 -0.175 
116.000 -0.176 
117.000 -0.177 
118.000 -0.178 
119.000 -0.179 
120.000 -0.180 
121.000 -0.165 
122.000 -0.164 
123.000 -0.167 
124.000 -0.170 
125.000 -0.172 
126.000 -0.174 
127.000 -0.176 
128.000 -0.176 
129.000 -0.175 
130.000 -0.174 
131.000 -0.174 
132.000 -0.173 
133.000 -0.173 
134.000 -0.173 
135.000 -0.173 
136.000 -0.174 
137.000 -0.174 
138.000 -0.174 
139.000 -0.174 
140.000 -0.174 
141.000 -0.174 
142.000 -0.174 
143.000 -0.174 
144.000 -0.174 
145.000 -0.174 
146.000 -0.174 
147.000 -0.174 
148.000 -0.174 
149.000 -0.175 
150.000 -0.175 
151.000 -0.175 
152.000 -0.175 
153.000 -0.175 
154.000 -0.175 
155.000 -0.175 
156.000 -0.175 
157.000 -0.175 
158.000 -0.175 
159.000 -0.175 
160.000 -0.175 
161.000 -0.175 
162.000 -0.175 
163.000 -0.175 
164.000 -0.175 
165.000 -0.175 
166.000 -0.175 
167.000 -0.175 
168.000 -0.175 
169.000 -0.175 
170.000 -0.176 
171.000 -0.176 
172.000 -0.176 
173.000 -0.176 
174.000 -0.176 
175.000 -0.176 
176.000 -0.176 
177.000 -0.176 
178.000 -0.176 
179.000 -0.176 
180.000 -0.176 
181.000 -0.176 
182.000 -0.176 
183.000 -0.176 
184.000 -0.176 
185.000 -0.176 
186.000 -0.176 
187.000 -0.176 
188.000 -0.176 
189.000 -0.176 
190.000 -0.176 
191.000 -0.176 
192.000 -0.176 
193.000 -0.177 
194.000 -0.177 
195.000 -0.177 
196.000 -0.177 
197.000 -0.177 
198.000 -0.177 
199.000 -0.177 
200.000 -0.177 
201.000 -0.177 
202.000 -0.177 
203.000 -0.177 
204.000 -0.177 
205.000 -0.177 
206.000 -0.177 
207.000 -0.177 
208.000 -0.177 
209.000 -0.177 
210.000 -0.177 
211.000 -0.177 
212.000 -0.177 
213.000 -0.177 
214.000 -0.177 
215.000 -0.177 
216.000 -0.177 
217.000 -0.177 
218.000 -0.178 
219.000 -0.178 
220.000 -0.178 
221.000 -0.178 
222.000 -0.178 
223.000 -0.178 
224.000 -0.178 
225.000 -0.178 
226.000 -0.178 
227.000 -0.178 
228.000 -0.178 
229.000 -0.178 
230.000 -0.178 
231.000 -0.178 
232.000 -0.178 
233.000 -0.178 
234.000 -0.178 
235.000 -0.178 
236.000 -0.178 
237.000 -0.178 
238.000 -0.178 
239.000 -0.178 
240.000 -0.178 
241.000 -0.087 
242.000 -0.077 
243.000 -0.085 
244.000 -0.095 
245.000 -0.103 
246.000 -0.110 
247.000 -0.111 
248.000 -0.107 
249.000 -0.099 
250.000 -0.088 
251.000 -0.079 
252.000 -0.070 
253.000 -0.064 
254.000 -0.059 
255.000 -0.056 
256.000 -0.052 
257.000 -0.049 
258.000 -0.045 
259.000 -0.040 
260.000 -0.035 
261.000 -0.030 
262.000 -0.025 
263.000 -0.020 
264.000 -0.015 
265.000 -0.011 
266.000 -0.006 
267.000 -0.002 
268.000 0.002 
269.000 0.006 
270.000 0.010 
271.000 0.015 
272.000 0.019 
273.000 0.023 
274.000 0.027 
275.000 0.031 
276.000 0.035 
277.000 0.039 
278.000 0.043 
279.000 0.046 
280.000 0.050 
281.000 0.054 
282.000 0.057 
283.000 0.061 
284.000 0.064 
285.000 0.067 
286.000 0.071 
287.000 0.074 
288.000 0.077 
289.000 0.080 
290.000 0.084 
291.000 0.087 
292.000 0.090 
293.000 0.092 
294.000 0.095 
295.000 0.098 
296.000 0.101 
297.000 0.103 
298.000 0.106 
299.000 0.109 
300.000 0.111 
301.000 0.114 
302.000 0.116 
303.000 0.118 
304.000 0.121 
305.000 0.123 
306.000 0.125 
307.000 0.127 
308.000 0.129 
309.000 0.131 
310.000 0.133 
311.000 0.135 
312.000 0.137 
313.000 0.139 
314.000 0.141 
315.000 0.142 
316.000 0.144 
317.000 0.146 
318.000 0.147 
319.000 0.149 
320.000 0.150 
321.000 0.152 
322.000 0.153 
323.000 0.155 
324.000 0.156 
325.000 0.157 
326.000 0.159 
327.000 0.160 
328.000 0.161 
329.000 0.162 
330.000 0.163 
331.000 0.165 
332.000 0.166 
333.000 0.167 
334.000 0.168 
335.000 0.169 
336.000 0.170 
337.000 0.171 
338.000 0.171 
339.000 0.172 
340.000 0.173 
341.000 0.174 
342.000 0.175 
343.000 0.176 
344.000 0.176 
345.000 0.177 
346.000 0.178 
347.000 0.178 
348.000 0.179 
349.000 0.180 
350.000 0.180 
351.000 0.181 
352.000 0.182 
353.000 0.182 
354.000 0.183 
355.000 0.183 
356.000 0.184 
357.000 0.184 
358.000 0.185 
359.000 0.185 
360.000 0.186 
361.000 0.358 
362.000 0.376 
363.000 0.362 
364.000 0.344 
365.000 0.328 
366.000 0.309 
367.000 0.293 
368.000 0.284 
369.000 0.284 
370.000 0.291 
371.000 0.303 
372.000 0.319 
373.000 0.336 
374.000 0.350 
375.000 0.361 
376.000 0.368 
377.000 0.371 
378.000 0.370 
379.000 0.368 
380.000 0.365 
381.000 0.362 
382.000 0.360 
383.000 0.360 
384.000 0.362 
385.000 0.366 
386.000 0.370 
387.000 0.375 
388.000 0.379 
389.000 0.383 
390.000 0.386 
391.000 0.387 
392.000 0.388 
393.000 0.388 
394.000 0.388 
395.000 0.387 
396.000 0.387 
397.000 0.387 
398.000 0.387 
399.000 0.388 
400.000 0.389 
401.000 0.390 
402.000 0.392 
403.000 0.393 
404.000 0.394 
405.000 0.395 
406.000 0.396 
407.000 0.396 
408.000 0.396 
409.000 0.396 
410.000 0.396 
411.000 0.396 
412.000 0.396 
413.000 0.396 
414.000 0.396 
415.000 0.397 
416.000 0.397 
417.000 0.397 
418.000 0.398 
419.000 0.398 
420.000 0.398 
421.000 0.398 
422.000 0.399 
423.000 0.399 
424.000 0.399 
425.000 0.399 
426.000 0.399 
427.000 0.399 
428.000 0.399 
429.000 0.399 
430.000 0.399 
431.000 0.399 
432.000 0.399 
433.000 0.399 
434.000 0.399 
435.000 0.399 
436.000 0.399 
437.000 0.400 
438.000 0.400 
439.000 0.400 
440.000 0.400 
441.000 0.400 
442.000 0.400 
443.000 0.400 
444.000 0.400 
445.000 0.400 
446.000 0.400 
447.000 0.400 
448.000 0.400 
449.000 0.400 
450.000 0.400 
451.000 0.400 
452.000 0.400 
453.000 0.400 
454.000 0.400 
455.000 0.400 
456.000 0.400 
457.000 0.400 
458.000 0.400 
459.000 0.400 
460.000 0.400 
461.000 0.400 
462.000 0.400 
463.000 0.400 
464.000 0.400 
465.000 0.400 
466.000 0.400 
467.000 0.400 
468.000 0.400 
469.000 0.400 
470.000 0.400 
471.000 0.400 
472.000 0.400 
473.000 0.400 
474.000 0.400 
475.000 0.400 
476.000 0.400 
477.000 0.400 
478.000 0.400 
479.000 0.400 
480.000 0.400 
481.000 1.000 
482.000 1.000 
483.000 1.000 
484.000 1.000 
485.000 1.000 
486.000 1.000 
487.000 1.000 
488.000 1.000 
489.000 0.962 
490.000 0.882 
491.000 0.850 
492.000 0.835 
493.000 0.828 
494.000 0.827 
495.000 0.826 
496.000 0.824 
497.000 0.821 
498.000 0.819 
499.000 0.817 
500.000 0.815 
501.000 0.813 
502.000 0.812 
503.000 0.811 
504.000 0.809 
505.000 0.808 
506.000 0.807 
507.000 0.806 
508.000 0.806 
509.000 0.805 
510.000 0.804 
511.000 0.803 
512.000 0.802 
513.000 0.802 
514.000 0.801 
515.000 0.801 
516.000 0.800 
517.000 0.800 
518.000 0.800 
519.000 0.800 
520.000 0.800 
521.000 0.800 
522.000 0.800 
523.000 0.800 
524.000 0.800 
525.000 0.800 
526.000 0.800 
527.000 0.800 
528.000 0.800 
529.000 0.800 
530.000 0.800 
531.000 0.800 
532.000 0.800 
533.000 0.800 
534.000 0.800 
535.000 0.800 
536.000 0.800 
537.000 0.800 
538.000 0.800 
539.000 0.800 
540.000 0.800 
541.000 0.800 
542.000 0.800 
543.000 0.800 
544.000 0.800 
545.000 0.800 
546.000 0.800 
547.000 0.800 
548.000 0.800 
549.000 0.800 
550.000 0.800 
551.000 0.800 
552.000 0.800 
553.000 0.800 
554.000 0.800 
555.000 0.800 
556.000 0.800 
557.000 0.800 
558.000 0.800 
559.000 0.800 
560.000 0.800 
561.000 0.800 
562.000 0.800 
563.000 0.800 
564.000 0.800 
565.000 0.800 
566.000 0.800 
567.000 0.800 
568.000 0.800 
569.000 0.800 
570.000 0.800 
571.000 0.800 
572.000 0.800 
573.000 0.800 
574.000 0.800 
575.000 0.800 
576.000 0.800 
577.000 0.800 
578.000 0.800 
579.000 0.800 
580.000 0.800 
581.000 0.800 
582.000 0.800 
583.000 0.800 
584.000 0.800 
585.000 0.800 
586.000 0.800 
587.000 0.800 
588.000 0.800 
589.000 0.800 
590.000 0.800 
591.000 0.800 
592.000 0.800 
593.000 0.800 
594.000 0.800 
595.000 0.800 
596.000 0.800 
597.000 0.800 
598.000 0.800 
599.000 0.800 
600.000 0.800 
601.000 1.000 
602.000 1.000 
603.000 1.000 
604.000 1.000 
605.000 1.000 
606.000 1.000 
607.000 1.000 
608.000 1.000 
609.000 1.000 
610.000 1.000 
611.000 1.000 
612.000 1.000 
613.000 1.000 
614.000 1.000 
615.000 1.000 
616.000 1.000 
617.000 1.000 
618.000 1.000 
619.000 1.000 
620.000 1.000 
621.000 1.000 
622.000 1.000 
623.000 1.000 
624.000 1.000 
625.000 1.000 
626.000 1.000 
627.000 1.000 
628.000 1.000 
629.000 1.000 
630.000 1.000 
631.000 1.000 
632.000 1.000 
633.000 1.000 
634.000 1.000 
635.000 1.000 
636.000 1.000 
637.000 1.000 
638.000 1.000 
639.000 1.000 
640.000 1.000 
641.000 1.000 
642.000 1.000 
643.000 1.000 
644.000 1.000 
645.000 1.000 
646.000 1.000 
647.000 1.000 
648.000 1.000 
649.000 1.000 
650.000 1.000 
651.000 1.000 
652.000 1.000 
653.000 1.000 
654.000 1.000 
655.000 1.000 
656.000 1.000 
657.000 1.000 
658.000 1.000 
659.000 1.000 
660.000 1.000 
661.000 1.000 
662.000 1.000 
663.000 1.000 
664.000 1.000 
665.000 1.000 
666.000 1.000 
667.000 1.000 
668.000 1.000 
669.000 1.000 
670.000 1.000 
671.000 1.000 
672.000 1.000 
673.000 1.000 
674.000 1.000 
675.000 1.000 
676.000 1.000 
677.000 1.000 
678.000 1.000 
679.000 1.000 
680.000 1.000 
681.000 1.000 
682.000 1.000 
683.000 1.000 
684.000 1.000 
685.000 1.000 
686.000 1.000 
687.000 1.000 
688.000 1.000 
689.000 1.000 
690.000 1.000 
691.000 1.000 
692.000 1.000 
693.000 1.000 
694.000 1.000 
695.000 1.000 
696.000 1.000 
697.000 1.000 
698.000 1.000 
699.000 1.000 
700.000 1.000 
701.000 1.000 
702.000 1.000 
703.000 1.000 
704.000 1.000 
705.000 1.000 
706.000 1.000 
707.000 1.000 
708.000 1.000 
709.000 1.000 
710.000 1.000 
711.000 1.000 
712.000 1.000 
713.000 1.000 
714.000 1.000 
715.000 1.000 
716.000 1.000 
717.000 1.000 
718.000 1.000 
719.000 1.000 
720.000 1.000 
721.000 1.000 
722.000 1.000 
723.000 1.000 
724.000 1.000 
725.000 1.000 
726.000 1.000 
727.000 1.000 
728.000 1.000 
729.000 1.000 
730.000 1.000 
731.000 1.000 
732.000 1.000 
733.000 1.000 
734.000 1.000 
735.000 1.000 
736.000 1.000 
737.000 1.000 
738.000 1.000 
739.000 1.000 
740.000 1.000 
741.000 1.000 
742.000 1.000 
743.000 1.000 
744.000 1.000 
745.000 1.000 
746.000 1.000 
747.000 1.000 
748.000 1.000 
749.000 1.000 
750.000 1.000 
751.000 1.000 
752.000 1.000 
753.000 1.000 
754.000 1.000 
755.000 1.000 
756.000 1.000 
757.000 1.000 
758.000 1.000 
759.000 1.000 
760.000 1.000 
761.000 1.000 
762.000 1.000 
763.000 1.000 
764.000 1.000 
765.000 1.000 
766.000 1.000 
767.000 1.000 
768.000 1.000 
769.000 1.000 
770.000 1.000 
771.000 1.000 
772.000 1.000 
773.000 1.000 
774.000 1.000 
775.000 1.000 
776.000 1.000 
777.000 1.000 
778.000 1.000 
779.000 1.000 
780.000 1.000 
781.000 1.000 
782.000 1.000 
783.000 1.000 
784.000 1.000 
785.000 1.000 
786.000 1.000 
787.000 1.000 
788.000 1.000 
789.000 1.000 
790.000 1.000 
791.000 1.000 
792.000 1.000 
793.000 1.000 
794.000 1.000 
795.000 1.000 
796.000 1.000 
797.000 1.000 
798.000 1.000 
799.000 1.000 
800.000 1.000 
