1.000 0.000 
2.000 0.000 
3.000 0.000 
4.000 0.000 
5.000 0.000 
6.000 0.000 
7.000 -0.033 
8.000 -0.048 
9.000 -0.051 
10.000 -0.048 
11.000 -0.041 
12.000 -0.034 
13.000 -0.028 
14.000 -0.026 
15.000 -0.027 
16.000 -0.032 
17.000 -0.039 
18.000 -0.046 
19.000 -0.052 
20.000 -0.057 
21.000 -0.059 
22.000 -0.059 
23.000 -0.058 
24.000 -0.057 
25.000 -0.057 
26.000 -0.058 
27.000 -0.060 
28.000 -0.063 
29.000 -0.067 
30.000 -0.070 
31.000 -0.073 
32.000 -0.075 
33.000 -0.077 
34.000 -0.078 
35.000 -0.079 
36.000 -0.080 
37.000 -0.081 
38.000 -0.083 
39.000 -0.085 
40.000 -0.087 
41.000 -0.089 
42.000 -0.091 
43.000 -0.093 
44.000 -0.094 
45.000 -0.096 
46.000 -0.097 
47.000 -0.099 
48.000 -0.100 
49.000 -0.102 
50.000 -0.103 
51.000 -0.105 
52.000 -0.107 
53.000 -0.108 
54.000 -0.110 
55.000 -0.111 
56.000 -0.113 
57.000 -0.114 
58.000 -0.116 
59.000 -0.117 
60.000 -0.119 
61.000 -0.120 
62.000 -0.122 
63.000 -0.123 
64.000 -0.125 
65.000 -0.126 
66.000 -0.128 
67.000 -0.129 
68.000 -0.130 
69.000 -0.132 
70.000 -0.133 
71.000 -0.135 
72.000 -0.136 
73.000 -0.137 
74.000 -0.139 
75.000 -0.140 
76.000 -0.141 
77.000 -0.143 
78.000 -0.144 
79.000 -0.145 
80.000 -0.147 
81.000 -0.148 
82.000 -0.149 
83.000 -0.151 
84.000 -0.152 
85.000 -0.153 
86.000 -0.155 
87.000 -0.156 
88.000 -0.157 
89.000 -0.158 
90.000 -0.160 
91.000 -0.161 
92.000 -0.162 
93.000 -0.163 
94.000 -0.165 
95.000 -0.166 
96.000 -0.167 
97.000 -0.168 
98.000 -0.169 
99.000 -0.171 
100.000 -0.172 
101.000 -0.173 
102.000 -0.174 
103.000 -0.175 
104.000 -0.176 
105.000 -0.178 
106.000 -0.179 
107.000 -0.180 
108.000 -0.181 
109.000 -0.182 
110.000 -0.183 
111.000 -0.184 
112.000 -0.186 
113.000 -0.187 
114.000 -0.188 
115.000 -0.189 
116.000 -0.190 
117.000 -0.191 
118.000 -0.192 
119.000 -0.193 
120.000 -0.194 
121.000 -0.181 
122.000 -0.176 
123.000 -0.176 
124.000 -0.178 
125.000 -0.182 
126.000 -0.186 
127.000 -0.189 
128.000 -0.191 
129.000 -0.191 
130.000 -0.189 
131.000 -0.187 
132.000 -0.185 
133.000 -0.184 
134.000 -0.184 
135.000 -0.184 
136.000 -0.185 
137.000 -0.186 
138.000 -0.187 
139.000 -0.187 
140.000 -0.187 
141.000 -0.187 
142.000 -0.187 
143.000 -0.186 
144.000 -0.186 
145.000 -0.185 
146.000 -0.185 
147.000 -0.186 
148.000 -0.186 
149.000 -0.186 
150.000 -0.186 
151.000 -0.186 
152.000 -0.186 
153.000 -0.186 
154.000 -0.186 
155.000 -0.186 
156.000 -0.186 
157.000 -0.186 
158.000 -0.186 
159.000 -0.186 
160.000 -0.186 
161.000 -0.186 
162.000 -0.186 
163.000 -0.186 
164.000 -0.186 
165.000 -0.186 
166.000 -0.186 
167.000 -0.186 
168.000 -0.186 
169.000 -0.186 
170.000 -0.186 
171.000 -0.186 
172.000 -0.186 
173.000 -0.186 
174.000 -0.186 
175.000 -0.186 
176.000 -0.186 
177.000 -0.186 
178.000 -0.186 
179.000 -0.186 
180.000 -0.186 
181.000 -0.186 
182.000 -0.186 
183.000 -0.186 
184.000 -0.186 
185.000 -0.186 
186.000 -0.186 
187.000 -0.186 
188.000 -0.186 
189.000 -0.186 
190.000 -0.186 
191.000 -0.186 
192.000 -0.186 
193.000 -0.186 
194.000 -0.186 
195.000 -0.186 
196.000 -0.186 
197.000 -0.186 
198.000 -0.186 
199.000 -0.186 
200.000 -0.186 
201.000 -0.186 
202.000 -0.186 
203.000 -0.186 
204.000 -0.186 
205.000 -0.186 
206.000 -0.186 
207.000 -0.186 
208.000 -0.186 
209.000 -0.186 
210.000 -0.186 
211.000 -0.186 
212.000 -0.186 
213.000 -0.186 
214.000 -0.186 
215.000 -0.186 
216.000 -0.186 
217.000 -0.186 
218.000 -0.186 
219.000 -0.186 
220.000 -0.186 
221.000 -0.186 
222.000 -0.186 
223.000 -0.186 
224.000 -0.186 
225.000 -0.186 
226.000 -0.186 
227.000 -0.186 
228.000 -0.186 
229.000 -0.186 
230.000 -0.186 
231.000 -0.186 
232.000 -0.186 
233.000 -0.186 
234.000 -0.186 
235.000 -0.186 
236.000 -0.186 
237.000 -0.186 
238.000 -0.186 
239.000 -0.186 
240.000 -0.186 
241.000 -0.105 
242.000 -0.070 
243.000 -0.062 
244.000 -0.071 
245.000 -0.086 
246.000 -0.103 
247.000 -0.115 
248.000 -0.118 
249.000 -0.112 
250.000 -0.099 
251.000 -0.082 
252.000 -0.065 
253.000 -0.052 
254.000 -0.043 
255.000 -0.038 
256.000 -0.037 
257.000 -0.038 
258.000 -0.038 
259.000 -0.037 
260.000 -0.033 
261.000 -0.027 
262.000 -0.019 
263.000 -0.011 
264.000 -0.003 
265.000 0.003 
266.000 0.009 
267.000 0.013 
268.000 0.016 
269.000 0.019 
270.000 0.022 
271.000 0.026 
272.000 0.030 
273.000 0.034 
274.000 0.039 
275.000 0.045 
276.000 0.050 
277.000 0.054 
278.000 0.058 
279.000 0.062 
280.000 0.065 
281.000 0.069 
282.000 0.072 
283.000 0.075 
284.000 0.078 
285.000 0.082 
286.000 0.086 
287.000 0.089 
288.000 0.093 
289.000 0.096 
290.000 0.099 
291.000 0.102 
292.000 0.105 
293.000 0.108 
294.000 0.110 
295.000 0.113 
296.000 0.116 
297.000 0.118 
298.000 0.121 
299.000 0.123 
300.000 0.126 
301.000 0.128 
302.000 0.130 
303.000 0.133 
304.000 0.135 
305.000 0.137 
306.000 0.139 
307.000 0.141 
308.000 0.143 
309.000 0.144 
310.000 0.146 
311.000 0.148 
312.000 0.150 
313.000 0.151 
314.000 0.153 
315.000 0.155 
316.000 0.156 
317.000 0.158 
318.000 0.159 
319.000 0.160 
320.000 0.162 
321.000 0.163 
322.000 0.164 
323.000 0.165 
324.000 0.167 
325.000 0.168 
326.000 0.169 
327.000 0.170 
328.000 0.171 
329.000 0.172 
330.000 0.173 
331.000 0.174 
332.000 0.175 
333.000 0.175 
334.000 0.176 
335.000 0.177 
336.000 0.178 
337.000 0.179 
338.000 0.179 
339.000 0.180 
340.000 0.181 
341.000 0.181 
342.000 0.182 
343.000 0.183 
344.000 0.183 
345.000 0.184 
346.000 0.184 
347.000 0.185 
348.000 0.185 
349.000 0.186 
350.000 0.186 
351.000 0.187 
352.000 0.187 
353.000 0.188 
354.000 0.188 
355.000 0.188 
356.000 0.189 
357.000 0.189 
358.000 0.189 
359.000 0.190 
360.000 0.190 
361.000 0.342 
362.000 0.409 
363.000 0.423 
364.000 0.408 
365.000 0.379 
366.000 0.343 
367.000 0.305 
368.000 0.276 
369.000 0.258 
370.000 0.257 
371.000 0.270 
372.000 0.297 
373.000 0.331 
374.000 0.366 
375.000 0.396 
376.000 0.416 
377.000 0.424 
378.000 0.419 
379.000 0.405 
380.000 0.386 
381.000 0.366 
382.000 0.348 
383.000 0.337 
384.000 0.334 
385.000 0.339 
386.000 0.351 
387.000 0.368 
388.000 0.387 
389.000 0.404 
390.000 0.416 
391.000 0.422 
392.000 0.422 
393.000 0.415 
394.000 0.405 
395.000 0.392 
396.000 0.381 
397.000 0.372 
398.000 0.367 
399.000 0.368 
400.000 0.372 
401.000 0.381 
402.000 0.391 
403.000 0.402 
404.000 0.410 
405.000 0.415 
406.000 0.417 
407.000 0.415 
408.000 0.409 
409.000 0.402 
410.000 0.395 
411.000 0.388 
412.000 0.384 
413.000 0.382 
414.000 0.383 
415.000 0.387 
416.000 0.393 
417.000 0.399 
418.000 0.405 
419.000 0.409 
420.000 0.411 
421.000 0.411 
422.000 0.409 
423.000 0.405 
424.000 0.400 
425.000 0.396 
426.000 0.392 
427.000 0.390 
428.000 0.390 
429.000 0.391 
430.000 0.394 
431.000 0.398 
432.000 0.401 
433.000 0.404 
434.000 0.406 
435.000 0.407 
436.000 0.407 
437.000 0.405 
438.000 0.402 
439.000 0.399 
440.000 0.397 
441.000 0.395 
442.000 0.394 
443.000 0.394 
444.000 0.395 
445.000 0.397 
446.000 0.400 
447.000 0.402 
448.000 0.403 
449.000 0.404 
450.000 0.404 
451.000 0.404 
452.000 0.402 
453.000 0.401 
454.000 0.399 
455.000 0.398 
456.000 0.397 
457.000 0.396 
458.000 0.397 
459.000 0.398 
460.000 0.399 
461.000 0.400 
462.000 0.402 
463.000 0.402 
464.000 0.403 
465.000 0.403 
466.000 0.402 
467.000 0.401 
468.000 0.400 
469.000 0.399 
470.000 0.398 
471.000 0.398 
472.000 0.398 
473.000 0.398 
474.000 0.399 
475.000 0.400 
476.000 0.401 
477.000 0.401 
478.000 0.402 
479.000 0.402 
480.000 0.401 
481.000 1.000 
482.000 1.000 
483.000 1.000 
484.000 1.000 
485.000 1.000 
486.000 1.000 
487.000 1.000 
488.000 1.000 
489.000 1.000 
490.000 1.000 
491.000 1.000 
492.000 0.881 
493.000 0.708 
494.000 0.632 
495.000 0.620 
496.000 0.646 
497.000 0.699 
498.000 0.769 
499.000 0.849 
500.000 0.928 
501.000 0.992 
502.000 1.000 
503.000 1.000 
504.000 1.000 
505.000 1.000 
506.000 0.956 
507.000 0.878 
508.000 0.807 
509.000 0.746 
510.000 0.700 
511.000 0.671 
512.000 0.661 
513.000 0.672 
514.000 0.701 
515.000 0.746 
516.000 0.799 
517.000 0.853 
518.000 0.899 
519.000 0.931 
520.000 0.944 
521.000 0.937 
522.000 0.913 
523.000 0.876 
524.000 0.832 
525.000 0.788 
526.000 0.748 
527.000 0.717 
528.000 0.699 
529.000 0.696 
530.000 0.707 
531.000 0.731 
532.000 0.764 
533.000 0.802 
534.000 0.839 
535.000 0.869 
536.000 0.889 
537.000 0.896 
538.000 0.890 
539.000 0.872 
540.000 0.846 
541.000 0.816 
542.000 0.785 
543.000 0.758 
544.000 0.739 
545.000 0.728 
546.000 0.728 
547.000 0.737 
548.000 0.755 
549.000 0.779 
550.000 0.805 
551.000 0.830 
552.000 0.849 
553.000 0.862 
554.000 0.865 
555.000 0.859 
556.000 0.846 
557.000 0.828 
558.000 0.807 
559.000 0.786 
560.000 0.768 
561.000 0.756 
562.000 0.750 
563.000 0.751 
564.000 0.758 
565.000 0.772 
566.000 0.788 
567.000 0.806 
568.000 0.823 
569.000 0.835 
570.000 0.843 
571.000 0.844 
572.000 0.839 
573.000 0.829 
574.000 0.816 
575.000 0.802 
576.000 0.788 
577.000 0.776 
578.000 0.768 
579.000 0.765 
580.000 0.767 
581.000 0.773 
582.000 0.782 
583.000 0.794 
584.000 0.806 
585.000 0.817 
586.000 0.825 
587.000 0.829 
588.000 0.830 
589.000 0.826 
590.000 0.819 
591.000 0.809 
592.000 0.799 
593.000 0.790 
594.000 0.782 
595.000 0.777 
596.000 0.776 
597.000 0.778 
598.000 0.782 
599.000 0.789 
600.000 0.797 
601.000 1.000 
602.000 1.000 
603.000 1.000 
604.000 1.000 
605.000 1.000 
606.000 1.000 
607.000 1.000 
608.000 1.000 
609.000 1.000 
610.000 1.000 
611.000 1.000 
612.000 1.000 
613.000 1.000 
614.000 1.000 
615.000 1.000 
616.000 1.000 
617.000 1.000 
618.000 1.000 
619.000 1.000 
620.000 1.000 
621.000 1.000 
622.000 1.000 
623.000 1.000 
624.000 1.000 
625.000 1.000 
626.000 1.000 
627.000 1.000 
628.000 1.000 
629.000 1.000 
630.000 1.000 
631.000 1.000 
632.000 1.000 
633.000 1.000 
634.000 1.000 
635.000 1.000 
636.000 1.000 
637.000 1.000 
638.000 1.000 
639.000 1.000 
640.000 1.000 
641.000 1.000 
642.000 1.000 
643.000 1.000 
644.000 1.000 
645.000 1.000 
646.000 1.000 
647.000 1.000 
648.000 1.000 
649.000 1.000 
650.000 1.000 
651.000 1.000 
652.000 1.000 
653.000 1.000 
654.000 1.000 
655.000 1.000 
656.000 1.000 
657.000 1.000 
658.000 1.000 
659.000 1.000 
660.000 1.000 
661.000 1.000 
662.000 1.000 
663.000 1.000 
664.000 1.000 
665.000 1.000 
666.000 1.000 
667.000 1.000 
668.000 1.000 
669.000 1.000 
670.000 1.000 
671.000 1.000 
672.000 1.000 
673.000 1.000 
674.000 1.000 
675.000 1.000 
676.000 1.000 
677.000 1.000 
678.000 1.000 
679.000 1.000 
680.000 1.000 
681.000 1.000 
682.000 1.000 
683.000 1.000 
684.000 1.000 
685.000 1.000 
686.000 1.000 
687.000 1.000 
688.000 1.000 
689.000 1.000 
690.000 1.000 
691.000 1.000 
692.000 1.000 
693.000 1.000 
694.000 1.000 
695.000 1.000 
696.000 1.000 
697.000 1.000 
698.000 1.000 
699.000 1.000 
700.000 1.000 
701.000 1.000 
702.000 1.000 
703.000 1.000 
704.000 1.000 
705.000 1.000 
706.000 1.000 
707.000 1.000 
708.000 1.000 
709.000 1.000 
710.000 1.000 
711.000 1.000 
712.000 1.000 
713.000 1.000 
714.000 1.000 
715.000 1.000 
716.000 1.000 
717.000 1.000 
718.000 1.000 
719.000 1.000 
720.000 1.000 
721.000 1.000 
722.000 1.000 
723.000 1.000 
724.000 1.000 
725.000 1.000 
726.000 1.000 
727.000 1.000 
728.000 1.000 
729.000 1.000 
730.000 1.000 
731.000 1.000 
732.000 1.000 
733.000 1.000 
734.000 1.000 
735.000 1.000 
736.000 1.000 
737.000 1.000 
738.000 1.000 
739.000 1.000 
740.000 1.000 
741.000 1.000 
742.000 1.000 
743.000 1.000 
744.000 1.000 
745.000 1.000 
746.000 1.000 
747.000 1.000 
748.000 1.000 
749.000 1.000 
750.000 1.000 
751.000 1.000 
752.000 1.000 
753.000 1.000 
754.000 1.000 
755.000 1.000 
756.000 1.000 
757.000 1.000 
758.000 1.000 
759.000 1.000 
760.000 1.000 
761.000 1.000 
762.000 1.000 
763.000 1.000 
764.000 1.000 
765.000 1.000 
766.000 1.000 
767.000 1.000 
768.000 1.000 
769.000 1.000 
770.000 1.000 
771.000 1.000 
772.000 1.000 
773.000 1.000 
774.000 1.000 
775.000 1.000 
776.000 1.000 
777.000 1.000 
778.000 1.000 
779.000 1.000 
780.000 1.000 
781.000 1.000 
782.000 1.000 
783.000 1.000 
784.000 1.000 
785.000 1.000 
786.000 1.000 
787.000 1.000 
788.000 1.000 
789.000 1.000 
790.000 1.000 
791.000 1.000 
792.000 1.000 
793.000 1.000 
794.000 1.000 
795.000 1.000 
796.000 1.000 
797.000 1.000 
798.000 1.000 
799.000 1.000 
800.000 1.000 
