1.000 0.000 
2.000 0.000 
3.000 0.000 
4.000 0.000 
5.000 0.000 
6.000 0.000 
7.000 -0.081 
8.000 -0.092 
9.000 -0.071 
10.000 -0.043 
11.000 -0.021 
12.000 -0.005 
13.000 -0.005 
14.000 -0.021 
15.000 -0.046 
16.000 -0.068 
17.000 -0.081 
18.000 -0.082 
19.000 -0.072 
20.000 -0.058 
21.000 -0.046 
22.000 -0.043 
23.000 -0.048 
24.000 -0.061 
25.000 -0.076 
26.000 -0.087 
27.000 -0.092 
28.000 -0.089 
29.000 -0.083 
30.000 -0.076 
31.000 -0.073 
32.000 -0.074 
33.000 -0.081 
34.000 -0.090 
35.000 -0.098 
36.000 -0.103 
37.000 -0.104 
38.000 -0.102 
39.000 -0.098 
40.000 -0.097 
41.000 -0.097 
42.000 -0.101 
43.000 -0.106 
44.000 -0.111 
45.000 -0.115 
46.000 -0.117 
47.000 -0.117 
48.000 -0.117 
49.000 -0.116 
50.000 -0.117 
51.000 -0.119 
52.000 -0.122 
53.000 -0.126 
54.000 -0.129 
55.000 -0.131 
56.000 -0.132 
57.000 -0.132 
58.000 -0.133 
59.000 -0.134 
60.000 -0.135 
61.000 -0.137 
62.000 -0.140 
63.000 -0.143 
64.000 -0.145 
65.000 -0.146 
66.000 -0.147 
67.000 -0.148 
68.000 -0.149 
69.000 -0.150 
70.000 -0.152 
71.000 -0.154 
72.000 -0.156 
73.000 -0.158 
74.000 -0.159 
75.000 -0.160 
76.000 -0.162 
77.000 -0.163 
78.000 -0.164 
79.000 -0.166 
80.000 -0.167 
81.000 -0.169 
82.000 -0.171 
83.000 -0.172 
84.000 -0.173 
85.000 -0.175 
86.000 -0.176 
87.000 -0.177 
88.000 -0.178 
89.000 -0.180 
90.000 -0.181 
91.000 -0.183 
92.000 -0.184 
93.000 -0.186 
94.000 -0.187 
95.000 -0.188 
96.000 -0.189 
97.000 -0.191 
98.000 -0.192 
99.000 -0.193 
100.000 -0.195 
101.000 -0.196 
102.000 -0.197 
103.000 -0.199 
104.000 -0.200 
105.000 -0.201 
106.000 -0.202 
107.000 -0.204 
108.000 -0.205 
109.000 -0.206 
110.000 -0.207 
111.000 -0.209 
112.000 -0.210 
113.000 -0.211 
114.000 -0.212 
115.000 -0.213 
116.000 -0.215 
117.000 -0.216 
118.000 -0.217 
119.000 -0.218 
120.000 -0.219 
121.000 -0.186 
122.000 -0.182 
123.000 -0.192 
124.000 -0.206 
125.000 -0.216 
126.000 -0.223 
127.000 -0.222 
128.000 -0.215 
129.000 -0.206 
130.000 -0.198 
131.000 -0.196 
132.000 -0.198 
133.000 -0.204 
134.000 -0.211 
135.000 -0.214 
136.000 -0.214 
137.000 -0.211 
138.000 -0.206 
139.000 -0.202 
140.000 -0.200 
141.000 -0.201 
142.000 -0.204 
143.000 -0.207 
144.000 -0.210 
145.000 -0.210 
146.000 -0.208 
147.000 -0.206 
148.000 -0.204 
149.000 -0.202 
150.000 -0.203 
151.000 -0.204 
152.000 -0.206 
153.000 -0.207 
154.000 -0.207 
155.000 -0.206 
156.000 -0.205 
157.000 -0.204 
158.000 -0.203 
159.000 -0.203 
160.000 -0.204 
161.000 -0.204 
162.000 -0.205 
163.000 -0.205 
164.000 -0.205 
165.000 -0.204 
166.000 -0.203 
167.000 -0.203 
168.000 -0.203 
169.000 -0.203 
170.000 -0.203 
171.000 -0.204 
172.000 -0.204 
173.000 -0.204 
174.000 -0.203 
175.000 -0.203 
176.000 -0.203 
177.000 -0.202 
178.000 -0.203 
179.000 -0.203 
180.000 -0.203 
181.000 -0.203 
182.000 -0.203 
183.000 -0.202 
184.000 -0.202 
185.000 -0.202 
186.000 -0.202 
187.000 -0.202 
188.000 -0.202 
189.000 -0.202 
190.000 -0.202 
191.000 -0.202 
192.000 -0.202 
193.000 -0.202 
194.000 -0.201 
195.000 -0.201 
196.000 -0.201 
197.000 -0.201 
198.000 -0.201 
199.000 -0.201 
200.000 -0.201 
201.000 -0.201 
202.000 -0.201 
203.000 -0.201 
204.000 -0.201 
205.000 -0.201 
206.000 -0.201 
207.000 -0.201 
208.000 -0.201 
209.000 -0.200 
210.000 -0.200 
211.000 -0.200 
212.000 -0.200 
213.000 -0.200 
214.000 -0.200 
215.000 -0.200 
216.000 -0.200 
217.000 -0.200 
218.000 -0.200 
219.000 -0.200 
220.000 -0.200 
221.000 -0.200 
222.000 -0.200 
223.000 -0.199 
224.000 -0.199 
225.000 -0.199 
226.000 -0.199 
227.000 -0.199 
228.000 -0.199 
229.000 -0.199 
230.000 -0.199 
231.000 -0.199 
232.000 -0.199 
233.000 -0.199 
234.000 -0.199 
235.000 -0.199 
236.000 -0.199 
237.000 -0.199 
238.000 -0.199 
239.000 -0.198 
240.000 -0.198 
241.000 -0.002 
242.000 0.026 
243.000 -0.025 
244.000 -0.094 
245.000 -0.148 
246.000 -0.180 
247.000 -0.174 
248.000 -0.132 
249.000 -0.072 
250.000 -0.019 
251.000 0.007 
252.000 0.003 
253.000 -0.023 
254.000 -0.055 
255.000 -0.076 
256.000 -0.078 
257.000 -0.060 
258.000 -0.028 
259.000 0.005 
260.000 0.029 
261.000 0.037 
262.000 0.030 
263.000 0.015 
264.000 0.002 
265.000 -0.004 
266.000 0.002 
267.000 0.017 
268.000 0.037 
269.000 0.056 
270.000 0.069 
271.000 0.072 
272.000 0.068 
273.000 0.061 
274.000 0.056 
275.000 0.055 
276.000 0.060 
277.000 0.071 
278.000 0.084 
279.000 0.096 
280.000 0.104 
281.000 0.106 
282.000 0.105 
283.000 0.101 
284.000 0.099 
285.000 0.099 
286.000 0.102 
287.000 0.109 
288.000 0.118 
289.000 0.126 
290.000 0.132 
291.000 0.134 
292.000 0.134 
293.000 0.133 
294.000 0.131 
295.000 0.131 
296.000 0.132 
297.000 0.137 
298.000 0.142 
299.000 0.148 
300.000 0.153 
301.000 0.155 
302.000 0.156 
303.000 0.155 
304.000 0.154 
305.000 0.153 
306.000 0.154 
307.000 0.156 
308.000 0.160 
309.000 0.164 
310.000 0.167 
311.000 0.170 
312.000 0.171 
313.000 0.171 
314.000 0.170 
315.000 0.169 
316.000 0.169 
317.000 0.170 
318.000 0.172 
319.000 0.174 
320.000 0.177 
321.000 0.179 
322.000 0.181 
323.000 0.181 
324.000 0.181 
325.000 0.180 
326.000 0.180 
327.000 0.180 
328.000 0.180 
329.000 0.182 
330.000 0.184 
331.000 0.186 
332.000 0.187 
333.000 0.188 
334.000 0.188 
335.000 0.187 
336.000 0.187 
337.000 0.186 
338.000 0.186 
339.000 0.187 
340.000 0.188 
341.000 0.190 
342.000 0.191 
343.000 0.192 
344.000 0.192 
345.000 0.192 
346.000 0.191 
347.000 0.191 
348.000 0.191 
349.000 0.191 
350.000 0.191 
351.000 0.192 
352.000 0.193 
353.000 0.194 
354.000 0.195 
355.000 0.195 
356.000 0.194 
357.000 0.194 
358.000 0.194 
359.000 0.194 
360.000 0.194 
361.000 0.562 
362.000 0.614 
363.000 0.520 
364.000 0.392 
365.000 0.290 
366.000 0.199 
367.000 0.145 
368.000 0.146 
369.000 0.204 
370.000 0.305 
371.000 0.425 
372.000 0.527 
373.000 0.576 
374.000 0.559 
375.000 0.488 
376.000 0.390 
377.000 0.296 
378.000 0.229 
379.000 0.203 
380.000 0.223 
381.000 0.286 
382.000 0.381 
383.000 0.482 
384.000 0.558 
385.000 0.583 
386.000 0.551 
387.000 0.477 
388.000 0.386 
389.000 0.303 
390.000 0.247 
391.000 0.231 
392.000 0.257 
393.000 0.321 
394.000 0.411 
395.000 0.502 
396.000 0.565 
397.000 0.579 
398.000 0.542 
399.000 0.468 
400.000 0.381 
401.000 0.305 
402.000 0.256 
403.000 0.245 
404.000 0.274 
405.000 0.339 
406.000 0.425 
407.000 0.509 
408.000 0.564 
409.000 0.572 
410.000 0.532 
411.000 0.459 
412.000 0.376 
413.000 0.304 
414.000 0.261 
415.000 0.254 
416.000 0.285 
417.000 0.350 
418.000 0.433 
419.000 0.512 
420.000 0.561 
421.000 0.564 
422.000 0.522 
423.000 0.451 
424.000 0.371 
425.000 0.303 
426.000 0.264 
427.000 0.261 
428.000 0.294 
429.000 0.358 
430.000 0.439 
431.000 0.514 
432.000 0.557 
433.000 0.556 
434.000 0.513 
435.000 0.443 
436.000 0.366 
437.000 0.303 
438.000 0.267 
439.000 0.267 
440.000 0.302 
441.000 0.366 
442.000 0.444 
443.000 0.514 
444.000 0.553 
445.000 0.549 
446.000 0.504 
447.000 0.435 
448.000 0.362 
449.000 0.302 
450.000 0.270 
451.000 0.273 
452.000 0.309 
453.000 0.373 
454.000 0.448 
455.000 0.514 
456.000 0.548 
457.000 0.541 
458.000 0.496 
459.000 0.429 
460.000 0.358 
461.000 0.302 
462.000 0.274 
463.000 0.278 
464.000 0.316 
465.000 0.379 
466.000 0.452 
467.000 0.513 
468.000 0.544 
469.000 0.534 
470.000 0.488 
471.000 0.422 
472.000 0.355 
473.000 0.302 
474.000 0.277 
475.000 0.284 
476.000 0.323 
477.000 0.385 
478.000 0.455 
479.000 0.513 
480.000 0.539 
481.000 1.000 
482.000 1.000 
483.000 1.000 
484.000 1.000 
485.000 1.000 
486.000 1.000 
487.000 1.000 
488.000 1.000 
489.000 1.000 
490.000 1.000 
491.000 1.000 
492.000 1.000 
493.000 1.000 
494.000 1.000 
495.000 0.699 
496.000 0.506 
497.000 0.707 
498.000 1.000 
499.000 1.000 
500.000 1.000 
501.000 1.000 
502.000 1.000 
503.000 1.000 
504.000 1.000 
505.000 1.000 
506.000 1.000 
507.000 1.000 
508.000 1.000 
509.000 1.000 
510.000 1.000 
511.000 1.000 
512.000 1.000 
513.000 1.000 
514.000 1.000 
515.000 1.000 
516.000 1.000 
517.000 0.218 
518.000 0.031 
519.000 0.238 
520.000 0.558 
521.000 0.829 
522.000 1.000 
523.000 1.000 
524.000 1.000 
525.000 1.000 
526.000 1.000 
527.000 1.000 
528.000 1.000 
529.000 1.000 
530.000 1.000 
531.000 1.000 
532.000 1.000 
533.000 1.000 
534.000 1.000 
535.000 1.000 
536.000 1.000 
537.000 1.000 
538.000 1.000 
539.000 1.000 
540.000 1.000 
541.000 1.000 
542.000 1.000 
543.000 1.000 
544.000 1.000 
545.000 1.000 
546.000 0.755 
547.000 0.578 
548.000 0.865 
549.000 1.000 
550.000 1.000 
551.000 1.000 
552.000 1.000 
553.000 1.000 
554.000 1.000 
555.000 1.000 
556.000 1.000 
557.000 1.000 
558.000 1.000 
559.000 1.000 
560.000 1.000 
561.000 1.000 
562.000 1.000 
563.000 1.000 
564.000 1.000 
565.000 1.000 
566.000 1.000 
567.000 1.000 
568.000 1.000 
569.000 1.000 
570.000 1.000 
571.000 0.298 
572.000 0.116 
573.000 0.376 
574.000 0.751 
575.000 1.000 
576.000 1.000 
577.000 1.000 
578.000 1.000 
579.000 1.000 
580.000 1.000 
581.000 1.000 
582.000 1.000 
583.000 1.000 
584.000 1.000 
585.000 1.000 
586.000 1.000 
587.000 1.000 
588.000 1.000 
589.000 1.000 
590.000 1.000 
591.000 1.000 
592.000 1.000 
593.000 1.000 
594.000 1.000 
595.000 1.000 
596.000 1.000 
597.000 1.000 
598.000 1.000 
599.000 1.000 
600.000 0.156 
601.000 1.000 
602.000 1.000 
603.000 1.000 
604.000 1.000 
605.000 1.000 
606.000 1.000 
607.000 1.000 
608.000 1.000 
609.000 1.000 
610.000 1.000 
611.000 1.000 
612.000 1.000 
613.000 1.000 
614.000 1.000 
615.000 1.000 
616.000 1.000 
617.000 1.000 
618.000 1.000 
619.000 1.000 
620.000 1.000 
621.000 1.000 
622.000 1.000 
623.000 1.000 
624.000 1.000 
625.000 1.000 
626.000 1.000 
627.000 1.000 
628.000 1.000 
629.000 1.000 
630.000 1.000 
631.000 1.000 
632.000 1.000 
633.000 1.000 
634.000 1.000 
635.000 1.000 
636.000 1.000 
637.000 1.000 
638.000 1.000 
639.000 1.000 
640.000 1.000 
641.000 1.000 
642.000 1.000 
643.000 1.000 
644.000 1.000 
645.000 1.000 
646.000 1.000 
647.000 1.000 
648.000 1.000 
649.000 1.000 
650.000 1.000 
651.000 1.000 
652.000 1.000 
653.000 1.000 
654.000 1.000 
655.000 1.000 
656.000 1.000 
657.000 1.000 
658.000 1.000 
659.000 1.000 
660.000 1.000 
661.000 1.000 
662.000 1.000 
663.000 1.000 
664.000 1.000 
665.000 1.000 
666.000 1.000 
667.000 1.000 
668.000 1.000 
669.000 1.000 
670.000 1.000 
671.000 1.000 
672.000 1.000 
673.000 1.000 
674.000 1.000 
675.000 1.000 
676.000 1.000 
677.000 1.000 
678.000 1.000 
679.000 1.000 
680.000 1.000 
681.000 1.000 
682.000 1.000 
683.000 1.000 
684.000 1.000 
685.000 1.000 
686.000 1.000 
687.000 1.000 
688.000 1.000 
689.000 1.000 
690.000 1.000 
691.000 1.000 
692.000 1.000 
693.000 1.000 
694.000 1.000 
695.000 1.000 
696.000 1.000 
697.000 1.000 
698.000 1.000 
699.000 1.000 
700.000 1.000 
701.000 1.000 
702.000 1.000 
703.000 1.000 
704.000 1.000 
705.000 1.000 
706.000 1.000 
707.000 1.000 
708.000 1.000 
709.000 1.000 
710.000 1.000 
711.000 1.000 
712.000 1.000 
713.000 1.000 
714.000 1.000 
715.000 1.000 
716.000 1.000 
717.000 1.000 
718.000 1.000 
719.000 1.000 
720.000 1.000 
721.000 1.000 
722.000 1.000 
723.000 1.000 
724.000 1.000 
725.000 1.000 
726.000 1.000 
727.000 1.000 
728.000 1.000 
729.000 1.000 
730.000 1.000 
731.000 1.000 
732.000 1.000 
733.000 1.000 
734.000 1.000 
735.000 1.000 
736.000 1.000 
737.000 1.000 
738.000 1.000 
739.000 1.000 
740.000 1.000 
741.000 1.000 
742.000 1.000 
743.000 1.000 
744.000 1.000 
745.000 1.000 
746.000 1.000 
747.000 1.000 
748.000 1.000 
749.000 1.000 
750.000 1.000 
751.000 1.000 
752.000 1.000 
753.000 1.000 
754.000 1.000 
755.000 1.000 
756.000 1.000 
757.000 1.000 
758.000 1.000 
759.000 1.000 
760.000 1.000 
761.000 1.000 
762.000 1.000 
763.000 1.000 
764.000 1.000 
765.000 1.000 
766.000 1.000 
767.000 1.000 
768.000 1.000 
769.000 1.000 
770.000 1.000 
771.000 1.000 
772.000 1.000 
773.000 1.000 
774.000 1.000 
775.000 1.000 
776.000 1.000 
777.000 1.000 
778.000 1.000 
779.000 1.000 
780.000 1.000 
781.000 1.000 
782.000 1.000 
783.000 1.000 
784.000 1.000 
785.000 1.000 
786.000 1.000 
787.000 1.000 
788.000 1.000 
789.000 1.000 
790.000 1.000 
791.000 1.000 
792.000 1.000 
793.000 1.000 
794.000 1.000 
795.000 1.000 
796.000 1.000 
797.000 1.000 
798.000 1.000 
799.000 1.000 
800.000 1.000 
