1.000 0.000 
2.000 0.000 
3.000 0.000 
4.000 0.000 
5.000 0.000 
6.000 0.000 
7.000 -0.037 
8.000 -0.049 
9.000 -0.049 
10.000 -0.044 
11.000 -0.037 
12.000 -0.030 
13.000 -0.026 
14.000 -0.025 
15.000 -0.029 
16.000 -0.034 
17.000 -0.041 
18.000 -0.047 
19.000 -0.052 
20.000 -0.055 
21.000 -0.056 
22.000 -0.056 
23.000 -0.055 
24.000 -0.055 
25.000 -0.056 
26.000 -0.058 
27.000 -0.061 
28.000 -0.064 
29.000 -0.067 
30.000 -0.069 
31.000 -0.071 
32.000 -0.073 
33.000 -0.074 
34.000 -0.075 
35.000 -0.077 
36.000 -0.078 
37.000 -0.080 
38.000 -0.082 
39.000 -0.084 
40.000 -0.086 
41.000 -0.087 
42.000 -0.089 
43.000 -0.091 
44.000 -0.092 
45.000 -0.094 
46.000 -0.095 
47.000 -0.097 
48.000 -0.098 
49.000 -0.100 
50.000 -0.102 
51.000 -0.103 
52.000 -0.105 
53.000 -0.106 
54.000 -0.108 
55.000 -0.110 
56.000 -0.111 
57.000 -0.112 
58.000 -0.114 
59.000 -0.115 
60.000 -0.117 
61.000 -0.118 
62.000 -0.120 
63.000 -0.121 
64.000 -0.123 
65.000 -0.124 
66.000 -0.126 
67.000 -0.127 
68.000 -0.128 
69.000 -0.130 
70.000 -0.131 
71.000 -0.132 
72.000 -0.134 
73.000 -0.135 
74.000 -0.137 
75.000 -0.138 
76.000 -0.139 
77.000 -0.141 
78.000 -0.142 
79.000 -0.143 
80.000 -0.144 
81.000 -0.146 
82.000 -0.147 
83.000 -0.148 
84.000 -0.150 
85.000 -0.151 
86.000 -0.152 
87.000 -0.153 
88.000 -0.155 
89.000 -0.156 
90.000 -0.157 
91.000 -0.158 
92.000 -0.160 
93.000 -0.161 
94.000 -0.162 
95.000 -0.163 
96.000 -0.164 
97.000 -0.166 
98.000 -0.167 
99.000 -0.168 
100.000 -0.169 
101.000 -0.170 
102.000 -0.171 
103.000 -0.173 
104.000 -0.174 
105.000 -0.175 
106.000 -0.176 
107.000 -0.177 
108.000 -0.178 
109.000 -0.179 
110.000 -0.181 
111.000 -0.182 
112.000 -0.183 
113.000 -0.184 
114.000 -0.185 
115.000 -0.186 
116.000 -0.187 
117.000 -0.188 
118.000 -0.189 
119.000 -0.190 
120.000 -0.192 
121.000 -0.177 
122.000 -0.173 
123.000 -0.174 
124.000 -0.177 
125.000 -0.181 
126.000 -0.185 
127.000 -0.187 
128.000 -0.188 
129.000 -0.187 
130.000 -0.185 
131.000 -0.184 
132.000 -0.182 
133.000 -0.181 
134.000 -0.182 
135.000 -0.182 
136.000 -0.183 
137.000 -0.184 
138.000 -0.184 
139.000 -0.184 
140.000 -0.184 
141.000 -0.184 
142.000 -0.184 
143.000 -0.183 
144.000 -0.183 
145.000 -0.183 
146.000 -0.183 
147.000 -0.184 
148.000 -0.184 
149.000 -0.184 
150.000 -0.184 
151.000 -0.184 
152.000 -0.184 
153.000 -0.184 
154.000 -0.184 
155.000 -0.184 
156.000 -0.184 
157.000 -0.184 
158.000 -0.184 
159.000 -0.184 
160.000 -0.184 
161.000 -0.184 
162.000 -0.184 
163.000 -0.184 
164.000 -0.184 
165.000 -0.184 
166.000 -0.184 
167.000 -0.184 
168.000 -0.184 
169.000 -0.184 
170.000 -0.184 
171.000 -0.184 
172.000 -0.184 
173.000 -0.184 
174.000 -0.184 
175.000 -0.184 
176.000 -0.184 
177.000 -0.184 
178.000 -0.184 
179.000 -0.184 
180.000 -0.184 
181.000 -0.184 
182.000 -0.184 
183.000 -0.184 
184.000 -0.184 
185.000 -0.184 
186.000 -0.184 
187.000 -0.184 
188.000 -0.184 
189.000 -0.184 
190.000 -0.184 
191.000 -0.184 
192.000 -0.184 
193.000 -0.184 
194.000 -0.184 
195.000 -0.184 
196.000 -0.184 
197.000 -0.184 
198.000 -0.184 
199.000 -0.184 
200.000 -0.184 
201.000 -0.184 
202.000 -0.184 
203.000 -0.184 
204.000 -0.184 
205.000 -0.184 
206.000 -0.184 
207.000 -0.184 
208.000 -0.184 
209.000 -0.184 
210.000 -0.184 
211.000 -0.184 
212.000 -0.184 
213.000 -0.184 
214.000 -0.184 
215.000 -0.184 
216.000 -0.184 
217.000 -0.184 
218.000 -0.184 
219.000 -0.184 
220.000 -0.184 
221.000 -0.184 
222.000 -0.185 
223.000 -0.185 
224.000 -0.185 
225.000 -0.185 
226.000 -0.185 
227.000 -0.185 
228.000 -0.185 
229.000 -0.185 
230.000 -0.185 
231.000 -0.185 
232.000 -0.185 
233.000 -0.185 
234.000 -0.185 
235.000 -0.185 
236.000 -0.185 
237.000 -0.185 
238.000 -0.185 
239.000 -0.185 
240.000 -0.185 
241.000 -0.095 
242.000 -0.065 
243.000 -0.065 
244.000 -0.078 
245.000 -0.095 
246.000 -0.110 
247.000 -0.118 
248.000 -0.117 
249.000 -0.108 
250.000 -0.093 
251.000 -0.076 
252.000 -0.062 
253.000 -0.052 
254.000 -0.046 
255.000 -0.044 
256.000 -0.044 
257.000 -0.043 
258.000 -0.042 
259.000 -0.038 
260.000 -0.032 
261.000 -0.025 
262.000 -0.018 
263.000 -0.011 
264.000 -0.005 
265.000 0.001 
266.000 0.005 
267.000 0.008 
268.000 0.012 
269.000 0.015 
270.000 0.019 
271.000 0.024 
272.000 0.028 
273.000 0.033 
274.000 0.038 
275.000 0.043 
276.000 0.047 
277.000 0.051 
278.000 0.055 
279.000 0.058 
280.000 0.062 
281.000 0.065 
282.000 0.069 
283.000 0.072 
284.000 0.076 
285.000 0.080 
286.000 0.083 
287.000 0.086 
288.000 0.090 
289.000 0.093 
290.000 0.096 
291.000 0.099 
292.000 0.102 
293.000 0.104 
294.000 0.107 
295.000 0.110 
296.000 0.113 
297.000 0.115 
298.000 0.118 
299.000 0.121 
300.000 0.123 
301.000 0.125 
302.000 0.128 
303.000 0.130 
304.000 0.132 
305.000 0.134 
306.000 0.136 
307.000 0.138 
308.000 0.140 
309.000 0.142 
310.000 0.144 
311.000 0.146 
312.000 0.147 
313.000 0.149 
314.000 0.151 
315.000 0.152 
316.000 0.154 
317.000 0.155 
318.000 0.157 
319.000 0.158 
320.000 0.159 
321.000 0.161 
322.000 0.162 
323.000 0.163 
324.000 0.165 
325.000 0.166 
326.000 0.167 
327.000 0.168 
328.000 0.169 
329.000 0.170 
330.000 0.171 
331.000 0.172 
332.000 0.173 
333.000 0.174 
334.000 0.175 
335.000 0.175 
336.000 0.176 
337.000 0.177 
338.000 0.178 
339.000 0.179 
340.000 0.179 
341.000 0.180 
342.000 0.181 
343.000 0.181 
344.000 0.182 
345.000 0.182 
346.000 0.183 
347.000 0.184 
348.000 0.184 
349.000 0.185 
350.000 0.185 
351.000 0.186 
352.000 0.186 
353.000 0.187 
354.000 0.187 
355.000 0.187 
356.000 0.188 
357.000 0.188 
358.000 0.189 
359.000 0.189 
360.000 0.189 
361.000 0.358 
362.000 0.414 
363.000 0.414 
364.000 0.390 
365.000 0.359 
366.000 0.324 
367.000 0.292 
368.000 0.270 
369.000 0.261 
370.000 0.267 
371.000 0.286 
372.000 0.314 
373.000 0.345 
374.000 0.374 
375.000 0.395 
376.000 0.406 
377.000 0.406 
378.000 0.398 
379.000 0.385 
380.000 0.369 
381.000 0.356 
382.000 0.347 
383.000 0.344 
384.000 0.347 
385.000 0.355 
386.000 0.367 
387.000 0.381 
388.000 0.393 
389.000 0.403 
390.000 0.408 
391.000 0.408 
392.000 0.405 
393.000 0.399 
394.000 0.391 
395.000 0.384 
396.000 0.379 
397.000 0.377 
398.000 0.377 
399.000 0.380 
400.000 0.386 
401.000 0.392 
402.000 0.398 
403.000 0.403 
404.000 0.406 
405.000 0.406 
406.000 0.405 
407.000 0.402 
408.000 0.399 
409.000 0.395 
410.000 0.392 
411.000 0.390 
412.000 0.390 
413.000 0.391 
414.000 0.393 
415.000 0.396 
416.000 0.399 
417.000 0.402 
418.000 0.403 
419.000 0.404 
420.000 0.404 
421.000 0.402 
422.000 0.401 
423.000 0.399 
424.000 0.397 
425.000 0.396 
426.000 0.395 
427.000 0.396 
428.000 0.397 
429.000 0.398 
430.000 0.399 
431.000 0.401 
432.000 0.402 
433.000 0.402 
434.000 0.402 
435.000 0.402 
436.000 0.401 
437.000 0.400 
438.000 0.399 
439.000 0.398 
440.000 0.398 
441.000 0.398 
442.000 0.398 
443.000 0.399 
444.000 0.400 
445.000 0.400 
446.000 0.401 
447.000 0.401 
448.000 0.401 
449.000 0.401 
450.000 0.401 
451.000 0.400 
452.000 0.400 
453.000 0.399 
454.000 0.399 
455.000 0.399 
456.000 0.399 
457.000 0.399 
458.000 0.400 
459.000 0.400 
460.000 0.400 
461.000 0.401 
462.000 0.401 
463.000 0.401 
464.000 0.400 
465.000 0.400 
466.000 0.400 
467.000 0.400 
468.000 0.400 
469.000 0.400 
470.000 0.400 
471.000 0.400 
472.000 0.400 
473.000 0.400 
474.000 0.400 
475.000 0.400 
476.000 0.400 
477.000 0.400 
478.000 0.400 
479.000 0.400 
480.000 0.400 
481.000 1.000 
482.000 1.000 
483.000 1.000 
484.000 1.000 
485.000 1.000 
486.000 1.000 
487.000 1.000 
488.000 1.000 
489.000 1.000 
490.000 1.000 
491.000 1.000 
492.000 0.717 
493.000 0.560 
494.000 0.514 
495.000 0.527 
496.000 0.566 
497.000 0.637 
498.000 0.740 
499.000 0.859 
500.000 0.970 
501.000 1.000 
502.000 1.000 
503.000 1.000 
504.000 1.000 
505.000 1.000 
506.000 1.000 
507.000 1.000 
508.000 0.928 
509.000 0.822 
510.000 0.757 
511.000 0.719 
512.000 0.701 
513.000 0.701 
514.000 0.717 
515.000 0.746 
516.000 0.784 
517.000 0.825 
518.000 0.863 
519.000 0.892 
520.000 0.908 
521.000 0.908 
522.000 0.895 
523.000 0.872 
524.000 0.841 
525.000 0.809 
526.000 0.778 
527.000 0.754 
528.000 0.738 
529.000 0.731 
530.000 0.735 
531.000 0.748 
532.000 0.768 
533.000 0.791 
534.000 0.814 
535.000 0.835 
536.000 0.849 
537.000 0.856 
538.000 0.854 
539.000 0.846 
540.000 0.832 
541.000 0.815 
542.000 0.797 
543.000 0.782 
544.000 0.770 
545.000 0.763 
546.000 0.762 
547.000 0.766 
548.000 0.774 
549.000 0.786 
550.000 0.798 
551.000 0.811 
552.000 0.821 
553.000 0.827 
554.000 0.830 
555.000 0.828 
556.000 0.822 
557.000 0.814 
558.000 0.805 
559.000 0.796 
560.000 0.788 
561.000 0.782 
562.000 0.779 
563.000 0.779 
564.000 0.782 
565.000 0.788 
566.000 0.794 
567.000 0.801 
568.000 0.808 
569.000 0.812 
570.000 0.815 
571.000 0.816 
572.000 0.814 
573.000 0.811 
574.000 0.806 
575.000 0.801 
576.000 0.796 
577.000 0.792 
578.000 0.790 
579.000 0.789 
580.000 0.789 
581.000 0.791 
582.000 0.794 
583.000 0.798 
584.000 0.802 
585.000 0.805 
586.000 0.807 
587.000 0.808 
588.000 0.808 
589.000 0.807 
590.000 0.805 
591.000 0.802 
592.000 0.800 
593.000 0.797 
594.000 0.795 
595.000 0.794 
596.000 0.794 
597.000 0.794 
598.000 0.796 
599.000 0.798 
600.000 0.800 
601.000 1.000 
602.000 1.000 
603.000 1.000 
604.000 1.000 
605.000 1.000 
606.000 1.000 
607.000 1.000 
608.000 1.000 
609.000 1.000 
610.000 1.000 
611.000 1.000 
612.000 1.000 
613.000 1.000 
614.000 1.000 
615.000 1.000 
616.000 1.000 
617.000 1.000 
618.000 1.000 
619.000 1.000 
620.000 1.000 
621.000 1.000 
622.000 1.000 
623.000 1.000 
624.000 1.000 
625.000 1.000 
626.000 1.000 
627.000 1.000 
628.000 1.000 
629.000 1.000 
630.000 1.000 
631.000 1.000 
632.000 1.000 
633.000 1.000 
634.000 1.000 
635.000 1.000 
636.000 1.000 
637.000 1.000 
638.000 1.000 
639.000 1.000 
640.000 1.000 
641.000 1.000 
642.000 1.000 
643.000 1.000 
644.000 1.000 
645.000 1.000 
646.000 1.000 
647.000 1.000 
648.000 1.000 
649.000 1.000 
650.000 1.000 
651.000 1.000 
652.000 1.000 
653.000 1.000 
654.000 1.000 
655.000 1.000 
656.000 1.000 
657.000 1.000 
658.000 1.000 
659.000 1.000 
660.000 1.000 
661.000 1.000 
662.000 1.000 
663.000 1.000 
664.000 1.000 
665.000 1.000 
666.000 1.000 
667.000 1.000 
668.000 1.000 
669.000 1.000 
670.000 1.000 
671.000 1.000 
672.000 1.000 
673.000 1.000 
674.000 1.000 
675.000 1.000 
676.000 1.000 
677.000 1.000 
678.000 1.000 
679.000 1.000 
680.000 1.000 
681.000 1.000 
682.000 1.000 
683.000 1.000 
684.000 1.000 
685.000 1.000 
686.000 1.000 
687.000 1.000 
688.000 1.000 
689.000 1.000 
690.000 1.000 
691.000 1.000 
692.000 1.000 
693.000 1.000 
694.000 1.000 
695.000 1.000 
696.000 1.000 
697.000 1.000 
698.000 1.000 
699.000 1.000 
700.000 1.000 
701.000 1.000 
702.000 1.000 
703.000 1.000 
704.000 1.000 
705.000 1.000 
706.000 1.000 
707.000 1.000 
708.000 1.000 
709.000 1.000 
710.000 1.000 
711.000 1.000 
712.000 1.000 
713.000 1.000 
714.000 1.000 
715.000 1.000 
716.000 1.000 
717.000 1.000 
718.000 1.000 
719.000 1.000 
720.000 1.000 
721.000 1.000 
722.000 1.000 
723.000 1.000 
724.000 1.000 
725.000 1.000 
726.000 1.000 
727.000 1.000 
728.000 1.000 
729.000 1.000 
730.000 1.000 
731.000 1.000 
732.000 1.000 
733.000 1.000 
734.000 1.000 
735.000 1.000 
736.000 1.000 
737.000 1.000 
738.000 1.000 
739.000 1.000 
740.000 1.000 
741.000 1.000 
742.000 1.000 
743.000 1.000 
744.000 1.000 
745.000 1.000 
746.000 1.000 
747.000 1.000 
748.000 1.000 
749.000 1.000 
750.000 1.000 
751.000 1.000 
752.000 1.000 
753.000 1.000 
754.000 1.000 
755.000 1.000 
756.000 1.000 
757.000 1.000 
758.000 1.000 
759.000 1.000 
760.000 1.000 
761.000 1.000 
762.000 1.000 
763.000 1.000 
764.000 1.000 
765.000 1.000 
766.000 1.000 
767.000 1.000 
768.000 1.000 
769.000 1.000 
770.000 1.000 
771.000 1.000 
772.000 1.000 
773.000 1.000 
774.000 1.000 
775.000 1.000 
776.000 1.000 
777.000 1.000 
778.000 1.000 
779.000 1.000 
780.000 1.000 
781.000 1.000 
782.000 1.000 
783.000 1.000 
784.000 1.000 
785.000 1.000 
786.000 1.000 
787.000 1.000 
788.000 1.000 
789.000 1.000 
790.000 1.000 
791.000 1.000 
792.000 1.000 
793.000 1.000 
794.000 1.000 
795.000 1.000 
796.000 1.000 
797.000 1.000 
798.000 1.000 
799.000 1.000 
800.000 1.000 
