1.000 0.000 
2.000 0.000 
3.000 0.000 
4.000 0.000 
5.000 0.000 
6.000 0.000 
7.000 -0.025 
8.000 -0.036 
9.000 -0.039 
10.000 -0.038 
11.000 -0.035 
12.000 -0.032 
13.000 -0.029 
14.000 -0.028 
15.000 -0.029 
16.000 -0.031 
17.000 -0.035 
18.000 -0.039 
19.000 -0.042 
20.000 -0.046 
21.000 -0.048 
22.000 -0.050 
23.000 -0.051 
24.000 -0.052 
25.000 -0.053 
26.000 -0.054 
27.000 -0.056 
28.000 -0.057 
29.000 -0.059 
30.000 -0.061 
31.000 -0.063 
32.000 -0.065 
33.000 -0.067 
34.000 -0.069 
35.000 -0.070 
36.000 -0.072 
37.000 -0.073 
38.000 -0.075 
39.000 -0.076 
40.000 -0.078 
41.000 -0.080 
42.000 -0.081 
43.000 -0.083 
44.000 -0.084 
45.000 -0.086 
46.000 -0.087 
47.000 -0.089 
48.000 -0.090 
49.000 -0.092 
50.000 -0.093 
51.000 -0.095 
52.000 -0.096 
53.000 -0.098 
54.000 -0.099 
55.000 -0.101 
56.000 -0.102 
57.000 -0.103 
58.000 -0.105 
59.000 -0.106 
60.000 -0.108 
61.000 -0.109 
62.000 -0.110 
63.000 -0.112 
64.000 -0.113 
65.000 -0.114 
66.000 -0.116 
67.000 -0.117 
68.000 -0.118 
69.000 -0.120 
70.000 -0.121 
71.000 -0.122 
72.000 -0.123 
73.000 -0.125 
74.000 -0.126 
75.000 -0.127 
76.000 -0.129 
77.000 -0.130 
78.000 -0.131 
79.000 -0.132 
80.000 -0.134 
81.000 -0.135 
82.000 -0.136 
83.000 -0.137 
84.000 -0.138 
85.000 -0.140 
86.000 -0.141 
87.000 -0.142 
88.000 -0.143 
89.000 -0.144 
90.000 -0.146 
91.000 -0.147 
92.000 -0.148 
93.000 -0.149 
94.000 -0.150 
95.000 -0.151 
96.000 -0.152 
97.000 -0.154 
98.000 -0.155 
99.000 -0.156 
100.000 -0.157 
101.000 -0.158 
102.000 -0.159 
103.000 -0.160 
104.000 -0.161 
105.000 -0.162 
106.000 -0.164 
107.000 -0.165 
108.000 -0.166 
109.000 -0.167 
110.000 -0.168 
111.000 -0.169 
112.000 -0.170 
113.000 -0.171 
114.000 -0.172 
115.000 -0.173 
116.000 -0.174 
117.000 -0.175 
118.000 -0.176 
119.000 -0.177 
120.000 -0.178 
121.000 -0.169 
122.000 -0.165 
123.000 -0.165 
124.000 -0.166 
125.000 -0.168 
126.000 -0.171 
127.000 -0.173 
128.000 -0.174 
129.000 -0.174 
130.000 -0.174 
131.000 -0.173 
132.000 -0.172 
133.000 -0.172 
134.000 -0.171 
135.000 -0.171 
136.000 -0.172 
137.000 -0.172 
138.000 -0.172 
139.000 -0.172 
140.000 -0.173 
141.000 -0.173 
142.000 -0.173 
143.000 -0.173 
144.000 -0.173 
145.000 -0.173 
146.000 -0.173 
147.000 -0.173 
148.000 -0.173 
149.000 -0.173 
150.000 -0.173 
151.000 -0.173 
152.000 -0.173 
153.000 -0.173 
154.000 -0.173 
155.000 -0.173 
156.000 -0.173 
157.000 -0.173 
158.000 -0.173 
159.000 -0.174 
160.000 -0.174 
161.000 -0.174 
162.000 -0.174 
163.000 -0.174 
164.000 -0.174 
165.000 -0.174 
166.000 -0.174 
167.000 -0.174 
168.000 -0.174 
169.000 -0.174 
170.000 -0.174 
171.000 -0.174 
172.000 -0.174 
173.000 -0.174 
174.000 -0.174 
175.000 -0.174 
176.000 -0.174 
177.000 -0.174 
178.000 -0.175 
179.000 -0.175 
180.000 -0.175 
181.000 -0.175 
182.000 -0.175 
183.000 -0.175 
184.000 -0.175 
185.000 -0.175 
186.000 -0.175 
187.000 -0.175 
188.000 -0.175 
189.000 -0.175 
190.000 -0.175 
191.000 -0.175 
192.000 -0.175 
193.000 -0.175 
194.000 -0.175 
195.000 -0.175 
196.000 -0.175 
197.000 -0.175 
198.000 -0.175 
199.000 -0.176 
200.000 -0.176 
201.000 -0.176 
202.000 -0.176 
203.000 -0.176 
204.000 -0.176 
205.000 -0.176 
206.000 -0.176 
207.000 -0.176 
208.000 -0.176 
209.000 -0.176 
210.000 -0.176 
211.000 -0.176 
212.000 -0.176 
213.000 -0.176 
214.000 -0.176 
215.000 -0.176 
216.000 -0.176 
217.000 -0.176 
218.000 -0.176 
219.000 -0.176 
220.000 -0.176 
221.000 -0.176 
222.000 -0.176 
223.000 -0.177 
224.000 -0.177 
225.000 -0.177 
226.000 -0.177 
227.000 -0.177 
228.000 -0.177 
229.000 -0.177 
230.000 -0.177 
231.000 -0.177 
232.000 -0.177 
233.000 -0.177 
234.000 -0.177 
235.000 -0.177 
236.000 -0.177 
237.000 -0.177 
238.000 -0.177 
239.000 -0.177 
240.000 -0.177 
241.000 -0.116 
242.000 -0.090 
243.000 -0.084 
244.000 -0.086 
245.000 -0.092 
246.000 -0.100 
247.000 -0.105 
248.000 -0.106 
249.000 -0.103 
250.000 -0.096 
251.000 -0.087 
252.000 -0.077 
253.000 -0.069 
254.000 -0.061 
255.000 -0.055 
256.000 -0.051 
257.000 -0.047 
258.000 -0.044 
259.000 -0.041 
260.000 -0.037 
261.000 -0.033 
262.000 -0.029 
263.000 -0.024 
264.000 -0.018 
265.000 -0.013 
266.000 -0.008 
267.000 -0.004 
268.000 0.001 
269.000 0.005 
270.000 0.009 
271.000 0.013 
272.000 0.016 
273.000 0.020 
274.000 0.024 
275.000 0.028 
276.000 0.032 
277.000 0.036 
278.000 0.040 
279.000 0.044 
280.000 0.048 
281.000 0.051 
282.000 0.055 
283.000 0.058 
284.000 0.062 
285.000 0.065 
286.000 0.068 
287.000 0.072 
288.000 0.075 
289.000 0.078 
290.000 0.081 
291.000 0.084 
292.000 0.087 
293.000 0.090 
294.000 0.093 
295.000 0.096 
296.000 0.098 
297.000 0.101 
298.000 0.104 
299.000 0.106 
300.000 0.109 
301.000 0.111 
302.000 0.114 
303.000 0.116 
304.000 0.118 
305.000 0.121 
306.000 0.123 
307.000 0.125 
308.000 0.127 
309.000 0.129 
310.000 0.131 
311.000 0.133 
312.000 0.135 
313.000 0.137 
314.000 0.139 
315.000 0.141 
316.000 0.142 
317.000 0.144 
318.000 0.146 
319.000 0.147 
320.000 0.149 
321.000 0.150 
322.000 0.152 
323.000 0.153 
324.000 0.154 
325.000 0.156 
326.000 0.157 
327.000 0.158 
328.000 0.160 
329.000 0.161 
330.000 0.162 
331.000 0.163 
332.000 0.164 
333.000 0.165 
334.000 0.166 
335.000 0.167 
336.000 0.168 
337.000 0.169 
338.000 0.170 
339.000 0.171 
340.000 0.172 
341.000 0.173 
342.000 0.174 
343.000 0.175 
344.000 0.175 
345.000 0.176 
346.000 0.177 
347.000 0.177 
348.000 0.178 
349.000 0.179 
350.000 0.179 
351.000 0.180 
352.000 0.181 
353.000 0.181 
354.000 0.182 
355.000 0.182 
356.000 0.183 
357.000 0.183 
358.000 0.184 
359.000 0.184 
360.000 0.185 
361.000 0.300 
362.000 0.348 
363.000 0.361 
364.000 0.357 
365.000 0.346 
366.000 0.329 
367.000 0.312 
368.000 0.297 
369.000 0.288 
370.000 0.286 
371.000 0.291 
372.000 0.301 
373.000 0.316 
374.000 0.332 
375.000 0.348 
376.000 0.362 
377.000 0.371 
378.000 0.376 
379.000 0.378 
380.000 0.376 
381.000 0.372 
382.000 0.368 
383.000 0.364 
384.000 0.362 
385.000 0.361 
386.000 0.362 
387.000 0.365 
388.000 0.370 
389.000 0.375 
390.000 0.380 
391.000 0.385 
392.000 0.389 
393.000 0.391 
394.000 0.392 
395.000 0.393 
396.000 0.392 
397.000 0.390 
398.000 0.389 
399.000 0.388 
400.000 0.387 
401.000 0.387 
402.000 0.388 
403.000 0.389 
404.000 0.391 
405.000 0.393 
406.000 0.394 
407.000 0.396 
408.000 0.397 
409.000 0.398 
410.000 0.398 
411.000 0.398 
412.000 0.397 
413.000 0.397 
414.000 0.396 
415.000 0.396 
416.000 0.396 
417.000 0.396 
418.000 0.396 
419.000 0.397 
420.000 0.397 
421.000 0.398 
422.000 0.398 
423.000 0.399 
424.000 0.399 
425.000 0.399 
426.000 0.399 
427.000 0.399 
428.000 0.399 
429.000 0.399 
430.000 0.399 
431.000 0.399 
432.000 0.399 
433.000 0.399 
434.000 0.399 
435.000 0.399 
436.000 0.399 
437.000 0.399 
438.000 0.400 
439.000 0.400 
440.000 0.400 
441.000 0.400 
442.000 0.400 
443.000 0.400 
444.000 0.400 
445.000 0.400 
446.000 0.400 
447.000 0.400 
448.000 0.400 
449.000 0.400 
450.000 0.400 
451.000 0.400 
452.000 0.400 
453.000 0.400 
454.000 0.400 
455.000 0.400 
456.000 0.400 
457.000 0.400 
458.000 0.400 
459.000 0.400 
460.000 0.400 
461.000 0.400 
462.000 0.400 
463.000 0.400 
464.000 0.400 
465.000 0.400 
466.000 0.400 
467.000 0.400 
468.000 0.400 
469.000 0.400 
470.000 0.400 
471.000 0.400 
472.000 0.400 
473.000 0.400 
474.000 0.400 
475.000 0.400 
476.000 0.400 
477.000 0.400 
478.000 0.400 
479.000 0.400 
480.000 0.400 
481.000 0.883 
482.000 1.000 
483.000 1.000 
484.000 1.000 
485.000 1.000 
486.000 1.000 
487.000 1.000 
488.000 1.000 
489.000 0.960 
490.000 0.861 
491.000 0.796 
492.000 0.755 
493.000 0.731 
494.000 0.720 
495.000 0.721 
496.000 0.731 
497.000 0.749 
498.000 0.773 
499.000 0.800 
500.000 0.826 
501.000 0.848 
502.000 0.864 
503.000 0.872 
504.000 0.873 
505.000 0.866 
506.000 0.854 
507.000 0.838 
508.000 0.819 
509.000 0.801 
510.000 0.785 
511.000 0.773 
512.000 0.765 
513.000 0.761 
514.000 0.762 
515.000 0.767 
516.000 0.776 
517.000 0.786 
518.000 0.798 
519.000 0.808 
520.000 0.817 
521.000 0.823 
522.000 0.826 
523.000 0.826 
524.000 0.823 
525.000 0.818 
526.000 0.812 
527.000 0.805 
528.000 0.798 
529.000 0.792 
530.000 0.788 
531.000 0.785 
532.000 0.784 
533.000 0.785 
534.000 0.787 
535.000 0.791 
536.000 0.795 
537.000 0.800 
538.000 0.804 
539.000 0.807 
540.000 0.809 
541.000 0.810 
542.000 0.810 
543.000 0.809 
544.000 0.807 
545.000 0.804 
546.000 0.801 
547.000 0.799 
548.000 0.796 
549.000 0.795 
550.000 0.794 
551.000 0.794 
552.000 0.794 
553.000 0.795 
554.000 0.797 
555.000 0.799 
556.000 0.800 
557.000 0.802 
558.000 0.803 
559.000 0.804 
560.000 0.804 
561.000 0.804 
562.000 0.803 
563.000 0.802 
564.000 0.801 
565.000 0.800 
566.000 0.799 
567.000 0.798 
568.000 0.798 
569.000 0.798 
570.000 0.798 
571.000 0.798 
572.000 0.798 
573.000 0.799 
574.000 0.800 
575.000 0.800 
576.000 0.801 
577.000 0.801 
578.000 0.801 
579.000 0.802 
580.000 0.801 
581.000 0.801 
582.000 0.801 
583.000 0.800 
584.000 0.800 
585.000 0.800 
586.000 0.799 
587.000 0.799 
588.000 0.799 
589.000 0.799 
590.000 0.799 
591.000 0.799 
592.000 0.800 
593.000 0.800 
594.000 0.800 
595.000 0.800 
596.000 0.801 
597.000 0.801 
598.000 0.801 
599.000 0.801 
600.000 0.800 
601.000 1.000 
602.000 1.000 
603.000 1.000 
604.000 1.000 
605.000 1.000 
606.000 1.000 
607.000 1.000 
608.000 1.000 
609.000 1.000 
610.000 1.000 
611.000 1.000 
612.000 1.000 
613.000 1.000 
614.000 1.000 
615.000 1.000 
616.000 1.000 
617.000 1.000 
618.000 1.000 
619.000 1.000 
620.000 1.000 
621.000 1.000 
622.000 1.000 
623.000 1.000 
624.000 1.000 
625.000 1.000 
626.000 1.000 
627.000 1.000 
628.000 1.000 
629.000 1.000 
630.000 1.000 
631.000 1.000 
632.000 1.000 
633.000 1.000 
634.000 1.000 
635.000 1.000 
636.000 1.000 
637.000 1.000 
638.000 1.000 
639.000 1.000 
640.000 1.000 
641.000 1.000 
642.000 1.000 
643.000 1.000 
644.000 1.000 
645.000 1.000 
646.000 1.000 
647.000 1.000 
648.000 1.000 
649.000 1.000 
650.000 1.000 
651.000 1.000 
652.000 1.000 
653.000 1.000 
654.000 1.000 
655.000 1.000 
656.000 1.000 
657.000 1.000 
658.000 1.000 
659.000 1.000 
660.000 1.000 
661.000 1.000 
662.000 1.000 
663.000 1.000 
664.000 1.000 
665.000 1.000 
666.000 1.000 
667.000 1.000 
668.000 1.000 
669.000 1.000 
670.000 1.000 
671.000 1.000 
672.000 1.000 
673.000 1.000 
674.000 1.000 
675.000 1.000 
676.000 1.000 
677.000 1.000 
678.000 1.000 
679.000 1.000 
680.000 1.000 
681.000 1.000 
682.000 1.000 
683.000 1.000 
684.000 1.000 
685.000 1.000 
686.000 1.000 
687.000 1.000 
688.000 1.000 
689.000 1.000 
690.000 1.000 
691.000 1.000 
692.000 1.000 
693.000 1.000 
694.000 1.000 
695.000 1.000 
696.000 1.000 
697.000 1.000 
698.000 1.000 
699.000 1.000 
700.000 1.000 
701.000 1.000 
702.000 1.000 
703.000 1.000 
704.000 1.000 
705.000 1.000 
706.000 1.000 
707.000 1.000 
708.000 1.000 
709.000 1.000 
710.000 1.000 
711.000 1.000 
712.000 1.000 
713.000 1.000 
714.000 1.000 
715.000 1.000 
716.000 1.000 
717.000 1.000 
718.000 1.000 
719.000 1.000 
720.000 1.000 
721.000 1.000 
722.000 1.000 
723.000 1.000 
724.000 1.000 
725.000 1.000 
726.000 1.000 
727.000 1.000 
728.000 1.000 
729.000 1.000 
730.000 1.000 
731.000 1.000 
732.000 1.000 
733.000 1.000 
734.000 1.000 
735.000 1.000 
736.000 1.000 
737.000 1.000 
738.000 1.000 
739.000 1.000 
740.000 1.000 
741.000 1.000 
742.000 1.000 
743.000 1.000 
744.000 1.000 
745.000 1.000 
746.000 1.000 
747.000 1.000 
748.000 1.000 
749.000 1.000 
750.000 1.000 
751.000 1.000 
752.000 1.000 
753.000 1.000 
754.000 1.000 
755.000 1.000 
756.000 1.000 
757.000 1.000 
758.000 1.000 
759.000 1.000 
760.000 1.000 
761.000 1.000 
762.000 1.000 
763.000 1.000 
764.000 1.000 
765.000 1.000 
766.000 1.000 
767.000 1.000 
768.000 1.000 
769.000 1.000 
770.000 1.000 
771.000 1.000 
772.000 1.000 
773.000 1.000 
774.000 1.000 
775.000 1.000 
776.000 1.000 
777.000 1.000 
778.000 1.000 
779.000 1.000 
780.000 1.000 
781.000 1.000 
782.000 1.000 
783.000 1.000 
784.000 1.000 
785.000 1.000 
786.000 1.000 
787.000 1.000 
788.000 1.000 
789.000 1.000 
790.000 1.000 
791.000 1.000 
792.000 1.000 
793.000 1.000 
794.000 1.000 
795.000 1.000 
796.000 1.000 
797.000 1.000 
798.000 1.000 
799.000 1.000 
800.000 1.000 
