1.000 0.000 
2.000 0.000 
3.000 0.000 
4.000 0.000 
5.000 0.000 
6.000 0.000 
7.000 -0.005 
8.000 -0.009 
9.000 -0.012 
10.000 -0.015 
11.000 -0.017 
12.000 -0.019 
13.000 -0.021 
14.000 -0.022 
15.000 -0.023 
16.000 -0.024 
17.000 -0.025 
18.000 -0.026 
19.000 -0.027 
20.000 -0.028 
21.000 -0.029 
22.000 -0.030 
23.000 -0.031 
24.000 -0.033 
25.000 -0.034 
26.000 -0.035 
27.000 -0.037 
28.000 -0.038 
29.000 -0.040 
30.000 -0.041 
31.000 -0.042 
32.000 -0.044 
33.000 -0.045 
34.000 -0.046 
35.000 -0.047 
36.000 -0.048 
37.000 -0.050 
38.000 -0.051 
39.000 -0.052 
40.000 -0.053 
41.000 -0.054 
42.000 -0.056 
43.000 -0.057 
44.000 -0.058 
45.000 -0.059 
46.000 -0.060 
47.000 -0.061 
48.000 -0.063 
49.000 -0.064 
50.000 -0.065 
51.000 -0.066 
52.000 -0.067 
53.000 -0.068 
54.000 -0.069 
55.000 -0.070 
56.000 -0.072 
57.000 -0.073 
58.000 -0.074 
59.000 -0.075 
60.000 -0.076 
61.000 -0.077 
62.000 -0.078 
63.000 -0.079 
64.000 -0.080 
65.000 -0.081 
66.000 -0.082 
67.000 -0.083 
68.000 -0.084 
69.000 -0.085 
70.000 -0.086 
71.000 -0.087 
72.000 -0.088 
73.000 -0.089 
74.000 -0.090 
75.000 -0.091 
76.000 -0.092 
77.000 -0.093 
78.000 -0.094 
79.000 -0.095 
80.000 -0.096 
81.000 -0.097 
82.000 -0.098 
83.000 -0.099 
84.000 -0.100 
85.000 -0.101 
86.000 -0.102 
87.000 -0.103 
88.000 -0.104 
89.000 -0.105 
90.000 -0.106 
91.000 -0.107 
92.000 -0.108 
93.000 -0.109 
94.000 -0.110 
95.000 -0.110 
96.000 -0.111 
97.000 -0.112 
98.000 -0.113 
99.000 -0.114 
100.000 -0.115 
101.000 -0.116 
102.000 -0.117 
103.000 -0.118 
104.000 -0.119 
105.000 -0.119 
106.000 -0.120 
107.000 -0.121 
108.000 -0.122 
109.000 -0.123 
110.000 -0.124 
111.000 -0.125 
112.000 -0.125 
113.000 -0.126 
114.000 -0.127 
115.000 -0.128 
116.000 -0.129 
117.000 -0.130 
118.000 -0.131 
119.000 -0.131 
120.000 -0.132 
121.000 -0.131 
122.000 -0.130 
123.000 -0.130 
124.000 -0.129 
125.000 -0.129 
126.000 -0.129 
127.000 -0.129 
128.000 -0.129 
129.000 -0.130 
130.000 -0.130 
131.000 -0.130 
132.000 -0.131 
133.000 -0.131 
134.000 -0.131 
135.000 -0.132 
136.000 -0.132 
137.000 -0.132 
138.000 -0.132 
139.000 -0.132 
140.000 -0.132 
141.000 -0.133 
142.000 -0.133 
143.000 -0.133 
144.000 -0.133 
145.000 -0.133 
146.000 -0.133 
147.000 -0.133 
148.000 -0.134 
149.000 -0.134 
150.000 -0.134 
151.000 -0.134 
152.000 -0.134 
153.000 -0.134 
154.000 -0.135 
155.000 -0.135 
156.000 -0.135 
157.000 -0.135 
158.000 -0.135 
159.000 -0.135 
160.000 -0.136 
161.000 -0.136 
162.000 -0.136 
163.000 -0.136 
164.000 -0.136 
165.000 -0.136 
166.000 -0.136 
167.000 -0.137 
168.000 -0.137 
169.000 -0.137 
170.000 -0.137 
171.000 -0.137 
172.000 -0.137 
173.000 -0.138 
174.000 -0.138 
175.000 -0.138 
176.000 -0.138 
177.000 -0.138 
178.000 -0.138 
179.000 -0.138 
180.000 -0.139 
181.000 -0.139 
182.000 -0.139 
183.000 -0.139 
184.000 -0.139 
185.000 -0.139 
186.000 -0.139 
187.000 -0.140 
188.000 -0.140 
189.000 -0.140 
190.000 -0.140 
191.000 -0.140 
192.000 -0.140 
193.000 -0.140 
194.000 -0.141 
195.000 -0.141 
196.000 -0.141 
197.000 -0.141 
198.000 -0.141 
199.000 -0.141 
200.000 -0.141 
201.000 -0.141 
202.000 -0.142 
203.000 -0.142 
204.000 -0.142 
205.000 -0.142 
206.000 -0.142 
207.000 -0.142 
208.000 -0.142 
209.000 -0.143 
210.000 -0.143 
211.000 -0.143 
212.000 -0.143 
213.000 -0.143 
214.000 -0.143 
215.000 -0.143 
216.000 -0.143 
217.000 -0.144 
218.000 -0.144 
219.000 -0.144 
220.000 -0.144 
221.000 -0.144 
222.000 -0.144 
223.000 -0.144 
224.000 -0.144 
225.000 -0.145 
226.000 -0.145 
227.000 -0.145 
228.000 -0.145 
229.000 -0.145 
230.000 -0.145 
231.000 -0.145 
232.000 -0.145 
233.000 -0.146 
234.000 -0.146 
235.000 -0.146 
236.000 -0.146 
237.000 -0.146 
238.000 -0.146 
239.000 -0.146 
240.000 -0.146 
241.000 -0.135 
242.000 -0.126 
243.000 -0.118 
244.000 -0.111 
245.000 -0.105 
246.000 -0.101 
247.000 -0.097 
248.000 -0.094 
249.000 -0.091 
250.000 -0.089 
251.000 -0.086 
252.000 -0.084 
253.000 -0.081 
254.000 -0.079 
255.000 -0.076 
256.000 -0.073 
257.000 -0.070 
258.000 -0.066 
259.000 -0.063 
260.000 -0.059 
261.000 -0.056 
262.000 -0.052 
263.000 -0.049 
264.000 -0.046 
265.000 -0.042 
266.000 -0.039 
267.000 -0.036 
268.000 -0.033 
269.000 -0.030 
270.000 -0.027 
271.000 -0.024 
272.000 -0.021 
273.000 -0.018 
274.000 -0.015 
275.000 -0.012 
276.000 -0.009 
277.000 -0.006 
278.000 -0.003 
279.000 0.000 
280.000 0.003 
281.000 0.006 
282.000 0.009 
283.000 0.012 
284.000 0.014 
285.000 0.017 
286.000 0.020 
287.000 0.023 
288.000 0.025 
289.000 0.028 
290.000 0.031 
291.000 0.033 
292.000 0.036 
293.000 0.039 
294.000 0.041 
295.000 0.044 
296.000 0.046 
297.000 0.049 
298.000 0.051 
299.000 0.054 
300.000 0.056 
301.000 0.058 
302.000 0.061 
303.000 0.063 
304.000 0.065 
305.000 0.068 
306.000 0.070 
307.000 0.072 
308.000 0.074 
309.000 0.076 
310.000 0.079 
311.000 0.081 
312.000 0.083 
313.000 0.085 
314.000 0.087 
315.000 0.089 
316.000 0.091 
317.000 0.093 
318.000 0.095 
319.000 0.097 
320.000 0.099 
321.000 0.100 
322.000 0.102 
323.000 0.104 
324.000 0.106 
325.000 0.108 
326.000 0.109 
327.000 0.111 
328.000 0.113 
329.000 0.114 
330.000 0.116 
331.000 0.118 
332.000 0.119 
333.000 0.121 
334.000 0.122 
335.000 0.124 
336.000 0.125 
337.000 0.127 
338.000 0.128 
339.000 0.129 
340.000 0.131 
341.000 0.132 
342.000 0.134 
343.000 0.135 
344.000 0.136 
345.000 0.137 
346.000 0.139 
347.000 0.140 
348.000 0.141 
349.000 0.142 
350.000 0.143 
351.000 0.145 
352.000 0.146 
353.000 0.147 
354.000 0.148 
355.000 0.149 
356.000 0.150 
357.000 0.151 
358.000 0.152 
359.000 0.153 
360.000 0.154 
361.000 0.176 
362.000 0.195 
363.000 0.211 
364.000 0.225 
365.000 0.236 
366.000 0.246 
367.000 0.254 
368.000 0.260 
369.000 0.265 
370.000 0.269 
371.000 0.272 
372.000 0.276 
373.000 0.279 
374.000 0.282 
375.000 0.285 
376.000 0.289 
377.000 0.292 
378.000 0.297 
379.000 0.301 
380.000 0.306 
381.000 0.310 
382.000 0.315 
383.000 0.319 
384.000 0.324 
385.000 0.328 
386.000 0.332 
387.000 0.335 
388.000 0.339 
389.000 0.342 
390.000 0.345 
391.000 0.348 
392.000 0.350 
393.000 0.352 
394.000 0.354 
395.000 0.356 
396.000 0.358 
397.000 0.360 
398.000 0.362 
399.000 0.364 
400.000 0.366 
401.000 0.367 
402.000 0.369 
403.000 0.371 
404.000 0.372 
405.000 0.374 
406.000 0.375 
407.000 0.376 
408.000 0.378 
409.000 0.379 
410.000 0.380 
411.000 0.381 
412.000 0.382 
413.000 0.383 
414.000 0.384 
415.000 0.385 
416.000 0.385 
417.000 0.386 
418.000 0.387 
419.000 0.388 
420.000 0.388 
421.000 0.389 
422.000 0.389 
423.000 0.390 
424.000 0.390 
425.000 0.391 
426.000 0.391 
427.000 0.392 
428.000 0.392 
429.000 0.393 
430.000 0.393 
431.000 0.394 
432.000 0.394 
433.000 0.394 
434.000 0.395 
435.000 0.395 
436.000 0.395 
437.000 0.395 
438.000 0.396 
439.000 0.396 
440.000 0.396 
441.000 0.396 
442.000 0.396 
443.000 0.397 
444.000 0.397 
445.000 0.397 
446.000 0.397 
447.000 0.397 
448.000 0.397 
449.000 0.398 
450.000 0.398 
451.000 0.398 
452.000 0.398 
453.000 0.398 
454.000 0.398 
455.000 0.398 
456.000 0.398 
457.000 0.398 
458.000 0.399 
459.000 0.399 
460.000 0.399 
461.000 0.399 
462.000 0.399 
463.000 0.399 
464.000 0.399 
465.000 0.399 
466.000 0.399 
467.000 0.399 
468.000 0.399 
469.000 0.399 
470.000 0.399 
471.000 0.399 
472.000 0.399 
473.000 0.399 
474.000 0.399 
475.000 0.399 
476.000 0.399 
477.000 0.399 
478.000 0.400 
479.000 0.400 
480.000 0.400 
481.000 0.488 
482.000 0.563 
483.000 0.628 
484.000 0.683 
485.000 0.728 
486.000 0.764 
487.000 0.793 
488.000 0.813 
489.000 0.827 
490.000 0.834 
491.000 0.837 
492.000 0.836 
493.000 0.831 
494.000 0.824 
495.000 0.816 
496.000 0.807 
497.000 0.798 
498.000 0.790 
499.000 0.782 
500.000 0.775 
501.000 0.770 
502.000 0.766 
503.000 0.764 
504.000 0.764 
505.000 0.765 
506.000 0.768 
507.000 0.771 
508.000 0.776 
509.000 0.781 
510.000 0.786 
511.000 0.791 
512.000 0.796 
513.000 0.801 
514.000 0.805 
515.000 0.809 
516.000 0.811 
517.000 0.813 
518.000 0.814 
519.000 0.814 
520.000 0.814 
521.000 0.813 
522.000 0.811 
523.000 0.810 
524.000 0.807 
525.000 0.805 
526.000 0.803 
527.000 0.801 
528.000 0.799 
529.000 0.797 
530.000 0.796 
531.000 0.795 
532.000 0.794 
533.000 0.794 
534.000 0.794 
535.000 0.794 
536.000 0.794 
537.000 0.795 
538.000 0.796 
539.000 0.797 
540.000 0.798 
541.000 0.799 
542.000 0.800 
543.000 0.801 
544.000 0.802 
545.000 0.802 
546.000 0.802 
547.000 0.803 
548.000 0.803 
549.000 0.803 
550.000 0.803 
551.000 0.802 
552.000 0.802 
553.000 0.802 
554.000 0.801 
555.000 0.801 
556.000 0.800 
557.000 0.800 
558.000 0.800 
559.000 0.799 
560.000 0.799 
561.000 0.799 
562.000 0.799 
563.000 0.799 
564.000 0.799 
565.000 0.799 
566.000 0.799 
567.000 0.799 
568.000 0.799 
569.000 0.800 
570.000 0.800 
571.000 0.800 
572.000 0.800 
573.000 0.800 
574.000 0.800 
575.000 0.800 
576.000 0.801 
577.000 0.801 
578.000 0.801 
579.000 0.801 
580.000 0.800 
581.000 0.800 
582.000 0.800 
583.000 0.800 
584.000 0.800 
585.000 0.800 
586.000 0.800 
587.000 0.800 
588.000 0.800 
589.000 0.800 
590.000 0.800 
591.000 0.800 
592.000 0.800 
593.000 0.800 
594.000 0.800 
595.000 0.800 
596.000 0.800 
597.000 0.800 
598.000 0.800 
599.000 0.800 
600.000 0.800 
601.000 0.866 
602.000 0.923 
603.000 0.972 
604.000 1.000 
605.000 1.000 
606.000 1.000 
607.000 1.000 
608.000 1.000 
609.000 1.000 
610.000 1.000 
611.000 1.000 
612.000 1.000 
613.000 1.000 
614.000 1.000 
615.000 1.000 
616.000 1.000 
617.000 1.000 
618.000 1.000 
619.000 1.000 
620.000 1.000 
621.000 1.000 
622.000 1.000 
623.000 1.000 
624.000 1.000 
625.000 1.000 
626.000 1.000 
627.000 1.000 
628.000 1.000 
629.000 1.000 
630.000 1.000 
631.000 1.000 
632.000 1.000 
633.000 1.000 
634.000 1.000 
635.000 1.000 
636.000 1.000 
637.000 1.000 
638.000 1.000 
639.000 1.000 
640.000 1.000 
641.000 1.000 
642.000 1.000 
643.000 1.000 
644.000 1.000 
645.000 1.000 
646.000 1.000 
647.000 1.000 
648.000 1.000 
649.000 1.000 
650.000 1.000 
651.000 1.000 
652.000 1.000 
653.000 1.000 
654.000 1.000 
655.000 1.000 
656.000 1.000 
657.000 1.000 
658.000 1.000 
659.000 1.000 
660.000 1.000 
661.000 1.000 
662.000 1.000 
663.000 1.000 
664.000 1.000 
665.000 1.000 
666.000 1.000 
667.000 1.000 
668.000 1.000 
669.000 1.000 
670.000 1.000 
671.000 1.000 
672.000 1.000 
673.000 1.000 
674.000 1.000 
675.000 1.000 
676.000 1.000 
677.000 1.000 
678.000 1.000 
679.000 1.000 
680.000 1.000 
681.000 1.000 
682.000 1.000 
683.000 1.000 
684.000 1.000 
685.000 1.000 
686.000 1.000 
687.000 1.000 
688.000 1.000 
689.000 1.000 
690.000 1.000 
691.000 1.000 
692.000 1.000 
693.000 1.000 
694.000 1.000 
695.000 1.000 
696.000 1.000 
697.000 1.000 
698.000 1.000 
699.000 1.000 
700.000 1.000 
701.000 1.000 
702.000 1.000 
703.000 1.000 
704.000 1.000 
705.000 1.000 
706.000 1.000 
707.000 1.000 
708.000 1.000 
709.000 1.000 
710.000 1.000 
711.000 1.000 
712.000 1.000 
713.000 1.000 
714.000 1.000 
715.000 1.000 
716.000 1.000 
717.000 1.000 
718.000 1.000 
719.000 1.000 
720.000 1.000 
721.000 1.000 
722.000 1.000 
723.000 1.000 
724.000 1.000 
725.000 1.000 
726.000 1.000 
727.000 1.000 
728.000 1.000 
729.000 1.000 
730.000 1.000 
731.000 1.000 
732.000 1.000 
733.000 1.000 
734.000 1.000 
735.000 1.000 
736.000 1.000 
737.000 1.000 
738.000 1.000 
739.000 1.000 
740.000 1.000 
741.000 1.000 
742.000 1.000 
743.000 1.000 
744.000 1.000 
745.000 1.000 
746.000 1.000 
747.000 1.000 
748.000 1.000 
749.000 1.000 
750.000 1.000 
751.000 1.000 
752.000 1.000 
753.000 1.000 
754.000 1.000 
755.000 1.000 
756.000 1.000 
757.000 1.000 
758.000 1.000 
759.000 1.000 
760.000 1.000 
761.000 1.000 
762.000 1.000 
763.000 1.000 
764.000 1.000 
765.000 1.000 
766.000 1.000 
767.000 1.000 
768.000 1.000 
769.000 1.000 
770.000 1.000 
771.000 1.000 
772.000 1.000 
773.000 1.000 
774.000 1.000 
775.000 1.000 
776.000 1.000 
777.000 1.000 
778.000 1.000 
779.000 1.000 
780.000 1.000 
781.000 1.000 
782.000 1.000 
783.000 1.000 
784.000 1.000 
785.000 1.000 
786.000 1.000 
787.000 1.000 
788.000 1.000 
789.000 1.000 
790.000 1.000 
791.000 1.000 
792.000 1.000 
793.000 1.000 
794.000 1.000 
795.000 1.000 
796.000 1.000 
797.000 1.000 
798.000 1.000 
799.000 1.000 
800.000 1.000 
