1.000 0.000 
2.000 0.000 
3.000 0.000 
4.000 0.000 
5.000 0.000 
6.000 0.000 
7.000 -0.023 
8.000 -0.036 
9.000 -0.042 
10.000 -0.044 
11.000 -0.042 
12.000 -0.038 
13.000 -0.034 
14.000 -0.030 
15.000 -0.029 
16.000 -0.030 
17.000 -0.033 
18.000 -0.038 
19.000 -0.043 
20.000 -0.048 
21.000 -0.052 
22.000 -0.055 
23.000 -0.057 
24.000 -0.058 
25.000 -0.058 
26.000 -0.058 
27.000 -0.059 
28.000 -0.060 
29.000 -0.061 
30.000 -0.063 
31.000 -0.066 
32.000 -0.068 
33.000 -0.071 
34.000 -0.073 
35.000 -0.075 
36.000 -0.077 
37.000 -0.078 
38.000 -0.079 
39.000 -0.081 
40.000 -0.082 
41.000 -0.083 
42.000 -0.085 
43.000 -0.087 
44.000 -0.088 
45.000 -0.090 
46.000 -0.092 
47.000 -0.094 
48.000 -0.095 
49.000 -0.097 
50.000 -0.098 
51.000 -0.100 
52.000 -0.101 
53.000 -0.103 
54.000 -0.104 
55.000 -0.105 
56.000 -0.107 
57.000 -0.108 
58.000 -0.110 
59.000 -0.111 
60.000 -0.113 
61.000 -0.114 
62.000 -0.116 
63.000 -0.117 
64.000 -0.118 
65.000 -0.120 
66.000 -0.121 
67.000 -0.123 
68.000 -0.124 
69.000 -0.125 
70.000 -0.127 
71.000 -0.128 
72.000 -0.129 
73.000 -0.131 
74.000 -0.132 
75.000 -0.133 
76.000 -0.135 
77.000 -0.136 
78.000 -0.137 
79.000 -0.138 
80.000 -0.140 
81.000 -0.141 
82.000 -0.142 
83.000 -0.144 
84.000 -0.145 
85.000 -0.146 
86.000 -0.147 
87.000 -0.148 
88.000 -0.150 
89.000 -0.151 
90.000 -0.152 
91.000 -0.153 
92.000 -0.155 
93.000 -0.156 
94.000 -0.157 
95.000 -0.158 
96.000 -0.159 
97.000 -0.160 
98.000 -0.162 
99.000 -0.163 
100.000 -0.164 
101.000 -0.165 
102.000 -0.166 
103.000 -0.167 
104.000 -0.168 
105.000 -0.170 
106.000 -0.171 
107.000 -0.172 
108.000 -0.173 
109.000 -0.174 
110.000 -0.175 
111.000 -0.176 
112.000 -0.177 
113.000 -0.178 
114.000 -0.180 
115.000 -0.181 
116.000 -0.182 
117.000 -0.183 
118.000 -0.184 
119.000 -0.185 
120.000 -0.186 
121.000 -0.177 
122.000 -0.173 
123.000 -0.171 
124.000 -0.171 
125.000 -0.173 
126.000 -0.176 
127.000 -0.178 
128.000 -0.181 
129.000 -0.182 
130.000 -0.182 
131.000 -0.181 
132.000 -0.180 
133.000 -0.179 
134.000 -0.178 
135.000 -0.177 
136.000 -0.177 
137.000 -0.178 
138.000 -0.178 
139.000 -0.179 
140.000 -0.179 
141.000 -0.180 
142.000 -0.180 
143.000 -0.180 
144.000 -0.180 
145.000 -0.179 
146.000 -0.179 
147.000 -0.179 
148.000 -0.179 
149.000 -0.179 
150.000 -0.179 
151.000 -0.179 
152.000 -0.179 
153.000 -0.179 
154.000 -0.180 
155.000 -0.180 
156.000 -0.180 
157.000 -0.180 
158.000 -0.180 
159.000 -0.180 
160.000 -0.180 
161.000 -0.180 
162.000 -0.180 
163.000 -0.180 
164.000 -0.180 
165.000 -0.180 
166.000 -0.180 
167.000 -0.180 
168.000 -0.180 
169.000 -0.180 
170.000 -0.180 
171.000 -0.180 
172.000 -0.180 
173.000 -0.180 
174.000 -0.180 
175.000 -0.180 
176.000 -0.180 
177.000 -0.180 
178.000 -0.180 
179.000 -0.180 
180.000 -0.180 
181.000 -0.180 
182.000 -0.180 
183.000 -0.180 
184.000 -0.180 
185.000 -0.180 
186.000 -0.180 
187.000 -0.180 
188.000 -0.180 
189.000 -0.180 
190.000 -0.180 
191.000 -0.180 
192.000 -0.181 
193.000 -0.181 
194.000 -0.181 
195.000 -0.181 
196.000 -0.181 
197.000 -0.181 
198.000 -0.181 
199.000 -0.181 
200.000 -0.181 
201.000 -0.181 
202.000 -0.181 
203.000 -0.181 
204.000 -0.181 
205.000 -0.181 
206.000 -0.181 
207.000 -0.181 
208.000 -0.181 
209.000 -0.181 
210.000 -0.181 
211.000 -0.181 
212.000 -0.181 
213.000 -0.181 
214.000 -0.181 
215.000 -0.181 
216.000 -0.181 
217.000 -0.181 
218.000 -0.181 
219.000 -0.181 
220.000 -0.181 
221.000 -0.181 
222.000 -0.181 
223.000 -0.181 
224.000 -0.181 
225.000 -0.181 
226.000 -0.181 
227.000 -0.181 
228.000 -0.181 
229.000 -0.181 
230.000 -0.181 
231.000 -0.181 
232.000 -0.181 
233.000 -0.181 
234.000 -0.182 
235.000 -0.182 
236.000 -0.182 
237.000 -0.182 
238.000 -0.182 
239.000 -0.182 
240.000 -0.182 
241.000 -0.127 
242.000 -0.094 
243.000 -0.079 
244.000 -0.076 
245.000 -0.080 
246.000 -0.089 
247.000 -0.099 
248.000 -0.105 
249.000 -0.106 
250.000 -0.102 
251.000 -0.094 
252.000 -0.082 
253.000 -0.070 
254.000 -0.058 
255.000 -0.049 
256.000 -0.042 
257.000 -0.038 
258.000 -0.035 
259.000 -0.034 
260.000 -0.032 
261.000 -0.030 
262.000 -0.026 
263.000 -0.022 
264.000 -0.016 
265.000 -0.010 
266.000 -0.003 
267.000 0.003 
268.000 0.008 
269.000 0.013 
270.000 0.017 
271.000 0.021 
272.000 0.024 
273.000 0.028 
274.000 0.031 
275.000 0.035 
276.000 0.039 
277.000 0.043 
278.000 0.047 
279.000 0.051 
280.000 0.056 
281.000 0.060 
282.000 0.063 
283.000 0.067 
284.000 0.070 
285.000 0.073 
286.000 0.077 
287.000 0.080 
288.000 0.083 
289.000 0.086 
290.000 0.089 
291.000 0.092 
292.000 0.095 
293.000 0.098 
294.000 0.101 
295.000 0.104 
296.000 0.107 
297.000 0.110 
298.000 0.112 
299.000 0.115 
300.000 0.117 
301.000 0.119 
302.000 0.122 
303.000 0.124 
304.000 0.126 
305.000 0.128 
306.000 0.131 
307.000 0.133 
308.000 0.135 
309.000 0.137 
310.000 0.139 
311.000 0.141 
312.000 0.142 
313.000 0.144 
314.000 0.146 
315.000 0.147 
316.000 0.149 
317.000 0.151 
318.000 0.152 
319.000 0.154 
320.000 0.155 
321.000 0.157 
322.000 0.158 
323.000 0.159 
324.000 0.161 
325.000 0.162 
326.000 0.163 
327.000 0.164 
328.000 0.165 
329.000 0.166 
330.000 0.167 
331.000 0.169 
332.000 0.170 
333.000 0.171 
334.000 0.171 
335.000 0.172 
336.000 0.173 
337.000 0.174 
338.000 0.175 
339.000 0.176 
340.000 0.177 
341.000 0.177 
342.000 0.178 
343.000 0.179 
344.000 0.179 
345.000 0.180 
346.000 0.181 
347.000 0.181 
348.000 0.182 
349.000 0.182 
350.000 0.183 
351.000 0.184 
352.000 0.184 
353.000 0.185 
354.000 0.185 
355.000 0.186 
356.000 0.186 
357.000 0.186 
358.000 0.187 
359.000 0.187 
360.000 0.188 
361.000 0.290 
362.000 0.352 
363.000 0.381 
364.000 0.388 
365.000 0.380 
366.000 0.360 
367.000 0.336 
368.000 0.310 
369.000 0.290 
370.000 0.277 
371.000 0.274 
372.000 0.281 
373.000 0.297 
374.000 0.320 
375.000 0.345 
376.000 0.369 
377.000 0.389 
378.000 0.402 
379.000 0.407 
380.000 0.405 
381.000 0.397 
382.000 0.385 
383.000 0.372 
384.000 0.360 
385.000 0.351 
386.000 0.347 
387.000 0.348 
388.000 0.354 
389.000 0.363 
390.000 0.375 
391.000 0.388 
392.000 0.399 
393.000 0.407 
394.000 0.412 
395.000 0.412 
396.000 0.409 
397.000 0.404 
398.000 0.396 
399.000 0.389 
400.000 0.382 
401.000 0.378 
402.000 0.376 
403.000 0.377 
404.000 0.380 
405.000 0.386 
406.000 0.392 
407.000 0.399 
408.000 0.404 
409.000 0.408 
410.000 0.410 
411.000 0.410 
412.000 0.407 
413.000 0.404 
414.000 0.399 
415.000 0.395 
416.000 0.391 
417.000 0.389 
418.000 0.388 
419.000 0.389 
420.000 0.391 
421.000 0.394 
422.000 0.398 
423.000 0.401 
424.000 0.404 
425.000 0.406 
426.000 0.407 
427.000 0.406 
428.000 0.405 
429.000 0.402 
430.000 0.400 
431.000 0.397 
432.000 0.395 
433.000 0.394 
434.000 0.394 
435.000 0.394 
436.000 0.396 
437.000 0.397 
438.000 0.399 
439.000 0.401 
440.000 0.403 
441.000 0.404 
442.000 0.404 
443.000 0.404 
444.000 0.403 
445.000 0.401 
446.000 0.400 
447.000 0.398 
448.000 0.397 
449.000 0.397 
450.000 0.397 
451.000 0.397 
452.000 0.398 
453.000 0.399 
454.000 0.400 
455.000 0.401 
456.000 0.402 
457.000 0.402 
458.000 0.402 
459.000 0.402 
460.000 0.402 
461.000 0.401 
462.000 0.400 
463.000 0.399 
464.000 0.398 
465.000 0.398 
466.000 0.398 
467.000 0.398 
468.000 0.399 
469.000 0.399 
470.000 0.400 
471.000 0.401 
472.000 0.401 
473.000 0.401 
474.000 0.401 
475.000 0.401 
476.000 0.401 
477.000 0.400 
478.000 0.400 
479.000 0.399 
480.000 0.399 
481.000 0.831 
482.000 1.000 
483.000 1.000 
484.000 1.000 
485.000 1.000 
486.000 1.000 
487.000 1.000 
488.000 1.000 
489.000 1.000 
490.000 1.000 
491.000 0.970 
492.000 0.834 
493.000 0.741 
494.000 0.685 
495.000 0.661 
496.000 0.661 
497.000 0.680 
498.000 0.715 
499.000 0.763 
500.000 0.817 
501.000 0.872 
502.000 0.919 
503.000 0.953 
504.000 0.969 
505.000 0.967 
506.000 0.947 
507.000 0.913 
508.000 0.870 
509.000 0.822 
510.000 0.776 
511.000 0.735 
512.000 0.703 
513.000 0.685 
514.000 0.680 
515.000 0.690 
516.000 0.713 
517.000 0.746 
518.000 0.785 
519.000 0.826 
520.000 0.863 
521.000 0.891 
522.000 0.908 
523.000 0.912 
524.000 0.903 
525.000 0.884 
526.000 0.856 
527.000 0.824 
528.000 0.791 
529.000 0.761 
530.000 0.737 
531.000 0.721 
532.000 0.715 
533.000 0.719 
534.000 0.732 
535.000 0.753 
536.000 0.779 
537.000 0.807 
538.000 0.834 
539.000 0.855 
540.000 0.870 
541.000 0.876 
542.000 0.873 
543.000 0.862 
544.000 0.844 
545.000 0.823 
546.000 0.800 
547.000 0.779 
548.000 0.761 
549.000 0.748 
550.000 0.742 
551.000 0.742 
552.000 0.750 
553.000 0.762 
554.000 0.779 
555.000 0.798 
556.000 0.817 
557.000 0.833 
558.000 0.844 
559.000 0.850 
560.000 0.851 
561.000 0.845 
562.000 0.834 
563.000 0.821 
564.000 0.805 
565.000 0.790 
566.000 0.777 
567.000 0.767 
568.000 0.761 
569.000 0.760 
570.000 0.763 
571.000 0.771 
572.000 0.782 
573.000 0.794 
574.000 0.807 
575.000 0.819 
576.000 0.828 
577.000 0.833 
578.000 0.835 
579.000 0.832 
580.000 0.826 
581.000 0.817 
582.000 0.807 
583.000 0.796 
584.000 0.787 
585.000 0.779 
586.000 0.774 
587.000 0.772 
588.000 0.774 
589.000 0.778 
590.000 0.785 
591.000 0.793 
592.000 0.802 
593.000 0.810 
594.000 0.817 
595.000 0.822 
596.000 0.824 
597.000 0.823 
598.000 0.819 
599.000 0.814 
600.000 0.807 
601.000 1.000 
602.000 1.000 
603.000 1.000 
604.000 1.000 
605.000 1.000 
606.000 1.000 
607.000 1.000 
608.000 1.000 
609.000 1.000 
610.000 1.000 
611.000 1.000 
612.000 1.000 
613.000 1.000 
614.000 1.000 
615.000 1.000 
616.000 1.000 
617.000 1.000 
618.000 1.000 
619.000 1.000 
620.000 1.000 
621.000 1.000 
622.000 1.000 
623.000 1.000 
624.000 1.000 
625.000 1.000 
626.000 1.000 
627.000 1.000 
628.000 1.000 
629.000 1.000 
630.000 1.000 
631.000 1.000 
632.000 1.000 
633.000 1.000 
634.000 1.000 
635.000 1.000 
636.000 1.000 
637.000 1.000 
638.000 1.000 
639.000 1.000 
640.000 1.000 
641.000 1.000 
642.000 1.000 
643.000 1.000 
644.000 1.000 
645.000 1.000 
646.000 1.000 
647.000 1.000 
648.000 1.000 
649.000 1.000 
650.000 1.000 
651.000 1.000 
652.000 1.000 
653.000 1.000 
654.000 1.000 
655.000 1.000 
656.000 1.000 
657.000 1.000 
658.000 1.000 
659.000 1.000 
660.000 1.000 
661.000 1.000 
662.000 1.000 
663.000 1.000 
664.000 1.000 
665.000 1.000 
666.000 1.000 
667.000 1.000 
668.000 1.000 
669.000 1.000 
670.000 1.000 
671.000 1.000 
672.000 1.000 
673.000 1.000 
674.000 1.000 
675.000 1.000 
676.000 1.000 
677.000 1.000 
678.000 1.000 
679.000 1.000 
680.000 1.000 
681.000 1.000 
682.000 1.000 
683.000 1.000 
684.000 1.000 
685.000 1.000 
686.000 1.000 
687.000 1.000 
688.000 1.000 
689.000 1.000 
690.000 1.000 
691.000 1.000 
692.000 1.000 
693.000 1.000 
694.000 1.000 
695.000 1.000 
696.000 1.000 
697.000 1.000 
698.000 1.000 
699.000 1.000 
700.000 1.000 
701.000 1.000 
702.000 1.000 
703.000 1.000 
704.000 1.000 
705.000 1.000 
706.000 1.000 
707.000 1.000 
708.000 1.000 
709.000 1.000 
710.000 1.000 
711.000 1.000 
712.000 1.000 
713.000 1.000 
714.000 1.000 
715.000 1.000 
716.000 1.000 
717.000 1.000 
718.000 1.000 
719.000 1.000 
720.000 1.000 
721.000 1.000 
722.000 1.000 
723.000 1.000 
724.000 1.000 
725.000 1.000 
726.000 1.000 
727.000 1.000 
728.000 1.000 
729.000 1.000 
730.000 1.000 
731.000 1.000 
732.000 1.000 
733.000 1.000 
734.000 1.000 
735.000 1.000 
736.000 1.000 
737.000 1.000 
738.000 1.000 
739.000 1.000 
740.000 1.000 
741.000 1.000 
742.000 1.000 
743.000 1.000 
744.000 1.000 
745.000 1.000 
746.000 1.000 
747.000 1.000 
748.000 1.000 
749.000 1.000 
750.000 1.000 
751.000 1.000 
752.000 1.000 
753.000 1.000 
754.000 1.000 
755.000 1.000 
756.000 1.000 
757.000 1.000 
758.000 1.000 
759.000 1.000 
760.000 1.000 
761.000 1.000 
762.000 1.000 
763.000 1.000 
764.000 1.000 
765.000 1.000 
766.000 1.000 
767.000 1.000 
768.000 1.000 
769.000 1.000 
770.000 1.000 
771.000 1.000 
772.000 1.000 
773.000 1.000 
774.000 1.000 
775.000 1.000 
776.000 1.000 
777.000 1.000 
778.000 1.000 
779.000 1.000 
780.000 1.000 
781.000 1.000 
782.000 1.000 
783.000 1.000 
784.000 1.000 
785.000 1.000 
786.000 1.000 
787.000 1.000 
788.000 1.000 
789.000 1.000 
790.000 1.000 
791.000 1.000 
792.000 1.000 
793.000 1.000 
794.000 1.000 
795.000 1.000 
796.000 1.000 
797.000 1.000 
798.000 1.000 
799.000 1.000 
800.000 1.000 
