1.000 0.000 
2.000 0.000 
3.000 0.000 
4.000 0.000 
5.000 0.000 
6.000 0.000 
7.000 -0.026 
8.000 -0.038 
9.000 -0.043 
10.000 -0.043 
11.000 -0.040 
12.000 -0.035 
13.000 -0.031 
14.000 -0.029 
15.000 -0.029 
16.000 -0.031 
17.000 -0.035 
18.000 -0.040 
19.000 -0.045 
20.000 -0.049 
21.000 -0.052 
22.000 -0.054 
23.000 -0.055 
24.000 -0.056 
25.000 -0.056 
26.000 -0.057 
27.000 -0.058 
28.000 -0.060 
29.000 -0.062 
30.000 -0.064 
31.000 -0.067 
32.000 -0.069 
33.000 -0.071 
34.000 -0.073 
35.000 -0.075 
36.000 -0.076 
37.000 -0.077 
38.000 -0.079 
39.000 -0.080 
40.000 -0.082 
41.000 -0.083 
42.000 -0.085 
43.000 -0.087 
44.000 -0.089 
45.000 -0.090 
46.000 -0.092 
47.000 -0.093 
48.000 -0.095 
49.000 -0.096 
50.000 -0.098 
51.000 -0.099 
52.000 -0.101 
53.000 -0.102 
54.000 -0.104 
55.000 -0.105 
56.000 -0.107 
57.000 -0.108 
58.000 -0.110 
59.000 -0.111 
60.000 -0.113 
61.000 -0.114 
62.000 -0.115 
63.000 -0.117 
64.000 -0.118 
65.000 -0.120 
66.000 -0.121 
67.000 -0.122 
68.000 -0.124 
69.000 -0.125 
70.000 -0.126 
71.000 -0.128 
72.000 -0.129 
73.000 -0.130 
74.000 -0.132 
75.000 -0.133 
76.000 -0.134 
77.000 -0.136 
78.000 -0.137 
79.000 -0.138 
80.000 -0.139 
81.000 -0.141 
82.000 -0.142 
83.000 -0.143 
84.000 -0.145 
85.000 -0.146 
86.000 -0.147 
87.000 -0.148 
88.000 -0.149 
89.000 -0.151 
90.000 -0.152 
91.000 -0.153 
92.000 -0.154 
93.000 -0.155 
94.000 -0.157 
95.000 -0.158 
96.000 -0.159 
97.000 -0.160 
98.000 -0.161 
99.000 -0.162 
100.000 -0.164 
101.000 -0.165 
102.000 -0.166 
103.000 -0.167 
104.000 -0.168 
105.000 -0.169 
106.000 -0.170 
107.000 -0.172 
108.000 -0.173 
109.000 -0.174 
110.000 -0.175 
111.000 -0.176 
112.000 -0.177 
113.000 -0.178 
114.000 -0.179 
115.000 -0.180 
116.000 -0.181 
117.000 -0.182 
118.000 -0.183 
119.000 -0.185 
120.000 -0.186 
121.000 -0.176 
122.000 -0.171 
123.000 -0.170 
124.000 -0.171 
125.000 -0.174 
126.000 -0.177 
127.000 -0.179 
128.000 -0.181 
129.000 -0.181 
130.000 -0.181 
131.000 -0.180 
132.000 -0.179 
133.000 -0.178 
134.000 -0.177 
135.000 -0.177 
136.000 -0.177 
137.000 -0.178 
138.000 -0.178 
139.000 -0.179 
140.000 -0.179 
141.000 -0.179 
142.000 -0.179 
143.000 -0.179 
144.000 -0.179 
145.000 -0.179 
146.000 -0.179 
147.000 -0.179 
148.000 -0.179 
149.000 -0.179 
150.000 -0.179 
151.000 -0.179 
152.000 -0.179 
153.000 -0.179 
154.000 -0.179 
155.000 -0.179 
156.000 -0.179 
157.000 -0.179 
158.000 -0.179 
159.000 -0.179 
160.000 -0.179 
161.000 -0.179 
162.000 -0.179 
163.000 -0.179 
164.000 -0.179 
165.000 -0.180 
166.000 -0.180 
167.000 -0.180 
168.000 -0.180 
169.000 -0.180 
170.000 -0.180 
171.000 -0.180 
172.000 -0.180 
173.000 -0.180 
174.000 -0.180 
175.000 -0.180 
176.000 -0.180 
177.000 -0.180 
178.000 -0.180 
179.000 -0.180 
180.000 -0.180 
181.000 -0.180 
182.000 -0.180 
183.000 -0.180 
184.000 -0.180 
185.000 -0.180 
186.000 -0.180 
187.000 -0.180 
188.000 -0.180 
189.000 -0.180 
190.000 -0.180 
191.000 -0.180 
192.000 -0.180 
193.000 -0.180 
194.000 -0.180 
195.000 -0.180 
196.000 -0.180 
197.000 -0.180 
198.000 -0.180 
199.000 -0.180 
200.000 -0.180 
201.000 -0.181 
202.000 -0.181 
203.000 -0.181 
204.000 -0.181 
205.000 -0.181 
206.000 -0.181 
207.000 -0.181 
208.000 -0.181 
209.000 -0.181 
210.000 -0.181 
211.000 -0.181 
212.000 -0.181 
213.000 -0.181 
214.000 -0.181 
215.000 -0.181 
216.000 -0.181 
217.000 -0.181 
218.000 -0.181 
219.000 -0.181 
220.000 -0.181 
221.000 -0.181 
222.000 -0.181 
223.000 -0.181 
224.000 -0.181 
225.000 -0.181 
226.000 -0.181 
227.000 -0.181 
228.000 -0.181 
229.000 -0.181 
230.000 -0.181 
231.000 -0.181 
232.000 -0.181 
233.000 -0.181 
234.000 -0.181 
235.000 -0.181 
236.000 -0.181 
237.000 -0.181 
238.000 -0.181 
239.000 -0.181 
240.000 -0.181 
241.000 -0.119 
242.000 -0.088 
243.000 -0.077 
244.000 -0.078 
245.000 -0.085 
246.000 -0.095 
247.000 -0.104 
248.000 -0.108 
249.000 -0.107 
250.000 -0.100 
251.000 -0.089 
252.000 -0.077 
253.000 -0.066 
254.000 -0.056 
255.000 -0.048 
256.000 -0.044 
257.000 -0.041 
258.000 -0.039 
259.000 -0.037 
260.000 -0.034 
261.000 -0.030 
262.000 -0.026 
263.000 -0.020 
264.000 -0.014 
265.000 -0.008 
266.000 -0.002 
267.000 0.003 
268.000 0.008 
269.000 0.012 
270.000 0.016 
271.000 0.019 
272.000 0.023 
273.000 0.027 
274.000 0.031 
275.000 0.035 
276.000 0.039 
277.000 0.043 
278.000 0.048 
279.000 0.052 
280.000 0.056 
281.000 0.059 
282.000 0.063 
283.000 0.066 
284.000 0.070 
285.000 0.073 
286.000 0.076 
287.000 0.079 
288.000 0.083 
289.000 0.086 
290.000 0.089 
291.000 0.092 
292.000 0.095 
293.000 0.098 
294.000 0.101 
295.000 0.104 
296.000 0.106 
297.000 0.109 
298.000 0.112 
299.000 0.114 
300.000 0.117 
301.000 0.119 
302.000 0.121 
303.000 0.124 
304.000 0.126 
305.000 0.128 
306.000 0.130 
307.000 0.132 
308.000 0.134 
309.000 0.136 
310.000 0.138 
311.000 0.140 
312.000 0.142 
313.000 0.144 
314.000 0.146 
315.000 0.147 
316.000 0.149 
317.000 0.150 
318.000 0.152 
319.000 0.153 
320.000 0.155 
321.000 0.156 
322.000 0.158 
323.000 0.159 
324.000 0.160 
325.000 0.162 
326.000 0.163 
327.000 0.164 
328.000 0.165 
329.000 0.166 
330.000 0.167 
331.000 0.168 
332.000 0.169 
333.000 0.170 
334.000 0.171 
335.000 0.172 
336.000 0.173 
337.000 0.174 
338.000 0.175 
339.000 0.176 
340.000 0.176 
341.000 0.177 
342.000 0.178 
343.000 0.179 
344.000 0.179 
345.000 0.180 
346.000 0.180 
347.000 0.181 
348.000 0.182 
349.000 0.182 
350.000 0.183 
351.000 0.183 
352.000 0.184 
353.000 0.184 
354.000 0.185 
355.000 0.185 
356.000 0.186 
357.000 0.186 
358.000 0.187 
359.000 0.187 
360.000 0.188 
361.000 0.304 
362.000 0.363 
363.000 0.384 
364.000 0.383 
365.000 0.369 
366.000 0.348 
367.000 0.323 
368.000 0.300 
369.000 0.284 
370.000 0.276 
371.000 0.279 
372.000 0.291 
373.000 0.310 
374.000 0.333 
375.000 0.356 
376.000 0.376 
377.000 0.391 
378.000 0.398 
379.000 0.398 
380.000 0.393 
381.000 0.384 
382.000 0.373 
383.000 0.363 
384.000 0.356 
385.000 0.352 
386.000 0.353 
387.000 0.357 
388.000 0.365 
389.000 0.375 
390.000 0.385 
391.000 0.394 
392.000 0.400 
393.000 0.404 
394.000 0.405 
395.000 0.403 
396.000 0.399 
397.000 0.394 
398.000 0.389 
399.000 0.384 
400.000 0.382 
401.000 0.381 
402.000 0.382 
403.000 0.385 
404.000 0.389 
405.000 0.394 
406.000 0.398 
407.000 0.402 
408.000 0.404 
409.000 0.405 
410.000 0.404 
411.000 0.402 
412.000 0.400 
413.000 0.397 
414.000 0.395 
415.000 0.393 
416.000 0.392 
417.000 0.392 
418.000 0.393 
419.000 0.395 
420.000 0.397 
421.000 0.399 
422.000 0.401 
423.000 0.402 
424.000 0.403 
425.000 0.403 
426.000 0.402 
427.000 0.401 
428.000 0.400 
429.000 0.399 
430.000 0.398 
431.000 0.397 
432.000 0.396 
433.000 0.397 
434.000 0.397 
435.000 0.398 
436.000 0.399 
437.000 0.400 
438.000 0.401 
439.000 0.402 
440.000 0.402 
441.000 0.402 
442.000 0.401 
443.000 0.401 
444.000 0.400 
445.000 0.399 
446.000 0.399 
447.000 0.398 
448.000 0.398 
449.000 0.399 
450.000 0.399 
451.000 0.399 
452.000 0.400 
453.000 0.400 
454.000 0.401 
455.000 0.401 
456.000 0.401 
457.000 0.401 
458.000 0.400 
459.000 0.400 
460.000 0.400 
461.000 0.400 
462.000 0.399 
463.000 0.399 
464.000 0.399 
465.000 0.399 
466.000 0.400 
467.000 0.400 
468.000 0.400 
469.000 0.400 
470.000 0.400 
471.000 0.400 
472.000 0.400 
473.000 0.400 
474.000 0.400 
475.000 0.400 
476.000 0.400 
477.000 0.400 
478.000 0.400 
479.000 0.400 
480.000 0.400 
481.000 0.888 
482.000 1.000 
483.000 1.000 
484.000 1.000 
485.000 1.000 
486.000 1.000 
487.000 1.000 
488.000 1.000 
489.000 1.000 
490.000 1.000 
491.000 0.885 
492.000 0.748 
493.000 0.667 
494.000 0.627 
495.000 0.616 
496.000 0.630 
497.000 0.665 
498.000 0.718 
499.000 0.783 
500.000 0.851 
501.000 0.912 
502.000 0.959 
503.000 0.985 
504.000 0.989 
505.000 0.972 
506.000 0.938 
507.000 0.893 
508.000 0.842 
509.000 0.791 
510.000 0.746 
511.000 0.710 
512.000 0.688 
513.000 0.679 
514.000 0.686 
515.000 0.706 
516.000 0.738 
517.000 0.776 
518.000 0.816 
519.000 0.853 
520.000 0.882 
521.000 0.900 
522.000 0.905 
523.000 0.898 
524.000 0.880 
525.000 0.855 
526.000 0.826 
527.000 0.796 
528.000 0.769 
529.000 0.747 
530.000 0.733 
531.000 0.728 
532.000 0.731 
533.000 0.743 
534.000 0.760 
535.000 0.782 
536.000 0.805 
537.000 0.827 
538.000 0.844 
539.000 0.855 
540.000 0.859 
541.000 0.856 
542.000 0.847 
543.000 0.833 
544.000 0.816 
545.000 0.799 
546.000 0.783 
547.000 0.770 
548.000 0.762 
549.000 0.758 
550.000 0.760 
551.000 0.766 
552.000 0.776 
553.000 0.788 
554.000 0.801 
555.000 0.813 
556.000 0.823 
557.000 0.830 
558.000 0.833 
559.000 0.832 
560.000 0.827 
561.000 0.820 
562.000 0.810 
563.000 0.800 
564.000 0.791 
565.000 0.784 
566.000 0.778 
567.000 0.776 
568.000 0.776 
569.000 0.780 
570.000 0.785 
571.000 0.792 
572.000 0.800 
573.000 0.807 
574.000 0.813 
575.000 0.817 
576.000 0.819 
577.000 0.818 
578.000 0.816 
579.000 0.812 
580.000 0.807 
581.000 0.801 
582.000 0.795 
583.000 0.791 
584.000 0.788 
585.000 0.786 
586.000 0.786 
587.000 0.788 
588.000 0.791 
589.000 0.795 
590.000 0.799 
591.000 0.803 
592.000 0.807 
593.000 0.809 
594.000 0.811 
595.000 0.811 
596.000 0.809 
597.000 0.807 
598.000 0.804 
599.000 0.801 
600.000 0.798 
601.000 1.000 
602.000 1.000 
603.000 1.000 
604.000 1.000 
605.000 1.000 
606.000 1.000 
607.000 1.000 
608.000 1.000 
609.000 1.000 
610.000 1.000 
611.000 1.000 
612.000 1.000 
613.000 1.000 
614.000 1.000 
615.000 1.000 
616.000 1.000 
617.000 1.000 
618.000 1.000 
619.000 1.000 
620.000 1.000 
621.000 1.000 
622.000 1.000 
623.000 1.000 
624.000 1.000 
625.000 1.000 
626.000 1.000 
627.000 1.000 
628.000 1.000 
629.000 1.000 
630.000 1.000 
631.000 1.000 
632.000 1.000 
633.000 1.000 
634.000 1.000 
635.000 1.000 
636.000 1.000 
637.000 1.000 
638.000 1.000 
639.000 1.000 
640.000 1.000 
641.000 1.000 
642.000 1.000 
643.000 1.000 
644.000 1.000 
645.000 1.000 
646.000 1.000 
647.000 1.000 
648.000 1.000 
649.000 1.000 
650.000 1.000 
651.000 1.000 
652.000 1.000 
653.000 1.000 
654.000 1.000 
655.000 1.000 
656.000 1.000 
657.000 1.000 
658.000 1.000 
659.000 1.000 
660.000 1.000 
661.000 1.000 
662.000 1.000 
663.000 1.000 
664.000 1.000 
665.000 1.000 
666.000 1.000 
667.000 1.000 
668.000 1.000 
669.000 1.000 
670.000 1.000 
671.000 1.000 
672.000 1.000 
673.000 1.000 
674.000 1.000 
675.000 1.000 
676.000 1.000 
677.000 1.000 
678.000 1.000 
679.000 1.000 
680.000 1.000 
681.000 1.000 
682.000 1.000 
683.000 1.000 
684.000 1.000 
685.000 1.000 
686.000 1.000 
687.000 1.000 
688.000 1.000 
689.000 1.000 
690.000 1.000 
691.000 1.000 
692.000 1.000 
693.000 1.000 
694.000 1.000 
695.000 1.000 
696.000 1.000 
697.000 1.000 
698.000 1.000 
699.000 1.000 
700.000 1.000 
701.000 1.000 
702.000 1.000 
703.000 1.000 
704.000 1.000 
705.000 1.000 
706.000 1.000 
707.000 1.000 
708.000 1.000 
709.000 1.000 
710.000 1.000 
711.000 1.000 
712.000 1.000 
713.000 1.000 
714.000 1.000 
715.000 1.000 
716.000 1.000 
717.000 1.000 
718.000 1.000 
719.000 1.000 
720.000 1.000 
721.000 1.000 
722.000 1.000 
723.000 1.000 
724.000 1.000 
725.000 1.000 
726.000 1.000 
727.000 1.000 
728.000 1.000 
729.000 1.000 
730.000 1.000 
731.000 1.000 
732.000 1.000 
733.000 1.000 
734.000 1.000 
735.000 1.000 
736.000 1.000 
737.000 1.000 
738.000 1.000 
739.000 1.000 
740.000 1.000 
741.000 1.000 
742.000 1.000 
743.000 1.000 
744.000 1.000 
745.000 1.000 
746.000 1.000 
747.000 1.000 
748.000 1.000 
749.000 1.000 
750.000 1.000 
751.000 1.000 
752.000 1.000 
753.000 1.000 
754.000 1.000 
755.000 1.000 
756.000 1.000 
757.000 1.000 
758.000 1.000 
759.000 1.000 
760.000 1.000 
761.000 1.000 
762.000 1.000 
763.000 1.000 
764.000 1.000 
765.000 1.000 
766.000 1.000 
767.000 1.000 
768.000 1.000 
769.000 1.000 
770.000 1.000 
771.000 1.000 
772.000 1.000 
773.000 1.000 
774.000 1.000 
775.000 1.000 
776.000 1.000 
777.000 1.000 
778.000 1.000 
779.000 1.000 
780.000 1.000 
781.000 1.000 
782.000 1.000 
783.000 1.000 
784.000 1.000 
785.000 1.000 
786.000 1.000 
787.000 1.000 
788.000 1.000 
789.000 1.000 
790.000 1.000 
791.000 1.000 
792.000 1.000 
793.000 1.000 
794.000 1.000 
795.000 1.000 
796.000 1.000 
797.000 1.000 
798.000 1.000 
799.000 1.000 
800.000 1.000 
