1.000 0.000 
2.000 0.000 
3.000 0.000 
4.000 0.000 
5.000 0.000 
6.000 0.000 
7.000 -0.005 
8.000 -0.009 
9.000 -0.013 
10.000 -0.016 
11.000 -0.019 
12.000 -0.020 
13.000 -0.022 
14.000 -0.023 
15.000 -0.024 
16.000 -0.025 
17.000 -0.026 
18.000 -0.027 
19.000 -0.028 
20.000 -0.029 
21.000 -0.030 
22.000 -0.031 
23.000 -0.033 
24.000 -0.034 
25.000 -0.036 
26.000 -0.037 
27.000 -0.038 
28.000 -0.040 
29.000 -0.041 
30.000 -0.043 
31.000 -0.044 
32.000 -0.045 
33.000 -0.047 
34.000 -0.048 
35.000 -0.049 
36.000 -0.050 
37.000 -0.052 
38.000 -0.053 
39.000 -0.054 
40.000 -0.055 
41.000 -0.057 
42.000 -0.058 
43.000 -0.059 
44.000 -0.060 
45.000 -0.061 
46.000 -0.063 
47.000 -0.064 
48.000 -0.065 
49.000 -0.066 
50.000 -0.067 
51.000 -0.068 
52.000 -0.070 
53.000 -0.071 
54.000 -0.072 
55.000 -0.073 
56.000 -0.074 
57.000 -0.075 
58.000 -0.076 
59.000 -0.077 
60.000 -0.079 
61.000 -0.080 
62.000 -0.081 
63.000 -0.082 
64.000 -0.083 
65.000 -0.084 
66.000 -0.085 
67.000 -0.086 
68.000 -0.087 
69.000 -0.088 
70.000 -0.089 
71.000 -0.090 
72.000 -0.091 
73.000 -0.092 
74.000 -0.093 
75.000 -0.094 
76.000 -0.095 
77.000 -0.096 
78.000 -0.098 
79.000 -0.099 
80.000 -0.100 
81.000 -0.101 
82.000 -0.101 
83.000 -0.102 
84.000 -0.103 
85.000 -0.104 
86.000 -0.105 
87.000 -0.106 
88.000 -0.107 
89.000 -0.108 
90.000 -0.109 
91.000 -0.110 
92.000 -0.111 
93.000 -0.112 
94.000 -0.113 
95.000 -0.114 
96.000 -0.115 
97.000 -0.116 
98.000 -0.117 
99.000 -0.118 
100.000 -0.119 
101.000 -0.120 
102.000 -0.120 
103.000 -0.121 
104.000 -0.122 
105.000 -0.123 
106.000 -0.124 
107.000 -0.125 
108.000 -0.126 
109.000 -0.127 
110.000 -0.128 
111.000 -0.128 
112.000 -0.129 
113.000 -0.130 
114.000 -0.131 
115.000 -0.132 
116.000 -0.133 
117.000 -0.134 
118.000 -0.135 
119.000 -0.135 
120.000 -0.136 
121.000 -0.135 
122.000 -0.134 
123.000 -0.133 
124.000 -0.133 
125.000 -0.133 
126.000 -0.133 
127.000 -0.133 
128.000 -0.133 
129.000 -0.133 
130.000 -0.134 
131.000 -0.134 
132.000 -0.134 
133.000 -0.135 
134.000 -0.135 
135.000 -0.135 
136.000 -0.136 
137.000 -0.136 
138.000 -0.136 
139.000 -0.136 
140.000 -0.136 
141.000 -0.136 
142.000 -0.136 
143.000 -0.136 
144.000 -0.137 
145.000 -0.137 
146.000 -0.137 
147.000 -0.137 
148.000 -0.137 
149.000 -0.137 
150.000 -0.138 
151.000 -0.138 
152.000 -0.138 
153.000 -0.138 
154.000 -0.138 
155.000 -0.138 
156.000 -0.138 
157.000 -0.139 
158.000 -0.139 
159.000 -0.139 
160.000 -0.139 
161.000 -0.139 
162.000 -0.139 
163.000 -0.140 
164.000 -0.140 
165.000 -0.140 
166.000 -0.140 
167.000 -0.140 
168.000 -0.140 
169.000 -0.140 
170.000 -0.141 
171.000 -0.141 
172.000 -0.141 
173.000 -0.141 
174.000 -0.141 
175.000 -0.141 
176.000 -0.141 
177.000 -0.142 
178.000 -0.142 
179.000 -0.142 
180.000 -0.142 
181.000 -0.142 
182.000 -0.142 
183.000 -0.142 
184.000 -0.142 
185.000 -0.143 
186.000 -0.143 
187.000 -0.143 
188.000 -0.143 
189.000 -0.143 
190.000 -0.143 
191.000 -0.143 
192.000 -0.144 
193.000 -0.144 
194.000 -0.144 
195.000 -0.144 
196.000 -0.144 
197.000 -0.144 
198.000 -0.144 
199.000 -0.144 
200.000 -0.145 
201.000 -0.145 
202.000 -0.145 
203.000 -0.145 
204.000 -0.145 
205.000 -0.145 
206.000 -0.145 
207.000 -0.146 
208.000 -0.146 
209.000 -0.146 
210.000 -0.146 
211.000 -0.146 
212.000 -0.146 
213.000 -0.146 
214.000 -0.146 
215.000 -0.147 
216.000 -0.147 
217.000 -0.147 
218.000 -0.147 
219.000 -0.147 
220.000 -0.147 
221.000 -0.147 
222.000 -0.147 
223.000 -0.147 
224.000 -0.148 
225.000 -0.148 
226.000 -0.148 
227.000 -0.148 
228.000 -0.148 
229.000 -0.148 
230.000 -0.148 
231.000 -0.148 
232.000 -0.149 
233.000 -0.149 
234.000 -0.149 
235.000 -0.149 
236.000 -0.149 
237.000 -0.149 
238.000 -0.149 
239.000 -0.149 
240.000 -0.149 
241.000 -0.137 
242.000 -0.127 
243.000 -0.118 
244.000 -0.111 
245.000 -0.105 
246.000 -0.100 
247.000 -0.097 
248.000 -0.094 
249.000 -0.091 
250.000 -0.089 
251.000 -0.087 
252.000 -0.084 
253.000 -0.082 
254.000 -0.079 
255.000 -0.076 
256.000 -0.073 
257.000 -0.069 
258.000 -0.066 
259.000 -0.062 
260.000 -0.058 
261.000 -0.055 
262.000 -0.051 
263.000 -0.047 
264.000 -0.044 
265.000 -0.041 
266.000 -0.037 
267.000 -0.034 
268.000 -0.031 
269.000 -0.027 
270.000 -0.024 
271.000 -0.021 
272.000 -0.018 
273.000 -0.015 
274.000 -0.012 
275.000 -0.009 
276.000 -0.006 
277.000 -0.003 
278.000 0.000 
279.000 0.003 
280.000 0.006 
281.000 0.009 
282.000 0.012 
283.000 0.015 
284.000 0.018 
285.000 0.021 
286.000 0.024 
287.000 0.027 
288.000 0.029 
289.000 0.032 
290.000 0.035 
291.000 0.037 
292.000 0.040 
293.000 0.043 
294.000 0.045 
295.000 0.048 
296.000 0.051 
297.000 0.053 
298.000 0.056 
299.000 0.058 
300.000 0.061 
301.000 0.063 
302.000 0.065 
303.000 0.068 
304.000 0.070 
305.000 0.072 
306.000 0.075 
307.000 0.077 
308.000 0.079 
309.000 0.081 
310.000 0.083 
311.000 0.086 
312.000 0.088 
313.000 0.090 
314.000 0.092 
315.000 0.094 
316.000 0.096 
317.000 0.098 
318.000 0.100 
319.000 0.102 
320.000 0.104 
321.000 0.105 
322.000 0.107 
323.000 0.109 
324.000 0.111 
325.000 0.113 
326.000 0.114 
327.000 0.116 
328.000 0.118 
329.000 0.119 
330.000 0.121 
331.000 0.122 
332.000 0.124 
333.000 0.125 
334.000 0.127 
335.000 0.128 
336.000 0.130 
337.000 0.131 
338.000 0.133 
339.000 0.134 
340.000 0.135 
341.000 0.137 
342.000 0.138 
343.000 0.139 
344.000 0.141 
345.000 0.142 
346.000 0.143 
347.000 0.144 
348.000 0.146 
349.000 0.147 
350.000 0.148 
351.000 0.149 
352.000 0.150 
353.000 0.151 
354.000 0.152 
355.000 0.153 
356.000 0.154 
357.000 0.155 
358.000 0.156 
359.000 0.157 
360.000 0.158 
361.000 0.182 
362.000 0.203 
363.000 0.220 
364.000 0.235 
365.000 0.247 
366.000 0.256 
367.000 0.264 
368.000 0.269 
369.000 0.274 
370.000 0.277 
371.000 0.280 
372.000 0.282 
373.000 0.285 
374.000 0.288 
375.000 0.291 
376.000 0.294 
377.000 0.298 
378.000 0.302 
379.000 0.307 
380.000 0.312 
381.000 0.316 
382.000 0.321 
383.000 0.326 
384.000 0.330 
385.000 0.335 
386.000 0.338 
387.000 0.342 
388.000 0.345 
389.000 0.348 
390.000 0.351 
391.000 0.353 
392.000 0.355 
393.000 0.357 
394.000 0.359 
395.000 0.361 
396.000 0.363 
397.000 0.364 
398.000 0.366 
399.000 0.368 
400.000 0.369 
401.000 0.371 
402.000 0.372 
403.000 0.374 
404.000 0.375 
405.000 0.377 
406.000 0.378 
407.000 0.379 
408.000 0.381 
409.000 0.382 
410.000 0.383 
411.000 0.384 
412.000 0.385 
413.000 0.385 
414.000 0.386 
415.000 0.387 
416.000 0.388 
417.000 0.388 
418.000 0.389 
419.000 0.389 
420.000 0.390 
421.000 0.390 
422.000 0.391 
423.000 0.391 
424.000 0.392 
425.000 0.392 
426.000 0.393 
427.000 0.393 
428.000 0.394 
429.000 0.394 
430.000 0.394 
431.000 0.395 
432.000 0.395 
433.000 0.395 
434.000 0.396 
435.000 0.396 
436.000 0.396 
437.000 0.396 
438.000 0.396 
439.000 0.397 
440.000 0.397 
441.000 0.397 
442.000 0.397 
443.000 0.397 
444.000 0.397 
445.000 0.398 
446.000 0.398 
447.000 0.398 
448.000 0.398 
449.000 0.398 
450.000 0.398 
451.000 0.398 
452.000 0.398 
453.000 0.398 
454.000 0.399 
455.000 0.399 
456.000 0.399 
457.000 0.399 
458.000 0.399 
459.000 0.399 
460.000 0.399 
461.000 0.399 
462.000 0.399 
463.000 0.399 
464.000 0.399 
465.000 0.399 
466.000 0.399 
467.000 0.399 
468.000 0.399 
469.000 0.399 
470.000 0.399 
471.000 0.399 
472.000 0.399 
473.000 0.400 
474.000 0.400 
475.000 0.400 
476.000 0.400 
477.000 0.400 
478.000 0.400 
479.000 0.400 
480.000 0.400 
481.000 0.497 
482.000 0.580 
483.000 0.650 
484.000 0.708 
485.000 0.755 
486.000 0.791 
487.000 0.819 
488.000 0.837 
489.000 0.848 
490.000 0.852 
491.000 0.850 
492.000 0.845 
493.000 0.836 
494.000 0.826 
495.000 0.814 
496.000 0.802 
497.000 0.791 
498.000 0.781 
499.000 0.772 
500.000 0.765 
501.000 0.760 
502.000 0.757 
503.000 0.756 
504.000 0.757 
505.000 0.760 
506.000 0.765 
507.000 0.771 
508.000 0.777 
509.000 0.784 
510.000 0.791 
511.000 0.798 
512.000 0.804 
513.000 0.809 
514.000 0.813 
515.000 0.816 
516.000 0.818 
517.000 0.819 
518.000 0.819 
519.000 0.818 
520.000 0.816 
521.000 0.814 
522.000 0.811 
523.000 0.808 
524.000 0.805 
525.000 0.802 
526.000 0.799 
527.000 0.796 
528.000 0.794 
529.000 0.793 
530.000 0.792 
531.000 0.791 
532.000 0.791 
533.000 0.791 
534.000 0.792 
535.000 0.793 
536.000 0.795 
537.000 0.796 
538.000 0.798 
539.000 0.799 
540.000 0.800 
541.000 0.802 
542.000 0.803 
543.000 0.803 
544.000 0.804 
545.000 0.804 
546.000 0.804 
547.000 0.804 
548.000 0.804 
549.000 0.803 
550.000 0.803 
551.000 0.802 
552.000 0.801 
553.000 0.801 
554.000 0.800 
555.000 0.799 
556.000 0.799 
557.000 0.798 
558.000 0.798 
559.000 0.798 
560.000 0.798 
561.000 0.798 
562.000 0.798 
563.000 0.798 
564.000 0.799 
565.000 0.799 
566.000 0.799 
567.000 0.800 
568.000 0.800 
569.000 0.800 
570.000 0.800 
571.000 0.801 
572.000 0.801 
573.000 0.801 
574.000 0.801 
575.000 0.801 
576.000 0.801 
577.000 0.801 
578.000 0.801 
579.000 0.801 
580.000 0.800 
581.000 0.800 
582.000 0.800 
583.000 0.800 
584.000 0.800 
585.000 0.800 
586.000 0.800 
587.000 0.800 
588.000 0.800 
589.000 0.800 
590.000 0.800 
591.000 0.800 
592.000 0.800 
593.000 0.800 
594.000 0.800 
595.000 0.800 
596.000 0.800 
597.000 0.800 
598.000 0.800 
599.000 0.800 
600.000 0.800 
601.000 0.874 
602.000 0.936 
603.000 0.989 
604.000 1.000 
605.000 1.000 
606.000 1.000 
607.000 1.000 
608.000 1.000 
609.000 1.000 
610.000 1.000 
611.000 1.000 
612.000 1.000 
613.000 1.000 
614.000 1.000 
615.000 1.000 
616.000 1.000 
617.000 1.000 
618.000 1.000 
619.000 1.000 
620.000 1.000 
621.000 1.000 
622.000 1.000 
623.000 1.000 
624.000 1.000 
625.000 1.000 
626.000 1.000 
627.000 1.000 
628.000 1.000 
629.000 1.000 
630.000 1.000 
631.000 1.000 
632.000 1.000 
633.000 1.000 
634.000 1.000 
635.000 1.000 
636.000 1.000 
637.000 1.000 
638.000 1.000 
639.000 1.000 
640.000 1.000 
641.000 1.000 
642.000 1.000 
643.000 1.000 
644.000 1.000 
645.000 1.000 
646.000 1.000 
647.000 1.000 
648.000 1.000 
649.000 1.000 
650.000 1.000 
651.000 1.000 
652.000 1.000 
653.000 1.000 
654.000 1.000 
655.000 1.000 
656.000 1.000 
657.000 1.000 
658.000 1.000 
659.000 1.000 
660.000 1.000 
661.000 1.000 
662.000 1.000 
663.000 1.000 
664.000 1.000 
665.000 1.000 
666.000 1.000 
667.000 1.000 
668.000 1.000 
669.000 1.000 
670.000 1.000 
671.000 1.000 
672.000 1.000 
673.000 1.000 
674.000 1.000 
675.000 1.000 
676.000 1.000 
677.000 1.000 
678.000 1.000 
679.000 1.000 
680.000 1.000 
681.000 1.000 
682.000 1.000 
683.000 1.000 
684.000 1.000 
685.000 1.000 
686.000 1.000 
687.000 1.000 
688.000 1.000 
689.000 1.000 
690.000 1.000 
691.000 1.000 
692.000 1.000 
693.000 1.000 
694.000 1.000 
695.000 1.000 
696.000 1.000 
697.000 1.000 
698.000 1.000 
699.000 1.000 
700.000 1.000 
701.000 1.000 
702.000 1.000 
703.000 1.000 
704.000 1.000 
705.000 1.000 
706.000 1.000 
707.000 1.000 
708.000 1.000 
709.000 1.000 
710.000 1.000 
711.000 1.000 
712.000 1.000 
713.000 1.000 
714.000 1.000 
715.000 1.000 
716.000 1.000 
717.000 1.000 
718.000 1.000 
719.000 1.000 
720.000 1.000 
721.000 1.000 
722.000 1.000 
723.000 1.000 
724.000 1.000 
725.000 1.000 
726.000 1.000 
727.000 1.000 
728.000 1.000 
729.000 1.000 
730.000 1.000 
731.000 1.000 
732.000 1.000 
733.000 1.000 
734.000 1.000 
735.000 1.000 
736.000 1.000 
737.000 1.000 
738.000 1.000 
739.000 1.000 
740.000 1.000 
741.000 1.000 
742.000 1.000 
743.000 1.000 
744.000 1.000 
745.000 1.000 
746.000 1.000 
747.000 1.000 
748.000 1.000 
749.000 1.000 
750.000 1.000 
751.000 1.000 
752.000 1.000 
753.000 1.000 
754.000 1.000 
755.000 1.000 
756.000 1.000 
757.000 1.000 
758.000 1.000 
759.000 1.000 
760.000 1.000 
761.000 1.000 
762.000 1.000 
763.000 1.000 
764.000 1.000 
765.000 1.000 
766.000 1.000 
767.000 1.000 
768.000 1.000 
769.000 1.000 
770.000 1.000 
771.000 1.000 
772.000 1.000 
773.000 1.000 
774.000 1.000 
775.000 1.000 
776.000 1.000 
777.000 1.000 
778.000 1.000 
779.000 1.000 
780.000 1.000 
781.000 1.000 
782.000 1.000 
783.000 1.000 
784.000 1.000 
785.000 1.000 
786.000 1.000 
787.000 1.000 
788.000 1.000 
789.000 1.000 
790.000 1.000 
791.000 1.000 
792.000 1.000 
793.000 1.000 
794.000 1.000 
795.000 1.000 
796.000 1.000 
797.000 1.000 
798.000 1.000 
799.000 1.000 
800.000 1.000 
