1.000 0.000 
2.000 0.000 
3.000 0.000 
4.000 0.000 
5.000 0.000 
6.000 0.000 
7.000 -0.023 
8.000 -0.035 
9.000 -0.040 
10.000 -0.041 
11.000 -0.039 
12.000 -0.035 
13.000 -0.032 
14.000 -0.029 
15.000 -0.029 
16.000 -0.031 
17.000 -0.034 
18.000 -0.038 
19.000 -0.043 
20.000 -0.047 
21.000 -0.050 
22.000 -0.052 
23.000 -0.054 
24.000 -0.055 
25.000 -0.056 
26.000 -0.056 
27.000 -0.057 
28.000 -0.059 
29.000 -0.061 
30.000 -0.063 
31.000 -0.065 
32.000 -0.067 
33.000 -0.069 
34.000 -0.071 
35.000 -0.073 
36.000 -0.074 
37.000 -0.076 
38.000 -0.077 
39.000 -0.079 
40.000 -0.080 
41.000 -0.082 
42.000 -0.083 
43.000 -0.085 
44.000 -0.087 
45.000 -0.088 
46.000 -0.090 
47.000 -0.091 
48.000 -0.093 
49.000 -0.094 
50.000 -0.096 
51.000 -0.097 
52.000 -0.099 
53.000 -0.100 
54.000 -0.102 
55.000 -0.103 
56.000 -0.105 
57.000 -0.106 
58.000 -0.108 
59.000 -0.109 
60.000 -0.110 
61.000 -0.112 
62.000 -0.113 
63.000 -0.115 
64.000 -0.116 
65.000 -0.117 
66.000 -0.119 
67.000 -0.120 
68.000 -0.121 
69.000 -0.123 
70.000 -0.124 
71.000 -0.125 
72.000 -0.127 
73.000 -0.128 
74.000 -0.129 
75.000 -0.131 
76.000 -0.132 
77.000 -0.133 
78.000 -0.134 
79.000 -0.136 
80.000 -0.137 
81.000 -0.138 
82.000 -0.139 
83.000 -0.141 
84.000 -0.142 
85.000 -0.143 
86.000 -0.144 
87.000 -0.145 
88.000 -0.147 
89.000 -0.148 
90.000 -0.149 
91.000 -0.150 
92.000 -0.151 
93.000 -0.153 
94.000 -0.154 
95.000 -0.155 
96.000 -0.156 
97.000 -0.157 
98.000 -0.158 
99.000 -0.160 
100.000 -0.161 
101.000 -0.162 
102.000 -0.163 
103.000 -0.164 
104.000 -0.165 
105.000 -0.166 
106.000 -0.167 
107.000 -0.169 
108.000 -0.170 
109.000 -0.171 
110.000 -0.172 
111.000 -0.173 
112.000 -0.174 
113.000 -0.175 
114.000 -0.176 
115.000 -0.177 
116.000 -0.178 
117.000 -0.179 
118.000 -0.180 
119.000 -0.181 
120.000 -0.182 
121.000 -0.173 
122.000 -0.169 
123.000 -0.168 
124.000 -0.169 
125.000 -0.171 
126.000 -0.173 
127.000 -0.176 
128.000 -0.177 
129.000 -0.178 
130.000 -0.178 
131.000 -0.177 
132.000 -0.177 
133.000 -0.176 
134.000 -0.175 
135.000 -0.175 
136.000 -0.175 
137.000 -0.175 
138.000 -0.175 
139.000 -0.176 
140.000 -0.176 
141.000 -0.176 
142.000 -0.177 
143.000 -0.176 
144.000 -0.176 
145.000 -0.176 
146.000 -0.176 
147.000 -0.176 
148.000 -0.176 
149.000 -0.176 
150.000 -0.176 
151.000 -0.176 
152.000 -0.177 
153.000 -0.177 
154.000 -0.177 
155.000 -0.177 
156.000 -0.177 
157.000 -0.177 
158.000 -0.177 
159.000 -0.177 
160.000 -0.177 
161.000 -0.177 
162.000 -0.177 
163.000 -0.177 
164.000 -0.177 
165.000 -0.177 
166.000 -0.177 
167.000 -0.177 
168.000 -0.177 
169.000 -0.177 
170.000 -0.177 
171.000 -0.177 
172.000 -0.177 
173.000 -0.177 
174.000 -0.177 
175.000 -0.177 
176.000 -0.177 
177.000 -0.178 
178.000 -0.178 
179.000 -0.178 
180.000 -0.178 
181.000 -0.178 
182.000 -0.178 
183.000 -0.178 
184.000 -0.178 
185.000 -0.178 
186.000 -0.178 
187.000 -0.178 
188.000 -0.178 
189.000 -0.178 
190.000 -0.178 
191.000 -0.178 
192.000 -0.178 
193.000 -0.178 
194.000 -0.178 
195.000 -0.178 
196.000 -0.178 
197.000 -0.178 
198.000 -0.178 
199.000 -0.178 
200.000 -0.178 
201.000 -0.178 
202.000 -0.178 
203.000 -0.178 
204.000 -0.178 
205.000 -0.179 
206.000 -0.179 
207.000 -0.179 
208.000 -0.179 
209.000 -0.179 
210.000 -0.179 
211.000 -0.179 
212.000 -0.179 
213.000 -0.179 
214.000 -0.179 
215.000 -0.179 
216.000 -0.179 
217.000 -0.179 
218.000 -0.179 
219.000 -0.179 
220.000 -0.179 
221.000 -0.179 
222.000 -0.179 
223.000 -0.179 
224.000 -0.179 
225.000 -0.179 
226.000 -0.179 
227.000 -0.179 
228.000 -0.179 
229.000 -0.179 
230.000 -0.179 
231.000 -0.179 
232.000 -0.179 
233.000 -0.179 
234.000 -0.179 
235.000 -0.179 
236.000 -0.180 
237.000 -0.180 
238.000 -0.180 
239.000 -0.180 
240.000 -0.180 
241.000 -0.123 
242.000 -0.094 
243.000 -0.082 
244.000 -0.081 
245.000 -0.086 
246.000 -0.094 
247.000 -0.102 
248.000 -0.105 
249.000 -0.105 
250.000 -0.099 
251.000 -0.090 
252.000 -0.080 
253.000 -0.069 
254.000 -0.060 
255.000 -0.052 
256.000 -0.047 
257.000 -0.043 
258.000 -0.040 
259.000 -0.038 
260.000 -0.035 
261.000 -0.031 
262.000 -0.027 
263.000 -0.022 
264.000 -0.017 
265.000 -0.011 
266.000 -0.006 
267.000 -0.001 
268.000 0.004 
269.000 0.009 
270.000 0.013 
271.000 0.017 
272.000 0.020 
273.000 0.024 
274.000 0.028 
275.000 0.032 
276.000 0.036 
277.000 0.040 
278.000 0.044 
279.000 0.048 
280.000 0.052 
281.000 0.056 
282.000 0.059 
283.000 0.063 
284.000 0.066 
285.000 0.069 
286.000 0.073 
287.000 0.076 
288.000 0.079 
289.000 0.082 
290.000 0.085 
291.000 0.089 
292.000 0.092 
293.000 0.095 
294.000 0.097 
295.000 0.100 
296.000 0.103 
297.000 0.106 
298.000 0.108 
299.000 0.111 
300.000 0.113 
301.000 0.116 
302.000 0.118 
303.000 0.120 
304.000 0.123 
305.000 0.125 
306.000 0.127 
307.000 0.129 
308.000 0.131 
309.000 0.133 
310.000 0.135 
311.000 0.137 
312.000 0.139 
313.000 0.141 
314.000 0.143 
315.000 0.144 
316.000 0.146 
317.000 0.148 
318.000 0.149 
319.000 0.151 
320.000 0.152 
321.000 0.154 
322.000 0.155 
323.000 0.157 
324.000 0.158 
325.000 0.159 
326.000 0.160 
327.000 0.162 
328.000 0.163 
329.000 0.164 
330.000 0.165 
331.000 0.166 
332.000 0.167 
333.000 0.168 
334.000 0.169 
335.000 0.170 
336.000 0.171 
337.000 0.172 
338.000 0.173 
339.000 0.174 
340.000 0.175 
341.000 0.175 
342.000 0.176 
343.000 0.177 
344.000 0.178 
345.000 0.178 
346.000 0.179 
347.000 0.180 
348.000 0.180 
349.000 0.181 
350.000 0.181 
351.000 0.182 
352.000 0.183 
353.000 0.183 
354.000 0.184 
355.000 0.184 
356.000 0.185 
357.000 0.185 
358.000 0.186 
359.000 0.186 
360.000 0.186 
361.000 0.293 
362.000 0.348 
363.000 0.371 
364.000 0.373 
365.000 0.364 
366.000 0.346 
367.000 0.325 
368.000 0.305 
369.000 0.290 
370.000 0.283 
371.000 0.283 
372.000 0.292 
373.000 0.307 
374.000 0.326 
375.000 0.346 
376.000 0.365 
377.000 0.379 
378.000 0.388 
379.000 0.391 
380.000 0.390 
381.000 0.384 
382.000 0.377 
383.000 0.369 
384.000 0.362 
385.000 0.358 
386.000 0.357 
387.000 0.359 
388.000 0.364 
389.000 0.370 
390.000 0.378 
391.000 0.386 
392.000 0.393 
393.000 0.398 
394.000 0.400 
395.000 0.401 
396.000 0.399 
397.000 0.396 
398.000 0.393 
399.000 0.389 
400.000 0.386 
401.000 0.384 
402.000 0.384 
403.000 0.385 
404.000 0.387 
405.000 0.390 
406.000 0.394 
407.000 0.397 
408.000 0.399 
409.000 0.401 
410.000 0.402 
411.000 0.402 
412.000 0.401 
413.000 0.400 
414.000 0.398 
415.000 0.396 
416.000 0.395 
417.000 0.394 
418.000 0.394 
419.000 0.394 
420.000 0.395 
421.000 0.397 
422.000 0.398 
423.000 0.399 
424.000 0.401 
425.000 0.401 
426.000 0.402 
427.000 0.401 
428.000 0.401 
429.000 0.400 
430.000 0.399 
431.000 0.399 
432.000 0.398 
433.000 0.398 
434.000 0.398 
435.000 0.398 
436.000 0.398 
437.000 0.399 
438.000 0.399 
439.000 0.400 
440.000 0.401 
441.000 0.401 
442.000 0.401 
443.000 0.401 
444.000 0.401 
445.000 0.400 
446.000 0.400 
447.000 0.399 
448.000 0.399 
449.000 0.399 
450.000 0.399 
451.000 0.399 
452.000 0.399 
453.000 0.400 
454.000 0.400 
455.000 0.400 
456.000 0.400 
457.000 0.400 
458.000 0.400 
459.000 0.400 
460.000 0.400 
461.000 0.400 
462.000 0.400 
463.000 0.400 
464.000 0.400 
465.000 0.400 
466.000 0.400 
467.000 0.400 
468.000 0.400 
469.000 0.400 
470.000 0.400 
471.000 0.400 
472.000 0.400 
473.000 0.400 
474.000 0.400 
475.000 0.400 
476.000 0.400 
477.000 0.400 
478.000 0.400 
479.000 0.400 
480.000 0.400 
481.000 0.846 
482.000 1.000 
483.000 1.000 
484.000 1.000 
485.000 1.000 
486.000 1.000 
487.000 1.000 
488.000 1.000 
489.000 1.000 
490.000 0.990 
491.000 0.874 
492.000 0.795 
493.000 0.746 
494.000 0.720 
495.000 0.711 
496.000 0.716 
497.000 0.731 
498.000 0.755 
499.000 0.786 
500.000 0.819 
501.000 0.850 
502.000 0.876 
503.000 0.893 
504.000 0.900 
505.000 0.897 
506.000 0.884 
507.000 0.864 
508.000 0.839 
509.000 0.813 
510.000 0.787 
511.000 0.765 
512.000 0.749 
513.000 0.740 
514.000 0.738 
515.000 0.743 
516.000 0.755 
517.000 0.771 
518.000 0.790 
519.000 0.809 
520.000 0.826 
521.000 0.839 
522.000 0.847 
523.000 0.850 
524.000 0.846 
525.000 0.839 
526.000 0.827 
527.000 0.814 
528.000 0.800 
529.000 0.787 
530.000 0.776 
531.000 0.769 
532.000 0.766 
533.000 0.766 
534.000 0.771 
535.000 0.778 
536.000 0.788 
537.000 0.798 
538.000 0.808 
539.000 0.816 
540.000 0.822 
541.000 0.826 
542.000 0.826 
543.000 0.823 
544.000 0.818 
545.000 0.812 
546.000 0.804 
547.000 0.797 
548.000 0.790 
549.000 0.785 
550.000 0.782 
551.000 0.781 
552.000 0.783 
553.000 0.786 
554.000 0.790 
555.000 0.795 
556.000 0.801 
557.000 0.806 
558.000 0.810 
559.000 0.813 
560.000 0.814 
561.000 0.813 
562.000 0.811 
563.000 0.808 
564.000 0.805 
565.000 0.801 
566.000 0.797 
567.000 0.794 
568.000 0.791 
569.000 0.790 
570.000 0.790 
571.000 0.791 
572.000 0.793 
573.000 0.796 
574.000 0.799 
575.000 0.801 
576.000 0.804 
577.000 0.806 
578.000 0.807 
579.000 0.807 
580.000 0.807 
581.000 0.805 
582.000 0.804 
583.000 0.802 
584.000 0.800 
585.000 0.798 
586.000 0.796 
587.000 0.795 
588.000 0.795 
589.000 0.795 
590.000 0.796 
591.000 0.797 
592.000 0.798 
593.000 0.800 
594.000 0.801 
595.000 0.803 
596.000 0.803 
597.000 0.804 
598.000 0.804 
599.000 0.803 
600.000 0.803 
601.000 1.000 
602.000 1.000 
603.000 1.000 
604.000 1.000 
605.000 1.000 
606.000 1.000 
607.000 1.000 
608.000 1.000 
609.000 1.000 
610.000 1.000 
611.000 1.000 
612.000 1.000 
613.000 1.000 
614.000 1.000 
615.000 1.000 
616.000 1.000 
617.000 1.000 
618.000 1.000 
619.000 1.000 
620.000 1.000 
621.000 1.000 
622.000 1.000 
623.000 1.000 
624.000 1.000 
625.000 1.000 
626.000 1.000 
627.000 1.000 
628.000 1.000 
629.000 1.000 
630.000 1.000 
631.000 1.000 
632.000 1.000 
633.000 1.000 
634.000 1.000 
635.000 1.000 
636.000 1.000 
637.000 1.000 
638.000 1.000 
639.000 1.000 
640.000 1.000 
641.000 1.000 
642.000 1.000 
643.000 1.000 
644.000 1.000 
645.000 1.000 
646.000 1.000 
647.000 1.000 
648.000 1.000 
649.000 1.000 
650.000 1.000 
651.000 1.000 
652.000 1.000 
653.000 1.000 
654.000 1.000 
655.000 1.000 
656.000 1.000 
657.000 1.000 
658.000 1.000 
659.000 1.000 
660.000 1.000 
661.000 1.000 
662.000 1.000 
663.000 1.000 
664.000 1.000 
665.000 1.000 
666.000 1.000 
667.000 1.000 
668.000 1.000 
669.000 1.000 
670.000 1.000 
671.000 1.000 
672.000 1.000 
673.000 1.000 
674.000 1.000 
675.000 1.000 
676.000 1.000 
677.000 1.000 
678.000 1.000 
679.000 1.000 
680.000 1.000 
681.000 1.000 
682.000 1.000 
683.000 1.000 
684.000 1.000 
685.000 1.000 
686.000 1.000 
687.000 1.000 
688.000 1.000 
689.000 1.000 
690.000 1.000 
691.000 1.000 
692.000 1.000 
693.000 1.000 
694.000 1.000 
695.000 1.000 
696.000 1.000 
697.000 1.000 
698.000 1.000 
699.000 1.000 
700.000 1.000 
701.000 1.000 
702.000 1.000 
703.000 1.000 
704.000 1.000 
705.000 1.000 
706.000 1.000 
707.000 1.000 
708.000 1.000 
709.000 1.000 
710.000 1.000 
711.000 1.000 
712.000 1.000 
713.000 1.000 
714.000 1.000 
715.000 1.000 
716.000 1.000 
717.000 1.000 
718.000 1.000 
719.000 1.000 
720.000 1.000 
721.000 1.000 
722.000 1.000 
723.000 1.000 
724.000 1.000 
725.000 1.000 
726.000 1.000 
727.000 1.000 
728.000 1.000 
729.000 1.000 
730.000 1.000 
731.000 1.000 
732.000 1.000 
733.000 1.000 
734.000 1.000 
735.000 1.000 
736.000 1.000 
737.000 1.000 
738.000 1.000 
739.000 1.000 
740.000 1.000 
741.000 1.000 
742.000 1.000 
743.000 1.000 
744.000 1.000 
745.000 1.000 
746.000 1.000 
747.000 1.000 
748.000 1.000 
749.000 1.000 
750.000 1.000 
751.000 1.000 
752.000 1.000 
753.000 1.000 
754.000 1.000 
755.000 1.000 
756.000 1.000 
757.000 1.000 
758.000 1.000 
759.000 1.000 
760.000 1.000 
761.000 1.000 
762.000 1.000 
763.000 1.000 
764.000 1.000 
765.000 1.000 
766.000 1.000 
767.000 1.000 
768.000 1.000 
769.000 1.000 
770.000 1.000 
771.000 1.000 
772.000 1.000 
773.000 1.000 
774.000 1.000 
775.000 1.000 
776.000 1.000 
777.000 1.000 
778.000 1.000 
779.000 1.000 
780.000 1.000 
781.000 1.000 
782.000 1.000 
783.000 1.000 
784.000 1.000 
785.000 1.000 
786.000 1.000 
787.000 1.000 
788.000 1.000 
789.000 1.000 
790.000 1.000 
791.000 1.000 
792.000 1.000 
793.000 1.000 
794.000 1.000 
795.000 1.000 
796.000 1.000 
797.000 1.000 
798.000 1.000 
799.000 1.000 
800.000 1.000 
