1.000 0.000 
2.000 0.000 
3.000 0.000 
4.000 0.000 
5.000 0.000 
6.000 0.000 
7.000 -0.002 
8.000 -0.004 
9.000 -0.005 
10.000 -0.007 
11.000 -0.009 
12.000 -0.010 
13.000 -0.012 
14.000 -0.013 
15.000 -0.014 
16.000 -0.015 
17.000 -0.016 
18.000 -0.017 
19.000 -0.019 
20.000 -0.020 
21.000 -0.020 
22.000 -0.021 
23.000 -0.022 
24.000 -0.023 
25.000 -0.024 
26.000 -0.025 
27.000 -0.026 
28.000 -0.027 
29.000 -0.028 
30.000 -0.029 
31.000 -0.030 
32.000 -0.031 
33.000 -0.032 
34.000 -0.033 
35.000 -0.034 
36.000 -0.035 
37.000 -0.036 
38.000 -0.037 
39.000 -0.038 
40.000 -0.039 
41.000 -0.040 
42.000 -0.041 
43.000 -0.042 
44.000 -0.043 
45.000 -0.044 
46.000 -0.045 
47.000 -0.045 
48.000 -0.046 
49.000 -0.047 
50.000 -0.048 
51.000 -0.049 
52.000 -0.050 
53.000 -0.051 
54.000 -0.052 
55.000 -0.053 
56.000 -0.054 
57.000 -0.054 
58.000 -0.055 
59.000 -0.056 
60.000 -0.057 
61.000 -0.058 
62.000 -0.059 
63.000 -0.060 
64.000 -0.060 
65.000 -0.061 
66.000 -0.062 
67.000 -0.063 
68.000 -0.064 
69.000 -0.065 
70.000 -0.065 
71.000 -0.066 
72.000 -0.067 
73.000 -0.068 
74.000 -0.069 
75.000 -0.070 
76.000 -0.070 
77.000 -0.071 
78.000 -0.072 
79.000 -0.073 
80.000 -0.074 
81.000 -0.074 
82.000 -0.075 
83.000 -0.076 
84.000 -0.077 
85.000 -0.078 
86.000 -0.078 
87.000 -0.079 
88.000 -0.080 
89.000 -0.081 
90.000 -0.081 
91.000 -0.082 
92.000 -0.083 
93.000 -0.084 
94.000 -0.084 
95.000 -0.085 
96.000 -0.086 
97.000 -0.087 
98.000 -0.087 
99.000 -0.088 
100.000 -0.089 
101.000 -0.090 
102.000 -0.090 
103.000 -0.091 
104.000 -0.092 
105.000 -0.093 
106.000 -0.093 
107.000 -0.094 
108.000 -0.095 
109.000 -0.096 
110.000 -0.096 
111.000 -0.097 
112.000 -0.098 
113.000 -0.098 
114.000 -0.099 
115.000 -0.100 
116.000 -0.101 
117.000 -0.101 
118.000 -0.102 
119.000 -0.103 
120.000 -0.103 
121.000 -0.103 
122.000 -0.103 
123.000 -0.103 
124.000 -0.103 
125.000 -0.103 
126.000 -0.103 
127.000 -0.103 
128.000 -0.103 
129.000 -0.103 
130.000 -0.104 
131.000 -0.104 
132.000 -0.104 
133.000 -0.104 
134.000 -0.104 
135.000 -0.105 
136.000 -0.105 
137.000 -0.105 
138.000 -0.105 
139.000 -0.106 
140.000 -0.106 
141.000 -0.106 
142.000 -0.106 
143.000 -0.106 
144.000 -0.107 
145.000 -0.107 
146.000 -0.107 
147.000 -0.107 
148.000 -0.107 
149.000 -0.108 
150.000 -0.108 
151.000 -0.108 
152.000 -0.108 
153.000 -0.108 
154.000 -0.109 
155.000 -0.109 
156.000 -0.109 
157.000 -0.109 
158.000 -0.109 
159.000 -0.109 
160.000 -0.110 
161.000 -0.110 
162.000 -0.110 
163.000 -0.110 
164.000 -0.110 
165.000 -0.111 
166.000 -0.111 
167.000 -0.111 
168.000 -0.111 
169.000 -0.111 
170.000 -0.111 
171.000 -0.112 
172.000 -0.112 
173.000 -0.112 
174.000 -0.112 
175.000 -0.112 
176.000 -0.113 
177.000 -0.113 
178.000 -0.113 
179.000 -0.113 
180.000 -0.113 
181.000 -0.113 
182.000 -0.114 
183.000 -0.114 
184.000 -0.114 
185.000 -0.114 
186.000 -0.114 
187.000 -0.114 
188.000 -0.115 
189.000 -0.115 
190.000 -0.115 
191.000 -0.115 
192.000 -0.115 
193.000 -0.116 
194.000 -0.116 
195.000 -0.116 
196.000 -0.116 
197.000 -0.116 
198.000 -0.116 
199.000 -0.117 
200.000 -0.117 
201.000 -0.117 
202.000 -0.117 
203.000 -0.117 
204.000 -0.117 
205.000 -0.118 
206.000 -0.118 
207.000 -0.118 
208.000 -0.118 
209.000 -0.118 
210.000 -0.118 
211.000 -0.118 
212.000 -0.119 
213.000 -0.119 
214.000 -0.119 
215.000 -0.119 
216.000 -0.119 
217.000 -0.119 
218.000 -0.120 
219.000 -0.120 
220.000 -0.120 
221.000 -0.120 
222.000 -0.120 
223.000 -0.120 
224.000 -0.121 
225.000 -0.121 
226.000 -0.121 
227.000 -0.121 
228.000 -0.121 
229.000 -0.121 
230.000 -0.121 
231.000 -0.122 
232.000 -0.122 
233.000 -0.122 
234.000 -0.122 
235.000 -0.122 
236.000 -0.122 
237.000 -0.123 
238.000 -0.123 
239.000 -0.123 
240.000 -0.123 
241.000 -0.119 
242.000 -0.114 
243.000 -0.110 
244.000 -0.106 
245.000 -0.103 
246.000 -0.099 
247.000 -0.096 
248.000 -0.093 
249.000 -0.090 
250.000 -0.087 
251.000 -0.085 
252.000 -0.082 
253.000 -0.080 
254.000 -0.077 
255.000 -0.075 
256.000 -0.073 
257.000 -0.070 
258.000 -0.068 
259.000 -0.066 
260.000 -0.063 
261.000 -0.061 
262.000 -0.059 
263.000 -0.056 
264.000 -0.054 
265.000 -0.051 
266.000 -0.049 
267.000 -0.047 
268.000 -0.044 
269.000 -0.042 
270.000 -0.040 
271.000 -0.037 
272.000 -0.035 
273.000 -0.033 
274.000 -0.030 
275.000 -0.028 
276.000 -0.026 
277.000 -0.023 
278.000 -0.021 
279.000 -0.019 
280.000 -0.017 
281.000 -0.014 
282.000 -0.012 
283.000 -0.010 
284.000 -0.008 
285.000 -0.006 
286.000 -0.004 
287.000 -0.001 
288.000 0.001 
289.000 0.003 
290.000 0.005 
291.000 0.007 
292.000 0.009 
293.000 0.011 
294.000 0.013 
295.000 0.015 
296.000 0.018 
297.000 0.020 
298.000 0.022 
299.000 0.024 
300.000 0.026 
301.000 0.028 
302.000 0.030 
303.000 0.031 
304.000 0.033 
305.000 0.035 
306.000 0.037 
307.000 0.039 
308.000 0.041 
309.000 0.043 
310.000 0.045 
311.000 0.047 
312.000 0.048 
313.000 0.050 
314.000 0.052 
315.000 0.054 
316.000 0.056 
317.000 0.057 
318.000 0.059 
319.000 0.061 
320.000 0.063 
321.000 0.064 
322.000 0.066 
323.000 0.068 
324.000 0.069 
325.000 0.071 
326.000 0.073 
327.000 0.074 
328.000 0.076 
329.000 0.077 
330.000 0.079 
331.000 0.081 
332.000 0.082 
333.000 0.084 
334.000 0.085 
335.000 0.087 
336.000 0.088 
337.000 0.090 
338.000 0.091 
339.000 0.093 
340.000 0.094 
341.000 0.096 
342.000 0.097 
343.000 0.098 
344.000 0.100 
345.000 0.101 
346.000 0.102 
347.000 0.104 
348.000 0.105 
349.000 0.106 
350.000 0.108 
351.000 0.109 
352.000 0.110 
353.000 0.111 
354.000 0.113 
355.000 0.114 
356.000 0.115 
357.000 0.116 
358.000 0.118 
359.000 0.119 
360.000 0.120 
361.000 0.129 
362.000 0.139 
363.000 0.148 
364.000 0.156 
365.000 0.165 
366.000 0.173 
367.000 0.180 
368.000 0.187 
369.000 0.194 
370.000 0.200 
371.000 0.206 
372.000 0.211 
373.000 0.216 
374.000 0.221 
375.000 0.226 
376.000 0.231 
377.000 0.236 
378.000 0.240 
379.000 0.244 
380.000 0.249 
381.000 0.253 
382.000 0.257 
383.000 0.262 
384.000 0.266 
385.000 0.270 
386.000 0.274 
387.000 0.278 
388.000 0.282 
389.000 0.286 
390.000 0.289 
391.000 0.293 
392.000 0.297 
393.000 0.300 
394.000 0.304 
395.000 0.307 
396.000 0.310 
397.000 0.313 
398.000 0.316 
399.000 0.319 
400.000 0.322 
401.000 0.325 
402.000 0.327 
403.000 0.330 
404.000 0.333 
405.000 0.335 
406.000 0.337 
407.000 0.340 
408.000 0.342 
409.000 0.344 
410.000 0.346 
411.000 0.348 
412.000 0.350 
413.000 0.352 
414.000 0.354 
415.000 0.355 
416.000 0.357 
417.000 0.359 
418.000 0.360 
419.000 0.362 
420.000 0.363 
421.000 0.365 
422.000 0.366 
423.000 0.367 
424.000 0.369 
425.000 0.370 
426.000 0.371 
427.000 0.372 
428.000 0.373 
429.000 0.374 
430.000 0.375 
431.000 0.376 
432.000 0.377 
433.000 0.378 
434.000 0.379 
435.000 0.380 
436.000 0.381 
437.000 0.381 
438.000 0.382 
439.000 0.383 
440.000 0.384 
441.000 0.384 
442.000 0.385 
443.000 0.385 
444.000 0.386 
445.000 0.387 
446.000 0.387 
447.000 0.388 
448.000 0.388 
449.000 0.389 
450.000 0.389 
451.000 0.390 
452.000 0.390 
453.000 0.390 
454.000 0.391 
455.000 0.391 
456.000 0.391 
457.000 0.392 
458.000 0.392 
459.000 0.392 
460.000 0.393 
461.000 0.393 
462.000 0.393 
463.000 0.394 
464.000 0.394 
465.000 0.394 
466.000 0.394 
467.000 0.395 
468.000 0.395 
469.000 0.395 
470.000 0.395 
471.000 0.395 
472.000 0.396 
473.000 0.396 
474.000 0.396 
475.000 0.396 
476.000 0.396 
477.000 0.396 
478.000 0.397 
479.000 0.397 
480.000 0.397 
481.000 0.433 
482.000 0.467 
483.000 0.501 
484.000 0.533 
485.000 0.563 
486.000 0.592 
487.000 0.619 
488.000 0.643 
489.000 0.666 
490.000 0.686 
491.000 0.704 
492.000 0.720 
493.000 0.734 
494.000 0.746 
495.000 0.756 
496.000 0.765 
497.000 0.772 
498.000 0.778 
499.000 0.783 
500.000 0.787 
501.000 0.790 
502.000 0.792 
503.000 0.794 
504.000 0.795 
505.000 0.795 
506.000 0.796 
507.000 0.796 
508.000 0.796 
509.000 0.796 
510.000 0.795 
511.000 0.795 
512.000 0.795 
513.000 0.795 
514.000 0.795 
515.000 0.795 
516.000 0.795 
517.000 0.795 
518.000 0.795 
519.000 0.795 
520.000 0.796 
521.000 0.796 
522.000 0.796 
523.000 0.797 
524.000 0.797 
525.000 0.798 
526.000 0.798 
527.000 0.799 
528.000 0.799 
529.000 0.799 
530.000 0.800 
531.000 0.800 
532.000 0.800 
533.000 0.800 
534.000 0.801 
535.000 0.801 
536.000 0.801 
537.000 0.801 
538.000 0.801 
539.000 0.801 
540.000 0.801 
541.000 0.801 
542.000 0.801 
543.000 0.801 
544.000 0.801 
545.000 0.801 
546.000 0.800 
547.000 0.800 
548.000 0.800 
549.000 0.800 
550.000 0.800 
551.000 0.800 
552.000 0.800 
553.000 0.800 
554.000 0.800 
555.000 0.800 
556.000 0.800 
557.000 0.800 
558.000 0.800 
559.000 0.800 
560.000 0.800 
561.000 0.800 
562.000 0.800 
563.000 0.800 
564.000 0.800 
565.000 0.800 
566.000 0.800 
567.000 0.800 
568.000 0.800 
569.000 0.800 
570.000 0.800 
571.000 0.800 
572.000 0.800 
573.000 0.800 
574.000 0.800 
575.000 0.800 
576.000 0.800 
577.000 0.800 
578.000 0.800 
579.000 0.800 
580.000 0.800 
581.000 0.800 
582.000 0.800 
583.000 0.800 
584.000 0.800 
585.000 0.800 
586.000 0.800 
587.000 0.800 
588.000 0.800 
589.000 0.800 
590.000 0.800 
591.000 0.800 
592.000 0.800 
593.000 0.800 
594.000 0.800 
595.000 0.800 
596.000 0.800 
597.000 0.800 
598.000 0.800 
599.000 0.800 
600.000 0.800 
601.000 0.827 
602.000 0.853 
603.000 0.878 
604.000 0.902 
605.000 0.925 
606.000 0.946 
607.000 0.966 
608.000 0.985 
609.000 1.000 
610.000 1.000 
611.000 1.000 
612.000 1.000 
613.000 1.000 
614.000 1.000 
615.000 1.000 
616.000 1.000 
617.000 1.000 
618.000 1.000 
619.000 1.000 
620.000 1.000 
621.000 1.000 
622.000 1.000 
623.000 1.000 
624.000 1.000 
625.000 1.000 
626.000 1.000 
627.000 1.000 
628.000 1.000 
629.000 1.000 
630.000 1.000 
631.000 1.000 
632.000 1.000 
633.000 1.000 
634.000 1.000 
635.000 1.000 
636.000 1.000 
637.000 1.000 
638.000 1.000 
639.000 1.000 
640.000 1.000 
641.000 1.000 
642.000 1.000 
643.000 1.000 
644.000 1.000 
645.000 1.000 
646.000 1.000 
647.000 1.000 
648.000 1.000 
649.000 1.000 
650.000 1.000 
651.000 1.000 
652.000 1.000 
653.000 1.000 
654.000 1.000 
655.000 1.000 
656.000 1.000 
657.000 1.000 
658.000 1.000 
659.000 1.000 
660.000 1.000 
661.000 1.000 
662.000 1.000 
663.000 1.000 
664.000 1.000 
665.000 1.000 
666.000 1.000 
667.000 1.000 
668.000 1.000 
669.000 1.000 
670.000 1.000 
671.000 1.000 
672.000 1.000 
673.000 1.000 
674.000 1.000 
675.000 1.000 
676.000 1.000 
677.000 1.000 
678.000 1.000 
679.000 1.000 
680.000 1.000 
681.000 1.000 
682.000 1.000 
683.000 1.000 
684.000 1.000 
685.000 1.000 
686.000 1.000 
687.000 1.000 
688.000 1.000 
689.000 1.000 
690.000 1.000 
691.000 1.000 
692.000 1.000 
693.000 1.000 
694.000 1.000 
695.000 1.000 
696.000 1.000 
697.000 1.000 
698.000 1.000 
699.000 1.000 
700.000 1.000 
701.000 1.000 
702.000 1.000 
703.000 1.000 
704.000 1.000 
705.000 1.000 
706.000 1.000 
707.000 1.000 
708.000 1.000 
709.000 1.000 
710.000 1.000 
711.000 1.000 
712.000 1.000 
713.000 1.000 
714.000 1.000 
715.000 1.000 
716.000 1.000 
717.000 1.000 
718.000 1.000 
719.000 1.000 
720.000 1.000 
721.000 1.000 
722.000 1.000 
723.000 1.000 
724.000 1.000 
725.000 1.000 
726.000 1.000 
727.000 1.000 
728.000 1.000 
729.000 1.000 
730.000 1.000 
731.000 1.000 
732.000 1.000 
733.000 1.000 
734.000 1.000 
735.000 1.000 
736.000 1.000 
737.000 1.000 
738.000 1.000 
739.000 1.000 
740.000 1.000 
741.000 1.000 
742.000 1.000 
743.000 1.000 
744.000 1.000 
745.000 1.000 
746.000 1.000 
747.000 1.000 
748.000 1.000 
749.000 1.000 
750.000 1.000 
751.000 1.000 
752.000 1.000 
753.000 1.000 
754.000 1.000 
755.000 1.000 
756.000 1.000 
757.000 1.000 
758.000 1.000 
759.000 1.000 
760.000 1.000 
761.000 1.000 
762.000 1.000 
763.000 1.000 
764.000 1.000 
765.000 1.000 
766.000 1.000 
767.000 1.000 
768.000 1.000 
769.000 1.000 
770.000 1.000 
771.000 1.000 
772.000 1.000 
773.000 1.000 
774.000 1.000 
775.000 1.000 
776.000 1.000 
777.000 1.000 
778.000 1.000 
779.000 1.000 
780.000 1.000 
781.000 1.000 
782.000 1.000 
783.000 1.000 
784.000 1.000 
785.000 1.000 
786.000 1.000 
787.000 1.000 
788.000 1.000 
789.000 1.000 
790.000 1.000 
791.000 1.000 
792.000 1.000 
793.000 1.000 
794.000 1.000 
795.000 1.000 
796.000 1.000 
797.000 1.000 
798.000 1.000 
799.000 1.000 
800.000 1.000 
