1.000 0.000 
2.000 0.000 
3.000 0.000 
4.000 0.000 
5.000 0.000 
6.000 0.000 
7.000 -0.008 
8.000 -0.014 
9.000 -0.018 
10.000 -0.022 
11.000 -0.024 
12.000 -0.026 
13.000 -0.027 
14.000 -0.028 
15.000 -0.028 
16.000 -0.029 
17.000 -0.029 
18.000 -0.030 
19.000 -0.031 
20.000 -0.033 
21.000 -0.034 
22.000 -0.036 
23.000 -0.038 
24.000 -0.039 
25.000 -0.041 
26.000 -0.043 
27.000 -0.045 
28.000 -0.046 
29.000 -0.048 
30.000 -0.049 
31.000 -0.051 
32.000 -0.052 
33.000 -0.053 
34.000 -0.055 
35.000 -0.056 
36.000 -0.057 
37.000 -0.059 
38.000 -0.060 
39.000 -0.061 
40.000 -0.063 
41.000 -0.064 
42.000 -0.065 
43.000 -0.067 
44.000 -0.068 
45.000 -0.069 
46.000 -0.071 
47.000 -0.072 
48.000 -0.073 
49.000 -0.075 
50.000 -0.076 
51.000 -0.077 
52.000 -0.078 
53.000 -0.080 
54.000 -0.081 
55.000 -0.082 
56.000 -0.083 
57.000 -0.085 
58.000 -0.086 
59.000 -0.087 
60.000 -0.088 
61.000 -0.089 
62.000 -0.091 
63.000 -0.092 
64.000 -0.093 
65.000 -0.094 
66.000 -0.095 
67.000 -0.096 
68.000 -0.098 
69.000 -0.099 
70.000 -0.100 
71.000 -0.101 
72.000 -0.102 
73.000 -0.103 
74.000 -0.104 
75.000 -0.106 
76.000 -0.107 
77.000 -0.108 
78.000 -0.109 
79.000 -0.110 
80.000 -0.111 
81.000 -0.112 
82.000 -0.113 
83.000 -0.114 
84.000 -0.115 
85.000 -0.116 
86.000 -0.117 
87.000 -0.118 
88.000 -0.119 
89.000 -0.120 
90.000 -0.122 
91.000 -0.123 
92.000 -0.124 
93.000 -0.125 
94.000 -0.126 
95.000 -0.127 
96.000 -0.128 
97.000 -0.129 
98.000 -0.130 
99.000 -0.131 
100.000 -0.132 
101.000 -0.133 
102.000 -0.134 
103.000 -0.135 
104.000 -0.136 
105.000 -0.137 
106.000 -0.137 
107.000 -0.138 
108.000 -0.139 
109.000 -0.140 
110.000 -0.141 
111.000 -0.142 
112.000 -0.143 
113.000 -0.144 
114.000 -0.145 
115.000 -0.146 
116.000 -0.147 
117.000 -0.148 
118.000 -0.149 
119.000 -0.150 
120.000 -0.151 
121.000 -0.148 
122.000 -0.147 
123.000 -0.145 
124.000 -0.145 
125.000 -0.145 
126.000 -0.145 
127.000 -0.145 
128.000 -0.146 
129.000 -0.146 
130.000 -0.147 
131.000 -0.147 
132.000 -0.148 
133.000 -0.148 
134.000 -0.148 
135.000 -0.149 
136.000 -0.149 
137.000 -0.149 
138.000 -0.149 
139.000 -0.149 
140.000 -0.149 
141.000 -0.149 
142.000 -0.149 
143.000 -0.149 
144.000 -0.149 
145.000 -0.149 
146.000 -0.149 
147.000 -0.150 
148.000 -0.150 
149.000 -0.150 
150.000 -0.150 
151.000 -0.150 
152.000 -0.150 
153.000 -0.150 
154.000 -0.151 
155.000 -0.151 
156.000 -0.151 
157.000 -0.151 
158.000 -0.151 
159.000 -0.151 
160.000 -0.151 
161.000 -0.151 
162.000 -0.151 
163.000 -0.152 
164.000 -0.152 
165.000 -0.152 
166.000 -0.152 
167.000 -0.152 
168.000 -0.152 
169.000 -0.152 
170.000 -0.152 
171.000 -0.153 
172.000 -0.153 
173.000 -0.153 
174.000 -0.153 
175.000 -0.153 
176.000 -0.153 
177.000 -0.153 
178.000 -0.153 
179.000 -0.153 
180.000 -0.154 
181.000 -0.154 
182.000 -0.154 
183.000 -0.154 
184.000 -0.154 
185.000 -0.154 
186.000 -0.154 
187.000 -0.154 
188.000 -0.154 
189.000 -0.155 
190.000 -0.155 
191.000 -0.155 
192.000 -0.155 
193.000 -0.155 
194.000 -0.155 
195.000 -0.155 
196.000 -0.155 
197.000 -0.155 
198.000 -0.156 
199.000 -0.156 
200.000 -0.156 
201.000 -0.156 
202.000 -0.156 
203.000 -0.156 
204.000 -0.156 
205.000 -0.156 
206.000 -0.156 
207.000 -0.156 
208.000 -0.157 
209.000 -0.157 
210.000 -0.157 
211.000 -0.157 
212.000 -0.157 
213.000 -0.157 
214.000 -0.157 
215.000 -0.157 
216.000 -0.157 
217.000 -0.157 
218.000 -0.158 
219.000 -0.158 
220.000 -0.158 
221.000 -0.158 
222.000 -0.158 
223.000 -0.158 
224.000 -0.158 
225.000 -0.158 
226.000 -0.158 
227.000 -0.158 
228.000 -0.159 
229.000 -0.159 
230.000 -0.159 
231.000 -0.159 
232.000 -0.159 
233.000 -0.159 
234.000 -0.159 
235.000 -0.159 
236.000 -0.159 
237.000 -0.159 
238.000 -0.159 
239.000 -0.160 
240.000 -0.160 
241.000 -0.141 
242.000 -0.127 
243.000 -0.115 
244.000 -0.107 
245.000 -0.101 
246.000 -0.097 
247.000 -0.094 
248.000 -0.092 
249.000 -0.091 
250.000 -0.089 
251.000 -0.088 
252.000 -0.085 
253.000 -0.082 
254.000 -0.079 
255.000 -0.074 
256.000 -0.070 
257.000 -0.066 
258.000 -0.061 
259.000 -0.056 
260.000 -0.052 
261.000 -0.048 
262.000 -0.044 
263.000 -0.040 
264.000 -0.036 
265.000 -0.033 
266.000 -0.029 
267.000 -0.026 
268.000 -0.022 
269.000 -0.019 
270.000 -0.015 
271.000 -0.012 
272.000 -0.008 
273.000 -0.005 
274.000 -0.001 
275.000 0.002 
276.000 0.006 
277.000 0.009 
278.000 0.013 
279.000 0.016 
280.000 0.019 
281.000 0.022 
282.000 0.026 
283.000 0.029 
284.000 0.032 
285.000 0.035 
286.000 0.038 
287.000 0.041 
288.000 0.044 
289.000 0.047 
290.000 0.050 
291.000 0.053 
292.000 0.056 
293.000 0.058 
294.000 0.061 
295.000 0.064 
296.000 0.067 
297.000 0.069 
298.000 0.072 
299.000 0.075 
300.000 0.077 
301.000 0.080 
302.000 0.082 
303.000 0.085 
304.000 0.087 
305.000 0.089 
306.000 0.092 
307.000 0.094 
308.000 0.096 
309.000 0.098 
310.000 0.101 
311.000 0.103 
312.000 0.105 
313.000 0.107 
314.000 0.109 
315.000 0.111 
316.000 0.113 
317.000 0.115 
318.000 0.117 
319.000 0.119 
320.000 0.120 
321.000 0.122 
322.000 0.124 
323.000 0.126 
324.000 0.127 
325.000 0.129 
326.000 0.131 
327.000 0.132 
328.000 0.134 
329.000 0.135 
330.000 0.137 
331.000 0.138 
332.000 0.140 
333.000 0.141 
334.000 0.143 
335.000 0.144 
336.000 0.145 
337.000 0.147 
338.000 0.148 
339.000 0.149 
340.000 0.150 
341.000 0.152 
342.000 0.153 
343.000 0.154 
344.000 0.155 
345.000 0.156 
346.000 0.157 
347.000 0.158 
348.000 0.159 
349.000 0.160 
350.000 0.161 
351.000 0.162 
352.000 0.163 
353.000 0.164 
354.000 0.165 
355.000 0.166 
356.000 0.167 
357.000 0.167 
358.000 0.168 
359.000 0.169 
360.000 0.170 
361.000 0.205 
362.000 0.233 
363.000 0.255 
364.000 0.272 
365.000 0.284 
366.000 0.293 
367.000 0.297 
368.000 0.300 
369.000 0.300 
370.000 0.300 
371.000 0.299 
372.000 0.299 
373.000 0.300 
374.000 0.302 
375.000 0.305 
376.000 0.309 
377.000 0.314 
378.000 0.319 
379.000 0.326 
380.000 0.332 
381.000 0.338 
382.000 0.344 
383.000 0.349 
384.000 0.353 
385.000 0.356 
386.000 0.359 
387.000 0.361 
388.000 0.363 
389.000 0.364 
390.000 0.365 
391.000 0.366 
392.000 0.367 
393.000 0.368 
394.000 0.370 
395.000 0.371 
396.000 0.373 
397.000 0.374 
398.000 0.376 
399.000 0.378 
400.000 0.379 
401.000 0.381 
402.000 0.383 
403.000 0.384 
404.000 0.385 
405.000 0.386 
406.000 0.387 
407.000 0.388 
408.000 0.389 
409.000 0.389 
410.000 0.390 
411.000 0.390 
412.000 0.391 
413.000 0.391 
414.000 0.391 
415.000 0.392 
416.000 0.392 
417.000 0.393 
418.000 0.393 
419.000 0.394 
420.000 0.394 
421.000 0.395 
422.000 0.395 
423.000 0.395 
424.000 0.396 
425.000 0.396 
426.000 0.396 
427.000 0.397 
428.000 0.397 
429.000 0.397 
430.000 0.397 
431.000 0.397 
432.000 0.397 
433.000 0.397 
434.000 0.398 
435.000 0.398 
436.000 0.398 
437.000 0.398 
438.000 0.398 
439.000 0.398 
440.000 0.398 
441.000 0.398 
442.000 0.399 
443.000 0.399 
444.000 0.399 
445.000 0.399 
446.000 0.399 
447.000 0.399 
448.000 0.399 
449.000 0.399 
450.000 0.399 
451.000 0.399 
452.000 0.399 
453.000 0.399 
454.000 0.399 
455.000 0.399 
456.000 0.399 
457.000 0.399 
458.000 0.399 
459.000 0.400 
460.000 0.400 
461.000 0.400 
462.000 0.400 
463.000 0.400 
464.000 0.400 
465.000 0.400 
466.000 0.400 
467.000 0.400 
468.000 0.400 
469.000 0.400 
470.000 0.400 
471.000 0.400 
472.000 0.400 
473.000 0.400 
474.000 0.400 
475.000 0.400 
476.000 0.400 
477.000 0.400 
478.000 0.400 
479.000 0.400 
480.000 0.400 
481.000 0.545 
482.000 0.661 
483.000 0.751 
484.000 0.819 
485.000 0.867 
486.000 0.899 
487.000 0.914 
488.000 0.917 
489.000 0.909 
490.000 0.893 
491.000 0.871 
492.000 0.846 
493.000 0.820 
494.000 0.794 
495.000 0.771 
496.000 0.750 
497.000 0.734 
498.000 0.723 
499.000 0.717 
500.000 0.716 
501.000 0.721 
502.000 0.729 
503.000 0.742 
504.000 0.757 
505.000 0.773 
506.000 0.790 
507.000 0.805 
508.000 0.820 
509.000 0.831 
510.000 0.840 
511.000 0.846 
512.000 0.848 
513.000 0.847 
514.000 0.843 
515.000 0.837 
516.000 0.830 
517.000 0.821 
518.000 0.812 
519.000 0.803 
520.000 0.794 
521.000 0.787 
522.000 0.781 
523.000 0.777 
524.000 0.774 
525.000 0.773 
526.000 0.774 
527.000 0.777 
528.000 0.781 
529.000 0.785 
530.000 0.790 
531.000 0.796 
532.000 0.801 
533.000 0.806 
534.000 0.810 
535.000 0.813 
536.000 0.815 
537.000 0.816 
538.000 0.816 
539.000 0.815 
540.000 0.813 
541.000 0.810 
542.000 0.807 
543.000 0.804 
544.000 0.801 
545.000 0.798 
546.000 0.796 
547.000 0.794 
548.000 0.792 
549.000 0.791 
550.000 0.791 
551.000 0.791 
552.000 0.792 
553.000 0.793 
554.000 0.795 
555.000 0.796 
556.000 0.798 
557.000 0.800 
558.000 0.802 
559.000 0.803 
560.000 0.804 
561.000 0.805 
562.000 0.805 
563.000 0.805 
564.000 0.805 
565.000 0.804 
566.000 0.804 
567.000 0.803 
568.000 0.802 
569.000 0.801 
570.000 0.800 
571.000 0.799 
572.000 0.798 
573.000 0.798 
574.000 0.797 
575.000 0.797 
576.000 0.797 
577.000 0.797 
578.000 0.798 
579.000 0.798 
580.000 0.799 
581.000 0.799 
582.000 0.800 
583.000 0.800 
584.000 0.801 
585.000 0.801 
586.000 0.802 
587.000 0.802 
588.000 0.802 
589.000 0.802 
590.000 0.801 
591.000 0.801 
592.000 0.801 
593.000 0.801 
594.000 0.800 
595.000 0.800 
596.000 0.800 
597.000 0.799 
598.000 0.799 
599.000 0.799 
600.000 0.799 
601.000 0.908 
602.000 0.996 
603.000 1.000 
604.000 1.000 
605.000 1.000 
606.000 1.000 
607.000 1.000 
608.000 1.000 
609.000 1.000 
610.000 1.000 
611.000 1.000 
612.000 1.000 
613.000 1.000 
614.000 1.000 
615.000 1.000 
616.000 1.000 
617.000 1.000 
618.000 1.000 
619.000 1.000 
620.000 1.000 
621.000 1.000 
622.000 1.000 
623.000 1.000 
624.000 1.000 
625.000 1.000 
626.000 1.000 
627.000 1.000 
628.000 1.000 
629.000 1.000 
630.000 1.000 
631.000 1.000 
632.000 1.000 
633.000 1.000 
634.000 1.000 
635.000 1.000 
636.000 1.000 
637.000 1.000 
638.000 1.000 
639.000 1.000 
640.000 1.000 
641.000 1.000 
642.000 1.000 
643.000 1.000 
644.000 1.000 
645.000 1.000 
646.000 1.000 
647.000 1.000 
648.000 1.000 
649.000 1.000 
650.000 1.000 
651.000 1.000 
652.000 1.000 
653.000 1.000 
654.000 1.000 
655.000 1.000 
656.000 1.000 
657.000 1.000 
658.000 1.000 
659.000 1.000 
660.000 1.000 
661.000 1.000 
662.000 1.000 
663.000 1.000 
664.000 1.000 
665.000 1.000 
666.000 1.000 
667.000 1.000 
668.000 1.000 
669.000 1.000 
670.000 1.000 
671.000 1.000 
672.000 1.000 
673.000 1.000 
674.000 1.000 
675.000 1.000 
676.000 1.000 
677.000 1.000 
678.000 1.000 
679.000 1.000 
680.000 1.000 
681.000 1.000 
682.000 1.000 
683.000 1.000 
684.000 1.000 
685.000 1.000 
686.000 1.000 
687.000 1.000 
688.000 1.000 
689.000 1.000 
690.000 1.000 
691.000 1.000 
692.000 1.000 
693.000 1.000 
694.000 1.000 
695.000 1.000 
696.000 1.000 
697.000 1.000 
698.000 1.000 
699.000 1.000 
700.000 1.000 
701.000 1.000 
702.000 1.000 
703.000 1.000 
704.000 1.000 
705.000 1.000 
706.000 1.000 
707.000 1.000 
708.000 1.000 
709.000 1.000 
710.000 1.000 
711.000 1.000 
712.000 1.000 
713.000 1.000 
714.000 1.000 
715.000 1.000 
716.000 1.000 
717.000 1.000 
718.000 1.000 
719.000 1.000 
720.000 1.000 
721.000 1.000 
722.000 1.000 
723.000 1.000 
724.000 1.000 
725.000 1.000 
726.000 1.000 
727.000 1.000 
728.000 1.000 
729.000 1.000 
730.000 1.000 
731.000 1.000 
732.000 1.000 
733.000 1.000 
734.000 1.000 
735.000 1.000 
736.000 1.000 
737.000 1.000 
738.000 1.000 
739.000 1.000 
740.000 1.000 
741.000 1.000 
742.000 1.000 
743.000 1.000 
744.000 1.000 
745.000 1.000 
746.000 1.000 
747.000 1.000 
748.000 1.000 
749.000 1.000 
750.000 1.000 
751.000 1.000 
752.000 1.000 
753.000 1.000 
754.000 1.000 
755.000 1.000 
756.000 1.000 
757.000 1.000 
758.000 1.000 
759.000 1.000 
760.000 1.000 
761.000 1.000 
762.000 1.000 
763.000 1.000 
764.000 1.000 
765.000 1.000 
766.000 1.000 
767.000 1.000 
768.000 1.000 
769.000 1.000 
770.000 1.000 
771.000 1.000 
772.000 1.000 
773.000 1.000 
774.000 1.000 
775.000 1.000 
776.000 1.000 
777.000 1.000 
778.000 1.000 
779.000 1.000 
780.000 1.000 
781.000 1.000 
782.000 1.000 
783.000 1.000 
784.000 1.000 
785.000 1.000 
786.000 1.000 
787.000 1.000 
788.000 1.000 
789.000 1.000 
790.000 1.000 
791.000 1.000 
792.000 1.000 
793.000 1.000 
794.000 1.000 
795.000 1.000 
796.000 1.000 
797.000 1.000 
798.000 1.000 
799.000 1.000 
800.000 1.000 
