1.000 0.000 
2.000 0.000 
3.000 0.000 
4.000 0.000 
5.000 0.000 
6.000 0.000 
7.000 -0.024 
8.000 -0.027 
9.000 -0.027 
10.000 -0.026 
11.000 -0.026 
12.000 -0.025 
13.000 -0.025 
14.000 -0.026 
15.000 -0.027 
16.000 -0.029 
17.000 -0.031 
18.000 -0.034 
19.000 -0.036 
20.000 -0.038 
21.000 -0.039 
22.000 -0.041 
23.000 -0.043 
24.000 -0.044 
25.000 -0.046 
26.000 -0.047 
27.000 -0.049 
28.000 -0.050 
29.000 -0.052 
30.000 -0.053 
31.000 -0.055 
32.000 -0.056 
33.000 -0.058 
34.000 -0.059 
35.000 -0.061 
36.000 -0.062 
37.000 -0.064 
38.000 -0.065 
39.000 -0.066 
40.000 -0.068 
41.000 -0.069 
42.000 -0.071 
43.000 -0.072 
44.000 -0.073 
45.000 -0.075 
46.000 -0.076 
47.000 -0.078 
48.000 -0.079 
49.000 -0.080 
50.000 -0.082 
51.000 -0.083 
52.000 -0.084 
53.000 -0.086 
54.000 -0.087 
55.000 -0.088 
56.000 -0.089 
57.000 -0.091 
58.000 -0.092 
59.000 -0.093 
60.000 -0.095 
61.000 -0.096 
62.000 -0.097 
63.000 -0.098 
64.000 -0.099 
65.000 -0.101 
66.000 -0.102 
67.000 -0.103 
68.000 -0.104 
69.000 -0.106 
70.000 -0.107 
71.000 -0.108 
72.000 -0.109 
73.000 -0.110 
74.000 -0.111 
75.000 -0.113 
76.000 -0.114 
77.000 -0.115 
78.000 -0.116 
79.000 -0.117 
80.000 -0.118 
81.000 -0.119 
82.000 -0.121 
83.000 -0.122 
84.000 -0.123 
85.000 -0.124 
86.000 -0.125 
87.000 -0.126 
88.000 -0.127 
89.000 -0.128 
90.000 -0.129 
91.000 -0.130 
92.000 -0.131 
93.000 -0.132 
94.000 -0.134 
95.000 -0.135 
96.000 -0.136 
97.000 -0.137 
98.000 -0.138 
99.000 -0.139 
100.000 -0.140 
101.000 -0.141 
102.000 -0.142 
103.000 -0.143 
104.000 -0.144 
105.000 -0.145 
106.000 -0.146 
107.000 -0.147 
108.000 -0.148 
109.000 -0.149 
110.000 -0.150 
111.000 -0.151 
112.000 -0.152 
113.000 -0.153 
114.000 -0.154 
115.000 -0.155 
116.000 -0.156 
117.000 -0.157 
118.000 -0.158 
119.000 -0.159 
120.000 -0.159 
121.000 -0.150 
122.000 -0.150 
123.000 -0.151 
124.000 -0.152 
125.000 -0.153 
126.000 -0.154 
127.000 -0.155 
128.000 -0.155 
129.000 -0.156 
130.000 -0.156 
131.000 -0.155 
132.000 -0.155 
133.000 -0.155 
134.000 -0.155 
135.000 -0.156 
136.000 -0.156 
137.000 -0.156 
138.000 -0.156 
139.000 -0.156 
140.000 -0.156 
141.000 -0.156 
142.000 -0.156 
143.000 -0.157 
144.000 -0.157 
145.000 -0.157 
146.000 -0.157 
147.000 -0.157 
148.000 -0.157 
149.000 -0.157 
150.000 -0.157 
151.000 -0.157 
152.000 -0.158 
153.000 -0.158 
154.000 -0.158 
155.000 -0.158 
156.000 -0.158 
157.000 -0.158 
158.000 -0.158 
159.000 -0.158 
160.000 -0.158 
161.000 -0.158 
162.000 -0.159 
163.000 -0.159 
164.000 -0.159 
165.000 -0.159 
166.000 -0.159 
167.000 -0.159 
168.000 -0.159 
169.000 -0.159 
170.000 -0.159 
171.000 -0.159 
172.000 -0.160 
173.000 -0.160 
174.000 -0.160 
175.000 -0.160 
176.000 -0.160 
177.000 -0.160 
178.000 -0.160 
179.000 -0.160 
180.000 -0.160 
181.000 -0.160 
182.000 -0.161 
183.000 -0.161 
184.000 -0.161 
185.000 -0.161 
186.000 -0.161 
187.000 -0.161 
188.000 -0.161 
189.000 -0.161 
190.000 -0.161 
191.000 -0.161 
192.000 -0.161 
193.000 -0.162 
194.000 -0.162 
195.000 -0.162 
196.000 -0.162 
197.000 -0.162 
198.000 -0.162 
199.000 -0.162 
200.000 -0.162 
201.000 -0.162 
202.000 -0.162 
203.000 -0.162 
204.000 -0.163 
205.000 -0.163 
206.000 -0.163 
207.000 -0.163 
208.000 -0.163 
209.000 -0.163 
210.000 -0.163 
211.000 -0.163 
212.000 -0.163 
213.000 -0.163 
214.000 -0.163 
215.000 -0.163 
216.000 -0.164 
217.000 -0.164 
218.000 -0.164 
219.000 -0.164 
220.000 -0.164 
221.000 -0.164 
222.000 -0.164 
223.000 -0.164 
224.000 -0.164 
225.000 -0.164 
226.000 -0.164 
227.000 -0.164 
228.000 -0.165 
229.000 -0.165 
230.000 -0.165 
231.000 -0.165 
232.000 -0.165 
233.000 -0.165 
234.000 -0.165 
235.000 -0.165 
236.000 -0.165 
237.000 -0.165 
238.000 -0.165 
239.000 -0.165 
240.000 -0.165 
241.000 -0.108 
242.000 -0.101 
243.000 -0.101 
244.000 -0.102 
245.000 -0.103 
246.000 -0.104 
247.000 -0.103 
248.000 -0.101 
249.000 -0.097 
250.000 -0.092 
251.000 -0.086 
252.000 -0.081 
253.000 -0.076 
254.000 -0.071 
255.000 -0.067 
256.000 -0.062 
257.000 -0.058 
258.000 -0.054 
259.000 -0.050 
260.000 -0.046 
261.000 -0.042 
262.000 -0.038 
263.000 -0.034 
264.000 -0.030 
265.000 -0.026 
266.000 -0.022 
267.000 -0.019 
268.000 -0.015 
269.000 -0.011 
270.000 -0.007 
271.000 -0.003 
272.000 0.000 
273.000 0.004 
274.000 0.008 
275.000 0.011 
276.000 0.015 
277.000 0.018 
278.000 0.022 
279.000 0.025 
280.000 0.029 
281.000 0.032 
282.000 0.035 
283.000 0.038 
284.000 0.042 
285.000 0.045 
286.000 0.048 
287.000 0.051 
288.000 0.054 
289.000 0.057 
290.000 0.060 
291.000 0.063 
292.000 0.066 
293.000 0.069 
294.000 0.072 
295.000 0.075 
296.000 0.077 
297.000 0.080 
298.000 0.083 
299.000 0.085 
300.000 0.088 
301.000 0.090 
302.000 0.093 
303.000 0.095 
304.000 0.098 
305.000 0.100 
306.000 0.102 
307.000 0.104 
308.000 0.107 
309.000 0.109 
310.000 0.111 
311.000 0.113 
312.000 0.115 
313.000 0.117 
314.000 0.119 
315.000 0.121 
316.000 0.123 
317.000 0.125 
318.000 0.127 
319.000 0.128 
320.000 0.130 
321.000 0.132 
322.000 0.134 
323.000 0.135 
324.000 0.137 
325.000 0.138 
326.000 0.140 
327.000 0.141 
328.000 0.143 
329.000 0.144 
330.000 0.146 
331.000 0.147 
332.000 0.149 
333.000 0.150 
334.000 0.151 
335.000 0.152 
336.000 0.154 
337.000 0.155 
338.000 0.156 
339.000 0.157 
340.000 0.158 
341.000 0.159 
342.000 0.160 
343.000 0.161 
344.000 0.162 
345.000 0.163 
346.000 0.164 
347.000 0.165 
348.000 0.166 
349.000 0.167 
350.000 0.168 
351.000 0.169 
352.000 0.170 
353.000 0.170 
354.000 0.171 
355.000 0.172 
356.000 0.173 
357.000 0.173 
358.000 0.174 
359.000 0.175 
360.000 0.175 
361.000 0.284 
362.000 0.297 
363.000 0.298 
364.000 0.297 
365.000 0.296 
366.000 0.293 
367.000 0.289 
368.000 0.288 
369.000 0.288 
370.000 0.291 
371.000 0.296 
372.000 0.302 
373.000 0.310 
374.000 0.317 
375.000 0.324 
376.000 0.331 
377.000 0.337 
378.000 0.341 
379.000 0.345 
380.000 0.348 
381.000 0.351 
382.000 0.353 
383.000 0.355 
384.000 0.357 
385.000 0.359 
386.000 0.361 
387.000 0.363 
388.000 0.365 
389.000 0.367 
390.000 0.369 
391.000 0.371 
392.000 0.373 
393.000 0.375 
394.000 0.377 
395.000 0.379 
396.000 0.380 
397.000 0.381 
398.000 0.382 
399.000 0.383 
400.000 0.384 
401.000 0.385 
402.000 0.386 
403.000 0.387 
404.000 0.388 
405.000 0.388 
406.000 0.389 
407.000 0.390 
408.000 0.390 
409.000 0.391 
410.000 0.392 
411.000 0.392 
412.000 0.393 
413.000 0.393 
414.000 0.394 
415.000 0.394 
416.000 0.394 
417.000 0.395 
418.000 0.395 
419.000 0.395 
420.000 0.396 
421.000 0.396 
422.000 0.396 
423.000 0.396 
424.000 0.397 
425.000 0.397 
426.000 0.397 
427.000 0.397 
428.000 0.397 
429.000 0.398 
430.000 0.398 
431.000 0.398 
432.000 0.398 
433.000 0.398 
434.000 0.398 
435.000 0.398 
436.000 0.399 
437.000 0.399 
438.000 0.399 
439.000 0.399 
440.000 0.399 
441.000 0.399 
442.000 0.399 
443.000 0.399 
444.000 0.399 
445.000 0.399 
446.000 0.399 
447.000 0.399 
448.000 0.399 
449.000 0.399 
450.000 0.399 
451.000 0.399 
452.000 0.399 
453.000 0.400 
454.000 0.400 
455.000 0.400 
456.000 0.400 
457.000 0.400 
458.000 0.400 
459.000 0.400 
460.000 0.400 
461.000 0.400 
462.000 0.400 
463.000 0.400 
464.000 0.400 
465.000 0.400 
466.000 0.400 
467.000 0.400 
468.000 0.400 
469.000 0.400 
470.000 0.400 
471.000 0.400 
472.000 0.400 
473.000 0.400 
474.000 0.400 
475.000 0.400 
476.000 0.400 
477.000 0.400 
478.000 0.400 
479.000 0.400 
480.000 0.400 
481.000 0.856 
482.000 0.909 
483.000 0.908 
484.000 0.902 
485.000 0.897 
486.000 0.876 
487.000 0.851 
488.000 0.826 
489.000 0.803 
490.000 0.783 
491.000 0.766 
492.000 0.754 
493.000 0.747 
494.000 0.744 
495.000 0.745 
496.000 0.750 
497.000 0.758 
498.000 0.768 
499.000 0.778 
500.000 0.789 
501.000 0.798 
502.000 0.806 
503.000 0.812 
504.000 0.816 
505.000 0.818 
506.000 0.818 
507.000 0.817 
508.000 0.814 
509.000 0.811 
510.000 0.807 
511.000 0.804 
512.000 0.800 
513.000 0.798 
514.000 0.795 
515.000 0.794 
516.000 0.793 
517.000 0.793 
518.000 0.794 
519.000 0.795 
520.000 0.796 
521.000 0.797 
522.000 0.799 
523.000 0.800 
524.000 0.801 
525.000 0.802 
526.000 0.802 
527.000 0.803 
528.000 0.803 
529.000 0.802 
530.000 0.802 
531.000 0.802 
532.000 0.801 
533.000 0.801 
534.000 0.800 
535.000 0.800 
536.000 0.799 
537.000 0.799 
538.000 0.799 
539.000 0.799 
540.000 0.799 
541.000 0.799 
542.000 0.799 
543.000 0.800 
544.000 0.800 
545.000 0.800 
546.000 0.800 
547.000 0.800 
548.000 0.800 
549.000 0.800 
550.000 0.800 
551.000 0.800 
552.000 0.800 
553.000 0.800 
554.000 0.800 
555.000 0.800 
556.000 0.800 
557.000 0.800 
558.000 0.800 
559.000 0.800 
560.000 0.800 
561.000 0.800 
562.000 0.800 
563.000 0.800 
564.000 0.800 
565.000 0.800 
566.000 0.800 
567.000 0.800 
568.000 0.800 
569.000 0.800 
570.000 0.800 
571.000 0.800 
572.000 0.800 
573.000 0.800 
574.000 0.800 
575.000 0.800 
576.000 0.800 
577.000 0.800 
578.000 0.800 
579.000 0.800 
580.000 0.800 
581.000 0.800 
582.000 0.800 
583.000 0.800 
584.000 0.800 
585.000 0.800 
586.000 0.800 
587.000 0.800 
588.000 0.800 
589.000 0.800 
590.000 0.800 
591.000 0.800 
592.000 0.800 
593.000 0.800 
594.000 0.800 
595.000 0.800 
596.000 0.800 
597.000 0.800 
598.000 0.800 
599.000 0.800 
600.000 0.800 
601.000 1.000 
602.000 1.000 
603.000 1.000 
604.000 1.000 
605.000 1.000 
606.000 1.000 
607.000 1.000 
608.000 1.000 
609.000 1.000 
610.000 1.000 
611.000 1.000 
612.000 1.000 
613.000 1.000 
614.000 1.000 
615.000 1.000 
616.000 1.000 
617.000 1.000 
618.000 1.000 
619.000 1.000 
620.000 1.000 
621.000 1.000 
622.000 1.000 
623.000 1.000 
624.000 1.000 
625.000 1.000 
626.000 1.000 
627.000 1.000 
628.000 1.000 
629.000 1.000 
630.000 1.000 
631.000 1.000 
632.000 1.000 
633.000 1.000 
634.000 1.000 
635.000 1.000 
636.000 1.000 
637.000 1.000 
638.000 1.000 
639.000 1.000 
640.000 1.000 
641.000 1.000 
642.000 1.000 
643.000 1.000 
644.000 1.000 
645.000 1.000 
646.000 1.000 
647.000 1.000 
648.000 1.000 
649.000 1.000 
650.000 1.000 
651.000 1.000 
652.000 1.000 
653.000 1.000 
654.000 1.000 
655.000 1.000 
656.000 1.000 
657.000 1.000 
658.000 1.000 
659.000 1.000 
660.000 1.000 
661.000 1.000 
662.000 1.000 
663.000 1.000 
664.000 1.000 
665.000 1.000 
666.000 1.000 
667.000 1.000 
668.000 1.000 
669.000 1.000 
670.000 1.000 
671.000 1.000 
672.000 1.000 
673.000 1.000 
674.000 1.000 
675.000 1.000 
676.000 1.000 
677.000 1.000 
678.000 1.000 
679.000 1.000 
680.000 1.000 
681.000 1.000 
682.000 1.000 
683.000 1.000 
684.000 1.000 
685.000 1.000 
686.000 1.000 
687.000 1.000 
688.000 1.000 
689.000 1.000 
690.000 1.000 
691.000 1.000 
692.000 1.000 
693.000 1.000 
694.000 1.000 
695.000 1.000 
696.000 1.000 
697.000 1.000 
698.000 1.000 
699.000 1.000 
700.000 1.000 
701.000 1.000 
702.000 1.000 
703.000 1.000 
704.000 1.000 
705.000 1.000 
706.000 1.000 
707.000 1.000 
708.000 1.000 
709.000 1.000 
710.000 1.000 
711.000 1.000 
712.000 1.000 
713.000 1.000 
714.000 1.000 
715.000 1.000 
716.000 1.000 
717.000 1.000 
718.000 1.000 
719.000 1.000 
720.000 1.000 
721.000 1.000 
722.000 1.000 
723.000 1.000 
724.000 1.000 
725.000 1.000 
726.000 1.000 
727.000 1.000 
728.000 1.000 
729.000 1.000 
730.000 1.000 
731.000 1.000 
732.000 1.000 
733.000 1.000 
734.000 1.000 
735.000 1.000 
736.000 1.000 
737.000 1.000 
738.000 1.000 
739.000 1.000 
740.000 1.000 
741.000 1.000 
742.000 1.000 
743.000 1.000 
744.000 1.000 
745.000 1.000 
746.000 1.000 
747.000 1.000 
748.000 1.000 
749.000 1.000 
750.000 1.000 
751.000 1.000 
752.000 1.000 
753.000 1.000 
754.000 1.000 
755.000 1.000 
756.000 1.000 
757.000 1.000 
758.000 1.000 
759.000 1.000 
760.000 1.000 
761.000 1.000 
762.000 1.000 
763.000 1.000 
764.000 1.000 
765.000 1.000 
766.000 1.000 
767.000 1.000 
768.000 1.000 
769.000 1.000 
770.000 1.000 
771.000 1.000 
772.000 1.000 
773.000 1.000 
774.000 1.000 
775.000 1.000 
776.000 1.000 
777.000 1.000 
778.000 1.000 
779.000 1.000 
780.000 1.000 
781.000 1.000 
782.000 1.000 
783.000 1.000 
784.000 1.000 
785.000 1.000 
786.000 1.000 
787.000 1.000 
788.000 1.000 
789.000 1.000 
790.000 1.000 
791.000 1.000 
792.000 1.000 
793.000 1.000 
794.000 1.000 
795.000 1.000 
796.000 1.000 
797.000 1.000 
798.000 1.000 
799.000 1.000 
800.000 1.000 
