1.000 0.000 
2.000 0.000 
3.000 0.000 
4.000 0.000 
5.000 0.000 
6.000 0.000 
7.000 -0.019 
8.000 -0.030 
9.000 -0.037 
10.000 -0.039 
11.000 -0.039 
12.000 -0.037 
13.000 -0.034 
14.000 -0.032 
15.000 -0.030 
16.000 -0.031 
17.000 -0.032 
18.000 -0.036 
19.000 -0.039 
20.000 -0.043 
21.000 -0.047 
22.000 -0.050 
23.000 -0.053 
24.000 -0.055 
25.000 -0.056 
26.000 -0.057 
27.000 -0.057 
28.000 -0.058 
29.000 -0.059 
30.000 -0.061 
31.000 -0.063 
32.000 -0.065 
33.000 -0.067 
34.000 -0.069 
35.000 -0.071 
36.000 -0.073 
37.000 -0.075 
38.000 -0.076 
39.000 -0.078 
40.000 -0.079 
41.000 -0.080 
42.000 -0.082 
43.000 -0.083 
44.000 -0.085 
45.000 -0.086 
46.000 -0.088 
47.000 -0.090 
48.000 -0.091 
49.000 -0.093 
50.000 -0.094 
51.000 -0.096 
52.000 -0.097 
53.000 -0.099 
54.000 -0.100 
55.000 -0.101 
56.000 -0.103 
57.000 -0.104 
58.000 -0.106 
59.000 -0.107 
60.000 -0.108 
61.000 -0.110 
62.000 -0.111 
63.000 -0.113 
64.000 -0.114 
65.000 -0.115 
66.000 -0.117 
67.000 -0.118 
68.000 -0.119 
69.000 -0.121 
70.000 -0.122 
71.000 -0.123 
72.000 -0.125 
73.000 -0.126 
74.000 -0.127 
75.000 -0.128 
76.000 -0.130 
77.000 -0.131 
78.000 -0.132 
79.000 -0.133 
80.000 -0.135 
81.000 -0.136 
82.000 -0.137 
83.000 -0.138 
84.000 -0.140 
85.000 -0.141 
86.000 -0.142 
87.000 -0.143 
88.000 -0.144 
89.000 -0.146 
90.000 -0.147 
91.000 -0.148 
92.000 -0.149 
93.000 -0.150 
94.000 -0.151 
95.000 -0.153 
96.000 -0.154 
97.000 -0.155 
98.000 -0.156 
99.000 -0.157 
100.000 -0.158 
101.000 -0.159 
102.000 -0.161 
103.000 -0.162 
104.000 -0.163 
105.000 -0.164 
106.000 -0.165 
107.000 -0.166 
108.000 -0.167 
109.000 -0.168 
110.000 -0.169 
111.000 -0.170 
112.000 -0.171 
113.000 -0.172 
114.000 -0.174 
115.000 -0.175 
116.000 -0.176 
117.000 -0.177 
118.000 -0.178 
119.000 -0.179 
120.000 -0.180 
121.000 -0.173 
122.000 -0.169 
123.000 -0.167 
124.000 -0.167 
125.000 -0.168 
126.000 -0.170 
127.000 -0.172 
128.000 -0.174 
129.000 -0.175 
130.000 -0.176 
131.000 -0.176 
132.000 -0.175 
133.000 -0.174 
134.000 -0.174 
135.000 -0.173 
136.000 -0.173 
137.000 -0.173 
138.000 -0.173 
139.000 -0.173 
140.000 -0.174 
141.000 -0.174 
142.000 -0.174 
143.000 -0.174 
144.000 -0.174 
145.000 -0.174 
146.000 -0.174 
147.000 -0.174 
148.000 -0.174 
149.000 -0.174 
150.000 -0.174 
151.000 -0.174 
152.000 -0.174 
153.000 -0.174 
154.000 -0.175 
155.000 -0.175 
156.000 -0.175 
157.000 -0.175 
158.000 -0.175 
159.000 -0.175 
160.000 -0.175 
161.000 -0.175 
162.000 -0.175 
163.000 -0.175 
164.000 -0.175 
165.000 -0.175 
166.000 -0.175 
167.000 -0.175 
168.000 -0.175 
169.000 -0.175 
170.000 -0.175 
171.000 -0.175 
172.000 -0.175 
173.000 -0.175 
174.000 -0.176 
175.000 -0.176 
176.000 -0.176 
177.000 -0.176 
178.000 -0.176 
179.000 -0.176 
180.000 -0.176 
181.000 -0.176 
182.000 -0.176 
183.000 -0.176 
184.000 -0.176 
185.000 -0.176 
186.000 -0.176 
187.000 -0.176 
188.000 -0.176 
189.000 -0.176 
190.000 -0.176 
191.000 -0.176 
192.000 -0.176 
193.000 -0.176 
194.000 -0.176 
195.000 -0.176 
196.000 -0.176 
197.000 -0.177 
198.000 -0.177 
199.000 -0.177 
200.000 -0.177 
201.000 -0.177 
202.000 -0.177 
203.000 -0.177 
204.000 -0.177 
205.000 -0.177 
206.000 -0.177 
207.000 -0.177 
208.000 -0.177 
209.000 -0.177 
210.000 -0.177 
211.000 -0.177 
212.000 -0.177 
213.000 -0.177 
214.000 -0.177 
215.000 -0.177 
216.000 -0.177 
217.000 -0.177 
218.000 -0.177 
219.000 -0.177 
220.000 -0.177 
221.000 -0.177 
222.000 -0.178 
223.000 -0.178 
224.000 -0.178 
225.000 -0.178 
226.000 -0.178 
227.000 -0.178 
228.000 -0.178 
229.000 -0.178 
230.000 -0.178 
231.000 -0.178 
232.000 -0.178 
233.000 -0.178 
234.000 -0.178 
235.000 -0.178 
236.000 -0.178 
237.000 -0.178 
238.000 -0.178 
239.000 -0.178 
240.000 -0.178 
241.000 -0.133 
242.000 -0.104 
243.000 -0.089 
244.000 -0.083 
245.000 -0.084 
246.000 -0.088 
247.000 -0.094 
248.000 -0.099 
249.000 -0.101 
250.000 -0.099 
251.000 -0.094 
252.000 -0.085 
253.000 -0.076 
254.000 -0.066 
255.000 -0.057 
256.000 -0.050 
257.000 -0.044 
258.000 -0.040 
259.000 -0.036 
260.000 -0.034 
261.000 -0.031 
262.000 -0.028 
263.000 -0.024 
264.000 -0.020 
265.000 -0.015 
266.000 -0.010 
267.000 -0.004 
268.000 0.001 
269.000 0.006 
270.000 0.010 
271.000 0.015 
272.000 0.019 
273.000 0.022 
274.000 0.026 
275.000 0.030 
276.000 0.033 
277.000 0.037 
278.000 0.041 
279.000 0.045 
280.000 0.048 
281.000 0.052 
282.000 0.056 
283.000 0.060 
284.000 0.063 
285.000 0.067 
286.000 0.070 
287.000 0.073 
288.000 0.076 
289.000 0.079 
290.000 0.082 
291.000 0.085 
292.000 0.088 
293.000 0.091 
294.000 0.094 
295.000 0.097 
296.000 0.100 
297.000 0.103 
298.000 0.105 
299.000 0.108 
300.000 0.110 
301.000 0.113 
302.000 0.115 
303.000 0.118 
304.000 0.120 
305.000 0.122 
306.000 0.124 
307.000 0.127 
308.000 0.129 
309.000 0.131 
310.000 0.133 
311.000 0.135 
312.000 0.137 
313.000 0.138 
314.000 0.140 
315.000 0.142 
316.000 0.144 
317.000 0.145 
318.000 0.147 
319.000 0.149 
320.000 0.150 
321.000 0.152 
322.000 0.153 
323.000 0.154 
324.000 0.156 
325.000 0.157 
326.000 0.158 
327.000 0.160 
328.000 0.161 
329.000 0.162 
330.000 0.163 
331.000 0.164 
332.000 0.165 
333.000 0.166 
334.000 0.168 
335.000 0.169 
336.000 0.169 
337.000 0.170 
338.000 0.171 
339.000 0.172 
340.000 0.173 
341.000 0.174 
342.000 0.175 
343.000 0.175 
344.000 0.176 
345.000 0.177 
346.000 0.178 
347.000 0.178 
348.000 0.179 
349.000 0.180 
350.000 0.180 
351.000 0.181 
352.000 0.181 
353.000 0.182 
354.000 0.183 
355.000 0.183 
356.000 0.184 
357.000 0.184 
358.000 0.185 
359.000 0.185 
360.000 0.186 
361.000 0.271 
362.000 0.325 
363.000 0.354 
364.000 0.366 
365.000 0.365 
366.000 0.354 
367.000 0.338 
368.000 0.320 
369.000 0.304 
370.000 0.292 
371.000 0.286 
372.000 0.288 
373.000 0.297 
374.000 0.311 
375.000 0.328 
376.000 0.347 
377.000 0.364 
378.000 0.378 
379.000 0.388 
380.000 0.392 
381.000 0.392 
382.000 0.388 
383.000 0.381 
384.000 0.374 
385.000 0.367 
386.000 0.361 
387.000 0.358 
388.000 0.358 
389.000 0.361 
390.000 0.366 
391.000 0.373 
392.000 0.381 
393.000 0.389 
394.000 0.395 
395.000 0.400 
396.000 0.402 
397.000 0.402 
398.000 0.401 
399.000 0.398 
400.000 0.394 
401.000 0.390 
402.000 0.387 
403.000 0.385 
404.000 0.384 
405.000 0.384 
406.000 0.386 
407.000 0.389 
408.000 0.392 
409.000 0.396 
410.000 0.399 
411.000 0.401 
412.000 0.403 
413.000 0.403 
414.000 0.403 
415.000 0.402 
416.000 0.400 
417.000 0.398 
418.000 0.396 
419.000 0.395 
420.000 0.394 
421.000 0.393 
422.000 0.394 
423.000 0.395 
424.000 0.396 
425.000 0.398 
426.000 0.399 
427.000 0.401 
428.000 0.402 
429.000 0.402 
430.000 0.402 
431.000 0.402 
432.000 0.401 
433.000 0.400 
434.000 0.399 
435.000 0.398 
436.000 0.398 
437.000 0.397 
438.000 0.397 
439.000 0.398 
440.000 0.398 
441.000 0.399 
442.000 0.400 
443.000 0.400 
444.000 0.401 
445.000 0.401 
446.000 0.401 
447.000 0.401 
448.000 0.401 
449.000 0.401 
450.000 0.400 
451.000 0.400 
452.000 0.399 
453.000 0.399 
454.000 0.399 
455.000 0.399 
456.000 0.399 
457.000 0.399 
458.000 0.400 
459.000 0.400 
460.000 0.400 
461.000 0.401 
462.000 0.401 
463.000 0.401 
464.000 0.401 
465.000 0.400 
466.000 0.400 
467.000 0.400 
468.000 0.400 
469.000 0.400 
470.000 0.399 
471.000 0.399 
472.000 0.399 
473.000 0.400 
474.000 0.400 
475.000 0.400 
476.000 0.400 
477.000 0.400 
478.000 0.400 
479.000 0.400 
480.000 0.400 
481.000 0.758 
482.000 0.983 
483.000 1.000 
484.000 1.000 
485.000 1.000 
486.000 1.000 
487.000 1.000 
488.000 1.000 
489.000 1.000 
490.000 0.980 
491.000 0.876 
492.000 0.794 
493.000 0.733 
494.000 0.693 
495.000 0.671 
496.000 0.665 
497.000 0.675 
498.000 0.699 
499.000 0.735 
500.000 0.778 
501.000 0.824 
502.000 0.867 
503.000 0.903 
504.000 0.927 
505.000 0.938 
506.000 0.934 
507.000 0.919 
508.000 0.893 
509.000 0.860 
510.000 0.824 
511.000 0.788 
512.000 0.756 
513.000 0.731 
514.000 0.714 
515.000 0.706 
516.000 0.709 
517.000 0.722 
518.000 0.742 
519.000 0.768 
520.000 0.796 
521.000 0.824 
522.000 0.849 
523.000 0.867 
524.000 0.877 
525.000 0.879 
526.000 0.873 
527.000 0.861 
528.000 0.842 
529.000 0.821 
530.000 0.800 
531.000 0.779 
532.000 0.762 
533.000 0.750 
534.000 0.743 
535.000 0.743 
536.000 0.748 
537.000 0.759 
538.000 0.774 
539.000 0.790 
540.000 0.807 
541.000 0.823 
542.000 0.835 
543.000 0.844 
544.000 0.847 
545.000 0.845 
546.000 0.839 
547.000 0.830 
548.000 0.818 
549.000 0.805 
550.000 0.792 
551.000 0.781 
552.000 0.772 
553.000 0.767 
554.000 0.765 
555.000 0.767 
556.000 0.772 
557.000 0.780 
558.000 0.790 
559.000 0.800 
560.000 0.810 
561.000 0.818 
562.000 0.824 
563.000 0.827 
564.000 0.828 
565.000 0.825 
566.000 0.820 
567.000 0.813 
568.000 0.806 
569.000 0.798 
570.000 0.791 
571.000 0.785 
572.000 0.781 
573.000 0.779 
574.000 0.779 
575.000 0.782 
576.000 0.786 
577.000 0.792 
578.000 0.798 
579.000 0.804 
580.000 0.809 
581.000 0.813 
582.000 0.816 
583.000 0.817 
584.000 0.816 
585.000 0.813 
586.000 0.810 
587.000 0.805 
588.000 0.800 
589.000 0.796 
590.000 0.792 
591.000 0.789 
592.000 0.788 
593.000 0.787 
594.000 0.788 
595.000 0.791 
596.000 0.794 
597.000 0.797 
598.000 0.801 
599.000 0.804 
600.000 0.807 
601.000 1.000 
602.000 1.000 
603.000 1.000 
604.000 1.000 
605.000 1.000 
606.000 1.000 
607.000 1.000 
608.000 1.000 
609.000 1.000 
610.000 1.000 
611.000 1.000 
612.000 1.000 
613.000 1.000 
614.000 1.000 
615.000 1.000 
616.000 1.000 
617.000 1.000 
618.000 1.000 
619.000 1.000 
620.000 1.000 
621.000 1.000 
622.000 1.000 
623.000 1.000 
624.000 1.000 
625.000 1.000 
626.000 1.000 
627.000 1.000 
628.000 1.000 
629.000 1.000 
630.000 1.000 
631.000 1.000 
632.000 1.000 
633.000 1.000 
634.000 1.000 
635.000 1.000 
636.000 1.000 
637.000 1.000 
638.000 1.000 
639.000 1.000 
640.000 1.000 
641.000 1.000 
642.000 1.000 
643.000 1.000 
644.000 1.000 
645.000 1.000 
646.000 1.000 
647.000 1.000 
648.000 1.000 
649.000 1.000 
650.000 1.000 
651.000 1.000 
652.000 1.000 
653.000 1.000 
654.000 1.000 
655.000 1.000 
656.000 1.000 
657.000 1.000 
658.000 1.000 
659.000 1.000 
660.000 1.000 
661.000 1.000 
662.000 1.000 
663.000 1.000 
664.000 1.000 
665.000 1.000 
666.000 1.000 
667.000 1.000 
668.000 1.000 
669.000 1.000 
670.000 1.000 
671.000 1.000 
672.000 1.000 
673.000 1.000 
674.000 1.000 
675.000 1.000 
676.000 1.000 
677.000 1.000 
678.000 1.000 
679.000 1.000 
680.000 1.000 
681.000 1.000 
682.000 1.000 
683.000 1.000 
684.000 1.000 
685.000 1.000 
686.000 1.000 
687.000 1.000 
688.000 1.000 
689.000 1.000 
690.000 1.000 
691.000 1.000 
692.000 1.000 
693.000 1.000 
694.000 1.000 
695.000 1.000 
696.000 1.000 
697.000 1.000 
698.000 1.000 
699.000 1.000 
700.000 1.000 
701.000 1.000 
702.000 1.000 
703.000 1.000 
704.000 1.000 
705.000 1.000 
706.000 1.000 
707.000 1.000 
708.000 1.000 
709.000 1.000 
710.000 1.000 
711.000 1.000 
712.000 1.000 
713.000 1.000 
714.000 1.000 
715.000 1.000 
716.000 1.000 
717.000 1.000 
718.000 1.000 
719.000 1.000 
720.000 1.000 
721.000 1.000 
722.000 1.000 
723.000 1.000 
724.000 1.000 
725.000 1.000 
726.000 1.000 
727.000 1.000 
728.000 1.000 
729.000 1.000 
730.000 1.000 
731.000 1.000 
732.000 1.000 
733.000 1.000 
734.000 1.000 
735.000 1.000 
736.000 1.000 
737.000 1.000 
738.000 1.000 
739.000 1.000 
740.000 1.000 
741.000 1.000 
742.000 1.000 
743.000 1.000 
744.000 1.000 
745.000 1.000 
746.000 1.000 
747.000 1.000 
748.000 1.000 
749.000 1.000 
750.000 1.000 
751.000 1.000 
752.000 1.000 
753.000 1.000 
754.000 1.000 
755.000 1.000 
756.000 1.000 
757.000 1.000 
758.000 1.000 
759.000 1.000 
760.000 1.000 
761.000 1.000 
762.000 1.000 
763.000 1.000 
764.000 1.000 
765.000 1.000 
766.000 1.000 
767.000 1.000 
768.000 1.000 
769.000 1.000 
770.000 1.000 
771.000 1.000 
772.000 1.000 
773.000 1.000 
774.000 1.000 
775.000 1.000 
776.000 1.000 
777.000 1.000 
778.000 1.000 
779.000 1.000 
780.000 1.000 
781.000 1.000 
782.000 1.000 
783.000 1.000 
784.000 1.000 
785.000 1.000 
786.000 1.000 
787.000 1.000 
788.000 1.000 
789.000 1.000 
790.000 1.000 
791.000 1.000 
792.000 1.000 
793.000 1.000 
794.000 1.000 
795.000 1.000 
796.000 1.000 
797.000 1.000 
798.000 1.000 
799.000 1.000 
800.000 1.000 
