1.000 0.000 
2.000 0.000 
3.000 0.000 
4.000 0.000 
5.000 0.000 
6.000 0.000 
7.000 -0.029 
8.000 -0.044 
9.000 -0.050 
10.000 -0.049 
11.000 -0.045 
12.000 -0.038 
13.000 -0.031 
14.000 -0.027 
15.000 -0.027 
16.000 -0.030 
17.000 -0.036 
18.000 -0.043 
19.000 -0.050 
20.000 -0.055 
21.000 -0.059 
22.000 -0.061 
23.000 -0.061 
24.000 -0.060 
25.000 -0.059 
26.000 -0.059 
27.000 -0.060 
28.000 -0.062 
29.000 -0.065 
30.000 -0.068 
31.000 -0.071 
32.000 -0.074 
33.000 -0.077 
34.000 -0.079 
35.000 -0.080 
36.000 -0.081 
37.000 -0.082 
38.000 -0.083 
39.000 -0.084 
40.000 -0.086 
41.000 -0.088 
42.000 -0.090 
43.000 -0.092 
44.000 -0.094 
45.000 -0.096 
46.000 -0.098 
47.000 -0.099 
48.000 -0.100 
49.000 -0.102 
50.000 -0.103 
51.000 -0.105 
52.000 -0.106 
53.000 -0.108 
54.000 -0.109 
55.000 -0.111 
56.000 -0.113 
57.000 -0.114 
58.000 -0.116 
59.000 -0.117 
60.000 -0.119 
61.000 -0.120 
62.000 -0.121 
63.000 -0.123 
64.000 -0.124 
65.000 -0.126 
66.000 -0.127 
67.000 -0.129 
68.000 -0.130 
69.000 -0.132 
70.000 -0.133 
71.000 -0.134 
72.000 -0.136 
73.000 -0.137 
74.000 -0.138 
75.000 -0.140 
76.000 -0.141 
77.000 -0.142 
78.000 -0.144 
79.000 -0.145 
80.000 -0.146 
81.000 -0.148 
82.000 -0.149 
83.000 -0.150 
84.000 -0.152 
85.000 -0.153 
86.000 -0.154 
87.000 -0.155 
88.000 -0.157 
89.000 -0.158 
90.000 -0.159 
91.000 -0.160 
92.000 -0.162 
93.000 -0.163 
94.000 -0.164 
95.000 -0.165 
96.000 -0.167 
97.000 -0.168 
98.000 -0.169 
99.000 -0.170 
100.000 -0.171 
101.000 -0.173 
102.000 -0.174 
103.000 -0.175 
104.000 -0.176 
105.000 -0.177 
106.000 -0.178 
107.000 -0.180 
108.000 -0.181 
109.000 -0.182 
110.000 -0.183 
111.000 -0.184 
112.000 -0.185 
113.000 -0.186 
114.000 -0.187 
115.000 -0.189 
116.000 -0.190 
117.000 -0.191 
118.000 -0.192 
119.000 -0.193 
120.000 -0.194 
121.000 -0.183 
122.000 -0.177 
123.000 -0.176 
124.000 -0.177 
125.000 -0.180 
126.000 -0.184 
127.000 -0.188 
128.000 -0.190 
129.000 -0.191 
130.000 -0.190 
131.000 -0.188 
132.000 -0.186 
133.000 -0.185 
134.000 -0.184 
135.000 -0.183 
136.000 -0.184 
137.000 -0.184 
138.000 -0.186 
139.000 -0.186 
140.000 -0.187 
141.000 -0.187 
142.000 -0.187 
143.000 -0.186 
144.000 -0.186 
145.000 -0.185 
146.000 -0.185 
147.000 -0.185 
148.000 -0.185 
149.000 -0.186 
150.000 -0.186 
151.000 -0.186 
152.000 -0.186 
153.000 -0.186 
154.000 -0.186 
155.000 -0.186 
156.000 -0.186 
157.000 -0.186 
158.000 -0.186 
159.000 -0.186 
160.000 -0.186 
161.000 -0.186 
162.000 -0.186 
163.000 -0.186 
164.000 -0.186 
165.000 -0.186 
166.000 -0.186 
167.000 -0.186 
168.000 -0.186 
169.000 -0.186 
170.000 -0.186 
171.000 -0.186 
172.000 -0.186 
173.000 -0.186 
174.000 -0.186 
175.000 -0.186 
176.000 -0.186 
177.000 -0.186 
178.000 -0.186 
179.000 -0.186 
180.000 -0.186 
181.000 -0.186 
182.000 -0.186 
183.000 -0.186 
184.000 -0.186 
185.000 -0.186 
186.000 -0.186 
187.000 -0.186 
188.000 -0.186 
189.000 -0.186 
190.000 -0.186 
191.000 -0.186 
192.000 -0.186 
193.000 -0.186 
194.000 -0.186 
195.000 -0.186 
196.000 -0.186 
197.000 -0.186 
198.000 -0.186 
199.000 -0.186 
200.000 -0.186 
201.000 -0.186 
202.000 -0.186 
203.000 -0.186 
204.000 -0.186 
205.000 -0.186 
206.000 -0.186 
207.000 -0.186 
208.000 -0.186 
209.000 -0.186 
210.000 -0.186 
211.000 -0.186 
212.000 -0.186 
213.000 -0.186 
214.000 -0.186 
215.000 -0.186 
216.000 -0.186 
217.000 -0.186 
218.000 -0.186 
219.000 -0.186 
220.000 -0.186 
221.000 -0.186 
222.000 -0.186 
223.000 -0.186 
224.000 -0.186 
225.000 -0.186 
226.000 -0.186 
227.000 -0.186 
228.000 -0.186 
229.000 -0.186 
230.000 -0.186 
231.000 -0.186 
232.000 -0.186 
233.000 -0.186 
234.000 -0.186 
235.000 -0.186 
236.000 -0.186 
237.000 -0.186 
238.000 -0.186 
239.000 -0.186 
240.000 -0.186 
241.000 -0.116 
242.000 -0.079 
243.000 -0.065 
244.000 -0.067 
245.000 -0.078 
246.000 -0.094 
247.000 -0.107 
248.000 -0.115 
249.000 -0.114 
250.000 -0.105 
251.000 -0.090 
252.000 -0.073 
253.000 -0.057 
254.000 -0.045 
255.000 -0.037 
256.000 -0.033 
257.000 -0.032 
258.000 -0.033 
259.000 -0.034 
260.000 -0.032 
261.000 -0.029 
262.000 -0.023 
263.000 -0.016 
264.000 -0.007 
265.000 0.001 
266.000 0.008 
267.000 0.014 
268.000 0.018 
269.000 0.021 
270.000 0.024 
271.000 0.027 
272.000 0.030 
273.000 0.033 
274.000 0.037 
275.000 0.042 
276.000 0.047 
277.000 0.053 
278.000 0.057 
279.000 0.062 
280.000 0.066 
281.000 0.069 
282.000 0.072 
283.000 0.075 
284.000 0.078 
285.000 0.081 
286.000 0.085 
287.000 0.088 
288.000 0.091 
289.000 0.095 
290.000 0.098 
291.000 0.102 
292.000 0.105 
293.000 0.108 
294.000 0.110 
295.000 0.113 
296.000 0.115 
297.000 0.118 
298.000 0.120 
299.000 0.123 
300.000 0.125 
301.000 0.127 
302.000 0.130 
303.000 0.132 
304.000 0.135 
305.000 0.137 
306.000 0.139 
307.000 0.141 
308.000 0.142 
309.000 0.144 
310.000 0.146 
311.000 0.148 
312.000 0.149 
313.000 0.151 
314.000 0.153 
315.000 0.154 
316.000 0.156 
317.000 0.157 
318.000 0.159 
319.000 0.160 
320.000 0.162 
321.000 0.163 
322.000 0.164 
323.000 0.165 
324.000 0.166 
325.000 0.167 
326.000 0.168 
327.000 0.170 
328.000 0.171 
329.000 0.172 
330.000 0.173 
331.000 0.174 
332.000 0.174 
333.000 0.175 
334.000 0.176 
335.000 0.177 
336.000 0.178 
337.000 0.178 
338.000 0.179 
339.000 0.180 
340.000 0.180 
341.000 0.181 
342.000 0.182 
343.000 0.182 
344.000 0.183 
345.000 0.184 
346.000 0.184 
347.000 0.185 
348.000 0.185 
349.000 0.186 
350.000 0.186 
351.000 0.187 
352.000 0.187 
353.000 0.187 
354.000 0.188 
355.000 0.188 
356.000 0.189 
357.000 0.189 
358.000 0.189 
359.000 0.190 
360.000 0.190 
361.000 0.321 
362.000 0.391 
363.000 0.418 
364.000 0.414 
365.000 0.394 
366.000 0.361 
367.000 0.323 
368.000 0.289 
369.000 0.265 
370.000 0.254 
371.000 0.259 
372.000 0.278 
373.000 0.309 
374.000 0.345 
375.000 0.381 
376.000 0.410 
377.000 0.428 
378.000 0.432 
379.000 0.425 
380.000 0.408 
381.000 0.385 
382.000 0.363 
383.000 0.343 
384.000 0.331 
385.000 0.327 
386.000 0.332 
387.000 0.346 
388.000 0.365 
389.000 0.387 
390.000 0.408 
391.000 0.423 
392.000 0.432 
393.000 0.432 
394.000 0.425 
395.000 0.413 
396.000 0.397 
397.000 0.382 
398.000 0.369 
399.000 0.361 
400.000 0.359 
401.000 0.363 
402.000 0.372 
403.000 0.384 
404.000 0.399 
405.000 0.411 
406.000 0.421 
407.000 0.426 
408.000 0.425 
409.000 0.420 
410.000 0.411 
411.000 0.401 
412.000 0.390 
413.000 0.381 
414.000 0.376 
415.000 0.374 
416.000 0.377 
417.000 0.383 
418.000 0.392 
419.000 0.401 
420.000 0.410 
421.000 0.416 
422.000 0.419 
423.000 0.418 
424.000 0.415 
425.000 0.409 
426.000 0.401 
427.000 0.394 
428.000 0.388 
429.000 0.384 
430.000 0.383 
431.000 0.385 
432.000 0.389 
433.000 0.395 
434.000 0.401 
435.000 0.407 
436.000 0.411 
437.000 0.413 
438.000 0.413 
439.000 0.410 
440.000 0.406 
441.000 0.401 
442.000 0.396 
443.000 0.392 
444.000 0.389 
445.000 0.389 
446.000 0.390 
447.000 0.393 
448.000 0.397 
449.000 0.401 
450.000 0.405 
451.000 0.408 
452.000 0.409 
453.000 0.409 
454.000 0.407 
455.000 0.404 
456.000 0.401 
457.000 0.397 
458.000 0.394 
459.000 0.393 
460.000 0.392 
461.000 0.393 
462.000 0.395 
463.000 0.398 
464.000 0.401 
465.000 0.404 
466.000 0.405 
467.000 0.406 
468.000 0.406 
469.000 0.405 
470.000 0.403 
471.000 0.400 
472.000 0.398 
473.000 0.396 
474.000 0.395 
475.000 0.395 
476.000 0.395 
477.000 0.397 
478.000 0.399 
479.000 0.401 
480.000 0.402 
481.000 0.953 
482.000 1.000 
483.000 1.000 
484.000 1.000 
485.000 1.000 
486.000 1.000 
487.000 1.000 
488.000 1.000 
489.000 1.000 
490.000 1.000 
491.000 1.000 
492.000 0.957 
493.000 0.783 
494.000 0.685 
495.000 0.647 
496.000 0.653 
497.000 0.689 
498.000 0.744 
499.000 0.810 
500.000 0.882 
501.000 0.948 
502.000 0.997 
503.000 1.000 
504.000 1.000 
505.000 1.000 
506.000 0.967 
507.000 0.903 
508.000 0.834 
509.000 0.769 
510.000 0.713 
511.000 0.672 
512.000 0.649 
513.000 0.647 
514.000 0.666 
515.000 0.705 
516.000 0.758 
517.000 0.818 
518.000 0.877 
519.000 0.926 
520.000 0.957 
521.000 0.968 
522.000 0.956 
523.000 0.926 
524.000 0.881 
525.000 0.829 
526.000 0.777 
527.000 0.730 
528.000 0.694 
529.000 0.673 
530.000 0.669 
531.000 0.683 
532.000 0.712 
533.000 0.754 
534.000 0.802 
535.000 0.851 
536.000 0.892 
537.000 0.920 
538.000 0.932 
539.000 0.926 
540.000 0.905 
541.000 0.871 
542.000 0.830 
543.000 0.788 
544.000 0.749 
545.000 0.718 
546.000 0.699 
547.000 0.693 
548.000 0.702 
549.000 0.724 
550.000 0.756 
551.000 0.794 
552.000 0.833 
553.000 0.867 
554.000 0.892 
555.000 0.904 
556.000 0.902 
557.000 0.887 
558.000 0.862 
559.000 0.830 
560.000 0.796 
561.000 0.763 
562.000 0.737 
563.000 0.720 
564.000 0.714 
565.000 0.719 
566.000 0.735 
567.000 0.759 
568.000 0.789 
569.000 0.821 
570.000 0.849 
571.000 0.870 
572.000 0.881 
573.000 0.882 
574.000 0.872 
575.000 0.853 
576.000 0.828 
577.000 0.801 
578.000 0.775 
579.000 0.753 
580.000 0.737 
581.000 0.731 
582.000 0.733 
583.000 0.745 
584.000 0.763 
585.000 0.787 
586.000 0.812 
587.000 0.835 
588.000 0.853 
589.000 0.864 
590.000 0.866 
591.000 0.859 
592.000 0.845 
593.000 0.826 
594.000 0.804 
595.000 0.783 
596.000 0.765 
597.000 0.751 
598.000 0.745 
599.000 0.746 
600.000 0.753 
601.000 1.000 
602.000 1.000 
603.000 1.000 
604.000 1.000 
605.000 1.000 
606.000 1.000 
607.000 1.000 
608.000 1.000 
609.000 1.000 
610.000 1.000 
611.000 1.000 
612.000 1.000 
613.000 1.000 
614.000 1.000 
615.000 1.000 
616.000 1.000 
617.000 1.000 
618.000 1.000 
619.000 1.000 
620.000 1.000 
621.000 1.000 
622.000 1.000 
623.000 1.000 
624.000 1.000 
625.000 1.000 
626.000 1.000 
627.000 1.000 
628.000 1.000 
629.000 1.000 
630.000 1.000 
631.000 1.000 
632.000 1.000 
633.000 1.000 
634.000 1.000 
635.000 1.000 
636.000 1.000 
637.000 1.000 
638.000 1.000 
639.000 1.000 
640.000 1.000 
641.000 1.000 
642.000 1.000 
643.000 1.000 
644.000 1.000 
645.000 1.000 
646.000 1.000 
647.000 1.000 
648.000 1.000 
649.000 1.000 
650.000 1.000 
651.000 1.000 
652.000 1.000 
653.000 1.000 
654.000 1.000 
655.000 1.000 
656.000 1.000 
657.000 1.000 
658.000 1.000 
659.000 1.000 
660.000 1.000 
661.000 1.000 
662.000 1.000 
663.000 1.000 
664.000 1.000 
665.000 1.000 
666.000 1.000 
667.000 1.000 
668.000 1.000 
669.000 1.000 
670.000 1.000 
671.000 1.000 
672.000 1.000 
673.000 1.000 
674.000 1.000 
675.000 1.000 
676.000 1.000 
677.000 1.000 
678.000 1.000 
679.000 1.000 
680.000 1.000 
681.000 1.000 
682.000 1.000 
683.000 1.000 
684.000 1.000 
685.000 1.000 
686.000 1.000 
687.000 1.000 
688.000 1.000 
689.000 1.000 
690.000 1.000 
691.000 1.000 
692.000 1.000 
693.000 1.000 
694.000 1.000 
695.000 1.000 
696.000 1.000 
697.000 1.000 
698.000 1.000 
699.000 1.000 
700.000 1.000 
701.000 1.000 
702.000 1.000 
703.000 1.000 
704.000 1.000 
705.000 1.000 
706.000 1.000 
707.000 1.000 
708.000 1.000 
709.000 1.000 
710.000 1.000 
711.000 1.000 
712.000 1.000 
713.000 1.000 
714.000 1.000 
715.000 1.000 
716.000 1.000 
717.000 1.000 
718.000 1.000 
719.000 1.000 
720.000 1.000 
721.000 1.000 
722.000 1.000 
723.000 1.000 
724.000 1.000 
725.000 1.000 
726.000 1.000 
727.000 1.000 
728.000 1.000 
729.000 1.000 
730.000 1.000 
731.000 1.000 
732.000 1.000 
733.000 1.000 
734.000 1.000 
735.000 1.000 
736.000 1.000 
737.000 1.000 
738.000 1.000 
739.000 1.000 
740.000 1.000 
741.000 1.000 
742.000 1.000 
743.000 1.000 
744.000 1.000 
745.000 1.000 
746.000 1.000 
747.000 1.000 
748.000 1.000 
749.000 1.000 
750.000 1.000 
751.000 1.000 
752.000 1.000 
753.000 1.000 
754.000 1.000 
755.000 1.000 
756.000 1.000 
757.000 1.000 
758.000 1.000 
759.000 1.000 
760.000 1.000 
761.000 1.000 
762.000 1.000 
763.000 1.000 
764.000 1.000 
765.000 1.000 
766.000 1.000 
767.000 1.000 
768.000 1.000 
769.000 1.000 
770.000 1.000 
771.000 1.000 
772.000 1.000 
773.000 1.000 
774.000 1.000 
775.000 1.000 
776.000 1.000 
777.000 1.000 
778.000 1.000 
779.000 1.000 
780.000 1.000 
781.000 1.000 
782.000 1.000 
783.000 1.000 
784.000 1.000 
785.000 1.000 
786.000 1.000 
787.000 1.000 
788.000 1.000 
789.000 1.000 
790.000 1.000 
791.000 1.000 
792.000 1.000 
793.000 1.000 
794.000 1.000 
795.000 1.000 
796.000 1.000 
797.000 1.000 
798.000 1.000 
799.000 1.000 
800.000 1.000 
