1.000 0.000 
2.000 0.000 
3.000 0.000 
4.000 0.000 
5.000 0.000 
6.000 0.000 
7.000 -0.001 
8.000 -0.002 
9.000 -0.003 
10.000 -0.004 
11.000 -0.005 
12.000 -0.005 
13.000 -0.006 
14.000 -0.007 
15.000 -0.008 
16.000 -0.009 
17.000 -0.009 
18.000 -0.010 
19.000 -0.011 
20.000 -0.011 
21.000 -0.012 
22.000 -0.013 
23.000 -0.013 
24.000 -0.014 
25.000 -0.015 
26.000 -0.015 
27.000 -0.016 
28.000 -0.017 
29.000 -0.017 
30.000 -0.018 
31.000 -0.019 
32.000 -0.019 
33.000 -0.020 
34.000 -0.021 
35.000 -0.021 
36.000 -0.022 
37.000 -0.023 
38.000 -0.023 
39.000 -0.024 
40.000 -0.025 
41.000 -0.025 
42.000 -0.026 
43.000 -0.027 
44.000 -0.027 
45.000 -0.028 
46.000 -0.028 
47.000 -0.029 
48.000 -0.030 
49.000 -0.030 
50.000 -0.031 
51.000 -0.032 
52.000 -0.032 
53.000 -0.033 
54.000 -0.033 
55.000 -0.034 
56.000 -0.035 
57.000 -0.035 
58.000 -0.036 
59.000 -0.036 
60.000 -0.037 
61.000 -0.038 
62.000 -0.038 
63.000 -0.039 
64.000 -0.039 
65.000 -0.040 
66.000 -0.041 
67.000 -0.041 
68.000 -0.042 
69.000 -0.042 
70.000 -0.043 
71.000 -0.044 
72.000 -0.044 
73.000 -0.045 
74.000 -0.045 
75.000 -0.046 
76.000 -0.046 
77.000 -0.047 
78.000 -0.048 
79.000 -0.048 
80.000 -0.049 
81.000 -0.049 
82.000 -0.050 
83.000 -0.050 
84.000 -0.051 
85.000 -0.052 
86.000 -0.052 
87.000 -0.053 
88.000 -0.053 
89.000 -0.054 
90.000 -0.054 
91.000 -0.055 
92.000 -0.056 
93.000 -0.056 
94.000 -0.057 
95.000 -0.057 
96.000 -0.058 
97.000 -0.058 
98.000 -0.059 
99.000 -0.059 
100.000 -0.060 
101.000 -0.060 
102.000 -0.061 
103.000 -0.061 
104.000 -0.062 
105.000 -0.063 
106.000 -0.063 
107.000 -0.064 
108.000 -0.064 
109.000 -0.065 
110.000 -0.065 
111.000 -0.066 
112.000 -0.066 
113.000 -0.067 
114.000 -0.067 
115.000 -0.068 
116.000 -0.068 
117.000 -0.069 
118.000 -0.069 
119.000 -0.070 
120.000 -0.070 
121.000 -0.070 
122.000 -0.071 
123.000 -0.071 
124.000 -0.071 
125.000 -0.071 
126.000 -0.071 
127.000 -0.071 
128.000 -0.071 
129.000 -0.072 
130.000 -0.072 
131.000 -0.072 
132.000 -0.072 
133.000 -0.072 
134.000 -0.073 
135.000 -0.073 
136.000 -0.073 
137.000 -0.073 
138.000 -0.073 
139.000 -0.074 
140.000 -0.074 
141.000 -0.074 
142.000 -0.074 
143.000 -0.074 
144.000 -0.075 
145.000 -0.075 
146.000 -0.075 
147.000 -0.075 
148.000 -0.075 
149.000 -0.075 
150.000 -0.076 
151.000 -0.076 
152.000 -0.076 
153.000 -0.076 
154.000 -0.076 
155.000 -0.077 
156.000 -0.077 
157.000 -0.077 
158.000 -0.077 
159.000 -0.077 
160.000 -0.078 
161.000 -0.078 
162.000 -0.078 
163.000 -0.078 
164.000 -0.078 
165.000 -0.078 
166.000 -0.079 
167.000 -0.079 
168.000 -0.079 
169.000 -0.079 
170.000 -0.079 
171.000 -0.080 
172.000 -0.080 
173.000 -0.080 
174.000 -0.080 
175.000 -0.080 
176.000 -0.080 
177.000 -0.081 
178.000 -0.081 
179.000 -0.081 
180.000 -0.081 
181.000 -0.081 
182.000 -0.082 
183.000 -0.082 
184.000 -0.082 
185.000 -0.082 
186.000 -0.082 
187.000 -0.082 
188.000 -0.083 
189.000 -0.083 
190.000 -0.083 
191.000 -0.083 
192.000 -0.083 
193.000 -0.083 
194.000 -0.084 
195.000 -0.084 
196.000 -0.084 
197.000 -0.084 
198.000 -0.084 
199.000 -0.084 
200.000 -0.085 
201.000 -0.085 
202.000 -0.085 
203.000 -0.085 
204.000 -0.085 
205.000 -0.085 
206.000 -0.086 
207.000 -0.086 
208.000 -0.086 
209.000 -0.086 
210.000 -0.086 
211.000 -0.086 
212.000 -0.087 
213.000 -0.087 
214.000 -0.087 
215.000 -0.087 
216.000 -0.087 
217.000 -0.087 
218.000 -0.088 
219.000 -0.088 
220.000 -0.088 
221.000 -0.088 
222.000 -0.088 
223.000 -0.088 
224.000 -0.089 
225.000 -0.089 
226.000 -0.089 
227.000 -0.089 
228.000 -0.089 
229.000 -0.089 
230.000 -0.090 
231.000 -0.090 
232.000 -0.090 
233.000 -0.090 
234.000 -0.090 
235.000 -0.090 
236.000 -0.090 
237.000 -0.091 
238.000 -0.091 
239.000 -0.091 
240.000 -0.091 
241.000 -0.089 
242.000 -0.087 
243.000 -0.085 
244.000 -0.083 
245.000 -0.081 
246.000 -0.079 
247.000 -0.077 
248.000 -0.075 
249.000 -0.074 
250.000 -0.072 
251.000 -0.070 
252.000 -0.069 
253.000 -0.067 
254.000 -0.065 
255.000 -0.064 
256.000 -0.062 
257.000 -0.061 
258.000 -0.059 
259.000 -0.058 
260.000 -0.056 
261.000 -0.055 
262.000 -0.053 
263.000 -0.052 
264.000 -0.050 
265.000 -0.049 
266.000 -0.047 
267.000 -0.046 
268.000 -0.044 
269.000 -0.043 
270.000 -0.041 
271.000 -0.040 
272.000 -0.038 
273.000 -0.037 
274.000 -0.035 
275.000 -0.034 
276.000 -0.033 
277.000 -0.031 
278.000 -0.030 
279.000 -0.028 
280.000 -0.027 
281.000 -0.025 
282.000 -0.024 
283.000 -0.022 
284.000 -0.021 
285.000 -0.020 
286.000 -0.018 
287.000 -0.017 
288.000 -0.015 
289.000 -0.014 
290.000 -0.013 
291.000 -0.011 
292.000 -0.010 
293.000 -0.008 
294.000 -0.007 
295.000 -0.006 
296.000 -0.004 
297.000 -0.003 
298.000 -0.002 
299.000 -0.000 
300.000 0.001 
301.000 0.003 
302.000 0.004 
303.000 0.005 
304.000 0.007 
305.000 0.008 
306.000 0.009 
307.000 0.011 
308.000 0.012 
309.000 0.013 
310.000 0.014 
311.000 0.016 
312.000 0.017 
313.000 0.018 
314.000 0.020 
315.000 0.021 
316.000 0.022 
317.000 0.023 
318.000 0.025 
319.000 0.026 
320.000 0.027 
321.000 0.028 
322.000 0.030 
323.000 0.031 
324.000 0.032 
325.000 0.033 
326.000 0.035 
327.000 0.036 
328.000 0.037 
329.000 0.038 
330.000 0.039 
331.000 0.041 
332.000 0.042 
333.000 0.043 
334.000 0.044 
335.000 0.045 
336.000 0.046 
337.000 0.048 
338.000 0.049 
339.000 0.050 
340.000 0.051 
341.000 0.052 
342.000 0.053 
343.000 0.054 
344.000 0.056 
345.000 0.057 
346.000 0.058 
347.000 0.059 
348.000 0.060 
349.000 0.061 
350.000 0.062 
351.000 0.063 
352.000 0.064 
353.000 0.065 
354.000 0.066 
355.000 0.068 
356.000 0.069 
357.000 0.070 
358.000 0.071 
359.000 0.072 
360.000 0.073 
361.000 0.078 
362.000 0.083 
363.000 0.088 
364.000 0.093 
365.000 0.098 
366.000 0.103 
367.000 0.108 
368.000 0.113 
369.000 0.117 
370.000 0.122 
371.000 0.126 
372.000 0.130 
373.000 0.134 
374.000 0.138 
375.000 0.142 
376.000 0.146 
377.000 0.150 
378.000 0.154 
379.000 0.158 
380.000 0.161 
381.000 0.165 
382.000 0.169 
383.000 0.172 
384.000 0.176 
385.000 0.180 
386.000 0.183 
387.000 0.187 
388.000 0.190 
389.000 0.194 
390.000 0.197 
391.000 0.201 
392.000 0.204 
393.000 0.208 
394.000 0.211 
395.000 0.214 
396.000 0.217 
397.000 0.221 
398.000 0.224 
399.000 0.227 
400.000 0.230 
401.000 0.233 
402.000 0.236 
403.000 0.239 
404.000 0.242 
405.000 0.245 
406.000 0.248 
407.000 0.251 
408.000 0.254 
409.000 0.257 
410.000 0.259 
411.000 0.262 
412.000 0.265 
413.000 0.267 
414.000 0.270 
415.000 0.273 
416.000 0.275 
417.000 0.278 
418.000 0.280 
419.000 0.282 
420.000 0.285 
421.000 0.287 
422.000 0.289 
423.000 0.292 
424.000 0.294 
425.000 0.296 
426.000 0.298 
427.000 0.300 
428.000 0.302 
429.000 0.304 
430.000 0.307 
431.000 0.308 
432.000 0.310 
433.000 0.312 
434.000 0.314 
435.000 0.316 
436.000 0.318 
437.000 0.320 
438.000 0.321 
439.000 0.323 
440.000 0.325 
441.000 0.326 
442.000 0.328 
443.000 0.330 
444.000 0.331 
445.000 0.333 
446.000 0.334 
447.000 0.336 
448.000 0.337 
449.000 0.339 
450.000 0.340 
451.000 0.341 
452.000 0.343 
453.000 0.344 
454.000 0.345 
455.000 0.347 
456.000 0.348 
457.000 0.349 
458.000 0.350 
459.000 0.351 
460.000 0.352 
461.000 0.354 
462.000 0.355 
463.000 0.356 
464.000 0.357 
465.000 0.358 
466.000 0.359 
467.000 0.360 
468.000 0.361 
469.000 0.362 
470.000 0.362 
471.000 0.363 
472.000 0.364 
473.000 0.365 
474.000 0.366 
475.000 0.367 
476.000 0.368 
477.000 0.368 
478.000 0.369 
479.000 0.370 
480.000 0.371 
481.000 0.389 
482.000 0.408 
483.000 0.426 
484.000 0.443 
485.000 0.461 
486.000 0.478 
487.000 0.494 
488.000 0.510 
489.000 0.525 
490.000 0.540 
491.000 0.554 
492.000 0.567 
493.000 0.579 
494.000 0.592 
495.000 0.603 
496.000 0.614 
497.000 0.624 
498.000 0.634 
499.000 0.643 
500.000 0.652 
501.000 0.661 
502.000 0.669 
503.000 0.677 
504.000 0.684 
505.000 0.691 
506.000 0.698 
507.000 0.704 
508.000 0.710 
509.000 0.716 
510.000 0.722 
511.000 0.727 
512.000 0.732 
513.000 0.736 
514.000 0.741 
515.000 0.745 
516.000 0.749 
517.000 0.753 
518.000 0.756 
519.000 0.760 
520.000 0.763 
521.000 0.766 
522.000 0.768 
523.000 0.771 
524.000 0.773 
525.000 0.775 
526.000 0.777 
527.000 0.779 
528.000 0.781 
529.000 0.783 
530.000 0.784 
531.000 0.785 
532.000 0.787 
533.000 0.788 
534.000 0.789 
535.000 0.790 
536.000 0.791 
537.000 0.792 
538.000 0.792 
539.000 0.793 
540.000 0.794 
541.000 0.794 
542.000 0.795 
543.000 0.795 
544.000 0.796 
545.000 0.796 
546.000 0.796 
547.000 0.797 
548.000 0.797 
549.000 0.797 
550.000 0.798 
551.000 0.798 
552.000 0.798 
553.000 0.798 
554.000 0.798 
555.000 0.799 
556.000 0.799 
557.000 0.799 
558.000 0.799 
559.000 0.799 
560.000 0.799 
561.000 0.799 
562.000 0.799 
563.000 0.799 
564.000 0.799 
565.000 0.799 
566.000 0.799 
567.000 0.800 
568.000 0.800 
569.000 0.800 
570.000 0.800 
571.000 0.800 
572.000 0.800 
573.000 0.800 
574.000 0.800 
575.000 0.800 
576.000 0.800 
577.000 0.800 
578.000 0.800 
579.000 0.800 
580.000 0.800 
581.000 0.800 
582.000 0.800 
583.000 0.800 
584.000 0.800 
585.000 0.800 
586.000 0.800 
587.000 0.800 
588.000 0.800 
589.000 0.800 
590.000 0.800 
591.000 0.800 
592.000 0.800 
593.000 0.800 
594.000 0.800 
595.000 0.800 
596.000 0.800 
597.000 0.800 
598.000 0.800 
599.000 0.800 
600.000 0.800 
601.000 0.813 
602.000 0.827 
603.000 0.840 
604.000 0.853 
605.000 0.865 
606.000 0.878 
607.000 0.890 
608.000 0.901 
609.000 0.912 
610.000 0.922 
611.000 0.932 
612.000 0.941 
613.000 0.950 
614.000 0.957 
615.000 0.965 
616.000 0.971 
617.000 0.977 
618.000 0.983 
619.000 0.988 
620.000 0.992 
621.000 0.996 
622.000 0.999 
623.000 1.000 
624.000 1.000 
625.000 1.000 
626.000 1.000 
627.000 1.000 
628.000 1.000 
629.000 1.000 
630.000 1.000 
631.000 1.000 
632.000 1.000 
633.000 1.000 
634.000 1.000 
635.000 1.000 
636.000 1.000 
637.000 1.000 
638.000 1.000 
639.000 1.000 
640.000 1.000 
641.000 1.000 
642.000 1.000 
643.000 1.000 
644.000 1.000 
645.000 1.000 
646.000 1.000 
647.000 1.000 
648.000 1.000 
649.000 1.000 
650.000 1.000 
651.000 1.000 
652.000 1.000 
653.000 1.000 
654.000 1.000 
655.000 1.000 
656.000 1.000 
657.000 1.000 
658.000 1.000 
659.000 1.000 
660.000 1.000 
661.000 1.000 
662.000 1.000 
663.000 1.000 
664.000 1.000 
665.000 1.000 
666.000 1.000 
667.000 1.000 
668.000 1.000 
669.000 1.000 
670.000 1.000 
671.000 1.000 
672.000 1.000 
673.000 1.000 
674.000 1.000 
675.000 1.000 
676.000 1.000 
677.000 1.000 
678.000 1.000 
679.000 1.000 
680.000 1.000 
681.000 1.000 
682.000 1.000 
683.000 1.000 
684.000 1.000 
685.000 1.000 
686.000 1.000 
687.000 1.000 
688.000 1.000 
689.000 1.000 
690.000 1.000 
691.000 1.000 
692.000 1.000 
693.000 1.000 
694.000 1.000 
695.000 1.000 
696.000 1.000 
697.000 1.000 
698.000 1.000 
699.000 1.000 
700.000 1.000 
701.000 1.000 
702.000 1.000 
703.000 1.000 
704.000 1.000 
705.000 1.000 
706.000 1.000 
707.000 1.000 
708.000 1.000 
709.000 1.000 
710.000 1.000 
711.000 1.000 
712.000 1.000 
713.000 1.000 
714.000 1.000 
715.000 1.000 
716.000 1.000 
717.000 1.000 
718.000 1.000 
719.000 1.000 
720.000 1.000 
721.000 1.000 
722.000 1.000 
723.000 1.000 
724.000 1.000 
725.000 1.000 
726.000 1.000 
727.000 1.000 
728.000 1.000 
729.000 1.000 
730.000 1.000 
731.000 1.000 
732.000 1.000 
733.000 1.000 
734.000 1.000 
735.000 1.000 
736.000 1.000 
737.000 1.000 
738.000 1.000 
739.000 1.000 
740.000 1.000 
741.000 1.000 
742.000 1.000 
743.000 1.000 
744.000 1.000 
745.000 1.000 
746.000 1.000 
747.000 1.000 
748.000 1.000 
749.000 1.000 
750.000 1.000 
751.000 1.000 
752.000 1.000 
753.000 1.000 
754.000 1.000 
755.000 1.000 
756.000 1.000 
757.000 1.000 
758.000 1.000 
759.000 1.000 
760.000 1.000 
761.000 1.000 
762.000 1.000 
763.000 1.000 
764.000 1.000 
765.000 1.000 
766.000 1.000 
767.000 1.000 
768.000 1.000 
769.000 1.000 
770.000 1.000 
771.000 1.000 
772.000 1.000 
773.000 1.000 
774.000 1.000 
775.000 1.000 
776.000 1.000 
777.000 1.000 
778.000 1.000 
779.000 1.000 
780.000 1.000 
781.000 1.000 
782.000 1.000 
783.000 1.000 
784.000 1.000 
785.000 1.000 
786.000 1.000 
787.000 1.000 
788.000 1.000 
789.000 1.000 
790.000 1.000 
791.000 1.000 
792.000 1.000 
793.000 1.000 
794.000 1.000 
795.000 1.000 
796.000 1.000 
797.000 1.000 
798.000 1.000 
799.000 1.000 
800.000 1.000 
