1.000 0.000 
2.000 0.000 
3.000 0.000 
4.000 0.000 
5.000 0.000 
6.000 0.000 
7.000 -0.011 
8.000 -0.020 
9.000 -0.025 
10.000 -0.029 
11.000 -0.031 
12.000 -0.032 
13.000 -0.032 
14.000 -0.031 
15.000 -0.031 
16.000 -0.031 
17.000 -0.031 
18.000 -0.032 
19.000 -0.034 
20.000 -0.036 
21.000 -0.039 
22.000 -0.041 
23.000 -0.044 
24.000 -0.046 
25.000 -0.048 
26.000 -0.050 
27.000 -0.051 
28.000 -0.053 
29.000 -0.054 
30.000 -0.055 
31.000 -0.057 
32.000 -0.058 
33.000 -0.059 
34.000 -0.061 
35.000 -0.062 
36.000 -0.064 
37.000 -0.066 
38.000 -0.067 
39.000 -0.069 
40.000 -0.070 
41.000 -0.072 
42.000 -0.073 
43.000 -0.075 
44.000 -0.076 
45.000 -0.077 
46.000 -0.079 
47.000 -0.080 
48.000 -0.082 
49.000 -0.083 
50.000 -0.084 
51.000 -0.086 
52.000 -0.087 
53.000 -0.088 
54.000 -0.090 
55.000 -0.091 
56.000 -0.092 
57.000 -0.094 
58.000 -0.095 
59.000 -0.096 
60.000 -0.098 
61.000 -0.099 
62.000 -0.100 
63.000 -0.101 
64.000 -0.103 
65.000 -0.104 
66.000 -0.105 
67.000 -0.106 
68.000 -0.108 
69.000 -0.109 
70.000 -0.110 
71.000 -0.111 
72.000 -0.113 
73.000 -0.114 
74.000 -0.115 
75.000 -0.116 
76.000 -0.117 
77.000 -0.119 
78.000 -0.120 
79.000 -0.121 
80.000 -0.122 
81.000 -0.123 
82.000 -0.124 
83.000 -0.125 
84.000 -0.127 
85.000 -0.128 
86.000 -0.129 
87.000 -0.130 
88.000 -0.131 
89.000 -0.132 
90.000 -0.133 
91.000 -0.134 
92.000 -0.135 
93.000 -0.137 
94.000 -0.138 
95.000 -0.139 
96.000 -0.140 
97.000 -0.141 
98.000 -0.142 
99.000 -0.143 
100.000 -0.144 
101.000 -0.145 
102.000 -0.146 
103.000 -0.147 
104.000 -0.148 
105.000 -0.149 
106.000 -0.150 
107.000 -0.151 
108.000 -0.152 
109.000 -0.153 
110.000 -0.154 
111.000 -0.155 
112.000 -0.156 
113.000 -0.157 
114.000 -0.158 
115.000 -0.159 
116.000 -0.160 
117.000 -0.161 
118.000 -0.162 
119.000 -0.163 
120.000 -0.164 
121.000 -0.160 
122.000 -0.158 
123.000 -0.156 
124.000 -0.156 
125.000 -0.156 
126.000 -0.156 
127.000 -0.157 
128.000 -0.158 
129.000 -0.159 
130.000 -0.160 
131.000 -0.161 
132.000 -0.161 
133.000 -0.161 
134.000 -0.161 
135.000 -0.161 
136.000 -0.160 
137.000 -0.160 
138.000 -0.160 
139.000 -0.160 
140.000 -0.160 
141.000 -0.160 
142.000 -0.161 
143.000 -0.161 
144.000 -0.161 
145.000 -0.161 
146.000 -0.161 
147.000 -0.161 
148.000 -0.161 
149.000 -0.162 
150.000 -0.162 
151.000 -0.162 
152.000 -0.162 
153.000 -0.162 
154.000 -0.162 
155.000 -0.162 
156.000 -0.162 
157.000 -0.162 
158.000 -0.162 
159.000 -0.162 
160.000 -0.162 
161.000 -0.163 
162.000 -0.163 
163.000 -0.163 
164.000 -0.163 
165.000 -0.163 
166.000 -0.163 
167.000 -0.163 
168.000 -0.163 
169.000 -0.163 
170.000 -0.163 
171.000 -0.163 
172.000 -0.164 
173.000 -0.164 
174.000 -0.164 
175.000 -0.164 
176.000 -0.164 
177.000 -0.164 
178.000 -0.164 
179.000 -0.164 
180.000 -0.164 
181.000 -0.164 
182.000 -0.164 
183.000 -0.164 
184.000 -0.165 
185.000 -0.165 
186.000 -0.165 
187.000 -0.165 
188.000 -0.165 
189.000 -0.165 
190.000 -0.165 
191.000 -0.165 
192.000 -0.165 
193.000 -0.165 
194.000 -0.165 
195.000 -0.165 
196.000 -0.166 
197.000 -0.166 
198.000 -0.166 
199.000 -0.166 
200.000 -0.166 
201.000 -0.166 
202.000 -0.166 
203.000 -0.166 
204.000 -0.166 
205.000 -0.166 
206.000 -0.166 
207.000 -0.166 
208.000 -0.166 
209.000 -0.167 
210.000 -0.167 
211.000 -0.167 
212.000 -0.167 
213.000 -0.167 
214.000 -0.167 
215.000 -0.167 
216.000 -0.167 
217.000 -0.167 
218.000 -0.167 
219.000 -0.167 
220.000 -0.167 
221.000 -0.167 
222.000 -0.167 
223.000 -0.168 
224.000 -0.168 
225.000 -0.168 
226.000 -0.168 
227.000 -0.168 
228.000 -0.168 
229.000 -0.168 
230.000 -0.168 
231.000 -0.168 
232.000 -0.168 
233.000 -0.168 
234.000 -0.168 
235.000 -0.168 
236.000 -0.168 
237.000 -0.169 
238.000 -0.169 
239.000 -0.169 
240.000 -0.169 
241.000 -0.141 
242.000 -0.121 
243.000 -0.107 
244.000 -0.098 
245.000 -0.094 
246.000 -0.092 
247.000 -0.092 
248.000 -0.092 
249.000 -0.093 
250.000 -0.092 
251.000 -0.090 
252.000 -0.087 
253.000 -0.082 
254.000 -0.076 
255.000 -0.070 
256.000 -0.064 
257.000 -0.058 
258.000 -0.053 
259.000 -0.048 
260.000 -0.043 
261.000 -0.039 
262.000 -0.035 
263.000 -0.032 
264.000 -0.028 
265.000 -0.024 
266.000 -0.021 
267.000 -0.017 
268.000 -0.013 
269.000 -0.009 
270.000 -0.005 
271.000 -0.001 
272.000 0.003 
273.000 0.007 
274.000 0.011 
275.000 0.015 
276.000 0.018 
277.000 0.022 
278.000 0.026 
279.000 0.029 
280.000 0.033 
281.000 0.036 
282.000 0.039 
283.000 0.043 
284.000 0.046 
285.000 0.049 
286.000 0.052 
287.000 0.056 
288.000 0.059 
289.000 0.062 
290.000 0.065 
291.000 0.068 
292.000 0.071 
293.000 0.074 
294.000 0.077 
295.000 0.080 
296.000 0.082 
297.000 0.085 
298.000 0.088 
299.000 0.090 
300.000 0.093 
301.000 0.095 
302.000 0.098 
303.000 0.100 
304.000 0.103 
305.000 0.105 
306.000 0.107 
307.000 0.110 
308.000 0.112 
309.000 0.114 
310.000 0.116 
311.000 0.118 
312.000 0.120 
313.000 0.122 
314.000 0.124 
315.000 0.126 
316.000 0.128 
317.000 0.130 
318.000 0.132 
319.000 0.134 
320.000 0.135 
321.000 0.137 
322.000 0.139 
323.000 0.140 
324.000 0.142 
325.000 0.143 
326.000 0.145 
327.000 0.146 
328.000 0.148 
329.000 0.149 
330.000 0.150 
331.000 0.152 
332.000 0.153 
333.000 0.154 
334.000 0.156 
335.000 0.157 
336.000 0.158 
337.000 0.159 
338.000 0.160 
339.000 0.161 
340.000 0.162 
341.000 0.163 
342.000 0.164 
343.000 0.165 
344.000 0.166 
345.000 0.167 
346.000 0.168 
347.000 0.169 
348.000 0.170 
349.000 0.171 
350.000 0.171 
351.000 0.172 
352.000 0.173 
353.000 0.174 
354.000 0.174 
355.000 0.175 
356.000 0.176 
357.000 0.177 
358.000 0.177 
359.000 0.178 
360.000 0.178 
361.000 0.230 
362.000 0.269 
363.000 0.295 
364.000 0.313 
365.000 0.322 
366.000 0.326 
367.000 0.325 
368.000 0.320 
369.000 0.314 
370.000 0.308 
371.000 0.304 
372.000 0.302 
373.000 0.302 
374.000 0.305 
375.000 0.311 
376.000 0.319 
377.000 0.328 
378.000 0.338 
379.000 0.347 
380.000 0.355 
381.000 0.362 
382.000 0.367 
383.000 0.371 
384.000 0.372 
385.000 0.373 
386.000 0.372 
387.000 0.371 
388.000 0.370 
389.000 0.369 
390.000 0.369 
391.000 0.369 
392.000 0.370 
393.000 0.372 
394.000 0.374 
395.000 0.377 
396.000 0.380 
397.000 0.383 
398.000 0.386 
399.000 0.388 
400.000 0.390 
401.000 0.391 
402.000 0.392 
403.000 0.392 
404.000 0.392 
405.000 0.392 
406.000 0.392 
407.000 0.391 
408.000 0.391 
409.000 0.391 
410.000 0.391 
411.000 0.391 
412.000 0.392 
413.000 0.393 
414.000 0.394 
415.000 0.395 
416.000 0.396 
417.000 0.396 
418.000 0.397 
419.000 0.398 
420.000 0.398 
421.000 0.398 
422.000 0.398 
423.000 0.398 
424.000 0.398 
425.000 0.398 
426.000 0.398 
427.000 0.397 
428.000 0.397 
429.000 0.397 
430.000 0.398 
431.000 0.398 
432.000 0.398 
433.000 0.398 
434.000 0.399 
435.000 0.399 
436.000 0.399 
437.000 0.399 
438.000 0.399 
439.000 0.400 
440.000 0.400 
441.000 0.400 
442.000 0.399 
443.000 0.399 
444.000 0.399 
445.000 0.399 
446.000 0.399 
447.000 0.399 
448.000 0.399 
449.000 0.399 
450.000 0.399 
451.000 0.399 
452.000 0.400 
453.000 0.400 
454.000 0.400 
455.000 0.400 
456.000 0.400 
457.000 0.400 
458.000 0.400 
459.000 0.400 
460.000 0.400 
461.000 0.400 
462.000 0.400 
463.000 0.400 
464.000 0.400 
465.000 0.400 
466.000 0.400 
467.000 0.400 
468.000 0.400 
469.000 0.400 
470.000 0.400 
471.000 0.400 
472.000 0.400 
473.000 0.400 
474.000 0.400 
475.000 0.400 
476.000 0.400 
477.000 0.400 
478.000 0.400 
479.000 0.400 
480.000 0.400 
481.000 0.617 
482.000 0.775 
483.000 0.885 
484.000 0.956 
485.000 0.995 
486.000 1.000 
487.000 0.997 
488.000 0.970 
489.000 0.931 
490.000 0.885 
491.000 0.837 
492.000 0.790 
493.000 0.748 
494.000 0.712 
495.000 0.686 
496.000 0.669 
497.000 0.663 
498.000 0.668 
499.000 0.683 
500.000 0.707 
501.000 0.736 
502.000 0.770 
503.000 0.804 
504.000 0.835 
505.000 0.862 
506.000 0.882 
507.000 0.894 
508.000 0.898 
509.000 0.894 
510.000 0.884 
511.000 0.868 
512.000 0.849 
513.000 0.828 
514.000 0.806 
515.000 0.785 
516.000 0.768 
517.000 0.754 
518.000 0.744 
519.000 0.739 
520.000 0.740 
521.000 0.745 
522.000 0.754 
523.000 0.767 
524.000 0.781 
525.000 0.796 
526.000 0.810 
527.000 0.823 
528.000 0.833 
529.000 0.840 
530.000 0.843 
531.000 0.843 
532.000 0.839 
533.000 0.833 
534.000 0.825 
535.000 0.816 
536.000 0.806 
537.000 0.796 
538.000 0.788 
539.000 0.781 
540.000 0.775 
541.000 0.773 
542.000 0.772 
543.000 0.774 
544.000 0.777 
545.000 0.783 
546.000 0.789 
547.000 0.795 
548.000 0.802 
549.000 0.808 
550.000 0.813 
551.000 0.817 
552.000 0.819 
553.000 0.819 
554.000 0.818 
555.000 0.816 
556.000 0.813 
557.000 0.809 
558.000 0.804 
559.000 0.800 
560.000 0.796 
561.000 0.792 
562.000 0.790 
563.000 0.788 
564.000 0.787 
565.000 0.788 
566.000 0.789 
567.000 0.791 
568.000 0.794 
569.000 0.797 
570.000 0.800 
571.000 0.803 
572.000 0.805 
573.000 0.807 
574.000 0.808 
575.000 0.809 
576.000 0.808 
577.000 0.808 
578.000 0.806 
579.000 0.805 
580.000 0.803 
581.000 0.801 
582.000 0.799 
583.000 0.797 
584.000 0.796 
585.000 0.795 
586.000 0.794 
587.000 0.794 
588.000 0.795 
589.000 0.796 
590.000 0.797 
591.000 0.798 
592.000 0.799 
593.000 0.801 
594.000 0.802 
595.000 0.803 
596.000 0.803 
597.000 0.804 
598.000 0.804 
599.000 0.804 
600.000 0.803 
601.000 0.965 
602.000 1.000 
603.000 1.000 
604.000 1.000 
605.000 1.000 
606.000 1.000 
607.000 1.000 
608.000 1.000 
609.000 1.000 
610.000 1.000 
611.000 1.000 
612.000 1.000 
613.000 1.000 
614.000 1.000 
615.000 1.000 
616.000 1.000 
617.000 1.000 
618.000 1.000 
619.000 1.000 
620.000 1.000 
621.000 1.000 
622.000 1.000 
623.000 1.000 
624.000 1.000 
625.000 1.000 
626.000 1.000 
627.000 1.000 
628.000 1.000 
629.000 1.000 
630.000 1.000 
631.000 1.000 
632.000 1.000 
633.000 1.000 
634.000 1.000 
635.000 1.000 
636.000 1.000 
637.000 1.000 
638.000 1.000 
639.000 1.000 
640.000 1.000 
641.000 1.000 
642.000 1.000 
643.000 1.000 
644.000 1.000 
645.000 1.000 
646.000 1.000 
647.000 1.000 
648.000 1.000 
649.000 1.000 
650.000 1.000 
651.000 1.000 
652.000 1.000 
653.000 1.000 
654.000 1.000 
655.000 1.000 
656.000 1.000 
657.000 1.000 
658.000 1.000 
659.000 1.000 
660.000 1.000 
661.000 1.000 
662.000 1.000 
663.000 1.000 
664.000 1.000 
665.000 1.000 
666.000 1.000 
667.000 1.000 
668.000 1.000 
669.000 1.000 
670.000 1.000 
671.000 1.000 
672.000 1.000 
673.000 1.000 
674.000 1.000 
675.000 1.000 
676.000 1.000 
677.000 1.000 
678.000 1.000 
679.000 1.000 
680.000 1.000 
681.000 1.000 
682.000 1.000 
683.000 1.000 
684.000 1.000 
685.000 1.000 
686.000 1.000 
687.000 1.000 
688.000 1.000 
689.000 1.000 
690.000 1.000 
691.000 1.000 
692.000 1.000 
693.000 1.000 
694.000 1.000 
695.000 1.000 
696.000 1.000 
697.000 1.000 
698.000 1.000 
699.000 1.000 
700.000 1.000 
701.000 1.000 
702.000 1.000 
703.000 1.000 
704.000 1.000 
705.000 1.000 
706.000 1.000 
707.000 1.000 
708.000 1.000 
709.000 1.000 
710.000 1.000 
711.000 1.000 
712.000 1.000 
713.000 1.000 
714.000 1.000 
715.000 1.000 
716.000 1.000 
717.000 1.000 
718.000 1.000 
719.000 1.000 
720.000 1.000 
721.000 1.000 
722.000 1.000 
723.000 1.000 
724.000 1.000 
725.000 1.000 
726.000 1.000 
727.000 1.000 
728.000 1.000 
729.000 1.000 
730.000 1.000 
731.000 1.000 
732.000 1.000 
733.000 1.000 
734.000 1.000 
735.000 1.000 
736.000 1.000 
737.000 1.000 
738.000 1.000 
739.000 1.000 
740.000 1.000 
741.000 1.000 
742.000 1.000 
743.000 1.000 
744.000 1.000 
745.000 1.000 
746.000 1.000 
747.000 1.000 
748.000 1.000 
749.000 1.000 
750.000 1.000 
751.000 1.000 
752.000 1.000 
753.000 1.000 
754.000 1.000 
755.000 1.000 
756.000 1.000 
757.000 1.000 
758.000 1.000 
759.000 1.000 
760.000 1.000 
761.000 1.000 
762.000 1.000 
763.000 1.000 
764.000 1.000 
765.000 1.000 
766.000 1.000 
767.000 1.000 
768.000 1.000 
769.000 1.000 
770.000 1.000 
771.000 1.000 
772.000 1.000 
773.000 1.000 
774.000 1.000 
775.000 1.000 
776.000 1.000 
777.000 1.000 
778.000 1.000 
779.000 1.000 
780.000 1.000 
781.000 1.000 
782.000 1.000 
783.000 1.000 
784.000 1.000 
785.000 1.000 
786.000 1.000 
787.000 1.000 
788.000 1.000 
789.000 1.000 
790.000 1.000 
791.000 1.000 
792.000 1.000 
793.000 1.000 
794.000 1.000 
795.000 1.000 
796.000 1.000 
797.000 1.000 
798.000 1.000 
799.000 1.000 
800.000 1.000 
