1.000 0.000 
2.000 0.000 
3.000 0.000 
4.000 0.000 
5.000 0.000 
6.000 0.000 
7.000 -0.028 
8.000 -0.046 
9.000 -0.054 
10.000 -0.055 
11.000 -0.050 
12.000 -0.043 
13.000 -0.034 
14.000 -0.028 
15.000 -0.025 
16.000 -0.027 
17.000 -0.033 
18.000 -0.042 
19.000 -0.051 
20.000 -0.059 
21.000 -0.064 
22.000 -0.067 
23.000 -0.067 
24.000 -0.065 
25.000 -0.063 
26.000 -0.061 
27.000 -0.060 
28.000 -0.061 
29.000 -0.064 
30.000 -0.069 
31.000 -0.074 
32.000 -0.078 
33.000 -0.082 
34.000 -0.084 
35.000 -0.085 
36.000 -0.086 
37.000 -0.086 
38.000 -0.086 
39.000 -0.086 
40.000 -0.088 
41.000 -0.090 
42.000 -0.092 
43.000 -0.095 
44.000 -0.098 
45.000 -0.100 
46.000 -0.102 
47.000 -0.104 
48.000 -0.105 
49.000 -0.106 
50.000 -0.107 
51.000 -0.108 
52.000 -0.110 
53.000 -0.111 
54.000 -0.113 
55.000 -0.115 
56.000 -0.117 
57.000 -0.119 
58.000 -0.121 
59.000 -0.122 
60.000 -0.124 
61.000 -0.125 
62.000 -0.126 
63.000 -0.127 
64.000 -0.129 
65.000 -0.130 
66.000 -0.132 
67.000 -0.133 
68.000 -0.135 
69.000 -0.137 
70.000 -0.138 
71.000 -0.139 
72.000 -0.141 
73.000 -0.142 
74.000 -0.143 
75.000 -0.145 
76.000 -0.146 
77.000 -0.147 
78.000 -0.149 
79.000 -0.150 
80.000 -0.152 
81.000 -0.153 
82.000 -0.154 
83.000 -0.156 
84.000 -0.157 
85.000 -0.158 
86.000 -0.160 
87.000 -0.161 
88.000 -0.162 
89.000 -0.163 
90.000 -0.165 
91.000 -0.166 
92.000 -0.167 
93.000 -0.169 
94.000 -0.170 
95.000 -0.171 
96.000 -0.172 
97.000 -0.174 
98.000 -0.175 
99.000 -0.176 
100.000 -0.177 
101.000 -0.178 
102.000 -0.180 
103.000 -0.181 
104.000 -0.182 
105.000 -0.183 
106.000 -0.184 
107.000 -0.186 
108.000 -0.187 
109.000 -0.188 
110.000 -0.189 
111.000 -0.190 
112.000 -0.191 
113.000 -0.193 
114.000 -0.194 
115.000 -0.195 
116.000 -0.196 
117.000 -0.197 
118.000 -0.198 
119.000 -0.199 
120.000 -0.200 
121.000 -0.189 
122.000 -0.183 
123.000 -0.181 
124.000 -0.181 
125.000 -0.184 
126.000 -0.189 
127.000 -0.193 
128.000 -0.196 
129.000 -0.198 
130.000 -0.197 
131.000 -0.196 
132.000 -0.193 
133.000 -0.190 
134.000 -0.188 
135.000 -0.187 
136.000 -0.188 
137.000 -0.189 
138.000 -0.190 
139.000 -0.192 
140.000 -0.193 
141.000 -0.193 
142.000 -0.193 
143.000 -0.193 
144.000 -0.192 
145.000 -0.191 
146.000 -0.190 
147.000 -0.190 
148.000 -0.190 
149.000 -0.190 
150.000 -0.191 
151.000 -0.191 
152.000 -0.191 
153.000 -0.192 
154.000 -0.192 
155.000 -0.191 
156.000 -0.191 
157.000 -0.191 
158.000 -0.190 
159.000 -0.190 
160.000 -0.190 
161.000 -0.190 
162.000 -0.191 
163.000 -0.191 
164.000 -0.191 
165.000 -0.191 
166.000 -0.191 
167.000 -0.191 
168.000 -0.191 
169.000 -0.190 
170.000 -0.190 
171.000 -0.190 
172.000 -0.190 
173.000 -0.190 
174.000 -0.190 
175.000 -0.190 
176.000 -0.190 
177.000 -0.190 
178.000 -0.190 
179.000 -0.190 
180.000 -0.190 
181.000 -0.190 
182.000 -0.190 
183.000 -0.190 
184.000 -0.190 
185.000 -0.190 
186.000 -0.190 
187.000 -0.190 
188.000 -0.190 
189.000 -0.190 
190.000 -0.190 
191.000 -0.190 
192.000 -0.190 
193.000 -0.190 
194.000 -0.190 
195.000 -0.190 
196.000 -0.190 
197.000 -0.190 
198.000 -0.190 
199.000 -0.190 
200.000 -0.190 
201.000 -0.190 
202.000 -0.190 
203.000 -0.190 
204.000 -0.190 
205.000 -0.190 
206.000 -0.190 
207.000 -0.190 
208.000 -0.190 
209.000 -0.190 
210.000 -0.190 
211.000 -0.190 
212.000 -0.190 
213.000 -0.190 
214.000 -0.190 
215.000 -0.190 
216.000 -0.190 
217.000 -0.190 
218.000 -0.190 
219.000 -0.190 
220.000 -0.190 
221.000 -0.190 
222.000 -0.190 
223.000 -0.190 
224.000 -0.190 
225.000 -0.190 
226.000 -0.190 
227.000 -0.190 
228.000 -0.190 
229.000 -0.190 
230.000 -0.190 
231.000 -0.190 
232.000 -0.190 
233.000 -0.190 
234.000 -0.190 
235.000 -0.190 
236.000 -0.190 
237.000 -0.189 
238.000 -0.189 
239.000 -0.189 
240.000 -0.189 
241.000 -0.120 
242.000 -0.078 
243.000 -0.058 
244.000 -0.056 
245.000 -0.067 
246.000 -0.085 
247.000 -0.104 
248.000 -0.116 
249.000 -0.120 
250.000 -0.113 
251.000 -0.098 
252.000 -0.077 
253.000 -0.056 
254.000 -0.038 
255.000 -0.026 
256.000 -0.020 
257.000 -0.020 
258.000 -0.024 
259.000 -0.028 
260.000 -0.030 
261.000 -0.030 
262.000 -0.025 
263.000 -0.017 
264.000 -0.007 
265.000 0.004 
266.000 0.015 
267.000 0.023 
268.000 0.029 
269.000 0.032 
270.000 0.034 
271.000 0.034 
272.000 0.035 
273.000 0.037 
274.000 0.040 
275.000 0.045 
276.000 0.051 
277.000 0.057 
278.000 0.064 
279.000 0.070 
280.000 0.075 
281.000 0.079 
282.000 0.082 
283.000 0.084 
284.000 0.085 
285.000 0.087 
286.000 0.089 
287.000 0.092 
288.000 0.096 
289.000 0.100 
290.000 0.104 
291.000 0.109 
292.000 0.113 
293.000 0.116 
294.000 0.119 
295.000 0.121 
296.000 0.123 
297.000 0.124 
298.000 0.126 
299.000 0.128 
300.000 0.130 
301.000 0.132 
302.000 0.135 
303.000 0.138 
304.000 0.141 
305.000 0.143 
306.000 0.145 
307.000 0.147 
308.000 0.149 
309.000 0.150 
310.000 0.151 
311.000 0.153 
312.000 0.154 
313.000 0.155 
314.000 0.157 
315.000 0.159 
316.000 0.160 
317.000 0.162 
318.000 0.164 
319.000 0.165 
320.000 0.167 
321.000 0.168 
322.000 0.169 
323.000 0.169 
324.000 0.170 
325.000 0.171 
326.000 0.172 
327.000 0.173 
328.000 0.174 
329.000 0.175 
330.000 0.176 
331.000 0.177 
332.000 0.178 
333.000 0.179 
334.000 0.180 
335.000 0.180 
336.000 0.181 
337.000 0.181 
338.000 0.182 
339.000 0.182 
340.000 0.183 
341.000 0.183 
342.000 0.184 
343.000 0.185 
344.000 0.186 
345.000 0.186 
346.000 0.187 
347.000 0.187 
348.000 0.188 
349.000 0.188 
350.000 0.188 
351.000 0.188 
352.000 0.189 
353.000 0.189 
354.000 0.189 
355.000 0.190 
356.000 0.190 
357.000 0.191 
358.000 0.191 
359.000 0.191 
360.000 0.192 
361.000 0.321 
362.000 0.401 
363.000 0.438 
364.000 0.442 
365.000 0.422 
366.000 0.384 
367.000 0.337 
368.000 0.291 
369.000 0.254 
370.000 0.233 
371.000 0.232 
372.000 0.251 
373.000 0.288 
374.000 0.337 
375.000 0.389 
376.000 0.434 
377.000 0.464 
378.000 0.475 
379.000 0.466 
380.000 0.441 
381.000 0.404 
382.000 0.364 
383.000 0.327 
384.000 0.300 
385.000 0.287 
386.000 0.291 
387.000 0.310 
388.000 0.343 
389.000 0.384 
390.000 0.425 
391.000 0.459 
392.000 0.480 
393.000 0.484 
394.000 0.471 
395.000 0.446 
396.000 0.411 
397.000 0.375 
398.000 0.343 
399.000 0.320 
400.000 0.309 
401.000 0.314 
402.000 0.333 
403.000 0.363 
404.000 0.399 
405.000 0.435 
406.000 0.463 
407.000 0.480 
408.000 0.481 
409.000 0.468 
410.000 0.443 
411.000 0.412 
412.000 0.378 
413.000 0.349 
414.000 0.329 
415.000 0.320 
416.000 0.326 
417.000 0.344 
418.000 0.372 
419.000 0.405 
420.000 0.437 
421.000 0.462 
422.000 0.475 
423.000 0.476 
424.000 0.463 
425.000 0.439 
426.000 0.410 
427.000 0.379 
428.000 0.353 
429.000 0.335 
430.000 0.328 
431.000 0.333 
432.000 0.351 
433.000 0.377 
434.000 0.407 
435.000 0.436 
436.000 0.458 
437.000 0.470 
438.000 0.470 
439.000 0.457 
440.000 0.435 
441.000 0.407 
442.000 0.379 
443.000 0.355 
444.000 0.339 
445.000 0.334 
446.000 0.340 
447.000 0.356 
448.000 0.380 
449.000 0.408 
450.000 0.435 
451.000 0.455 
452.000 0.465 
453.000 0.464 
454.000 0.451 
455.000 0.431 
456.000 0.405 
457.000 0.380 
458.000 0.358 
459.000 0.344 
460.000 0.339 
461.000 0.345 
462.000 0.361 
463.000 0.383 
464.000 0.409 
465.000 0.433 
466.000 0.451 
467.000 0.460 
468.000 0.458 
469.000 0.446 
470.000 0.427 
471.000 0.404 
472.000 0.380 
473.000 0.360 
474.000 0.347 
475.000 0.344 
476.000 0.350 
477.000 0.365 
478.000 0.386 
479.000 0.410 
480.000 0.431 
481.000 0.992 
482.000 1.000 
483.000 1.000 
484.000 1.000 
485.000 1.000 
486.000 1.000 
487.000 1.000 
488.000 1.000 
489.000 1.000 
490.000 1.000 
491.000 1.000 
492.000 1.000 
493.000 1.000 
494.000 0.708 
495.000 0.488 
496.000 0.363 
497.000 0.321 
498.000 0.342 
499.000 0.428 
500.000 0.581 
501.000 0.796 
502.000 1.000 
503.000 1.000 
504.000 1.000 
505.000 1.000 
506.000 1.000 
507.000 1.000 
508.000 1.000 
509.000 1.000 
510.000 1.000 
511.000 1.000 
512.000 1.000 
513.000 1.000 
514.000 1.000 
515.000 1.000 
516.000 1.000 
517.000 1.000 
518.000 0.919 
519.000 0.697 
520.000 0.574 
521.000 0.536 
522.000 0.561 
523.000 0.633 
524.000 0.739 
525.000 0.868 
526.000 1.000 
527.000 1.000 
528.000 1.000 
529.000 1.000 
530.000 1.000 
531.000 1.000 
532.000 1.000 
533.000 1.000 
534.000 1.000 
535.000 1.000 
536.000 1.000 
537.000 0.975 
538.000 0.811 
539.000 0.699 
540.000 0.637 
541.000 0.619 
542.000 0.637 
543.000 0.683 
544.000 0.751 
545.000 0.835 
546.000 0.924 
547.000 1.000 
548.000 1.000 
549.000 1.000 
550.000 1.000 
551.000 1.000 
552.000 1.000 
553.000 0.996 
554.000 0.902 
555.000 0.812 
556.000 0.737 
557.000 0.681 
558.000 0.647 
559.000 0.636 
560.000 0.648 
561.000 0.684 
562.000 0.741 
563.000 0.811 
564.000 0.885 
565.000 0.952 
566.000 1.000 
567.000 1.000 
568.000 1.000 
569.000 0.997 
570.000 0.945 
571.000 0.878 
572.000 0.804 
573.000 0.735 
574.000 0.677 
575.000 0.637 
576.000 0.618 
577.000 0.625 
578.000 0.657 
579.000 0.712 
580.000 0.784 
581.000 0.862 
582.000 0.936 
583.000 0.993 
584.000 1.000 
585.000 1.000 
586.000 1.000 
587.000 0.967 
588.000 0.897 
589.000 0.819 
590.000 0.745 
591.000 0.681 
592.000 0.634 
593.000 0.610 
594.000 0.612 
595.000 0.641 
596.000 0.695 
597.000 0.768 
598.000 0.850 
599.000 0.929 
600.000 0.993 
601.000 1.000 
602.000 1.000 
603.000 1.000 
604.000 1.000 
605.000 1.000 
606.000 1.000 
607.000 1.000 
608.000 1.000 
609.000 1.000 
610.000 1.000 
611.000 1.000 
612.000 1.000 
613.000 1.000 
614.000 1.000 
615.000 1.000 
616.000 1.000 
617.000 1.000 
618.000 1.000 
619.000 1.000 
620.000 1.000 
621.000 1.000 
622.000 1.000 
623.000 1.000 
624.000 1.000 
625.000 1.000 
626.000 1.000 
627.000 1.000 
628.000 1.000 
629.000 1.000 
630.000 1.000 
631.000 1.000 
632.000 1.000 
633.000 1.000 
634.000 1.000 
635.000 1.000 
636.000 1.000 
637.000 1.000 
638.000 1.000 
639.000 1.000 
640.000 1.000 
641.000 1.000 
642.000 1.000 
643.000 1.000 
644.000 1.000 
645.000 1.000 
646.000 1.000 
647.000 1.000 
648.000 1.000 
649.000 1.000 
650.000 1.000 
651.000 1.000 
652.000 1.000 
653.000 1.000 
654.000 1.000 
655.000 1.000 
656.000 1.000 
657.000 1.000 
658.000 1.000 
659.000 1.000 
660.000 1.000 
661.000 1.000 
662.000 1.000 
663.000 1.000 
664.000 1.000 
665.000 1.000 
666.000 1.000 
667.000 1.000 
668.000 1.000 
669.000 1.000 
670.000 1.000 
671.000 1.000 
672.000 1.000 
673.000 1.000 
674.000 1.000 
675.000 1.000 
676.000 1.000 
677.000 1.000 
678.000 1.000 
679.000 1.000 
680.000 1.000 
681.000 1.000 
682.000 1.000 
683.000 1.000 
684.000 1.000 
685.000 1.000 
686.000 1.000 
687.000 1.000 
688.000 1.000 
689.000 1.000 
690.000 1.000 
691.000 1.000 
692.000 1.000 
693.000 1.000 
694.000 1.000 
695.000 1.000 
696.000 1.000 
697.000 1.000 
698.000 1.000 
699.000 1.000 
700.000 1.000 
701.000 1.000 
702.000 1.000 
703.000 1.000 
704.000 1.000 
705.000 1.000 
706.000 1.000 
707.000 1.000 
708.000 1.000 
709.000 1.000 
710.000 1.000 
711.000 1.000 
712.000 1.000 
713.000 1.000 
714.000 1.000 
715.000 1.000 
716.000 1.000 
717.000 1.000 
718.000 1.000 
719.000 1.000 
720.000 1.000 
721.000 1.000 
722.000 1.000 
723.000 1.000 
724.000 1.000 
725.000 1.000 
726.000 1.000 
727.000 1.000 
728.000 1.000 
729.000 1.000 
730.000 1.000 
731.000 1.000 
732.000 1.000 
733.000 1.000 
734.000 1.000 
735.000 1.000 
736.000 1.000 
737.000 1.000 
738.000 1.000 
739.000 1.000 
740.000 1.000 
741.000 1.000 
742.000 1.000 
743.000 1.000 
744.000 1.000 
745.000 1.000 
746.000 1.000 
747.000 1.000 
748.000 1.000 
749.000 1.000 
750.000 1.000 
751.000 1.000 
752.000 1.000 
753.000 1.000 
754.000 1.000 
755.000 1.000 
756.000 1.000 
757.000 1.000 
758.000 1.000 
759.000 1.000 
760.000 1.000 
761.000 1.000 
762.000 1.000 
763.000 1.000 
764.000 1.000 
765.000 1.000 
766.000 1.000 
767.000 1.000 
768.000 1.000 
769.000 1.000 
770.000 1.000 
771.000 1.000 
772.000 1.000 
773.000 1.000 
774.000 1.000 
775.000 1.000 
776.000 1.000 
777.000 1.000 
778.000 1.000 
779.000 1.000 
780.000 1.000 
781.000 1.000 
782.000 1.000 
783.000 1.000 
784.000 1.000 
785.000 1.000 
786.000 1.000 
787.000 1.000 
788.000 1.000 
789.000 1.000 
790.000 1.000 
791.000 1.000 
792.000 1.000 
793.000 1.000 
794.000 1.000 
795.000 1.000 
796.000 1.000 
797.000 1.000 
798.000 1.000 
799.000 1.000 
800.000 1.000 
