1.000 0.000 
2.000 0.000 
3.000 0.000 
4.000 0.000 
5.000 0.000 
6.000 0.000 
7.000 -0.036 
8.000 -0.039 
9.000 -0.036 
10.000 -0.033 
11.000 -0.030 
12.000 -0.027 
13.000 -0.026 
14.000 -0.028 
15.000 -0.030 
16.000 -0.034 
17.000 -0.038 
18.000 -0.041 
19.000 -0.044 
20.000 -0.046 
21.000 -0.047 
22.000 -0.048 
23.000 -0.050 
24.000 -0.051 
25.000 -0.052 
26.000 -0.054 
27.000 -0.056 
28.000 -0.058 
29.000 -0.060 
30.000 -0.062 
31.000 -0.063 
32.000 -0.065 
33.000 -0.067 
34.000 -0.068 
35.000 -0.070 
36.000 -0.071 
37.000 -0.073 
38.000 -0.075 
39.000 -0.076 
40.000 -0.078 
41.000 -0.079 
42.000 -0.081 
43.000 -0.082 
44.000 -0.084 
45.000 -0.085 
46.000 -0.087 
47.000 -0.088 
48.000 -0.090 
49.000 -0.091 
50.000 -0.093 
51.000 -0.094 
52.000 -0.096 
53.000 -0.097 
54.000 -0.099 
55.000 -0.100 
56.000 -0.101 
57.000 -0.103 
58.000 -0.104 
59.000 -0.106 
60.000 -0.107 
61.000 -0.108 
62.000 -0.110 
63.000 -0.111 
64.000 -0.112 
65.000 -0.114 
66.000 -0.115 
67.000 -0.116 
68.000 -0.118 
69.000 -0.119 
70.000 -0.120 
71.000 -0.122 
72.000 -0.123 
73.000 -0.124 
74.000 -0.125 
75.000 -0.127 
76.000 -0.128 
77.000 -0.129 
78.000 -0.130 
79.000 -0.132 
80.000 -0.133 
81.000 -0.134 
82.000 -0.135 
83.000 -0.137 
84.000 -0.138 
85.000 -0.139 
86.000 -0.140 
87.000 -0.141 
88.000 -0.142 
89.000 -0.144 
90.000 -0.145 
91.000 -0.146 
92.000 -0.147 
93.000 -0.148 
94.000 -0.149 
95.000 -0.151 
96.000 -0.152 
97.000 -0.153 
98.000 -0.154 
99.000 -0.155 
100.000 -0.156 
101.000 -0.157 
102.000 -0.158 
103.000 -0.159 
104.000 -0.161 
105.000 -0.162 
106.000 -0.163 
107.000 -0.164 
108.000 -0.165 
109.000 -0.166 
110.000 -0.167 
111.000 -0.168 
112.000 -0.169 
113.000 -0.170 
114.000 -0.171 
115.000 -0.172 
116.000 -0.173 
117.000 -0.174 
118.000 -0.175 
119.000 -0.176 
120.000 -0.177 
121.000 -0.163 
122.000 -0.163 
123.000 -0.165 
124.000 -0.167 
125.000 -0.170 
126.000 -0.171 
127.000 -0.173 
128.000 -0.173 
129.000 -0.172 
130.000 -0.172 
131.000 -0.171 
132.000 -0.171 
133.000 -0.171 
134.000 -0.171 
135.000 -0.171 
136.000 -0.171 
137.000 -0.171 
138.000 -0.172 
139.000 -0.172 
140.000 -0.172 
141.000 -0.172 
142.000 -0.172 
143.000 -0.172 
144.000 -0.172 
145.000 -0.172 
146.000 -0.172 
147.000 -0.172 
148.000 -0.172 
149.000 -0.172 
150.000 -0.172 
151.000 -0.172 
152.000 -0.172 
153.000 -0.172 
154.000 -0.172 
155.000 -0.172 
156.000 -0.173 
157.000 -0.173 
158.000 -0.173 
159.000 -0.173 
160.000 -0.173 
161.000 -0.173 
162.000 -0.173 
163.000 -0.173 
164.000 -0.173 
165.000 -0.173 
166.000 -0.173 
167.000 -0.173 
168.000 -0.173 
169.000 -0.173 
170.000 -0.173 
171.000 -0.173 
172.000 -0.173 
173.000 -0.173 
174.000 -0.174 
175.000 -0.174 
176.000 -0.174 
177.000 -0.174 
178.000 -0.174 
179.000 -0.174 
180.000 -0.174 
181.000 -0.174 
182.000 -0.174 
183.000 -0.174 
184.000 -0.174 
185.000 -0.174 
186.000 -0.174 
187.000 -0.174 
188.000 -0.174 
189.000 -0.174 
190.000 -0.174 
191.000 -0.174 
192.000 -0.174 
193.000 -0.174 
194.000 -0.175 
195.000 -0.175 
196.000 -0.175 
197.000 -0.175 
198.000 -0.175 
199.000 -0.175 
200.000 -0.175 
201.000 -0.175 
202.000 -0.175 
203.000 -0.175 
204.000 -0.175 
205.000 -0.175 
206.000 -0.175 
207.000 -0.175 
208.000 -0.175 
209.000 -0.175 
210.000 -0.175 
211.000 -0.175 
212.000 -0.175 
213.000 -0.175 
214.000 -0.175 
215.000 -0.176 
216.000 -0.176 
217.000 -0.176 
218.000 -0.176 
219.000 -0.176 
220.000 -0.176 
221.000 -0.176 
222.000 -0.176 
223.000 -0.176 
224.000 -0.176 
225.000 -0.176 
226.000 -0.176 
227.000 -0.176 
228.000 -0.176 
229.000 -0.176 
230.000 -0.176 
231.000 -0.176 
232.000 -0.176 
233.000 -0.176 
234.000 -0.176 
235.000 -0.176 
236.000 -0.176 
237.000 -0.176 
238.000 -0.177 
239.000 -0.177 
240.000 -0.177 
241.000 -0.088 
242.000 -0.081 
243.000 -0.088 
244.000 -0.097 
245.000 -0.103 
246.000 -0.109 
247.000 -0.110 
248.000 -0.106 
249.000 -0.098 
250.000 -0.089 
251.000 -0.080 
252.000 -0.072 
253.000 -0.066 
254.000 -0.061 
255.000 -0.057 
256.000 -0.054 
257.000 -0.050 
258.000 -0.046 
259.000 -0.042 
260.000 -0.037 
261.000 -0.032 
262.000 -0.027 
263.000 -0.022 
264.000 -0.018 
265.000 -0.013 
266.000 -0.009 
267.000 -0.004 
268.000 -0.000 
269.000 0.004 
270.000 0.008 
271.000 0.012 
272.000 0.016 
273.000 0.020 
274.000 0.024 
275.000 0.028 
276.000 0.032 
277.000 0.036 
278.000 0.040 
279.000 0.043 
280.000 0.047 
281.000 0.051 
282.000 0.054 
283.000 0.058 
284.000 0.061 
285.000 0.064 
286.000 0.068 
287.000 0.071 
288.000 0.074 
289.000 0.077 
290.000 0.080 
291.000 0.083 
292.000 0.086 
293.000 0.089 
294.000 0.092 
295.000 0.095 
296.000 0.098 
297.000 0.100 
298.000 0.103 
299.000 0.105 
300.000 0.108 
301.000 0.110 
302.000 0.113 
303.000 0.115 
304.000 0.118 
305.000 0.120 
306.000 0.122 
307.000 0.124 
308.000 0.126 
309.000 0.128 
310.000 0.130 
311.000 0.132 
312.000 0.134 
313.000 0.136 
314.000 0.138 
315.000 0.140 
316.000 0.141 
317.000 0.143 
318.000 0.145 
319.000 0.146 
320.000 0.148 
321.000 0.149 
322.000 0.151 
323.000 0.152 
324.000 0.154 
325.000 0.155 
326.000 0.156 
327.000 0.158 
328.000 0.159 
329.000 0.160 
330.000 0.161 
331.000 0.162 
332.000 0.164 
333.000 0.165 
334.000 0.166 
335.000 0.167 
336.000 0.168 
337.000 0.169 
338.000 0.170 
339.000 0.170 
340.000 0.171 
341.000 0.172 
342.000 0.173 
343.000 0.174 
344.000 0.175 
345.000 0.175 
346.000 0.176 
347.000 0.177 
348.000 0.178 
349.000 0.178 
350.000 0.179 
351.000 0.180 
352.000 0.180 
353.000 0.181 
354.000 0.181 
355.000 0.182 
356.000 0.182 
357.000 0.183 
358.000 0.183 
359.000 0.184 
360.000 0.184 
361.000 0.351 
362.000 0.365 
363.000 0.351 
364.000 0.336 
365.000 0.324 
366.000 0.307 
367.000 0.294 
368.000 0.287 
369.000 0.287 
370.000 0.293 
371.000 0.304 
372.000 0.317 
373.000 0.332 
374.000 0.345 
375.000 0.355 
376.000 0.362 
377.000 0.365 
378.000 0.366 
379.000 0.365 
380.000 0.363 
381.000 0.362 
382.000 0.361 
383.000 0.361 
384.000 0.363 
385.000 0.365 
386.000 0.369 
387.000 0.373 
388.000 0.377 
389.000 0.380 
390.000 0.383 
391.000 0.385 
392.000 0.386 
393.000 0.387 
394.000 0.387 
395.000 0.387 
396.000 0.387 
397.000 0.387 
398.000 0.387 
399.000 0.388 
400.000 0.389 
401.000 0.390 
402.000 0.391 
403.000 0.392 
404.000 0.393 
405.000 0.394 
406.000 0.394 
407.000 0.395 
408.000 0.395 
409.000 0.395 
410.000 0.396 
411.000 0.396 
412.000 0.396 
413.000 0.396 
414.000 0.396 
415.000 0.396 
416.000 0.397 
417.000 0.397 
418.000 0.397 
419.000 0.398 
420.000 0.398 
421.000 0.398 
422.000 0.398 
423.000 0.398 
424.000 0.398 
425.000 0.399 
426.000 0.399 
427.000 0.399 
428.000 0.399 
429.000 0.399 
430.000 0.399 
431.000 0.399 
432.000 0.399 
433.000 0.399 
434.000 0.399 
435.000 0.399 
436.000 0.399 
437.000 0.399 
438.000 0.399 
439.000 0.399 
440.000 0.400 
441.000 0.400 
442.000 0.400 
443.000 0.400 
444.000 0.400 
445.000 0.400 
446.000 0.400 
447.000 0.400 
448.000 0.400 
449.000 0.400 
450.000 0.400 
451.000 0.400 
452.000 0.400 
453.000 0.400 
454.000 0.400 
455.000 0.400 
456.000 0.400 
457.000 0.400 
458.000 0.400 
459.000 0.400 
460.000 0.400 
461.000 0.400 
462.000 0.400 
463.000 0.400 
464.000 0.400 
465.000 0.400 
466.000 0.400 
467.000 0.400 
468.000 0.400 
469.000 0.400 
470.000 0.400 
471.000 0.400 
472.000 0.400 
473.000 0.400 
474.000 0.400 
475.000 0.400 
476.000 0.400 
477.000 0.400 
478.000 0.400 
479.000 0.400 
480.000 0.400 
481.000 1.000 
482.000 1.000 
483.000 1.000 
484.000 1.000 
485.000 1.000 
486.000 1.000 
487.000 1.000 
488.000 1.000 
489.000 0.769 
490.000 0.700 
491.000 0.672 
492.000 0.657 
493.000 0.648 
494.000 0.663 
495.000 0.693 
496.000 0.733 
497.000 0.777 
498.000 0.818 
499.000 0.853 
500.000 0.877 
501.000 0.889 
502.000 0.890 
503.000 0.880 
504.000 0.864 
505.000 0.844 
506.000 0.822 
507.000 0.801 
508.000 0.784 
509.000 0.771 
510.000 0.763 
511.000 0.760 
512.000 0.763 
513.000 0.769 
514.000 0.778 
515.000 0.789 
516.000 0.800 
517.000 0.809 
518.000 0.816 
519.000 0.821 
520.000 0.822 
521.000 0.821 
522.000 0.818 
523.000 0.813 
524.000 0.808 
525.000 0.802 
526.000 0.797 
527.000 0.793 
528.000 0.791 
529.000 0.789 
530.000 0.790 
531.000 0.791 
532.000 0.793 
533.000 0.796 
534.000 0.799 
535.000 0.801 
536.000 0.803 
537.000 0.805 
538.000 0.805 
539.000 0.806 
540.000 0.805 
541.000 0.804 
542.000 0.802 
543.000 0.801 
544.000 0.800 
545.000 0.799 
546.000 0.798 
547.000 0.797 
548.000 0.797 
549.000 0.797 
550.000 0.798 
551.000 0.799 
552.000 0.799 
553.000 0.800 
554.000 0.801 
555.000 0.801 
556.000 0.801 
557.000 0.801 
558.000 0.801 
559.000 0.801 
560.000 0.801 
561.000 0.800 
562.000 0.800 
563.000 0.800 
564.000 0.799 
565.000 0.799 
566.000 0.799 
567.000 0.799 
568.000 0.799 
569.000 0.800 
570.000 0.800 
571.000 0.800 
572.000 0.800 
573.000 0.800 
574.000 0.800 
575.000 0.800 
576.000 0.800 
577.000 0.800 
578.000 0.800 
579.000 0.800 
580.000 0.800 
581.000 0.800 
582.000 0.800 
583.000 0.800 
584.000 0.800 
585.000 0.800 
586.000 0.800 
587.000 0.800 
588.000 0.800 
589.000 0.800 
590.000 0.800 
591.000 0.800 
592.000 0.800 
593.000 0.800 
594.000 0.800 
595.000 0.800 
596.000 0.800 
597.000 0.800 
598.000 0.800 
599.000 0.800 
600.000 0.800 
601.000 1.000 
602.000 1.000 
603.000 1.000 
604.000 1.000 
605.000 1.000 
606.000 1.000 
607.000 1.000 
608.000 1.000 
609.000 1.000 
610.000 1.000 
611.000 1.000 
612.000 1.000 
613.000 1.000 
614.000 1.000 
615.000 1.000 
616.000 1.000 
617.000 1.000 
618.000 1.000 
619.000 1.000 
620.000 1.000 
621.000 1.000 
622.000 1.000 
623.000 1.000 
624.000 1.000 
625.000 1.000 
626.000 1.000 
627.000 1.000 
628.000 1.000 
629.000 1.000 
630.000 1.000 
631.000 1.000 
632.000 1.000 
633.000 1.000 
634.000 1.000 
635.000 1.000 
636.000 1.000 
637.000 1.000 
638.000 1.000 
639.000 1.000 
640.000 1.000 
641.000 1.000 
642.000 1.000 
643.000 1.000 
644.000 1.000 
645.000 1.000 
646.000 1.000 
647.000 1.000 
648.000 1.000 
649.000 1.000 
650.000 1.000 
651.000 1.000 
652.000 1.000 
653.000 1.000 
654.000 1.000 
655.000 1.000 
656.000 1.000 
657.000 1.000 
658.000 1.000 
659.000 1.000 
660.000 1.000 
661.000 1.000 
662.000 1.000 
663.000 1.000 
664.000 1.000 
665.000 1.000 
666.000 1.000 
667.000 1.000 
668.000 1.000 
669.000 1.000 
670.000 1.000 
671.000 1.000 
672.000 1.000 
673.000 1.000 
674.000 1.000 
675.000 1.000 
676.000 1.000 
677.000 1.000 
678.000 1.000 
679.000 1.000 
680.000 1.000 
681.000 1.000 
682.000 1.000 
683.000 1.000 
684.000 1.000 
685.000 1.000 
686.000 1.000 
687.000 1.000 
688.000 1.000 
689.000 1.000 
690.000 1.000 
691.000 1.000 
692.000 1.000 
693.000 1.000 
694.000 1.000 
695.000 1.000 
696.000 1.000 
697.000 1.000 
698.000 1.000 
699.000 1.000 
700.000 1.000 
701.000 1.000 
702.000 1.000 
703.000 1.000 
704.000 1.000 
705.000 1.000 
706.000 1.000 
707.000 1.000 
708.000 1.000 
709.000 1.000 
710.000 1.000 
711.000 1.000 
712.000 1.000 
713.000 1.000 
714.000 1.000 
715.000 1.000 
716.000 1.000 
717.000 1.000 
718.000 1.000 
719.000 1.000 
720.000 1.000 
721.000 1.000 
722.000 1.000 
723.000 1.000 
724.000 1.000 
725.000 1.000 
726.000 1.000 
727.000 1.000 
728.000 1.000 
729.000 1.000 
730.000 1.000 
731.000 1.000 
732.000 1.000 
733.000 1.000 
734.000 1.000 
735.000 1.000 
736.000 1.000 
737.000 1.000 
738.000 1.000 
739.000 1.000 
740.000 1.000 
741.000 1.000 
742.000 1.000 
743.000 1.000 
744.000 1.000 
745.000 1.000 
746.000 1.000 
747.000 1.000 
748.000 1.000 
749.000 1.000 
750.000 1.000 
751.000 1.000 
752.000 1.000 
753.000 1.000 
754.000 1.000 
755.000 1.000 
756.000 1.000 
757.000 1.000 
758.000 1.000 
759.000 1.000 
760.000 1.000 
761.000 1.000 
762.000 1.000 
763.000 1.000 
764.000 1.000 
765.000 1.000 
766.000 1.000 
767.000 1.000 
768.000 1.000 
769.000 1.000 
770.000 1.000 
771.000 1.000 
772.000 1.000 
773.000 1.000 
774.000 1.000 
775.000 1.000 
776.000 1.000 
777.000 1.000 
778.000 1.000 
779.000 1.000 
780.000 1.000 
781.000 1.000 
782.000 1.000 
783.000 1.000 
784.000 1.000 
785.000 1.000 
786.000 1.000 
787.000 1.000 
788.000 1.000 
789.000 1.000 
790.000 1.000 
791.000 1.000 
792.000 1.000 
793.000 1.000 
794.000 1.000 
795.000 1.000 
796.000 1.000 
797.000 1.000 
798.000 1.000 
799.000 1.000 
800.000 1.000 
