1.000 0.000 
2.000 0.000 
3.000 0.000 
4.000 0.000 
5.000 0.000 
6.000 0.000 
7.000 -0.005 
8.000 -0.010 
9.000 -0.014 
10.000 -0.017 
11.000 -0.019 
12.000 -0.021 
13.000 -0.023 
14.000 -0.024 
15.000 -0.025 
16.000 -0.026 
17.000 -0.027 
18.000 -0.027 
19.000 -0.028 
20.000 -0.029 
21.000 -0.031 
22.000 -0.032 
23.000 -0.033 
24.000 -0.035 
25.000 -0.036 
26.000 -0.038 
27.000 -0.039 
28.000 -0.041 
29.000 -0.042 
30.000 -0.044 
31.000 -0.045 
32.000 -0.046 
33.000 -0.048 
34.000 -0.049 
35.000 -0.050 
36.000 -0.052 
37.000 -0.053 
38.000 -0.054 
39.000 -0.055 
40.000 -0.056 
41.000 -0.058 
42.000 -0.059 
43.000 -0.060 
44.000 -0.061 
45.000 -0.063 
46.000 -0.064 
47.000 -0.065 
48.000 -0.066 
49.000 -0.067 
50.000 -0.069 
51.000 -0.070 
52.000 -0.071 
53.000 -0.072 
54.000 -0.073 
55.000 -0.074 
56.000 -0.076 
57.000 -0.077 
58.000 -0.078 
59.000 -0.079 
60.000 -0.080 
61.000 -0.081 
62.000 -0.082 
63.000 -0.083 
64.000 -0.085 
65.000 -0.086 
66.000 -0.087 
67.000 -0.088 
68.000 -0.089 
69.000 -0.090 
70.000 -0.091 
71.000 -0.092 
72.000 -0.093 
73.000 -0.094 
74.000 -0.095 
75.000 -0.096 
76.000 -0.097 
77.000 -0.098 
78.000 -0.099 
79.000 -0.100 
80.000 -0.101 
81.000 -0.102 
82.000 -0.103 
83.000 -0.104 
84.000 -0.105 
85.000 -0.106 
86.000 -0.107 
87.000 -0.108 
88.000 -0.109 
89.000 -0.110 
90.000 -0.111 
91.000 -0.112 
92.000 -0.113 
93.000 -0.114 
94.000 -0.115 
95.000 -0.116 
96.000 -0.117 
97.000 -0.118 
98.000 -0.119 
99.000 -0.120 
100.000 -0.121 
101.000 -0.122 
102.000 -0.123 
103.000 -0.123 
104.000 -0.124 
105.000 -0.125 
106.000 -0.126 
107.000 -0.127 
108.000 -0.128 
109.000 -0.129 
110.000 -0.130 
111.000 -0.131 
112.000 -0.132 
113.000 -0.132 
114.000 -0.133 
115.000 -0.134 
116.000 -0.135 
117.000 -0.136 
118.000 -0.137 
119.000 -0.138 
120.000 -0.139 
121.000 -0.137 
122.000 -0.136 
123.000 -0.135 
124.000 -0.135 
125.000 -0.134 
126.000 -0.134 
127.000 -0.135 
128.000 -0.135 
129.000 -0.135 
130.000 -0.136 
131.000 -0.136 
132.000 -0.137 
133.000 -0.137 
134.000 -0.137 
135.000 -0.137 
136.000 -0.138 
137.000 -0.138 
138.000 -0.138 
139.000 -0.138 
140.000 -0.138 
141.000 -0.138 
142.000 -0.138 
143.000 -0.138 
144.000 -0.139 
145.000 -0.139 
146.000 -0.139 
147.000 -0.139 
148.000 -0.139 
149.000 -0.139 
150.000 -0.140 
151.000 -0.140 
152.000 -0.140 
153.000 -0.140 
154.000 -0.140 
155.000 -0.140 
156.000 -0.140 
157.000 -0.141 
158.000 -0.141 
159.000 -0.141 
160.000 -0.141 
161.000 -0.141 
162.000 -0.141 
163.000 -0.141 
164.000 -0.142 
165.000 -0.142 
166.000 -0.142 
167.000 -0.142 
168.000 -0.142 
169.000 -0.142 
170.000 -0.142 
171.000 -0.143 
172.000 -0.143 
173.000 -0.143 
174.000 -0.143 
175.000 -0.143 
176.000 -0.143 
177.000 -0.143 
178.000 -0.144 
179.000 -0.144 
180.000 -0.144 
181.000 -0.144 
182.000 -0.144 
183.000 -0.144 
184.000 -0.144 
185.000 -0.144 
186.000 -0.145 
187.000 -0.145 
188.000 -0.145 
189.000 -0.145 
190.000 -0.145 
191.000 -0.145 
192.000 -0.145 
193.000 -0.146 
194.000 -0.146 
195.000 -0.146 
196.000 -0.146 
197.000 -0.146 
198.000 -0.146 
199.000 -0.146 
200.000 -0.146 
201.000 -0.147 
202.000 -0.147 
203.000 -0.147 
204.000 -0.147 
205.000 -0.147 
206.000 -0.147 
207.000 -0.147 
208.000 -0.147 
209.000 -0.148 
210.000 -0.148 
211.000 -0.148 
212.000 -0.148 
213.000 -0.148 
214.000 -0.148 
215.000 -0.148 
216.000 -0.148 
217.000 -0.149 
218.000 -0.149 
219.000 -0.149 
220.000 -0.149 
221.000 -0.149 
222.000 -0.149 
223.000 -0.149 
224.000 -0.149 
225.000 -0.149 
226.000 -0.150 
227.000 -0.150 
228.000 -0.150 
229.000 -0.150 
230.000 -0.150 
231.000 -0.150 
232.000 -0.150 
233.000 -0.150 
234.000 -0.150 
235.000 -0.151 
236.000 -0.151 
237.000 -0.151 
238.000 -0.151 
239.000 -0.151 
240.000 -0.151 
241.000 -0.138 
242.000 -0.127 
243.000 -0.118 
244.000 -0.111 
245.000 -0.105 
246.000 -0.100 
247.000 -0.096 
248.000 -0.094 
249.000 -0.091 
250.000 -0.089 
251.000 -0.087 
252.000 -0.084 
253.000 -0.082 
254.000 -0.079 
255.000 -0.076 
256.000 -0.072 
257.000 -0.069 
258.000 -0.065 
259.000 -0.061 
260.000 -0.057 
261.000 -0.054 
262.000 -0.050 
263.000 -0.046 
264.000 -0.043 
265.000 -0.039 
266.000 -0.036 
267.000 -0.033 
268.000 -0.029 
269.000 -0.026 
270.000 -0.023 
271.000 -0.020 
272.000 -0.017 
273.000 -0.013 
274.000 -0.010 
275.000 -0.007 
276.000 -0.004 
277.000 -0.001 
278.000 0.002 
279.000 0.005 
280.000 0.008 
281.000 0.011 
282.000 0.014 
283.000 0.017 
284.000 0.020 
285.000 0.023 
286.000 0.026 
287.000 0.029 
288.000 0.032 
289.000 0.034 
290.000 0.037 
291.000 0.040 
292.000 0.043 
293.000 0.045 
294.000 0.048 
295.000 0.050 
296.000 0.053 
297.000 0.056 
298.000 0.058 
299.000 0.061 
300.000 0.063 
301.000 0.066 
302.000 0.068 
303.000 0.070 
304.000 0.073 
305.000 0.075 
306.000 0.077 
307.000 0.080 
308.000 0.082 
309.000 0.084 
310.000 0.086 
311.000 0.088 
312.000 0.090 
313.000 0.093 
314.000 0.095 
315.000 0.097 
316.000 0.099 
317.000 0.101 
318.000 0.102 
319.000 0.104 
320.000 0.106 
321.000 0.108 
322.000 0.110 
323.000 0.112 
324.000 0.114 
325.000 0.115 
326.000 0.117 
327.000 0.119 
328.000 0.120 
329.000 0.122 
330.000 0.124 
331.000 0.125 
332.000 0.127 
333.000 0.128 
334.000 0.130 
335.000 0.131 
336.000 0.133 
337.000 0.134 
338.000 0.135 
339.000 0.137 
340.000 0.138 
341.000 0.139 
342.000 0.141 
343.000 0.142 
344.000 0.143 
345.000 0.144 
346.000 0.146 
347.000 0.147 
348.000 0.148 
349.000 0.149 
350.000 0.150 
351.000 0.151 
352.000 0.152 
353.000 0.153 
354.000 0.154 
355.000 0.155 
356.000 0.156 
357.000 0.157 
358.000 0.158 
359.000 0.159 
360.000 0.160 
361.000 0.186 
362.000 0.207 
363.000 0.225 
364.000 0.240 
365.000 0.252 
366.000 0.262 
367.000 0.269 
368.000 0.275 
369.000 0.278 
370.000 0.281 
371.000 0.284 
372.000 0.286 
373.000 0.288 
374.000 0.291 
375.000 0.294 
376.000 0.297 
377.000 0.301 
378.000 0.305 
379.000 0.310 
380.000 0.315 
381.000 0.320 
382.000 0.325 
383.000 0.330 
384.000 0.334 
385.000 0.338 
386.000 0.342 
387.000 0.345 
388.000 0.348 
389.000 0.351 
390.000 0.353 
391.000 0.356 
392.000 0.358 
393.000 0.360 
394.000 0.361 
395.000 0.363 
396.000 0.365 
397.000 0.366 
398.000 0.368 
399.000 0.370 
400.000 0.371 
401.000 0.373 
402.000 0.374 
403.000 0.376 
404.000 0.377 
405.000 0.379 
406.000 0.380 
407.000 0.381 
408.000 0.382 
409.000 0.383 
410.000 0.384 
411.000 0.385 
412.000 0.386 
413.000 0.387 
414.000 0.387 
415.000 0.388 
416.000 0.389 
417.000 0.389 
418.000 0.390 
419.000 0.390 
420.000 0.391 
421.000 0.391 
422.000 0.392 
423.000 0.392 
424.000 0.393 
425.000 0.393 
426.000 0.393 
427.000 0.394 
428.000 0.394 
429.000 0.395 
430.000 0.395 
431.000 0.395 
432.000 0.395 
433.000 0.396 
434.000 0.396 
435.000 0.396 
436.000 0.396 
437.000 0.397 
438.000 0.397 
439.000 0.397 
440.000 0.397 
441.000 0.397 
442.000 0.397 
443.000 0.398 
444.000 0.398 
445.000 0.398 
446.000 0.398 
447.000 0.398 
448.000 0.398 
449.000 0.398 
450.000 0.398 
451.000 0.398 
452.000 0.399 
453.000 0.399 
454.000 0.399 
455.000 0.399 
456.000 0.399 
457.000 0.399 
458.000 0.399 
459.000 0.399 
460.000 0.399 
461.000 0.399 
462.000 0.399 
463.000 0.399 
464.000 0.399 
465.000 0.399 
466.000 0.399 
467.000 0.399 
468.000 0.399 
469.000 0.399 
470.000 0.400 
471.000 0.400 
472.000 0.400 
473.000 0.400 
474.000 0.400 
475.000 0.400 
476.000 0.400 
477.000 0.400 
478.000 0.400 
479.000 0.400 
480.000 0.400 
481.000 0.504 
482.000 0.591 
483.000 0.664 
484.000 0.723 
485.000 0.771 
486.000 0.807 
487.000 0.834 
488.000 0.850 
489.000 0.859 
490.000 0.861 
491.000 0.857 
492.000 0.849 
493.000 0.838 
494.000 0.825 
495.000 0.811 
496.000 0.798 
497.000 0.785 
498.000 0.774 
499.000 0.765 
500.000 0.758 
501.000 0.753 
502.000 0.751 
503.000 0.751 
504.000 0.754 
505.000 0.758 
506.000 0.764 
507.000 0.772 
508.000 0.780 
509.000 0.788 
510.000 0.796 
511.000 0.803 
512.000 0.809 
513.000 0.815 
514.000 0.819 
515.000 0.821 
516.000 0.822 
517.000 0.822 
518.000 0.821 
519.000 0.819 
520.000 0.816 
521.000 0.813 
522.000 0.809 
523.000 0.806 
524.000 0.802 
525.000 0.798 
526.000 0.795 
527.000 0.793 
528.000 0.791 
529.000 0.790 
530.000 0.789 
531.000 0.789 
532.000 0.790 
533.000 0.791 
534.000 0.792 
535.000 0.794 
536.000 0.796 
537.000 0.797 
538.000 0.799 
539.000 0.801 
540.000 0.802 
541.000 0.804 
542.000 0.805 
543.000 0.805 
544.000 0.805 
545.000 0.805 
546.000 0.805 
547.000 0.805 
548.000 0.804 
549.000 0.803 
550.000 0.802 
551.000 0.801 
552.000 0.800 
553.000 0.800 
554.000 0.799 
555.000 0.798 
556.000 0.798 
557.000 0.797 
558.000 0.797 
559.000 0.797 
560.000 0.797 
561.000 0.798 
562.000 0.798 
563.000 0.799 
564.000 0.799 
565.000 0.799 
566.000 0.800 
567.000 0.800 
568.000 0.801 
569.000 0.801 
570.000 0.801 
571.000 0.801 
572.000 0.801 
573.000 0.801 
574.000 0.801 
575.000 0.801 
576.000 0.801 
577.000 0.801 
578.000 0.800 
579.000 0.800 
580.000 0.800 
581.000 0.800 
582.000 0.800 
583.000 0.800 
584.000 0.799 
585.000 0.799 
586.000 0.799 
587.000 0.799 
588.000 0.799 
589.000 0.799 
590.000 0.800 
591.000 0.800 
592.000 0.800 
593.000 0.800 
594.000 0.800 
595.000 0.800 
596.000 0.800 
597.000 0.800 
598.000 0.800 
599.000 0.800 
600.000 0.800 
601.000 0.878 
602.000 0.944 
603.000 0.999 
604.000 1.000 
605.000 1.000 
606.000 1.000 
607.000 1.000 
608.000 1.000 
609.000 1.000 
610.000 1.000 
611.000 1.000 
612.000 1.000 
613.000 1.000 
614.000 1.000 
615.000 1.000 
616.000 1.000 
617.000 1.000 
618.000 1.000 
619.000 1.000 
620.000 1.000 
621.000 1.000 
622.000 1.000 
623.000 1.000 
624.000 1.000 
625.000 1.000 
626.000 1.000 
627.000 1.000 
628.000 1.000 
629.000 1.000 
630.000 1.000 
631.000 1.000 
632.000 1.000 
633.000 1.000 
634.000 1.000 
635.000 1.000 
636.000 1.000 
637.000 1.000 
638.000 1.000 
639.000 1.000 
640.000 1.000 
641.000 1.000 
642.000 1.000 
643.000 1.000 
644.000 1.000 
645.000 1.000 
646.000 1.000 
647.000 1.000 
648.000 1.000 
649.000 1.000 
650.000 1.000 
651.000 1.000 
652.000 1.000 
653.000 1.000 
654.000 1.000 
655.000 1.000 
656.000 1.000 
657.000 1.000 
658.000 1.000 
659.000 1.000 
660.000 1.000 
661.000 1.000 
662.000 1.000 
663.000 1.000 
664.000 1.000 
665.000 1.000 
666.000 1.000 
667.000 1.000 
668.000 1.000 
669.000 1.000 
670.000 1.000 
671.000 1.000 
672.000 1.000 
673.000 1.000 
674.000 1.000 
675.000 1.000 
676.000 1.000 
677.000 1.000 
678.000 1.000 
679.000 1.000 
680.000 1.000 
681.000 1.000 
682.000 1.000 
683.000 1.000 
684.000 1.000 
685.000 1.000 
686.000 1.000 
687.000 1.000 
688.000 1.000 
689.000 1.000 
690.000 1.000 
691.000 1.000 
692.000 1.000 
693.000 1.000 
694.000 1.000 
695.000 1.000 
696.000 1.000 
697.000 1.000 
698.000 1.000 
699.000 1.000 
700.000 1.000 
701.000 1.000 
702.000 1.000 
703.000 1.000 
704.000 1.000 
705.000 1.000 
706.000 1.000 
707.000 1.000 
708.000 1.000 
709.000 1.000 
710.000 1.000 
711.000 1.000 
712.000 1.000 
713.000 1.000 
714.000 1.000 
715.000 1.000 
716.000 1.000 
717.000 1.000 
718.000 1.000 
719.000 1.000 
720.000 1.000 
721.000 1.000 
722.000 1.000 
723.000 1.000 
724.000 1.000 
725.000 1.000 
726.000 1.000 
727.000 1.000 
728.000 1.000 
729.000 1.000 
730.000 1.000 
731.000 1.000 
732.000 1.000 
733.000 1.000 
734.000 1.000 
735.000 1.000 
736.000 1.000 
737.000 1.000 
738.000 1.000 
739.000 1.000 
740.000 1.000 
741.000 1.000 
742.000 1.000 
743.000 1.000 
744.000 1.000 
745.000 1.000 
746.000 1.000 
747.000 1.000 
748.000 1.000 
749.000 1.000 
750.000 1.000 
751.000 1.000 
752.000 1.000 
753.000 1.000 
754.000 1.000 
755.000 1.000 
756.000 1.000 
757.000 1.000 
758.000 1.000 
759.000 1.000 
760.000 1.000 
761.000 1.000 
762.000 1.000 
763.000 1.000 
764.000 1.000 
765.000 1.000 
766.000 1.000 
767.000 1.000 
768.000 1.000 
769.000 1.000 
770.000 1.000 
771.000 1.000 
772.000 1.000 
773.000 1.000 
774.000 1.000 
775.000 1.000 
776.000 1.000 
777.000 1.000 
778.000 1.000 
779.000 1.000 
780.000 1.000 
781.000 1.000 
782.000 1.000 
783.000 1.000 
784.000 1.000 
785.000 1.000 
786.000 1.000 
787.000 1.000 
788.000 1.000 
789.000 1.000 
790.000 1.000 
791.000 1.000 
792.000 1.000 
793.000 1.000 
794.000 1.000 
795.000 1.000 
796.000 1.000 
797.000 1.000 
798.000 1.000 
799.000 1.000 
800.000 1.000 
