1.000 0.000 
2.000 0.000 
3.000 0.000 
4.000 0.000 
5.000 0.000 
6.000 0.000 
7.000 -0.013 
8.000 -0.022 
9.000 -0.028 
10.000 -0.031 
11.000 -0.033 
12.000 -0.033 
13.000 -0.033 
14.000 -0.032 
15.000 -0.031 
16.000 -0.031 
17.000 -0.032 
18.000 -0.033 
19.000 -0.035 
20.000 -0.037 
21.000 -0.040 
22.000 -0.043 
23.000 -0.045 
24.000 -0.048 
25.000 -0.050 
26.000 -0.051 
27.000 -0.053 
28.000 -0.054 
29.000 -0.055 
30.000 -0.057 
31.000 -0.058 
32.000 -0.059 
33.000 -0.061 
34.000 -0.063 
35.000 -0.064 
36.000 -0.066 
37.000 -0.068 
38.000 -0.069 
39.000 -0.071 
40.000 -0.072 
41.000 -0.074 
42.000 -0.075 
43.000 -0.077 
44.000 -0.078 
45.000 -0.079 
46.000 -0.081 
47.000 -0.082 
48.000 -0.084 
49.000 -0.085 
50.000 -0.087 
51.000 -0.088 
52.000 -0.089 
53.000 -0.091 
54.000 -0.092 
55.000 -0.093 
56.000 -0.095 
57.000 -0.096 
58.000 -0.097 
59.000 -0.099 
60.000 -0.100 
61.000 -0.101 
62.000 -0.103 
63.000 -0.104 
64.000 -0.105 
65.000 -0.107 
66.000 -0.108 
67.000 -0.109 
68.000 -0.110 
69.000 -0.112 
70.000 -0.113 
71.000 -0.114 
72.000 -0.115 
73.000 -0.117 
74.000 -0.118 
75.000 -0.119 
76.000 -0.120 
77.000 -0.121 
78.000 -0.123 
79.000 -0.124 
80.000 -0.125 
81.000 -0.126 
82.000 -0.127 
83.000 -0.128 
84.000 -0.130 
85.000 -0.131 
86.000 -0.132 
87.000 -0.133 
88.000 -0.134 
89.000 -0.135 
90.000 -0.136 
91.000 -0.137 
92.000 -0.139 
93.000 -0.140 
94.000 -0.141 
95.000 -0.142 
96.000 -0.143 
97.000 -0.144 
98.000 -0.145 
99.000 -0.146 
100.000 -0.147 
101.000 -0.148 
102.000 -0.149 
103.000 -0.150 
104.000 -0.152 
105.000 -0.153 
106.000 -0.154 
107.000 -0.155 
108.000 -0.156 
109.000 -0.157 
110.000 -0.158 
111.000 -0.159 
112.000 -0.160 
113.000 -0.161 
114.000 -0.162 
115.000 -0.163 
116.000 -0.164 
117.000 -0.165 
118.000 -0.166 
119.000 -0.167 
120.000 -0.168 
121.000 -0.163 
122.000 -0.160 
123.000 -0.159 
124.000 -0.158 
125.000 -0.159 
126.000 -0.159 
127.000 -0.160 
128.000 -0.162 
129.000 -0.163 
130.000 -0.164 
131.000 -0.164 
132.000 -0.164 
133.000 -0.164 
134.000 -0.164 
135.000 -0.164 
136.000 -0.163 
137.000 -0.163 
138.000 -0.163 
139.000 -0.163 
140.000 -0.163 
141.000 -0.163 
142.000 -0.164 
143.000 -0.164 
144.000 -0.164 
145.000 -0.164 
146.000 -0.164 
147.000 -0.164 
148.000 -0.164 
149.000 -0.165 
150.000 -0.165 
151.000 -0.165 
152.000 -0.165 
153.000 -0.165 
154.000 -0.165 
155.000 -0.165 
156.000 -0.165 
157.000 -0.165 
158.000 -0.165 
159.000 -0.165 
160.000 -0.165 
161.000 -0.165 
162.000 -0.166 
163.000 -0.166 
164.000 -0.166 
165.000 -0.166 
166.000 -0.166 
167.000 -0.166 
168.000 -0.166 
169.000 -0.166 
170.000 -0.166 
171.000 -0.166 
172.000 -0.166 
173.000 -0.166 
174.000 -0.166 
175.000 -0.167 
176.000 -0.167 
177.000 -0.167 
178.000 -0.167 
179.000 -0.167 
180.000 -0.167 
181.000 -0.167 
182.000 -0.167 
183.000 -0.167 
184.000 -0.167 
185.000 -0.167 
186.000 -0.167 
187.000 -0.167 
188.000 -0.168 
189.000 -0.168 
190.000 -0.168 
191.000 -0.168 
192.000 -0.168 
193.000 -0.168 
194.000 -0.168 
195.000 -0.168 
196.000 -0.168 
197.000 -0.168 
198.000 -0.168 
199.000 -0.168 
200.000 -0.168 
201.000 -0.168 
202.000 -0.168 
203.000 -0.169 
204.000 -0.169 
205.000 -0.169 
206.000 -0.169 
207.000 -0.169 
208.000 -0.169 
209.000 -0.169 
210.000 -0.169 
211.000 -0.169 
212.000 -0.169 
213.000 -0.169 
214.000 -0.169 
215.000 -0.169 
216.000 -0.169 
217.000 -0.170 
218.000 -0.170 
219.000 -0.170 
220.000 -0.170 
221.000 -0.170 
222.000 -0.170 
223.000 -0.170 
224.000 -0.170 
225.000 -0.170 
226.000 -0.170 
227.000 -0.170 
228.000 -0.170 
229.000 -0.170 
230.000 -0.170 
231.000 -0.170 
232.000 -0.170 
233.000 -0.171 
234.000 -0.171 
235.000 -0.171 
236.000 -0.171 
237.000 -0.171 
238.000 -0.171 
239.000 -0.171 
240.000 -0.171 
241.000 -0.140 
242.000 -0.119 
243.000 -0.104 
244.000 -0.095 
245.000 -0.091 
246.000 -0.090 
247.000 -0.091 
248.000 -0.093 
249.000 -0.094 
250.000 -0.093 
251.000 -0.091 
252.000 -0.087 
253.000 -0.081 
254.000 -0.075 
255.000 -0.068 
256.000 -0.062 
257.000 -0.056 
258.000 -0.050 
259.000 -0.045 
260.000 -0.041 
261.000 -0.037 
262.000 -0.033 
263.000 -0.030 
264.000 -0.026 
265.000 -0.022 
266.000 -0.019 
267.000 -0.015 
268.000 -0.010 
269.000 -0.006 
270.000 -0.002 
271.000 0.002 
272.000 0.006 
273.000 0.011 
274.000 0.014 
275.000 0.018 
276.000 0.022 
277.000 0.026 
278.000 0.029 
279.000 0.033 
280.000 0.036 
281.000 0.039 
282.000 0.043 
283.000 0.046 
284.000 0.050 
285.000 0.053 
286.000 0.056 
287.000 0.060 
288.000 0.063 
289.000 0.066 
290.000 0.069 
291.000 0.072 
292.000 0.075 
293.000 0.078 
294.000 0.081 
295.000 0.084 
296.000 0.086 
297.000 0.089 
298.000 0.092 
299.000 0.094 
300.000 0.097 
301.000 0.100 
302.000 0.102 
303.000 0.104 
304.000 0.107 
305.000 0.109 
306.000 0.111 
307.000 0.114 
308.000 0.116 
309.000 0.118 
310.000 0.120 
311.000 0.122 
312.000 0.124 
313.000 0.126 
314.000 0.128 
315.000 0.130 
316.000 0.132 
317.000 0.134 
318.000 0.135 
319.000 0.137 
320.000 0.139 
321.000 0.141 
322.000 0.142 
323.000 0.144 
324.000 0.145 
325.000 0.147 
326.000 0.148 
327.000 0.150 
328.000 0.151 
329.000 0.152 
330.000 0.154 
331.000 0.155 
332.000 0.156 
333.000 0.157 
334.000 0.159 
335.000 0.160 
336.000 0.161 
337.000 0.162 
338.000 0.163 
339.000 0.164 
340.000 0.165 
341.000 0.166 
342.000 0.167 
343.000 0.168 
344.000 0.169 
345.000 0.170 
346.000 0.171 
347.000 0.171 
348.000 0.172 
349.000 0.173 
350.000 0.174 
351.000 0.174 
352.000 0.175 
353.000 0.176 
354.000 0.177 
355.000 0.177 
356.000 0.178 
357.000 0.179 
358.000 0.179 
359.000 0.180 
360.000 0.180 
361.000 0.238 
362.000 0.280 
363.000 0.307 
364.000 0.324 
365.000 0.333 
366.000 0.334 
367.000 0.330 
368.000 0.323 
369.000 0.315 
370.000 0.307 
371.000 0.302 
372.000 0.300 
373.000 0.301 
374.000 0.305 
375.000 0.313 
376.000 0.323 
377.000 0.333 
378.000 0.344 
379.000 0.355 
380.000 0.363 
381.000 0.369 
382.000 0.374 
383.000 0.376 
384.000 0.376 
385.000 0.375 
386.000 0.373 
387.000 0.371 
388.000 0.369 
389.000 0.368 
390.000 0.368 
391.000 0.369 
392.000 0.370 
393.000 0.373 
394.000 0.376 
395.000 0.380 
396.000 0.384 
397.000 0.387 
398.000 0.390 
399.000 0.392 
400.000 0.393 
401.000 0.394 
402.000 0.394 
403.000 0.393 
404.000 0.392 
405.000 0.392 
406.000 0.391 
407.000 0.390 
408.000 0.390 
409.000 0.390 
410.000 0.391 
411.000 0.392 
412.000 0.393 
413.000 0.394 
414.000 0.395 
415.000 0.396 
416.000 0.397 
417.000 0.398 
418.000 0.398 
419.000 0.399 
420.000 0.399 
421.000 0.398 
422.000 0.398 
423.000 0.398 
424.000 0.397 
425.000 0.397 
426.000 0.397 
427.000 0.397 
428.000 0.397 
429.000 0.397 
430.000 0.398 
431.000 0.398 
432.000 0.399 
433.000 0.399 
434.000 0.399 
435.000 0.400 
436.000 0.400 
437.000 0.400 
438.000 0.400 
439.000 0.400 
440.000 0.400 
441.000 0.399 
442.000 0.399 
443.000 0.399 
444.000 0.399 
445.000 0.399 
446.000 0.399 
447.000 0.399 
448.000 0.399 
449.000 0.399 
450.000 0.400 
451.000 0.400 
452.000 0.400 
453.000 0.400 
454.000 0.400 
455.000 0.400 
456.000 0.400 
457.000 0.400 
458.000 0.400 
459.000 0.400 
460.000 0.400 
461.000 0.400 
462.000 0.400 
463.000 0.400 
464.000 0.400 
465.000 0.400 
466.000 0.400 
467.000 0.400 
468.000 0.400 
469.000 0.400 
470.000 0.400 
471.000 0.400 
472.000 0.400 
473.000 0.400 
474.000 0.400 
475.000 0.400 
476.000 0.400 
477.000 0.400 
478.000 0.400 
479.000 0.400 
480.000 0.400 
481.000 0.642 
482.000 0.814 
483.000 0.929 
484.000 0.997 
485.000 1.000 
486.000 1.000 
487.000 1.000 
488.000 0.995 
489.000 0.948 
490.000 0.894 
491.000 0.840 
492.000 0.790 
493.000 0.745 
494.000 0.709 
495.000 0.683 
496.000 0.667 
497.000 0.664 
498.000 0.672 
499.000 0.690 
500.000 0.718 
501.000 0.751 
502.000 0.787 
503.000 0.823 
504.000 0.854 
505.000 0.880 
506.000 0.897 
507.000 0.905 
508.000 0.904 
509.000 0.895 
510.000 0.880 
511.000 0.859 
512.000 0.835 
513.000 0.811 
514.000 0.787 
515.000 0.767 
516.000 0.750 
517.000 0.739 
518.000 0.733 
519.000 0.733 
520.000 0.739 
521.000 0.750 
522.000 0.764 
523.000 0.781 
524.000 0.798 
525.000 0.815 
526.000 0.829 
527.000 0.840 
528.000 0.847 
529.000 0.850 
530.000 0.848 
531.000 0.843 
532.000 0.835 
533.000 0.824 
534.000 0.813 
535.000 0.801 
536.000 0.790 
537.000 0.780 
538.000 0.773 
539.000 0.768 
540.000 0.767 
541.000 0.768 
542.000 0.772 
543.000 0.778 
544.000 0.785 
545.000 0.793 
546.000 0.802 
547.000 0.809 
548.000 0.816 
549.000 0.820 
550.000 0.823 
551.000 0.824 
552.000 0.822 
553.000 0.819 
554.000 0.815 
555.000 0.810 
556.000 0.804 
557.000 0.798 
558.000 0.793 
559.000 0.789 
560.000 0.786 
561.000 0.784 
562.000 0.784 
563.000 0.785 
564.000 0.787 
565.000 0.790 
566.000 0.794 
567.000 0.798 
568.000 0.802 
569.000 0.805 
570.000 0.808 
571.000 0.810 
572.000 0.811 
573.000 0.811 
574.000 0.810 
575.000 0.809 
576.000 0.806 
577.000 0.804 
578.000 0.801 
579.000 0.798 
580.000 0.796 
581.000 0.794 
582.000 0.793 
583.000 0.792 
584.000 0.792 
585.000 0.793 
586.000 0.794 
587.000 0.796 
588.000 0.798 
589.000 0.800 
590.000 0.802 
591.000 0.803 
592.000 0.804 
593.000 0.805 
594.000 0.805 
595.000 0.805 
596.000 0.805 
597.000 0.804 
598.000 0.803 
599.000 0.801 
600.000 0.800 
601.000 0.981 
602.000 1.000 
603.000 1.000 
604.000 1.000 
605.000 1.000 
606.000 1.000 
607.000 1.000 
608.000 1.000 
609.000 1.000 
610.000 1.000 
611.000 1.000 
612.000 1.000 
613.000 1.000 
614.000 1.000 
615.000 1.000 
616.000 1.000 
617.000 1.000 
618.000 1.000 
619.000 1.000 
620.000 1.000 
621.000 1.000 
622.000 1.000 
623.000 1.000 
624.000 1.000 
625.000 1.000 
626.000 1.000 
627.000 1.000 
628.000 1.000 
629.000 1.000 
630.000 1.000 
631.000 1.000 
632.000 1.000 
633.000 1.000 
634.000 1.000 
635.000 1.000 
636.000 1.000 
637.000 1.000 
638.000 1.000 
639.000 1.000 
640.000 1.000 
641.000 1.000 
642.000 1.000 
643.000 1.000 
644.000 1.000 
645.000 1.000 
646.000 1.000 
647.000 1.000 
648.000 1.000 
649.000 1.000 
650.000 1.000 
651.000 1.000 
652.000 1.000 
653.000 1.000 
654.000 1.000 
655.000 1.000 
656.000 1.000 
657.000 1.000 
658.000 1.000 
659.000 1.000 
660.000 1.000 
661.000 1.000 
662.000 1.000 
663.000 1.000 
664.000 1.000 
665.000 1.000 
666.000 1.000 
667.000 1.000 
668.000 1.000 
669.000 1.000 
670.000 1.000 
671.000 1.000 
672.000 1.000 
673.000 1.000 
674.000 1.000 
675.000 1.000 
676.000 1.000 
677.000 1.000 
678.000 1.000 
679.000 1.000 
680.000 1.000 
681.000 1.000 
682.000 1.000 
683.000 1.000 
684.000 1.000 
685.000 1.000 
686.000 1.000 
687.000 1.000 
688.000 1.000 
689.000 1.000 
690.000 1.000 
691.000 1.000 
692.000 1.000 
693.000 1.000 
694.000 1.000 
695.000 1.000 
696.000 1.000 
697.000 1.000 
698.000 1.000 
699.000 1.000 
700.000 1.000 
701.000 1.000 
702.000 1.000 
703.000 1.000 
704.000 1.000 
705.000 1.000 
706.000 1.000 
707.000 1.000 
708.000 1.000 
709.000 1.000 
710.000 1.000 
711.000 1.000 
712.000 1.000 
713.000 1.000 
714.000 1.000 
715.000 1.000 
716.000 1.000 
717.000 1.000 
718.000 1.000 
719.000 1.000 
720.000 1.000 
721.000 1.000 
722.000 1.000 
723.000 1.000 
724.000 1.000 
725.000 1.000 
726.000 1.000 
727.000 1.000 
728.000 1.000 
729.000 1.000 
730.000 1.000 
731.000 1.000 
732.000 1.000 
733.000 1.000 
734.000 1.000 
735.000 1.000 
736.000 1.000 
737.000 1.000 
738.000 1.000 
739.000 1.000 
740.000 1.000 
741.000 1.000 
742.000 1.000 
743.000 1.000 
744.000 1.000 
745.000 1.000 
746.000 1.000 
747.000 1.000 
748.000 1.000 
749.000 1.000 
750.000 1.000 
751.000 1.000 
752.000 1.000 
753.000 1.000 
754.000 1.000 
755.000 1.000 
756.000 1.000 
757.000 1.000 
758.000 1.000 
759.000 1.000 
760.000 1.000 
761.000 1.000 
762.000 1.000 
763.000 1.000 
764.000 1.000 
765.000 1.000 
766.000 1.000 
767.000 1.000 
768.000 1.000 
769.000 1.000 
770.000 1.000 
771.000 1.000 
772.000 1.000 
773.000 1.000 
774.000 1.000 
775.000 1.000 
776.000 1.000 
777.000 1.000 
778.000 1.000 
779.000 1.000 
780.000 1.000 
781.000 1.000 
782.000 1.000 
783.000 1.000 
784.000 1.000 
785.000 1.000 
786.000 1.000 
787.000 1.000 
788.000 1.000 
789.000 1.000 
790.000 1.000 
791.000 1.000 
792.000 1.000 
793.000 1.000 
794.000 1.000 
795.000 1.000 
796.000 1.000 
797.000 1.000 
798.000 1.000 
799.000 1.000 
800.000 1.000 
