1.000 0.000 
2.000 0.000 
3.000 0.000 
4.000 0.000 
5.000 0.000 
6.000 0.000 
7.000 -0.033 
8.000 -0.044 
9.000 -0.045 
10.000 -0.041 
11.000 -0.036 
12.000 -0.030 
13.000 -0.027 
14.000 -0.026 
15.000 -0.029 
16.000 -0.033 
17.000 -0.039 
18.000 -0.044 
19.000 -0.048 
20.000 -0.051 
21.000 -0.053 
22.000 -0.053 
23.000 -0.054 
24.000 -0.054 
25.000 -0.055 
26.000 -0.057 
27.000 -0.059 
28.000 -0.061 
29.000 -0.063 
30.000 -0.066 
31.000 -0.068 
32.000 -0.070 
33.000 -0.071 
34.000 -0.073 
35.000 -0.074 
36.000 -0.076 
37.000 -0.077 
38.000 -0.079 
39.000 -0.081 
40.000 -0.082 
41.000 -0.084 
42.000 -0.086 
43.000 -0.088 
44.000 -0.089 
45.000 -0.091 
46.000 -0.092 
47.000 -0.094 
48.000 -0.095 
49.000 -0.097 
50.000 -0.098 
51.000 -0.100 
52.000 -0.101 
53.000 -0.103 
54.000 -0.104 
55.000 -0.106 
56.000 -0.107 
57.000 -0.109 
58.000 -0.110 
59.000 -0.112 
60.000 -0.113 
61.000 -0.114 
62.000 -0.116 
63.000 -0.117 
64.000 -0.119 
65.000 -0.120 
66.000 -0.121 
67.000 -0.123 
68.000 -0.124 
69.000 -0.126 
70.000 -0.127 
71.000 -0.128 
72.000 -0.130 
73.000 -0.131 
74.000 -0.132 
75.000 -0.134 
76.000 -0.135 
77.000 -0.136 
78.000 -0.137 
79.000 -0.139 
80.000 -0.140 
81.000 -0.141 
82.000 -0.142 
83.000 -0.144 
84.000 -0.145 
85.000 -0.146 
86.000 -0.147 
87.000 -0.149 
88.000 -0.150 
89.000 -0.151 
90.000 -0.152 
91.000 -0.154 
92.000 -0.155 
93.000 -0.156 
94.000 -0.157 
95.000 -0.158 
96.000 -0.159 
97.000 -0.161 
98.000 -0.162 
99.000 -0.163 
100.000 -0.164 
101.000 -0.165 
102.000 -0.166 
103.000 -0.168 
104.000 -0.169 
105.000 -0.170 
106.000 -0.171 
107.000 -0.172 
108.000 -0.173 
109.000 -0.174 
110.000 -0.175 
111.000 -0.176 
112.000 -0.178 
113.000 -0.179 
114.000 -0.180 
115.000 -0.181 
116.000 -0.182 
117.000 -0.183 
118.000 -0.184 
119.000 -0.185 
120.000 -0.186 
121.000 -0.173 
122.000 -0.169 
123.000 -0.170 
124.000 -0.173 
125.000 -0.176 
126.000 -0.179 
127.000 -0.181 
128.000 -0.182 
129.000 -0.182 
130.000 -0.181 
131.000 -0.179 
132.000 -0.178 
133.000 -0.177 
134.000 -0.177 
135.000 -0.178 
136.000 -0.178 
137.000 -0.179 
138.000 -0.179 
139.000 -0.180 
140.000 -0.180 
141.000 -0.179 
142.000 -0.179 
143.000 -0.179 
144.000 -0.179 
145.000 -0.179 
146.000 -0.179 
147.000 -0.179 
148.000 -0.179 
149.000 -0.179 
150.000 -0.179 
151.000 -0.179 
152.000 -0.179 
153.000 -0.179 
154.000 -0.179 
155.000 -0.179 
156.000 -0.179 
157.000 -0.179 
158.000 -0.180 
159.000 -0.180 
160.000 -0.180 
161.000 -0.180 
162.000 -0.180 
163.000 -0.180 
164.000 -0.180 
165.000 -0.180 
166.000 -0.180 
167.000 -0.180 
168.000 -0.180 
169.000 -0.180 
170.000 -0.180 
171.000 -0.180 
172.000 -0.180 
173.000 -0.180 
174.000 -0.180 
175.000 -0.180 
176.000 -0.180 
177.000 -0.180 
178.000 -0.180 
179.000 -0.180 
180.000 -0.180 
181.000 -0.180 
182.000 -0.180 
183.000 -0.180 
184.000 -0.180 
185.000 -0.180 
186.000 -0.180 
187.000 -0.180 
188.000 -0.180 
189.000 -0.180 
190.000 -0.180 
191.000 -0.180 
192.000 -0.181 
193.000 -0.181 
194.000 -0.181 
195.000 -0.181 
196.000 -0.181 
197.000 -0.181 
198.000 -0.181 
199.000 -0.181 
200.000 -0.181 
201.000 -0.181 
202.000 -0.181 
203.000 -0.181 
204.000 -0.181 
205.000 -0.181 
206.000 -0.181 
207.000 -0.181 
208.000 -0.181 
209.000 -0.181 
210.000 -0.181 
211.000 -0.181 
212.000 -0.181 
213.000 -0.181 
214.000 -0.181 
215.000 -0.181 
216.000 -0.181 
217.000 -0.181 
218.000 -0.181 
219.000 -0.181 
220.000 -0.181 
221.000 -0.181 
222.000 -0.181 
223.000 -0.181 
224.000 -0.181 
225.000 -0.181 
226.000 -0.181 
227.000 -0.181 
228.000 -0.181 
229.000 -0.181 
230.000 -0.181 
231.000 -0.181 
232.000 -0.181 
233.000 -0.181 
234.000 -0.182 
235.000 -0.182 
236.000 -0.182 
237.000 -0.182 
238.000 -0.182 
239.000 -0.182 
240.000 -0.182 
241.000 -0.101 
242.000 -0.074 
243.000 -0.073 
244.000 -0.083 
245.000 -0.095 
246.000 -0.107 
247.000 -0.113 
248.000 -0.113 
249.000 -0.105 
250.000 -0.094 
251.000 -0.080 
252.000 -0.068 
253.000 -0.059 
254.000 -0.053 
255.000 -0.049 
256.000 -0.047 
257.000 -0.045 
258.000 -0.042 
259.000 -0.039 
260.000 -0.034 
261.000 -0.029 
262.000 -0.022 
263.000 -0.016 
264.000 -0.010 
265.000 -0.005 
266.000 -0.001 
267.000 0.003 
268.000 0.007 
269.000 0.011 
270.000 0.015 
271.000 0.019 
272.000 0.023 
273.000 0.028 
274.000 0.032 
275.000 0.037 
276.000 0.041 
277.000 0.045 
278.000 0.049 
279.000 0.052 
280.000 0.056 
281.000 0.060 
282.000 0.063 
283.000 0.067 
284.000 0.070 
285.000 0.074 
286.000 0.077 
287.000 0.080 
288.000 0.084 
289.000 0.087 
290.000 0.090 
291.000 0.093 
292.000 0.096 
293.000 0.099 
294.000 0.102 
295.000 0.104 
296.000 0.107 
297.000 0.110 
298.000 0.112 
299.000 0.115 
300.000 0.117 
301.000 0.120 
302.000 0.122 
303.000 0.124 
304.000 0.127 
305.000 0.129 
306.000 0.131 
307.000 0.133 
308.000 0.135 
309.000 0.137 
310.000 0.139 
311.000 0.141 
312.000 0.142 
313.000 0.144 
314.000 0.146 
315.000 0.148 
316.000 0.149 
317.000 0.151 
318.000 0.152 
319.000 0.154 
320.000 0.155 
321.000 0.157 
322.000 0.158 
323.000 0.159 
324.000 0.161 
325.000 0.162 
326.000 0.163 
327.000 0.164 
328.000 0.165 
329.000 0.166 
330.000 0.168 
331.000 0.169 
332.000 0.170 
333.000 0.171 
334.000 0.171 
335.000 0.172 
336.000 0.173 
337.000 0.174 
338.000 0.175 
339.000 0.176 
340.000 0.176 
341.000 0.177 
342.000 0.178 
343.000 0.179 
344.000 0.179 
345.000 0.180 
346.000 0.181 
347.000 0.181 
348.000 0.182 
349.000 0.182 
350.000 0.183 
351.000 0.184 
352.000 0.184 
353.000 0.185 
354.000 0.185 
355.000 0.185 
356.000 0.186 
357.000 0.186 
358.000 0.187 
359.000 0.187 
360.000 0.188 
361.000 0.339 
362.000 0.390 
363.000 0.392 
364.000 0.375 
365.000 0.352 
366.000 0.325 
367.000 0.299 
368.000 0.281 
369.000 0.273 
370.000 0.276 
371.000 0.290 
372.000 0.310 
373.000 0.334 
374.000 0.356 
375.000 0.375 
376.000 0.387 
377.000 0.391 
378.000 0.389 
379.000 0.382 
380.000 0.373 
381.000 0.364 
382.000 0.357 
383.000 0.354 
384.000 0.354 
385.000 0.357 
386.000 0.364 
387.000 0.373 
388.000 0.382 
389.000 0.389 
390.000 0.395 
391.000 0.398 
392.000 0.399 
393.000 0.397 
394.000 0.394 
395.000 0.390 
396.000 0.387 
397.000 0.384 
398.000 0.383 
399.000 0.383 
400.000 0.385 
401.000 0.388 
402.000 0.392 
403.000 0.395 
404.000 0.398 
405.000 0.400 
406.000 0.401 
407.000 0.400 
408.000 0.400 
409.000 0.398 
410.000 0.396 
411.000 0.395 
412.000 0.394 
413.000 0.394 
414.000 0.394 
415.000 0.395 
416.000 0.396 
417.000 0.398 
418.000 0.399 
419.000 0.400 
420.000 0.401 
421.000 0.401 
422.000 0.401 
423.000 0.400 
424.000 0.399 
425.000 0.399 
426.000 0.398 
427.000 0.398 
428.000 0.398 
429.000 0.398 
430.000 0.398 
431.000 0.399 
432.000 0.399 
433.000 0.400 
434.000 0.400 
435.000 0.400 
436.000 0.400 
437.000 0.400 
438.000 0.400 
439.000 0.400 
440.000 0.400 
441.000 0.399 
442.000 0.399 
443.000 0.399 
444.000 0.399 
445.000 0.399 
446.000 0.400 
447.000 0.400 
448.000 0.400 
449.000 0.400 
450.000 0.400 
451.000 0.400 
452.000 0.400 
453.000 0.400 
454.000 0.400 
455.000 0.400 
456.000 0.400 
457.000 0.400 
458.000 0.400 
459.000 0.400 
460.000 0.400 
461.000 0.400 
462.000 0.400 
463.000 0.400 
464.000 0.400 
465.000 0.400 
466.000 0.400 
467.000 0.400 
468.000 0.400 
469.000 0.400 
470.000 0.400 
471.000 0.400 
472.000 0.400 
473.000 0.400 
474.000 0.400 
475.000 0.400 
476.000 0.400 
477.000 0.400 
478.000 0.400 
479.000 0.400 
480.000 0.400 
481.000 1.000 
482.000 1.000 
483.000 1.000 
484.000 1.000 
485.000 1.000 
486.000 1.000 
487.000 1.000 
488.000 1.000 
489.000 1.000 
490.000 1.000 
491.000 0.753 
492.000 0.618 
493.000 0.567 
494.000 0.560 
495.000 0.575 
496.000 0.618 
497.000 0.687 
498.000 0.774 
499.000 0.863 
500.000 0.940 
501.000 0.993 
502.000 1.000 
503.000 1.000 
504.000 1.000 
505.000 0.952 
506.000 0.891 
507.000 0.832 
508.000 0.779 
509.000 0.735 
510.000 0.704 
511.000 0.688 
512.000 0.687 
513.000 0.702 
514.000 0.729 
515.000 0.764 
516.000 0.803 
517.000 0.839 
518.000 0.868 
519.000 0.887 
520.000 0.892 
521.000 0.886 
522.000 0.870 
523.000 0.848 
524.000 0.822 
525.000 0.797 
526.000 0.774 
527.000 0.757 
528.000 0.747 
529.000 0.745 
530.000 0.750 
531.000 0.760 
532.000 0.776 
533.000 0.793 
534.000 0.810 
535.000 0.825 
536.000 0.835 
537.000 0.840 
538.000 0.839 
539.000 0.834 
540.000 0.825 
541.000 0.814 
542.000 0.802 
543.000 0.791 
544.000 0.782 
545.000 0.777 
546.000 0.774 
547.000 0.775 
548.000 0.780 
549.000 0.786 
550.000 0.794 
551.000 0.801 
552.000 0.808 
553.000 0.814 
554.000 0.817 
555.000 0.818 
556.000 0.816 
557.000 0.813 
558.000 0.808 
559.000 0.803 
560.000 0.798 
561.000 0.793 
562.000 0.790 
563.000 0.788 
564.000 0.788 
565.000 0.790 
566.000 0.792 
567.000 0.796 
568.000 0.799 
569.000 0.803 
570.000 0.805 
571.000 0.807 
572.000 0.808 
573.000 0.808 
574.000 0.806 
575.000 0.804 
576.000 0.802 
577.000 0.800 
578.000 0.798 
579.000 0.796 
580.000 0.795 
581.000 0.795 
582.000 0.795 
583.000 0.796 
584.000 0.797 
585.000 0.799 
586.000 0.801 
587.000 0.802 
588.000 0.803 
589.000 0.804 
590.000 0.804 
591.000 0.803 
592.000 0.802 
593.000 0.801 
594.000 0.800 
595.000 0.799 
596.000 0.798 
597.000 0.798 
598.000 0.798 
599.000 0.798 
600.000 0.798 
601.000 1.000 
602.000 1.000 
603.000 1.000 
604.000 1.000 
605.000 1.000 
606.000 1.000 
607.000 1.000 
608.000 1.000 
609.000 1.000 
610.000 1.000 
611.000 1.000 
612.000 1.000 
613.000 1.000 
614.000 1.000 
615.000 1.000 
616.000 1.000 
617.000 1.000 
618.000 1.000 
619.000 1.000 
620.000 1.000 
621.000 1.000 
622.000 1.000 
623.000 1.000 
624.000 1.000 
625.000 1.000 
626.000 1.000 
627.000 1.000 
628.000 1.000 
629.000 1.000 
630.000 1.000 
631.000 1.000 
632.000 1.000 
633.000 1.000 
634.000 1.000 
635.000 1.000 
636.000 1.000 
637.000 1.000 
638.000 1.000 
639.000 1.000 
640.000 1.000 
641.000 1.000 
642.000 1.000 
643.000 1.000 
644.000 1.000 
645.000 1.000 
646.000 1.000 
647.000 1.000 
648.000 1.000 
649.000 1.000 
650.000 1.000 
651.000 1.000 
652.000 1.000 
653.000 1.000 
654.000 1.000 
655.000 1.000 
656.000 1.000 
657.000 1.000 
658.000 1.000 
659.000 1.000 
660.000 1.000 
661.000 1.000 
662.000 1.000 
663.000 1.000 
664.000 1.000 
665.000 1.000 
666.000 1.000 
667.000 1.000 
668.000 1.000 
669.000 1.000 
670.000 1.000 
671.000 1.000 
672.000 1.000 
673.000 1.000 
674.000 1.000 
675.000 1.000 
676.000 1.000 
677.000 1.000 
678.000 1.000 
679.000 1.000 
680.000 1.000 
681.000 1.000 
682.000 1.000 
683.000 1.000 
684.000 1.000 
685.000 1.000 
686.000 1.000 
687.000 1.000 
688.000 1.000 
689.000 1.000 
690.000 1.000 
691.000 1.000 
692.000 1.000 
693.000 1.000 
694.000 1.000 
695.000 1.000 
696.000 1.000 
697.000 1.000 
698.000 1.000 
699.000 1.000 
700.000 1.000 
701.000 1.000 
702.000 1.000 
703.000 1.000 
704.000 1.000 
705.000 1.000 
706.000 1.000 
707.000 1.000 
708.000 1.000 
709.000 1.000 
710.000 1.000 
711.000 1.000 
712.000 1.000 
713.000 1.000 
714.000 1.000 
715.000 1.000 
716.000 1.000 
717.000 1.000 
718.000 1.000 
719.000 1.000 
720.000 1.000 
721.000 1.000 
722.000 1.000 
723.000 1.000 
724.000 1.000 
725.000 1.000 
726.000 1.000 
727.000 1.000 
728.000 1.000 
729.000 1.000 
730.000 1.000 
731.000 1.000 
732.000 1.000 
733.000 1.000 
734.000 1.000 
735.000 1.000 
736.000 1.000 
737.000 1.000 
738.000 1.000 
739.000 1.000 
740.000 1.000 
741.000 1.000 
742.000 1.000 
743.000 1.000 
744.000 1.000 
745.000 1.000 
746.000 1.000 
747.000 1.000 
748.000 1.000 
749.000 1.000 
750.000 1.000 
751.000 1.000 
752.000 1.000 
753.000 1.000 
754.000 1.000 
755.000 1.000 
756.000 1.000 
757.000 1.000 
758.000 1.000 
759.000 1.000 
760.000 1.000 
761.000 1.000 
762.000 1.000 
763.000 1.000 
764.000 1.000 
765.000 1.000 
766.000 1.000 
767.000 1.000 
768.000 1.000 
769.000 1.000 
770.000 1.000 
771.000 1.000 
772.000 1.000 
773.000 1.000 
774.000 1.000 
775.000 1.000 
776.000 1.000 
777.000 1.000 
778.000 1.000 
779.000 1.000 
780.000 1.000 
781.000 1.000 
782.000 1.000 
783.000 1.000 
784.000 1.000 
785.000 1.000 
786.000 1.000 
787.000 1.000 
788.000 1.000 
789.000 1.000 
790.000 1.000 
791.000 1.000 
792.000 1.000 
793.000 1.000 
794.000 1.000 
795.000 1.000 
796.000 1.000 
797.000 1.000 
798.000 1.000 
799.000 1.000 
800.000 1.000 
