1.000 0.000 
2.000 0.000 
3.000 0.000 
4.000 0.000 
5.000 0.000 
6.000 0.000 
7.000 -0.030 
8.000 -0.045 
9.000 -0.050 
10.000 -0.048 
11.000 -0.043 
12.000 -0.036 
13.000 -0.030 
14.000 -0.027 
15.000 -0.027 
16.000 -0.030 
17.000 -0.036 
18.000 -0.043 
19.000 -0.050 
20.000 -0.055 
21.000 -0.058 
22.000 -0.059 
23.000 -0.059 
24.000 -0.059 
25.000 -0.058 
26.000 -0.058 
27.000 -0.059 
28.000 -0.062 
29.000 -0.065 
30.000 -0.068 
31.000 -0.071 
32.000 -0.074 
33.000 -0.076 
34.000 -0.078 
35.000 -0.079 
36.000 -0.080 
37.000 -0.081 
38.000 -0.082 
39.000 -0.084 
40.000 -0.085 
41.000 -0.087 
42.000 -0.089 
43.000 -0.092 
44.000 -0.093 
45.000 -0.095 
46.000 -0.097 
47.000 -0.098 
48.000 -0.100 
49.000 -0.101 
50.000 -0.102 
51.000 -0.104 
52.000 -0.105 
53.000 -0.107 
54.000 -0.109 
55.000 -0.110 
56.000 -0.112 
57.000 -0.114 
58.000 -0.115 
59.000 -0.116 
60.000 -0.118 
61.000 -0.119 
62.000 -0.121 
63.000 -0.122 
64.000 -0.124 
65.000 -0.125 
66.000 -0.127 
67.000 -0.128 
68.000 -0.129 
69.000 -0.131 
70.000 -0.132 
71.000 -0.134 
72.000 -0.135 
73.000 -0.136 
74.000 -0.138 
75.000 -0.139 
76.000 -0.140 
77.000 -0.142 
78.000 -0.143 
79.000 -0.144 
80.000 -0.146 
81.000 -0.147 
82.000 -0.148 
83.000 -0.149 
84.000 -0.151 
85.000 -0.152 
86.000 -0.153 
87.000 -0.155 
88.000 -0.156 
89.000 -0.157 
90.000 -0.158 
91.000 -0.160 
92.000 -0.161 
93.000 -0.162 
94.000 -0.163 
95.000 -0.164 
96.000 -0.166 
97.000 -0.167 
98.000 -0.168 
99.000 -0.169 
100.000 -0.170 
101.000 -0.172 
102.000 -0.173 
103.000 -0.174 
104.000 -0.175 
105.000 -0.176 
106.000 -0.177 
107.000 -0.179 
108.000 -0.180 
109.000 -0.181 
110.000 -0.182 
111.000 -0.183 
112.000 -0.184 
113.000 -0.185 
114.000 -0.186 
115.000 -0.188 
116.000 -0.189 
117.000 -0.190 
118.000 -0.191 
119.000 -0.192 
120.000 -0.193 
121.000 -0.181 
122.000 -0.176 
123.000 -0.175 
124.000 -0.177 
125.000 -0.180 
126.000 -0.184 
127.000 -0.187 
128.000 -0.189 
129.000 -0.189 
130.000 -0.189 
131.000 -0.187 
132.000 -0.185 
133.000 -0.183 
134.000 -0.183 
135.000 -0.182 
136.000 -0.183 
137.000 -0.184 
138.000 -0.185 
139.000 -0.186 
140.000 -0.186 
141.000 -0.186 
142.000 -0.186 
143.000 -0.185 
144.000 -0.185 
145.000 -0.184 
146.000 -0.184 
147.000 -0.184 
148.000 -0.185 
149.000 -0.185 
150.000 -0.185 
151.000 -0.185 
152.000 -0.185 
153.000 -0.185 
154.000 -0.185 
155.000 -0.185 
156.000 -0.185 
157.000 -0.185 
158.000 -0.185 
159.000 -0.185 
160.000 -0.185 
161.000 -0.185 
162.000 -0.185 
163.000 -0.185 
164.000 -0.185 
165.000 -0.185 
166.000 -0.185 
167.000 -0.185 
168.000 -0.185 
169.000 -0.185 
170.000 -0.185 
171.000 -0.185 
172.000 -0.185 
173.000 -0.185 
174.000 -0.185 
175.000 -0.185 
176.000 -0.185 
177.000 -0.185 
178.000 -0.185 
179.000 -0.185 
180.000 -0.185 
181.000 -0.185 
182.000 -0.185 
183.000 -0.185 
184.000 -0.185 
185.000 -0.185 
186.000 -0.185 
187.000 -0.185 
188.000 -0.185 
189.000 -0.185 
190.000 -0.185 
191.000 -0.185 
192.000 -0.185 
193.000 -0.185 
194.000 -0.185 
195.000 -0.185 
196.000 -0.185 
197.000 -0.185 
198.000 -0.185 
199.000 -0.185 
200.000 -0.185 
201.000 -0.185 
202.000 -0.185 
203.000 -0.185 
204.000 -0.185 
205.000 -0.185 
206.000 -0.185 
207.000 -0.185 
208.000 -0.185 
209.000 -0.185 
210.000 -0.185 
211.000 -0.185 
212.000 -0.185 
213.000 -0.185 
214.000 -0.185 
215.000 -0.185 
216.000 -0.185 
217.000 -0.185 
218.000 -0.185 
219.000 -0.185 
220.000 -0.185 
221.000 -0.185 
222.000 -0.185 
223.000 -0.185 
224.000 -0.185 
225.000 -0.185 
226.000 -0.185 
227.000 -0.185 
228.000 -0.185 
229.000 -0.185 
230.000 -0.185 
231.000 -0.185 
232.000 -0.185 
233.000 -0.185 
234.000 -0.185 
235.000 -0.185 
236.000 -0.185 
237.000 -0.185 
238.000 -0.185 
239.000 -0.185 
240.000 -0.186 
241.000 -0.114 
242.000 -0.077 
243.000 -0.065 
244.000 -0.069 
245.000 -0.081 
246.000 -0.096 
247.000 -0.109 
248.000 -0.115 
249.000 -0.113 
250.000 -0.103 
251.000 -0.088 
252.000 -0.072 
253.000 -0.056 
254.000 -0.045 
255.000 -0.038 
256.000 -0.035 
257.000 -0.035 
258.000 -0.035 
259.000 -0.035 
260.000 -0.033 
261.000 -0.029 
262.000 -0.023 
263.000 -0.015 
264.000 -0.007 
265.000 0.001 
266.000 0.007 
267.000 0.012 
268.000 0.016 
269.000 0.019 
270.000 0.022 
271.000 0.025 
272.000 0.029 
273.000 0.033 
274.000 0.037 
275.000 0.042 
276.000 0.047 
277.000 0.052 
278.000 0.056 
279.000 0.061 
280.000 0.064 
281.000 0.068 
282.000 0.071 
283.000 0.074 
284.000 0.077 
285.000 0.080 
286.000 0.084 
287.000 0.087 
288.000 0.091 
289.000 0.094 
290.000 0.097 
291.000 0.101 
292.000 0.104 
293.000 0.106 
294.000 0.109 
295.000 0.112 
296.000 0.114 
297.000 0.117 
298.000 0.119 
299.000 0.122 
300.000 0.124 
301.000 0.127 
302.000 0.129 
303.000 0.131 
304.000 0.133 
305.000 0.136 
306.000 0.138 
307.000 0.140 
308.000 0.141 
309.000 0.143 
310.000 0.145 
311.000 0.147 
312.000 0.148 
313.000 0.150 
314.000 0.152 
315.000 0.153 
316.000 0.155 
317.000 0.157 
318.000 0.158 
319.000 0.159 
320.000 0.161 
321.000 0.162 
322.000 0.163 
323.000 0.164 
324.000 0.166 
325.000 0.167 
326.000 0.168 
327.000 0.169 
328.000 0.170 
329.000 0.171 
330.000 0.172 
331.000 0.173 
332.000 0.174 
333.000 0.175 
334.000 0.175 
335.000 0.176 
336.000 0.177 
337.000 0.178 
338.000 0.179 
339.000 0.179 
340.000 0.180 
341.000 0.181 
342.000 0.181 
343.000 0.182 
344.000 0.183 
345.000 0.183 
346.000 0.184 
347.000 0.184 
348.000 0.185 
349.000 0.185 
350.000 0.186 
351.000 0.186 
352.000 0.187 
353.000 0.187 
354.000 0.187 
355.000 0.188 
356.000 0.188 
357.000 0.189 
358.000 0.189 
359.000 0.189 
360.000 0.190 
361.000 0.324 
362.000 0.393 
363.000 0.416 
364.000 0.409 
365.000 0.387 
366.000 0.354 
367.000 0.317 
368.000 0.286 
369.000 0.264 
370.000 0.257 
371.000 0.264 
372.000 0.285 
373.000 0.315 
374.000 0.350 
375.000 0.383 
376.000 0.409 
377.000 0.423 
378.000 0.425 
379.000 0.416 
380.000 0.399 
381.000 0.379 
382.000 0.359 
383.000 0.343 
384.000 0.334 
385.000 0.333 
386.000 0.340 
387.000 0.354 
388.000 0.372 
389.000 0.391 
390.000 0.408 
391.000 0.420 
392.000 0.426 
393.000 0.424 
394.000 0.417 
395.000 0.405 
396.000 0.392 
397.000 0.380 
398.000 0.370 
399.000 0.365 
400.000 0.365 
401.000 0.370 
402.000 0.379 
403.000 0.390 
404.000 0.402 
405.000 0.411 
406.000 0.418 
407.000 0.420 
408.000 0.418 
409.000 0.413 
410.000 0.405 
411.000 0.396 
412.000 0.389 
413.000 0.383 
414.000 0.380 
415.000 0.380 
416.000 0.384 
417.000 0.389 
418.000 0.396 
419.000 0.403 
420.000 0.409 
421.000 0.413 
422.000 0.414 
423.000 0.412 
424.000 0.409 
425.000 0.403 
426.000 0.398 
427.000 0.393 
428.000 0.389 
429.000 0.388 
430.000 0.388 
431.000 0.391 
432.000 0.394 
433.000 0.399 
434.000 0.403 
435.000 0.407 
436.000 0.409 
437.000 0.409 
438.000 0.408 
439.000 0.405 
440.000 0.402 
441.000 0.399 
442.000 0.395 
443.000 0.393 
444.000 0.392 
445.000 0.393 
446.000 0.394 
447.000 0.397 
448.000 0.400 
449.000 0.402 
450.000 0.404 
451.000 0.406 
452.000 0.406 
453.000 0.405 
454.000 0.403 
455.000 0.401 
456.000 0.399 
457.000 0.397 
458.000 0.396 
459.000 0.395 
460.000 0.396 
461.000 0.397 
462.000 0.398 
463.000 0.400 
464.000 0.402 
465.000 0.403 
466.000 0.404 
467.000 0.404 
468.000 0.403 
469.000 0.402 
470.000 0.401 
471.000 0.399 
472.000 0.398 
473.000 0.397 
474.000 0.397 
475.000 0.397 
476.000 0.398 
477.000 0.399 
478.000 0.400 
479.000 0.401 
480.000 0.402 
481.000 0.968 
482.000 1.000 
483.000 1.000 
484.000 1.000 
485.000 1.000 
486.000 1.000 
487.000 1.000 
488.000 1.000 
489.000 1.000 
490.000 1.000 
491.000 1.000 
492.000 0.878 
493.000 0.705 
494.000 0.615 
495.000 0.585 
496.000 0.598 
497.000 0.642 
498.000 0.710 
499.000 0.797 
500.000 0.890 
501.000 0.975 
502.000 1.000 
503.000 1.000 
504.000 1.000 
505.000 1.000 
506.000 1.000 
507.000 1.000 
508.000 0.920 
509.000 0.821 
510.000 0.741 
511.000 0.683 
512.000 0.646 
513.000 0.631 
514.000 0.640 
515.000 0.672 
516.000 0.723 
517.000 0.786 
518.000 0.853 
519.000 0.913 
520.000 0.958 
521.000 0.981 
522.000 0.980 
523.000 0.956 
524.000 0.915 
525.000 0.862 
526.000 0.805 
527.000 0.752 
528.000 0.708 
529.000 0.678 
530.000 0.665 
531.000 0.670 
532.000 0.693 
533.000 0.731 
534.000 0.778 
535.000 0.828 
536.000 0.874 
537.000 0.909 
538.000 0.929 
539.000 0.931 
540.000 0.916 
541.000 0.888 
542.000 0.850 
543.000 0.808 
544.000 0.768 
545.000 0.734 
546.000 0.710 
547.000 0.699 
548.000 0.702 
549.000 0.717 
550.000 0.744 
551.000 0.778 
552.000 0.814 
553.000 0.849 
554.000 0.876 
555.000 0.892 
556.000 0.895 
557.000 0.886 
558.000 0.867 
559.000 0.840 
560.000 0.810 
561.000 0.779 
562.000 0.754 
563.000 0.735 
564.000 0.725 
565.000 0.726 
566.000 0.736 
567.000 0.755 
568.000 0.779 
569.000 0.806 
570.000 0.832 
571.000 0.852 
572.000 0.865 
573.000 0.869 
574.000 0.864 
575.000 0.851 
576.000 0.832 
577.000 0.810 
578.000 0.787 
579.000 0.768 
580.000 0.753 
581.000 0.745 
582.000 0.745 
583.000 0.751 
584.000 0.765 
585.000 0.782 
586.000 0.802 
587.000 0.821 
588.000 0.836 
589.000 0.847 
590.000 0.851 
591.000 0.848 
592.000 0.839 
593.000 0.825 
594.000 0.809 
595.000 0.793 
596.000 0.778 
597.000 0.766 
598.000 0.760 
599.000 0.759 
600.000 0.763 
601.000 1.000 
602.000 1.000 
603.000 1.000 
604.000 1.000 
605.000 1.000 
606.000 1.000 
607.000 1.000 
608.000 1.000 
609.000 1.000 
610.000 1.000 
611.000 1.000 
612.000 1.000 
613.000 1.000 
614.000 1.000 
615.000 1.000 
616.000 1.000 
617.000 1.000 
618.000 1.000 
619.000 1.000 
620.000 1.000 
621.000 1.000 
622.000 1.000 
623.000 1.000 
624.000 1.000 
625.000 1.000 
626.000 1.000 
627.000 1.000 
628.000 1.000 
629.000 1.000 
630.000 1.000 
631.000 1.000 
632.000 1.000 
633.000 1.000 
634.000 1.000 
635.000 1.000 
636.000 1.000 
637.000 1.000 
638.000 1.000 
639.000 1.000 
640.000 1.000 
641.000 1.000 
642.000 1.000 
643.000 1.000 
644.000 1.000 
645.000 1.000 
646.000 1.000 
647.000 1.000 
648.000 1.000 
649.000 1.000 
650.000 1.000 
651.000 1.000 
652.000 1.000 
653.000 1.000 
654.000 1.000 
655.000 1.000 
656.000 1.000 
657.000 1.000 
658.000 1.000 
659.000 1.000 
660.000 1.000 
661.000 1.000 
662.000 1.000 
663.000 1.000 
664.000 1.000 
665.000 1.000 
666.000 1.000 
667.000 1.000 
668.000 1.000 
669.000 1.000 
670.000 1.000 
671.000 1.000 
672.000 1.000 
673.000 1.000 
674.000 1.000 
675.000 1.000 
676.000 1.000 
677.000 1.000 
678.000 1.000 
679.000 1.000 
680.000 1.000 
681.000 1.000 
682.000 1.000 
683.000 1.000 
684.000 1.000 
685.000 1.000 
686.000 1.000 
687.000 1.000 
688.000 1.000 
689.000 1.000 
690.000 1.000 
691.000 1.000 
692.000 1.000 
693.000 1.000 
694.000 1.000 
695.000 1.000 
696.000 1.000 
697.000 1.000 
698.000 1.000 
699.000 1.000 
700.000 1.000 
701.000 1.000 
702.000 1.000 
703.000 1.000 
704.000 1.000 
705.000 1.000 
706.000 1.000 
707.000 1.000 
708.000 1.000 
709.000 1.000 
710.000 1.000 
711.000 1.000 
712.000 1.000 
713.000 1.000 
714.000 1.000 
715.000 1.000 
716.000 1.000 
717.000 1.000 
718.000 1.000 
719.000 1.000 
720.000 1.000 
721.000 1.000 
722.000 1.000 
723.000 1.000 
724.000 1.000 
725.000 1.000 
726.000 1.000 
727.000 1.000 
728.000 1.000 
729.000 1.000 
730.000 1.000 
731.000 1.000 
732.000 1.000 
733.000 1.000 
734.000 1.000 
735.000 1.000 
736.000 1.000 
737.000 1.000 
738.000 1.000 
739.000 1.000 
740.000 1.000 
741.000 1.000 
742.000 1.000 
743.000 1.000 
744.000 1.000 
745.000 1.000 
746.000 1.000 
747.000 1.000 
748.000 1.000 
749.000 1.000 
750.000 1.000 
751.000 1.000 
752.000 1.000 
753.000 1.000 
754.000 1.000 
755.000 1.000 
756.000 1.000 
757.000 1.000 
758.000 1.000 
759.000 1.000 
760.000 1.000 
761.000 1.000 
762.000 1.000 
763.000 1.000 
764.000 1.000 
765.000 1.000 
766.000 1.000 
767.000 1.000 
768.000 1.000 
769.000 1.000 
770.000 1.000 
771.000 1.000 
772.000 1.000 
773.000 1.000 
774.000 1.000 
775.000 1.000 
776.000 1.000 
777.000 1.000 
778.000 1.000 
779.000 1.000 
780.000 1.000 
781.000 1.000 
782.000 1.000 
783.000 1.000 
784.000 1.000 
785.000 1.000 
786.000 1.000 
787.000 1.000 
788.000 1.000 
789.000 1.000 
790.000 1.000 
791.000 1.000 
792.000 1.000 
793.000 1.000 
794.000 1.000 
795.000 1.000 
796.000 1.000 
797.000 1.000 
798.000 1.000 
799.000 1.000 
800.000 1.000 
