1.000 0.000 
2.000 0.000 
3.000 0.000 
4.000 0.000 
5.000 0.000 
6.000 0.000 
7.000 -0.006 
8.000 -0.012 
9.000 -0.017 
10.000 -0.022 
11.000 -0.026 
12.000 -0.029 
13.000 -0.032 
14.000 -0.034 
15.000 -0.035 
16.000 -0.036 
17.000 -0.037 
18.000 -0.037 
19.000 -0.038 
20.000 -0.039 
21.000 -0.040 
22.000 -0.041 
23.000 -0.042 
24.000 -0.044 
25.000 -0.046 
26.000 -0.048 
27.000 -0.050 
28.000 -0.052 
29.000 -0.054 
30.000 -0.056 
31.000 -0.058 
32.000 -0.060 
33.000 -0.061 
34.000 -0.063 
35.000 -0.065 
36.000 -0.066 
37.000 -0.067 
38.000 -0.069 
39.000 -0.070 
40.000 -0.072 
41.000 -0.073 
42.000 -0.074 
43.000 -0.076 
44.000 -0.077 
45.000 -0.079 
46.000 -0.080 
47.000 -0.082 
48.000 -0.083 
49.000 -0.085 
50.000 -0.086 
51.000 -0.088 
52.000 -0.089 
53.000 -0.090 
54.000 -0.092 
55.000 -0.093 
56.000 -0.095 
57.000 -0.096 
58.000 -0.097 
59.000 -0.099 
60.000 -0.100 
61.000 -0.101 
62.000 -0.103 
63.000 -0.104 
64.000 -0.105 
65.000 -0.106 
66.000 -0.108 
67.000 -0.109 
68.000 -0.110 
69.000 -0.112 
70.000 -0.113 
71.000 -0.114 
72.000 -0.115 
73.000 -0.117 
74.000 -0.118 
75.000 -0.119 
76.000 -0.120 
77.000 -0.121 
78.000 -0.123 
79.000 -0.124 
80.000 -0.125 
81.000 -0.126 
82.000 -0.127 
83.000 -0.128 
84.000 -0.130 
85.000 -0.131 
86.000 -0.132 
87.000 -0.133 
88.000 -0.134 
89.000 -0.135 
90.000 -0.137 
91.000 -0.138 
92.000 -0.139 
93.000 -0.140 
94.000 -0.141 
95.000 -0.142 
96.000 -0.143 
97.000 -0.144 
98.000 -0.145 
99.000 -0.146 
100.000 -0.148 
101.000 -0.149 
102.000 -0.150 
103.000 -0.151 
104.000 -0.152 
105.000 -0.153 
106.000 -0.154 
107.000 -0.155 
108.000 -0.156 
109.000 -0.157 
110.000 -0.158 
111.000 -0.159 
112.000 -0.160 
113.000 -0.161 
114.000 -0.162 
115.000 -0.163 
116.000 -0.164 
117.000 -0.165 
118.000 -0.166 
119.000 -0.167 
120.000 -0.168 
121.000 -0.166 
122.000 -0.165 
123.000 -0.164 
124.000 -0.163 
125.000 -0.162 
126.000 -0.161 
127.000 -0.161 
128.000 -0.161 
129.000 -0.162 
130.000 -0.162 
131.000 -0.163 
132.000 -0.163 
133.000 -0.164 
134.000 -0.164 
135.000 -0.165 
136.000 -0.165 
137.000 -0.165 
138.000 -0.165 
139.000 -0.165 
140.000 -0.165 
141.000 -0.165 
142.000 -0.165 
143.000 -0.165 
144.000 -0.165 
145.000 -0.165 
146.000 -0.165 
147.000 -0.165 
148.000 -0.165 
149.000 -0.165 
150.000 -0.165 
151.000 -0.165 
152.000 -0.166 
153.000 -0.166 
154.000 -0.166 
155.000 -0.166 
156.000 -0.166 
157.000 -0.166 
158.000 -0.166 
159.000 -0.166 
160.000 -0.166 
161.000 -0.166 
162.000 -0.166 
163.000 -0.167 
164.000 -0.167 
165.000 -0.167 
166.000 -0.167 
167.000 -0.167 
168.000 -0.167 
169.000 -0.167 
170.000 -0.167 
171.000 -0.167 
172.000 -0.167 
173.000 -0.167 
174.000 -0.167 
175.000 -0.167 
176.000 -0.167 
177.000 -0.168 
178.000 -0.168 
179.000 -0.168 
180.000 -0.168 
181.000 -0.168 
182.000 -0.168 
183.000 -0.168 
184.000 -0.168 
185.000 -0.168 
186.000 -0.168 
187.000 -0.168 
188.000 -0.168 
189.000 -0.168 
190.000 -0.168 
191.000 -0.169 
192.000 -0.169 
193.000 -0.169 
194.000 -0.169 
195.000 -0.169 
196.000 -0.169 
197.000 -0.169 
198.000 -0.169 
199.000 -0.169 
200.000 -0.169 
201.000 -0.169 
202.000 -0.169 
203.000 -0.169 
204.000 -0.169 
205.000 -0.170 
206.000 -0.170 
207.000 -0.170 
208.000 -0.170 
209.000 -0.170 
210.000 -0.170 
211.000 -0.170 
212.000 -0.170 
213.000 -0.170 
214.000 -0.170 
215.000 -0.170 
216.000 -0.170 
217.000 -0.170 
218.000 -0.170 
219.000 -0.170 
220.000 -0.170 
221.000 -0.171 
222.000 -0.171 
223.000 -0.171 
224.000 -0.171 
225.000 -0.171 
226.000 -0.171 
227.000 -0.171 
228.000 -0.171 
229.000 -0.171 
230.000 -0.171 
231.000 -0.171 
232.000 -0.171 
233.000 -0.171 
234.000 -0.171 
235.000 -0.171 
236.000 -0.171 
237.000 -0.171 
238.000 -0.172 
239.000 -0.172 
240.000 -0.172 
241.000 -0.156 
242.000 -0.142 
243.000 -0.130 
244.000 -0.118 
245.000 -0.109 
246.000 -0.101 
247.000 -0.095 
248.000 -0.090 
249.000 -0.086 
250.000 -0.084 
251.000 -0.081 
252.000 -0.079 
253.000 -0.077 
254.000 -0.075 
255.000 -0.071 
256.000 -0.068 
257.000 -0.064 
258.000 -0.059 
259.000 -0.055 
260.000 -0.049 
261.000 -0.044 
262.000 -0.039 
263.000 -0.034 
264.000 -0.029 
265.000 -0.024 
266.000 -0.019 
267.000 -0.015 
268.000 -0.011 
269.000 -0.007 
270.000 -0.003 
271.000 0.001 
272.000 0.005 
273.000 0.008 
274.000 0.012 
275.000 0.016 
276.000 0.019 
277.000 0.023 
278.000 0.027 
279.000 0.030 
280.000 0.034 
281.000 0.038 
282.000 0.041 
283.000 0.045 
284.000 0.049 
285.000 0.052 
286.000 0.055 
287.000 0.059 
288.000 0.062 
289.000 0.065 
290.000 0.068 
291.000 0.071 
292.000 0.074 
293.000 0.077 
294.000 0.080 
295.000 0.083 
296.000 0.086 
297.000 0.089 
298.000 0.091 
299.000 0.094 
300.000 0.097 
301.000 0.099 
302.000 0.102 
303.000 0.104 
304.000 0.107 
305.000 0.109 
306.000 0.112 
307.000 0.114 
308.000 0.116 
309.000 0.118 
310.000 0.121 
311.000 0.123 
312.000 0.125 
313.000 0.127 
314.000 0.129 
315.000 0.131 
316.000 0.132 
317.000 0.134 
318.000 0.136 
319.000 0.138 
320.000 0.140 
321.000 0.141 
322.000 0.143 
323.000 0.144 
324.000 0.146 
325.000 0.147 
326.000 0.149 
327.000 0.150 
328.000 0.152 
329.000 0.153 
330.000 0.154 
331.000 0.156 
332.000 0.157 
333.000 0.158 
334.000 0.159 
335.000 0.161 
336.000 0.162 
337.000 0.163 
338.000 0.164 
339.000 0.165 
340.000 0.166 
341.000 0.167 
342.000 0.168 
343.000 0.169 
344.000 0.170 
345.000 0.171 
346.000 0.171 
347.000 0.172 
348.000 0.173 
349.000 0.174 
350.000 0.175 
351.000 0.175 
352.000 0.176 
353.000 0.177 
354.000 0.177 
355.000 0.178 
356.000 0.179 
357.000 0.179 
358.000 0.180 
359.000 0.181 
360.000 0.181 
361.000 0.210 
362.000 0.237 
363.000 0.262 
364.000 0.284 
365.000 0.302 
366.000 0.317 
367.000 0.329 
368.000 0.336 
369.000 0.341 
370.000 0.342 
371.000 0.342 
372.000 0.340 
373.000 0.337 
374.000 0.334 
375.000 0.331 
376.000 0.329 
377.000 0.329 
378.000 0.329 
379.000 0.332 
380.000 0.336 
381.000 0.341 
382.000 0.347 
383.000 0.354 
384.000 0.360 
385.000 0.367 
386.000 0.374 
387.000 0.379 
388.000 0.384 
389.000 0.387 
390.000 0.390 
391.000 0.391 
392.000 0.391 
393.000 0.391 
394.000 0.389 
395.000 0.388 
396.000 0.386 
397.000 0.385 
398.000 0.383 
399.000 0.383 
400.000 0.382 
401.000 0.382 
402.000 0.383 
403.000 0.384 
404.000 0.386 
405.000 0.388 
406.000 0.390 
407.000 0.392 
408.000 0.394 
409.000 0.396 
410.000 0.398 
411.000 0.399 
412.000 0.400 
413.000 0.401 
414.000 0.401 
415.000 0.400 
416.000 0.400 
417.000 0.399 
418.000 0.398 
419.000 0.397 
420.000 0.396 
421.000 0.396 
422.000 0.395 
423.000 0.395 
424.000 0.395 
425.000 0.395 
426.000 0.396 
427.000 0.396 
428.000 0.397 
429.000 0.398 
430.000 0.399 
431.000 0.399 
432.000 0.400 
433.000 0.401 
434.000 0.401 
435.000 0.401 
436.000 0.401 
437.000 0.401 
438.000 0.401 
439.000 0.401 
440.000 0.400 
441.000 0.400 
442.000 0.399 
443.000 0.399 
444.000 0.399 
445.000 0.398 
446.000 0.398 
447.000 0.398 
448.000 0.398 
449.000 0.399 
450.000 0.399 
451.000 0.399 
452.000 0.399 
453.000 0.400 
454.000 0.400 
455.000 0.400 
456.000 0.401 
457.000 0.401 
458.000 0.401 
459.000 0.401 
460.000 0.401 
461.000 0.401 
462.000 0.400 
463.000 0.400 
464.000 0.400 
465.000 0.400 
466.000 0.400 
467.000 0.400 
468.000 0.399 
469.000 0.399 
470.000 0.399 
471.000 0.399 
472.000 0.400 
473.000 0.400 
474.000 0.400 
475.000 0.400 
476.000 0.400 
477.000 0.400 
478.000 0.400 
479.000 0.400 
480.000 0.400 
481.000 0.521 
482.000 0.632 
483.000 0.734 
484.000 0.823 
485.000 0.900 
486.000 0.961 
487.000 1.000 
488.000 1.000 
489.000 1.000 
490.000 1.000 
491.000 1.000 
492.000 1.000 
493.000 0.964 
494.000 0.918 
495.000 0.868 
496.000 0.815 
497.000 0.763 
498.000 0.714 
499.000 0.670 
500.000 0.634 
501.000 0.607 
502.000 0.591 
503.000 0.587 
504.000 0.596 
505.000 0.617 
506.000 0.649 
507.000 0.690 
508.000 0.738 
509.000 0.789 
510.000 0.840 
511.000 0.888 
512.000 0.931 
513.000 0.964 
514.000 0.988 
515.000 1.000 
516.000 1.000 
517.000 0.995 
518.000 0.976 
519.000 0.949 
520.000 0.914 
521.000 0.875 
522.000 0.832 
523.000 0.789 
524.000 0.746 
525.000 0.708 
526.000 0.674 
527.000 0.648 
528.000 0.631 
529.000 0.624 
530.000 0.626 
531.000 0.640 
532.000 0.663 
533.000 0.694 
534.000 0.731 
535.000 0.772 
536.000 0.815 
537.000 0.856 
538.000 0.893 
539.000 0.924 
540.000 0.948 
541.000 0.963 
542.000 0.969 
543.000 0.966 
544.000 0.953 
545.000 0.933 
546.000 0.907 
547.000 0.875 
548.000 0.840 
549.000 0.803 
550.000 0.767 
551.000 0.733 
552.000 0.703 
553.000 0.679 
554.000 0.661 
555.000 0.652 
556.000 0.651 
557.000 0.659 
558.000 0.676 
559.000 0.699 
560.000 0.729 
561.000 0.762 
562.000 0.798 
563.000 0.833 
564.000 0.865 
565.000 0.894 
566.000 0.917 
567.000 0.932 
568.000 0.941 
569.000 0.941 
570.000 0.934 
571.000 0.919 
572.000 0.899 
573.000 0.874 
574.000 0.845 
575.000 0.814 
576.000 0.784 
577.000 0.754 
578.000 0.727 
579.000 0.705 
580.000 0.688 
581.000 0.677 
582.000 0.674 
583.000 0.678 
584.000 0.689 
585.000 0.706 
586.000 0.729 
587.000 0.756 
588.000 0.786 
589.000 0.815 
590.000 0.844 
591.000 0.869 
592.000 0.891 
593.000 0.906 
594.000 0.916 
595.000 0.919 
596.000 0.916 
597.000 0.906 
598.000 0.891 
599.000 0.871 
600.000 0.848 
601.000 0.913 
602.000 0.971 
603.000 1.000 
604.000 1.000 
605.000 1.000 
606.000 1.000 
607.000 1.000 
608.000 1.000 
609.000 1.000 
610.000 1.000 
611.000 1.000 
612.000 1.000 
613.000 1.000 
614.000 1.000 
615.000 1.000 
616.000 1.000 
617.000 1.000 
618.000 1.000 
619.000 1.000 
620.000 1.000 
621.000 1.000 
622.000 1.000 
623.000 1.000 
624.000 1.000 
625.000 1.000 
626.000 1.000 
627.000 1.000 
628.000 1.000 
629.000 1.000 
630.000 1.000 
631.000 1.000 
632.000 1.000 
633.000 1.000 
634.000 1.000 
635.000 1.000 
636.000 1.000 
637.000 1.000 
638.000 1.000 
639.000 1.000 
640.000 1.000 
641.000 1.000 
642.000 1.000 
643.000 1.000 
644.000 1.000 
645.000 1.000 
646.000 1.000 
647.000 1.000 
648.000 1.000 
649.000 1.000 
650.000 1.000 
651.000 1.000 
652.000 1.000 
653.000 1.000 
654.000 1.000 
655.000 1.000 
656.000 1.000 
657.000 1.000 
658.000 1.000 
659.000 1.000 
660.000 1.000 
661.000 1.000 
662.000 1.000 
663.000 1.000 
664.000 1.000 
665.000 1.000 
666.000 1.000 
667.000 1.000 
668.000 1.000 
669.000 1.000 
670.000 1.000 
671.000 1.000 
672.000 1.000 
673.000 1.000 
674.000 1.000 
675.000 1.000 
676.000 1.000 
677.000 1.000 
678.000 1.000 
679.000 1.000 
680.000 1.000 
681.000 1.000 
682.000 1.000 
683.000 1.000 
684.000 1.000 
685.000 1.000 
686.000 1.000 
687.000 1.000 
688.000 1.000 
689.000 1.000 
690.000 1.000 
691.000 1.000 
692.000 1.000 
693.000 1.000 
694.000 1.000 
695.000 1.000 
696.000 1.000 
697.000 1.000 
698.000 1.000 
699.000 1.000 
700.000 1.000 
701.000 1.000 
702.000 1.000 
703.000 1.000 
704.000 1.000 
705.000 1.000 
706.000 1.000 
707.000 1.000 
708.000 1.000 
709.000 1.000 
710.000 1.000 
711.000 1.000 
712.000 1.000 
713.000 1.000 
714.000 1.000 
715.000 1.000 
716.000 1.000 
717.000 1.000 
718.000 1.000 
719.000 1.000 
720.000 1.000 
721.000 1.000 
722.000 1.000 
723.000 1.000 
724.000 1.000 
725.000 1.000 
726.000 1.000 
727.000 1.000 
728.000 1.000 
729.000 1.000 
730.000 1.000 
731.000 1.000 
732.000 1.000 
733.000 1.000 
734.000 1.000 
735.000 1.000 
736.000 1.000 
737.000 1.000 
738.000 1.000 
739.000 1.000 
740.000 1.000 
741.000 1.000 
742.000 1.000 
743.000 1.000 
744.000 1.000 
745.000 1.000 
746.000 1.000 
747.000 1.000 
748.000 1.000 
749.000 1.000 
750.000 1.000 
751.000 1.000 
752.000 1.000 
753.000 1.000 
754.000 1.000 
755.000 1.000 
756.000 1.000 
757.000 1.000 
758.000 1.000 
759.000 1.000 
760.000 1.000 
761.000 1.000 
762.000 1.000 
763.000 1.000 
764.000 1.000 
765.000 1.000 
766.000 1.000 
767.000 1.000 
768.000 1.000 
769.000 1.000 
770.000 1.000 
771.000 1.000 
772.000 1.000 
773.000 1.000 
774.000 1.000 
775.000 1.000 
776.000 1.000 
777.000 1.000 
778.000 1.000 
779.000 1.000 
780.000 1.000 
781.000 1.000 
782.000 1.000 
783.000 1.000 
784.000 1.000 
785.000 1.000 
786.000 1.000 
787.000 1.000 
788.000 1.000 
789.000 1.000 
790.000 1.000 
791.000 1.000 
792.000 1.000 
793.000 1.000 
794.000 1.000 
795.000 1.000 
796.000 1.000 
797.000 1.000 
798.000 1.000 
799.000 1.000 
800.000 1.000 
