1.000 0.000 
2.000 0.000 
3.000 0.000 
4.000 0.000 
5.000 0.000 
6.000 0.000 
7.000 -0.008 
8.000 -0.013 
9.000 -0.017 
10.000 -0.020 
11.000 -0.022 
12.000 -0.023 
13.000 -0.024 
14.000 -0.025 
15.000 -0.025 
16.000 -0.026 
17.000 -0.027 
18.000 -0.028 
19.000 -0.029 
20.000 -0.031 
21.000 -0.032 
22.000 -0.034 
23.000 -0.035 
24.000 -0.037 
25.000 -0.039 
26.000 -0.040 
27.000 -0.042 
28.000 -0.043 
29.000 -0.044 
30.000 -0.046 
31.000 -0.047 
32.000 -0.048 
33.000 -0.050 
34.000 -0.051 
35.000 -0.052 
36.000 -0.054 
37.000 -0.055 
38.000 -0.056 
39.000 -0.058 
40.000 -0.059 
41.000 -0.060 
42.000 -0.061 
43.000 -0.063 
44.000 -0.064 
45.000 -0.065 
46.000 -0.066 
47.000 -0.068 
48.000 -0.069 
49.000 -0.070 
50.000 -0.071 
51.000 -0.073 
52.000 -0.074 
53.000 -0.075 
54.000 -0.076 
55.000 -0.077 
56.000 -0.078 
57.000 -0.080 
58.000 -0.081 
59.000 -0.082 
60.000 -0.083 
61.000 -0.084 
62.000 -0.085 
63.000 -0.087 
64.000 -0.088 
65.000 -0.089 
66.000 -0.090 
67.000 -0.091 
68.000 -0.092 
69.000 -0.093 
70.000 -0.094 
71.000 -0.095 
72.000 -0.096 
73.000 -0.097 
74.000 -0.099 
75.000 -0.100 
76.000 -0.101 
77.000 -0.102 
78.000 -0.103 
79.000 -0.104 
80.000 -0.105 
81.000 -0.106 
82.000 -0.107 
83.000 -0.108 
84.000 -0.109 
85.000 -0.110 
86.000 -0.111 
87.000 -0.112 
88.000 -0.113 
89.000 -0.114 
90.000 -0.115 
91.000 -0.116 
92.000 -0.117 
93.000 -0.118 
94.000 -0.119 
95.000 -0.120 
96.000 -0.121 
97.000 -0.122 
98.000 -0.123 
99.000 -0.124 
100.000 -0.125 
101.000 -0.126 
102.000 -0.127 
103.000 -0.127 
104.000 -0.128 
105.000 -0.129 
106.000 -0.130 
107.000 -0.131 
108.000 -0.132 
109.000 -0.133 
110.000 -0.134 
111.000 -0.135 
112.000 -0.136 
113.000 -0.137 
114.000 -0.138 
115.000 -0.138 
116.000 -0.139 
117.000 -0.140 
118.000 -0.141 
119.000 -0.142 
120.000 -0.143 
121.000 -0.140 
122.000 -0.139 
123.000 -0.138 
124.000 -0.138 
125.000 -0.138 
126.000 -0.138 
127.000 -0.139 
128.000 -0.139 
129.000 -0.140 
130.000 -0.140 
131.000 -0.141 
132.000 -0.141 
133.000 -0.141 
134.000 -0.141 
135.000 -0.141 
136.000 -0.141 
137.000 -0.141 
138.000 -0.142 
139.000 -0.142 
140.000 -0.142 
141.000 -0.142 
142.000 -0.142 
143.000 -0.142 
144.000 -0.142 
145.000 -0.143 
146.000 -0.143 
147.000 -0.143 
148.000 -0.143 
149.000 -0.143 
150.000 -0.143 
151.000 -0.143 
152.000 -0.144 
153.000 -0.144 
154.000 -0.144 
155.000 -0.144 
156.000 -0.144 
157.000 -0.144 
158.000 -0.144 
159.000 -0.145 
160.000 -0.145 
161.000 -0.145 
162.000 -0.145 
163.000 -0.145 
164.000 -0.145 
165.000 -0.145 
166.000 -0.145 
167.000 -0.146 
168.000 -0.146 
169.000 -0.146 
170.000 -0.146 
171.000 -0.146 
172.000 -0.146 
173.000 -0.146 
174.000 -0.147 
175.000 -0.147 
176.000 -0.147 
177.000 -0.147 
178.000 -0.147 
179.000 -0.147 
180.000 -0.147 
181.000 -0.147 
182.000 -0.148 
183.000 -0.148 
184.000 -0.148 
185.000 -0.148 
186.000 -0.148 
187.000 -0.148 
188.000 -0.148 
189.000 -0.148 
190.000 -0.149 
191.000 -0.149 
192.000 -0.149 
193.000 -0.149 
194.000 -0.149 
195.000 -0.149 
196.000 -0.149 
197.000 -0.149 
198.000 -0.150 
199.000 -0.150 
200.000 -0.150 
201.000 -0.150 
202.000 -0.150 
203.000 -0.150 
204.000 -0.150 
205.000 -0.150 
206.000 -0.150 
207.000 -0.151 
208.000 -0.151 
209.000 -0.151 
210.000 -0.151 
211.000 -0.151 
212.000 -0.151 
213.000 -0.151 
214.000 -0.151 
215.000 -0.152 
216.000 -0.152 
217.000 -0.152 
218.000 -0.152 
219.000 -0.152 
220.000 -0.152 
221.000 -0.152 
222.000 -0.152 
223.000 -0.152 
224.000 -0.153 
225.000 -0.153 
226.000 -0.153 
227.000 -0.153 
228.000 -0.153 
229.000 -0.153 
230.000 -0.153 
231.000 -0.153 
232.000 -0.153 
233.000 -0.153 
234.000 -0.154 
235.000 -0.154 
236.000 -0.154 
237.000 -0.154 
238.000 -0.154 
239.000 -0.154 
240.000 -0.154 
241.000 -0.135 
242.000 -0.122 
243.000 -0.112 
244.000 -0.106 
245.000 -0.101 
246.000 -0.098 
247.000 -0.096 
248.000 -0.094 
249.000 -0.093 
250.000 -0.091 
251.000 -0.088 
252.000 -0.086 
253.000 -0.082 
254.000 -0.078 
255.000 -0.075 
256.000 -0.070 
257.000 -0.066 
258.000 -0.062 
259.000 -0.058 
260.000 -0.055 
261.000 -0.051 
262.000 -0.047 
263.000 -0.044 
264.000 -0.040 
265.000 -0.037 
266.000 -0.033 
267.000 -0.030 
268.000 -0.027 
269.000 -0.023 
270.000 -0.020 
271.000 -0.017 
272.000 -0.013 
273.000 -0.010 
274.000 -0.007 
275.000 -0.003 
276.000 -0.000 
277.000 0.003 
278.000 0.006 
279.000 0.009 
280.000 0.012 
281.000 0.016 
282.000 0.019 
283.000 0.022 
284.000 0.025 
285.000 0.028 
286.000 0.031 
287.000 0.033 
288.000 0.036 
289.000 0.039 
290.000 0.042 
291.000 0.045 
292.000 0.047 
293.000 0.050 
294.000 0.053 
295.000 0.056 
296.000 0.058 
297.000 0.061 
298.000 0.063 
299.000 0.066 
300.000 0.068 
301.000 0.071 
302.000 0.073 
303.000 0.076 
304.000 0.078 
305.000 0.080 
306.000 0.083 
307.000 0.085 
308.000 0.087 
309.000 0.089 
310.000 0.092 
311.000 0.094 
312.000 0.096 
313.000 0.098 
314.000 0.100 
315.000 0.102 
316.000 0.104 
317.000 0.106 
318.000 0.108 
319.000 0.110 
320.000 0.112 
321.000 0.113 
322.000 0.115 
323.000 0.117 
324.000 0.119 
325.000 0.120 
326.000 0.122 
327.000 0.124 
328.000 0.125 
329.000 0.127 
330.000 0.129 
331.000 0.130 
332.000 0.132 
333.000 0.133 
334.000 0.134 
335.000 0.136 
336.000 0.137 
337.000 0.139 
338.000 0.140 
339.000 0.141 
340.000 0.143 
341.000 0.144 
342.000 0.145 
343.000 0.146 
344.000 0.148 
345.000 0.149 
346.000 0.150 
347.000 0.151 
348.000 0.152 
349.000 0.153 
350.000 0.154 
351.000 0.155 
352.000 0.156 
353.000 0.157 
354.000 0.158 
355.000 0.159 
356.000 0.160 
357.000 0.161 
358.000 0.162 
359.000 0.163 
360.000 0.164 
361.000 0.200 
362.000 0.227 
363.000 0.245 
364.000 0.259 
365.000 0.268 
366.000 0.274 
367.000 0.278 
368.000 0.280 
369.000 0.282 
370.000 0.283 
371.000 0.284 
372.000 0.286 
373.000 0.289 
374.000 0.293 
375.000 0.297 
376.000 0.302 
377.000 0.308 
378.000 0.313 
379.000 0.319 
380.000 0.324 
381.000 0.329 
382.000 0.334 
383.000 0.338 
384.000 0.342 
385.000 0.345 
386.000 0.348 
387.000 0.350 
388.000 0.353 
389.000 0.355 
390.000 0.357 
391.000 0.358 
392.000 0.360 
393.000 0.362 
394.000 0.364 
395.000 0.366 
396.000 0.368 
397.000 0.370 
398.000 0.371 
399.000 0.373 
400.000 0.375 
401.000 0.376 
402.000 0.378 
403.000 0.379 
404.000 0.380 
405.000 0.382 
406.000 0.383 
407.000 0.384 
408.000 0.384 
409.000 0.385 
410.000 0.386 
411.000 0.387 
412.000 0.387 
413.000 0.388 
414.000 0.389 
415.000 0.389 
416.000 0.390 
417.000 0.391 
418.000 0.391 
419.000 0.392 
420.000 0.392 
421.000 0.393 
422.000 0.393 
423.000 0.393 
424.000 0.394 
425.000 0.394 
426.000 0.395 
427.000 0.395 
428.000 0.395 
429.000 0.395 
430.000 0.396 
431.000 0.396 
432.000 0.396 
433.000 0.396 
434.000 0.397 
435.000 0.397 
436.000 0.397 
437.000 0.397 
438.000 0.397 
439.000 0.397 
440.000 0.398 
441.000 0.398 
442.000 0.398 
443.000 0.398 
444.000 0.398 
445.000 0.398 
446.000 0.398 
447.000 0.398 
448.000 0.399 
449.000 0.399 
450.000 0.399 
451.000 0.399 
452.000 0.399 
453.000 0.399 
454.000 0.399 
455.000 0.399 
456.000 0.399 
457.000 0.399 
458.000 0.399 
459.000 0.399 
460.000 0.399 
461.000 0.399 
462.000 0.399 
463.000 0.399 
464.000 0.399 
465.000 0.399 
466.000 0.400 
467.000 0.400 
468.000 0.400 
469.000 0.400 
470.000 0.400 
471.000 0.400 
472.000 0.400 
473.000 0.400 
474.000 0.400 
475.000 0.400 
476.000 0.400 
477.000 0.400 
478.000 0.400 
479.000 0.400 
480.000 0.400 
481.000 0.550 
482.000 0.658 
483.000 0.733 
484.000 0.786 
485.000 0.823 
486.000 0.845 
487.000 0.856 
488.000 0.858 
489.000 0.853 
490.000 0.844 
491.000 0.831 
492.000 0.817 
493.000 0.803 
494.000 0.790 
495.000 0.778 
496.000 0.768 
497.000 0.760 
498.000 0.756 
499.000 0.753 
500.000 0.754 
501.000 0.757 
502.000 0.761 
503.000 0.768 
504.000 0.775 
505.000 0.783 
506.000 0.790 
507.000 0.798 
508.000 0.804 
509.000 0.809 
510.000 0.814 
511.000 0.816 
512.000 0.818 
513.000 0.818 
514.000 0.817 
515.000 0.816 
516.000 0.813 
517.000 0.810 
518.000 0.807 
519.000 0.804 
520.000 0.801 
521.000 0.798 
522.000 0.796 
523.000 0.794 
524.000 0.793 
525.000 0.792 
526.000 0.792 
527.000 0.793 
528.000 0.793 
529.000 0.794 
530.000 0.796 
531.000 0.797 
532.000 0.798 
533.000 0.800 
534.000 0.801 
535.000 0.802 
536.000 0.803 
537.000 0.803 
538.000 0.803 
539.000 0.803 
540.000 0.803 
541.000 0.803 
542.000 0.803 
543.000 0.802 
544.000 0.801 
545.000 0.801 
546.000 0.800 
547.000 0.800 
548.000 0.799 
549.000 0.799 
550.000 0.799 
551.000 0.799 
552.000 0.798 
553.000 0.799 
554.000 0.799 
555.000 0.799 
556.000 0.799 
557.000 0.799 
558.000 0.800 
559.000 0.800 
560.000 0.800 
561.000 0.800 
562.000 0.800 
563.000 0.801 
564.000 0.801 
565.000 0.801 
566.000 0.801 
567.000 0.801 
568.000 0.800 
569.000 0.800 
570.000 0.800 
571.000 0.800 
572.000 0.800 
573.000 0.800 
574.000 0.800 
575.000 0.800 
576.000 0.800 
577.000 0.800 
578.000 0.800 
579.000 0.800 
580.000 0.800 
581.000 0.800 
582.000 0.800 
583.000 0.800 
584.000 0.800 
585.000 0.800 
586.000 0.800 
587.000 0.800 
588.000 0.800 
589.000 0.800 
590.000 0.800 
591.000 0.800 
592.000 0.800 
593.000 0.800 
594.000 0.800 
595.000 0.800 
596.000 0.800 
597.000 0.800 
598.000 0.800 
599.000 0.800 
600.000 0.800 
601.000 0.913 
602.000 0.994 
603.000 1.000 
604.000 1.000 
605.000 1.000 
606.000 1.000 
607.000 1.000 
608.000 1.000 
609.000 1.000 
610.000 1.000 
611.000 1.000 
612.000 1.000 
613.000 1.000 
614.000 1.000 
615.000 1.000 
616.000 1.000 
617.000 1.000 
618.000 1.000 
619.000 1.000 
620.000 1.000 
621.000 1.000 
622.000 1.000 
623.000 1.000 
624.000 1.000 
625.000 1.000 
626.000 1.000 
627.000 1.000 
628.000 1.000 
629.000 1.000 
630.000 1.000 
631.000 1.000 
632.000 1.000 
633.000 1.000 
634.000 1.000 
635.000 1.000 
636.000 1.000 
637.000 1.000 
638.000 1.000 
639.000 1.000 
640.000 1.000 
641.000 1.000 
642.000 1.000 
643.000 1.000 
644.000 1.000 
645.000 1.000 
646.000 1.000 
647.000 1.000 
648.000 1.000 
649.000 1.000 
650.000 1.000 
651.000 1.000 
652.000 1.000 
653.000 1.000 
654.000 1.000 
655.000 1.000 
656.000 1.000 
657.000 1.000 
658.000 1.000 
659.000 1.000 
660.000 1.000 
661.000 1.000 
662.000 1.000 
663.000 1.000 
664.000 1.000 
665.000 1.000 
666.000 1.000 
667.000 1.000 
668.000 1.000 
669.000 1.000 
670.000 1.000 
671.000 1.000 
672.000 1.000 
673.000 1.000 
674.000 1.000 
675.000 1.000 
676.000 1.000 
677.000 1.000 
678.000 1.000 
679.000 1.000 
680.000 1.000 
681.000 1.000 
682.000 1.000 
683.000 1.000 
684.000 1.000 
685.000 1.000 
686.000 1.000 
687.000 1.000 
688.000 1.000 
689.000 1.000 
690.000 1.000 
691.000 1.000 
692.000 1.000 
693.000 1.000 
694.000 1.000 
695.000 1.000 
696.000 1.000 
697.000 1.000 
698.000 1.000 
699.000 1.000 
700.000 1.000 
701.000 1.000 
702.000 1.000 
703.000 1.000 
704.000 1.000 
705.000 1.000 
706.000 1.000 
707.000 1.000 
708.000 1.000 
709.000 1.000 
710.000 1.000 
711.000 1.000 
712.000 1.000 
713.000 1.000 
714.000 1.000 
715.000 1.000 
716.000 1.000 
717.000 1.000 
718.000 1.000 
719.000 1.000 
720.000 1.000 
721.000 1.000 
722.000 1.000 
723.000 1.000 
724.000 1.000 
725.000 1.000 
726.000 1.000 
727.000 1.000 
728.000 1.000 
729.000 1.000 
730.000 1.000 
731.000 1.000 
732.000 1.000 
733.000 1.000 
734.000 1.000 
735.000 1.000 
736.000 1.000 
737.000 1.000 
738.000 1.000 
739.000 1.000 
740.000 1.000 
741.000 1.000 
742.000 1.000 
743.000 1.000 
744.000 1.000 
745.000 1.000 
746.000 1.000 
747.000 1.000 
748.000 1.000 
749.000 1.000 
750.000 1.000 
751.000 1.000 
752.000 1.000 
753.000 1.000 
754.000 1.000 
755.000 1.000 
756.000 1.000 
757.000 1.000 
758.000 1.000 
759.000 1.000 
760.000 1.000 
761.000 1.000 
762.000 1.000 
763.000 1.000 
764.000 1.000 
765.000 1.000 
766.000 1.000 
767.000 1.000 
768.000 1.000 
769.000 1.000 
770.000 1.000 
771.000 1.000 
772.000 1.000 
773.000 1.000 
774.000 1.000 
775.000 1.000 
776.000 1.000 
777.000 1.000 
778.000 1.000 
779.000 1.000 
780.000 1.000 
781.000 1.000 
782.000 1.000 
783.000 1.000 
784.000 1.000 
785.000 1.000 
786.000 1.000 
787.000 1.000 
788.000 1.000 
789.000 1.000 
790.000 1.000 
791.000 1.000 
792.000 1.000 
793.000 1.000 
794.000 1.000 
795.000 1.000 
796.000 1.000 
797.000 1.000 
798.000 1.000 
799.000 1.000 
800.000 1.000 
