1.000 0.000 
2.000 0.000 
3.000 0.000 
4.000 0.000 
5.000 0.000 
6.000 0.000 
7.000 -0.009 
8.000 -0.016 
9.000 -0.021 
10.000 -0.025 
11.000 -0.027 
12.000 -0.029 
13.000 -0.029 
14.000 -0.030 
15.000 -0.030 
16.000 -0.030 
17.000 -0.030 
18.000 -0.031 
19.000 -0.033 
20.000 -0.034 
21.000 -0.036 
22.000 -0.038 
23.000 -0.040 
24.000 -0.042 
25.000 -0.044 
26.000 -0.046 
27.000 -0.048 
28.000 -0.049 
29.000 -0.051 
30.000 -0.052 
31.000 -0.053 
32.000 -0.055 
33.000 -0.056 
34.000 -0.057 
35.000 -0.059 
36.000 -0.060 
37.000 -0.062 
38.000 -0.063 
39.000 -0.065 
40.000 -0.066 
41.000 -0.067 
42.000 -0.069 
43.000 -0.070 
44.000 -0.072 
45.000 -0.073 
46.000 -0.074 
47.000 -0.076 
48.000 -0.077 
49.000 -0.078 
50.000 -0.080 
51.000 -0.081 
52.000 -0.082 
53.000 -0.084 
54.000 -0.085 
55.000 -0.086 
56.000 -0.087 
57.000 -0.089 
58.000 -0.090 
59.000 -0.091 
60.000 -0.092 
61.000 -0.094 
62.000 -0.095 
63.000 -0.096 
64.000 -0.097 
65.000 -0.098 
66.000 -0.100 
67.000 -0.101 
68.000 -0.102 
69.000 -0.103 
70.000 -0.104 
71.000 -0.106 
72.000 -0.107 
73.000 -0.108 
74.000 -0.109 
75.000 -0.110 
76.000 -0.111 
77.000 -0.112 
78.000 -0.114 
79.000 -0.115 
80.000 -0.116 
81.000 -0.117 
82.000 -0.118 
83.000 -0.119 
84.000 -0.120 
85.000 -0.121 
86.000 -0.122 
87.000 -0.124 
88.000 -0.125 
89.000 -0.126 
90.000 -0.127 
91.000 -0.128 
92.000 -0.129 
93.000 -0.130 
94.000 -0.131 
95.000 -0.132 
96.000 -0.133 
97.000 -0.134 
98.000 -0.135 
99.000 -0.136 
100.000 -0.137 
101.000 -0.138 
102.000 -0.139 
103.000 -0.140 
104.000 -0.141 
105.000 -0.142 
106.000 -0.143 
107.000 -0.144 
108.000 -0.145 
109.000 -0.146 
110.000 -0.147 
111.000 -0.148 
112.000 -0.149 
113.000 -0.150 
114.000 -0.151 
115.000 -0.152 
116.000 -0.153 
117.000 -0.154 
118.000 -0.155 
119.000 -0.156 
120.000 -0.157 
121.000 -0.154 
122.000 -0.152 
123.000 -0.150 
124.000 -0.150 
125.000 -0.150 
126.000 -0.150 
127.000 -0.150 
128.000 -0.151 
129.000 -0.152 
130.000 -0.153 
131.000 -0.153 
132.000 -0.154 
133.000 -0.154 
134.000 -0.154 
135.000 -0.154 
136.000 -0.154 
137.000 -0.154 
138.000 -0.154 
139.000 -0.154 
140.000 -0.154 
141.000 -0.154 
142.000 -0.154 
143.000 -0.154 
144.000 -0.154 
145.000 -0.155 
146.000 -0.155 
147.000 -0.155 
148.000 -0.155 
149.000 -0.155 
150.000 -0.155 
151.000 -0.155 
152.000 -0.155 
153.000 -0.156 
154.000 -0.156 
155.000 -0.156 
156.000 -0.156 
157.000 -0.156 
158.000 -0.156 
159.000 -0.156 
160.000 -0.156 
161.000 -0.156 
162.000 -0.156 
163.000 -0.157 
164.000 -0.157 
165.000 -0.157 
166.000 -0.157 
167.000 -0.157 
168.000 -0.157 
169.000 -0.157 
170.000 -0.157 
171.000 -0.157 
172.000 -0.158 
173.000 -0.158 
174.000 -0.158 
175.000 -0.158 
176.000 -0.158 
177.000 -0.158 
178.000 -0.158 
179.000 -0.158 
180.000 -0.158 
181.000 -0.158 
182.000 -0.159 
183.000 -0.159 
184.000 -0.159 
185.000 -0.159 
186.000 -0.159 
187.000 -0.159 
188.000 -0.159 
189.000 -0.159 
190.000 -0.159 
191.000 -0.159 
192.000 -0.160 
193.000 -0.160 
194.000 -0.160 
195.000 -0.160 
196.000 -0.160 
197.000 -0.160 
198.000 -0.160 
199.000 -0.160 
200.000 -0.160 
201.000 -0.160 
202.000 -0.160 
203.000 -0.161 
204.000 -0.161 
205.000 -0.161 
206.000 -0.161 
207.000 -0.161 
208.000 -0.161 
209.000 -0.161 
210.000 -0.161 
211.000 -0.161 
212.000 -0.161 
213.000 -0.161 
214.000 -0.162 
215.000 -0.162 
216.000 -0.162 
217.000 -0.162 
218.000 -0.162 
219.000 -0.162 
220.000 -0.162 
221.000 -0.162 
222.000 -0.162 
223.000 -0.162 
224.000 -0.162 
225.000 -0.163 
226.000 -0.163 
227.000 -0.163 
228.000 -0.163 
229.000 -0.163 
230.000 -0.163 
231.000 -0.163 
232.000 -0.163 
233.000 -0.163 
234.000 -0.163 
235.000 -0.163 
236.000 -0.163 
237.000 -0.164 
238.000 -0.164 
239.000 -0.164 
240.000 -0.164 
241.000 -0.142 
242.000 -0.125 
243.000 -0.113 
244.000 -0.104 
245.000 -0.098 
246.000 -0.095 
247.000 -0.093 
248.000 -0.092 
249.000 -0.091 
250.000 -0.090 
251.000 -0.088 
252.000 -0.086 
253.000 -0.082 
254.000 -0.078 
255.000 -0.073 
256.000 -0.068 
257.000 -0.063 
258.000 -0.058 
259.000 -0.053 
260.000 -0.049 
261.000 -0.044 
262.000 -0.040 
263.000 -0.036 
264.000 -0.033 
265.000 -0.029 
266.000 -0.025 
267.000 -0.022 
268.000 -0.018 
269.000 -0.015 
270.000 -0.011 
271.000 -0.007 
272.000 -0.003 
273.000 0.000 
274.000 0.004 
275.000 0.008 
276.000 0.011 
277.000 0.015 
278.000 0.018 
279.000 0.022 
280.000 0.025 
281.000 0.028 
282.000 0.032 
283.000 0.035 
284.000 0.038 
285.000 0.041 
286.000 0.044 
287.000 0.047 
288.000 0.050 
289.000 0.054 
290.000 0.057 
291.000 0.059 
292.000 0.062 
293.000 0.065 
294.000 0.068 
295.000 0.071 
296.000 0.074 
297.000 0.076 
298.000 0.079 
299.000 0.082 
300.000 0.084 
301.000 0.087 
302.000 0.089 
303.000 0.092 
304.000 0.094 
305.000 0.096 
306.000 0.099 
307.000 0.101 
308.000 0.103 
309.000 0.105 
310.000 0.108 
311.000 0.110 
312.000 0.112 
313.000 0.114 
314.000 0.116 
315.000 0.118 
316.000 0.120 
317.000 0.122 
318.000 0.124 
319.000 0.125 
320.000 0.127 
321.000 0.129 
322.000 0.131 
323.000 0.132 
324.000 0.134 
325.000 0.136 
326.000 0.137 
327.000 0.139 
328.000 0.140 
329.000 0.142 
330.000 0.143 
331.000 0.145 
332.000 0.146 
333.000 0.147 
334.000 0.149 
335.000 0.150 
336.000 0.151 
337.000 0.152 
338.000 0.154 
339.000 0.155 
340.000 0.156 
341.000 0.157 
342.000 0.158 
343.000 0.159 
344.000 0.160 
345.000 0.161 
346.000 0.162 
347.000 0.163 
348.000 0.164 
349.000 0.165 
350.000 0.166 
351.000 0.167 
352.000 0.168 
353.000 0.169 
354.000 0.169 
355.000 0.170 
356.000 0.171 
357.000 0.172 
358.000 0.173 
359.000 0.173 
360.000 0.174 
361.000 0.215 
362.000 0.248 
363.000 0.272 
364.000 0.289 
365.000 0.301 
366.000 0.308 
367.000 0.310 
368.000 0.310 
369.000 0.308 
370.000 0.306 
371.000 0.304 
372.000 0.302 
373.000 0.302 
374.000 0.304 
375.000 0.308 
376.000 0.313 
377.000 0.319 
378.000 0.327 
379.000 0.334 
380.000 0.341 
381.000 0.348 
382.000 0.354 
383.000 0.358 
384.000 0.362 
385.000 0.365 
386.000 0.366 
387.000 0.368 
388.000 0.368 
389.000 0.368 
390.000 0.369 
391.000 0.369 
392.000 0.370 
393.000 0.371 
394.000 0.372 
395.000 0.374 
396.000 0.375 
397.000 0.377 
398.000 0.380 
399.000 0.382 
400.000 0.384 
401.000 0.385 
402.000 0.387 
403.000 0.388 
404.000 0.389 
405.000 0.390 
406.000 0.390 
407.000 0.391 
408.000 0.391 
409.000 0.391 
410.000 0.391 
411.000 0.391 
412.000 0.392 
413.000 0.392 
414.000 0.392 
415.000 0.393 
416.000 0.393 
417.000 0.394 
418.000 0.395 
419.000 0.395 
420.000 0.396 
421.000 0.396 
422.000 0.396 
423.000 0.397 
424.000 0.397 
425.000 0.397 
426.000 0.397 
427.000 0.397 
428.000 0.397 
429.000 0.398 
430.000 0.398 
431.000 0.398 
432.000 0.398 
433.000 0.398 
434.000 0.398 
435.000 0.398 
436.000 0.398 
437.000 0.398 
438.000 0.399 
439.000 0.399 
440.000 0.399 
441.000 0.399 
442.000 0.399 
443.000 0.399 
444.000 0.399 
445.000 0.399 
446.000 0.399 
447.000 0.399 
448.000 0.399 
449.000 0.399 
450.000 0.399 
451.000 0.399 
452.000 0.399 
453.000 0.399 
454.000 0.399 
455.000 0.399 
456.000 0.400 
457.000 0.400 
458.000 0.400 
459.000 0.400 
460.000 0.400 
461.000 0.400 
462.000 0.400 
463.000 0.400 
464.000 0.400 
465.000 0.400 
466.000 0.400 
467.000 0.400 
468.000 0.400 
469.000 0.400 
470.000 0.400 
471.000 0.400 
472.000 0.400 
473.000 0.400 
474.000 0.400 
475.000 0.400 
476.000 0.400 
477.000 0.400 
478.000 0.400 
479.000 0.400 
480.000 0.400 
481.000 0.572 
482.000 0.705 
483.000 0.804 
484.000 0.874 
485.000 0.921 
486.000 0.947 
487.000 0.953 
488.000 0.945 
489.000 0.925 
490.000 0.897 
491.000 0.864 
492.000 0.829 
493.000 0.795 
494.000 0.763 
495.000 0.736 
496.000 0.715 
497.000 0.701 
498.000 0.694 
499.000 0.694 
500.000 0.702 
501.000 0.715 
502.000 0.734 
503.000 0.756 
504.000 0.779 
505.000 0.802 
506.000 0.823 
507.000 0.841 
508.000 0.854 
509.000 0.863 
510.000 0.867 
511.000 0.866 
512.000 0.861 
513.000 0.852 
514.000 0.841 
515.000 0.828 
516.000 0.814 
517.000 0.800 
518.000 0.788 
519.000 0.777 
520.000 0.769 
521.000 0.763 
522.000 0.761 
523.000 0.761 
524.000 0.764 
525.000 0.769 
526.000 0.776 
527.000 0.784 
528.000 0.793 
529.000 0.801 
530.000 0.809 
531.000 0.816 
532.000 0.821 
533.000 0.824 
534.000 0.825 
535.000 0.825 
536.000 0.823 
537.000 0.820 
538.000 0.815 
539.000 0.810 
540.000 0.805 
541.000 0.799 
542.000 0.795 
543.000 0.791 
544.000 0.788 
545.000 0.786 
546.000 0.785 
547.000 0.785 
548.000 0.786 
549.000 0.788 
550.000 0.791 
551.000 0.794 
552.000 0.797 
553.000 0.801 
554.000 0.804 
555.000 0.806 
556.000 0.808 
557.000 0.809 
558.000 0.810 
559.000 0.809 
560.000 0.809 
561.000 0.807 
562.000 0.806 
563.000 0.804 
564.000 0.802 
565.000 0.800 
566.000 0.798 
567.000 0.796 
568.000 0.795 
569.000 0.794 
570.000 0.794 
571.000 0.794 
572.000 0.795 
573.000 0.796 
574.000 0.797 
575.000 0.798 
576.000 0.799 
577.000 0.800 
578.000 0.801 
579.000 0.802 
580.000 0.803 
581.000 0.803 
582.000 0.804 
583.000 0.804 
584.000 0.803 
585.000 0.803 
586.000 0.802 
587.000 0.801 
588.000 0.801 
589.000 0.800 
590.000 0.799 
591.000 0.799 
592.000 0.798 
593.000 0.798 
594.000 0.798 
595.000 0.798 
596.000 0.798 
597.000 0.798 
598.000 0.799 
599.000 0.799 
600.000 0.800 
601.000 0.930 
602.000 1.000 
603.000 1.000 
604.000 1.000 
605.000 1.000 
606.000 1.000 
607.000 1.000 
608.000 1.000 
609.000 1.000 
610.000 1.000 
611.000 1.000 
612.000 1.000 
613.000 1.000 
614.000 1.000 
615.000 1.000 
616.000 1.000 
617.000 1.000 
618.000 1.000 
619.000 1.000 
620.000 1.000 
621.000 1.000 
622.000 1.000 
623.000 1.000 
624.000 1.000 
625.000 1.000 
626.000 1.000 
627.000 1.000 
628.000 1.000 
629.000 1.000 
630.000 1.000 
631.000 1.000 
632.000 1.000 
633.000 1.000 
634.000 1.000 
635.000 1.000 
636.000 1.000 
637.000 1.000 
638.000 1.000 
639.000 1.000 
640.000 1.000 
641.000 1.000 
642.000 1.000 
643.000 1.000 
644.000 1.000 
645.000 1.000 
646.000 1.000 
647.000 1.000 
648.000 1.000 
649.000 1.000 
650.000 1.000 
651.000 1.000 
652.000 1.000 
653.000 1.000 
654.000 1.000 
655.000 1.000 
656.000 1.000 
657.000 1.000 
658.000 1.000 
659.000 1.000 
660.000 1.000 
661.000 1.000 
662.000 1.000 
663.000 1.000 
664.000 1.000 
665.000 1.000 
666.000 1.000 
667.000 1.000 
668.000 1.000 
669.000 1.000 
670.000 1.000 
671.000 1.000 
672.000 1.000 
673.000 1.000 
674.000 1.000 
675.000 1.000 
676.000 1.000 
677.000 1.000 
678.000 1.000 
679.000 1.000 
680.000 1.000 
681.000 1.000 
682.000 1.000 
683.000 1.000 
684.000 1.000 
685.000 1.000 
686.000 1.000 
687.000 1.000 
688.000 1.000 
689.000 1.000 
690.000 1.000 
691.000 1.000 
692.000 1.000 
693.000 1.000 
694.000 1.000 
695.000 1.000 
696.000 1.000 
697.000 1.000 
698.000 1.000 
699.000 1.000 
700.000 1.000 
701.000 1.000 
702.000 1.000 
703.000 1.000 
704.000 1.000 
705.000 1.000 
706.000 1.000 
707.000 1.000 
708.000 1.000 
709.000 1.000 
710.000 1.000 
711.000 1.000 
712.000 1.000 
713.000 1.000 
714.000 1.000 
715.000 1.000 
716.000 1.000 
717.000 1.000 
718.000 1.000 
719.000 1.000 
720.000 1.000 
721.000 1.000 
722.000 1.000 
723.000 1.000 
724.000 1.000 
725.000 1.000 
726.000 1.000 
727.000 1.000 
728.000 1.000 
729.000 1.000 
730.000 1.000 
731.000 1.000 
732.000 1.000 
733.000 1.000 
734.000 1.000 
735.000 1.000 
736.000 1.000 
737.000 1.000 
738.000 1.000 
739.000 1.000 
740.000 1.000 
741.000 1.000 
742.000 1.000 
743.000 1.000 
744.000 1.000 
745.000 1.000 
746.000 1.000 
747.000 1.000 
748.000 1.000 
749.000 1.000 
750.000 1.000 
751.000 1.000 
752.000 1.000 
753.000 1.000 
754.000 1.000 
755.000 1.000 
756.000 1.000 
757.000 1.000 
758.000 1.000 
759.000 1.000 
760.000 1.000 
761.000 1.000 
762.000 1.000 
763.000 1.000 
764.000 1.000 
765.000 1.000 
766.000 1.000 
767.000 1.000 
768.000 1.000 
769.000 1.000 
770.000 1.000 
771.000 1.000 
772.000 1.000 
773.000 1.000 
774.000 1.000 
775.000 1.000 
776.000 1.000 
777.000 1.000 
778.000 1.000 
779.000 1.000 
780.000 1.000 
781.000 1.000 
782.000 1.000 
783.000 1.000 
784.000 1.000 
785.000 1.000 
786.000 1.000 
787.000 1.000 
788.000 1.000 
789.000 1.000 
790.000 1.000 
791.000 1.000 
792.000 1.000 
793.000 1.000 
794.000 1.000 
795.000 1.000 
796.000 1.000 
797.000 1.000 
798.000 1.000 
799.000 1.000 
800.000 1.000 
