1.000 0.000 
2.000 0.000 
3.000 0.000 
4.000 0.000 
5.000 0.000 
6.000 0.000 
7.000 -0.028 
8.000 -0.034 
9.000 -0.034 
10.000 -0.032 
11.000 -0.030 
12.000 -0.028 
13.000 -0.027 
14.000 -0.027 
15.000 -0.029 
16.000 -0.031 
17.000 -0.035 
18.000 -0.038 
19.000 -0.040 
20.000 -0.043 
21.000 -0.045 
22.000 -0.046 
23.000 -0.047 
24.000 -0.049 
25.000 -0.050 
26.000 -0.052 
27.000 -0.053 
28.000 -0.055 
29.000 -0.057 
30.000 -0.058 
31.000 -0.060 
32.000 -0.062 
33.000 -0.063 
34.000 -0.065 
35.000 -0.067 
36.000 -0.068 
37.000 -0.070 
38.000 -0.071 
39.000 -0.073 
40.000 -0.074 
41.000 -0.076 
42.000 -0.077 
43.000 -0.079 
44.000 -0.080 
45.000 -0.082 
46.000 -0.083 
47.000 -0.085 
48.000 -0.086 
49.000 -0.087 
50.000 -0.089 
51.000 -0.090 
52.000 -0.092 
53.000 -0.093 
54.000 -0.094 
55.000 -0.096 
56.000 -0.097 
57.000 -0.099 
58.000 -0.100 
59.000 -0.101 
60.000 -0.103 
61.000 -0.104 
62.000 -0.105 
63.000 -0.107 
64.000 -0.108 
65.000 -0.109 
66.000 -0.110 
67.000 -0.112 
68.000 -0.113 
69.000 -0.114 
70.000 -0.115 
71.000 -0.117 
72.000 -0.118 
73.000 -0.119 
74.000 -0.120 
75.000 -0.122 
76.000 -0.123 
77.000 -0.124 
78.000 -0.125 
79.000 -0.127 
80.000 -0.128 
81.000 -0.129 
82.000 -0.130 
83.000 -0.131 
84.000 -0.132 
85.000 -0.134 
86.000 -0.135 
87.000 -0.136 
88.000 -0.137 
89.000 -0.138 
90.000 -0.139 
91.000 -0.140 
92.000 -0.142 
93.000 -0.143 
94.000 -0.144 
95.000 -0.145 
96.000 -0.146 
97.000 -0.147 
98.000 -0.148 
99.000 -0.149 
100.000 -0.150 
101.000 -0.151 
102.000 -0.153 
103.000 -0.154 
104.000 -0.155 
105.000 -0.156 
106.000 -0.157 
107.000 -0.158 
108.000 -0.159 
109.000 -0.160 
110.000 -0.161 
111.000 -0.162 
112.000 -0.163 
113.000 -0.164 
114.000 -0.165 
115.000 -0.166 
116.000 -0.167 
117.000 -0.168 
118.000 -0.169 
119.000 -0.170 
120.000 -0.171 
121.000 -0.160 
122.000 -0.158 
123.000 -0.160 
124.000 -0.161 
125.000 -0.163 
126.000 -0.165 
127.000 -0.166 
128.000 -0.167 
129.000 -0.167 
130.000 -0.166 
131.000 -0.166 
132.000 -0.166 
133.000 -0.165 
134.000 -0.165 
135.000 -0.165 
136.000 -0.166 
137.000 -0.166 
138.000 -0.166 
139.000 -0.166 
140.000 -0.166 
141.000 -0.166 
142.000 -0.166 
143.000 -0.166 
144.000 -0.167 
145.000 -0.167 
146.000 -0.167 
147.000 -0.167 
148.000 -0.167 
149.000 -0.167 
150.000 -0.167 
151.000 -0.167 
152.000 -0.167 
153.000 -0.167 
154.000 -0.167 
155.000 -0.167 
156.000 -0.167 
157.000 -0.168 
158.000 -0.168 
159.000 -0.168 
160.000 -0.168 
161.000 -0.168 
162.000 -0.168 
163.000 -0.168 
164.000 -0.168 
165.000 -0.168 
166.000 -0.168 
167.000 -0.168 
168.000 -0.168 
169.000 -0.168 
170.000 -0.168 
171.000 -0.169 
172.000 -0.169 
173.000 -0.169 
174.000 -0.169 
175.000 -0.169 
176.000 -0.169 
177.000 -0.169 
178.000 -0.169 
179.000 -0.169 
180.000 -0.169 
181.000 -0.169 
182.000 -0.169 
183.000 -0.169 
184.000 -0.169 
185.000 -0.170 
186.000 -0.170 
187.000 -0.170 
188.000 -0.170 
189.000 -0.170 
190.000 -0.170 
191.000 -0.170 
192.000 -0.170 
193.000 -0.170 
194.000 -0.170 
195.000 -0.170 
196.000 -0.170 
197.000 -0.170 
198.000 -0.170 
199.000 -0.170 
200.000 -0.170 
201.000 -0.171 
202.000 -0.171 
203.000 -0.171 
204.000 -0.171 
205.000 -0.171 
206.000 -0.171 
207.000 -0.171 
208.000 -0.171 
209.000 -0.171 
210.000 -0.171 
211.000 -0.171 
212.000 -0.171 
213.000 -0.171 
214.000 -0.171 
215.000 -0.171 
216.000 -0.171 
217.000 -0.172 
218.000 -0.172 
219.000 -0.172 
220.000 -0.172 
221.000 -0.172 
222.000 -0.172 
223.000 -0.172 
224.000 -0.172 
225.000 -0.172 
226.000 -0.172 
227.000 -0.172 
228.000 -0.172 
229.000 -0.172 
230.000 -0.172 
231.000 -0.172 
232.000 -0.172 
233.000 -0.172 
234.000 -0.172 
235.000 -0.173 
236.000 -0.173 
237.000 -0.173 
238.000 -0.173 
239.000 -0.173 
240.000 -0.173 
241.000 -0.105 
242.000 -0.090 
243.000 -0.091 
244.000 -0.095 
245.000 -0.100 
246.000 -0.105 
247.000 -0.106 
248.000 -0.104 
249.000 -0.099 
250.000 -0.092 
251.000 -0.084 
252.000 -0.077 
253.000 -0.071 
254.000 -0.065 
255.000 -0.060 
256.000 -0.056 
257.000 -0.053 
258.000 -0.049 
259.000 -0.045 
260.000 -0.041 
261.000 -0.036 
262.000 -0.032 
263.000 -0.027 
264.000 -0.023 
265.000 -0.018 
266.000 -0.014 
267.000 -0.010 
268.000 -0.006 
269.000 -0.002 
270.000 0.002 
271.000 0.006 
272.000 0.010 
273.000 0.014 
274.000 0.018 
275.000 0.022 
276.000 0.026 
277.000 0.029 
278.000 0.033 
279.000 0.037 
280.000 0.040 
281.000 0.044 
282.000 0.047 
283.000 0.051 
284.000 0.054 
285.000 0.057 
286.000 0.061 
287.000 0.064 
288.000 0.067 
289.000 0.070 
290.000 0.073 
291.000 0.076 
292.000 0.079 
293.000 0.082 
294.000 0.085 
295.000 0.088 
296.000 0.090 
297.000 0.093 
298.000 0.096 
299.000 0.098 
300.000 0.101 
301.000 0.103 
302.000 0.106 
303.000 0.108 
304.000 0.111 
305.000 0.113 
306.000 0.115 
307.000 0.117 
308.000 0.120 
309.000 0.122 
310.000 0.124 
311.000 0.126 
312.000 0.128 
313.000 0.130 
314.000 0.132 
315.000 0.133 
316.000 0.135 
317.000 0.137 
318.000 0.139 
319.000 0.140 
320.000 0.142 
321.000 0.144 
322.000 0.145 
323.000 0.147 
324.000 0.148 
325.000 0.150 
326.000 0.151 
327.000 0.152 
328.000 0.154 
329.000 0.155 
330.000 0.156 
331.000 0.157 
332.000 0.159 
333.000 0.160 
334.000 0.161 
335.000 0.162 
336.000 0.163 
337.000 0.164 
338.000 0.165 
339.000 0.166 
340.000 0.167 
341.000 0.168 
342.000 0.169 
343.000 0.170 
344.000 0.171 
345.000 0.172 
346.000 0.172 
347.000 0.173 
348.000 0.174 
349.000 0.175 
350.000 0.175 
351.000 0.176 
352.000 0.177 
353.000 0.178 
354.000 0.178 
355.000 0.179 
356.000 0.179 
357.000 0.180 
358.000 0.181 
359.000 0.181 
360.000 0.182 
361.000 0.309 
362.000 0.338 
363.000 0.337 
364.000 0.329 
365.000 0.320 
366.000 0.309 
367.000 0.298 
368.000 0.291 
369.000 0.289 
370.000 0.291 
371.000 0.298 
372.000 0.308 
373.000 0.320 
374.000 0.331 
375.000 0.342 
376.000 0.350 
377.000 0.356 
378.000 0.360 
379.000 0.361 
380.000 0.362 
381.000 0.361 
382.000 0.361 
383.000 0.361 
384.000 0.362 
385.000 0.363 
386.000 0.365 
387.000 0.368 
388.000 0.371 
389.000 0.374 
390.000 0.377 
391.000 0.380 
392.000 0.382 
393.000 0.384 
394.000 0.385 
395.000 0.385 
396.000 0.386 
397.000 0.386 
398.000 0.387 
399.000 0.387 
400.000 0.388 
401.000 0.388 
402.000 0.389 
403.000 0.390 
404.000 0.391 
405.000 0.392 
406.000 0.392 
407.000 0.393 
408.000 0.394 
409.000 0.394 
410.000 0.395 
411.000 0.395 
412.000 0.395 
413.000 0.395 
414.000 0.396 
415.000 0.396 
416.000 0.396 
417.000 0.396 
418.000 0.397 
419.000 0.397 
420.000 0.397 
421.000 0.397 
422.000 0.398 
423.000 0.398 
424.000 0.398 
425.000 0.398 
426.000 0.398 
427.000 0.398 
428.000 0.398 
429.000 0.399 
430.000 0.399 
431.000 0.399 
432.000 0.399 
433.000 0.399 
434.000 0.399 
435.000 0.399 
436.000 0.399 
437.000 0.399 
438.000 0.399 
439.000 0.399 
440.000 0.399 
441.000 0.399 
442.000 0.399 
443.000 0.399 
444.000 0.400 
445.000 0.400 
446.000 0.400 
447.000 0.400 
448.000 0.400 
449.000 0.400 
450.000 0.400 
451.000 0.400 
452.000 0.400 
453.000 0.400 
454.000 0.400 
455.000 0.400 
456.000 0.400 
457.000 0.400 
458.000 0.400 
459.000 0.400 
460.000 0.400 
461.000 0.400 
462.000 0.400 
463.000 0.400 
464.000 0.400 
465.000 0.400 
466.000 0.400 
467.000 0.400 
468.000 0.400 
469.000 0.400 
470.000 0.400 
471.000 0.400 
472.000 0.400 
473.000 0.400 
474.000 0.400 
475.000 0.400 
476.000 0.400 
477.000 0.400 
478.000 0.400 
479.000 0.400 
480.000 0.400 
481.000 0.936 
482.000 1.000 
483.000 1.000 
484.000 1.000 
485.000 1.000 
486.000 1.000 
487.000 0.891 
488.000 0.823 
489.000 0.775 
490.000 0.739 
491.000 0.711 
492.000 0.695 
493.000 0.691 
494.000 0.698 
495.000 0.714 
496.000 0.737 
497.000 0.764 
498.000 0.791 
499.000 0.815 
500.000 0.835 
501.000 0.848 
502.000 0.855 
503.000 0.855 
504.000 0.849 
505.000 0.840 
506.000 0.828 
507.000 0.816 
508.000 0.803 
509.000 0.792 
510.000 0.784 
511.000 0.778 
512.000 0.776 
513.000 0.776 
514.000 0.778 
515.000 0.783 
516.000 0.789 
517.000 0.795 
518.000 0.801 
519.000 0.806 
520.000 0.810 
521.000 0.812 
522.000 0.813 
523.000 0.812 
524.000 0.811 
525.000 0.808 
526.000 0.805 
527.000 0.802 
528.000 0.799 
529.000 0.797 
530.000 0.795 
531.000 0.794 
532.000 0.794 
533.000 0.794 
534.000 0.795 
535.000 0.796 
536.000 0.798 
537.000 0.799 
538.000 0.801 
539.000 0.802 
540.000 0.803 
541.000 0.803 
542.000 0.803 
543.000 0.803 
544.000 0.802 
545.000 0.802 
546.000 0.801 
547.000 0.800 
548.000 0.800 
549.000 0.799 
550.000 0.799 
551.000 0.799 
552.000 0.799 
553.000 0.799 
554.000 0.799 
555.000 0.799 
556.000 0.800 
557.000 0.800 
558.000 0.800 
559.000 0.801 
560.000 0.801 
561.000 0.801 
562.000 0.801 
563.000 0.801 
564.000 0.800 
565.000 0.800 
566.000 0.800 
567.000 0.800 
568.000 0.800 
569.000 0.800 
570.000 0.800 
571.000 0.800 
572.000 0.800 
573.000 0.800 
574.000 0.800 
575.000 0.800 
576.000 0.800 
577.000 0.800 
578.000 0.800 
579.000 0.800 
580.000 0.800 
581.000 0.800 
582.000 0.800 
583.000 0.800 
584.000 0.800 
585.000 0.800 
586.000 0.800 
587.000 0.800 
588.000 0.800 
589.000 0.800 
590.000 0.800 
591.000 0.800 
592.000 0.800 
593.000 0.800 
594.000 0.800 
595.000 0.800 
596.000 0.800 
597.000 0.800 
598.000 0.800 
599.000 0.800 
600.000 0.800 
601.000 1.000 
602.000 1.000 
603.000 1.000 
604.000 1.000 
605.000 1.000 
606.000 1.000 
607.000 1.000 
608.000 1.000 
609.000 1.000 
610.000 1.000 
611.000 1.000 
612.000 1.000 
613.000 1.000 
614.000 1.000 
615.000 1.000 
616.000 1.000 
617.000 1.000 
618.000 1.000 
619.000 1.000 
620.000 1.000 
621.000 1.000 
622.000 1.000 
623.000 1.000 
624.000 1.000 
625.000 1.000 
626.000 1.000 
627.000 1.000 
628.000 1.000 
629.000 1.000 
630.000 1.000 
631.000 1.000 
632.000 1.000 
633.000 1.000 
634.000 1.000 
635.000 1.000 
636.000 1.000 
637.000 1.000 
638.000 1.000 
639.000 1.000 
640.000 1.000 
641.000 1.000 
642.000 1.000 
643.000 1.000 
644.000 1.000 
645.000 1.000 
646.000 1.000 
647.000 1.000 
648.000 1.000 
649.000 1.000 
650.000 1.000 
651.000 1.000 
652.000 1.000 
653.000 1.000 
654.000 1.000 
655.000 1.000 
656.000 1.000 
657.000 1.000 
658.000 1.000 
659.000 1.000 
660.000 1.000 
661.000 1.000 
662.000 1.000 
663.000 1.000 
664.000 1.000 
665.000 1.000 
666.000 1.000 
667.000 1.000 
668.000 1.000 
669.000 1.000 
670.000 1.000 
671.000 1.000 
672.000 1.000 
673.000 1.000 
674.000 1.000 
675.000 1.000 
676.000 1.000 
677.000 1.000 
678.000 1.000 
679.000 1.000 
680.000 1.000 
681.000 1.000 
682.000 1.000 
683.000 1.000 
684.000 1.000 
685.000 1.000 
686.000 1.000 
687.000 1.000 
688.000 1.000 
689.000 1.000 
690.000 1.000 
691.000 1.000 
692.000 1.000 
693.000 1.000 
694.000 1.000 
695.000 1.000 
696.000 1.000 
697.000 1.000 
698.000 1.000 
699.000 1.000 
700.000 1.000 
701.000 1.000 
702.000 1.000 
703.000 1.000 
704.000 1.000 
705.000 1.000 
706.000 1.000 
707.000 1.000 
708.000 1.000 
709.000 1.000 
710.000 1.000 
711.000 1.000 
712.000 1.000 
713.000 1.000 
714.000 1.000 
715.000 1.000 
716.000 1.000 
717.000 1.000 
718.000 1.000 
719.000 1.000 
720.000 1.000 
721.000 1.000 
722.000 1.000 
723.000 1.000 
724.000 1.000 
725.000 1.000 
726.000 1.000 
727.000 1.000 
728.000 1.000 
729.000 1.000 
730.000 1.000 
731.000 1.000 
732.000 1.000 
733.000 1.000 
734.000 1.000 
735.000 1.000 
736.000 1.000 
737.000 1.000 
738.000 1.000 
739.000 1.000 
740.000 1.000 
741.000 1.000 
742.000 1.000 
743.000 1.000 
744.000 1.000 
745.000 1.000 
746.000 1.000 
747.000 1.000 
748.000 1.000 
749.000 1.000 
750.000 1.000 
751.000 1.000 
752.000 1.000 
753.000 1.000 
754.000 1.000 
755.000 1.000 
756.000 1.000 
757.000 1.000 
758.000 1.000 
759.000 1.000 
760.000 1.000 
761.000 1.000 
762.000 1.000 
763.000 1.000 
764.000 1.000 
765.000 1.000 
766.000 1.000 
767.000 1.000 
768.000 1.000 
769.000 1.000 
770.000 1.000 
771.000 1.000 
772.000 1.000 
773.000 1.000 
774.000 1.000 
775.000 1.000 
776.000 1.000 
777.000 1.000 
778.000 1.000 
779.000 1.000 
780.000 1.000 
781.000 1.000 
782.000 1.000 
783.000 1.000 
784.000 1.000 
785.000 1.000 
786.000 1.000 
787.000 1.000 
788.000 1.000 
789.000 1.000 
790.000 1.000 
791.000 1.000 
792.000 1.000 
793.000 1.000 
794.000 1.000 
795.000 1.000 
796.000 1.000 
797.000 1.000 
798.000 1.000 
799.000 1.000 
800.000 1.000 
