1.000 0.000 
2.000 0.000 
3.000 0.000 
4.000 0.000 
5.000 0.000 
6.000 0.000 
7.000 -0.008 
8.000 -0.015 
9.000 -0.021 
10.000 -0.026 
11.000 -0.030 
12.000 -0.034 
13.000 -0.036 
14.000 -0.037 
15.000 -0.038 
16.000 -0.038 
17.000 -0.039 
18.000 -0.039 
19.000 -0.039 
20.000 -0.040 
21.000 -0.041 
22.000 -0.043 
23.000 -0.044 
24.000 -0.047 
25.000 -0.049 
26.000 -0.051 
27.000 -0.054 
28.000 -0.056 
29.000 -0.058 
30.000 -0.060 
31.000 -0.062 
32.000 -0.064 
33.000 -0.066 
34.000 -0.067 
35.000 -0.068 
36.000 -0.070 
37.000 -0.071 
38.000 -0.073 
39.000 -0.074 
40.000 -0.075 
41.000 -0.077 
42.000 -0.079 
43.000 -0.080 
44.000 -0.082 
45.000 -0.083 
46.000 -0.085 
47.000 -0.087 
48.000 -0.088 
49.000 -0.090 
50.000 -0.091 
51.000 -0.093 
52.000 -0.094 
53.000 -0.095 
54.000 -0.097 
55.000 -0.098 
56.000 -0.100 
57.000 -0.101 
58.000 -0.102 
59.000 -0.104 
60.000 -0.105 
61.000 -0.106 
62.000 -0.108 
63.000 -0.109 
64.000 -0.111 
65.000 -0.112 
66.000 -0.113 
67.000 -0.115 
68.000 -0.116 
69.000 -0.117 
70.000 -0.119 
71.000 -0.120 
72.000 -0.121 
73.000 -0.122 
74.000 -0.124 
75.000 -0.125 
76.000 -0.126 
77.000 -0.127 
78.000 -0.129 
79.000 -0.130 
80.000 -0.131 
81.000 -0.132 
82.000 -0.134 
83.000 -0.135 
84.000 -0.136 
85.000 -0.137 
86.000 -0.138 
87.000 -0.140 
88.000 -0.141 
89.000 -0.142 
90.000 -0.143 
91.000 -0.144 
92.000 -0.145 
93.000 -0.147 
94.000 -0.148 
95.000 -0.149 
96.000 -0.150 
97.000 -0.151 
98.000 -0.152 
99.000 -0.153 
100.000 -0.154 
101.000 -0.156 
102.000 -0.157 
103.000 -0.158 
104.000 -0.159 
105.000 -0.160 
106.000 -0.161 
107.000 -0.162 
108.000 -0.163 
109.000 -0.164 
110.000 -0.165 
111.000 -0.166 
112.000 -0.167 
113.000 -0.168 
114.000 -0.169 
115.000 -0.171 
116.000 -0.172 
117.000 -0.173 
118.000 -0.174 
119.000 -0.175 
120.000 -0.176 
121.000 -0.173 
122.000 -0.171 
123.000 -0.170 
124.000 -0.169 
125.000 -0.168 
126.000 -0.167 
127.000 -0.167 
128.000 -0.168 
129.000 -0.168 
130.000 -0.169 
131.000 -0.170 
132.000 -0.170 
133.000 -0.171 
134.000 -0.171 
135.000 -0.172 
136.000 -0.172 
137.000 -0.172 
138.000 -0.172 
139.000 -0.172 
140.000 -0.171 
141.000 -0.171 
142.000 -0.171 
143.000 -0.171 
144.000 -0.171 
145.000 -0.171 
146.000 -0.171 
147.000 -0.171 
148.000 -0.171 
149.000 -0.171 
150.000 -0.172 
151.000 -0.172 
152.000 -0.172 
153.000 -0.172 
154.000 -0.172 
155.000 -0.172 
156.000 -0.172 
157.000 -0.172 
158.000 -0.172 
159.000 -0.172 
160.000 -0.172 
161.000 -0.172 
162.000 -0.172 
163.000 -0.172 
164.000 -0.172 
165.000 -0.172 
166.000 -0.173 
167.000 -0.173 
168.000 -0.173 
169.000 -0.173 
170.000 -0.173 
171.000 -0.173 
172.000 -0.173 
173.000 -0.173 
174.000 -0.173 
175.000 -0.173 
176.000 -0.173 
177.000 -0.173 
178.000 -0.173 
179.000 -0.173 
180.000 -0.173 
181.000 -0.173 
182.000 -0.173 
183.000 -0.173 
184.000 -0.174 
185.000 -0.174 
186.000 -0.174 
187.000 -0.174 
188.000 -0.174 
189.000 -0.174 
190.000 -0.174 
191.000 -0.174 
192.000 -0.174 
193.000 -0.174 
194.000 -0.174 
195.000 -0.174 
196.000 -0.174 
197.000 -0.174 
198.000 -0.174 
199.000 -0.174 
200.000 -0.174 
201.000 -0.174 
202.000 -0.174 
203.000 -0.175 
204.000 -0.175 
205.000 -0.175 
206.000 -0.175 
207.000 -0.175 
208.000 -0.175 
209.000 -0.175 
210.000 -0.175 
211.000 -0.175 
212.000 -0.175 
213.000 -0.175 
214.000 -0.175 
215.000 -0.175 
216.000 -0.175 
217.000 -0.175 
218.000 -0.175 
219.000 -0.175 
220.000 -0.175 
221.000 -0.175 
222.000 -0.175 
223.000 -0.175 
224.000 -0.175 
225.000 -0.176 
226.000 -0.176 
227.000 -0.176 
228.000 -0.176 
229.000 -0.176 
230.000 -0.176 
231.000 -0.176 
232.000 -0.176 
233.000 -0.176 
234.000 -0.176 
235.000 -0.176 
236.000 -0.176 
237.000 -0.176 
238.000 -0.176 
239.000 -0.176 
240.000 -0.176 
241.000 -0.158 
242.000 -0.141 
243.000 -0.126 
244.000 -0.113 
245.000 -0.103 
246.000 -0.095 
247.000 -0.089 
248.000 -0.085 
249.000 -0.083 
250.000 -0.081 
251.000 -0.080 
252.000 -0.079 
253.000 -0.077 
254.000 -0.074 
255.000 -0.071 
256.000 -0.067 
257.000 -0.062 
258.000 -0.056 
259.000 -0.050 
260.000 -0.044 
261.000 -0.038 
262.000 -0.032 
263.000 -0.027 
264.000 -0.022 
265.000 -0.017 
266.000 -0.012 
267.000 -0.008 
268.000 -0.004 
269.000 -0.000 
270.000 0.004 
271.000 0.007 
272.000 0.011 
273.000 0.015 
274.000 0.019 
275.000 0.023 
276.000 0.026 
277.000 0.030 
278.000 0.034 
279.000 0.038 
280.000 0.042 
281.000 0.046 
282.000 0.050 
283.000 0.054 
284.000 0.057 
285.000 0.061 
286.000 0.064 
287.000 0.068 
288.000 0.071 
289.000 0.074 
290.000 0.077 
291.000 0.080 
292.000 0.083 
293.000 0.086 
294.000 0.089 
295.000 0.092 
296.000 0.095 
297.000 0.097 
298.000 0.100 
299.000 0.103 
300.000 0.105 
301.000 0.108 
302.000 0.111 
303.000 0.113 
304.000 0.115 
305.000 0.118 
306.000 0.120 
307.000 0.122 
308.000 0.124 
309.000 0.127 
310.000 0.129 
311.000 0.131 
312.000 0.133 
313.000 0.135 
314.000 0.136 
315.000 0.138 
316.000 0.140 
317.000 0.142 
318.000 0.143 
319.000 0.145 
320.000 0.147 
321.000 0.148 
322.000 0.150 
323.000 0.151 
324.000 0.153 
325.000 0.154 
326.000 0.156 
327.000 0.157 
328.000 0.158 
329.000 0.159 
330.000 0.161 
331.000 0.162 
332.000 0.163 
333.000 0.164 
334.000 0.165 
335.000 0.166 
336.000 0.167 
337.000 0.168 
338.000 0.169 
339.000 0.170 
340.000 0.171 
341.000 0.172 
342.000 0.173 
343.000 0.174 
344.000 0.174 
345.000 0.175 
346.000 0.176 
347.000 0.177 
348.000 0.177 
349.000 0.178 
350.000 0.179 
351.000 0.179 
352.000 0.180 
353.000 0.181 
354.000 0.181 
355.000 0.182 
356.000 0.182 
357.000 0.183 
358.000 0.183 
359.000 0.184 
360.000 0.184 
361.000 0.219 
362.000 0.252 
363.000 0.280 
364.000 0.305 
365.000 0.325 
366.000 0.340 
367.000 0.350 
368.000 0.355 
369.000 0.356 
370.000 0.354 
371.000 0.349 
372.000 0.343 
373.000 0.336 
374.000 0.330 
375.000 0.325 
376.000 0.323 
377.000 0.322 
378.000 0.325 
379.000 0.329 
380.000 0.336 
381.000 0.345 
382.000 0.354 
383.000 0.364 
384.000 0.374 
385.000 0.382 
386.000 0.389 
387.000 0.395 
388.000 0.398 
389.000 0.400 
390.000 0.399 
391.000 0.397 
392.000 0.394 
393.000 0.391 
394.000 0.387 
395.000 0.383 
396.000 0.379 
397.000 0.377 
398.000 0.376 
399.000 0.376 
400.000 0.377 
401.000 0.379 
402.000 0.382 
403.000 0.386 
404.000 0.390 
405.000 0.394 
406.000 0.398 
407.000 0.402 
408.000 0.404 
409.000 0.406 
410.000 0.406 
411.000 0.406 
412.000 0.405 
413.000 0.403 
414.000 0.401 
415.000 0.399 
416.000 0.396 
417.000 0.394 
418.000 0.392 
419.000 0.391 
420.000 0.390 
421.000 0.390 
422.000 0.391 
423.000 0.392 
424.000 0.394 
425.000 0.396 
426.000 0.398 
427.000 0.400 
428.000 0.402 
429.000 0.403 
430.000 0.404 
431.000 0.405 
432.000 0.405 
433.000 0.404 
434.000 0.403 
435.000 0.402 
436.000 0.401 
437.000 0.400 
438.000 0.398 
439.000 0.397 
440.000 0.396 
441.000 0.396 
442.000 0.395 
443.000 0.396 
444.000 0.396 
445.000 0.397 
446.000 0.398 
447.000 0.399 
448.000 0.400 
449.000 0.401 
450.000 0.402 
451.000 0.402 
452.000 0.403 
453.000 0.403 
454.000 0.403 
455.000 0.402 
456.000 0.402 
457.000 0.401 
458.000 0.400 
459.000 0.400 
460.000 0.399 
461.000 0.398 
462.000 0.398 
463.000 0.398 
464.000 0.398 
465.000 0.398 
466.000 0.398 
467.000 0.399 
468.000 0.399 
469.000 0.400 
470.000 0.400 
471.000 0.401 
472.000 0.401 
473.000 0.401 
474.000 0.402 
475.000 0.402 
476.000 0.401 
477.000 0.401 
478.000 0.401 
479.000 0.400 
480.000 0.400 
481.000 0.545 
482.000 0.678 
483.000 0.797 
484.000 0.898 
485.000 0.980 
486.000 1.000 
487.000 1.000 
488.000 1.000 
489.000 1.000 
490.000 1.000 
491.000 1.000 
492.000 1.000 
493.000 0.980 
494.000 0.919 
495.000 0.855 
496.000 0.791 
497.000 0.731 
498.000 0.676 
499.000 0.631 
500.000 0.596 
501.000 0.574 
502.000 0.567 
503.000 0.576 
504.000 0.601 
505.000 0.641 
506.000 0.692 
507.000 0.752 
508.000 0.816 
509.000 0.879 
510.000 0.937 
511.000 0.987 
512.000 1.000 
513.000 1.000 
514.000 1.000 
515.000 1.000 
516.000 1.000 
517.000 1.000 
518.000 0.974 
519.000 0.925 
520.000 0.871 
521.000 0.815 
522.000 0.759 
523.000 0.707 
524.000 0.661 
525.000 0.624 
526.000 0.599 
527.000 0.586 
528.000 0.587 
529.000 0.603 
530.000 0.633 
531.000 0.676 
532.000 0.727 
533.000 0.784 
534.000 0.843 
535.000 0.900 
536.000 0.949 
537.000 0.989 
538.000 1.000 
539.000 1.000 
540.000 1.000 
541.000 1.000 
542.000 1.000 
543.000 0.965 
544.000 0.921 
545.000 0.870 
546.000 0.817 
547.000 0.763 
548.000 0.712 
549.000 0.666 
550.000 0.629 
551.000 0.602 
552.000 0.588 
553.000 0.588 
554.000 0.602 
555.000 0.630 
556.000 0.670 
557.000 0.720 
558.000 0.776 
559.000 0.835 
560.000 0.891 
561.000 0.941 
562.000 0.981 
563.000 1.000 
564.000 1.000 
565.000 1.000 
566.000 1.000 
567.000 1.000 
568.000 0.967 
569.000 0.926 
570.000 0.879 
571.000 0.829 
572.000 0.779 
573.000 0.730 
574.000 0.686 
575.000 0.650 
576.000 0.623 
577.000 0.607 
578.000 0.604 
579.000 0.614 
580.000 0.637 
581.000 0.672 
582.000 0.717 
583.000 0.767 
584.000 0.821 
585.000 0.873 
586.000 0.921 
587.000 0.961 
588.000 0.990 
589.000 1.000 
590.000 1.000 
591.000 1.000 
592.000 0.985 
593.000 0.954 
594.000 0.915 
595.000 0.870 
596.000 0.822 
597.000 0.772 
598.000 0.725 
599.000 0.682 
600.000 0.646 
601.000 0.730 
602.000 0.816 
603.000 0.904 
604.000 0.991 
605.000 1.000 
606.000 1.000 
607.000 1.000 
608.000 1.000 
609.000 1.000 
610.000 1.000 
611.000 1.000 
612.000 1.000 
613.000 1.000 
614.000 1.000 
615.000 1.000 
616.000 1.000 
617.000 1.000 
618.000 1.000 
619.000 1.000 
620.000 1.000 
621.000 1.000 
622.000 1.000 
623.000 1.000 
624.000 1.000 
625.000 1.000 
626.000 1.000 
627.000 1.000 
628.000 1.000 
629.000 1.000 
630.000 1.000 
631.000 1.000 
632.000 1.000 
633.000 1.000 
634.000 1.000 
635.000 1.000 
636.000 1.000 
637.000 1.000 
638.000 1.000 
639.000 1.000 
640.000 1.000 
641.000 1.000 
642.000 1.000 
643.000 1.000 
644.000 1.000 
645.000 1.000 
646.000 1.000 
647.000 1.000 
648.000 1.000 
649.000 1.000 
650.000 1.000 
651.000 1.000 
652.000 1.000 
653.000 1.000 
654.000 1.000 
655.000 1.000 
656.000 1.000 
657.000 1.000 
658.000 1.000 
659.000 1.000 
660.000 1.000 
661.000 1.000 
662.000 1.000 
663.000 1.000 
664.000 1.000 
665.000 1.000 
666.000 1.000 
667.000 1.000 
668.000 1.000 
669.000 1.000 
670.000 1.000 
671.000 1.000 
672.000 1.000 
673.000 1.000 
674.000 1.000 
675.000 1.000 
676.000 1.000 
677.000 1.000 
678.000 1.000 
679.000 1.000 
680.000 1.000 
681.000 1.000 
682.000 1.000 
683.000 1.000 
684.000 1.000 
685.000 1.000 
686.000 1.000 
687.000 1.000 
688.000 1.000 
689.000 1.000 
690.000 1.000 
691.000 1.000 
692.000 1.000 
693.000 1.000 
694.000 1.000 
695.000 1.000 
696.000 1.000 
697.000 1.000 
698.000 1.000 
699.000 1.000 
700.000 1.000 
701.000 1.000 
702.000 1.000 
703.000 1.000 
704.000 1.000 
705.000 1.000 
706.000 1.000 
707.000 1.000 
708.000 1.000 
709.000 1.000 
710.000 1.000 
711.000 1.000 
712.000 1.000 
713.000 1.000 
714.000 1.000 
715.000 1.000 
716.000 1.000 
717.000 1.000 
718.000 1.000 
719.000 1.000 
720.000 1.000 
721.000 1.000 
722.000 1.000 
723.000 1.000 
724.000 1.000 
725.000 1.000 
726.000 1.000 
727.000 1.000 
728.000 1.000 
729.000 1.000 
730.000 1.000 
731.000 1.000 
732.000 1.000 
733.000 1.000 
734.000 1.000 
735.000 1.000 
736.000 1.000 
737.000 1.000 
738.000 1.000 
739.000 1.000 
740.000 1.000 
741.000 1.000 
742.000 1.000 
743.000 1.000 
744.000 1.000 
745.000 1.000 
746.000 1.000 
747.000 1.000 
748.000 1.000 
749.000 1.000 
750.000 1.000 
751.000 1.000 
752.000 1.000 
753.000 1.000 
754.000 1.000 
755.000 1.000 
756.000 1.000 
757.000 1.000 
758.000 1.000 
759.000 1.000 
760.000 1.000 
761.000 1.000 
762.000 1.000 
763.000 1.000 
764.000 1.000 
765.000 1.000 
766.000 1.000 
767.000 1.000 
768.000 1.000 
769.000 1.000 
770.000 1.000 
771.000 1.000 
772.000 1.000 
773.000 1.000 
774.000 1.000 
775.000 1.000 
776.000 1.000 
777.000 1.000 
778.000 1.000 
779.000 1.000 
780.000 1.000 
781.000 1.000 
782.000 1.000 
783.000 1.000 
784.000 1.000 
785.000 1.000 
786.000 1.000 
787.000 1.000 
788.000 1.000 
789.000 1.000 
790.000 1.000 
791.000 1.000 
792.000 1.000 
793.000 1.000 
794.000 1.000 
795.000 1.000 
796.000 1.000 
797.000 1.000 
798.000 1.000 
799.000 1.000 
800.000 1.000 
