1.000 0.000 
2.000 0.000 
3.000 0.000 
4.000 0.000 
5.000 0.000 
6.000 0.000 
7.000 -0.030 
8.000 -0.031 
9.000 -0.030 
10.000 -0.028 
11.000 -0.027 
12.000 -0.026 
13.000 -0.026 
14.000 -0.027 
15.000 -0.029 
16.000 -0.031 
17.000 -0.034 
18.000 -0.036 
19.000 -0.038 
20.000 -0.040 
21.000 -0.042 
22.000 -0.044 
23.000 -0.045 
24.000 -0.047 
25.000 -0.048 
26.000 -0.050 
27.000 -0.051 
28.000 -0.053 
29.000 -0.055 
30.000 -0.056 
31.000 -0.058 
32.000 -0.059 
33.000 -0.061 
34.000 -0.063 
35.000 -0.064 
36.000 -0.066 
37.000 -0.067 
38.000 -0.069 
39.000 -0.070 
40.000 -0.071 
41.000 -0.073 
42.000 -0.074 
43.000 -0.076 
44.000 -0.077 
45.000 -0.079 
46.000 -0.080 
47.000 -0.082 
48.000 -0.083 
49.000 -0.084 
50.000 -0.086 
51.000 -0.087 
52.000 -0.088 
53.000 -0.090 
54.000 -0.091 
55.000 -0.092 
56.000 -0.094 
57.000 -0.095 
58.000 -0.096 
59.000 -0.098 
60.000 -0.099 
61.000 -0.100 
62.000 -0.102 
63.000 -0.103 
64.000 -0.104 
65.000 -0.105 
66.000 -0.107 
67.000 -0.108 
68.000 -0.109 
69.000 -0.110 
70.000 -0.112 
71.000 -0.113 
72.000 -0.114 
73.000 -0.115 
74.000 -0.117 
75.000 -0.118 
76.000 -0.119 
77.000 -0.120 
78.000 -0.121 
79.000 -0.122 
80.000 -0.124 
81.000 -0.125 
82.000 -0.126 
83.000 -0.127 
84.000 -0.128 
85.000 -0.129 
86.000 -0.130 
87.000 -0.132 
88.000 -0.133 
89.000 -0.134 
90.000 -0.135 
91.000 -0.136 
92.000 -0.137 
93.000 -0.138 
94.000 -0.139 
95.000 -0.140 
96.000 -0.141 
97.000 -0.143 
98.000 -0.144 
99.000 -0.145 
100.000 -0.146 
101.000 -0.147 
102.000 -0.148 
103.000 -0.149 
104.000 -0.150 
105.000 -0.151 
106.000 -0.152 
107.000 -0.153 
108.000 -0.154 
109.000 -0.155 
110.000 -0.156 
111.000 -0.157 
112.000 -0.158 
113.000 -0.159 
114.000 -0.160 
115.000 -0.161 
116.000 -0.162 
117.000 -0.163 
118.000 -0.164 
119.000 -0.165 
120.000 -0.166 
121.000 -0.154 
122.000 -0.155 
123.000 -0.156 
124.000 -0.158 
125.000 -0.159 
126.000 -0.160 
127.000 -0.161 
128.000 -0.162 
129.000 -0.162 
130.000 -0.161 
131.000 -0.161 
132.000 -0.161 
133.000 -0.161 
134.000 -0.161 
135.000 -0.161 
136.000 -0.161 
137.000 -0.161 
138.000 -0.162 
139.000 -0.162 
140.000 -0.162 
141.000 -0.162 
142.000 -0.162 
143.000 -0.162 
144.000 -0.162 
145.000 -0.162 
146.000 -0.162 
147.000 -0.162 
148.000 -0.163 
149.000 -0.163 
150.000 -0.163 
151.000 -0.163 
152.000 -0.163 
153.000 -0.163 
154.000 -0.163 
155.000 -0.163 
156.000 -0.163 
157.000 -0.163 
158.000 -0.163 
159.000 -0.164 
160.000 -0.164 
161.000 -0.164 
162.000 -0.164 
163.000 -0.164 
164.000 -0.164 
165.000 -0.164 
166.000 -0.164 
167.000 -0.164 
168.000 -0.164 
169.000 -0.164 
170.000 -0.165 
171.000 -0.165 
172.000 -0.165 
173.000 -0.165 
174.000 -0.165 
175.000 -0.165 
176.000 -0.165 
177.000 -0.165 
178.000 -0.165 
179.000 -0.165 
180.000 -0.165 
181.000 -0.165 
182.000 -0.165 
183.000 -0.166 
184.000 -0.166 
185.000 -0.166 
186.000 -0.166 
187.000 -0.166 
188.000 -0.166 
189.000 -0.166 
190.000 -0.166 
191.000 -0.166 
192.000 -0.166 
193.000 -0.166 
194.000 -0.166 
195.000 -0.167 
196.000 -0.167 
197.000 -0.167 
198.000 -0.167 
199.000 -0.167 
200.000 -0.167 
201.000 -0.167 
202.000 -0.167 
203.000 -0.167 
204.000 -0.167 
205.000 -0.167 
206.000 -0.167 
207.000 -0.167 
208.000 -0.167 
209.000 -0.168 
210.000 -0.168 
211.000 -0.168 
212.000 -0.168 
213.000 -0.168 
214.000 -0.168 
215.000 -0.168 
216.000 -0.168 
217.000 -0.168 
218.000 -0.168 
219.000 -0.168 
220.000 -0.168 
221.000 -0.168 
222.000 -0.168 
223.000 -0.169 
224.000 -0.169 
225.000 -0.169 
226.000 -0.169 
227.000 -0.169 
228.000 -0.169 
229.000 -0.169 
230.000 -0.169 
231.000 -0.169 
232.000 -0.169 
233.000 -0.169 
234.000 -0.169 
235.000 -0.169 
236.000 -0.169 
237.000 -0.169 
238.000 -0.170 
239.000 -0.170 
240.000 -0.170 
241.000 -0.097 
242.000 -0.095 
243.000 -0.098 
244.000 -0.101 
245.000 -0.103 
246.000 -0.106 
247.000 -0.105 
248.000 -0.102 
249.000 -0.097 
250.000 -0.091 
251.000 -0.084 
252.000 -0.078 
253.000 -0.073 
254.000 -0.068 
255.000 -0.063 
256.000 -0.059 
257.000 -0.055 
258.000 -0.051 
259.000 -0.047 
260.000 -0.043 
261.000 -0.039 
262.000 -0.034 
263.000 -0.030 
264.000 -0.026 
265.000 -0.022 
266.000 -0.018 
267.000 -0.014 
268.000 -0.010 
269.000 -0.006 
270.000 -0.002 
271.000 0.002 
272.000 0.006 
273.000 0.010 
274.000 0.014 
275.000 0.017 
276.000 0.021 
277.000 0.025 
278.000 0.028 
279.000 0.032 
280.000 0.035 
281.000 0.039 
282.000 0.042 
283.000 0.045 
284.000 0.049 
285.000 0.052 
286.000 0.055 
287.000 0.058 
288.000 0.062 
289.000 0.065 
290.000 0.068 
291.000 0.071 
292.000 0.074 
293.000 0.076 
294.000 0.079 
295.000 0.082 
296.000 0.085 
297.000 0.088 
298.000 0.090 
299.000 0.093 
300.000 0.095 
301.000 0.098 
302.000 0.100 
303.000 0.103 
304.000 0.105 
305.000 0.107 
306.000 0.110 
307.000 0.112 
308.000 0.114 
309.000 0.116 
310.000 0.118 
311.000 0.120 
312.000 0.122 
313.000 0.124 
314.000 0.126 
315.000 0.128 
316.000 0.130 
317.000 0.132 
318.000 0.134 
319.000 0.135 
320.000 0.137 
321.000 0.139 
322.000 0.140 
323.000 0.142 
324.000 0.143 
325.000 0.145 
326.000 0.146 
327.000 0.148 
328.000 0.149 
329.000 0.151 
330.000 0.152 
331.000 0.153 
332.000 0.154 
333.000 0.156 
334.000 0.157 
335.000 0.158 
336.000 0.159 
337.000 0.160 
338.000 0.161 
339.000 0.162 
340.000 0.163 
341.000 0.164 
342.000 0.165 
343.000 0.166 
344.000 0.167 
345.000 0.168 
346.000 0.169 
347.000 0.170 
348.000 0.171 
349.000 0.172 
350.000 0.172 
351.000 0.173 
352.000 0.174 
353.000 0.175 
354.000 0.175 
355.000 0.176 
356.000 0.177 
357.000 0.177 
358.000 0.178 
359.000 0.179 
360.000 0.179 
361.000 0.316 
362.000 0.321 
363.000 0.315 
364.000 0.310 
365.000 0.306 
366.000 0.298 
367.000 0.292 
368.000 0.289 
369.000 0.290 
370.000 0.294 
371.000 0.300 
372.000 0.309 
373.000 0.318 
374.000 0.327 
375.000 0.335 
376.000 0.342 
377.000 0.347 
378.000 0.350 
379.000 0.353 
380.000 0.355 
381.000 0.356 
382.000 0.357 
383.000 0.359 
384.000 0.360 
385.000 0.362 
386.000 0.364 
387.000 0.367 
388.000 0.369 
389.000 0.372 
390.000 0.374 
391.000 0.376 
392.000 0.378 
393.000 0.380 
394.000 0.381 
395.000 0.382 
396.000 0.383 
397.000 0.384 
398.000 0.385 
399.000 0.386 
400.000 0.386 
401.000 0.387 
402.000 0.388 
403.000 0.389 
404.000 0.390 
405.000 0.390 
406.000 0.391 
407.000 0.392 
408.000 0.392 
409.000 0.393 
410.000 0.393 
411.000 0.394 
412.000 0.394 
413.000 0.395 
414.000 0.395 
415.000 0.395 
416.000 0.395 
417.000 0.396 
418.000 0.396 
419.000 0.396 
420.000 0.397 
421.000 0.397 
422.000 0.397 
423.000 0.397 
424.000 0.397 
425.000 0.398 
426.000 0.398 
427.000 0.398 
428.000 0.398 
429.000 0.398 
430.000 0.398 
431.000 0.398 
432.000 0.399 
433.000 0.399 
434.000 0.399 
435.000 0.399 
436.000 0.399 
437.000 0.399 
438.000 0.399 
439.000 0.399 
440.000 0.399 
441.000 0.399 
442.000 0.399 
443.000 0.399 
444.000 0.399 
445.000 0.399 
446.000 0.399 
447.000 0.399 
448.000 0.400 
449.000 0.400 
450.000 0.400 
451.000 0.400 
452.000 0.400 
453.000 0.400 
454.000 0.400 
455.000 0.400 
456.000 0.400 
457.000 0.400 
458.000 0.400 
459.000 0.400 
460.000 0.400 
461.000 0.400 
462.000 0.400 
463.000 0.400 
464.000 0.400 
465.000 0.400 
466.000 0.400 
467.000 0.400 
468.000 0.400 
469.000 0.400 
470.000 0.400 
471.000 0.400 
472.000 0.400 
473.000 0.400 
474.000 0.400 
475.000 0.400 
476.000 0.400 
477.000 0.400 
478.000 0.400 
479.000 0.400 
480.000 0.400 
481.000 0.974 
482.000 0.991 
483.000 0.967 
484.000 0.944 
485.000 0.925 
486.000 0.887 
487.000 0.848 
488.000 0.812 
489.000 0.782 
490.000 0.758 
491.000 0.740 
492.000 0.730 
493.000 0.727 
494.000 0.730 
495.000 0.738 
496.000 0.751 
497.000 0.766 
498.000 0.782 
499.000 0.796 
500.000 0.809 
501.000 0.818 
502.000 0.824 
503.000 0.827 
504.000 0.827 
505.000 0.824 
506.000 0.820 
507.000 0.814 
508.000 0.808 
509.000 0.803 
510.000 0.798 
511.000 0.794 
512.000 0.791 
513.000 0.789 
514.000 0.789 
515.000 0.790 
516.000 0.792 
517.000 0.794 
518.000 0.796 
519.000 0.799 
520.000 0.801 
521.000 0.802 
522.000 0.804 
523.000 0.804 
524.000 0.805 
525.000 0.804 
526.000 0.804 
527.000 0.803 
528.000 0.802 
529.000 0.801 
530.000 0.800 
531.000 0.799 
532.000 0.799 
533.000 0.798 
534.000 0.798 
535.000 0.798 
536.000 0.798 
537.000 0.799 
538.000 0.799 
539.000 0.800 
540.000 0.800 
541.000 0.800 
542.000 0.801 
543.000 0.801 
544.000 0.801 
545.000 0.801 
546.000 0.801 
547.000 0.801 
548.000 0.800 
549.000 0.800 
550.000 0.800 
551.000 0.800 
552.000 0.800 
553.000 0.800 
554.000 0.800 
555.000 0.800 
556.000 0.800 
557.000 0.800 
558.000 0.800 
559.000 0.800 
560.000 0.800 
561.000 0.800 
562.000 0.800 
563.000 0.800 
564.000 0.800 
565.000 0.800 
566.000 0.800 
567.000 0.800 
568.000 0.800 
569.000 0.800 
570.000 0.800 
571.000 0.800 
572.000 0.800 
573.000 0.800 
574.000 0.800 
575.000 0.800 
576.000 0.800 
577.000 0.800 
578.000 0.800 
579.000 0.800 
580.000 0.800 
581.000 0.800 
582.000 0.800 
583.000 0.800 
584.000 0.800 
585.000 0.800 
586.000 0.800 
587.000 0.800 
588.000 0.800 
589.000 0.800 
590.000 0.800 
591.000 0.800 
592.000 0.800 
593.000 0.800 
594.000 0.800 
595.000 0.800 
596.000 0.800 
597.000 0.800 
598.000 0.800 
599.000 0.800 
600.000 0.800 
601.000 1.000 
602.000 1.000 
603.000 1.000 
604.000 1.000 
605.000 1.000 
606.000 1.000 
607.000 1.000 
608.000 1.000 
609.000 1.000 
610.000 1.000 
611.000 1.000 
612.000 1.000 
613.000 1.000 
614.000 1.000 
615.000 1.000 
616.000 1.000 
617.000 1.000 
618.000 1.000 
619.000 1.000 
620.000 1.000 
621.000 1.000 
622.000 1.000 
623.000 1.000 
624.000 1.000 
625.000 1.000 
626.000 1.000 
627.000 1.000 
628.000 1.000 
629.000 1.000 
630.000 1.000 
631.000 1.000 
632.000 1.000 
633.000 1.000 
634.000 1.000 
635.000 1.000 
636.000 1.000 
637.000 1.000 
638.000 1.000 
639.000 1.000 
640.000 1.000 
641.000 1.000 
642.000 1.000 
643.000 1.000 
644.000 1.000 
645.000 1.000 
646.000 1.000 
647.000 1.000 
648.000 1.000 
649.000 1.000 
650.000 1.000 
651.000 1.000 
652.000 1.000 
653.000 1.000 
654.000 1.000 
655.000 1.000 
656.000 1.000 
657.000 1.000 
658.000 1.000 
659.000 1.000 
660.000 1.000 
661.000 1.000 
662.000 1.000 
663.000 1.000 
664.000 1.000 
665.000 1.000 
666.000 1.000 
667.000 1.000 
668.000 1.000 
669.000 1.000 
670.000 1.000 
671.000 1.000 
672.000 1.000 
673.000 1.000 
674.000 1.000 
675.000 1.000 
676.000 1.000 
677.000 1.000 
678.000 1.000 
679.000 1.000 
680.000 1.000 
681.000 1.000 
682.000 1.000 
683.000 1.000 
684.000 1.000 
685.000 1.000 
686.000 1.000 
687.000 1.000 
688.000 1.000 
689.000 1.000 
690.000 1.000 
691.000 1.000 
692.000 1.000 
693.000 1.000 
694.000 1.000 
695.000 1.000 
696.000 1.000 
697.000 1.000 
698.000 1.000 
699.000 1.000 
700.000 1.000 
701.000 1.000 
702.000 1.000 
703.000 1.000 
704.000 1.000 
705.000 1.000 
706.000 1.000 
707.000 1.000 
708.000 1.000 
709.000 1.000 
710.000 1.000 
711.000 1.000 
712.000 1.000 
713.000 1.000 
714.000 1.000 
715.000 1.000 
716.000 1.000 
717.000 1.000 
718.000 1.000 
719.000 1.000 
720.000 1.000 
721.000 1.000 
722.000 1.000 
723.000 1.000 
724.000 1.000 
725.000 1.000 
726.000 1.000 
727.000 1.000 
728.000 1.000 
729.000 1.000 
730.000 1.000 
731.000 1.000 
732.000 1.000 
733.000 1.000 
734.000 1.000 
735.000 1.000 
736.000 1.000 
737.000 1.000 
738.000 1.000 
739.000 1.000 
740.000 1.000 
741.000 1.000 
742.000 1.000 
743.000 1.000 
744.000 1.000 
745.000 1.000 
746.000 1.000 
747.000 1.000 
748.000 1.000 
749.000 1.000 
750.000 1.000 
751.000 1.000 
752.000 1.000 
753.000 1.000 
754.000 1.000 
755.000 1.000 
756.000 1.000 
757.000 1.000 
758.000 1.000 
759.000 1.000 
760.000 1.000 
761.000 1.000 
762.000 1.000 
763.000 1.000 
764.000 1.000 
765.000 1.000 
766.000 1.000 
767.000 1.000 
768.000 1.000 
769.000 1.000 
770.000 1.000 
771.000 1.000 
772.000 1.000 
773.000 1.000 
774.000 1.000 
775.000 1.000 
776.000 1.000 
777.000 1.000 
778.000 1.000 
779.000 1.000 
780.000 1.000 
781.000 1.000 
782.000 1.000 
783.000 1.000 
784.000 1.000 
785.000 1.000 
786.000 1.000 
787.000 1.000 
788.000 1.000 
789.000 1.000 
790.000 1.000 
791.000 1.000 
792.000 1.000 
793.000 1.000 
794.000 1.000 
795.000 1.000 
796.000 1.000 
797.000 1.000 
798.000 1.000 
799.000 1.000 
800.000 1.000 
