1.000 0.000 
2.000 0.000 
3.000 0.000 
4.000 0.000 
5.000 0.000 
6.000 0.000 
7.000 -0.038 
8.000 -0.038 
9.000 -0.034 
10.000 -0.031 
11.000 -0.029 
12.000 -0.027 
13.000 -0.026 
14.000 -0.028 
15.000 -0.031 
16.000 -0.034 
17.000 -0.037 
18.000 -0.040 
19.000 -0.043 
20.000 -0.045 
21.000 -0.046 
22.000 -0.047 
23.000 -0.049 
24.000 -0.050 
25.000 -0.052 
26.000 -0.054 
27.000 -0.055 
28.000 -0.057 
29.000 -0.059 
30.000 -0.061 
31.000 -0.062 
32.000 -0.064 
33.000 -0.066 
34.000 -0.067 
35.000 -0.069 
36.000 -0.070 
37.000 -0.072 
38.000 -0.074 
39.000 -0.075 
40.000 -0.077 
41.000 -0.078 
42.000 -0.080 
43.000 -0.081 
44.000 -0.083 
45.000 -0.084 
46.000 -0.086 
47.000 -0.087 
48.000 -0.089 
49.000 -0.090 
50.000 -0.092 
51.000 -0.093 
52.000 -0.095 
53.000 -0.096 
54.000 -0.097 
55.000 -0.099 
56.000 -0.100 
57.000 -0.102 
58.000 -0.103 
59.000 -0.104 
60.000 -0.106 
61.000 -0.107 
62.000 -0.108 
63.000 -0.110 
64.000 -0.111 
65.000 -0.112 
66.000 -0.114 
67.000 -0.115 
68.000 -0.116 
69.000 -0.118 
70.000 -0.119 
71.000 -0.120 
72.000 -0.121 
73.000 -0.123 
74.000 -0.124 
75.000 -0.125 
76.000 -0.126 
77.000 -0.128 
78.000 -0.129 
79.000 -0.130 
80.000 -0.131 
81.000 -0.133 
82.000 -0.134 
83.000 -0.135 
84.000 -0.136 
85.000 -0.137 
86.000 -0.139 
87.000 -0.140 
88.000 -0.141 
89.000 -0.142 
90.000 -0.143 
91.000 -0.144 
92.000 -0.146 
93.000 -0.147 
94.000 -0.148 
95.000 -0.149 
96.000 -0.150 
97.000 -0.151 
98.000 -0.152 
99.000 -0.153 
100.000 -0.154 
101.000 -0.156 
102.000 -0.157 
103.000 -0.158 
104.000 -0.159 
105.000 -0.160 
106.000 -0.161 
107.000 -0.162 
108.000 -0.163 
109.000 -0.164 
110.000 -0.165 
111.000 -0.166 
112.000 -0.167 
113.000 -0.168 
114.000 -0.169 
115.000 -0.170 
116.000 -0.172 
117.000 -0.173 
118.000 -0.174 
119.000 -0.175 
120.000 -0.176 
121.000 -0.160 
122.000 -0.161 
123.000 -0.164 
124.000 -0.166 
125.000 -0.168 
126.000 -0.170 
127.000 -0.171 
128.000 -0.171 
129.000 -0.170 
130.000 -0.170 
131.000 -0.169 
132.000 -0.169 
133.000 -0.169 
134.000 -0.169 
135.000 -0.169 
136.000 -0.170 
137.000 -0.170 
138.000 -0.170 
139.000 -0.170 
140.000 -0.170 
141.000 -0.170 
142.000 -0.170 
143.000 -0.170 
144.000 -0.170 
145.000 -0.170 
146.000 -0.170 
147.000 -0.170 
148.000 -0.171 
149.000 -0.171 
150.000 -0.171 
151.000 -0.171 
152.000 -0.171 
153.000 -0.171 
154.000 -0.171 
155.000 -0.171 
156.000 -0.171 
157.000 -0.171 
158.000 -0.171 
159.000 -0.171 
160.000 -0.171 
161.000 -0.171 
162.000 -0.171 
163.000 -0.171 
164.000 -0.172 
165.000 -0.172 
166.000 -0.172 
167.000 -0.172 
168.000 -0.172 
169.000 -0.172 
170.000 -0.172 
171.000 -0.172 
172.000 -0.172 
173.000 -0.172 
174.000 -0.172 
175.000 -0.172 
176.000 -0.172 
177.000 -0.172 
178.000 -0.172 
179.000 -0.172 
180.000 -0.172 
181.000 -0.173 
182.000 -0.173 
183.000 -0.173 
184.000 -0.173 
185.000 -0.173 
186.000 -0.173 
187.000 -0.173 
188.000 -0.173 
189.000 -0.173 
190.000 -0.173 
191.000 -0.173 
192.000 -0.173 
193.000 -0.173 
194.000 -0.173 
195.000 -0.173 
196.000 -0.173 
197.000 -0.173 
198.000 -0.173 
199.000 -0.174 
200.000 -0.174 
201.000 -0.174 
202.000 -0.174 
203.000 -0.174 
204.000 -0.174 
205.000 -0.174 
206.000 -0.174 
207.000 -0.174 
208.000 -0.174 
209.000 -0.174 
210.000 -0.174 
211.000 -0.174 
212.000 -0.174 
213.000 -0.174 
214.000 -0.174 
215.000 -0.174 
216.000 -0.174 
217.000 -0.174 
218.000 -0.174 
219.000 -0.175 
220.000 -0.175 
221.000 -0.175 
222.000 -0.175 
223.000 -0.175 
224.000 -0.175 
225.000 -0.175 
226.000 -0.175 
227.000 -0.175 
228.000 -0.175 
229.000 -0.175 
230.000 -0.175 
231.000 -0.175 
232.000 -0.175 
233.000 -0.175 
234.000 -0.175 
235.000 -0.175 
236.000 -0.175 
237.000 -0.175 
238.000 -0.175 
239.000 -0.175 
240.000 -0.175 
241.000 -0.082 
242.000 -0.084 
243.000 -0.092 
244.000 -0.099 
245.000 -0.105 
246.000 -0.109 
247.000 -0.109 
248.000 -0.104 
249.000 -0.097 
250.000 -0.088 
251.000 -0.080 
252.000 -0.073 
253.000 -0.067 
254.000 -0.063 
255.000 -0.059 
256.000 -0.055 
257.000 -0.051 
258.000 -0.047 
259.000 -0.042 
260.000 -0.038 
261.000 -0.033 
262.000 -0.028 
263.000 -0.023 
264.000 -0.019 
265.000 -0.015 
266.000 -0.010 
267.000 -0.006 
268.000 -0.002 
269.000 0.002 
270.000 0.006 
271.000 0.010 
272.000 0.015 
273.000 0.019 
274.000 0.023 
275.000 0.026 
276.000 0.030 
277.000 0.034 
278.000 0.038 
279.000 0.041 
280.000 0.045 
281.000 0.049 
282.000 0.052 
283.000 0.056 
284.000 0.059 
285.000 0.062 
286.000 0.066 
287.000 0.069 
288.000 0.072 
289.000 0.075 
290.000 0.078 
291.000 0.081 
292.000 0.084 
293.000 0.087 
294.000 0.090 
295.000 0.093 
296.000 0.096 
297.000 0.098 
298.000 0.101 
299.000 0.103 
300.000 0.106 
301.000 0.108 
302.000 0.111 
303.000 0.113 
304.000 0.116 
305.000 0.118 
306.000 0.120 
307.000 0.122 
308.000 0.124 
309.000 0.126 
310.000 0.128 
311.000 0.130 
312.000 0.132 
313.000 0.134 
314.000 0.136 
315.000 0.138 
316.000 0.140 
317.000 0.141 
318.000 0.143 
319.000 0.145 
320.000 0.146 
321.000 0.148 
322.000 0.149 
323.000 0.151 
324.000 0.152 
325.000 0.153 
326.000 0.155 
327.000 0.156 
328.000 0.157 
329.000 0.159 
330.000 0.160 
331.000 0.161 
332.000 0.162 
333.000 0.163 
334.000 0.164 
335.000 0.165 
336.000 0.166 
337.000 0.167 
338.000 0.168 
339.000 0.169 
340.000 0.170 
341.000 0.171 
342.000 0.172 
343.000 0.173 
344.000 0.174 
345.000 0.174 
346.000 0.175 
347.000 0.176 
348.000 0.177 
349.000 0.177 
350.000 0.178 
351.000 0.179 
352.000 0.179 
353.000 0.180 
354.000 0.180 
355.000 0.181 
356.000 0.182 
357.000 0.182 
358.000 0.183 
359.000 0.183 
360.000 0.184 
361.000 0.358 
362.000 0.355 
363.000 0.341 
364.000 0.328 
365.000 0.319 
366.000 0.303 
367.000 0.292 
368.000 0.288 
369.000 0.289 
370.000 0.295 
371.000 0.306 
372.000 0.318 
373.000 0.331 
374.000 0.342 
375.000 0.351 
376.000 0.357 
377.000 0.361 
378.000 0.362 
379.000 0.362 
380.000 0.361 
381.000 0.361 
382.000 0.361 
383.000 0.362 
384.000 0.363 
385.000 0.366 
386.000 0.369 
387.000 0.372 
388.000 0.376 
389.000 0.379 
390.000 0.381 
391.000 0.383 
392.000 0.384 
393.000 0.385 
394.000 0.386 
395.000 0.386 
396.000 0.386 
397.000 0.387 
398.000 0.387 
399.000 0.388 
400.000 0.389 
401.000 0.390 
402.000 0.391 
403.000 0.392 
404.000 0.392 
405.000 0.393 
406.000 0.394 
407.000 0.394 
408.000 0.395 
409.000 0.395 
410.000 0.395 
411.000 0.395 
412.000 0.396 
413.000 0.396 
414.000 0.396 
415.000 0.396 
416.000 0.397 
417.000 0.397 
418.000 0.397 
419.000 0.397 
420.000 0.398 
421.000 0.398 
422.000 0.398 
423.000 0.398 
424.000 0.398 
425.000 0.398 
426.000 0.398 
427.000 0.399 
428.000 0.399 
429.000 0.399 
430.000 0.399 
431.000 0.399 
432.000 0.399 
433.000 0.399 
434.000 0.399 
435.000 0.399 
436.000 0.399 
437.000 0.399 
438.000 0.399 
439.000 0.399 
440.000 0.399 
441.000 0.399 
442.000 0.400 
443.000 0.400 
444.000 0.400 
445.000 0.400 
446.000 0.400 
447.000 0.400 
448.000 0.400 
449.000 0.400 
450.000 0.400 
451.000 0.400 
452.000 0.400 
453.000 0.400 
454.000 0.400 
455.000 0.400 
456.000 0.400 
457.000 0.400 
458.000 0.400 
459.000 0.400 
460.000 0.400 
461.000 0.400 
462.000 0.400 
463.000 0.400 
464.000 0.400 
465.000 0.400 
466.000 0.400 
467.000 0.400 
468.000 0.400 
469.000 0.400 
470.000 0.400 
471.000 0.400 
472.000 0.400 
473.000 0.400 
474.000 0.400 
475.000 0.400 
476.000 0.400 
477.000 0.400 
478.000 0.400 
479.000 0.400 
480.000 0.400 
481.000 1.000 
482.000 1.000 
483.000 1.000 
484.000 1.000 
485.000 1.000 
486.000 1.000 
487.000 1.000 
488.000 0.893 
489.000 0.842 
490.000 0.811 
491.000 0.787 
492.000 0.770 
493.000 0.766 
494.000 0.766 
495.000 0.770 
496.000 0.778 
497.000 0.789 
498.000 0.801 
499.000 0.812 
500.000 0.821 
501.000 0.827 
502.000 0.830 
503.000 0.830 
504.000 0.827 
505.000 0.823 
506.000 0.817 
507.000 0.810 
508.000 0.804 
509.000 0.798 
510.000 0.794 
511.000 0.791 
512.000 0.790 
513.000 0.790 
514.000 0.791 
515.000 0.793 
516.000 0.796 
517.000 0.799 
518.000 0.801 
519.000 0.803 
520.000 0.805 
521.000 0.806 
522.000 0.806 
523.000 0.805 
524.000 0.804 
525.000 0.803 
526.000 0.801 
527.000 0.800 
528.000 0.799 
529.000 0.798 
530.000 0.798 
531.000 0.797 
532.000 0.798 
533.000 0.798 
534.000 0.799 
535.000 0.799 
536.000 0.800 
537.000 0.800 
538.000 0.801 
539.000 0.801 
540.000 0.801 
541.000 0.801 
542.000 0.801 
543.000 0.801 
544.000 0.800 
545.000 0.800 
546.000 0.800 
547.000 0.800 
548.000 0.799 
549.000 0.799 
550.000 0.799 
551.000 0.799 
552.000 0.800 
553.000 0.800 
554.000 0.800 
555.000 0.800 
556.000 0.800 
557.000 0.800 
558.000 0.800 
559.000 0.800 
560.000 0.800 
561.000 0.800 
562.000 0.800 
563.000 0.800 
564.000 0.800 
565.000 0.800 
566.000 0.800 
567.000 0.800 
568.000 0.800 
569.000 0.800 
570.000 0.800 
571.000 0.800 
572.000 0.800 
573.000 0.800 
574.000 0.800 
575.000 0.800 
576.000 0.800 
577.000 0.800 
578.000 0.800 
579.000 0.800 
580.000 0.800 
581.000 0.800 
582.000 0.800 
583.000 0.800 
584.000 0.800 
585.000 0.800 
586.000 0.800 
587.000 0.800 
588.000 0.800 
589.000 0.800 
590.000 0.800 
591.000 0.800 
592.000 0.800 
593.000 0.800 
594.000 0.800 
595.000 0.800 
596.000 0.800 
597.000 0.800 
598.000 0.800 
599.000 0.800 
600.000 0.800 
601.000 1.000 
602.000 1.000 
603.000 1.000 
604.000 1.000 
605.000 1.000 
606.000 1.000 
607.000 1.000 
608.000 1.000 
609.000 1.000 
610.000 1.000 
611.000 1.000 
612.000 1.000 
613.000 1.000 
614.000 1.000 
615.000 1.000 
616.000 1.000 
617.000 1.000 
618.000 1.000 
619.000 1.000 
620.000 1.000 
621.000 1.000 
622.000 1.000 
623.000 1.000 
624.000 1.000 
625.000 1.000 
626.000 1.000 
627.000 1.000 
628.000 1.000 
629.000 1.000 
630.000 1.000 
631.000 1.000 
632.000 1.000 
633.000 1.000 
634.000 1.000 
635.000 1.000 
636.000 1.000 
637.000 1.000 
638.000 1.000 
639.000 1.000 
640.000 1.000 
641.000 1.000 
642.000 1.000 
643.000 1.000 
644.000 1.000 
645.000 1.000 
646.000 1.000 
647.000 1.000 
648.000 1.000 
649.000 1.000 
650.000 1.000 
651.000 1.000 
652.000 1.000 
653.000 1.000 
654.000 1.000 
655.000 1.000 
656.000 1.000 
657.000 1.000 
658.000 1.000 
659.000 1.000 
660.000 1.000 
661.000 1.000 
662.000 1.000 
663.000 1.000 
664.000 1.000 
665.000 1.000 
666.000 1.000 
667.000 1.000 
668.000 1.000 
669.000 1.000 
670.000 1.000 
671.000 1.000 
672.000 1.000 
673.000 1.000 
674.000 1.000 
675.000 1.000 
676.000 1.000 
677.000 1.000 
678.000 1.000 
679.000 1.000 
680.000 1.000 
681.000 1.000 
682.000 1.000 
683.000 1.000 
684.000 1.000 
685.000 1.000 
686.000 1.000 
687.000 1.000 
688.000 1.000 
689.000 1.000 
690.000 1.000 
691.000 1.000 
692.000 1.000 
693.000 1.000 
694.000 1.000 
695.000 1.000 
696.000 1.000 
697.000 1.000 
698.000 1.000 
699.000 1.000 
700.000 1.000 
701.000 1.000 
702.000 1.000 
703.000 1.000 
704.000 1.000 
705.000 1.000 
706.000 1.000 
707.000 1.000 
708.000 1.000 
709.000 1.000 
710.000 1.000 
711.000 1.000 
712.000 1.000 
713.000 1.000 
714.000 1.000 
715.000 1.000 
716.000 1.000 
717.000 1.000 
718.000 1.000 
719.000 1.000 
720.000 1.000 
721.000 1.000 
722.000 1.000 
723.000 1.000 
724.000 1.000 
725.000 1.000 
726.000 1.000 
727.000 1.000 
728.000 1.000 
729.000 1.000 
730.000 1.000 
731.000 1.000 
732.000 1.000 
733.000 1.000 
734.000 1.000 
735.000 1.000 
736.000 1.000 
737.000 1.000 
738.000 1.000 
739.000 1.000 
740.000 1.000 
741.000 1.000 
742.000 1.000 
743.000 1.000 
744.000 1.000 
745.000 1.000 
746.000 1.000 
747.000 1.000 
748.000 1.000 
749.000 1.000 
750.000 1.000 
751.000 1.000 
752.000 1.000 
753.000 1.000 
754.000 1.000 
755.000 1.000 
756.000 1.000 
757.000 1.000 
758.000 1.000 
759.000 1.000 
760.000 1.000 
761.000 1.000 
762.000 1.000 
763.000 1.000 
764.000 1.000 
765.000 1.000 
766.000 1.000 
767.000 1.000 
768.000 1.000 
769.000 1.000 
770.000 1.000 
771.000 1.000 
772.000 1.000 
773.000 1.000 
774.000 1.000 
775.000 1.000 
776.000 1.000 
777.000 1.000 
778.000 1.000 
779.000 1.000 
780.000 1.000 
781.000 1.000 
782.000 1.000 
783.000 1.000 
784.000 1.000 
785.000 1.000 
786.000 1.000 
787.000 1.000 
788.000 1.000 
789.000 1.000 
790.000 1.000 
791.000 1.000 
792.000 1.000 
793.000 1.000 
794.000 1.000 
795.000 1.000 
796.000 1.000 
797.000 1.000 
798.000 1.000 
799.000 1.000 
800.000 1.000 
