1.000 0.000 
2.000 0.000 
3.000 0.000 
4.000 0.000 
5.000 0.000 
6.000 0.000 
7.000 -0.007 
8.000 -0.012 
9.000 -0.017 
10.000 -0.020 
11.000 -0.022 
12.000 -0.024 
13.000 -0.025 
14.000 -0.026 
15.000 -0.027 
16.000 -0.027 
17.000 -0.028 
18.000 -0.029 
19.000 -0.030 
20.000 -0.031 
21.000 -0.033 
22.000 -0.034 
23.000 -0.036 
24.000 -0.037 
25.000 -0.039 
26.000 -0.041 
27.000 -0.042 
28.000 -0.044 
29.000 -0.045 
30.000 -0.047 
31.000 -0.048 
32.000 -0.049 
33.000 -0.051 
34.000 -0.052 
35.000 -0.053 
36.000 -0.055 
37.000 -0.056 
38.000 -0.057 
39.000 -0.059 
40.000 -0.060 
41.000 -0.061 
42.000 -0.063 
43.000 -0.064 
44.000 -0.065 
45.000 -0.066 
46.000 -0.068 
47.000 -0.069 
48.000 -0.070 
49.000 -0.071 
50.000 -0.073 
51.000 -0.074 
52.000 -0.075 
53.000 -0.076 
54.000 -0.077 
55.000 -0.079 
56.000 -0.080 
57.000 -0.081 
58.000 -0.082 
59.000 -0.083 
60.000 -0.085 
61.000 -0.086 
62.000 -0.087 
63.000 -0.088 
64.000 -0.089 
65.000 -0.090 
66.000 -0.091 
67.000 -0.093 
68.000 -0.094 
69.000 -0.095 
70.000 -0.096 
71.000 -0.097 
72.000 -0.098 
73.000 -0.099 
74.000 -0.100 
75.000 -0.101 
76.000 -0.102 
77.000 -0.103 
78.000 -0.105 
79.000 -0.106 
80.000 -0.107 
81.000 -0.108 
82.000 -0.109 
83.000 -0.110 
84.000 -0.111 
85.000 -0.112 
86.000 -0.113 
87.000 -0.114 
88.000 -0.115 
89.000 -0.116 
90.000 -0.117 
91.000 -0.118 
92.000 -0.119 
93.000 -0.120 
94.000 -0.121 
95.000 -0.122 
96.000 -0.123 
97.000 -0.124 
98.000 -0.125 
99.000 -0.126 
100.000 -0.127 
101.000 -0.128 
102.000 -0.129 
103.000 -0.130 
104.000 -0.131 
105.000 -0.131 
106.000 -0.132 
107.000 -0.133 
108.000 -0.134 
109.000 -0.135 
110.000 -0.136 
111.000 -0.137 
112.000 -0.138 
113.000 -0.139 
114.000 -0.140 
115.000 -0.141 
116.000 -0.142 
117.000 -0.143 
118.000 -0.143 
119.000 -0.144 
120.000 -0.145 
121.000 -0.143 
122.000 -0.142 
123.000 -0.141 
124.000 -0.140 
125.000 -0.140 
126.000 -0.140 
127.000 -0.141 
128.000 -0.141 
129.000 -0.142 
130.000 -0.142 
131.000 -0.142 
132.000 -0.143 
133.000 -0.143 
134.000 -0.143 
135.000 -0.144 
136.000 -0.144 
137.000 -0.144 
138.000 -0.144 
139.000 -0.144 
140.000 -0.144 
141.000 -0.144 
142.000 -0.144 
143.000 -0.144 
144.000 -0.144 
145.000 -0.145 
146.000 -0.145 
147.000 -0.145 
148.000 -0.145 
149.000 -0.145 
150.000 -0.145 
151.000 -0.145 
152.000 -0.146 
153.000 -0.146 
154.000 -0.146 
155.000 -0.146 
156.000 -0.146 
157.000 -0.146 
158.000 -0.146 
159.000 -0.147 
160.000 -0.147 
161.000 -0.147 
162.000 -0.147 
163.000 -0.147 
164.000 -0.147 
165.000 -0.147 
166.000 -0.147 
167.000 -0.148 
168.000 -0.148 
169.000 -0.148 
170.000 -0.148 
171.000 -0.148 
172.000 -0.148 
173.000 -0.148 
174.000 -0.149 
175.000 -0.149 
176.000 -0.149 
177.000 -0.149 
178.000 -0.149 
179.000 -0.149 
180.000 -0.149 
181.000 -0.149 
182.000 -0.149 
183.000 -0.150 
184.000 -0.150 
185.000 -0.150 
186.000 -0.150 
187.000 -0.150 
188.000 -0.150 
189.000 -0.150 
190.000 -0.150 
191.000 -0.151 
192.000 -0.151 
193.000 -0.151 
194.000 -0.151 
195.000 -0.151 
196.000 -0.151 
197.000 -0.151 
198.000 -0.151 
199.000 -0.152 
200.000 -0.152 
201.000 -0.152 
202.000 -0.152 
203.000 -0.152 
204.000 -0.152 
205.000 -0.152 
206.000 -0.152 
207.000 -0.152 
208.000 -0.153 
209.000 -0.153 
210.000 -0.153 
211.000 -0.153 
212.000 -0.153 
213.000 -0.153 
214.000 -0.153 
215.000 -0.153 
216.000 -0.153 
217.000 -0.154 
218.000 -0.154 
219.000 -0.154 
220.000 -0.154 
221.000 -0.154 
222.000 -0.154 
223.000 -0.154 
224.000 -0.154 
225.000 -0.154 
226.000 -0.154 
227.000 -0.155 
228.000 -0.155 
229.000 -0.155 
230.000 -0.155 
231.000 -0.155 
232.000 -0.155 
233.000 -0.155 
234.000 -0.155 
235.000 -0.155 
236.000 -0.156 
237.000 -0.156 
238.000 -0.156 
239.000 -0.156 
240.000 -0.156 
241.000 -0.139 
242.000 -0.126 
243.000 -0.116 
244.000 -0.108 
245.000 -0.102 
246.000 -0.098 
247.000 -0.095 
248.000 -0.093 
249.000 -0.091 
250.000 -0.090 
251.000 -0.088 
252.000 -0.085 
253.000 -0.082 
254.000 -0.079 
255.000 -0.075 
256.000 -0.071 
257.000 -0.067 
258.000 -0.063 
259.000 -0.059 
260.000 -0.054 
261.000 -0.051 
262.000 -0.047 
263.000 -0.043 
264.000 -0.039 
265.000 -0.036 
266.000 -0.032 
267.000 -0.029 
268.000 -0.026 
269.000 -0.022 
270.000 -0.019 
271.000 -0.015 
272.000 -0.012 
273.000 -0.009 
274.000 -0.005 
275.000 -0.002 
276.000 0.001 
277.000 0.005 
278.000 0.008 
279.000 0.011 
280.000 0.014 
281.000 0.017 
282.000 0.020 
283.000 0.024 
284.000 0.027 
285.000 0.030 
286.000 0.033 
287.000 0.035 
288.000 0.038 
289.000 0.041 
290.000 0.044 
291.000 0.047 
292.000 0.050 
293.000 0.052 
294.000 0.055 
295.000 0.058 
296.000 0.061 
297.000 0.063 
298.000 0.066 
299.000 0.068 
300.000 0.071 
301.000 0.073 
302.000 0.076 
303.000 0.078 
304.000 0.081 
305.000 0.083 
306.000 0.085 
307.000 0.088 
308.000 0.090 
309.000 0.092 
310.000 0.094 
311.000 0.096 
312.000 0.098 
313.000 0.101 
314.000 0.103 
315.000 0.105 
316.000 0.107 
317.000 0.109 
318.000 0.110 
319.000 0.112 
320.000 0.114 
321.000 0.116 
322.000 0.118 
323.000 0.120 
324.000 0.121 
325.000 0.123 
326.000 0.125 
327.000 0.126 
328.000 0.128 
329.000 0.130 
330.000 0.131 
331.000 0.133 
332.000 0.134 
333.000 0.136 
334.000 0.137 
335.000 0.138 
336.000 0.140 
337.000 0.141 
338.000 0.142 
339.000 0.144 
340.000 0.145 
341.000 0.146 
342.000 0.148 
343.000 0.149 
344.000 0.150 
345.000 0.151 
346.000 0.152 
347.000 0.153 
348.000 0.154 
349.000 0.155 
350.000 0.156 
351.000 0.157 
352.000 0.158 
353.000 0.159 
354.000 0.160 
355.000 0.161 
356.000 0.162 
357.000 0.163 
358.000 0.164 
359.000 0.165 
360.000 0.166 
361.000 0.198 
362.000 0.223 
363.000 0.243 
364.000 0.259 
365.000 0.271 
366.000 0.279 
367.000 0.284 
368.000 0.288 
369.000 0.290 
370.000 0.291 
371.000 0.292 
372.000 0.293 
373.000 0.295 
374.000 0.297 
375.000 0.300 
376.000 0.304 
377.000 0.309 
378.000 0.314 
379.000 0.320 
380.000 0.325 
381.000 0.331 
382.000 0.336 
383.000 0.340 
384.000 0.345 
385.000 0.348 
386.000 0.352 
387.000 0.354 
388.000 0.357 
389.000 0.359 
390.000 0.360 
391.000 0.362 
392.000 0.363 
393.000 0.365 
394.000 0.366 
395.000 0.368 
396.000 0.370 
397.000 0.371 
398.000 0.373 
399.000 0.374 
400.000 0.376 
401.000 0.378 
402.000 0.379 
403.000 0.381 
404.000 0.382 
405.000 0.383 
406.000 0.384 
407.000 0.385 
408.000 0.386 
409.000 0.387 
410.000 0.388 
411.000 0.388 
412.000 0.389 
413.000 0.389 
414.000 0.390 
415.000 0.390 
416.000 0.391 
417.000 0.391 
418.000 0.392 
419.000 0.392 
420.000 0.393 
421.000 0.393 
422.000 0.394 
423.000 0.394 
424.000 0.394 
425.000 0.395 
426.000 0.395 
427.000 0.395 
428.000 0.396 
429.000 0.396 
430.000 0.396 
431.000 0.396 
432.000 0.397 
433.000 0.397 
434.000 0.397 
435.000 0.397 
436.000 0.397 
437.000 0.397 
438.000 0.398 
439.000 0.398 
440.000 0.398 
441.000 0.398 
442.000 0.398 
443.000 0.398 
444.000 0.398 
445.000 0.398 
446.000 0.399 
447.000 0.399 
448.000 0.399 
449.000 0.399 
450.000 0.399 
451.000 0.399 
452.000 0.399 
453.000 0.399 
454.000 0.399 
455.000 0.399 
456.000 0.399 
457.000 0.399 
458.000 0.399 
459.000 0.399 
460.000 0.399 
461.000 0.399 
462.000 0.399 
463.000 0.399 
464.000 0.400 
465.000 0.400 
466.000 0.400 
467.000 0.400 
468.000 0.400 
469.000 0.400 
470.000 0.400 
471.000 0.400 
472.000 0.400 
473.000 0.400 
474.000 0.400 
475.000 0.400 
476.000 0.400 
477.000 0.400 
478.000 0.400 
479.000 0.400 
480.000 0.400 
481.000 0.532 
482.000 0.636 
483.000 0.718 
484.000 0.780 
485.000 0.826 
486.000 0.857 
487.000 0.876 
488.000 0.884 
489.000 0.882 
490.000 0.874 
491.000 0.860 
492.000 0.844 
493.000 0.825 
494.000 0.807 
495.000 0.789 
496.000 0.773 
497.000 0.759 
498.000 0.749 
499.000 0.742 
500.000 0.739 
501.000 0.739 
502.000 0.742 
503.000 0.748 
504.000 0.757 
505.000 0.767 
506.000 0.778 
507.000 0.789 
508.000 0.800 
509.000 0.809 
510.000 0.817 
511.000 0.824 
512.000 0.828 
513.000 0.830 
514.000 0.830 
515.000 0.829 
516.000 0.826 
517.000 0.822 
518.000 0.817 
519.000 0.812 
520.000 0.806 
521.000 0.801 
522.000 0.796 
523.000 0.792 
524.000 0.789 
525.000 0.786 
526.000 0.785 
527.000 0.785 
528.000 0.785 
529.000 0.787 
530.000 0.789 
531.000 0.791 
532.000 0.794 
533.000 0.797 
534.000 0.799 
535.000 0.802 
536.000 0.804 
537.000 0.806 
538.000 0.807 
539.000 0.808 
540.000 0.808 
541.000 0.808 
542.000 0.807 
543.000 0.806 
544.000 0.805 
545.000 0.803 
546.000 0.802 
547.000 0.801 
548.000 0.799 
549.000 0.798 
550.000 0.797 
551.000 0.796 
552.000 0.796 
553.000 0.796 
554.000 0.796 
555.000 0.796 
556.000 0.797 
557.000 0.797 
558.000 0.798 
559.000 0.799 
560.000 0.800 
561.000 0.800 
562.000 0.801 
563.000 0.801 
564.000 0.802 
565.000 0.802 
566.000 0.802 
567.000 0.802 
568.000 0.802 
569.000 0.802 
570.000 0.801 
571.000 0.801 
572.000 0.801 
573.000 0.800 
574.000 0.800 
575.000 0.800 
576.000 0.799 
577.000 0.799 
578.000 0.799 
579.000 0.799 
580.000 0.799 
581.000 0.799 
582.000 0.799 
583.000 0.799 
584.000 0.799 
585.000 0.800 
586.000 0.800 
587.000 0.800 
588.000 0.800 
589.000 0.800 
590.000 0.800 
591.000 0.801 
592.000 0.801 
593.000 0.801 
594.000 0.801 
595.000 0.800 
596.000 0.800 
597.000 0.800 
598.000 0.800 
599.000 0.800 
600.000 0.800 
601.000 0.899 
602.000 0.978 
603.000 1.000 
604.000 1.000 
605.000 1.000 
606.000 1.000 
607.000 1.000 
608.000 1.000 
609.000 1.000 
610.000 1.000 
611.000 1.000 
612.000 1.000 
613.000 1.000 
614.000 1.000 
615.000 1.000 
616.000 1.000 
617.000 1.000 
618.000 1.000 
619.000 1.000 
620.000 1.000 
621.000 1.000 
622.000 1.000 
623.000 1.000 
624.000 1.000 
625.000 1.000 
626.000 1.000 
627.000 1.000 
628.000 1.000 
629.000 1.000 
630.000 1.000 
631.000 1.000 
632.000 1.000 
633.000 1.000 
634.000 1.000 
635.000 1.000 
636.000 1.000 
637.000 1.000 
638.000 1.000 
639.000 1.000 
640.000 1.000 
641.000 1.000 
642.000 1.000 
643.000 1.000 
644.000 1.000 
645.000 1.000 
646.000 1.000 
647.000 1.000 
648.000 1.000 
649.000 1.000 
650.000 1.000 
651.000 1.000 
652.000 1.000 
653.000 1.000 
654.000 1.000 
655.000 1.000 
656.000 1.000 
657.000 1.000 
658.000 1.000 
659.000 1.000 
660.000 1.000 
661.000 1.000 
662.000 1.000 
663.000 1.000 
664.000 1.000 
665.000 1.000 
666.000 1.000 
667.000 1.000 
668.000 1.000 
669.000 1.000 
670.000 1.000 
671.000 1.000 
672.000 1.000 
673.000 1.000 
674.000 1.000 
675.000 1.000 
676.000 1.000 
677.000 1.000 
678.000 1.000 
679.000 1.000 
680.000 1.000 
681.000 1.000 
682.000 1.000 
683.000 1.000 
684.000 1.000 
685.000 1.000 
686.000 1.000 
687.000 1.000 
688.000 1.000 
689.000 1.000 
690.000 1.000 
691.000 1.000 
692.000 1.000 
693.000 1.000 
694.000 1.000 
695.000 1.000 
696.000 1.000 
697.000 1.000 
698.000 1.000 
699.000 1.000 
700.000 1.000 
701.000 1.000 
702.000 1.000 
703.000 1.000 
704.000 1.000 
705.000 1.000 
706.000 1.000 
707.000 1.000 
708.000 1.000 
709.000 1.000 
710.000 1.000 
711.000 1.000 
712.000 1.000 
713.000 1.000 
714.000 1.000 
715.000 1.000 
716.000 1.000 
717.000 1.000 
718.000 1.000 
719.000 1.000 
720.000 1.000 
721.000 1.000 
722.000 1.000 
723.000 1.000 
724.000 1.000 
725.000 1.000 
726.000 1.000 
727.000 1.000 
728.000 1.000 
729.000 1.000 
730.000 1.000 
731.000 1.000 
732.000 1.000 
733.000 1.000 
734.000 1.000 
735.000 1.000 
736.000 1.000 
737.000 1.000 
738.000 1.000 
739.000 1.000 
740.000 1.000 
741.000 1.000 
742.000 1.000 
743.000 1.000 
744.000 1.000 
745.000 1.000 
746.000 1.000 
747.000 1.000 
748.000 1.000 
749.000 1.000 
750.000 1.000 
751.000 1.000 
752.000 1.000 
753.000 1.000 
754.000 1.000 
755.000 1.000 
756.000 1.000 
757.000 1.000 
758.000 1.000 
759.000 1.000 
760.000 1.000 
761.000 1.000 
762.000 1.000 
763.000 1.000 
764.000 1.000 
765.000 1.000 
766.000 1.000 
767.000 1.000 
768.000 1.000 
769.000 1.000 
770.000 1.000 
771.000 1.000 
772.000 1.000 
773.000 1.000 
774.000 1.000 
775.000 1.000 
776.000 1.000 
777.000 1.000 
778.000 1.000 
779.000 1.000 
780.000 1.000 
781.000 1.000 
782.000 1.000 
783.000 1.000 
784.000 1.000 
785.000 1.000 
786.000 1.000 
787.000 1.000 
788.000 1.000 
789.000 1.000 
790.000 1.000 
791.000 1.000 
792.000 1.000 
793.000 1.000 
794.000 1.000 
795.000 1.000 
796.000 1.000 
797.000 1.000 
798.000 1.000 
799.000 1.000 
800.000 1.000 
