1.000 0.000 
2.000 0.000 
3.000 0.000 
4.000 0.000 
5.000 0.000 
6.000 0.000 
7.000 -0.020 
8.000 -0.035 
9.000 -0.046 
10.000 -0.052 
11.000 -0.054 
12.000 -0.052 
13.000 -0.047 
14.000 -0.041 
15.000 -0.035 
16.000 -0.032 
17.000 -0.032 
18.000 -0.034 
19.000 -0.039 
20.000 -0.046 
21.000 -0.054 
22.000 -0.061 
23.000 -0.067 
24.000 -0.071 
25.000 -0.072 
26.000 -0.072 
27.000 -0.071 
28.000 -0.070 
29.000 -0.068 
30.000 -0.068 
31.000 -0.068 
32.000 -0.071 
33.000 -0.074 
34.000 -0.078 
35.000 -0.082 
36.000 -0.086 
37.000 -0.089 
38.000 -0.092 
39.000 -0.094 
40.000 -0.094 
41.000 -0.095 
42.000 -0.095 
43.000 -0.095 
44.000 -0.096 
45.000 -0.097 
46.000 -0.099 
47.000 -0.102 
48.000 -0.104 
49.000 -0.107 
50.000 -0.109 
51.000 -0.112 
52.000 -0.113 
53.000 -0.115 
54.000 -0.116 
55.000 -0.117 
56.000 -0.118 
57.000 -0.119 
58.000 -0.120 
59.000 -0.122 
60.000 -0.123 
61.000 -0.125 
62.000 -0.127 
63.000 -0.129 
64.000 -0.131 
65.000 -0.132 
66.000 -0.134 
67.000 -0.135 
68.000 -0.137 
69.000 -0.138 
70.000 -0.139 
71.000 -0.140 
72.000 -0.142 
73.000 -0.143 
74.000 -0.145 
75.000 -0.146 
76.000 -0.148 
77.000 -0.149 
78.000 -0.151 
79.000 -0.152 
80.000 -0.153 
81.000 -0.155 
82.000 -0.156 
83.000 -0.157 
84.000 -0.159 
85.000 -0.160 
86.000 -0.161 
87.000 -0.162 
88.000 -0.164 
89.000 -0.165 
90.000 -0.166 
91.000 -0.168 
92.000 -0.169 
93.000 -0.170 
94.000 -0.172 
95.000 -0.173 
96.000 -0.174 
97.000 -0.175 
98.000 -0.177 
99.000 -0.178 
100.000 -0.179 
101.000 -0.180 
102.000 -0.181 
103.000 -0.183 
104.000 -0.184 
105.000 -0.185 
106.000 -0.186 
107.000 -0.187 
108.000 -0.189 
109.000 -0.190 
110.000 -0.191 
111.000 -0.192 
112.000 -0.193 
113.000 -0.194 
114.000 -0.196 
115.000 -0.197 
116.000 -0.198 
117.000 -0.199 
118.000 -0.200 
119.000 -0.201 
120.000 -0.202 
121.000 -0.195 
122.000 -0.189 
123.000 -0.186 
124.000 -0.184 
125.000 -0.185 
126.000 -0.187 
127.000 -0.190 
128.000 -0.193 
129.000 -0.196 
130.000 -0.198 
131.000 -0.199 
132.000 -0.198 
133.000 -0.197 
134.000 -0.195 
135.000 -0.193 
136.000 -0.191 
137.000 -0.190 
138.000 -0.190 
139.000 -0.190 
140.000 -0.191 
141.000 -0.192 
142.000 -0.193 
143.000 -0.194 
144.000 -0.195 
145.000 -0.195 
146.000 -0.195 
147.000 -0.194 
148.000 -0.193 
149.000 -0.192 
150.000 -0.192 
151.000 -0.191 
152.000 -0.191 
153.000 -0.191 
154.000 -0.192 
155.000 -0.192 
156.000 -0.193 
157.000 -0.193 
158.000 -0.193 
159.000 -0.193 
160.000 -0.193 
161.000 -0.193 
162.000 -0.192 
163.000 -0.192 
164.000 -0.192 
165.000 -0.192 
166.000 -0.192 
167.000 -0.192 
168.000 -0.192 
169.000 -0.192 
170.000 -0.192 
171.000 -0.192 
172.000 -0.192 
173.000 -0.192 
174.000 -0.192 
175.000 -0.192 
176.000 -0.192 
177.000 -0.192 
178.000 -0.192 
179.000 -0.192 
180.000 -0.192 
181.000 -0.192 
182.000 -0.192 
183.000 -0.192 
184.000 -0.192 
185.000 -0.192 
186.000 -0.192 
187.000 -0.192 
188.000 -0.192 
189.000 -0.192 
190.000 -0.192 
191.000 -0.192 
192.000 -0.192 
193.000 -0.191 
194.000 -0.191 
195.000 -0.191 
196.000 -0.191 
197.000 -0.191 
198.000 -0.191 
199.000 -0.191 
200.000 -0.191 
201.000 -0.191 
202.000 -0.191 
203.000 -0.191 
204.000 -0.191 
205.000 -0.191 
206.000 -0.191 
207.000 -0.191 
208.000 -0.191 
209.000 -0.191 
210.000 -0.191 
211.000 -0.191 
212.000 -0.191 
213.000 -0.191 
214.000 -0.191 
215.000 -0.191 
216.000 -0.191 
217.000 -0.191 
218.000 -0.191 
219.000 -0.191 
220.000 -0.191 
221.000 -0.191 
222.000 -0.191 
223.000 -0.191 
224.000 -0.191 
225.000 -0.191 
226.000 -0.191 
227.000 -0.191 
228.000 -0.191 
229.000 -0.191 
230.000 -0.191 
231.000 -0.191 
232.000 -0.191 
233.000 -0.191 
234.000 -0.191 
235.000 -0.191 
236.000 -0.191 
237.000 -0.191 
238.000 -0.191 
239.000 -0.191 
240.000 -0.191 
241.000 -0.142 
242.000 -0.104 
243.000 -0.078 
244.000 -0.064 
245.000 -0.060 
246.000 -0.065 
247.000 -0.075 
248.000 -0.088 
249.000 -0.099 
250.000 -0.105 
251.000 -0.104 
252.000 -0.097 
253.000 -0.084 
254.000 -0.067 
255.000 -0.049 
256.000 -0.033 
257.000 -0.020 
258.000 -0.011 
259.000 -0.006 
260.000 -0.005 
261.000 -0.007 
262.000 -0.009 
263.000 -0.011 
264.000 -0.011 
265.000 -0.008 
266.000 -0.003 
267.000 0.005 
268.000 0.015 
269.000 0.025 
270.000 0.034 
271.000 0.042 
272.000 0.049 
273.000 0.053 
274.000 0.055 
275.000 0.057 
276.000 0.057 
277.000 0.058 
278.000 0.059 
279.000 0.062 
280.000 0.066 
281.000 0.071 
282.000 0.076 
283.000 0.083 
284.000 0.089 
285.000 0.094 
286.000 0.099 
287.000 0.103 
288.000 0.105 
289.000 0.107 
290.000 0.108 
291.000 0.109 
292.000 0.110 
293.000 0.112 
294.000 0.114 
295.000 0.117 
296.000 0.121 
297.000 0.125 
298.000 0.129 
299.000 0.133 
300.000 0.136 
301.000 0.139 
302.000 0.141 
303.000 0.142 
304.000 0.144 
305.000 0.144 
306.000 0.145 
307.000 0.146 
308.000 0.147 
309.000 0.149 
310.000 0.151 
311.000 0.153 
312.000 0.156 
313.000 0.158 
314.000 0.161 
315.000 0.163 
316.000 0.164 
317.000 0.165 
318.000 0.166 
319.000 0.167 
320.000 0.167 
321.000 0.168 
322.000 0.168 
323.000 0.169 
324.000 0.170 
325.000 0.171 
326.000 0.173 
327.000 0.174 
328.000 0.176 
329.000 0.177 
330.000 0.179 
331.000 0.180 
332.000 0.180 
333.000 0.181 
334.000 0.181 
335.000 0.181 
336.000 0.181 
337.000 0.181 
338.000 0.182 
339.000 0.182 
340.000 0.183 
341.000 0.184 
342.000 0.185 
343.000 0.186 
344.000 0.187 
345.000 0.188 
346.000 0.188 
347.000 0.189 
348.000 0.189 
349.000 0.189 
350.000 0.189 
351.000 0.189 
352.000 0.189 
353.000 0.189 
354.000 0.189 
355.000 0.190 
356.000 0.190 
357.000 0.191 
358.000 0.192 
359.000 0.192 
360.000 0.193 
361.000 0.284 
362.000 0.354 
363.000 0.404 
364.000 0.431 
365.000 0.438 
366.000 0.427 
367.000 0.400 
368.000 0.362 
369.000 0.321 
370.000 0.282 
371.000 0.252 
372.000 0.236 
373.000 0.236 
374.000 0.254 
375.000 0.288 
376.000 0.333 
377.000 0.383 
378.000 0.431 
379.000 0.469 
380.000 0.492 
381.000 0.497 
382.000 0.484 
383.000 0.455 
384.000 0.416 
385.000 0.371 
386.000 0.328 
387.000 0.292 
388.000 0.269 
389.000 0.262 
390.000 0.272 
391.000 0.301 
392.000 0.343 
393.000 0.394 
394.000 0.445 
395.000 0.488 
396.000 0.517 
397.000 0.528 
398.000 0.520 
399.000 0.493 
400.000 0.452 
401.000 0.403 
402.000 0.353 
403.000 0.308 
404.000 0.275 
405.000 0.257 
406.000 0.260 
407.000 0.282 
408.000 0.323 
409.000 0.376 
410.000 0.434 
411.000 0.487 
412.000 0.527 
413.000 0.549 
414.000 0.548 
415.000 0.526 
416.000 0.486 
417.000 0.434 
418.000 0.377 
419.000 0.322 
420.000 0.277 
421.000 0.248 
422.000 0.240 
423.000 0.254 
424.000 0.291 
425.000 0.346 
426.000 0.410 
427.000 0.474 
428.000 0.528 
429.000 0.563 
430.000 0.573 
431.000 0.559 
432.000 0.522 
433.000 0.468 
434.000 0.405 
435.000 0.340 
436.000 0.283 
437.000 0.241 
438.000 0.220 
439.000 0.225 
440.000 0.255 
441.000 0.308 
442.000 0.378 
443.000 0.452 
444.000 0.520 
445.000 0.570 
446.000 0.595 
447.000 0.591 
448.000 0.560 
449.000 0.506 
450.000 0.438 
451.000 0.365 
452.000 0.296 
453.000 0.240 
454.000 0.205 
455.000 0.196 
456.000 0.217 
457.000 0.267 
458.000 0.338 
459.000 0.422 
460.000 0.504 
461.000 0.571 
462.000 0.611 
463.000 0.620 
464.000 0.598 
465.000 0.547 
466.000 0.477 
467.000 0.396 
468.000 0.316 
469.000 0.246 
470.000 0.196 
471.000 0.172 
472.000 0.181 
473.000 0.223 
474.000 0.294 
475.000 0.385 
476.000 0.480 
477.000 0.563 
478.000 0.622 
479.000 0.646 
480.000 0.634 
481.000 0.971 
482.000 1.000 
483.000 1.000 
484.000 1.000 
485.000 1.000 
486.000 1.000 
487.000 1.000 
488.000 1.000 
489.000 1.000 
490.000 1.000 
491.000 0.929 
492.000 0.760 
493.000 0.620 
494.000 0.520 
495.000 0.461 
496.000 0.446 
497.000 0.477 
498.000 0.552 
499.000 0.671 
500.000 0.823 
501.000 0.991 
502.000 1.000 
503.000 1.000 
504.000 1.000 
505.000 1.000 
506.000 1.000 
507.000 1.000 
508.000 1.000 
509.000 1.000 
510.000 1.000 
511.000 1.000 
512.000 1.000 
513.000 1.000 
514.000 1.000 
515.000 0.900 
516.000 0.722 
517.000 0.581 
518.000 0.485 
519.000 0.434 
520.000 0.430 
521.000 0.474 
522.000 0.568 
523.000 0.706 
524.000 0.877 
525.000 1.000 
526.000 1.000 
527.000 1.000 
528.000 1.000 
529.000 1.000 
530.000 1.000 
531.000 1.000 
532.000 1.000 
533.000 1.000 
534.000 1.000 
535.000 1.000 
536.000 1.000 
537.000 1.000 
538.000 1.000 
539.000 1.000 
540.000 0.795 
541.000 0.604 
542.000 0.458 
543.000 0.362 
544.000 0.316 
545.000 0.326 
546.000 0.398 
547.000 0.535 
548.000 0.730 
549.000 0.962 
550.000 1.000 
551.000 1.000 
552.000 1.000 
553.000 1.000 
554.000 1.000 
555.000 1.000 
556.000 1.000 
557.000 1.000 
558.000 1.000 
559.000 1.000 
560.000 1.000 
561.000 1.000 
562.000 1.000 
563.000 1.000 
564.000 1.000 
565.000 1.000 
566.000 1.000 
567.000 0.786 
568.000 0.578 
569.000 0.424 
570.000 0.329 
571.000 0.290 
572.000 0.313 
573.000 0.402 
574.000 0.560 
575.000 0.778 
576.000 1.000 
577.000 1.000 
578.000 1.000 
579.000 1.000 
580.000 1.000 
581.000 1.000 
582.000 1.000 
583.000 1.000 
584.000 1.000 
585.000 1.000 
586.000 1.000 
587.000 1.000 
588.000 1.000 
589.000 1.000 
590.000 1.000 
591.000 1.000 
592.000 1.000 
593.000 1.000 
594.000 0.946 
595.000 0.736 
596.000 0.582 
597.000 0.487 
598.000 0.448 
599.000 0.463 
600.000 0.526 
601.000 0.922 
602.000 1.000 
603.000 1.000 
604.000 1.000 
605.000 1.000 
606.000 1.000 
607.000 1.000 
608.000 1.000 
609.000 1.000 
610.000 1.000 
611.000 1.000 
612.000 1.000 
613.000 1.000 
614.000 1.000 
615.000 1.000 
616.000 1.000 
617.000 1.000 
618.000 1.000 
619.000 1.000 
620.000 1.000 
621.000 1.000 
622.000 1.000 
623.000 1.000 
624.000 1.000 
625.000 1.000 
626.000 1.000 
627.000 1.000 
628.000 1.000 
629.000 1.000 
630.000 1.000 
631.000 1.000 
632.000 1.000 
633.000 1.000 
634.000 1.000 
635.000 1.000 
636.000 1.000 
637.000 1.000 
638.000 1.000 
639.000 1.000 
640.000 1.000 
641.000 1.000 
642.000 1.000 
643.000 1.000 
644.000 1.000 
645.000 1.000 
646.000 1.000 
647.000 1.000 
648.000 1.000 
649.000 1.000 
650.000 1.000 
651.000 1.000 
652.000 1.000 
653.000 1.000 
654.000 1.000 
655.000 1.000 
656.000 1.000 
657.000 1.000 
658.000 1.000 
659.000 1.000 
660.000 1.000 
661.000 1.000 
662.000 1.000 
663.000 1.000 
664.000 1.000 
665.000 1.000 
666.000 1.000 
667.000 1.000 
668.000 1.000 
669.000 1.000 
670.000 1.000 
671.000 1.000 
672.000 1.000 
673.000 1.000 
674.000 1.000 
675.000 1.000 
676.000 1.000 
677.000 1.000 
678.000 1.000 
679.000 1.000 
680.000 1.000 
681.000 1.000 
682.000 1.000 
683.000 1.000 
684.000 1.000 
685.000 1.000 
686.000 1.000 
687.000 1.000 
688.000 1.000 
689.000 1.000 
690.000 1.000 
691.000 1.000 
692.000 1.000 
693.000 1.000 
694.000 1.000 
695.000 1.000 
696.000 1.000 
697.000 1.000 
698.000 1.000 
699.000 1.000 
700.000 1.000 
701.000 1.000 
702.000 1.000 
703.000 1.000 
704.000 1.000 
705.000 1.000 
706.000 1.000 
707.000 1.000 
708.000 1.000 
709.000 1.000 
710.000 1.000 
711.000 1.000 
712.000 1.000 
713.000 1.000 
714.000 1.000 
715.000 1.000 
716.000 1.000 
717.000 1.000 
718.000 1.000 
719.000 1.000 
720.000 1.000 
721.000 1.000 
722.000 1.000 
723.000 1.000 
724.000 1.000 
725.000 1.000 
726.000 1.000 
727.000 1.000 
728.000 1.000 
729.000 1.000 
730.000 1.000 
731.000 1.000 
732.000 1.000 
733.000 1.000 
734.000 1.000 
735.000 1.000 
736.000 1.000 
737.000 1.000 
738.000 1.000 
739.000 1.000 
740.000 1.000 
741.000 1.000 
742.000 1.000 
743.000 1.000 
744.000 1.000 
745.000 1.000 
746.000 1.000 
747.000 1.000 
748.000 1.000 
749.000 1.000 
750.000 1.000 
751.000 1.000 
752.000 1.000 
753.000 1.000 
754.000 1.000 
755.000 1.000 
756.000 1.000 
757.000 1.000 
758.000 1.000 
759.000 1.000 
760.000 1.000 
761.000 1.000 
762.000 1.000 
763.000 1.000 
764.000 1.000 
765.000 1.000 
766.000 1.000 
767.000 1.000 
768.000 1.000 
769.000 1.000 
770.000 1.000 
771.000 1.000 
772.000 1.000 
773.000 1.000 
774.000 1.000 
775.000 1.000 
776.000 1.000 
777.000 1.000 
778.000 1.000 
779.000 1.000 
780.000 1.000 
781.000 1.000 
782.000 1.000 
783.000 1.000 
784.000 1.000 
785.000 1.000 
786.000 1.000 
787.000 1.000 
788.000 1.000 
789.000 1.000 
790.000 1.000 
791.000 1.000 
792.000 1.000 
793.000 1.000 
794.000 1.000 
795.000 1.000 
796.000 1.000 
797.000 1.000 
798.000 1.000 
799.000 1.000 
800.000 1.000 
