1.000 0.000 
2.000 0.000 
3.000 0.000 
4.000 0.000 
5.000 0.000 
6.000 0.000 
7.000 -0.039 
8.000 -0.045 
9.000 -0.041 
10.000 -0.036 
11.000 -0.032 
12.000 -0.028 
13.000 -0.026 
14.000 -0.027 
15.000 -0.031 
16.000 -0.035 
17.000 -0.040 
18.000 -0.044 
19.000 -0.047 
20.000 -0.049 
21.000 -0.050 
22.000 -0.051 
23.000 -0.052 
24.000 -0.053 
25.000 -0.054 
26.000 -0.056 
27.000 -0.059 
28.000 -0.061 
29.000 -0.063 
30.000 -0.065 
31.000 -0.067 
32.000 -0.068 
33.000 -0.070 
34.000 -0.071 
35.000 -0.073 
36.000 -0.075 
37.000 -0.076 
38.000 -0.078 
39.000 -0.080 
40.000 -0.081 
41.000 -0.083 
42.000 -0.085 
43.000 -0.086 
44.000 -0.088 
45.000 -0.089 
46.000 -0.091 
47.000 -0.092 
48.000 -0.094 
49.000 -0.095 
50.000 -0.097 
51.000 -0.098 
52.000 -0.100 
53.000 -0.101 
54.000 -0.103 
55.000 -0.104 
56.000 -0.106 
57.000 -0.107 
58.000 -0.109 
59.000 -0.110 
60.000 -0.111 
61.000 -0.113 
62.000 -0.114 
63.000 -0.116 
64.000 -0.117 
65.000 -0.118 
66.000 -0.120 
67.000 -0.121 
68.000 -0.122 
69.000 -0.124 
70.000 -0.125 
71.000 -0.126 
72.000 -0.128 
73.000 -0.129 
74.000 -0.130 
75.000 -0.132 
76.000 -0.133 
77.000 -0.134 
78.000 -0.136 
79.000 -0.137 
80.000 -0.138 
81.000 -0.139 
82.000 -0.141 
83.000 -0.142 
84.000 -0.143 
85.000 -0.144 
86.000 -0.145 
87.000 -0.147 
88.000 -0.148 
89.000 -0.149 
90.000 -0.150 
91.000 -0.151 
92.000 -0.153 
93.000 -0.154 
94.000 -0.155 
95.000 -0.156 
96.000 -0.157 
97.000 -0.159 
98.000 -0.160 
99.000 -0.161 
100.000 -0.162 
101.000 -0.163 
102.000 -0.164 
103.000 -0.165 
104.000 -0.166 
105.000 -0.168 
106.000 -0.169 
107.000 -0.170 
108.000 -0.171 
109.000 -0.172 
110.000 -0.173 
111.000 -0.174 
112.000 -0.175 
113.000 -0.176 
114.000 -0.177 
115.000 -0.178 
116.000 -0.180 
117.000 -0.181 
118.000 -0.182 
119.000 -0.183 
120.000 -0.184 
121.000 -0.168 
122.000 -0.167 
123.000 -0.169 
124.000 -0.172 
125.000 -0.175 
126.000 -0.178 
127.000 -0.179 
128.000 -0.179 
129.000 -0.178 
130.000 -0.177 
131.000 -0.176 
132.000 -0.176 
133.000 -0.176 
134.000 -0.176 
135.000 -0.176 
136.000 -0.177 
137.000 -0.177 
138.000 -0.177 
139.000 -0.177 
140.000 -0.177 
141.000 -0.177 
142.000 -0.177 
143.000 -0.177 
144.000 -0.177 
145.000 -0.177 
146.000 -0.177 
147.000 -0.177 
148.000 -0.177 
149.000 -0.177 
150.000 -0.177 
151.000 -0.177 
152.000 -0.177 
153.000 -0.177 
154.000 -0.178 
155.000 -0.178 
156.000 -0.178 
157.000 -0.178 
158.000 -0.178 
159.000 -0.178 
160.000 -0.178 
161.000 -0.178 
162.000 -0.178 
163.000 -0.178 
164.000 -0.178 
165.000 -0.178 
166.000 -0.178 
167.000 -0.178 
168.000 -0.178 
169.000 -0.178 
170.000 -0.178 
171.000 -0.178 
172.000 -0.178 
173.000 -0.178 
174.000 -0.178 
175.000 -0.178 
176.000 -0.178 
177.000 -0.178 
178.000 -0.178 
179.000 -0.178 
180.000 -0.178 
181.000 -0.178 
182.000 -0.179 
183.000 -0.179 
184.000 -0.179 
185.000 -0.179 
186.000 -0.179 
187.000 -0.179 
188.000 -0.179 
189.000 -0.179 
190.000 -0.179 
191.000 -0.179 
192.000 -0.179 
193.000 -0.179 
194.000 -0.179 
195.000 -0.179 
196.000 -0.179 
197.000 -0.179 
198.000 -0.179 
199.000 -0.179 
200.000 -0.179 
201.000 -0.179 
202.000 -0.179 
203.000 -0.179 
204.000 -0.179 
205.000 -0.179 
206.000 -0.179 
207.000 -0.179 
208.000 -0.179 
209.000 -0.179 
210.000 -0.179 
211.000 -0.179 
212.000 -0.179 
213.000 -0.180 
214.000 -0.180 
215.000 -0.180 
216.000 -0.180 
217.000 -0.180 
218.000 -0.180 
219.000 -0.180 
220.000 -0.180 
221.000 -0.180 
222.000 -0.180 
223.000 -0.180 
224.000 -0.180 
225.000 -0.180 
226.000 -0.180 
227.000 -0.180 
228.000 -0.180 
229.000 -0.180 
230.000 -0.180 
231.000 -0.180 
232.000 -0.180 
233.000 -0.180 
234.000 -0.180 
235.000 -0.180 
236.000 -0.180 
237.000 -0.180 
238.000 -0.180 
239.000 -0.180 
240.000 -0.180 
241.000 -0.085 
242.000 -0.072 
243.000 -0.080 
244.000 -0.092 
245.000 -0.103 
246.000 -0.112 
247.000 -0.114 
248.000 -0.109 
249.000 -0.099 
250.000 -0.088 
251.000 -0.077 
252.000 -0.068 
253.000 -0.061 
254.000 -0.056 
255.000 -0.053 
256.000 -0.051 
257.000 -0.047 
258.000 -0.044 
259.000 -0.039 
260.000 -0.034 
261.000 -0.028 
262.000 -0.023 
263.000 -0.017 
264.000 -0.012 
265.000 -0.008 
266.000 -0.003 
267.000 0.001 
268.000 0.005 
269.000 0.009 
270.000 0.013 
271.000 0.018 
272.000 0.022 
273.000 0.026 
274.000 0.030 
275.000 0.034 
276.000 0.038 
277.000 0.042 
278.000 0.046 
279.000 0.050 
280.000 0.054 
281.000 0.057 
282.000 0.061 
283.000 0.064 
284.000 0.068 
285.000 0.071 
286.000 0.075 
287.000 0.078 
288.000 0.081 
289.000 0.084 
290.000 0.087 
291.000 0.090 
292.000 0.093 
293.000 0.096 
294.000 0.099 
295.000 0.102 
296.000 0.105 
297.000 0.107 
298.000 0.110 
299.000 0.112 
300.000 0.115 
301.000 0.117 
302.000 0.120 
303.000 0.122 
304.000 0.124 
305.000 0.126 
306.000 0.129 
307.000 0.131 
308.000 0.133 
309.000 0.135 
310.000 0.137 
311.000 0.138 
312.000 0.140 
313.000 0.142 
314.000 0.144 
315.000 0.146 
316.000 0.147 
317.000 0.149 
318.000 0.150 
319.000 0.152 
320.000 0.153 
321.000 0.155 
322.000 0.156 
323.000 0.157 
324.000 0.159 
325.000 0.160 
326.000 0.161 
327.000 0.162 
328.000 0.164 
329.000 0.165 
330.000 0.166 
331.000 0.167 
332.000 0.168 
333.000 0.169 
334.000 0.170 
335.000 0.171 
336.000 0.172 
337.000 0.173 
338.000 0.174 
339.000 0.174 
340.000 0.175 
341.000 0.176 
342.000 0.177 
343.000 0.177 
344.000 0.178 
345.000 0.179 
346.000 0.179 
347.000 0.180 
348.000 0.181 
349.000 0.181 
350.000 0.182 
351.000 0.182 
352.000 0.183 
353.000 0.184 
354.000 0.184 
355.000 0.185 
356.000 0.185 
357.000 0.185 
358.000 0.186 
359.000 0.186 
360.000 0.187 
361.000 0.365 
362.000 0.391 
363.000 0.375 
364.000 0.353 
365.000 0.334 
366.000 0.310 
367.000 0.291 
368.000 0.280 
369.000 0.280 
370.000 0.288 
371.000 0.303 
372.000 0.322 
373.000 0.341 
374.000 0.358 
375.000 0.370 
376.000 0.376 
377.000 0.378 
378.000 0.375 
379.000 0.370 
380.000 0.365 
381.000 0.361 
382.000 0.358 
383.000 0.359 
384.000 0.361 
385.000 0.365 
386.000 0.371 
387.000 0.377 
388.000 0.383 
389.000 0.387 
390.000 0.390 
391.000 0.391 
392.000 0.391 
393.000 0.390 
394.000 0.389 
395.000 0.387 
396.000 0.386 
397.000 0.386 
398.000 0.387 
399.000 0.388 
400.000 0.389 
401.000 0.391 
402.000 0.393 
403.000 0.395 
404.000 0.396 
405.000 0.397 
406.000 0.397 
407.000 0.397 
408.000 0.396 
409.000 0.396 
410.000 0.396 
411.000 0.395 
412.000 0.395 
413.000 0.396 
414.000 0.396 
415.000 0.397 
416.000 0.397 
417.000 0.398 
418.000 0.398 
419.000 0.399 
420.000 0.399 
421.000 0.399 
422.000 0.399 
423.000 0.399 
424.000 0.399 
425.000 0.399 
426.000 0.399 
427.000 0.399 
428.000 0.399 
429.000 0.399 
430.000 0.399 
431.000 0.399 
432.000 0.399 
433.000 0.400 
434.000 0.400 
435.000 0.400 
436.000 0.400 
437.000 0.400 
438.000 0.400 
439.000 0.400 
440.000 0.400 
441.000 0.400 
442.000 0.400 
443.000 0.400 
444.000 0.400 
445.000 0.400 
446.000 0.400 
447.000 0.400 
448.000 0.400 
449.000 0.400 
450.000 0.400 
451.000 0.400 
452.000 0.400 
453.000 0.400 
454.000 0.400 
455.000 0.400 
456.000 0.400 
457.000 0.400 
458.000 0.400 
459.000 0.400 
460.000 0.400 
461.000 0.400 
462.000 0.400 
463.000 0.400 
464.000 0.400 
465.000 0.400 
466.000 0.400 
467.000 0.400 
468.000 0.400 
469.000 0.400 
470.000 0.400 
471.000 0.400 
472.000 0.400 
473.000 0.400 
474.000 0.400 
475.000 0.400 
476.000 0.400 
477.000 0.400 
478.000 0.400 
479.000 0.400 
480.000 0.400 
481.000 1.000 
482.000 1.000 
483.000 1.000 
484.000 1.000 
485.000 1.000 
486.000 1.000 
487.000 1.000 
488.000 1.000 
489.000 1.000 
490.000 0.899 
491.000 0.805 
492.000 0.779 
493.000 0.777 
494.000 0.783 
495.000 0.800 
496.000 0.819 
497.000 0.836 
498.000 0.849 
499.000 0.858 
500.000 0.861 
501.000 0.858 
502.000 0.850 
503.000 0.839 
504.000 0.825 
505.000 0.811 
506.000 0.798 
507.000 0.788 
508.000 0.782 
509.000 0.779 
510.000 0.779 
511.000 0.783 
512.000 0.788 
513.000 0.795 
514.000 0.802 
515.000 0.809 
516.000 0.813 
517.000 0.816 
518.000 0.816 
519.000 0.815 
520.000 0.811 
521.000 0.807 
522.000 0.803 
523.000 0.799 
524.000 0.795 
525.000 0.793 
526.000 0.791 
527.000 0.791 
528.000 0.792 
529.000 0.794 
530.000 0.796 
531.000 0.799 
532.000 0.801 
533.000 0.803 
534.000 0.805 
535.000 0.805 
536.000 0.805 
537.000 0.804 
538.000 0.803 
539.000 0.802 
540.000 0.800 
541.000 0.799 
542.000 0.798 
543.000 0.797 
544.000 0.797 
545.000 0.797 
546.000 0.798 
547.000 0.798 
548.000 0.799 
549.000 0.800 
550.000 0.801 
551.000 0.801 
552.000 0.802 
553.000 0.802 
554.000 0.802 
555.000 0.801 
556.000 0.801 
557.000 0.800 
558.000 0.800 
559.000 0.799 
560.000 0.799 
561.000 0.799 
562.000 0.799 
563.000 0.799 
564.000 0.799 
565.000 0.800 
566.000 0.800 
567.000 0.800 
568.000 0.800 
569.000 0.801 
570.000 0.801 
571.000 0.801 
572.000 0.800 
573.000 0.800 
574.000 0.800 
575.000 0.800 
576.000 0.800 
577.000 0.800 
578.000 0.800 
579.000 0.800 
580.000 0.800 
581.000 0.800 
582.000 0.800 
583.000 0.800 
584.000 0.800 
585.000 0.800 
586.000 0.800 
587.000 0.800 
588.000 0.800 
589.000 0.800 
590.000 0.800 
591.000 0.800 
592.000 0.800 
593.000 0.800 
594.000 0.800 
595.000 0.800 
596.000 0.800 
597.000 0.800 
598.000 0.800 
599.000 0.800 
600.000 0.800 
601.000 1.000 
602.000 1.000 
603.000 1.000 
604.000 1.000 
605.000 1.000 
606.000 1.000 
607.000 1.000 
608.000 1.000 
609.000 1.000 
610.000 1.000 
611.000 1.000 
612.000 1.000 
613.000 1.000 
614.000 1.000 
615.000 1.000 
616.000 1.000 
617.000 1.000 
618.000 1.000 
619.000 1.000 
620.000 1.000 
621.000 1.000 
622.000 1.000 
623.000 1.000 
624.000 1.000 
625.000 1.000 
626.000 1.000 
627.000 1.000 
628.000 1.000 
629.000 1.000 
630.000 1.000 
631.000 1.000 
632.000 1.000 
633.000 1.000 
634.000 1.000 
635.000 1.000 
636.000 1.000 
637.000 1.000 
638.000 1.000 
639.000 1.000 
640.000 1.000 
641.000 1.000 
642.000 1.000 
643.000 1.000 
644.000 1.000 
645.000 1.000 
646.000 1.000 
647.000 1.000 
648.000 1.000 
649.000 1.000 
650.000 1.000 
651.000 1.000 
652.000 1.000 
653.000 1.000 
654.000 1.000 
655.000 1.000 
656.000 1.000 
657.000 1.000 
658.000 1.000 
659.000 1.000 
660.000 1.000 
661.000 1.000 
662.000 1.000 
663.000 1.000 
664.000 1.000 
665.000 1.000 
666.000 1.000 
667.000 1.000 
668.000 1.000 
669.000 1.000 
670.000 1.000 
671.000 1.000 
672.000 1.000 
673.000 1.000 
674.000 1.000 
675.000 1.000 
676.000 1.000 
677.000 1.000 
678.000 1.000 
679.000 1.000 
680.000 1.000 
681.000 1.000 
682.000 1.000 
683.000 1.000 
684.000 1.000 
685.000 1.000 
686.000 1.000 
687.000 1.000 
688.000 1.000 
689.000 1.000 
690.000 1.000 
691.000 1.000 
692.000 1.000 
693.000 1.000 
694.000 1.000 
695.000 1.000 
696.000 1.000 
697.000 1.000 
698.000 1.000 
699.000 1.000 
700.000 1.000 
701.000 1.000 
702.000 1.000 
703.000 1.000 
704.000 1.000 
705.000 1.000 
706.000 1.000 
707.000 1.000 
708.000 1.000 
709.000 1.000 
710.000 1.000 
711.000 1.000 
712.000 1.000 
713.000 1.000 
714.000 1.000 
715.000 1.000 
716.000 1.000 
717.000 1.000 
718.000 1.000 
719.000 1.000 
720.000 1.000 
721.000 1.000 
722.000 1.000 
723.000 1.000 
724.000 1.000 
725.000 1.000 
726.000 1.000 
727.000 1.000 
728.000 1.000 
729.000 1.000 
730.000 1.000 
731.000 1.000 
732.000 1.000 
733.000 1.000 
734.000 1.000 
735.000 1.000 
736.000 1.000 
737.000 1.000 
738.000 1.000 
739.000 1.000 
740.000 1.000 
741.000 1.000 
742.000 1.000 
743.000 1.000 
744.000 1.000 
745.000 1.000 
746.000 1.000 
747.000 1.000 
748.000 1.000 
749.000 1.000 
750.000 1.000 
751.000 1.000 
752.000 1.000 
753.000 1.000 
754.000 1.000 
755.000 1.000 
756.000 1.000 
757.000 1.000 
758.000 1.000 
759.000 1.000 
760.000 1.000 
761.000 1.000 
762.000 1.000 
763.000 1.000 
764.000 1.000 
765.000 1.000 
766.000 1.000 
767.000 1.000 
768.000 1.000 
769.000 1.000 
770.000 1.000 
771.000 1.000 
772.000 1.000 
773.000 1.000 
774.000 1.000 
775.000 1.000 
776.000 1.000 
777.000 1.000 
778.000 1.000 
779.000 1.000 
780.000 1.000 
781.000 1.000 
782.000 1.000 
783.000 1.000 
784.000 1.000 
785.000 1.000 
786.000 1.000 
787.000 1.000 
788.000 1.000 
789.000 1.000 
790.000 1.000 
791.000 1.000 
792.000 1.000 
793.000 1.000 
794.000 1.000 
795.000 1.000 
796.000 1.000 
797.000 1.000 
798.000 1.000 
799.000 1.000 
800.000 1.000 
