1.000 0.000 
2.000 0.000 
3.000 0.000 
4.000 0.000 
5.000 0.000 
6.000 0.000 
7.000 -0.027 
8.000 -0.042 
9.000 -0.048 
10.000 -0.048 
11.000 -0.044 
12.000 -0.039 
13.000 -0.033 
14.000 -0.029 
15.000 -0.027 
16.000 -0.030 
17.000 -0.034 
18.000 -0.041 
19.000 -0.047 
20.000 -0.053 
21.000 -0.057 
22.000 -0.060 
23.000 -0.060 
24.000 -0.060 
25.000 -0.059 
26.000 -0.059 
27.000 -0.060 
28.000 -0.061 
29.000 -0.063 
30.000 -0.066 
31.000 -0.070 
32.000 -0.073 
33.000 -0.075 
34.000 -0.077 
35.000 -0.079 
36.000 -0.080 
37.000 -0.081 
38.000 -0.082 
39.000 -0.083 
40.000 -0.085 
41.000 -0.087 
42.000 -0.089 
43.000 -0.091 
44.000 -0.093 
45.000 -0.095 
46.000 -0.096 
47.000 -0.098 
48.000 -0.099 
49.000 -0.101 
50.000 -0.102 
51.000 -0.104 
52.000 -0.105 
53.000 -0.107 
54.000 -0.108 
55.000 -0.110 
56.000 -0.111 
57.000 -0.113 
58.000 -0.115 
59.000 -0.116 
60.000 -0.117 
61.000 -0.119 
62.000 -0.120 
63.000 -0.122 
64.000 -0.123 
65.000 -0.125 
66.000 -0.126 
67.000 -0.127 
68.000 -0.129 
69.000 -0.130 
70.000 -0.132 
71.000 -0.133 
72.000 -0.134 
73.000 -0.136 
74.000 -0.137 
75.000 -0.138 
76.000 -0.140 
77.000 -0.141 
78.000 -0.142 
79.000 -0.144 
80.000 -0.145 
81.000 -0.146 
82.000 -0.148 
83.000 -0.149 
84.000 -0.150 
85.000 -0.151 
86.000 -0.153 
87.000 -0.154 
88.000 -0.155 
89.000 -0.157 
90.000 -0.158 
91.000 -0.159 
92.000 -0.160 
93.000 -0.161 
94.000 -0.163 
95.000 -0.164 
96.000 -0.165 
97.000 -0.166 
98.000 -0.167 
99.000 -0.169 
100.000 -0.170 
101.000 -0.171 
102.000 -0.172 
103.000 -0.173 
104.000 -0.175 
105.000 -0.176 
106.000 -0.177 
107.000 -0.178 
108.000 -0.179 
109.000 -0.180 
110.000 -0.181 
111.000 -0.182 
112.000 -0.184 
113.000 -0.185 
114.000 -0.186 
115.000 -0.187 
116.000 -0.188 
117.000 -0.189 
118.000 -0.190 
119.000 -0.191 
120.000 -0.192 
121.000 -0.182 
122.000 -0.177 
123.000 -0.175 
124.000 -0.176 
125.000 -0.179 
126.000 -0.182 
127.000 -0.185 
128.000 -0.188 
129.000 -0.189 
130.000 -0.188 
131.000 -0.187 
132.000 -0.185 
133.000 -0.184 
134.000 -0.183 
135.000 -0.182 
136.000 -0.182 
137.000 -0.183 
138.000 -0.184 
139.000 -0.185 
140.000 -0.185 
141.000 -0.186 
142.000 -0.185 
143.000 -0.185 
144.000 -0.185 
145.000 -0.184 
146.000 -0.184 
147.000 -0.184 
148.000 -0.184 
149.000 -0.184 
150.000 -0.184 
151.000 -0.185 
152.000 -0.185 
153.000 -0.185 
154.000 -0.185 
155.000 -0.185 
156.000 -0.185 
157.000 -0.185 
158.000 -0.184 
159.000 -0.184 
160.000 -0.184 
161.000 -0.184 
162.000 -0.185 
163.000 -0.185 
164.000 -0.185 
165.000 -0.185 
166.000 -0.185 
167.000 -0.185 
168.000 -0.185 
169.000 -0.185 
170.000 -0.185 
171.000 -0.185 
172.000 -0.185 
173.000 -0.185 
174.000 -0.185 
175.000 -0.185 
176.000 -0.185 
177.000 -0.185 
178.000 -0.185 
179.000 -0.185 
180.000 -0.185 
181.000 -0.185 
182.000 -0.185 
183.000 -0.185 
184.000 -0.185 
185.000 -0.185 
186.000 -0.185 
187.000 -0.185 
188.000 -0.185 
189.000 -0.185 
190.000 -0.185 
191.000 -0.185 
192.000 -0.185 
193.000 -0.185 
194.000 -0.185 
195.000 -0.185 
196.000 -0.185 
197.000 -0.185 
198.000 -0.185 
199.000 -0.185 
200.000 -0.185 
201.000 -0.185 
202.000 -0.185 
203.000 -0.185 
204.000 -0.185 
205.000 -0.185 
206.000 -0.185 
207.000 -0.185 
208.000 -0.185 
209.000 -0.185 
210.000 -0.185 
211.000 -0.185 
212.000 -0.185 
213.000 -0.185 
214.000 -0.185 
215.000 -0.185 
216.000 -0.185 
217.000 -0.185 
218.000 -0.185 
219.000 -0.185 
220.000 -0.185 
221.000 -0.185 
222.000 -0.185 
223.000 -0.185 
224.000 -0.185 
225.000 -0.185 
226.000 -0.185 
227.000 -0.185 
228.000 -0.185 
229.000 -0.185 
230.000 -0.185 
231.000 -0.185 
232.000 -0.185 
233.000 -0.185 
234.000 -0.185 
235.000 -0.185 
236.000 -0.185 
237.000 -0.185 
238.000 -0.185 
239.000 -0.185 
240.000 -0.185 
241.000 -0.121 
242.000 -0.084 
243.000 -0.069 
244.000 -0.068 
245.000 -0.077 
246.000 -0.091 
247.000 -0.104 
248.000 -0.111 
249.000 -0.112 
250.000 -0.105 
251.000 -0.093 
252.000 -0.077 
253.000 -0.062 
254.000 -0.049 
255.000 -0.040 
256.000 -0.034 
257.000 -0.032 
258.000 -0.032 
259.000 -0.032 
260.000 -0.032 
261.000 -0.029 
262.000 -0.024 
263.000 -0.018 
264.000 -0.010 
265.000 -0.003 
266.000 0.005 
267.000 0.011 
268.000 0.016 
269.000 0.020 
270.000 0.023 
271.000 0.026 
272.000 0.029 
273.000 0.032 
274.000 0.036 
275.000 0.040 
276.000 0.045 
277.000 0.050 
278.000 0.055 
279.000 0.059 
280.000 0.064 
281.000 0.067 
282.000 0.071 
283.000 0.074 
284.000 0.077 
285.000 0.080 
286.000 0.083 
287.000 0.086 
288.000 0.089 
289.000 0.093 
290.000 0.096 
291.000 0.100 
292.000 0.103 
293.000 0.106 
294.000 0.109 
295.000 0.111 
296.000 0.114 
297.000 0.116 
298.000 0.119 
299.000 0.121 
300.000 0.123 
301.000 0.126 
302.000 0.128 
303.000 0.130 
304.000 0.133 
305.000 0.135 
306.000 0.137 
307.000 0.139 
308.000 0.141 
309.000 0.143 
310.000 0.145 
311.000 0.146 
312.000 0.148 
313.000 0.150 
314.000 0.151 
315.000 0.153 
316.000 0.154 
317.000 0.156 
318.000 0.157 
319.000 0.159 
320.000 0.160 
321.000 0.162 
322.000 0.163 
323.000 0.164 
324.000 0.165 
325.000 0.166 
326.000 0.167 
327.000 0.168 
328.000 0.170 
329.000 0.171 
330.000 0.172 
331.000 0.173 
332.000 0.173 
333.000 0.174 
334.000 0.175 
335.000 0.176 
336.000 0.177 
337.000 0.178 
338.000 0.178 
339.000 0.179 
340.000 0.180 
341.000 0.180 
342.000 0.181 
343.000 0.182 
344.000 0.182 
345.000 0.183 
346.000 0.183 
347.000 0.184 
348.000 0.185 
349.000 0.185 
350.000 0.186 
351.000 0.186 
352.000 0.186 
353.000 0.187 
354.000 0.187 
355.000 0.188 
356.000 0.188 
357.000 0.189 
358.000 0.189 
359.000 0.189 
360.000 0.190 
361.000 0.311 
362.000 0.380 
363.000 0.408 
364.000 0.409 
365.000 0.393 
366.000 0.364 
367.000 0.330 
368.000 0.298 
369.000 0.273 
370.000 0.260 
371.000 0.261 
372.000 0.276 
373.000 0.302 
374.000 0.334 
375.000 0.368 
376.000 0.398 
377.000 0.418 
378.000 0.427 
379.000 0.424 
380.000 0.412 
381.000 0.394 
382.000 0.373 
383.000 0.354 
384.000 0.339 
385.000 0.332 
386.000 0.333 
387.000 0.342 
388.000 0.357 
389.000 0.376 
390.000 0.395 
391.000 0.412 
392.000 0.424 
393.000 0.429 
394.000 0.427 
395.000 0.419 
396.000 0.407 
397.000 0.393 
398.000 0.380 
399.000 0.369 
400.000 0.363 
401.000 0.363 
402.000 0.367 
403.000 0.376 
404.000 0.388 
405.000 0.400 
406.000 0.411 
407.000 0.419 
408.000 0.423 
409.000 0.422 
410.000 0.417 
411.000 0.409 
412.000 0.400 
413.000 0.391 
414.000 0.383 
415.000 0.379 
416.000 0.377 
417.000 0.379 
418.000 0.385 
419.000 0.392 
420.000 0.400 
421.000 0.407 
422.000 0.413 
423.000 0.416 
424.000 0.416 
425.000 0.413 
426.000 0.409 
427.000 0.402 
428.000 0.396 
429.000 0.391 
430.000 0.387 
431.000 0.385 
432.000 0.386 
433.000 0.389 
434.000 0.394 
435.000 0.399 
436.000 0.404 
437.000 0.408 
438.000 0.411 
439.000 0.411 
440.000 0.410 
441.000 0.407 
442.000 0.403 
443.000 0.399 
444.000 0.395 
445.000 0.392 
446.000 0.391 
447.000 0.391 
448.000 0.392 
449.000 0.395 
450.000 0.399 
451.000 0.402 
452.000 0.405 
453.000 0.407 
454.000 0.408 
455.000 0.407 
456.000 0.405 
457.000 0.403 
458.000 0.400 
459.000 0.397 
460.000 0.395 
461.000 0.394 
462.000 0.394 
463.000 0.395 
464.000 0.396 
465.000 0.399 
466.000 0.401 
467.000 0.403 
468.000 0.405 
469.000 0.405 
470.000 0.405 
471.000 0.404 
472.000 0.402 
473.000 0.400 
474.000 0.398 
475.000 0.397 
476.000 0.396 
477.000 0.396 
478.000 0.396 
479.000 0.397 
480.000 0.399 
481.000 0.910 
482.000 1.000 
483.000 1.000 
484.000 1.000 
485.000 1.000 
486.000 1.000 
487.000 1.000 
488.000 1.000 
489.000 1.000 
490.000 1.000 
491.000 1.000 
492.000 0.938 
493.000 0.771 
494.000 0.670 
495.000 0.626 
496.000 0.622 
497.000 0.650 
498.000 0.701 
499.000 0.769 
500.000 0.846 
501.000 0.923 
502.000 0.987 
503.000 1.000 
504.000 1.000 
505.000 1.000 
506.000 1.000 
507.000 0.981 
508.000 0.912 
509.000 0.840 
510.000 0.775 
511.000 0.721 
512.000 0.681 
513.000 0.658 
514.000 0.655 
515.000 0.671 
516.000 0.705 
517.000 0.753 
518.000 0.809 
519.000 0.865 
520.000 0.913 
521.000 0.946 
522.000 0.961 
523.000 0.955 
524.000 0.930 
525.000 0.892 
526.000 0.844 
527.000 0.794 
528.000 0.748 
529.000 0.710 
530.000 0.684 
531.000 0.674 
532.000 0.680 
533.000 0.702 
534.000 0.736 
535.000 0.780 
536.000 0.826 
537.000 0.868 
538.000 0.902 
539.000 0.921 
540.000 0.925 
541.000 0.913 
542.000 0.888 
543.000 0.853 
544.000 0.814 
545.000 0.775 
546.000 0.741 
547.000 0.715 
548.000 0.701 
549.000 0.699 
550.000 0.711 
551.000 0.734 
552.000 0.765 
553.000 0.802 
554.000 0.837 
555.000 0.868 
556.000 0.889 
557.000 0.898 
558.000 0.895 
559.000 0.880 
560.000 0.856 
561.000 0.827 
562.000 0.795 
563.000 0.765 
564.000 0.741 
565.000 0.725 
566.000 0.719 
567.000 0.723 
568.000 0.737 
569.000 0.759 
570.000 0.786 
571.000 0.815 
572.000 0.842 
573.000 0.863 
574.000 0.875 
575.000 0.877 
576.000 0.870 
577.000 0.855 
578.000 0.833 
579.000 0.808 
580.000 0.783 
581.000 0.762 
582.000 0.745 
583.000 0.736 
584.000 0.736 
585.000 0.743 
586.000 0.758 
587.000 0.778 
588.000 0.801 
589.000 0.823 
590.000 0.842 
591.000 0.855 
592.000 0.861 
593.000 0.859 
594.000 0.850 
595.000 0.835 
596.000 0.816 
597.000 0.796 
598.000 0.777 
599.000 0.762 
600.000 0.752 
601.000 1.000 
602.000 1.000 
603.000 1.000 
604.000 1.000 
605.000 1.000 
606.000 1.000 
607.000 1.000 
608.000 1.000 
609.000 1.000 
610.000 1.000 
611.000 1.000 
612.000 1.000 
613.000 1.000 
614.000 1.000 
615.000 1.000 
616.000 1.000 
617.000 1.000 
618.000 1.000 
619.000 1.000 
620.000 1.000 
621.000 1.000 
622.000 1.000 
623.000 1.000 
624.000 1.000 
625.000 1.000 
626.000 1.000 
627.000 1.000 
628.000 1.000 
629.000 1.000 
630.000 1.000 
631.000 1.000 
632.000 1.000 
633.000 1.000 
634.000 1.000 
635.000 1.000 
636.000 1.000 
637.000 1.000 
638.000 1.000 
639.000 1.000 
640.000 1.000 
641.000 1.000 
642.000 1.000 
643.000 1.000 
644.000 1.000 
645.000 1.000 
646.000 1.000 
647.000 1.000 
648.000 1.000 
649.000 1.000 
650.000 1.000 
651.000 1.000 
652.000 1.000 
653.000 1.000 
654.000 1.000 
655.000 1.000 
656.000 1.000 
657.000 1.000 
658.000 1.000 
659.000 1.000 
660.000 1.000 
661.000 1.000 
662.000 1.000 
663.000 1.000 
664.000 1.000 
665.000 1.000 
666.000 1.000 
667.000 1.000 
668.000 1.000 
669.000 1.000 
670.000 1.000 
671.000 1.000 
672.000 1.000 
673.000 1.000 
674.000 1.000 
675.000 1.000 
676.000 1.000 
677.000 1.000 
678.000 1.000 
679.000 1.000 
680.000 1.000 
681.000 1.000 
682.000 1.000 
683.000 1.000 
684.000 1.000 
685.000 1.000 
686.000 1.000 
687.000 1.000 
688.000 1.000 
689.000 1.000 
690.000 1.000 
691.000 1.000 
692.000 1.000 
693.000 1.000 
694.000 1.000 
695.000 1.000 
696.000 1.000 
697.000 1.000 
698.000 1.000 
699.000 1.000 
700.000 1.000 
701.000 1.000 
702.000 1.000 
703.000 1.000 
704.000 1.000 
705.000 1.000 
706.000 1.000 
707.000 1.000 
708.000 1.000 
709.000 1.000 
710.000 1.000 
711.000 1.000 
712.000 1.000 
713.000 1.000 
714.000 1.000 
715.000 1.000 
716.000 1.000 
717.000 1.000 
718.000 1.000 
719.000 1.000 
720.000 1.000 
721.000 1.000 
722.000 1.000 
723.000 1.000 
724.000 1.000 
725.000 1.000 
726.000 1.000 
727.000 1.000 
728.000 1.000 
729.000 1.000 
730.000 1.000 
731.000 1.000 
732.000 1.000 
733.000 1.000 
734.000 1.000 
735.000 1.000 
736.000 1.000 
737.000 1.000 
738.000 1.000 
739.000 1.000 
740.000 1.000 
741.000 1.000 
742.000 1.000 
743.000 1.000 
744.000 1.000 
745.000 1.000 
746.000 1.000 
747.000 1.000 
748.000 1.000 
749.000 1.000 
750.000 1.000 
751.000 1.000 
752.000 1.000 
753.000 1.000 
754.000 1.000 
755.000 1.000 
756.000 1.000 
757.000 1.000 
758.000 1.000 
759.000 1.000 
760.000 1.000 
761.000 1.000 
762.000 1.000 
763.000 1.000 
764.000 1.000 
765.000 1.000 
766.000 1.000 
767.000 1.000 
768.000 1.000 
769.000 1.000 
770.000 1.000 
771.000 1.000 
772.000 1.000 
773.000 1.000 
774.000 1.000 
775.000 1.000 
776.000 1.000 
777.000 1.000 
778.000 1.000 
779.000 1.000 
780.000 1.000 
781.000 1.000 
782.000 1.000 
783.000 1.000 
784.000 1.000 
785.000 1.000 
786.000 1.000 
787.000 1.000 
788.000 1.000 
789.000 1.000 
790.000 1.000 
791.000 1.000 
792.000 1.000 
793.000 1.000 
794.000 1.000 
795.000 1.000 
796.000 1.000 
797.000 1.000 
798.000 1.000 
799.000 1.000 
800.000 1.000 
