1.000 0.000 
2.000 0.000 
3.000 0.000 
4.000 0.000 
5.000 0.000 
6.000 0.000 
7.000 -0.012 
8.000 -0.020 
9.000 -0.024 
10.000 -0.027 
11.000 -0.028 
12.000 -0.028 
13.000 -0.028 
14.000 -0.028 
15.000 -0.028 
16.000 -0.029 
17.000 -0.030 
18.000 -0.031 
19.000 -0.033 
20.000 -0.035 
21.000 -0.037 
22.000 -0.039 
23.000 -0.041 
24.000 -0.043 
25.000 -0.045 
26.000 -0.047 
27.000 -0.048 
28.000 -0.049 
29.000 -0.051 
30.000 -0.052 
31.000 -0.054 
32.000 -0.055 
33.000 -0.056 
34.000 -0.058 
35.000 -0.059 
36.000 -0.061 
37.000 -0.062 
38.000 -0.064 
39.000 -0.065 
40.000 -0.067 
41.000 -0.068 
42.000 -0.070 
43.000 -0.071 
44.000 -0.072 
45.000 -0.074 
46.000 -0.075 
47.000 -0.076 
48.000 -0.078 
49.000 -0.079 
50.000 -0.080 
51.000 -0.082 
52.000 -0.083 
53.000 -0.084 
54.000 -0.086 
55.000 -0.087 
56.000 -0.088 
57.000 -0.089 
58.000 -0.091 
59.000 -0.092 
60.000 -0.093 
61.000 -0.094 
62.000 -0.096 
63.000 -0.097 
64.000 -0.098 
65.000 -0.099 
66.000 -0.100 
67.000 -0.102 
68.000 -0.103 
69.000 -0.104 
70.000 -0.105 
71.000 -0.106 
72.000 -0.108 
73.000 -0.109 
74.000 -0.110 
75.000 -0.111 
76.000 -0.112 
77.000 -0.113 
78.000 -0.114 
79.000 -0.116 
80.000 -0.117 
81.000 -0.118 
82.000 -0.119 
83.000 -0.120 
84.000 -0.121 
85.000 -0.122 
86.000 -0.123 
87.000 -0.124 
88.000 -0.125 
89.000 -0.127 
90.000 -0.128 
91.000 -0.129 
92.000 -0.130 
93.000 -0.131 
94.000 -0.132 
95.000 -0.133 
96.000 -0.134 
97.000 -0.135 
98.000 -0.136 
99.000 -0.137 
100.000 -0.138 
101.000 -0.139 
102.000 -0.140 
103.000 -0.141 
104.000 -0.142 
105.000 -0.143 
106.000 -0.144 
107.000 -0.145 
108.000 -0.146 
109.000 -0.147 
110.000 -0.148 
111.000 -0.149 
112.000 -0.150 
113.000 -0.151 
114.000 -0.152 
115.000 -0.153 
116.000 -0.154 
117.000 -0.155 
118.000 -0.156 
119.000 -0.157 
120.000 -0.158 
121.000 -0.153 
122.000 -0.151 
123.000 -0.150 
124.000 -0.150 
125.000 -0.150 
126.000 -0.151 
127.000 -0.152 
128.000 -0.153 
129.000 -0.154 
130.000 -0.154 
131.000 -0.154 
132.000 -0.155 
133.000 -0.155 
134.000 -0.155 
135.000 -0.154 
136.000 -0.154 
137.000 -0.154 
138.000 -0.154 
139.000 -0.155 
140.000 -0.155 
141.000 -0.155 
142.000 -0.155 
143.000 -0.155 
144.000 -0.155 
145.000 -0.155 
146.000 -0.156 
147.000 -0.156 
148.000 -0.156 
149.000 -0.156 
150.000 -0.156 
151.000 -0.156 
152.000 -0.156 
153.000 -0.156 
154.000 -0.156 
155.000 -0.156 
156.000 -0.157 
157.000 -0.157 
158.000 -0.157 
159.000 -0.157 
160.000 -0.157 
161.000 -0.157 
162.000 -0.157 
163.000 -0.157 
164.000 -0.157 
165.000 -0.158 
166.000 -0.158 
167.000 -0.158 
168.000 -0.158 
169.000 -0.158 
170.000 -0.158 
171.000 -0.158 
172.000 -0.158 
173.000 -0.158 
174.000 -0.158 
175.000 -0.159 
176.000 -0.159 
177.000 -0.159 
178.000 -0.159 
179.000 -0.159 
180.000 -0.159 
181.000 -0.159 
182.000 -0.159 
183.000 -0.159 
184.000 -0.159 
185.000 -0.160 
186.000 -0.160 
187.000 -0.160 
188.000 -0.160 
189.000 -0.160 
190.000 -0.160 
191.000 -0.160 
192.000 -0.160 
193.000 -0.160 
194.000 -0.160 
195.000 -0.161 
196.000 -0.161 
197.000 -0.161 
198.000 -0.161 
199.000 -0.161 
200.000 -0.161 
201.000 -0.161 
202.000 -0.161 
203.000 -0.161 
204.000 -0.161 
205.000 -0.161 
206.000 -0.162 
207.000 -0.162 
208.000 -0.162 
209.000 -0.162 
210.000 -0.162 
211.000 -0.162 
212.000 -0.162 
213.000 -0.162 
214.000 -0.162 
215.000 -0.162 
216.000 -0.162 
217.000 -0.162 
218.000 -0.163 
219.000 -0.163 
220.000 -0.163 
221.000 -0.163 
222.000 -0.163 
223.000 -0.163 
224.000 -0.163 
225.000 -0.163 
226.000 -0.163 
227.000 -0.163 
228.000 -0.163 
229.000 -0.163 
230.000 -0.164 
231.000 -0.164 
232.000 -0.164 
233.000 -0.164 
234.000 -0.164 
235.000 -0.164 
236.000 -0.164 
237.000 -0.164 
238.000 -0.164 
239.000 -0.164 
240.000 -0.164 
241.000 -0.136 
242.000 -0.117 
243.000 -0.106 
244.000 -0.100 
245.000 -0.097 
246.000 -0.096 
247.000 -0.096 
248.000 -0.096 
249.000 -0.095 
250.000 -0.093 
251.000 -0.090 
252.000 -0.086 
253.000 -0.081 
254.000 -0.076 
255.000 -0.070 
256.000 -0.065 
257.000 -0.060 
258.000 -0.056 
259.000 -0.051 
260.000 -0.047 
261.000 -0.043 
262.000 -0.040 
263.000 -0.036 
264.000 -0.032 
265.000 -0.029 
266.000 -0.025 
267.000 -0.021 
268.000 -0.017 
269.000 -0.013 
270.000 -0.009 
271.000 -0.006 
272.000 -0.002 
273.000 0.002 
274.000 0.005 
275.000 0.009 
276.000 0.012 
277.000 0.016 
278.000 0.019 
279.000 0.023 
280.000 0.026 
281.000 0.030 
282.000 0.033 
283.000 0.036 
284.000 0.039 
285.000 0.043 
286.000 0.046 
287.000 0.049 
288.000 0.052 
289.000 0.055 
290.000 0.058 
291.000 0.061 
292.000 0.064 
293.000 0.067 
294.000 0.069 
295.000 0.072 
296.000 0.075 
297.000 0.078 
298.000 0.080 
299.000 0.083 
300.000 0.085 
301.000 0.088 
302.000 0.090 
303.000 0.093 
304.000 0.095 
305.000 0.098 
306.000 0.100 
307.000 0.102 
308.000 0.104 
309.000 0.107 
310.000 0.109 
311.000 0.111 
312.000 0.113 
313.000 0.115 
314.000 0.117 
315.000 0.119 
316.000 0.121 
317.000 0.123 
318.000 0.125 
319.000 0.127 
320.000 0.128 
321.000 0.130 
322.000 0.132 
323.000 0.133 
324.000 0.135 
325.000 0.137 
326.000 0.138 
327.000 0.140 
328.000 0.141 
329.000 0.143 
330.000 0.144 
331.000 0.146 
332.000 0.147 
333.000 0.148 
334.000 0.150 
335.000 0.151 
336.000 0.152 
337.000 0.153 
338.000 0.155 
339.000 0.156 
340.000 0.157 
341.000 0.158 
342.000 0.159 
343.000 0.160 
344.000 0.161 
345.000 0.162 
346.000 0.163 
347.000 0.164 
348.000 0.165 
349.000 0.166 
350.000 0.167 
351.000 0.168 
352.000 0.168 
353.000 0.169 
354.000 0.170 
355.000 0.171 
356.000 0.172 
357.000 0.172 
358.000 0.173 
359.000 0.174 
360.000 0.174 
361.000 0.229 
362.000 0.264 
363.000 0.286 
364.000 0.299 
365.000 0.305 
366.000 0.307 
367.000 0.306 
368.000 0.303 
369.000 0.299 
370.000 0.297 
371.000 0.296 
372.000 0.297 
373.000 0.300 
374.000 0.306 
375.000 0.312 
376.000 0.319 
377.000 0.327 
378.000 0.335 
379.000 0.342 
380.000 0.347 
381.000 0.352 
382.000 0.356 
383.000 0.359 
384.000 0.361 
385.000 0.362 
386.000 0.363 
387.000 0.364 
388.000 0.364 
389.000 0.365 
390.000 0.367 
391.000 0.368 
392.000 0.370 
393.000 0.372 
394.000 0.374 
395.000 0.376 
396.000 0.378 
397.000 0.380 
398.000 0.382 
399.000 0.384 
400.000 0.385 
401.000 0.386 
402.000 0.387 
403.000 0.387 
404.000 0.388 
405.000 0.388 
406.000 0.389 
407.000 0.389 
408.000 0.390 
409.000 0.390 
410.000 0.391 
411.000 0.391 
412.000 0.392 
413.000 0.393 
414.000 0.393 
415.000 0.394 
416.000 0.394 
417.000 0.395 
418.000 0.395 
419.000 0.396 
420.000 0.396 
421.000 0.396 
422.000 0.396 
423.000 0.396 
424.000 0.397 
425.000 0.397 
426.000 0.397 
427.000 0.397 
428.000 0.397 
429.000 0.397 
430.000 0.398 
431.000 0.398 
432.000 0.398 
433.000 0.398 
434.000 0.398 
435.000 0.398 
436.000 0.399 
437.000 0.399 
438.000 0.399 
439.000 0.399 
440.000 0.399 
441.000 0.399 
442.000 0.399 
443.000 0.399 
444.000 0.399 
445.000 0.399 
446.000 0.399 
447.000 0.399 
448.000 0.399 
449.000 0.399 
450.000 0.399 
451.000 0.399 
452.000 0.399 
453.000 0.400 
454.000 0.400 
455.000 0.400 
456.000 0.400 
457.000 0.400 
458.000 0.400 
459.000 0.400 
460.000 0.400 
461.000 0.400 
462.000 0.400 
463.000 0.400 
464.000 0.400 
465.000 0.400 
466.000 0.400 
467.000 0.400 
468.000 0.400 
469.000 0.400 
470.000 0.400 
471.000 0.400 
472.000 0.400 
473.000 0.400 
474.000 0.400 
475.000 0.400 
476.000 0.400 
477.000 0.400 
478.000 0.400 
479.000 0.400 
480.000 0.400 
481.000 0.628 
482.000 0.774 
483.000 0.862 
484.000 0.912 
485.000 0.937 
486.000 0.941 
487.000 0.929 
488.000 0.906 
489.000 0.877 
490.000 0.845 
491.000 0.813 
492.000 0.783 
493.000 0.757 
494.000 0.737 
495.000 0.722 
496.000 0.714 
497.000 0.713 
498.000 0.718 
499.000 0.728 
500.000 0.743 
501.000 0.760 
502.000 0.778 
503.000 0.796 
504.000 0.813 
505.000 0.827 
506.000 0.837 
507.000 0.843 
508.000 0.846 
509.000 0.845 
510.000 0.841 
511.000 0.834 
512.000 0.826 
513.000 0.816 
514.000 0.807 
515.000 0.798 
516.000 0.790 
517.000 0.784 
518.000 0.780 
519.000 0.777 
520.000 0.777 
521.000 0.778 
522.000 0.781 
523.000 0.785 
524.000 0.789 
525.000 0.794 
526.000 0.799 
527.000 0.804 
528.000 0.808 
529.000 0.810 
530.000 0.812 
531.000 0.813 
532.000 0.812 
533.000 0.811 
534.000 0.809 
535.000 0.807 
536.000 0.804 
537.000 0.802 
538.000 0.799 
539.000 0.797 
540.000 0.795 
541.000 0.794 
542.000 0.793 
543.000 0.793 
544.000 0.794 
545.000 0.795 
546.000 0.796 
547.000 0.797 
548.000 0.798 
549.000 0.800 
550.000 0.801 
551.000 0.802 
552.000 0.803 
553.000 0.803 
554.000 0.804 
555.000 0.803 
556.000 0.803 
557.000 0.803 
558.000 0.802 
559.000 0.801 
560.000 0.800 
561.000 0.800 
562.000 0.799 
563.000 0.799 
564.000 0.798 
565.000 0.798 
566.000 0.798 
567.000 0.798 
568.000 0.798 
569.000 0.799 
570.000 0.799 
571.000 0.800 
572.000 0.800 
573.000 0.800 
574.000 0.801 
575.000 0.801 
576.000 0.801 
577.000 0.801 
578.000 0.801 
579.000 0.801 
580.000 0.801 
581.000 0.801 
582.000 0.800 
583.000 0.800 
584.000 0.800 
585.000 0.800 
586.000 0.800 
587.000 0.800 
588.000 0.799 
589.000 0.799 
590.000 0.800 
591.000 0.800 
592.000 0.800 
593.000 0.800 
594.000 0.800 
595.000 0.800 
596.000 0.800 
597.000 0.800 
598.000 0.800 
599.000 0.800 
600.000 0.800 
601.000 0.972 
602.000 1.000 
603.000 1.000 
604.000 1.000 
605.000 1.000 
606.000 1.000 
607.000 1.000 
608.000 1.000 
609.000 1.000 
610.000 1.000 
611.000 1.000 
612.000 1.000 
613.000 1.000 
614.000 1.000 
615.000 1.000 
616.000 1.000 
617.000 1.000 
618.000 1.000 
619.000 1.000 
620.000 1.000 
621.000 1.000 
622.000 1.000 
623.000 1.000 
624.000 1.000 
625.000 1.000 
626.000 1.000 
627.000 1.000 
628.000 1.000 
629.000 1.000 
630.000 1.000 
631.000 1.000 
632.000 1.000 
633.000 1.000 
634.000 1.000 
635.000 1.000 
636.000 1.000 
637.000 1.000 
638.000 1.000 
639.000 1.000 
640.000 1.000 
641.000 1.000 
642.000 1.000 
643.000 1.000 
644.000 1.000 
645.000 1.000 
646.000 1.000 
647.000 1.000 
648.000 1.000 
649.000 1.000 
650.000 1.000 
651.000 1.000 
652.000 1.000 
653.000 1.000 
654.000 1.000 
655.000 1.000 
656.000 1.000 
657.000 1.000 
658.000 1.000 
659.000 1.000 
660.000 1.000 
661.000 1.000 
662.000 1.000 
663.000 1.000 
664.000 1.000 
665.000 1.000 
666.000 1.000 
667.000 1.000 
668.000 1.000 
669.000 1.000 
670.000 1.000 
671.000 1.000 
672.000 1.000 
673.000 1.000 
674.000 1.000 
675.000 1.000 
676.000 1.000 
677.000 1.000 
678.000 1.000 
679.000 1.000 
680.000 1.000 
681.000 1.000 
682.000 1.000 
683.000 1.000 
684.000 1.000 
685.000 1.000 
686.000 1.000 
687.000 1.000 
688.000 1.000 
689.000 1.000 
690.000 1.000 
691.000 1.000 
692.000 1.000 
693.000 1.000 
694.000 1.000 
695.000 1.000 
696.000 1.000 
697.000 1.000 
698.000 1.000 
699.000 1.000 
700.000 1.000 
701.000 1.000 
702.000 1.000 
703.000 1.000 
704.000 1.000 
705.000 1.000 
706.000 1.000 
707.000 1.000 
708.000 1.000 
709.000 1.000 
710.000 1.000 
711.000 1.000 
712.000 1.000 
713.000 1.000 
714.000 1.000 
715.000 1.000 
716.000 1.000 
717.000 1.000 
718.000 1.000 
719.000 1.000 
720.000 1.000 
721.000 1.000 
722.000 1.000 
723.000 1.000 
724.000 1.000 
725.000 1.000 
726.000 1.000 
727.000 1.000 
728.000 1.000 
729.000 1.000 
730.000 1.000 
731.000 1.000 
732.000 1.000 
733.000 1.000 
734.000 1.000 
735.000 1.000 
736.000 1.000 
737.000 1.000 
738.000 1.000 
739.000 1.000 
740.000 1.000 
741.000 1.000 
742.000 1.000 
743.000 1.000 
744.000 1.000 
745.000 1.000 
746.000 1.000 
747.000 1.000 
748.000 1.000 
749.000 1.000 
750.000 1.000 
751.000 1.000 
752.000 1.000 
753.000 1.000 
754.000 1.000 
755.000 1.000 
756.000 1.000 
757.000 1.000 
758.000 1.000 
759.000 1.000 
760.000 1.000 
761.000 1.000 
762.000 1.000 
763.000 1.000 
764.000 1.000 
765.000 1.000 
766.000 1.000 
767.000 1.000 
768.000 1.000 
769.000 1.000 
770.000 1.000 
771.000 1.000 
772.000 1.000 
773.000 1.000 
774.000 1.000 
775.000 1.000 
776.000 1.000 
777.000 1.000 
778.000 1.000 
779.000 1.000 
780.000 1.000 
781.000 1.000 
782.000 1.000 
783.000 1.000 
784.000 1.000 
785.000 1.000 
786.000 1.000 
787.000 1.000 
788.000 1.000 
789.000 1.000 
790.000 1.000 
791.000 1.000 
792.000 1.000 
793.000 1.000 
794.000 1.000 
795.000 1.000 
796.000 1.000 
797.000 1.000 
798.000 1.000 
799.000 1.000 
800.000 1.000 
