1.000 0.000 
2.000 0.000 
3.000 0.000 
4.000 0.000 
5.000 0.000 
6.000 0.000 
7.000 -0.006 
8.000 -0.010 
9.000 -0.014 
10.000 -0.017 
11.000 -0.020 
12.000 -0.022 
13.000 -0.023 
14.000 -0.024 
15.000 -0.025 
16.000 -0.026 
17.000 -0.027 
18.000 -0.028 
19.000 -0.029 
20.000 -0.030 
21.000 -0.031 
22.000 -0.032 
23.000 -0.034 
24.000 -0.035 
25.000 -0.037 
26.000 -0.038 
27.000 -0.040 
28.000 -0.041 
29.000 -0.043 
30.000 -0.044 
31.000 -0.045 
32.000 -0.047 
33.000 -0.048 
34.000 -0.049 
35.000 -0.051 
36.000 -0.052 
37.000 -0.053 
38.000 -0.054 
39.000 -0.056 
40.000 -0.057 
41.000 -0.058 
42.000 -0.059 
43.000 -0.061 
44.000 -0.062 
45.000 -0.063 
46.000 -0.064 
47.000 -0.066 
48.000 -0.067 
49.000 -0.068 
50.000 -0.069 
51.000 -0.070 
52.000 -0.072 
53.000 -0.073 
54.000 -0.074 
55.000 -0.075 
56.000 -0.076 
57.000 -0.077 
58.000 -0.078 
59.000 -0.080 
60.000 -0.081 
61.000 -0.082 
62.000 -0.083 
63.000 -0.084 
64.000 -0.085 
65.000 -0.086 
66.000 -0.087 
67.000 -0.088 
68.000 -0.089 
69.000 -0.091 
70.000 -0.092 
71.000 -0.093 
72.000 -0.094 
73.000 -0.095 
74.000 -0.096 
75.000 -0.097 
76.000 -0.098 
77.000 -0.099 
78.000 -0.100 
79.000 -0.101 
80.000 -0.102 
81.000 -0.103 
82.000 -0.104 
83.000 -0.105 
84.000 -0.106 
85.000 -0.107 
86.000 -0.108 
87.000 -0.109 
88.000 -0.110 
89.000 -0.111 
90.000 -0.112 
91.000 -0.113 
92.000 -0.114 
93.000 -0.115 
94.000 -0.116 
95.000 -0.117 
96.000 -0.118 
97.000 -0.119 
98.000 -0.120 
99.000 -0.121 
100.000 -0.121 
101.000 -0.122 
102.000 -0.123 
103.000 -0.124 
104.000 -0.125 
105.000 -0.126 
106.000 -0.127 
107.000 -0.128 
108.000 -0.129 
109.000 -0.130 
110.000 -0.131 
111.000 -0.132 
112.000 -0.132 
113.000 -0.133 
114.000 -0.134 
115.000 -0.135 
116.000 -0.136 
117.000 -0.137 
118.000 -0.138 
119.000 -0.139 
120.000 -0.139 
121.000 -0.138 
122.000 -0.137 
123.000 -0.136 
124.000 -0.135 
125.000 -0.135 
126.000 -0.135 
127.000 -0.135 
128.000 -0.136 
129.000 -0.136 
130.000 -0.137 
131.000 -0.137 
132.000 -0.137 
133.000 -0.138 
134.000 -0.138 
135.000 -0.138 
136.000 -0.138 
137.000 -0.139 
138.000 -0.139 
139.000 -0.139 
140.000 -0.139 
141.000 -0.139 
142.000 -0.139 
143.000 -0.139 
144.000 -0.139 
145.000 -0.140 
146.000 -0.140 
147.000 -0.140 
148.000 -0.140 
149.000 -0.140 
150.000 -0.140 
151.000 -0.140 
152.000 -0.141 
153.000 -0.141 
154.000 -0.141 
155.000 -0.141 
156.000 -0.141 
157.000 -0.141 
158.000 -0.141 
159.000 -0.142 
160.000 -0.142 
161.000 -0.142 
162.000 -0.142 
163.000 -0.142 
164.000 -0.142 
165.000 -0.142 
166.000 -0.143 
167.000 -0.143 
168.000 -0.143 
169.000 -0.143 
170.000 -0.143 
171.000 -0.143 
172.000 -0.143 
173.000 -0.144 
174.000 -0.144 
175.000 -0.144 
176.000 -0.144 
177.000 -0.144 
178.000 -0.144 
179.000 -0.144 
180.000 -0.145 
181.000 -0.145 
182.000 -0.145 
183.000 -0.145 
184.000 -0.145 
185.000 -0.145 
186.000 -0.145 
187.000 -0.145 
188.000 -0.146 
189.000 -0.146 
190.000 -0.146 
191.000 -0.146 
192.000 -0.146 
193.000 -0.146 
194.000 -0.146 
195.000 -0.146 
196.000 -0.147 
197.000 -0.147 
198.000 -0.147 
199.000 -0.147 
200.000 -0.147 
201.000 -0.147 
202.000 -0.147 
203.000 -0.147 
204.000 -0.148 
205.000 -0.148 
206.000 -0.148 
207.000 -0.148 
208.000 -0.148 
209.000 -0.148 
210.000 -0.148 
211.000 -0.148 
212.000 -0.149 
213.000 -0.149 
214.000 -0.149 
215.000 -0.149 
216.000 -0.149 
217.000 -0.149 
218.000 -0.149 
219.000 -0.149 
220.000 -0.150 
221.000 -0.150 
222.000 -0.150 
223.000 -0.150 
224.000 -0.150 
225.000 -0.150 
226.000 -0.150 
227.000 -0.150 
228.000 -0.150 
229.000 -0.151 
230.000 -0.151 
231.000 -0.151 
232.000 -0.151 
233.000 -0.151 
234.000 -0.151 
235.000 -0.151 
236.000 -0.151 
237.000 -0.151 
238.000 -0.152 
239.000 -0.152 
240.000 -0.152 
241.000 -0.138 
242.000 -0.127 
243.000 -0.118 
244.000 -0.110 
245.000 -0.104 
246.000 -0.100 
247.000 -0.096 
248.000 -0.093 
249.000 -0.091 
250.000 -0.089 
251.000 -0.087 
252.000 -0.084 
253.000 -0.082 
254.000 -0.079 
255.000 -0.076 
256.000 -0.072 
257.000 -0.069 
258.000 -0.065 
259.000 -0.061 
260.000 -0.057 
261.000 -0.053 
262.000 -0.050 
263.000 -0.046 
264.000 -0.042 
265.000 -0.039 
266.000 -0.036 
267.000 -0.032 
268.000 -0.029 
269.000 -0.026 
270.000 -0.022 
271.000 -0.019 
272.000 -0.016 
273.000 -0.013 
274.000 -0.010 
275.000 -0.007 
276.000 -0.003 
277.000 -0.000 
278.000 0.003 
279.000 0.006 
280.000 0.009 
281.000 0.012 
282.000 0.015 
283.000 0.018 
284.000 0.021 
285.000 0.024 
286.000 0.027 
287.000 0.030 
288.000 0.032 
289.000 0.035 
290.000 0.038 
291.000 0.041 
292.000 0.043 
293.000 0.046 
294.000 0.049 
295.000 0.051 
296.000 0.054 
297.000 0.057 
298.000 0.059 
299.000 0.062 
300.000 0.064 
301.000 0.067 
302.000 0.069 
303.000 0.071 
304.000 0.074 
305.000 0.076 
306.000 0.078 
307.000 0.081 
308.000 0.083 
309.000 0.085 
310.000 0.087 
311.000 0.089 
312.000 0.091 
313.000 0.094 
314.000 0.096 
315.000 0.098 
316.000 0.100 
317.000 0.102 
318.000 0.104 
319.000 0.105 
320.000 0.107 
321.000 0.109 
322.000 0.111 
323.000 0.113 
324.000 0.115 
325.000 0.116 
326.000 0.118 
327.000 0.120 
328.000 0.121 
329.000 0.123 
330.000 0.125 
331.000 0.126 
332.000 0.128 
333.000 0.129 
334.000 0.131 
335.000 0.132 
336.000 0.133 
337.000 0.135 
338.000 0.136 
339.000 0.138 
340.000 0.139 
341.000 0.140 
342.000 0.142 
343.000 0.143 
344.000 0.144 
345.000 0.145 
346.000 0.146 
347.000 0.148 
348.000 0.149 
349.000 0.150 
350.000 0.151 
351.000 0.152 
352.000 0.153 
353.000 0.154 
354.000 0.155 
355.000 0.156 
356.000 0.157 
357.000 0.158 
358.000 0.159 
359.000 0.160 
360.000 0.161 
361.000 0.187 
362.000 0.209 
363.000 0.227 
364.000 0.242 
365.000 0.254 
366.000 0.264 
367.000 0.271 
368.000 0.276 
369.000 0.280 
370.000 0.283 
371.000 0.285 
372.000 0.287 
373.000 0.289 
374.000 0.292 
375.000 0.295 
376.000 0.298 
377.000 0.302 
378.000 0.306 
379.000 0.311 
380.000 0.316 
381.000 0.321 
382.000 0.326 
383.000 0.331 
384.000 0.335 
385.000 0.339 
386.000 0.343 
387.000 0.347 
388.000 0.350 
389.000 0.352 
390.000 0.355 
391.000 0.357 
392.000 0.359 
393.000 0.360 
394.000 0.362 
395.000 0.364 
396.000 0.365 
397.000 0.367 
398.000 0.369 
399.000 0.370 
400.000 0.372 
401.000 0.373 
402.000 0.375 
403.000 0.376 
404.000 0.378 
405.000 0.379 
406.000 0.380 
407.000 0.382 
408.000 0.383 
409.000 0.384 
410.000 0.385 
411.000 0.386 
412.000 0.386 
413.000 0.387 
414.000 0.388 
415.000 0.388 
416.000 0.389 
417.000 0.390 
418.000 0.390 
419.000 0.391 
420.000 0.391 
421.000 0.392 
422.000 0.392 
423.000 0.392 
424.000 0.393 
425.000 0.393 
426.000 0.394 
427.000 0.394 
428.000 0.394 
429.000 0.395 
430.000 0.395 
431.000 0.395 
432.000 0.396 
433.000 0.396 
434.000 0.396 
435.000 0.396 
436.000 0.397 
437.000 0.397 
438.000 0.397 
439.000 0.397 
440.000 0.397 
441.000 0.397 
442.000 0.398 
443.000 0.398 
444.000 0.398 
445.000 0.398 
446.000 0.398 
447.000 0.398 
448.000 0.398 
449.000 0.398 
450.000 0.398 
451.000 0.399 
452.000 0.399 
453.000 0.399 
454.000 0.399 
455.000 0.399 
456.000 0.399 
457.000 0.399 
458.000 0.399 
459.000 0.399 
460.000 0.399 
461.000 0.399 
462.000 0.399 
463.000 0.399 
464.000 0.399 
465.000 0.399 
466.000 0.399 
467.000 0.399 
468.000 0.399 
469.000 0.399 
470.000 0.400 
471.000 0.400 
472.000 0.400 
473.000 0.400 
474.000 0.400 
475.000 0.400 
476.000 0.400 
477.000 0.400 
478.000 0.400 
479.000 0.400 
480.000 0.400 
481.000 0.506 
482.000 0.595 
483.000 0.669 
484.000 0.729 
485.000 0.777 
486.000 0.813 
487.000 0.839 
488.000 0.855 
489.000 0.863 
490.000 0.864 
491.000 0.859 
492.000 0.850 
493.000 0.838 
494.000 0.824 
495.000 0.810 
496.000 0.796 
497.000 0.783 
498.000 0.771 
499.000 0.762 
500.000 0.755 
501.000 0.750 
502.000 0.749 
503.000 0.750 
504.000 0.753 
505.000 0.758 
506.000 0.765 
507.000 0.772 
508.000 0.781 
509.000 0.789 
510.000 0.798 
511.000 0.805 
512.000 0.812 
513.000 0.817 
514.000 0.821 
515.000 0.823 
516.000 0.824 
517.000 0.824 
518.000 0.822 
519.000 0.820 
520.000 0.816 
521.000 0.813 
522.000 0.809 
523.000 0.804 
524.000 0.801 
525.000 0.797 
526.000 0.794 
527.000 0.792 
528.000 0.790 
529.000 0.789 
530.000 0.788 
531.000 0.789 
532.000 0.789 
533.000 0.791 
534.000 0.792 
535.000 0.794 
536.000 0.796 
537.000 0.798 
538.000 0.800 
539.000 0.802 
540.000 0.803 
541.000 0.804 
542.000 0.805 
543.000 0.806 
544.000 0.806 
545.000 0.806 
546.000 0.805 
547.000 0.805 
548.000 0.804 
549.000 0.803 
550.000 0.802 
551.000 0.801 
552.000 0.800 
553.000 0.799 
554.000 0.798 
555.000 0.798 
556.000 0.797 
557.000 0.797 
558.000 0.797 
559.000 0.797 
560.000 0.797 
561.000 0.798 
562.000 0.798 
563.000 0.799 
564.000 0.799 
565.000 0.800 
566.000 0.800 
567.000 0.801 
568.000 0.801 
569.000 0.801 
570.000 0.801 
571.000 0.801 
572.000 0.801 
573.000 0.801 
574.000 0.801 
575.000 0.801 
576.000 0.801 
577.000 0.801 
578.000 0.800 
579.000 0.800 
580.000 0.800 
581.000 0.800 
582.000 0.800 
583.000 0.799 
584.000 0.799 
585.000 0.799 
586.000 0.799 
587.000 0.799 
588.000 0.799 
589.000 0.799 
590.000 0.800 
591.000 0.800 
592.000 0.800 
593.000 0.800 
594.000 0.800 
595.000 0.800 
596.000 0.800 
597.000 0.800 
598.000 0.800 
599.000 0.800 
600.000 0.800 
601.000 0.880 
602.000 0.947 
603.000 1.000 
604.000 1.000 
605.000 1.000 
606.000 1.000 
607.000 1.000 
608.000 1.000 
609.000 1.000 
610.000 1.000 
611.000 1.000 
612.000 1.000 
613.000 1.000 
614.000 1.000 
615.000 1.000 
616.000 1.000 
617.000 1.000 
618.000 1.000 
619.000 1.000 
620.000 1.000 
621.000 1.000 
622.000 1.000 
623.000 1.000 
624.000 1.000 
625.000 1.000 
626.000 1.000 
627.000 1.000 
628.000 1.000 
629.000 1.000 
630.000 1.000 
631.000 1.000 
632.000 1.000 
633.000 1.000 
634.000 1.000 
635.000 1.000 
636.000 1.000 
637.000 1.000 
638.000 1.000 
639.000 1.000 
640.000 1.000 
641.000 1.000 
642.000 1.000 
643.000 1.000 
644.000 1.000 
645.000 1.000 
646.000 1.000 
647.000 1.000 
648.000 1.000 
649.000 1.000 
650.000 1.000 
651.000 1.000 
652.000 1.000 
653.000 1.000 
654.000 1.000 
655.000 1.000 
656.000 1.000 
657.000 1.000 
658.000 1.000 
659.000 1.000 
660.000 1.000 
661.000 1.000 
662.000 1.000 
663.000 1.000 
664.000 1.000 
665.000 1.000 
666.000 1.000 
667.000 1.000 
668.000 1.000 
669.000 1.000 
670.000 1.000 
671.000 1.000 
672.000 1.000 
673.000 1.000 
674.000 1.000 
675.000 1.000 
676.000 1.000 
677.000 1.000 
678.000 1.000 
679.000 1.000 
680.000 1.000 
681.000 1.000 
682.000 1.000 
683.000 1.000 
684.000 1.000 
685.000 1.000 
686.000 1.000 
687.000 1.000 
688.000 1.000 
689.000 1.000 
690.000 1.000 
691.000 1.000 
692.000 1.000 
693.000 1.000 
694.000 1.000 
695.000 1.000 
696.000 1.000 
697.000 1.000 
698.000 1.000 
699.000 1.000 
700.000 1.000 
701.000 1.000 
702.000 1.000 
703.000 1.000 
704.000 1.000 
705.000 1.000 
706.000 1.000 
707.000 1.000 
708.000 1.000 
709.000 1.000 
710.000 1.000 
711.000 1.000 
712.000 1.000 
713.000 1.000 
714.000 1.000 
715.000 1.000 
716.000 1.000 
717.000 1.000 
718.000 1.000 
719.000 1.000 
720.000 1.000 
721.000 1.000 
722.000 1.000 
723.000 1.000 
724.000 1.000 
725.000 1.000 
726.000 1.000 
727.000 1.000 
728.000 1.000 
729.000 1.000 
730.000 1.000 
731.000 1.000 
732.000 1.000 
733.000 1.000 
734.000 1.000 
735.000 1.000 
736.000 1.000 
737.000 1.000 
738.000 1.000 
739.000 1.000 
740.000 1.000 
741.000 1.000 
742.000 1.000 
743.000 1.000 
744.000 1.000 
745.000 1.000 
746.000 1.000 
747.000 1.000 
748.000 1.000 
749.000 1.000 
750.000 1.000 
751.000 1.000 
752.000 1.000 
753.000 1.000 
754.000 1.000 
755.000 1.000 
756.000 1.000 
757.000 1.000 
758.000 1.000 
759.000 1.000 
760.000 1.000 
761.000 1.000 
762.000 1.000 
763.000 1.000 
764.000 1.000 
765.000 1.000 
766.000 1.000 
767.000 1.000 
768.000 1.000 
769.000 1.000 
770.000 1.000 
771.000 1.000 
772.000 1.000 
773.000 1.000 
774.000 1.000 
775.000 1.000 
776.000 1.000 
777.000 1.000 
778.000 1.000 
779.000 1.000 
780.000 1.000 
781.000 1.000 
782.000 1.000 
783.000 1.000 
784.000 1.000 
785.000 1.000 
786.000 1.000 
787.000 1.000 
788.000 1.000 
789.000 1.000 
790.000 1.000 
791.000 1.000 
792.000 1.000 
793.000 1.000 
794.000 1.000 
795.000 1.000 
796.000 1.000 
797.000 1.000 
798.000 1.000 
799.000 1.000 
800.000 1.000 
