1.000 0.000 
2.000 0.000 
3.000 0.000 
4.000 0.000 
5.000 0.000 
6.000 0.000 
7.000 -0.031 
8.000 -0.046 
9.000 -0.052 
10.000 -0.050 
11.000 -0.044 
12.000 -0.037 
13.000 -0.030 
14.000 -0.026 
15.000 -0.026 
16.000 -0.030 
17.000 -0.037 
18.000 -0.044 
19.000 -0.051 
20.000 -0.057 
21.000 -0.060 
22.000 -0.061 
23.000 -0.060 
24.000 -0.059 
25.000 -0.058 
26.000 -0.058 
27.000 -0.060 
28.000 -0.062 
29.000 -0.065 
30.000 -0.069 
31.000 -0.073 
32.000 -0.075 
33.000 -0.078 
34.000 -0.079 
35.000 -0.080 
36.000 -0.081 
37.000 -0.082 
38.000 -0.083 
39.000 -0.084 
40.000 -0.086 
41.000 -0.088 
42.000 -0.091 
43.000 -0.093 
44.000 -0.095 
45.000 -0.097 
46.000 -0.098 
47.000 -0.099 
48.000 -0.101 
49.000 -0.102 
50.000 -0.103 
51.000 -0.105 
52.000 -0.107 
53.000 -0.108 
54.000 -0.110 
55.000 -0.112 
56.000 -0.113 
57.000 -0.115 
58.000 -0.116 
59.000 -0.118 
60.000 -0.119 
61.000 -0.121 
62.000 -0.122 
63.000 -0.124 
64.000 -0.125 
65.000 -0.127 
66.000 -0.128 
67.000 -0.129 
68.000 -0.131 
69.000 -0.132 
70.000 -0.134 
71.000 -0.135 
72.000 -0.136 
73.000 -0.138 
74.000 -0.139 
75.000 -0.140 
76.000 -0.142 
77.000 -0.143 
78.000 -0.145 
79.000 -0.146 
80.000 -0.147 
81.000 -0.149 
82.000 -0.150 
83.000 -0.151 
84.000 -0.152 
85.000 -0.154 
86.000 -0.155 
87.000 -0.156 
88.000 -0.158 
89.000 -0.159 
90.000 -0.160 
91.000 -0.161 
92.000 -0.163 
93.000 -0.164 
94.000 -0.165 
95.000 -0.166 
96.000 -0.167 
97.000 -0.169 
98.000 -0.170 
99.000 -0.171 
100.000 -0.172 
101.000 -0.173 
102.000 -0.175 
103.000 -0.176 
104.000 -0.177 
105.000 -0.178 
106.000 -0.179 
107.000 -0.180 
108.000 -0.182 
109.000 -0.183 
110.000 -0.184 
111.000 -0.185 
112.000 -0.186 
113.000 -0.187 
114.000 -0.188 
115.000 -0.189 
116.000 -0.191 
117.000 -0.192 
118.000 -0.193 
119.000 -0.194 
120.000 -0.195 
121.000 -0.183 
122.000 -0.177 
123.000 -0.176 
124.000 -0.178 
125.000 -0.181 
126.000 -0.186 
127.000 -0.189 
128.000 -0.191 
129.000 -0.192 
130.000 -0.191 
131.000 -0.189 
132.000 -0.187 
133.000 -0.185 
134.000 -0.184 
135.000 -0.184 
136.000 -0.184 
137.000 -0.186 
138.000 -0.187 
139.000 -0.187 
140.000 -0.188 
141.000 -0.188 
142.000 -0.187 
143.000 -0.187 
144.000 -0.186 
145.000 -0.186 
146.000 -0.186 
147.000 -0.186 
148.000 -0.186 
149.000 -0.186 
150.000 -0.187 
151.000 -0.187 
152.000 -0.187 
153.000 -0.187 
154.000 -0.187 
155.000 -0.187 
156.000 -0.186 
157.000 -0.186 
158.000 -0.186 
159.000 -0.186 
160.000 -0.186 
161.000 -0.186 
162.000 -0.187 
163.000 -0.187 
164.000 -0.187 
165.000 -0.187 
166.000 -0.187 
167.000 -0.186 
168.000 -0.186 
169.000 -0.186 
170.000 -0.186 
171.000 -0.186 
172.000 -0.186 
173.000 -0.187 
174.000 -0.187 
175.000 -0.187 
176.000 -0.187 
177.000 -0.187 
178.000 -0.187 
179.000 -0.187 
180.000 -0.186 
181.000 -0.186 
182.000 -0.186 
183.000 -0.187 
184.000 -0.187 
185.000 -0.187 
186.000 -0.187 
187.000 -0.187 
188.000 -0.187 
189.000 -0.187 
190.000 -0.187 
191.000 -0.187 
192.000 -0.187 
193.000 -0.187 
194.000 -0.187 
195.000 -0.187 
196.000 -0.187 
197.000 -0.187 
198.000 -0.187 
199.000 -0.187 
200.000 -0.187 
201.000 -0.187 
202.000 -0.187 
203.000 -0.187 
204.000 -0.187 
205.000 -0.187 
206.000 -0.187 
207.000 -0.187 
208.000 -0.187 
209.000 -0.187 
210.000 -0.187 
211.000 -0.187 
212.000 -0.187 
213.000 -0.187 
214.000 -0.187 
215.000 -0.187 
216.000 -0.187 
217.000 -0.187 
218.000 -0.187 
219.000 -0.187 
220.000 -0.187 
221.000 -0.187 
222.000 -0.187 
223.000 -0.187 
224.000 -0.187 
225.000 -0.187 
226.000 -0.187 
227.000 -0.187 
228.000 -0.187 
229.000 -0.187 
230.000 -0.187 
231.000 -0.187 
232.000 -0.187 
233.000 -0.187 
234.000 -0.187 
235.000 -0.187 
236.000 -0.187 
237.000 -0.187 
238.000 -0.187 
239.000 -0.187 
240.000 -0.187 
241.000 -0.112 
242.000 -0.074 
243.000 -0.061 
244.000 -0.066 
245.000 -0.079 
246.000 -0.097 
247.000 -0.111 
248.000 -0.118 
249.000 -0.115 
250.000 -0.104 
251.000 -0.088 
252.000 -0.070 
253.000 -0.053 
254.000 -0.041 
255.000 -0.035 
256.000 -0.033 
257.000 -0.033 
258.000 -0.035 
259.000 -0.035 
260.000 -0.034 
261.000 -0.029 
262.000 -0.022 
263.000 -0.014 
264.000 -0.005 
265.000 0.003 
266.000 0.010 
267.000 0.015 
268.000 0.019 
269.000 0.021 
270.000 0.024 
271.000 0.026 
272.000 0.030 
273.000 0.034 
274.000 0.039 
275.000 0.044 
276.000 0.049 
277.000 0.054 
278.000 0.059 
279.000 0.063 
280.000 0.067 
281.000 0.070 
282.000 0.073 
283.000 0.076 
284.000 0.079 
285.000 0.082 
286.000 0.085 
287.000 0.089 
288.000 0.093 
289.000 0.096 
290.000 0.100 
291.000 0.103 
292.000 0.106 
293.000 0.109 
294.000 0.111 
295.000 0.114 
296.000 0.116 
297.000 0.118 
298.000 0.121 
299.000 0.123 
300.000 0.126 
301.000 0.129 
302.000 0.131 
303.000 0.133 
304.000 0.135 
305.000 0.138 
306.000 0.139 
307.000 0.141 
308.000 0.143 
309.000 0.145 
310.000 0.147 
311.000 0.148 
312.000 0.150 
313.000 0.152 
314.000 0.153 
315.000 0.155 
316.000 0.157 
317.000 0.158 
318.000 0.159 
319.000 0.161 
320.000 0.162 
321.000 0.163 
322.000 0.164 
323.000 0.166 
324.000 0.167 
325.000 0.168 
326.000 0.169 
327.000 0.170 
328.000 0.171 
329.000 0.172 
330.000 0.173 
331.000 0.174 
332.000 0.175 
333.000 0.176 
334.000 0.177 
335.000 0.177 
336.000 0.178 
337.000 0.179 
338.000 0.180 
339.000 0.180 
340.000 0.181 
341.000 0.182 
342.000 0.182 
343.000 0.183 
344.000 0.183 
345.000 0.184 
346.000 0.184 
347.000 0.185 
348.000 0.185 
349.000 0.186 
350.000 0.186 
351.000 0.187 
352.000 0.187 
353.000 0.188 
354.000 0.188 
355.000 0.189 
356.000 0.189 
357.000 0.189 
358.000 0.190 
359.000 0.190 
360.000 0.190 
361.000 0.329 
362.000 0.401 
363.000 0.425 
364.000 0.417 
365.000 0.392 
366.000 0.355 
367.000 0.315 
368.000 0.280 
369.000 0.257 
370.000 0.249 
371.000 0.258 
372.000 0.282 
373.000 0.317 
374.000 0.356 
375.000 0.393 
376.000 0.420 
377.000 0.434 
378.000 0.434 
379.000 0.421 
380.000 0.400 
381.000 0.375 
382.000 0.352 
383.000 0.334 
384.000 0.324 
385.000 0.325 
386.000 0.336 
387.000 0.354 
388.000 0.377 
389.000 0.400 
390.000 0.419 
391.000 0.431 
392.000 0.435 
393.000 0.431 
394.000 0.419 
395.000 0.403 
396.000 0.386 
397.000 0.371 
398.000 0.361 
399.000 0.356 
400.000 0.359 
401.000 0.367 
402.000 0.380 
403.000 0.396 
404.000 0.410 
405.000 0.421 
406.000 0.427 
407.000 0.428 
408.000 0.423 
409.000 0.413 
410.000 0.402 
411.000 0.390 
412.000 0.380 
413.000 0.374 
414.000 0.373 
415.000 0.375 
416.000 0.382 
417.000 0.391 
418.000 0.402 
419.000 0.411 
420.000 0.418 
421.000 0.421 
422.000 0.420 
423.000 0.415 
424.000 0.408 
425.000 0.400 
426.000 0.392 
427.000 0.386 
428.000 0.382 
429.000 0.382 
430.000 0.385 
431.000 0.390 
432.000 0.397 
433.000 0.403 
434.000 0.409 
435.000 0.413 
436.000 0.415 
437.000 0.413 
438.000 0.410 
439.000 0.404 
440.000 0.399 
441.000 0.394 
442.000 0.390 
443.000 0.388 
444.000 0.388 
445.000 0.390 
446.000 0.394 
447.000 0.399 
448.000 0.404 
449.000 0.407 
450.000 0.410 
451.000 0.410 
452.000 0.409 
453.000 0.406 
454.000 0.402 
455.000 0.398 
456.000 0.395 
457.000 0.392 
458.000 0.392 
459.000 0.392 
460.000 0.394 
461.000 0.397 
462.000 0.400 
463.000 0.403 
464.000 0.406 
465.000 0.407 
466.000 0.407 
467.000 0.406 
468.000 0.403 
469.000 0.401 
470.000 0.398 
471.000 0.396 
472.000 0.395 
473.000 0.394 
474.000 0.395 
475.000 0.396 
476.000 0.398 
477.000 0.401 
478.000 0.403 
479.000 0.404 
480.000 0.405 
481.000 0.989 
482.000 1.000 
483.000 1.000 
484.000 1.000 
485.000 1.000 
486.000 1.000 
487.000 1.000 
488.000 1.000 
489.000 1.000 
490.000 1.000 
491.000 1.000 
492.000 0.939 
493.000 0.759 
494.000 0.664 
495.000 0.635 
496.000 0.652 
497.000 0.698 
498.000 0.762 
499.000 0.837 
500.000 0.914 
501.000 0.980 
502.000 1.000 
503.000 1.000 
504.000 1.000 
505.000 1.000 
506.000 0.978 
507.000 0.906 
508.000 0.832 
509.000 0.766 
510.000 0.713 
511.000 0.677 
512.000 0.658 
513.000 0.661 
514.000 0.683 
515.000 0.724 
516.000 0.777 
517.000 0.836 
518.000 0.890 
519.000 0.932 
520.000 0.956 
521.000 0.959 
522.000 0.940 
523.000 0.905 
524.000 0.858 
525.000 0.807 
526.000 0.757 
527.000 0.716 
528.000 0.688 
529.000 0.676 
530.000 0.681 
531.000 0.702 
532.000 0.737 
533.000 0.782 
534.000 0.829 
535.000 0.872 
536.000 0.905 
537.000 0.922 
538.000 0.923 
539.000 0.907 
540.000 0.878 
541.000 0.840 
542.000 0.800 
543.000 0.761 
544.000 0.729 
545.000 0.708 
546.000 0.700 
547.000 0.705 
548.000 0.724 
549.000 0.753 
550.000 0.789 
551.000 0.826 
552.000 0.859 
553.000 0.884 
554.000 0.896 
555.000 0.896 
556.000 0.882 
557.000 0.858 
558.000 0.828 
559.000 0.796 
560.000 0.765 
561.000 0.741 
562.000 0.725 
563.000 0.720 
564.000 0.726 
565.000 0.742 
566.000 0.766 
567.000 0.794 
568.000 0.823 
569.000 0.849 
570.000 0.867 
571.000 0.876 
572.000 0.874 
573.000 0.863 
574.000 0.843 
575.000 0.819 
576.000 0.793 
577.000 0.770 
578.000 0.751 
579.000 0.739 
580.000 0.736 
581.000 0.742 
582.000 0.755 
583.000 0.775 
584.000 0.798 
585.000 0.821 
586.000 0.840 
587.000 0.854 
588.000 0.860 
589.000 0.858 
590.000 0.848 
591.000 0.832 
592.000 0.813 
593.000 0.792 
594.000 0.774 
595.000 0.759 
596.000 0.751 
597.000 0.749 
598.000 0.755 
599.000 0.766 
600.000 0.782 
601.000 1.000 
602.000 1.000 
603.000 1.000 
604.000 1.000 
605.000 1.000 
606.000 1.000 
607.000 1.000 
608.000 1.000 
609.000 1.000 
610.000 1.000 
611.000 1.000 
612.000 1.000 
613.000 1.000 
614.000 1.000 
615.000 1.000 
616.000 1.000 
617.000 1.000 
618.000 1.000 
619.000 1.000 
620.000 1.000 
621.000 1.000 
622.000 1.000 
623.000 1.000 
624.000 1.000 
625.000 1.000 
626.000 1.000 
627.000 1.000 
628.000 1.000 
629.000 1.000 
630.000 1.000 
631.000 1.000 
632.000 1.000 
633.000 1.000 
634.000 1.000 
635.000 1.000 
636.000 1.000 
637.000 1.000 
638.000 1.000 
639.000 1.000 
640.000 1.000 
641.000 1.000 
642.000 1.000 
643.000 1.000 
644.000 1.000 
645.000 1.000 
646.000 1.000 
647.000 1.000 
648.000 1.000 
649.000 1.000 
650.000 1.000 
651.000 1.000 
652.000 1.000 
653.000 1.000 
654.000 1.000 
655.000 1.000 
656.000 1.000 
657.000 1.000 
658.000 1.000 
659.000 1.000 
660.000 1.000 
661.000 1.000 
662.000 1.000 
663.000 1.000 
664.000 1.000 
665.000 1.000 
666.000 1.000 
667.000 1.000 
668.000 1.000 
669.000 1.000 
670.000 1.000 
671.000 1.000 
672.000 1.000 
673.000 1.000 
674.000 1.000 
675.000 1.000 
676.000 1.000 
677.000 1.000 
678.000 1.000 
679.000 1.000 
680.000 1.000 
681.000 1.000 
682.000 1.000 
683.000 1.000 
684.000 1.000 
685.000 1.000 
686.000 1.000 
687.000 1.000 
688.000 1.000 
689.000 1.000 
690.000 1.000 
691.000 1.000 
692.000 1.000 
693.000 1.000 
694.000 1.000 
695.000 1.000 
696.000 1.000 
697.000 1.000 
698.000 1.000 
699.000 1.000 
700.000 1.000 
701.000 1.000 
702.000 1.000 
703.000 1.000 
704.000 1.000 
705.000 1.000 
706.000 1.000 
707.000 1.000 
708.000 1.000 
709.000 1.000 
710.000 1.000 
711.000 1.000 
712.000 1.000 
713.000 1.000 
714.000 1.000 
715.000 1.000 
716.000 1.000 
717.000 1.000 
718.000 1.000 
719.000 1.000 
720.000 1.000 
721.000 1.000 
722.000 1.000 
723.000 1.000 
724.000 1.000 
725.000 1.000 
726.000 1.000 
727.000 1.000 
728.000 1.000 
729.000 1.000 
730.000 1.000 
731.000 1.000 
732.000 1.000 
733.000 1.000 
734.000 1.000 
735.000 1.000 
736.000 1.000 
737.000 1.000 
738.000 1.000 
739.000 1.000 
740.000 1.000 
741.000 1.000 
742.000 1.000 
743.000 1.000 
744.000 1.000 
745.000 1.000 
746.000 1.000 
747.000 1.000 
748.000 1.000 
749.000 1.000 
750.000 1.000 
751.000 1.000 
752.000 1.000 
753.000 1.000 
754.000 1.000 
755.000 1.000 
756.000 1.000 
757.000 1.000 
758.000 1.000 
759.000 1.000 
760.000 1.000 
761.000 1.000 
762.000 1.000 
763.000 1.000 
764.000 1.000 
765.000 1.000 
766.000 1.000 
767.000 1.000 
768.000 1.000 
769.000 1.000 
770.000 1.000 
771.000 1.000 
772.000 1.000 
773.000 1.000 
774.000 1.000 
775.000 1.000 
776.000 1.000 
777.000 1.000 
778.000 1.000 
779.000 1.000 
780.000 1.000 
781.000 1.000 
782.000 1.000 
783.000 1.000 
784.000 1.000 
785.000 1.000 
786.000 1.000 
787.000 1.000 
788.000 1.000 
789.000 1.000 
790.000 1.000 
791.000 1.000 
792.000 1.000 
793.000 1.000 
794.000 1.000 
795.000 1.000 
796.000 1.000 
797.000 1.000 
798.000 1.000 
799.000 1.000 
800.000 1.000 
