1.000 0.000 
2.000 0.000 
3.000 0.000 
4.000 0.000 
5.000 0.000 
6.000 0.000 
7.000 -0.005 
8.000 -0.010 
9.000 -0.015 
10.000 -0.019 
11.000 -0.022 
12.000 -0.026 
13.000 -0.028 
14.000 -0.031 
15.000 -0.033 
16.000 -0.034 
17.000 -0.035 
18.000 -0.036 
19.000 -0.037 
20.000 -0.038 
21.000 -0.039 
22.000 -0.040 
23.000 -0.042 
24.000 -0.043 
25.000 -0.045 
26.000 -0.046 
27.000 -0.048 
28.000 -0.050 
29.000 -0.052 
30.000 -0.053 
31.000 -0.055 
32.000 -0.057 
33.000 -0.059 
34.000 -0.060 
35.000 -0.062 
36.000 -0.064 
37.000 -0.065 
38.000 -0.067 
39.000 -0.068 
40.000 -0.070 
41.000 -0.071 
42.000 -0.072 
43.000 -0.074 
44.000 -0.075 
45.000 -0.077 
46.000 -0.078 
47.000 -0.079 
48.000 -0.081 
49.000 -0.082 
50.000 -0.084 
51.000 -0.085 
52.000 -0.086 
53.000 -0.088 
54.000 -0.089 
55.000 -0.090 
56.000 -0.092 
57.000 -0.093 
58.000 -0.094 
59.000 -0.096 
60.000 -0.097 
61.000 -0.098 
62.000 -0.100 
63.000 -0.101 
64.000 -0.102 
65.000 -0.103 
66.000 -0.105 
67.000 -0.106 
68.000 -0.107 
69.000 -0.108 
70.000 -0.110 
71.000 -0.111 
72.000 -0.112 
73.000 -0.113 
74.000 -0.115 
75.000 -0.116 
76.000 -0.117 
77.000 -0.118 
78.000 -0.119 
79.000 -0.121 
80.000 -0.122 
81.000 -0.123 
82.000 -0.124 
83.000 -0.125 
84.000 -0.126 
85.000 -0.127 
86.000 -0.129 
87.000 -0.130 
88.000 -0.131 
89.000 -0.132 
90.000 -0.133 
91.000 -0.134 
92.000 -0.135 
93.000 -0.136 
94.000 -0.138 
95.000 -0.139 
96.000 -0.140 
97.000 -0.141 
98.000 -0.142 
99.000 -0.143 
100.000 -0.144 
101.000 -0.145 
102.000 -0.146 
103.000 -0.147 
104.000 -0.148 
105.000 -0.149 
106.000 -0.150 
107.000 -0.151 
108.000 -0.152 
109.000 -0.153 
110.000 -0.154 
111.000 -0.155 
112.000 -0.156 
113.000 -0.157 
114.000 -0.158 
115.000 -0.159 
116.000 -0.160 
117.000 -0.161 
118.000 -0.162 
119.000 -0.163 
120.000 -0.164 
121.000 -0.163 
122.000 -0.162 
123.000 -0.161 
124.000 -0.160 
125.000 -0.159 
126.000 -0.159 
127.000 -0.159 
128.000 -0.159 
129.000 -0.159 
130.000 -0.159 
131.000 -0.159 
132.000 -0.160 
133.000 -0.160 
134.000 -0.161 
135.000 -0.161 
136.000 -0.161 
137.000 -0.161 
138.000 -0.162 
139.000 -0.162 
140.000 -0.162 
141.000 -0.162 
142.000 -0.162 
143.000 -0.162 
144.000 -0.162 
145.000 -0.162 
146.000 -0.162 
147.000 -0.162 
148.000 -0.162 
149.000 -0.162 
150.000 -0.162 
151.000 -0.162 
152.000 -0.163 
153.000 -0.163 
154.000 -0.163 
155.000 -0.163 
156.000 -0.163 
157.000 -0.163 
158.000 -0.163 
159.000 -0.163 
160.000 -0.163 
161.000 -0.163 
162.000 -0.164 
163.000 -0.164 
164.000 -0.164 
165.000 -0.164 
166.000 -0.164 
167.000 -0.164 
168.000 -0.164 
169.000 -0.164 
170.000 -0.164 
171.000 -0.164 
172.000 -0.164 
173.000 -0.164 
174.000 -0.165 
175.000 -0.165 
176.000 -0.165 
177.000 -0.165 
178.000 -0.165 
179.000 -0.165 
180.000 -0.165 
181.000 -0.165 
182.000 -0.165 
183.000 -0.165 
184.000 -0.165 
185.000 -0.165 
186.000 -0.166 
187.000 -0.166 
188.000 -0.166 
189.000 -0.166 
190.000 -0.166 
191.000 -0.166 
192.000 -0.166 
193.000 -0.166 
194.000 -0.166 
195.000 -0.166 
196.000 -0.166 
197.000 -0.166 
198.000 -0.166 
199.000 -0.167 
200.000 -0.167 
201.000 -0.167 
202.000 -0.167 
203.000 -0.167 
204.000 -0.167 
205.000 -0.167 
206.000 -0.167 
207.000 -0.167 
208.000 -0.167 
209.000 -0.167 
210.000 -0.167 
211.000 -0.167 
212.000 -0.167 
213.000 -0.168 
214.000 -0.168 
215.000 -0.168 
216.000 -0.168 
217.000 -0.168 
218.000 -0.168 
219.000 -0.168 
220.000 -0.168 
221.000 -0.168 
222.000 -0.168 
223.000 -0.168 
224.000 -0.168 
225.000 -0.168 
226.000 -0.168 
227.000 -0.169 
228.000 -0.169 
229.000 -0.169 
230.000 -0.169 
231.000 -0.169 
232.000 -0.169 
233.000 -0.169 
234.000 -0.169 
235.000 -0.169 
236.000 -0.169 
237.000 -0.169 
238.000 -0.169 
239.000 -0.169 
240.000 -0.169 
241.000 -0.157 
242.000 -0.145 
243.000 -0.134 
244.000 -0.124 
245.000 -0.115 
246.000 -0.107 
247.000 -0.101 
248.000 -0.095 
249.000 -0.090 
250.000 -0.087 
251.000 -0.083 
252.000 -0.080 
253.000 -0.077 
254.000 -0.074 
255.000 -0.071 
256.000 -0.068 
257.000 -0.065 
258.000 -0.061 
259.000 -0.057 
260.000 -0.052 
261.000 -0.048 
262.000 -0.043 
263.000 -0.038 
264.000 -0.034 
265.000 -0.029 
266.000 -0.025 
267.000 -0.020 
268.000 -0.016 
269.000 -0.011 
270.000 -0.007 
271.000 -0.003 
272.000 0.001 
273.000 0.004 
274.000 0.008 
275.000 0.012 
276.000 0.015 
277.000 0.019 
278.000 0.023 
279.000 0.026 
280.000 0.030 
281.000 0.033 
282.000 0.037 
283.000 0.040 
284.000 0.044 
285.000 0.047 
286.000 0.050 
287.000 0.054 
288.000 0.057 
289.000 0.060 
290.000 0.063 
291.000 0.066 
292.000 0.070 
293.000 0.073 
294.000 0.075 
295.000 0.078 
296.000 0.081 
297.000 0.084 
298.000 0.087 
299.000 0.089 
300.000 0.092 
301.000 0.095 
302.000 0.097 
303.000 0.100 
304.000 0.102 
305.000 0.105 
306.000 0.107 
307.000 0.109 
308.000 0.112 
309.000 0.114 
310.000 0.116 
311.000 0.118 
312.000 0.120 
313.000 0.122 
314.000 0.124 
315.000 0.126 
316.000 0.128 
317.000 0.130 
318.000 0.132 
319.000 0.134 
320.000 0.136 
321.000 0.137 
322.000 0.139 
323.000 0.141 
324.000 0.142 
325.000 0.144 
326.000 0.145 
327.000 0.147 
328.000 0.148 
329.000 0.150 
330.000 0.151 
331.000 0.152 
332.000 0.154 
333.000 0.155 
334.000 0.156 
335.000 0.158 
336.000 0.159 
337.000 0.160 
338.000 0.161 
339.000 0.162 
340.000 0.163 
341.000 0.164 
342.000 0.165 
343.000 0.166 
344.000 0.167 
345.000 0.168 
346.000 0.169 
347.000 0.170 
348.000 0.171 
349.000 0.172 
350.000 0.172 
351.000 0.173 
352.000 0.174 
353.000 0.175 
354.000 0.175 
355.000 0.176 
356.000 0.177 
357.000 0.177 
358.000 0.178 
359.000 0.179 
360.000 0.179 
361.000 0.203 
362.000 0.226 
363.000 0.247 
364.000 0.267 
365.000 0.284 
366.000 0.299 
367.000 0.312 
368.000 0.322 
369.000 0.329 
370.000 0.335 
371.000 0.338 
372.000 0.339 
373.000 0.339 
374.000 0.339 
375.000 0.338 
376.000 0.337 
377.000 0.336 
378.000 0.336 
379.000 0.337 
380.000 0.339 
381.000 0.341 
382.000 0.345 
383.000 0.349 
384.000 0.353 
385.000 0.358 
386.000 0.363 
387.000 0.368 
388.000 0.373 
389.000 0.377 
390.000 0.381 
391.000 0.384 
392.000 0.386 
393.000 0.388 
394.000 0.389 
395.000 0.390 
396.000 0.390 
397.000 0.390 
398.000 0.389 
399.000 0.389 
400.000 0.388 
401.000 0.387 
402.000 0.387 
403.000 0.387 
404.000 0.387 
405.000 0.388 
406.000 0.388 
407.000 0.389 
408.000 0.390 
409.000 0.391 
410.000 0.393 
411.000 0.394 
412.000 0.395 
413.000 0.396 
414.000 0.397 
415.000 0.398 
416.000 0.399 
417.000 0.399 
418.000 0.399 
419.000 0.399 
420.000 0.399 
421.000 0.399 
422.000 0.399 
423.000 0.398 
424.000 0.398 
425.000 0.398 
426.000 0.397 
427.000 0.397 
428.000 0.397 
429.000 0.397 
430.000 0.397 
431.000 0.397 
432.000 0.398 
433.000 0.398 
434.000 0.398 
435.000 0.399 
436.000 0.399 
437.000 0.399 
438.000 0.400 
439.000 0.400 
440.000 0.400 
441.000 0.400 
442.000 0.400 
443.000 0.400 
444.000 0.400 
445.000 0.400 
446.000 0.400 
447.000 0.400 
448.000 0.400 
449.000 0.400 
450.000 0.399 
451.000 0.399 
452.000 0.399 
453.000 0.399 
454.000 0.399 
455.000 0.399 
456.000 0.399 
457.000 0.399 
458.000 0.400 
459.000 0.400 
460.000 0.400 
461.000 0.400 
462.000 0.400 
463.000 0.400 
464.000 0.400 
465.000 0.400 
466.000 0.400 
467.000 0.400 
468.000 0.400 
469.000 0.400 
470.000 0.400 
471.000 0.400 
472.000 0.400 
473.000 0.400 
474.000 0.400 
475.000 0.400 
476.000 0.400 
477.000 0.400 
478.000 0.400 
479.000 0.400 
480.000 0.400 
481.000 0.497 
482.000 0.591 
483.000 0.678 
484.000 0.758 
485.000 0.830 
486.000 0.892 
487.000 0.942 
488.000 0.980 
489.000 1.000 
490.000 1.000 
491.000 1.000 
492.000 1.000 
493.000 0.987 
494.000 0.959 
495.000 0.923 
496.000 0.884 
497.000 0.841 
498.000 0.797 
499.000 0.754 
500.000 0.714 
501.000 0.678 
502.000 0.648 
503.000 0.626 
504.000 0.613 
505.000 0.609 
506.000 0.615 
507.000 0.631 
508.000 0.654 
509.000 0.686 
510.000 0.723 
511.000 0.763 
512.000 0.804 
513.000 0.845 
514.000 0.882 
515.000 0.915 
516.000 0.941 
517.000 0.959 
518.000 0.970 
519.000 0.973 
520.000 0.967 
521.000 0.954 
522.000 0.934 
523.000 0.909 
524.000 0.879 
525.000 0.846 
526.000 0.812 
527.000 0.777 
528.000 0.744 
529.000 0.714 
530.000 0.689 
531.000 0.669 
532.000 0.656 
533.000 0.650 
534.000 0.652 
535.000 0.661 
536.000 0.677 
537.000 0.699 
538.000 0.726 
539.000 0.757 
540.000 0.789 
541.000 0.821 
542.000 0.852 
543.000 0.879 
544.000 0.902 
545.000 0.919 
546.000 0.931 
547.000 0.936 
548.000 0.934 
549.000 0.926 
550.000 0.913 
551.000 0.895 
552.000 0.872 
553.000 0.847 
554.000 0.820 
555.000 0.793 
556.000 0.766 
557.000 0.741 
558.000 0.720 
559.000 0.702 
560.000 0.690 
561.000 0.683 
562.000 0.682 
563.000 0.686 
564.000 0.697 
565.000 0.712 
566.000 0.732 
567.000 0.755 
568.000 0.780 
569.000 0.805 
570.000 0.830 
571.000 0.852 
572.000 0.872 
573.000 0.888 
574.000 0.899 
575.000 0.906 
576.000 0.907 
577.000 0.903 
578.000 0.894 
579.000 0.881 
580.000 0.865 
581.000 0.846 
582.000 0.825 
583.000 0.804 
584.000 0.782 
585.000 0.762 
586.000 0.743 
587.000 0.728 
588.000 0.717 
589.000 0.709 
590.000 0.706 
591.000 0.708 
592.000 0.714 
593.000 0.725 
594.000 0.739 
595.000 0.756 
596.000 0.775 
597.000 0.795 
598.000 0.815 
599.000 0.833 
600.000 0.850 
601.000 0.937 
602.000 1.000 
603.000 1.000 
604.000 1.000 
605.000 1.000 
606.000 1.000 
607.000 1.000 
608.000 1.000 
609.000 1.000 
610.000 1.000 
611.000 1.000 
612.000 1.000 
613.000 1.000 
614.000 1.000 
615.000 1.000 
616.000 1.000 
617.000 1.000 
618.000 1.000 
619.000 1.000 
620.000 1.000 
621.000 1.000 
622.000 1.000 
623.000 1.000 
624.000 1.000 
625.000 1.000 
626.000 1.000 
627.000 1.000 
628.000 1.000 
629.000 1.000 
630.000 1.000 
631.000 1.000 
632.000 1.000 
633.000 1.000 
634.000 1.000 
635.000 1.000 
636.000 1.000 
637.000 1.000 
638.000 1.000 
639.000 1.000 
640.000 1.000 
641.000 1.000 
642.000 1.000 
643.000 1.000 
644.000 1.000 
645.000 1.000 
646.000 1.000 
647.000 1.000 
648.000 1.000 
649.000 1.000 
650.000 1.000 
651.000 1.000 
652.000 1.000 
653.000 1.000 
654.000 1.000 
655.000 1.000 
656.000 1.000 
657.000 1.000 
658.000 1.000 
659.000 1.000 
660.000 1.000 
661.000 1.000 
662.000 1.000 
663.000 1.000 
664.000 1.000 
665.000 1.000 
666.000 1.000 
667.000 1.000 
668.000 1.000 
669.000 1.000 
670.000 1.000 
671.000 1.000 
672.000 1.000 
673.000 1.000 
674.000 1.000 
675.000 1.000 
676.000 1.000 
677.000 1.000 
678.000 1.000 
679.000 1.000 
680.000 1.000 
681.000 1.000 
682.000 1.000 
683.000 1.000 
684.000 1.000 
685.000 1.000 
686.000 1.000 
687.000 1.000 
688.000 1.000 
689.000 1.000 
690.000 1.000 
691.000 1.000 
692.000 1.000 
693.000 1.000 
694.000 1.000 
695.000 1.000 
696.000 1.000 
697.000 1.000 
698.000 1.000 
699.000 1.000 
700.000 1.000 
701.000 1.000 
702.000 1.000 
703.000 1.000 
704.000 1.000 
705.000 1.000 
706.000 1.000 
707.000 1.000 
708.000 1.000 
709.000 1.000 
710.000 1.000 
711.000 1.000 
712.000 1.000 
713.000 1.000 
714.000 1.000 
715.000 1.000 
716.000 1.000 
717.000 1.000 
718.000 1.000 
719.000 1.000 
720.000 1.000 
721.000 1.000 
722.000 1.000 
723.000 1.000 
724.000 1.000 
725.000 1.000 
726.000 1.000 
727.000 1.000 
728.000 1.000 
729.000 1.000 
730.000 1.000 
731.000 1.000 
732.000 1.000 
733.000 1.000 
734.000 1.000 
735.000 1.000 
736.000 1.000 
737.000 1.000 
738.000 1.000 
739.000 1.000 
740.000 1.000 
741.000 1.000 
742.000 1.000 
743.000 1.000 
744.000 1.000 
745.000 1.000 
746.000 1.000 
747.000 1.000 
748.000 1.000 
749.000 1.000 
750.000 1.000 
751.000 1.000 
752.000 1.000 
753.000 1.000 
754.000 1.000 
755.000 1.000 
756.000 1.000 
757.000 1.000 
758.000 1.000 
759.000 1.000 
760.000 1.000 
761.000 1.000 
762.000 1.000 
763.000 1.000 
764.000 1.000 
765.000 1.000 
766.000 1.000 
767.000 1.000 
768.000 1.000 
769.000 1.000 
770.000 1.000 
771.000 1.000 
772.000 1.000 
773.000 1.000 
774.000 1.000 
775.000 1.000 
776.000 1.000 
777.000 1.000 
778.000 1.000 
779.000 1.000 
780.000 1.000 
781.000 1.000 
782.000 1.000 
783.000 1.000 
784.000 1.000 
785.000 1.000 
786.000 1.000 
787.000 1.000 
788.000 1.000 
789.000 1.000 
790.000 1.000 
791.000 1.000 
792.000 1.000 
793.000 1.000 
794.000 1.000 
795.000 1.000 
796.000 1.000 
797.000 1.000 
798.000 1.000 
799.000 1.000 
800.000 1.000 
