1.000 0.000 
2.000 0.000 
3.000 0.000 
4.000 0.000 
5.000 0.000 
6.000 0.000 
7.000 -0.011 
8.000 -0.019 
9.000 -0.024 
10.000 -0.028 
11.000 -0.030 
12.000 -0.031 
13.000 -0.031 
14.000 -0.031 
15.000 -0.031 
16.000 -0.031 
17.000 -0.031 
18.000 -0.032 
19.000 -0.034 
20.000 -0.036 
21.000 -0.038 
22.000 -0.040 
23.000 -0.043 
24.000 -0.045 
25.000 -0.047 
26.000 -0.049 
27.000 -0.050 
28.000 -0.052 
29.000 -0.053 
30.000 -0.054 
31.000 -0.056 
32.000 -0.057 
33.000 -0.059 
34.000 -0.060 
35.000 -0.061 
36.000 -0.063 
37.000 -0.065 
38.000 -0.066 
39.000 -0.068 
40.000 -0.069 
41.000 -0.071 
42.000 -0.072 
43.000 -0.074 
44.000 -0.075 
45.000 -0.076 
46.000 -0.078 
47.000 -0.079 
48.000 -0.080 
49.000 -0.082 
50.000 -0.083 
51.000 -0.084 
52.000 -0.086 
53.000 -0.087 
54.000 -0.088 
55.000 -0.090 
56.000 -0.091 
57.000 -0.092 
58.000 -0.094 
59.000 -0.095 
60.000 -0.096 
61.000 -0.098 
62.000 -0.099 
63.000 -0.100 
64.000 -0.101 
65.000 -0.103 
66.000 -0.104 
67.000 -0.105 
68.000 -0.106 
69.000 -0.107 
70.000 -0.109 
71.000 -0.110 
72.000 -0.111 
73.000 -0.112 
74.000 -0.113 
75.000 -0.115 
76.000 -0.116 
77.000 -0.117 
78.000 -0.118 
79.000 -0.119 
80.000 -0.120 
81.000 -0.122 
82.000 -0.123 
83.000 -0.124 
84.000 -0.125 
85.000 -0.126 
86.000 -0.127 
87.000 -0.128 
88.000 -0.129 
89.000 -0.131 
90.000 -0.132 
91.000 -0.133 
92.000 -0.134 
93.000 -0.135 
94.000 -0.136 
95.000 -0.137 
96.000 -0.138 
97.000 -0.139 
98.000 -0.140 
99.000 -0.141 
100.000 -0.142 
101.000 -0.143 
102.000 -0.144 
103.000 -0.145 
104.000 -0.146 
105.000 -0.147 
106.000 -0.148 
107.000 -0.149 
108.000 -0.150 
109.000 -0.151 
110.000 -0.152 
111.000 -0.153 
112.000 -0.154 
113.000 -0.155 
114.000 -0.156 
115.000 -0.157 
116.000 -0.158 
117.000 -0.159 
118.000 -0.160 
119.000 -0.161 
120.000 -0.162 
121.000 -0.159 
122.000 -0.156 
123.000 -0.155 
124.000 -0.154 
125.000 -0.154 
126.000 -0.155 
127.000 -0.155 
128.000 -0.156 
129.000 -0.157 
130.000 -0.158 
131.000 -0.159 
132.000 -0.159 
133.000 -0.159 
134.000 -0.159 
135.000 -0.159 
136.000 -0.159 
137.000 -0.159 
138.000 -0.159 
139.000 -0.159 
140.000 -0.159 
141.000 -0.159 
142.000 -0.159 
143.000 -0.159 
144.000 -0.159 
145.000 -0.159 
146.000 -0.160 
147.000 -0.160 
148.000 -0.160 
149.000 -0.160 
150.000 -0.160 
151.000 -0.160 
152.000 -0.160 
153.000 -0.160 
154.000 -0.160 
155.000 -0.160 
156.000 -0.160 
157.000 -0.161 
158.000 -0.161 
159.000 -0.161 
160.000 -0.161 
161.000 -0.161 
162.000 -0.161 
163.000 -0.161 
164.000 -0.161 
165.000 -0.161 
166.000 -0.161 
167.000 -0.162 
168.000 -0.162 
169.000 -0.162 
170.000 -0.162 
171.000 -0.162 
172.000 -0.162 
173.000 -0.162 
174.000 -0.162 
175.000 -0.162 
176.000 -0.162 
177.000 -0.162 
178.000 -0.163 
179.000 -0.163 
180.000 -0.163 
181.000 -0.163 
182.000 -0.163 
183.000 -0.163 
184.000 -0.163 
185.000 -0.163 
186.000 -0.163 
187.000 -0.163 
188.000 -0.163 
189.000 -0.164 
190.000 -0.164 
191.000 -0.164 
192.000 -0.164 
193.000 -0.164 
194.000 -0.164 
195.000 -0.164 
196.000 -0.164 
197.000 -0.164 
198.000 -0.164 
199.000 -0.164 
200.000 -0.164 
201.000 -0.165 
202.000 -0.165 
203.000 -0.165 
204.000 -0.165 
205.000 -0.165 
206.000 -0.165 
207.000 -0.165 
208.000 -0.165 
209.000 -0.165 
210.000 -0.165 
211.000 -0.165 
212.000 -0.165 
213.000 -0.165 
214.000 -0.166 
215.000 -0.166 
216.000 -0.166 
217.000 -0.166 
218.000 -0.166 
219.000 -0.166 
220.000 -0.166 
221.000 -0.166 
222.000 -0.166 
223.000 -0.166 
224.000 -0.166 
225.000 -0.166 
226.000 -0.166 
227.000 -0.167 
228.000 -0.167 
229.000 -0.167 
230.000 -0.167 
231.000 -0.167 
232.000 -0.167 
233.000 -0.167 
234.000 -0.167 
235.000 -0.167 
236.000 -0.167 
237.000 -0.167 
238.000 -0.167 
239.000 -0.167 
240.000 -0.167 
241.000 -0.142 
242.000 -0.122 
243.000 -0.109 
244.000 -0.100 
245.000 -0.095 
246.000 -0.092 
247.000 -0.092 
248.000 -0.092 
249.000 -0.092 
250.000 -0.091 
251.000 -0.089 
252.000 -0.086 
253.000 -0.082 
254.000 -0.077 
255.000 -0.071 
256.000 -0.065 
257.000 -0.060 
258.000 -0.054 
259.000 -0.049 
260.000 -0.045 
261.000 -0.040 
262.000 -0.037 
263.000 -0.033 
264.000 -0.029 
265.000 -0.026 
266.000 -0.022 
267.000 -0.018 
268.000 -0.014 
269.000 -0.011 
270.000 -0.007 
271.000 -0.003 
272.000 0.001 
273.000 0.005 
274.000 0.009 
275.000 0.013 
276.000 0.017 
277.000 0.020 
278.000 0.024 
279.000 0.027 
280.000 0.031 
281.000 0.034 
282.000 0.037 
283.000 0.041 
284.000 0.044 
285.000 0.047 
286.000 0.050 
287.000 0.054 
288.000 0.057 
289.000 0.060 
290.000 0.063 
291.000 0.066 
292.000 0.069 
293.000 0.072 
294.000 0.075 
295.000 0.077 
296.000 0.080 
297.000 0.083 
298.000 0.085 
299.000 0.088 
300.000 0.091 
301.000 0.093 
302.000 0.096 
303.000 0.098 
304.000 0.101 
305.000 0.103 
306.000 0.105 
307.000 0.108 
308.000 0.110 
309.000 0.112 
310.000 0.114 
311.000 0.116 
312.000 0.118 
313.000 0.120 
314.000 0.122 
315.000 0.124 
316.000 0.126 
317.000 0.128 
318.000 0.130 
319.000 0.132 
320.000 0.133 
321.000 0.135 
322.000 0.137 
323.000 0.138 
324.000 0.140 
325.000 0.141 
326.000 0.143 
327.000 0.144 
328.000 0.146 
329.000 0.147 
330.000 0.149 
331.000 0.150 
332.000 0.151 
333.000 0.153 
334.000 0.154 
335.000 0.155 
336.000 0.156 
337.000 0.157 
338.000 0.159 
339.000 0.160 
340.000 0.161 
341.000 0.162 
342.000 0.163 
343.000 0.164 
344.000 0.165 
345.000 0.166 
346.000 0.167 
347.000 0.168 
348.000 0.168 
349.000 0.169 
350.000 0.170 
351.000 0.171 
352.000 0.172 
353.000 0.173 
354.000 0.173 
355.000 0.174 
356.000 0.175 
357.000 0.175 
358.000 0.176 
359.000 0.177 
360.000 0.177 
361.000 0.226 
362.000 0.263 
363.000 0.289 
364.000 0.306 
365.000 0.317 
366.000 0.321 
367.000 0.321 
368.000 0.318 
369.000 0.313 
370.000 0.308 
371.000 0.304 
372.000 0.302 
373.000 0.302 
374.000 0.305 
375.000 0.310 
376.000 0.317 
377.000 0.326 
378.000 0.334 
379.000 0.343 
380.000 0.351 
381.000 0.358 
382.000 0.364 
383.000 0.368 
384.000 0.370 
385.000 0.371 
386.000 0.371 
387.000 0.371 
388.000 0.370 
389.000 0.370 
390.000 0.369 
391.000 0.369 
392.000 0.370 
393.000 0.372 
394.000 0.374 
395.000 0.376 
396.000 0.379 
397.000 0.381 
398.000 0.384 
399.000 0.386 
400.000 0.388 
401.000 0.390 
402.000 0.391 
403.000 0.391 
404.000 0.392 
405.000 0.392 
406.000 0.392 
407.000 0.391 
408.000 0.391 
409.000 0.391 
410.000 0.391 
411.000 0.391 
412.000 0.392 
413.000 0.392 
414.000 0.393 
415.000 0.394 
416.000 0.395 
417.000 0.396 
418.000 0.396 
419.000 0.397 
420.000 0.397 
421.000 0.398 
422.000 0.398 
423.000 0.398 
424.000 0.398 
425.000 0.398 
426.000 0.398 
427.000 0.398 
428.000 0.398 
429.000 0.398 
430.000 0.398 
431.000 0.398 
432.000 0.398 
433.000 0.398 
434.000 0.398 
435.000 0.399 
436.000 0.399 
437.000 0.399 
438.000 0.399 
439.000 0.399 
440.000 0.399 
441.000 0.399 
442.000 0.399 
443.000 0.399 
444.000 0.399 
445.000 0.399 
446.000 0.399 
447.000 0.399 
448.000 0.399 
449.000 0.399 
450.000 0.399 
451.000 0.399 
452.000 0.399 
453.000 0.400 
454.000 0.400 
455.000 0.400 
456.000 0.400 
457.000 0.400 
458.000 0.400 
459.000 0.400 
460.000 0.400 
461.000 0.400 
462.000 0.400 
463.000 0.400 
464.000 0.400 
465.000 0.400 
466.000 0.400 
467.000 0.400 
468.000 0.400 
469.000 0.400 
470.000 0.400 
471.000 0.400 
472.000 0.400 
473.000 0.400 
474.000 0.400 
475.000 0.400 
476.000 0.400 
477.000 0.400 
478.000 0.400 
479.000 0.400 
480.000 0.400 
481.000 0.604 
482.000 0.756 
483.000 0.863 
484.000 0.934 
485.000 0.976 
486.000 0.992 
487.000 0.986 
488.000 0.963 
489.000 0.928 
490.000 0.887 
491.000 0.842 
492.000 0.797 
493.000 0.757 
494.000 0.722 
495.000 0.695 
496.000 0.677 
497.000 0.669 
498.000 0.671 
499.000 0.683 
500.000 0.702 
501.000 0.728 
502.000 0.759 
503.000 0.790 
504.000 0.820 
505.000 0.847 
506.000 0.868 
507.000 0.883 
508.000 0.890 
509.000 0.890 
510.000 0.883 
511.000 0.871 
512.000 0.855 
513.000 0.837 
514.000 0.817 
515.000 0.798 
516.000 0.780 
517.000 0.765 
518.000 0.754 
519.000 0.747 
520.000 0.744 
521.000 0.746 
522.000 0.752 
523.000 0.761 
524.000 0.773 
525.000 0.786 
526.000 0.799 
527.000 0.811 
528.000 0.822 
529.000 0.830 
530.000 0.836 
531.000 0.838 
532.000 0.838 
533.000 0.835 
534.000 0.829 
535.000 0.822 
536.000 0.814 
537.000 0.805 
538.000 0.797 
539.000 0.789 
540.000 0.783 
541.000 0.779 
542.000 0.776 
543.000 0.776 
544.000 0.777 
545.000 0.780 
546.000 0.784 
547.000 0.789 
548.000 0.795 
549.000 0.801 
550.000 0.806 
551.000 0.810 
552.000 0.814 
553.000 0.816 
554.000 0.816 
555.000 0.816 
556.000 0.814 
557.000 0.812 
558.000 0.809 
559.000 0.805 
560.000 0.801 
561.000 0.798 
562.000 0.795 
563.000 0.792 
564.000 0.790 
565.000 0.789 
566.000 0.789 
567.000 0.790 
568.000 0.792 
569.000 0.794 
570.000 0.796 
571.000 0.798 
572.000 0.801 
573.000 0.803 
574.000 0.805 
575.000 0.806 
576.000 0.807 
577.000 0.807 
578.000 0.807 
579.000 0.806 
580.000 0.805 
581.000 0.803 
582.000 0.802 
583.000 0.800 
584.000 0.799 
585.000 0.797 
586.000 0.796 
587.000 0.796 
588.000 0.795 
589.000 0.795 
590.000 0.796 
591.000 0.797 
592.000 0.797 
593.000 0.798 
594.000 0.800 
595.000 0.801 
596.000 0.801 
597.000 0.802 
598.000 0.803 
599.000 0.803 
600.000 0.803 
601.000 0.956 
602.000 1.000 
603.000 1.000 
604.000 1.000 
605.000 1.000 
606.000 1.000 
607.000 1.000 
608.000 1.000 
609.000 1.000 
610.000 1.000 
611.000 1.000 
612.000 1.000 
613.000 1.000 
614.000 1.000 
615.000 1.000 
616.000 1.000 
617.000 1.000 
618.000 1.000 
619.000 1.000 
620.000 1.000 
621.000 1.000 
622.000 1.000 
623.000 1.000 
624.000 1.000 
625.000 1.000 
626.000 1.000 
627.000 1.000 
628.000 1.000 
629.000 1.000 
630.000 1.000 
631.000 1.000 
632.000 1.000 
633.000 1.000 
634.000 1.000 
635.000 1.000 
636.000 1.000 
637.000 1.000 
638.000 1.000 
639.000 1.000 
640.000 1.000 
641.000 1.000 
642.000 1.000 
643.000 1.000 
644.000 1.000 
645.000 1.000 
646.000 1.000 
647.000 1.000 
648.000 1.000 
649.000 1.000 
650.000 1.000 
651.000 1.000 
652.000 1.000 
653.000 1.000 
654.000 1.000 
655.000 1.000 
656.000 1.000 
657.000 1.000 
658.000 1.000 
659.000 1.000 
660.000 1.000 
661.000 1.000 
662.000 1.000 
663.000 1.000 
664.000 1.000 
665.000 1.000 
666.000 1.000 
667.000 1.000 
668.000 1.000 
669.000 1.000 
670.000 1.000 
671.000 1.000 
672.000 1.000 
673.000 1.000 
674.000 1.000 
675.000 1.000 
676.000 1.000 
677.000 1.000 
678.000 1.000 
679.000 1.000 
680.000 1.000 
681.000 1.000 
682.000 1.000 
683.000 1.000 
684.000 1.000 
685.000 1.000 
686.000 1.000 
687.000 1.000 
688.000 1.000 
689.000 1.000 
690.000 1.000 
691.000 1.000 
692.000 1.000 
693.000 1.000 
694.000 1.000 
695.000 1.000 
696.000 1.000 
697.000 1.000 
698.000 1.000 
699.000 1.000 
700.000 1.000 
701.000 1.000 
702.000 1.000 
703.000 1.000 
704.000 1.000 
705.000 1.000 
706.000 1.000 
707.000 1.000 
708.000 1.000 
709.000 1.000 
710.000 1.000 
711.000 1.000 
712.000 1.000 
713.000 1.000 
714.000 1.000 
715.000 1.000 
716.000 1.000 
717.000 1.000 
718.000 1.000 
719.000 1.000 
720.000 1.000 
721.000 1.000 
722.000 1.000 
723.000 1.000 
724.000 1.000 
725.000 1.000 
726.000 1.000 
727.000 1.000 
728.000 1.000 
729.000 1.000 
730.000 1.000 
731.000 1.000 
732.000 1.000 
733.000 1.000 
734.000 1.000 
735.000 1.000 
736.000 1.000 
737.000 1.000 
738.000 1.000 
739.000 1.000 
740.000 1.000 
741.000 1.000 
742.000 1.000 
743.000 1.000 
744.000 1.000 
745.000 1.000 
746.000 1.000 
747.000 1.000 
748.000 1.000 
749.000 1.000 
750.000 1.000 
751.000 1.000 
752.000 1.000 
753.000 1.000 
754.000 1.000 
755.000 1.000 
756.000 1.000 
757.000 1.000 
758.000 1.000 
759.000 1.000 
760.000 1.000 
761.000 1.000 
762.000 1.000 
763.000 1.000 
764.000 1.000 
765.000 1.000 
766.000 1.000 
767.000 1.000 
768.000 1.000 
769.000 1.000 
770.000 1.000 
771.000 1.000 
772.000 1.000 
773.000 1.000 
774.000 1.000 
775.000 1.000 
776.000 1.000 
777.000 1.000 
778.000 1.000 
779.000 1.000 
780.000 1.000 
781.000 1.000 
782.000 1.000 
783.000 1.000 
784.000 1.000 
785.000 1.000 
786.000 1.000 
787.000 1.000 
788.000 1.000 
789.000 1.000 
790.000 1.000 
791.000 1.000 
792.000 1.000 
793.000 1.000 
794.000 1.000 
795.000 1.000 
796.000 1.000 
797.000 1.000 
798.000 1.000 
799.000 1.000 
800.000 1.000 
