1.000 0.000 
2.000 0.000 
3.000 0.000 
4.000 0.000 
5.000 0.000 
6.000 0.000 
7.000 -0.024 
8.000 -0.036 
9.000 -0.039 
10.000 -0.039 
11.000 -0.036 
12.000 -0.033 
13.000 -0.030 
14.000 -0.028 
15.000 -0.028 
16.000 -0.031 
17.000 -0.034 
18.000 -0.038 
19.000 -0.042 
20.000 -0.046 
21.000 -0.049 
22.000 -0.051 
23.000 -0.052 
24.000 -0.053 
25.000 -0.054 
26.000 -0.055 
27.000 -0.056 
28.000 -0.058 
29.000 -0.059 
30.000 -0.062 
31.000 -0.064 
32.000 -0.066 
33.000 -0.068 
34.000 -0.069 
35.000 -0.071 
36.000 -0.072 
37.000 -0.074 
38.000 -0.075 
39.000 -0.077 
40.000 -0.078 
41.000 -0.080 
42.000 -0.082 
43.000 -0.083 
44.000 -0.085 
45.000 -0.086 
46.000 -0.088 
47.000 -0.089 
48.000 -0.091 
49.000 -0.092 
50.000 -0.094 
51.000 -0.095 
52.000 -0.097 
53.000 -0.098 
54.000 -0.100 
55.000 -0.101 
56.000 -0.102 
57.000 -0.104 
58.000 -0.105 
59.000 -0.107 
60.000 -0.108 
61.000 -0.109 
62.000 -0.111 
63.000 -0.112 
64.000 -0.114 
65.000 -0.115 
66.000 -0.116 
67.000 -0.118 
68.000 -0.119 
69.000 -0.120 
70.000 -0.121 
71.000 -0.123 
72.000 -0.124 
73.000 -0.125 
74.000 -0.127 
75.000 -0.128 
76.000 -0.129 
77.000 -0.130 
78.000 -0.132 
79.000 -0.133 
80.000 -0.134 
81.000 -0.135 
82.000 -0.137 
83.000 -0.138 
84.000 -0.139 
85.000 -0.140 
86.000 -0.141 
87.000 -0.143 
88.000 -0.144 
89.000 -0.145 
90.000 -0.146 
91.000 -0.147 
92.000 -0.149 
93.000 -0.150 
94.000 -0.151 
95.000 -0.152 
96.000 -0.153 
97.000 -0.154 
98.000 -0.155 
99.000 -0.157 
100.000 -0.158 
101.000 -0.159 
102.000 -0.160 
103.000 -0.161 
104.000 -0.162 
105.000 -0.163 
106.000 -0.164 
107.000 -0.165 
108.000 -0.166 
109.000 -0.168 
110.000 -0.169 
111.000 -0.170 
112.000 -0.171 
113.000 -0.172 
114.000 -0.173 
115.000 -0.174 
116.000 -0.175 
117.000 -0.176 
118.000 -0.177 
119.000 -0.178 
120.000 -0.179 
121.000 -0.170 
122.000 -0.166 
123.000 -0.165 
124.000 -0.167 
125.000 -0.169 
126.000 -0.171 
127.000 -0.173 
128.000 -0.174 
129.000 -0.175 
130.000 -0.175 
131.000 -0.174 
132.000 -0.173 
133.000 -0.172 
134.000 -0.172 
135.000 -0.172 
136.000 -0.172 
137.000 -0.172 
138.000 -0.173 
139.000 -0.173 
140.000 -0.173 
141.000 -0.173 
142.000 -0.174 
143.000 -0.173 
144.000 -0.173 
145.000 -0.173 
146.000 -0.173 
147.000 -0.173 
148.000 -0.173 
149.000 -0.173 
150.000 -0.174 
151.000 -0.174 
152.000 -0.174 
153.000 -0.174 
154.000 -0.174 
155.000 -0.174 
156.000 -0.174 
157.000 -0.174 
158.000 -0.174 
159.000 -0.174 
160.000 -0.174 
161.000 -0.174 
162.000 -0.174 
163.000 -0.174 
164.000 -0.174 
165.000 -0.174 
166.000 -0.174 
167.000 -0.175 
168.000 -0.175 
169.000 -0.175 
170.000 -0.175 
171.000 -0.175 
172.000 -0.175 
173.000 -0.175 
174.000 -0.175 
175.000 -0.175 
176.000 -0.175 
177.000 -0.175 
178.000 -0.175 
179.000 -0.175 
180.000 -0.175 
181.000 -0.175 
182.000 -0.175 
183.000 -0.175 
184.000 -0.175 
185.000 -0.175 
186.000 -0.175 
187.000 -0.175 
188.000 -0.176 
189.000 -0.176 
190.000 -0.176 
191.000 -0.176 
192.000 -0.176 
193.000 -0.176 
194.000 -0.176 
195.000 -0.176 
196.000 -0.176 
197.000 -0.176 
198.000 -0.176 
199.000 -0.176 
200.000 -0.176 
201.000 -0.176 
202.000 -0.176 
203.000 -0.176 
204.000 -0.176 
205.000 -0.176 
206.000 -0.176 
207.000 -0.176 
208.000 -0.176 
209.000 -0.176 
210.000 -0.176 
211.000 -0.177 
212.000 -0.177 
213.000 -0.177 
214.000 -0.177 
215.000 -0.177 
216.000 -0.177 
217.000 -0.177 
218.000 -0.177 
219.000 -0.177 
220.000 -0.177 
221.000 -0.177 
222.000 -0.177 
223.000 -0.177 
224.000 -0.177 
225.000 -0.177 
226.000 -0.177 
227.000 -0.177 
228.000 -0.177 
229.000 -0.177 
230.000 -0.177 
231.000 -0.177 
232.000 -0.177 
233.000 -0.177 
234.000 -0.177 
235.000 -0.177 
236.000 -0.177 
237.000 -0.178 
238.000 -0.178 
239.000 -0.178 
240.000 -0.178 
241.000 -0.119 
242.000 -0.091 
243.000 -0.082 
244.000 -0.084 
245.000 -0.090 
246.000 -0.098 
247.000 -0.104 
248.000 -0.106 
249.000 -0.104 
250.000 -0.098 
251.000 -0.088 
252.000 -0.078 
253.000 -0.069 
254.000 -0.060 
255.000 -0.054 
256.000 -0.049 
257.000 -0.046 
258.000 -0.043 
259.000 -0.040 
260.000 -0.037 
261.000 -0.033 
262.000 -0.029 
263.000 -0.023 
264.000 -0.018 
265.000 -0.013 
266.000 -0.008 
267.000 -0.003 
268.000 0.001 
269.000 0.006 
270.000 0.010 
271.000 0.013 
272.000 0.017 
273.000 0.021 
274.000 0.025 
275.000 0.029 
276.000 0.033 
277.000 0.037 
278.000 0.041 
279.000 0.045 
280.000 0.048 
281.000 0.052 
282.000 0.056 
283.000 0.059 
284.000 0.062 
285.000 0.066 
286.000 0.069 
287.000 0.072 
288.000 0.076 
289.000 0.079 
290.000 0.082 
291.000 0.085 
292.000 0.088 
293.000 0.091 
294.000 0.094 
295.000 0.097 
296.000 0.099 
297.000 0.102 
298.000 0.105 
299.000 0.107 
300.000 0.110 
301.000 0.112 
302.000 0.115 
303.000 0.117 
304.000 0.119 
305.000 0.121 
306.000 0.124 
307.000 0.126 
308.000 0.128 
309.000 0.130 
310.000 0.132 
311.000 0.134 
312.000 0.136 
313.000 0.138 
314.000 0.139 
315.000 0.141 
316.000 0.143 
317.000 0.145 
318.000 0.146 
319.000 0.148 
320.000 0.149 
321.000 0.151 
322.000 0.152 
323.000 0.154 
324.000 0.155 
325.000 0.156 
326.000 0.158 
327.000 0.159 
328.000 0.160 
329.000 0.161 
330.000 0.163 
331.000 0.164 
332.000 0.165 
333.000 0.166 
334.000 0.167 
335.000 0.168 
336.000 0.169 
337.000 0.170 
338.000 0.171 
339.000 0.172 
340.000 0.172 
341.000 0.173 
342.000 0.174 
343.000 0.175 
344.000 0.176 
345.000 0.176 
346.000 0.177 
347.000 0.178 
348.000 0.179 
349.000 0.179 
350.000 0.180 
351.000 0.180 
352.000 0.181 
353.000 0.182 
354.000 0.182 
355.000 0.183 
356.000 0.183 
357.000 0.184 
358.000 0.184 
359.000 0.185 
360.000 0.185 
361.000 0.296 
362.000 0.348 
363.000 0.365 
364.000 0.363 
365.000 0.352 
366.000 0.335 
367.000 0.315 
368.000 0.298 
369.000 0.287 
370.000 0.283 
371.000 0.287 
372.000 0.297 
373.000 0.313 
374.000 0.330 
375.000 0.348 
376.000 0.363 
377.000 0.374 
378.000 0.381 
379.000 0.382 
380.000 0.380 
381.000 0.375 
382.000 0.370 
383.000 0.364 
384.000 0.360 
385.000 0.359 
386.000 0.360 
387.000 0.363 
388.000 0.368 
389.000 0.374 
390.000 0.380 
391.000 0.386 
392.000 0.391 
393.000 0.394 
394.000 0.395 
395.000 0.395 
396.000 0.393 
397.000 0.391 
398.000 0.389 
399.000 0.387 
400.000 0.386 
401.000 0.386 
402.000 0.387 
403.000 0.388 
404.000 0.390 
405.000 0.392 
406.000 0.394 
407.000 0.396 
408.000 0.398 
409.000 0.399 
410.000 0.399 
411.000 0.399 
412.000 0.398 
413.000 0.397 
414.000 0.396 
415.000 0.396 
416.000 0.395 
417.000 0.395 
418.000 0.396 
419.000 0.396 
420.000 0.397 
421.000 0.398 
422.000 0.399 
423.000 0.399 
424.000 0.400 
425.000 0.400 
426.000 0.400 
427.000 0.400 
428.000 0.399 
429.000 0.399 
430.000 0.399 
431.000 0.399 
432.000 0.398 
433.000 0.398 
434.000 0.399 
435.000 0.399 
436.000 0.399 
437.000 0.399 
438.000 0.400 
439.000 0.400 
440.000 0.400 
441.000 0.400 
442.000 0.400 
443.000 0.400 
444.000 0.400 
445.000 0.400 
446.000 0.400 
447.000 0.399 
448.000 0.399 
449.000 0.399 
450.000 0.399 
451.000 0.400 
452.000 0.400 
453.000 0.400 
454.000 0.400 
455.000 0.400 
456.000 0.400 
457.000 0.400 
458.000 0.400 
459.000 0.400 
460.000 0.400 
461.000 0.400 
462.000 0.400 
463.000 0.400 
464.000 0.400 
465.000 0.400 
466.000 0.400 
467.000 0.400 
468.000 0.400 
469.000 0.400 
470.000 0.400 
471.000 0.400 
472.000 0.400 
473.000 0.400 
474.000 0.400 
475.000 0.400 
476.000 0.400 
477.000 0.400 
478.000 0.400 
479.000 0.400 
480.000 0.400 
481.000 0.864 
482.000 1.000 
483.000 1.000 
484.000 1.000 
485.000 1.000 
486.000 1.000 
487.000 1.000 
488.000 1.000 
489.000 1.000 
490.000 0.847 
491.000 0.732 
492.000 0.662 
493.000 0.623 
494.000 0.606 
495.000 0.611 
496.000 0.637 
497.000 0.681 
498.000 0.738 
499.000 0.801 
500.000 0.860 
501.000 0.910 
502.000 0.943 
503.000 0.957 
504.000 0.954 
505.000 0.934 
506.000 0.904 
507.000 0.866 
508.000 0.826 
509.000 0.788 
510.000 0.755 
511.000 0.730 
512.000 0.716 
513.000 0.711 
514.000 0.717 
515.000 0.732 
516.000 0.754 
517.000 0.780 
518.000 0.807 
519.000 0.831 
520.000 0.850 
521.000 0.862 
522.000 0.866 
523.000 0.863 
524.000 0.853 
525.000 0.839 
526.000 0.822 
527.000 0.804 
528.000 0.788 
529.000 0.774 
530.000 0.765 
531.000 0.760 
532.000 0.760 
533.000 0.765 
534.000 0.773 
535.000 0.783 
536.000 0.795 
537.000 0.806 
538.000 0.816 
539.000 0.823 
540.000 0.827 
541.000 0.828 
542.000 0.826 
543.000 0.821 
544.000 0.814 
545.000 0.806 
546.000 0.799 
547.000 0.792 
548.000 0.787 
549.000 0.783 
550.000 0.782 
551.000 0.783 
552.000 0.785 
553.000 0.789 
554.000 0.794 
555.000 0.799 
556.000 0.804 
557.000 0.808 
558.000 0.811 
559.000 0.812 
560.000 0.812 
561.000 0.810 
562.000 0.808 
563.000 0.805 
564.000 0.802 
565.000 0.798 
566.000 0.796 
567.000 0.794 
568.000 0.792 
569.000 0.792 
570.000 0.793 
571.000 0.794 
572.000 0.796 
573.000 0.798 
574.000 0.801 
575.000 0.802 
576.000 0.804 
577.000 0.805 
578.000 0.805 
579.000 0.805 
580.000 0.804 
581.000 0.803 
582.000 0.802 
583.000 0.800 
584.000 0.799 
585.000 0.798 
586.000 0.797 
587.000 0.797 
588.000 0.797 
589.000 0.797 
590.000 0.798 
591.000 0.799 
592.000 0.800 
593.000 0.801 
594.000 0.801 
595.000 0.802 
596.000 0.802 
597.000 0.802 
598.000 0.802 
599.000 0.802 
600.000 0.801 
601.000 1.000 
602.000 1.000 
603.000 1.000 
604.000 1.000 
605.000 1.000 
606.000 1.000 
607.000 1.000 
608.000 1.000 
609.000 1.000 
610.000 1.000 
611.000 1.000 
612.000 1.000 
613.000 1.000 
614.000 1.000 
615.000 1.000 
616.000 1.000 
617.000 1.000 
618.000 1.000 
619.000 1.000 
620.000 1.000 
621.000 1.000 
622.000 1.000 
623.000 1.000 
624.000 1.000 
625.000 1.000 
626.000 1.000 
627.000 1.000 
628.000 1.000 
629.000 1.000 
630.000 1.000 
631.000 1.000 
632.000 1.000 
633.000 1.000 
634.000 1.000 
635.000 1.000 
636.000 1.000 
637.000 1.000 
638.000 1.000 
639.000 1.000 
640.000 1.000 
641.000 1.000 
642.000 1.000 
643.000 1.000 
644.000 1.000 
645.000 1.000 
646.000 1.000 
647.000 1.000 
648.000 1.000 
649.000 1.000 
650.000 1.000 
651.000 1.000 
652.000 1.000 
653.000 1.000 
654.000 1.000 
655.000 1.000 
656.000 1.000 
657.000 1.000 
658.000 1.000 
659.000 1.000 
660.000 1.000 
661.000 1.000 
662.000 1.000 
663.000 1.000 
664.000 1.000 
665.000 1.000 
666.000 1.000 
667.000 1.000 
668.000 1.000 
669.000 1.000 
670.000 1.000 
671.000 1.000 
672.000 1.000 
673.000 1.000 
674.000 1.000 
675.000 1.000 
676.000 1.000 
677.000 1.000 
678.000 1.000 
679.000 1.000 
680.000 1.000 
681.000 1.000 
682.000 1.000 
683.000 1.000 
684.000 1.000 
685.000 1.000 
686.000 1.000 
687.000 1.000 
688.000 1.000 
689.000 1.000 
690.000 1.000 
691.000 1.000 
692.000 1.000 
693.000 1.000 
694.000 1.000 
695.000 1.000 
696.000 1.000 
697.000 1.000 
698.000 1.000 
699.000 1.000 
700.000 1.000 
701.000 1.000 
702.000 1.000 
703.000 1.000 
704.000 1.000 
705.000 1.000 
706.000 1.000 
707.000 1.000 
708.000 1.000 
709.000 1.000 
710.000 1.000 
711.000 1.000 
712.000 1.000 
713.000 1.000 
714.000 1.000 
715.000 1.000 
716.000 1.000 
717.000 1.000 
718.000 1.000 
719.000 1.000 
720.000 1.000 
721.000 1.000 
722.000 1.000 
723.000 1.000 
724.000 1.000 
725.000 1.000 
726.000 1.000 
727.000 1.000 
728.000 1.000 
729.000 1.000 
730.000 1.000 
731.000 1.000 
732.000 1.000 
733.000 1.000 
734.000 1.000 
735.000 1.000 
736.000 1.000 
737.000 1.000 
738.000 1.000 
739.000 1.000 
740.000 1.000 
741.000 1.000 
742.000 1.000 
743.000 1.000 
744.000 1.000 
745.000 1.000 
746.000 1.000 
747.000 1.000 
748.000 1.000 
749.000 1.000 
750.000 1.000 
751.000 1.000 
752.000 1.000 
753.000 1.000 
754.000 1.000 
755.000 1.000 
756.000 1.000 
757.000 1.000 
758.000 1.000 
759.000 1.000 
760.000 1.000 
761.000 1.000 
762.000 1.000 
763.000 1.000 
764.000 1.000 
765.000 1.000 
766.000 1.000 
767.000 1.000 
768.000 1.000 
769.000 1.000 
770.000 1.000 
771.000 1.000 
772.000 1.000 
773.000 1.000 
774.000 1.000 
775.000 1.000 
776.000 1.000 
777.000 1.000 
778.000 1.000 
779.000 1.000 
780.000 1.000 
781.000 1.000 
782.000 1.000 
783.000 1.000 
784.000 1.000 
785.000 1.000 
786.000 1.000 
787.000 1.000 
788.000 1.000 
789.000 1.000 
790.000 1.000 
791.000 1.000 
792.000 1.000 
793.000 1.000 
794.000 1.000 
795.000 1.000 
796.000 1.000 
797.000 1.000 
798.000 1.000 
799.000 1.000 
800.000 1.000 
