1.000 0.000 
2.000 0.000 
3.000 0.000 
4.000 0.000 
5.000 0.000 
6.000 0.000 
7.000 0.000 
8.000 0.000 
9.000 0.000 
10.000 0.000 
11.000 0.000 
12.000 -0.000 
13.000 -0.001 
14.000 -0.003 
15.000 -0.005 
16.000 -0.007 
17.000 -0.010 
18.000 -0.012 
19.000 -0.014 
20.000 -0.015 
21.000 -0.017 
22.000 -0.018 
23.000 -0.019 
24.000 -0.020 
25.000 -0.021 
26.000 -0.021 
27.000 -0.022 
28.000 -0.023 
29.000 -0.023 
30.000 -0.024 
31.000 -0.025 
32.000 -0.026 
33.000 -0.026 
34.000 -0.027 
35.000 -0.028 
36.000 -0.029 
37.000 -0.030 
38.000 -0.031 
39.000 -0.032 
40.000 -0.032 
41.000 -0.033 
42.000 -0.034 
43.000 -0.035 
44.000 -0.035 
45.000 -0.036 
46.000 -0.037 
47.000 -0.038 
48.000 -0.038 
49.000 -0.039 
50.000 -0.040 
51.000 -0.040 
52.000 -0.041 
53.000 -0.041 
54.000 -0.042 
55.000 -0.043 
56.000 -0.043 
57.000 -0.044 
58.000 -0.044 
59.000 -0.045 
60.000 -0.046 
61.000 -0.046 
62.000 -0.047 
63.000 -0.047 
64.000 -0.048 
65.000 -0.048 
66.000 -0.049 
67.000 -0.049 
68.000 -0.050 
69.000 -0.050 
70.000 -0.051 
71.000 -0.051 
72.000 -0.052 
73.000 -0.052 
74.000 -0.053 
75.000 -0.053 
76.000 -0.054 
77.000 -0.054 
78.000 -0.055 
79.000 -0.055 
80.000 -0.055 
81.000 -0.056 
82.000 -0.056 
83.000 -0.057 
84.000 -0.057 
85.000 -0.058 
86.000 -0.058 
87.000 -0.058 
88.000 -0.059 
89.000 -0.059 
90.000 -0.060 
91.000 -0.060 
92.000 -0.060 
93.000 -0.061 
94.000 -0.061 
95.000 -0.061 
96.000 -0.062 
97.000 -0.062 
98.000 -0.063 
99.000 -0.063 
100.000 -0.063 
101.000 -0.064 
102.000 -0.064 
103.000 -0.064 
104.000 -0.065 
105.000 -0.065 
106.000 -0.065 
107.000 -0.066 
108.000 -0.066 
109.000 -0.066 
110.000 -0.067 
111.000 -0.067 
112.000 -0.067 
113.000 -0.067 
114.000 -0.068 
115.000 -0.068 
116.000 -0.068 
117.000 -0.069 
118.000 -0.069 
119.000 -0.069 
120.000 -0.069 
121.000 -0.070 
122.000 -0.070 
123.000 -0.070 
124.000 -0.071 
125.000 -0.071 
126.000 -0.071 
127.000 -0.071 
128.000 -0.071 
129.000 -0.071 
130.000 -0.071 
131.000 -0.071 
132.000 -0.071 
133.000 -0.070 
134.000 -0.070 
135.000 -0.070 
136.000 -0.070 
137.000 -0.070 
138.000 -0.070 
139.000 -0.071 
140.000 -0.071 
141.000 -0.071 
142.000 -0.071 
143.000 -0.071 
144.000 -0.071 
145.000 -0.071 
146.000 -0.071 
147.000 -0.071 
148.000 -0.071 
149.000 -0.071 
150.000 -0.071 
151.000 -0.071 
152.000 -0.071 
153.000 -0.071 
154.000 -0.071 
155.000 -0.071 
156.000 -0.071 
157.000 -0.071 
158.000 -0.071 
159.000 -0.071 
160.000 -0.071 
161.000 -0.072 
162.000 -0.072 
163.000 -0.072 
164.000 -0.072 
165.000 -0.072 
166.000 -0.072 
167.000 -0.072 
168.000 -0.072 
169.000 -0.072 
170.000 -0.072 
171.000 -0.072 
172.000 -0.072 
173.000 -0.072 
174.000 -0.072 
175.000 -0.072 
176.000 -0.072 
177.000 -0.072 
178.000 -0.072 
179.000 -0.072 
180.000 -0.072 
181.000 -0.072 
182.000 -0.072 
183.000 -0.072 
184.000 -0.072 
185.000 -0.072 
186.000 -0.072 
187.000 -0.072 
188.000 -0.072 
189.000 -0.072 
190.000 -0.072 
191.000 -0.072 
192.000 -0.072 
193.000 -0.073 
194.000 -0.073 
195.000 -0.073 
196.000 -0.073 
197.000 -0.073 
198.000 -0.073 
199.000 -0.073 
200.000 -0.073 
201.000 -0.073 
202.000 -0.073 
203.000 -0.073 
204.000 -0.073 
205.000 -0.073 
206.000 -0.073 
207.000 -0.073 
208.000 -0.073 
209.000 -0.073 
210.000 -0.073 
211.000 -0.073 
212.000 -0.073 
213.000 -0.073 
214.000 -0.073 
215.000 -0.073 
216.000 -0.073 
217.000 -0.073 
218.000 -0.073 
219.000 -0.073 
220.000 -0.073 
221.000 -0.073 
222.000 -0.073 
223.000 -0.073 
224.000 -0.073 
225.000 -0.073 
226.000 -0.073 
227.000 -0.073 
228.000 -0.073 
229.000 -0.073 
230.000 -0.073 
231.000 -0.074 
232.000 -0.074 
233.000 -0.074 
234.000 -0.074 
235.000 -0.074 
236.000 -0.074 
237.000 -0.074 
238.000 -0.074 
239.000 -0.074 
240.000 -0.074 
241.000 -0.074 
242.000 -0.074 
243.000 -0.074 
244.000 -0.074 
245.000 -0.074 
246.000 -0.074 
247.000 -0.073 
248.000 -0.071 
249.000 -0.069 
250.000 -0.066 
251.000 -0.063 
252.000 -0.061 
253.000 -0.058 
254.000 -0.056 
255.000 -0.054 
256.000 -0.052 
257.000 -0.050 
258.000 -0.049 
259.000 -0.047 
260.000 -0.046 
261.000 -0.044 
262.000 -0.043 
263.000 -0.042 
264.000 -0.040 
265.000 -0.038 
266.000 -0.037 
267.000 -0.035 
268.000 -0.033 
269.000 -0.031 
270.000 -0.028 
271.000 -0.026 
272.000 -0.024 
273.000 -0.021 
274.000 -0.019 
275.000 -0.016 
276.000 -0.014 
277.000 -0.012 
278.000 -0.009 
279.000 -0.007 
280.000 -0.004 
281.000 -0.002 
282.000 0.001 
283.000 0.003 
284.000 0.006 
285.000 0.009 
286.000 0.011 
287.000 0.014 
288.000 0.017 
289.000 0.019 
290.000 0.022 
291.000 0.025 
292.000 0.028 
293.000 0.030 
294.000 0.033 
295.000 0.036 
296.000 0.039 
297.000 0.042 
298.000 0.045 
299.000 0.048 
300.000 0.051 
301.000 0.054 
302.000 0.057 
303.000 0.060 
304.000 0.063 
305.000 0.065 
306.000 0.068 
307.000 0.071 
308.000 0.074 
309.000 0.077 
310.000 0.080 
311.000 0.083 
312.000 0.086 
313.000 0.089 
314.000 0.092 
315.000 0.095 
316.000 0.098 
317.000 0.101 
318.000 0.103 
319.000 0.106 
320.000 0.109 
321.000 0.112 
322.000 0.115 
323.000 0.117 
324.000 0.120 
325.000 0.123 
326.000 0.126 
327.000 0.128 
328.000 0.131 
329.000 0.134 
330.000 0.136 
331.000 0.139 
332.000 0.141 
333.000 0.144 
334.000 0.146 
335.000 0.149 
336.000 0.151 
337.000 0.153 
338.000 0.156 
339.000 0.158 
340.000 0.160 
341.000 0.162 
342.000 0.165 
343.000 0.167 
344.000 0.169 
345.000 0.171 
346.000 0.173 
347.000 0.175 
348.000 0.177 
349.000 0.179 
350.000 0.181 
351.000 0.183 
352.000 0.185 
353.000 0.187 
354.000 0.188 
355.000 0.190 
356.000 0.192 
357.000 0.194 
358.000 0.195 
359.000 0.197 
360.000 0.198 
361.000 0.200 
362.000 0.201 
363.000 0.203 
364.000 0.204 
365.000 0.206 
366.000 0.211 
367.000 0.222 
368.000 0.241 
369.000 0.266 
370.000 0.296 
371.000 0.330 
372.000 0.366 
373.000 0.403 
374.000 0.439 
375.000 0.472 
376.000 0.502 
377.000 0.528 
378.000 0.550 
379.000 0.568 
380.000 0.582 
381.000 0.593 
382.000 0.601 
383.000 0.607 
384.000 0.612 
385.000 0.617 
386.000 0.622 
387.000 0.627 
388.000 0.635 
389.000 0.643 
390.000 0.653 
391.000 0.664 
392.000 0.677 
393.000 0.691 
394.000 0.705 
395.000 0.720 
396.000 0.735 
397.000 0.749 
398.000 0.762 
399.000 0.774 
400.000 0.786 
401.000 0.795 
402.000 0.804 
403.000 0.810 
404.000 0.816 
405.000 0.820 
406.000 0.824 
407.000 0.827 
408.000 0.829 
409.000 0.831 
410.000 0.832 
411.000 0.834 
412.000 0.836 
413.000 0.838 
414.000 0.840 
415.000 0.843 
416.000 0.846 
417.000 0.849 
418.000 0.853 
419.000 0.856 
420.000 0.860 
421.000 0.863 
422.000 0.867 
423.000 0.870 
424.000 0.873 
425.000 0.875 
426.000 0.877 
427.000 0.879 
428.000 0.880 
429.000 0.881 
430.000 0.882 
431.000 0.883 
432.000 0.883 
433.000 0.883 
434.000 0.884 
435.000 0.884 
436.000 0.884 
437.000 0.884 
438.000 0.885 
439.000 0.885 
440.000 0.886 
441.000 0.886 
442.000 0.887 
443.000 0.888 
444.000 0.888 
445.000 0.889 
446.000 0.890 
447.000 0.891 
448.000 0.891 
449.000 0.892 
450.000 0.892 
451.000 0.893 
452.000 0.893 
453.000 0.893 
454.000 0.894 
455.000 0.894 
456.000 0.894 
457.000 0.894 
458.000 0.894 
459.000 0.894 
460.000 0.894 
461.000 0.894 
462.000 0.894 
463.000 0.894 
464.000 0.894 
465.000 0.894 
466.000 0.894 
467.000 0.894 
468.000 0.894 
469.000 0.895 
470.000 0.895 
471.000 0.895 
472.000 0.895 
473.000 0.895 
474.000 0.895 
475.000 0.895 
476.000 0.896 
477.000 0.896 
478.000 0.896 
479.000 0.896 
480.000 0.896 
481.000 0.896 
482.000 0.896 
483.000 0.896 
484.000 0.896 
485.000 0.896 
486.000 0.918 
487.000 0.980 
488.000 1.090 
489.000 1.248 
490.000 1.452 
491.000 1.697 
492.000 1.974 
493.000 2.276 
494.000 2.592 
495.000 2.911 
496.000 3.223 
497.000 3.518 
498.000 3.785 
499.000 4.015 
500.000 4.202 
501.000 4.339 
502.000 4.422 
503.000 4.451 
504.000 4.427 
505.000 4.352 
506.000 4.234 
507.000 4.081 
508.000 3.903 
509.000 3.711 
510.000 3.517 
511.000 3.331 
512.000 3.162 
513.000 3.019 
514.000 2.907 
515.000 2.830 
516.000 2.790 
517.000 2.786 
518.000 2.817 
519.000 2.879 
520.000 2.970 
521.000 3.083 
522.000 3.213 
523.000 3.355 
524.000 3.502 
525.000 3.647 
526.000 3.785 
527.000 3.909 
528.000 4.015 
529.000 4.099 
530.000 4.156 
531.000 4.186 
532.000 4.186 
533.000 4.159 
534.000 4.105 
535.000 4.029 
536.000 3.934 
537.000 3.825 
538.000 3.709 
539.000 3.592 
540.000 3.478 
541.000 3.374 
542.000 3.283 
543.000 3.210 
544.000 3.157 
545.000 3.125 
546.000 3.115 
547.000 3.126 
548.000 3.157 
549.000 3.205 
550.000 3.268 
551.000 3.342 
552.000 3.424 
553.000 3.510 
554.000 3.596 
555.000 3.678 
556.000 3.753 
557.000 3.817 
558.000 3.869 
559.000 3.905 
560.000 3.926 
561.000 3.930 
562.000 3.918 
563.000 3.890 
564.000 3.849 
565.000 3.797 
566.000 3.736 
567.000 3.670 
568.000 3.602 
569.000 3.536 
570.000 3.474 
571.000 3.420 
572.000 3.374 
573.000 3.340 
574.000 3.318 
575.000 3.308 
576.000 3.311 
577.000 3.326 
578.000 3.351 
579.000 3.386 
580.000 3.427 
581.000 3.474 
582.000 3.524 
583.000 3.574 
584.000 3.623 
585.000 3.668 
586.000 3.707 
587.000 3.739 
588.000 3.763 
589.000 3.777 
590.000 3.782 
591.000 3.777 
592.000 3.763 
593.000 3.741 
594.000 3.712 
595.000 3.678 
596.000 3.641 
597.000 3.602 
598.000 3.563 
599.000 3.526 
600.000 3.493 
601.000 3.466 
602.000 3.444 
603.000 3.429 
604.000 3.421 
605.000 3.421 
606.000 3.447 
607.000 3.515 
608.000 3.633 
609.000 3.790 
610.000 3.967 
611.000 4.153 
612.000 4.339 
613.000 4.516 
614.000 4.682 
615.000 4.834 
616.000 4.969 
617.000 5.088 
618.000 5.191 
619.000 5.279 
620.000 5.353 
621.000 5.414 
622.000 5.465 
623.000 5.505 
624.000 5.537 
625.000 5.561 
626.000 5.580 
627.000 5.594 
628.000 5.604 
629.000 5.610 
630.000 5.614 
631.000 5.616 
632.000 5.617 
633.000 5.617 
634.000 5.616 
635.000 5.614 
636.000 5.612 
637.000 5.610 
638.000 5.608 
639.000 5.606 
640.000 5.604 
641.000 5.603 
642.000 5.601 
643.000 5.600 
644.000 5.599 
645.000 5.598 
646.000 5.597 
647.000 5.596 
648.000 5.596 
649.000 5.595 
650.000 5.595 
651.000 5.595 
652.000 5.594 
653.000 5.594 
654.000 5.594 
655.000 5.594 
656.000 5.594 
657.000 5.594 
658.000 5.594 
659.000 5.594 
660.000 5.594 
661.000 5.594 
662.000 5.594 
663.000 5.594 
664.000 5.594 
665.000 5.594 
666.000 5.594 
667.000 5.594 
668.000 5.594 
669.000 5.594 
670.000 5.594 
671.000 5.594 
672.000 5.594 
673.000 5.594 
674.000 5.594 
675.000 5.594 
676.000 5.594 
677.000 5.594 
678.000 5.594 
679.000 5.594 
680.000 5.594 
681.000 5.594 
682.000 5.594 
683.000 5.594 
684.000 5.594 
685.000 5.594 
686.000 5.594 
687.000 5.594 
688.000 5.594 
689.000 5.594 
690.000 5.594 
691.000 5.594 
692.000 5.594 
693.000 5.594 
694.000 5.594 
695.000 5.594 
696.000 5.594 
697.000 5.594 
698.000 5.594 
699.000 5.594 
700.000 5.594 
701.000 5.594 
702.000 5.594 
703.000 5.594 
704.000 5.594 
705.000 5.594 
706.000 5.594 
707.000 5.594 
708.000 5.594 
709.000 5.594 
710.000 5.594 
711.000 5.594 
712.000 5.594 
713.000 5.594 
714.000 5.594 
715.000 5.594 
716.000 5.594 
717.000 5.594 
718.000 5.594 
719.000 5.594 
720.000 5.594 
721.000 5.594 
722.000 5.594 
723.000 5.594 
724.000 5.594 
725.000 5.594 
726.000 5.594 
727.000 5.594 
728.000 5.594 
729.000 5.594 
730.000 5.594 
731.000 5.594 
732.000 5.594 
733.000 5.594 
734.000 5.594 
735.000 5.594 
736.000 5.594 
737.000 5.594 
738.000 5.594 
739.000 5.594 
740.000 5.594 
741.000 5.594 
742.000 5.594 
743.000 5.594 
744.000 5.594 
745.000 5.594 
746.000 5.594 
747.000 5.594 
748.000 5.594 
749.000 5.594 
750.000 5.594 
751.000 5.594 
752.000 5.594 
753.000 5.594 
754.000 5.594 
755.000 5.594 
756.000 5.594 
757.000 5.594 
758.000 5.594 
759.000 5.594 
760.000 5.594 
761.000 5.594 
762.000 5.594 
763.000 5.594 
764.000 5.594 
765.000 5.594 
766.000 5.594 
767.000 5.594 
768.000 5.594 
769.000 5.594 
770.000 5.594 
771.000 5.594 
772.000 5.594 
773.000 5.594 
774.000 5.594 
775.000 5.594 
776.000 5.594 
777.000 5.594 
778.000 5.594 
779.000 5.594 
780.000 5.594 
781.000 5.594 
782.000 5.594 
783.000 5.594 
784.000 5.594 
785.000 5.594 
786.000 5.594 
787.000 5.594 
788.000 5.594 
789.000 5.594 
790.000 5.594 
791.000 5.594 
792.000 5.594 
793.000 5.594 
794.000 5.594 
795.000 5.594 
796.000 5.594 
797.000 5.594 
798.000 5.594 
799.000 5.594 
800.000 5.594 
