1.000 0.000 
2.000 0.000 
3.000 0.000 
4.000 0.000 
5.000 0.000 
6.000 0.000 
7.000 0.000 
8.000 0.000 
9.000 0.000 
10.000 0.000 
11.000 0.000 
12.000 -0.001 
13.000 -0.002 
14.000 -0.005 
15.000 -0.008 
16.000 -0.011 
17.000 -0.014 
18.000 -0.017 
19.000 -0.020 
20.000 -0.021 
21.000 -0.023 
22.000 -0.023 
23.000 -0.024 
24.000 -0.024 
25.000 -0.025 
26.000 -0.025 
27.000 -0.025 
28.000 -0.026 
29.000 -0.027 
30.000 -0.028 
31.000 -0.029 
32.000 -0.030 
33.000 -0.031 
34.000 -0.032 
35.000 -0.033 
36.000 -0.034 
37.000 -0.035 
38.000 -0.036 
39.000 -0.037 
40.000 -0.038 
41.000 -0.039 
42.000 -0.040 
43.000 -0.040 
44.000 -0.041 
45.000 -0.042 
46.000 -0.042 
47.000 -0.043 
48.000 -0.044 
49.000 -0.044 
50.000 -0.045 
51.000 -0.046 
52.000 -0.046 
53.000 -0.047 
54.000 -0.048 
55.000 -0.048 
56.000 -0.049 
57.000 -0.050 
58.000 -0.050 
59.000 -0.051 
60.000 -0.051 
61.000 -0.052 
62.000 -0.052 
63.000 -0.053 
64.000 -0.054 
65.000 -0.054 
66.000 -0.055 
67.000 -0.055 
68.000 -0.056 
69.000 -0.056 
70.000 -0.057 
71.000 -0.057 
72.000 -0.058 
73.000 -0.058 
74.000 -0.059 
75.000 -0.059 
76.000 -0.060 
77.000 -0.060 
78.000 -0.060 
79.000 -0.061 
80.000 -0.061 
81.000 -0.062 
82.000 -0.062 
83.000 -0.063 
84.000 -0.063 
85.000 -0.063 
86.000 -0.064 
87.000 -0.064 
88.000 -0.065 
89.000 -0.065 
90.000 -0.065 
91.000 -0.066 
92.000 -0.066 
93.000 -0.067 
94.000 -0.067 
95.000 -0.067 
96.000 -0.068 
97.000 -0.068 
98.000 -0.068 
99.000 -0.069 
100.000 -0.069 
101.000 -0.069 
102.000 -0.070 
103.000 -0.070 
104.000 -0.070 
105.000 -0.071 
106.000 -0.071 
107.000 -0.071 
108.000 -0.072 
109.000 -0.072 
110.000 -0.072 
111.000 -0.073 
112.000 -0.073 
113.000 -0.073 
114.000 -0.074 
115.000 -0.074 
116.000 -0.074 
117.000 -0.074 
118.000 -0.075 
119.000 -0.075 
120.000 -0.075 
121.000 -0.076 
122.000 -0.076 
123.000 -0.076 
124.000 -0.076 
125.000 -0.077 
126.000 -0.077 
127.000 -0.077 
128.000 -0.077 
129.000 -0.076 
130.000 -0.076 
131.000 -0.076 
132.000 -0.076 
133.000 -0.075 
134.000 -0.075 
135.000 -0.075 
136.000 -0.075 
137.000 -0.075 
138.000 -0.076 
139.000 -0.076 
140.000 -0.076 
141.000 -0.076 
142.000 -0.076 
143.000 -0.076 
144.000 -0.076 
145.000 -0.076 
146.000 -0.076 
147.000 -0.076 
148.000 -0.076 
149.000 -0.076 
150.000 -0.076 
151.000 -0.076 
152.000 -0.076 
153.000 -0.076 
154.000 -0.076 
155.000 -0.076 
156.000 -0.076 
157.000 -0.076 
158.000 -0.076 
159.000 -0.076 
160.000 -0.076 
161.000 -0.076 
162.000 -0.076 
163.000 -0.076 
164.000 -0.076 
165.000 -0.076 
166.000 -0.076 
167.000 -0.076 
168.000 -0.076 
169.000 -0.076 
170.000 -0.076 
171.000 -0.076 
172.000 -0.076 
173.000 -0.076 
174.000 -0.077 
175.000 -0.077 
176.000 -0.077 
177.000 -0.077 
178.000 -0.077 
179.000 -0.077 
180.000 -0.077 
181.000 -0.077 
182.000 -0.077 
183.000 -0.077 
184.000 -0.077 
185.000 -0.077 
186.000 -0.077 
187.000 -0.077 
188.000 -0.077 
189.000 -0.077 
190.000 -0.077 
191.000 -0.077 
192.000 -0.077 
193.000 -0.077 
194.000 -0.077 
195.000 -0.077 
196.000 -0.077 
197.000 -0.077 
198.000 -0.077 
199.000 -0.077 
200.000 -0.077 
201.000 -0.077 
202.000 -0.077 
203.000 -0.077 
204.000 -0.077 
205.000 -0.077 
206.000 -0.077 
207.000 -0.077 
208.000 -0.077 
209.000 -0.077 
210.000 -0.077 
211.000 -0.077 
212.000 -0.077 
213.000 -0.077 
214.000 -0.077 
215.000 -0.077 
216.000 -0.077 
217.000 -0.077 
218.000 -0.077 
219.000 -0.077 
220.000 -0.077 
221.000 -0.077 
222.000 -0.077 
223.000 -0.077 
224.000 -0.077 
225.000 -0.077 
226.000 -0.077 
227.000 -0.077 
228.000 -0.077 
229.000 -0.077 
230.000 -0.077 
231.000 -0.077 
232.000 -0.077 
233.000 -0.077 
234.000 -0.077 
235.000 -0.077 
236.000 -0.077 
237.000 -0.077 
238.000 -0.077 
239.000 -0.077 
240.000 -0.077 
241.000 -0.077 
242.000 -0.077 
243.000 -0.077 
244.000 -0.077 
245.000 -0.077 
246.000 -0.077 
247.000 -0.076 
248.000 -0.073 
249.000 -0.069 
250.000 -0.065 
251.000 -0.061 
252.000 -0.058 
253.000 -0.054 
254.000 -0.052 
255.000 -0.049 
256.000 -0.048 
257.000 -0.047 
258.000 -0.046 
259.000 -0.045 
260.000 -0.044 
261.000 -0.043 
262.000 -0.041 
263.000 -0.040 
264.000 -0.038 
265.000 -0.035 
266.000 -0.032 
267.000 -0.029 
268.000 -0.026 
269.000 -0.023 
270.000 -0.020 
271.000 -0.017 
272.000 -0.013 
273.000 -0.010 
274.000 -0.007 
275.000 -0.005 
276.000 -0.002 
277.000 0.001 
278.000 0.004 
279.000 0.007 
280.000 0.009 
281.000 0.012 
282.000 0.015 
283.000 0.019 
284.000 0.022 
285.000 0.025 
286.000 0.029 
287.000 0.032 
288.000 0.036 
289.000 0.039 
290.000 0.043 
291.000 0.046 
292.000 0.050 
293.000 0.053 
294.000 0.057 
295.000 0.060 
296.000 0.064 
297.000 0.067 
298.000 0.070 
299.000 0.074 
300.000 0.077 
301.000 0.081 
302.000 0.084 
303.000 0.088 
304.000 0.091 
305.000 0.094 
306.000 0.098 
307.000 0.101 
308.000 0.105 
309.000 0.108 
310.000 0.111 
311.000 0.115 
312.000 0.118 
313.000 0.121 
314.000 0.124 
315.000 0.128 
316.000 0.131 
317.000 0.134 
318.000 0.137 
319.000 0.140 
320.000 0.143 
321.000 0.145 
322.000 0.148 
323.000 0.151 
324.000 0.154 
325.000 0.157 
326.000 0.159 
327.000 0.162 
328.000 0.165 
329.000 0.167 
330.000 0.170 
331.000 0.172 
332.000 0.174 
333.000 0.177 
334.000 0.179 
335.000 0.181 
336.000 0.184 
337.000 0.186 
338.000 0.188 
339.000 0.190 
340.000 0.192 
341.000 0.194 
342.000 0.196 
343.000 0.198 
344.000 0.199 
345.000 0.201 
346.000 0.203 
347.000 0.205 
348.000 0.206 
349.000 0.208 
350.000 0.209 
351.000 0.211 
352.000 0.212 
353.000 0.214 
354.000 0.215 
355.000 0.217 
356.000 0.218 
357.000 0.219 
358.000 0.221 
359.000 0.222 
360.000 0.223 
361.000 0.224 
362.000 0.225 
363.000 0.226 
364.000 0.227 
365.000 0.228 
366.000 0.236 
367.000 0.254 
368.000 0.284 
369.000 0.325 
370.000 0.374 
371.000 0.429 
372.000 0.485 
373.000 0.539 
374.000 0.587 
375.000 0.627 
376.000 0.658 
377.000 0.677 
378.000 0.686 
379.000 0.686 
380.000 0.678 
381.000 0.666 
382.000 0.652 
383.000 0.639 
384.000 0.629 
385.000 0.624 
386.000 0.625 
387.000 0.633 
388.000 0.647 
389.000 0.667 
390.000 0.692 
391.000 0.720 
392.000 0.749 
393.000 0.779 
394.000 0.806 
395.000 0.831 
396.000 0.850 
397.000 0.864 
398.000 0.872 
399.000 0.875 
400.000 0.872 
401.000 0.865 
402.000 0.856 
403.000 0.845 
404.000 0.834 
405.000 0.824 
406.000 0.816 
407.000 0.812 
408.000 0.811 
409.000 0.814 
410.000 0.820 
411.000 0.829 
412.000 0.841 
413.000 0.853 
414.000 0.867 
415.000 0.880 
416.000 0.891 
417.000 0.901 
418.000 0.907 
419.000 0.911 
420.000 0.912 
421.000 0.910 
422.000 0.906 
423.000 0.899 
424.000 0.892 
425.000 0.885 
426.000 0.878 
427.000 0.872 
428.000 0.867 
429.000 0.865 
430.000 0.864 
431.000 0.865 
432.000 0.869 
433.000 0.874 
434.000 0.880 
435.000 0.886 
436.000 0.892 
437.000 0.898 
438.000 0.904 
439.000 0.907 
440.000 0.910 
441.000 0.911 
442.000 0.910 
443.000 0.908 
444.000 0.904 
445.000 0.900 
446.000 0.896 
447.000 0.892 
448.000 0.888 
449.000 0.885 
450.000 0.883 
451.000 0.882 
452.000 0.882 
453.000 0.883 
454.000 0.885 
455.000 0.887 
456.000 0.891 
457.000 0.894 
458.000 0.897 
459.000 0.900 
460.000 0.903 
461.000 0.904 
462.000 0.905 
463.000 0.905 
464.000 0.904 
465.000 0.903 
466.000 0.900 
467.000 0.898 
468.000 0.896 
469.000 0.893 
470.000 0.891 
471.000 0.890 
472.000 0.889 
473.000 0.889 
474.000 0.889 
475.000 0.890 
476.000 0.891 
477.000 0.893 
478.000 0.894 
479.000 0.896 
480.000 0.898 
481.000 0.899 
482.000 0.900 
483.000 0.901 
484.000 0.901 
485.000 0.901 
486.000 0.936 
487.000 1.033 
488.000 1.204 
489.000 1.449 
490.000 1.762 
491.000 2.124 
492.000 2.509 
493.000 2.897 
494.000 3.271 
495.000 3.622 
496.000 3.944 
497.000 4.233 
498.000 4.483 
499.000 4.674 
500.000 4.787 
501.000 4.813 
502.000 4.745 
503.000 4.588 
504.000 4.353 
505.000 4.060 
506.000 3.731 
507.000 3.395 
508.000 3.078 
509.000 2.803 
510.000 2.585 
511.000 2.438 
512.000 2.365 
513.000 2.369 
514.000 2.447 
515.000 2.594 
516.000 2.800 
517.000 3.048 
518.000 3.318 
519.000 3.594 
520.000 3.864 
521.000 4.119 
522.000 4.354 
523.000 4.559 
524.000 4.717 
525.000 4.813 
526.000 4.835 
527.000 4.779 
528.000 4.644 
529.000 4.438 
530.000 4.175 
531.000 3.873 
532.000 3.557 
533.000 3.249 
534.000 2.971 
535.000 2.741 
536.000 2.570 
537.000 2.468 
538.000 2.437 
539.000 2.477 
540.000 2.583 
541.000 2.748 
542.000 2.963 
543.000 3.212 
544.000 3.477 
545.000 3.743 
546.000 4.000 
547.000 4.241 
548.000 4.452 
549.000 4.616 
550.000 4.719 
551.000 4.752 
552.000 4.708 
553.000 4.588 
554.000 4.397 
555.000 4.149 
556.000 3.861 
557.000 3.555 
558.000 3.254 
559.000 2.980 
560.000 2.751 
561.000 2.579 
562.000 2.473 
563.000 2.437 
564.000 2.470 
565.000 2.568 
566.000 2.727 
567.000 2.935 
568.000 3.179 
569.000 3.441 
570.000 3.707 
571.000 3.965 
572.000 4.209 
573.000 4.423 
574.000 4.592 
575.000 4.704 
576.000 4.748 
577.000 4.720 
578.000 4.619 
579.000 4.450 
580.000 4.225 
581.000 3.959 
582.000 3.672 
583.000 3.385 
584.000 3.119 
585.000 2.890 
586.000 2.713 
587.000 2.595 
588.000 2.543 
589.000 2.555 
590.000 2.631 
591.000 2.764 
592.000 2.946 
593.000 3.167 
594.000 3.413 
595.000 3.667 
596.000 3.919 
597.000 4.156 
598.000 4.362 
599.000 4.523 
600.000 4.628 
601.000 4.668 
602.000 4.637 
603.000 4.535 
604.000 4.368 
605.000 4.146 
606.000 3.929 
607.000 3.761 
608.000 3.667 
609.000 3.661 
610.000 3.728 
611.000 3.844 
612.000 3.991 
613.000 4.155 
614.000 4.324 
615.000 4.491 
616.000 4.650 
617.000 4.798 
618.000 4.932 
619.000 5.052 
620.000 5.157 
621.000 5.247 
622.000 5.324 
623.000 5.389 
624.000 5.442 
625.000 5.485 
626.000 5.520 
627.000 5.548 
628.000 5.569 
629.000 5.585 
630.000 5.596 
631.000 5.604 
632.000 5.610 
633.000 5.613 
634.000 5.615 
635.000 5.615 
636.000 5.614 
637.000 5.613 
638.000 5.612 
639.000 5.610 
640.000 5.608 
641.000 5.607 
642.000 5.605 
643.000 5.603 
644.000 5.602 
645.000 5.600 
646.000 5.599 
647.000 5.598 
648.000 5.597 
649.000 5.597 
650.000 5.596 
651.000 5.595 
652.000 5.595 
653.000 5.595 
654.000 5.595 
655.000 5.594 
656.000 5.594 
657.000 5.594 
658.000 5.594 
659.000 5.594 
660.000 5.594 
661.000 5.594 
662.000 5.594 
663.000 5.594 
664.000 5.594 
665.000 5.594 
666.000 5.594 
667.000 5.594 
668.000 5.594 
669.000 5.594 
670.000 5.594 
671.000 5.594 
672.000 5.594 
673.000 5.594 
674.000 5.594 
675.000 5.594 
676.000 5.594 
677.000 5.594 
678.000 5.594 
679.000 5.594 
680.000 5.594 
681.000 5.594 
682.000 5.594 
683.000 5.594 
684.000 5.594 
685.000 5.594 
686.000 5.594 
687.000 5.594 
688.000 5.594 
689.000 5.594 
690.000 5.594 
691.000 5.594 
692.000 5.594 
693.000 5.594 
694.000 5.594 
695.000 5.594 
696.000 5.594 
697.000 5.594 
698.000 5.594 
699.000 5.594 
700.000 5.594 
701.000 5.594 
702.000 5.594 
703.000 5.594 
704.000 5.594 
705.000 5.594 
706.000 5.594 
707.000 5.594 
708.000 5.594 
709.000 5.594 
710.000 5.594 
711.000 5.594 
712.000 5.594 
713.000 5.594 
714.000 5.594 
715.000 5.594 
716.000 5.594 
717.000 5.594 
718.000 5.594 
719.000 5.594 
720.000 5.594 
721.000 5.594 
722.000 5.594 
723.000 5.594 
724.000 5.594 
725.000 5.594 
726.000 5.594 
727.000 5.594 
728.000 5.594 
729.000 5.594 
730.000 5.594 
731.000 5.594 
732.000 5.594 
733.000 5.594 
734.000 5.594 
735.000 5.594 
736.000 5.594 
737.000 5.594 
738.000 5.594 
739.000 5.594 
740.000 5.594 
741.000 5.594 
742.000 5.594 
743.000 5.594 
744.000 5.594 
745.000 5.594 
746.000 5.594 
747.000 5.594 
748.000 5.594 
749.000 5.594 
750.000 5.594 
751.000 5.594 
752.000 5.594 
753.000 5.594 
754.000 5.594 
755.000 5.594 
756.000 5.594 
757.000 5.594 
758.000 5.594 
759.000 5.594 
760.000 5.594 
761.000 5.594 
762.000 5.594 
763.000 5.594 
764.000 5.594 
765.000 5.594 
766.000 5.594 
767.000 5.594 
768.000 5.594 
769.000 5.594 
770.000 5.594 
771.000 5.594 
772.000 5.594 
773.000 5.594 
774.000 5.594 
775.000 5.594 
776.000 5.594 
777.000 5.594 
778.000 5.594 
779.000 5.594 
780.000 5.594 
781.000 5.594 
782.000 5.594 
783.000 5.594 
784.000 5.594 
785.000 5.594 
786.000 5.594 
787.000 5.594 
788.000 5.594 
789.000 5.594 
790.000 5.594 
791.000 5.594 
792.000 5.594 
793.000 5.594 
794.000 5.594 
795.000 5.594 
796.000 5.594 
797.000 5.594 
798.000 5.594 
799.000 5.594 
800.000 5.594 
