1.000 0.000 
2.000 0.000 
3.000 0.000 
4.000 0.000 
5.000 0.000 
6.000 0.000 
7.000 0.000 
8.000 0.000 
9.000 0.000 
10.000 0.000 
11.000 0.000 
12.000 -0.002 
13.000 -0.006 
14.000 -0.012 
15.000 -0.017 
16.000 -0.021 
17.000 -0.023 
18.000 -0.024 
19.000 -0.023 
20.000 -0.022 
21.000 -0.021 
22.000 -0.021 
23.000 -0.021 
24.000 -0.022 
25.000 -0.024 
26.000 -0.027 
27.000 -0.029 
28.000 -0.031 
29.000 -0.032 
30.000 -0.033 
31.000 -0.034 
32.000 -0.034 
33.000 -0.035 
34.000 -0.035 
35.000 -0.036 
36.000 -0.037 
37.000 -0.038 
38.000 -0.039 
39.000 -0.040 
40.000 -0.041 
41.000 -0.042 
42.000 -0.042 
43.000 -0.043 
44.000 -0.044 
45.000 -0.045 
46.000 -0.045 
47.000 -0.046 
48.000 -0.047 
49.000 -0.047 
50.000 -0.048 
51.000 -0.049 
52.000 -0.049 
53.000 -0.050 
54.000 -0.051 
55.000 -0.051 
56.000 -0.052 
57.000 -0.053 
58.000 -0.053 
59.000 -0.054 
60.000 -0.054 
61.000 -0.055 
62.000 -0.055 
63.000 -0.056 
64.000 -0.057 
65.000 -0.057 
66.000 -0.058 
67.000 -0.058 
68.000 -0.059 
69.000 -0.059 
70.000 -0.060 
71.000 -0.060 
72.000 -0.061 
73.000 -0.061 
74.000 -0.062 
75.000 -0.062 
76.000 -0.062 
77.000 -0.063 
78.000 -0.063 
79.000 -0.064 
80.000 -0.064 
81.000 -0.065 
82.000 -0.065 
83.000 -0.066 
84.000 -0.066 
85.000 -0.066 
86.000 -0.067 
87.000 -0.067 
88.000 -0.068 
89.000 -0.068 
90.000 -0.068 
91.000 -0.069 
92.000 -0.069 
93.000 -0.069 
94.000 -0.070 
95.000 -0.070 
96.000 -0.071 
97.000 -0.071 
98.000 -0.071 
99.000 -0.072 
100.000 -0.072 
101.000 -0.072 
102.000 -0.073 
103.000 -0.073 
104.000 -0.073 
105.000 -0.074 
106.000 -0.074 
107.000 -0.074 
108.000 -0.074 
109.000 -0.075 
110.000 -0.075 
111.000 -0.075 
112.000 -0.076 
113.000 -0.076 
114.000 -0.076 
115.000 -0.077 
116.000 -0.077 
117.000 -0.077 
118.000 -0.077 
119.000 -0.078 
120.000 -0.078 
121.000 -0.078 
122.000 -0.078 
123.000 -0.079 
124.000 -0.079 
125.000 -0.079 
126.000 -0.079 
127.000 -0.079 
128.000 -0.078 
129.000 -0.077 
130.000 -0.077 
131.000 -0.077 
132.000 -0.077 
133.000 -0.077 
134.000 -0.078 
135.000 -0.078 
136.000 -0.079 
137.000 -0.079 
138.000 -0.079 
139.000 -0.078 
140.000 -0.078 
141.000 -0.078 
142.000 -0.078 
143.000 -0.078 
144.000 -0.078 
145.000 -0.078 
146.000 -0.078 
147.000 -0.078 
148.000 -0.078 
149.000 -0.078 
150.000 -0.078 
151.000 -0.078 
152.000 -0.078 
153.000 -0.078 
154.000 -0.078 
155.000 -0.078 
156.000 -0.078 
157.000 -0.078 
158.000 -0.078 
159.000 -0.078 
160.000 -0.078 
161.000 -0.078 
162.000 -0.078 
163.000 -0.078 
164.000 -0.078 
165.000 -0.078 
166.000 -0.078 
167.000 -0.078 
168.000 -0.078 
169.000 -0.078 
170.000 -0.078 
171.000 -0.078 
172.000 -0.078 
173.000 -0.078 
174.000 -0.078 
175.000 -0.078 
176.000 -0.078 
177.000 -0.078 
178.000 -0.078 
179.000 -0.078 
180.000 -0.078 
181.000 -0.078 
182.000 -0.078 
183.000 -0.078 
184.000 -0.078 
185.000 -0.078 
186.000 -0.078 
187.000 -0.079 
188.000 -0.079 
189.000 -0.079 
190.000 -0.079 
191.000 -0.079 
192.000 -0.079 
193.000 -0.079 
194.000 -0.079 
195.000 -0.079 
196.000 -0.079 
197.000 -0.079 
198.000 -0.079 
199.000 -0.079 
200.000 -0.079 
201.000 -0.079 
202.000 -0.079 
203.000 -0.079 
204.000 -0.079 
205.000 -0.079 
206.000 -0.079 
207.000 -0.079 
208.000 -0.079 
209.000 -0.079 
210.000 -0.079 
211.000 -0.079 
212.000 -0.079 
213.000 -0.079 
214.000 -0.079 
215.000 -0.079 
216.000 -0.079 
217.000 -0.079 
218.000 -0.079 
219.000 -0.079 
220.000 -0.079 
221.000 -0.079 
222.000 -0.079 
223.000 -0.079 
224.000 -0.079 
225.000 -0.079 
226.000 -0.079 
227.000 -0.079 
228.000 -0.079 
229.000 -0.079 
230.000 -0.079 
231.000 -0.079 
232.000 -0.079 
233.000 -0.079 
234.000 -0.079 
235.000 -0.079 
236.000 -0.079 
237.000 -0.079 
238.000 -0.079 
239.000 -0.079 
240.000 -0.079 
241.000 -0.079 
242.000 -0.079 
243.000 -0.079 
244.000 -0.079 
245.000 -0.079 
246.000 -0.078 
247.000 -0.073 
248.000 -0.065 
249.000 -0.058 
250.000 -0.052 
251.000 -0.050 
252.000 -0.049 
253.000 -0.051 
254.000 -0.053 
255.000 -0.054 
256.000 -0.054 
257.000 -0.053 
258.000 -0.050 
259.000 -0.046 
260.000 -0.041 
261.000 -0.037 
262.000 -0.033 
263.000 -0.030 
264.000 -0.027 
265.000 -0.025 
266.000 -0.024 
267.000 -0.022 
268.000 -0.020 
269.000 -0.018 
270.000 -0.015 
271.000 -0.011 
272.000 -0.007 
273.000 -0.004 
274.000 0.000 
275.000 0.004 
276.000 0.007 
277.000 0.011 
278.000 0.014 
279.000 0.017 
280.000 0.020 
281.000 0.023 
282.000 0.026 
283.000 0.030 
284.000 0.034 
285.000 0.037 
286.000 0.041 
287.000 0.045 
288.000 0.049 
289.000 0.053 
290.000 0.056 
291.000 0.060 
292.000 0.064 
293.000 0.067 
294.000 0.071 
295.000 0.074 
296.000 0.078 
297.000 0.082 
298.000 0.086 
299.000 0.089 
300.000 0.093 
301.000 0.097 
302.000 0.100 
303.000 0.104 
304.000 0.107 
305.000 0.111 
306.000 0.114 
307.000 0.118 
308.000 0.121 
309.000 0.124 
310.000 0.128 
311.000 0.131 
312.000 0.134 
313.000 0.137 
314.000 0.141 
315.000 0.144 
316.000 0.147 
317.000 0.150 
318.000 0.153 
319.000 0.155 
320.000 0.158 
321.000 0.161 
322.000 0.164 
323.000 0.166 
324.000 0.169 
325.000 0.172 
326.000 0.174 
327.000 0.177 
328.000 0.179 
329.000 0.181 
330.000 0.184 
331.000 0.186 
332.000 0.188 
333.000 0.190 
334.000 0.192 
335.000 0.195 
336.000 0.197 
337.000 0.198 
338.000 0.200 
339.000 0.202 
340.000 0.204 
341.000 0.206 
342.000 0.207 
343.000 0.209 
344.000 0.211 
345.000 0.212 
346.000 0.214 
347.000 0.215 
348.000 0.217 
349.000 0.218 
350.000 0.219 
351.000 0.221 
352.000 0.222 
353.000 0.223 
354.000 0.225 
355.000 0.226 
356.000 0.227 
357.000 0.228 
358.000 0.229 
359.000 0.230 
360.000 0.231 
361.000 0.232 
362.000 0.233 
363.000 0.234 
364.000 0.235 
365.000 0.236 
366.000 0.256 
367.000 0.308 
368.000 0.383 
369.000 0.468 
370.000 0.550 
371.000 0.615 
372.000 0.654 
373.000 0.665 
374.000 0.652 
375.000 0.622 
376.000 0.586 
377.000 0.553 
378.000 0.531 
379.000 0.526 
380.000 0.538 
381.000 0.568 
382.000 0.611 
383.000 0.661 
384.000 0.714 
385.000 0.761 
386.000 0.797 
387.000 0.819 
388.000 0.826 
389.000 0.820 
390.000 0.804 
391.000 0.783 
392.000 0.763 
393.000 0.749 
394.000 0.742 
395.000 0.745 
396.000 0.758 
397.000 0.778 
398.000 0.803 
399.000 0.830 
400.000 0.854 
401.000 0.874 
402.000 0.886 
403.000 0.891 
404.000 0.887 
405.000 0.878 
406.000 0.866 
407.000 0.853 
408.000 0.842 
409.000 0.835 
410.000 0.834 
411.000 0.837 
412.000 0.845 
413.000 0.857 
414.000 0.871 
415.000 0.884 
416.000 0.894 
417.000 0.902 
418.000 0.905 
419.000 0.904 
420.000 0.899 
421.000 0.893 
422.000 0.885 
423.000 0.878 
424.000 0.872 
425.000 0.869 
426.000 0.870 
427.000 0.873 
428.000 0.878 
429.000 0.884 
430.000 0.891 
431.000 0.897 
432.000 0.902 
433.000 0.904 
434.000 0.905 
435.000 0.903 
436.000 0.899 
437.000 0.895 
438.000 0.890 
439.000 0.887 
440.000 0.884 
441.000 0.884 
442.000 0.884 
443.000 0.887 
444.000 0.890 
445.000 0.893 
446.000 0.897 
447.000 0.900 
448.000 0.901 
449.000 0.902 
450.000 0.901 
451.000 0.900 
452.000 0.897 
453.000 0.895 
454.000 0.893 
455.000 0.891 
456.000 0.890 
457.000 0.890 
458.000 0.891 
459.000 0.892 
460.000 0.894 
461.000 0.896 
462.000 0.898 
463.000 0.899 
464.000 0.900 
465.000 0.899 
466.000 0.899 
467.000 0.898 
468.000 0.896 
469.000 0.895 
470.000 0.894 
471.000 0.893 
472.000 0.893 
473.000 0.893 
474.000 0.894 
475.000 0.895 
476.000 0.896 
477.000 0.897 
478.000 0.897 
479.000 0.898 
480.000 0.898 
481.000 0.898 
482.000 0.897 
483.000 0.897 
484.000 0.896 
485.000 0.895 
486.000 0.992 
487.000 1.219 
488.000 1.542 
489.000 1.921 
490.000 2.326 
491.000 2.734 
492.000 3.129 
493.000 3.500 
494.000 3.841 
495.000 4.147 
496.000 4.402 
497.000 4.557 
498.000 4.587 
499.000 4.501 
500.000 4.331 
501.000 4.119 
502.000 3.902 
503.000 3.710 
504.000 3.565 
505.000 3.480 
506.000 3.460 
507.000 3.501 
508.000 3.592 
509.000 3.718 
510.000 3.859 
511.000 3.996 
512.000 4.108 
513.000 4.179 
514.000 4.198 
515.000 4.161 
516.000 4.071 
517.000 3.941 
518.000 3.786 
519.000 3.625 
520.000 3.476 
521.000 3.355 
522.000 3.273 
523.000 3.237 
524.000 3.245 
525.000 3.296 
526.000 3.380 
527.000 3.485 
528.000 3.598 
529.000 3.706 
530.000 3.795 
531.000 3.855 
532.000 3.881 
533.000 3.869 
534.000 3.823 
535.000 3.751 
536.000 3.663 
537.000 3.569 
538.000 3.483 
539.000 3.413 
540.000 3.367 
541.000 3.349 
542.000 3.359 
543.000 3.395 
544.000 3.451 
545.000 3.519 
546.000 3.592 
547.000 3.660 
548.000 3.715 
549.000 3.751 
550.000 3.766 
551.000 3.757 
552.000 3.727 
553.000 3.681 
554.000 3.625 
555.000 3.567 
556.000 3.513 
557.000 3.470 
558.000 3.442 
559.000 3.432 
560.000 3.440 
561.000 3.463 
562.000 3.499 
563.000 3.543 
564.000 3.589 
565.000 3.631 
566.000 3.665 
567.000 3.686 
568.000 3.694 
569.000 3.688 
570.000 3.668 
571.000 3.639 
572.000 3.603 
573.000 3.567 
574.000 3.533 
575.000 3.507 
576.000 3.490 
577.000 3.485 
578.000 3.490 
579.000 3.506 
580.000 3.529 
581.000 3.557 
582.000 3.586 
583.000 3.612 
584.000 3.633 
585.000 3.646 
586.000 3.650 
587.000 3.645 
588.000 3.632 
589.000 3.613 
590.000 3.591 
591.000 3.568 
592.000 3.548 
593.000 3.531 
594.000 3.521 
595.000 3.518 
596.000 3.523 
597.000 3.533 
598.000 3.548 
599.000 3.565 
600.000 3.583 
601.000 3.600 
602.000 3.612 
603.000 3.620 
604.000 3.622 
605.000 3.619 
606.000 3.669 
607.000 3.776 
608.000 3.920 
609.000 4.083 
610.000 4.255 
611.000 4.426 
612.000 4.591 
613.000 4.745 
614.000 4.885 
615.000 5.011 
616.000 5.122 
617.000 5.218 
618.000 5.300 
619.000 5.369 
620.000 5.426 
621.000 5.473 
622.000 5.510 
623.000 5.540 
624.000 5.563 
625.000 5.581 
626.000 5.593 
627.000 5.603 
628.000 5.609 
629.000 5.613 
630.000 5.615 
631.000 5.615 
632.000 5.615 
633.000 5.614 
634.000 5.613 
635.000 5.611 
636.000 5.609 
637.000 5.607 
638.000 5.605 
639.000 5.604 
640.000 5.602 
641.000 5.601 
642.000 5.600 
643.000 5.599 
644.000 5.598 
645.000 5.597 
646.000 5.596 
647.000 5.596 
648.000 5.595 
649.000 5.595 
650.000 5.595 
651.000 5.594 
652.000 5.594 
653.000 5.594 
654.000 5.594 
655.000 5.594 
656.000 5.594 
657.000 5.594 
658.000 5.594 
659.000 5.594 
660.000 5.594 
661.000 5.594 
662.000 5.594 
663.000 5.594 
664.000 5.594 
665.000 5.594 
666.000 5.594 
667.000 5.594 
668.000 5.594 
669.000 5.594 
670.000 5.594 
671.000 5.594 
672.000 5.594 
673.000 5.594 
674.000 5.594 
675.000 5.594 
676.000 5.594 
677.000 5.594 
678.000 5.594 
679.000 5.594 
680.000 5.594 
681.000 5.594 
682.000 5.594 
683.000 5.594 
684.000 5.594 
685.000 5.594 
686.000 5.594 
687.000 5.594 
688.000 5.594 
689.000 5.594 
690.000 5.594 
691.000 5.594 
692.000 5.594 
693.000 5.594 
694.000 5.594 
695.000 5.594 
696.000 5.594 
697.000 5.594 
698.000 5.594 
699.000 5.594 
700.000 5.594 
701.000 5.594 
702.000 5.594 
703.000 5.594 
704.000 5.594 
705.000 5.594 
706.000 5.594 
707.000 5.594 
708.000 5.594 
709.000 5.594 
710.000 5.594 
711.000 5.594 
712.000 5.594 
713.000 5.594 
714.000 5.594 
715.000 5.594 
716.000 5.594 
717.000 5.594 
718.000 5.594 
719.000 5.594 
720.000 5.594 
721.000 5.594 
722.000 5.594 
723.000 5.594 
724.000 5.594 
725.000 5.594 
726.000 5.594 
727.000 5.594 
728.000 5.594 
729.000 5.594 
730.000 5.594 
731.000 5.594 
732.000 5.594 
733.000 5.594 
734.000 5.594 
735.000 5.594 
736.000 5.594 
737.000 5.594 
738.000 5.594 
739.000 5.594 
740.000 5.594 
741.000 5.594 
742.000 5.594 
743.000 5.594 
744.000 5.594 
745.000 5.594 
746.000 5.594 
747.000 5.594 
748.000 5.594 
749.000 5.594 
750.000 5.594 
751.000 5.594 
752.000 5.594 
753.000 5.594 
754.000 5.594 
755.000 5.594 
756.000 5.594 
757.000 5.594 
758.000 5.594 
759.000 5.594 
760.000 5.594 
761.000 5.594 
762.000 5.594 
763.000 5.594 
764.000 5.594 
765.000 5.594 
766.000 5.594 
767.000 5.594 
768.000 5.594 
769.000 5.594 
770.000 5.594 
771.000 5.594 
772.000 5.594 
773.000 5.594 
774.000 5.594 
775.000 5.594 
776.000 5.594 
777.000 5.594 
778.000 5.594 
779.000 5.594 
780.000 5.594 
781.000 5.594 
782.000 5.594 
783.000 5.594 
784.000 5.594 
785.000 5.594 
786.000 5.594 
787.000 5.594 
788.000 5.594 
789.000 5.594 
790.000 5.594 
791.000 5.594 
792.000 5.594 
793.000 5.594 
794.000 5.594 
795.000 5.594 
796.000 5.594 
797.000 5.594 
798.000 5.594 
799.000 5.594 
800.000 5.594 
