1.000 0.000 
2.000 0.000 
3.000 0.000 
4.000 0.000 
5.000 0.000 
6.000 0.000 
7.000 0.000 
8.000 0.000 
9.000 0.000 
10.000 0.000 
11.000 0.000 
12.000 -0.000 
13.000 -0.002 
14.000 -0.004 
15.000 -0.006 
16.000 -0.008 
17.000 -0.010 
18.000 -0.012 
19.000 -0.014 
20.000 -0.015 
21.000 -0.016 
22.000 -0.017 
23.000 -0.017 
24.000 -0.018 
25.000 -0.018 
26.000 -0.019 
27.000 -0.020 
28.000 -0.020 
29.000 -0.021 
30.000 -0.022 
31.000 -0.023 
32.000 -0.024 
33.000 -0.024 
34.000 -0.025 
35.000 -0.026 
36.000 -0.027 
37.000 -0.028 
38.000 -0.029 
39.000 -0.029 
40.000 -0.030 
41.000 -0.031 
42.000 -0.031 
43.000 -0.032 
44.000 -0.033 
45.000 -0.033 
46.000 -0.034 
47.000 -0.035 
48.000 -0.035 
49.000 -0.036 
50.000 -0.037 
51.000 -0.037 
52.000 -0.038 
53.000 -0.038 
54.000 -0.039 
55.000 -0.040 
56.000 -0.040 
57.000 -0.041 
58.000 -0.041 
59.000 -0.042 
60.000 -0.042 
61.000 -0.043 
62.000 -0.043 
63.000 -0.044 
64.000 -0.044 
65.000 -0.045 
66.000 -0.045 
67.000 -0.046 
68.000 -0.046 
69.000 -0.047 
70.000 -0.047 
71.000 -0.048 
72.000 -0.048 
73.000 -0.049 
74.000 -0.049 
75.000 -0.050 
76.000 -0.050 
77.000 -0.051 
78.000 -0.051 
79.000 -0.051 
80.000 -0.052 
81.000 -0.052 
82.000 -0.053 
83.000 -0.053 
84.000 -0.054 
85.000 -0.054 
86.000 -0.054 
87.000 -0.055 
88.000 -0.055 
89.000 -0.056 
90.000 -0.056 
91.000 -0.056 
92.000 -0.057 
93.000 -0.057 
94.000 -0.057 
95.000 -0.058 
96.000 -0.058 
97.000 -0.059 
98.000 -0.059 
99.000 -0.059 
100.000 -0.060 
101.000 -0.060 
102.000 -0.060 
103.000 -0.061 
104.000 -0.061 
105.000 -0.061 
106.000 -0.062 
107.000 -0.062 
108.000 -0.062 
109.000 -0.063 
110.000 -0.063 
111.000 -0.063 
112.000 -0.063 
113.000 -0.064 
114.000 -0.064 
115.000 -0.064 
116.000 -0.065 
117.000 -0.065 
118.000 -0.065 
119.000 -0.066 
120.000 -0.066 
121.000 -0.066 
122.000 -0.066 
123.000 -0.067 
124.000 -0.067 
125.000 -0.067 
126.000 -0.067 
127.000 -0.067 
128.000 -0.067 
129.000 -0.067 
130.000 -0.067 
131.000 -0.067 
132.000 -0.067 
133.000 -0.067 
134.000 -0.067 
135.000 -0.067 
136.000 -0.067 
137.000 -0.067 
138.000 -0.067 
139.000 -0.067 
140.000 -0.067 
141.000 -0.067 
142.000 -0.067 
143.000 -0.068 
144.000 -0.068 
145.000 -0.068 
146.000 -0.068 
147.000 -0.068 
148.000 -0.068 
149.000 -0.068 
150.000 -0.068 
151.000 -0.068 
152.000 -0.068 
153.000 -0.068 
154.000 -0.068 
155.000 -0.068 
156.000 -0.068 
157.000 -0.068 
158.000 -0.068 
159.000 -0.068 
160.000 -0.068 
161.000 -0.068 
162.000 -0.068 
163.000 -0.068 
164.000 -0.068 
165.000 -0.068 
166.000 -0.068 
167.000 -0.069 
168.000 -0.069 
169.000 -0.069 
170.000 -0.069 
171.000 -0.069 
172.000 -0.069 
173.000 -0.069 
174.000 -0.069 
175.000 -0.069 
176.000 -0.069 
177.000 -0.069 
178.000 -0.069 
179.000 -0.069 
180.000 -0.069 
181.000 -0.069 
182.000 -0.069 
183.000 -0.069 
184.000 -0.069 
185.000 -0.069 
186.000 -0.069 
187.000 -0.069 
188.000 -0.069 
189.000 -0.069 
190.000 -0.069 
191.000 -0.069 
192.000 -0.069 
193.000 -0.070 
194.000 -0.070 
195.000 -0.070 
196.000 -0.070 
197.000 -0.070 
198.000 -0.070 
199.000 -0.070 
200.000 -0.070 
201.000 -0.070 
202.000 -0.070 
203.000 -0.070 
204.000 -0.070 
205.000 -0.070 
206.000 -0.070 
207.000 -0.070 
208.000 -0.070 
209.000 -0.070 
210.000 -0.070 
211.000 -0.070 
212.000 -0.070 
213.000 -0.070 
214.000 -0.070 
215.000 -0.070 
216.000 -0.070 
217.000 -0.070 
218.000 -0.070 
219.000 -0.070 
220.000 -0.070 
221.000 -0.071 
222.000 -0.071 
223.000 -0.071 
224.000 -0.071 
225.000 -0.071 
226.000 -0.071 
227.000 -0.071 
228.000 -0.071 
229.000 -0.071 
230.000 -0.071 
231.000 -0.071 
232.000 -0.071 
233.000 -0.071 
234.000 -0.071 
235.000 -0.071 
236.000 -0.071 
237.000 -0.071 
238.000 -0.071 
239.000 -0.071 
240.000 -0.071 
241.000 -0.071 
242.000 -0.071 
243.000 -0.071 
244.000 -0.071 
245.000 -0.071 
246.000 -0.071 
247.000 -0.070 
248.000 -0.068 
249.000 -0.065 
250.000 -0.062 
251.000 -0.059 
252.000 -0.057 
253.000 -0.055 
254.000 -0.053 
255.000 -0.052 
256.000 -0.051 
257.000 -0.050 
258.000 -0.049 
259.000 -0.048 
260.000 -0.046 
261.000 -0.045 
262.000 -0.044 
263.000 -0.042 
264.000 -0.041 
265.000 -0.039 
266.000 -0.037 
267.000 -0.035 
268.000 -0.033 
269.000 -0.031 
270.000 -0.029 
271.000 -0.027 
272.000 -0.025 
273.000 -0.023 
274.000 -0.021 
275.000 -0.019 
276.000 -0.017 
277.000 -0.015 
278.000 -0.013 
279.000 -0.011 
280.000 -0.009 
281.000 -0.007 
282.000 -0.005 
283.000 -0.002 
284.000 -0.000 
285.000 0.002 
286.000 0.004 
287.000 0.007 
288.000 0.009 
289.000 0.012 
290.000 0.014 
291.000 0.016 
292.000 0.019 
293.000 0.021 
294.000 0.024 
295.000 0.026 
296.000 0.029 
297.000 0.031 
298.000 0.034 
299.000 0.036 
300.000 0.039 
301.000 0.041 
302.000 0.044 
303.000 0.046 
304.000 0.049 
305.000 0.052 
306.000 0.054 
307.000 0.057 
308.000 0.059 
309.000 0.062 
310.000 0.065 
311.000 0.067 
312.000 0.070 
313.000 0.072 
314.000 0.075 
315.000 0.078 
316.000 0.080 
317.000 0.083 
318.000 0.086 
319.000 0.088 
320.000 0.091 
321.000 0.093 
322.000 0.096 
323.000 0.098 
324.000 0.101 
325.000 0.103 
326.000 0.106 
327.000 0.108 
328.000 0.111 
329.000 0.113 
330.000 0.116 
331.000 0.118 
332.000 0.121 
333.000 0.123 
334.000 0.125 
335.000 0.128 
336.000 0.130 
337.000 0.132 
338.000 0.135 
339.000 0.137 
340.000 0.139 
341.000 0.141 
342.000 0.144 
343.000 0.146 
344.000 0.148 
345.000 0.150 
346.000 0.152 
347.000 0.154 
348.000 0.156 
349.000 0.158 
350.000 0.160 
351.000 0.162 
352.000 0.164 
353.000 0.166 
354.000 0.168 
355.000 0.170 
356.000 0.172 
357.000 0.174 
358.000 0.175 
359.000 0.177 
360.000 0.179 
361.000 0.181 
362.000 0.182 
363.000 0.184 
364.000 0.185 
365.000 0.187 
366.000 0.193 
367.000 0.207 
368.000 0.228 
369.000 0.255 
370.000 0.287 
371.000 0.319 
372.000 0.352 
373.000 0.382 
374.000 0.409 
375.000 0.432 
376.000 0.451 
377.000 0.466 
378.000 0.478 
379.000 0.488 
380.000 0.496 
381.000 0.503 
382.000 0.511 
383.000 0.519 
384.000 0.528 
385.000 0.539 
386.000 0.551 
387.000 0.565 
388.000 0.579 
389.000 0.595 
390.000 0.611 
391.000 0.626 
392.000 0.642 
393.000 0.657 
394.000 0.671 
395.000 0.683 
396.000 0.695 
397.000 0.706 
398.000 0.716 
399.000 0.724 
400.000 0.732 
401.000 0.739 
402.000 0.746 
403.000 0.752 
404.000 0.758 
405.000 0.764 
406.000 0.770 
407.000 0.776 
408.000 0.782 
409.000 0.788 
410.000 0.794 
411.000 0.799 
412.000 0.805 
413.000 0.811 
414.000 0.816 
415.000 0.821 
416.000 0.825 
417.000 0.829 
418.000 0.833 
419.000 0.837 
420.000 0.840 
421.000 0.843 
422.000 0.846 
423.000 0.849 
424.000 0.851 
425.000 0.853 
426.000 0.855 
427.000 0.858 
428.000 0.860 
429.000 0.862 
430.000 0.863 
431.000 0.865 
432.000 0.867 
433.000 0.869 
434.000 0.870 
435.000 0.872 
436.000 0.873 
437.000 0.875 
438.000 0.876 
439.000 0.877 
440.000 0.878 
441.000 0.879 
442.000 0.880 
443.000 0.881 
444.000 0.882 
445.000 0.883 
446.000 0.884 
447.000 0.884 
448.000 0.885 
449.000 0.885 
450.000 0.886 
451.000 0.887 
452.000 0.887 
453.000 0.888 
454.000 0.888 
455.000 0.889 
456.000 0.889 
457.000 0.889 
458.000 0.890 
459.000 0.890 
460.000 0.891 
461.000 0.891 
462.000 0.891 
463.000 0.891 
464.000 0.892 
465.000 0.892 
466.000 0.892 
467.000 0.892 
468.000 0.893 
469.000 0.893 
470.000 0.893 
471.000 0.893 
472.000 0.893 
473.000 0.893 
474.000 0.894 
475.000 0.894 
476.000 0.894 
477.000 0.894 
478.000 0.894 
479.000 0.894 
480.000 0.894 
481.000 0.894 
482.000 0.895 
483.000 0.895 
484.000 0.895 
485.000 0.895 
486.000 0.923 
487.000 0.999 
488.000 1.128 
489.000 1.307 
490.000 1.528 
491.000 1.780 
492.000 2.053 
493.000 2.333 
494.000 2.610 
495.000 2.873 
496.000 3.113 
497.000 3.322 
498.000 3.494 
499.000 3.628 
500.000 3.721 
501.000 3.776 
502.000 3.795 
503.000 3.784 
504.000 3.746 
505.000 3.691 
506.000 3.623 
507.000 3.551 
508.000 3.479 
509.000 3.413 
510.000 3.357 
511.000 3.314 
512.000 3.285 
513.000 3.273 
514.000 3.275 
515.000 3.291 
516.000 3.319 
517.000 3.358 
518.000 3.403 
519.000 3.452 
520.000 3.504 
521.000 3.553 
522.000 3.600 
523.000 3.641 
524.000 3.674 
525.000 3.699 
526.000 3.716 
527.000 3.724 
528.000 3.723 
529.000 3.714 
530.000 3.699 
531.000 3.679 
532.000 3.655 
533.000 3.630 
534.000 3.604 
535.000 3.579 
536.000 3.556 
537.000 3.537 
538.000 3.521 
539.000 3.510 
540.000 3.504 
541.000 3.502 
542.000 3.504 
543.000 3.510 
544.000 3.519 
545.000 3.530 
546.000 3.542 
547.000 3.555 
548.000 3.568 
549.000 3.581 
550.000 3.592 
551.000 3.601 
552.000 3.608 
553.000 3.612 
554.000 3.615 
555.000 3.615 
556.000 3.613 
557.000 3.609 
558.000 3.604 
559.000 3.598 
560.000 3.591 
561.000 3.584 
562.000 3.577 
563.000 3.571 
564.000 3.566 
565.000 3.562 
566.000 3.559 
567.000 3.557 
568.000 3.556 
569.000 3.557 
570.000 3.558 
571.000 3.560 
572.000 3.563 
573.000 3.566 
574.000 3.570 
575.000 3.573 
576.000 3.577 
577.000 3.580 
578.000 3.582 
579.000 3.584 
580.000 3.585 
581.000 3.586 
582.000 3.586 
583.000 3.586 
584.000 3.585 
585.000 3.584 
586.000 3.582 
587.000 3.580 
588.000 3.578 
589.000 3.577 
590.000 3.575 
591.000 3.574 
592.000 3.572 
593.000 3.571 
594.000 3.571 
595.000 3.571 
596.000 3.571 
597.000 3.571 
598.000 3.572 
599.000 3.572 
600.000 3.573 
601.000 3.574 
602.000 3.575 
603.000 3.576 
604.000 3.577 
605.000 3.578 
606.000 3.603 
607.000 3.673 
608.000 3.790 
609.000 3.939 
610.000 4.106 
611.000 4.280 
612.000 4.452 
613.000 4.616 
614.000 4.768 
615.000 4.907 
616.000 5.030 
617.000 5.139 
618.000 5.233 
619.000 5.312 
620.000 5.379 
621.000 5.435 
622.000 5.480 
623.000 5.516 
624.000 5.545 
625.000 5.567 
626.000 5.583 
627.000 5.596 
628.000 5.604 
629.000 5.610 
630.000 5.613 
631.000 5.615 
632.000 5.616 
633.000 5.615 
634.000 5.614 
635.000 5.612 
636.000 5.611 
637.000 5.609 
638.000 5.607 
639.000 5.605 
640.000 5.604 
641.000 5.602 
642.000 5.601 
643.000 5.599 
644.000 5.598 
645.000 5.597 
646.000 5.597 
647.000 5.596 
648.000 5.596 
649.000 5.595 
650.000 5.595 
651.000 5.595 
652.000 5.594 
653.000 5.594 
654.000 5.594 
655.000 5.594 
656.000 5.594 
657.000 5.594 
658.000 5.594 
659.000 5.594 
660.000 5.594 
661.000 5.594 
662.000 5.594 
663.000 5.594 
664.000 5.594 
665.000 5.594 
666.000 5.594 
667.000 5.594 
668.000 5.594 
669.000 5.594 
670.000 5.594 
671.000 5.594 
672.000 5.594 
673.000 5.594 
674.000 5.594 
675.000 5.594 
676.000 5.594 
677.000 5.594 
678.000 5.594 
679.000 5.594 
680.000 5.594 
681.000 5.594 
682.000 5.594 
683.000 5.594 
684.000 5.594 
685.000 5.594 
686.000 5.594 
687.000 5.594 
688.000 5.594 
689.000 5.594 
690.000 5.594 
691.000 5.594 
692.000 5.594 
693.000 5.594 
694.000 5.594 
695.000 5.594 
696.000 5.594 
697.000 5.594 
698.000 5.594 
699.000 5.594 
700.000 5.594 
701.000 5.594 
702.000 5.594 
703.000 5.594 
704.000 5.594 
705.000 5.594 
706.000 5.594 
707.000 5.594 
708.000 5.594 
709.000 5.594 
710.000 5.594 
711.000 5.594 
712.000 5.594 
713.000 5.594 
714.000 5.594 
715.000 5.594 
716.000 5.594 
717.000 5.594 
718.000 5.594 
719.000 5.594 
720.000 5.594 
721.000 5.594 
722.000 5.594 
723.000 5.594 
724.000 5.594 
725.000 5.594 
726.000 5.594 
727.000 5.594 
728.000 5.594 
729.000 5.594 
730.000 5.594 
731.000 5.594 
732.000 5.594 
733.000 5.594 
734.000 5.594 
735.000 5.594 
736.000 5.594 
737.000 5.594 
738.000 5.594 
739.000 5.594 
740.000 5.594 
741.000 5.594 
742.000 5.594 
743.000 5.594 
744.000 5.594 
745.000 5.594 
746.000 5.594 
747.000 5.594 
748.000 5.594 
749.000 5.594 
750.000 5.594 
751.000 5.594 
752.000 5.594 
753.000 5.594 
754.000 5.594 
755.000 5.594 
756.000 5.594 
757.000 5.594 
758.000 5.594 
759.000 5.594 
760.000 5.594 
761.000 5.594 
762.000 5.594 
763.000 5.594 
764.000 5.594 
765.000 5.594 
766.000 5.594 
767.000 5.594 
768.000 5.594 
769.000 5.594 
770.000 5.594 
771.000 5.594 
772.000 5.594 
773.000 5.594 
774.000 5.594 
775.000 5.594 
776.000 5.594 
777.000 5.594 
778.000 5.594 
779.000 5.594 
780.000 5.594 
781.000 5.594 
782.000 5.594 
783.000 5.594 
784.000 5.594 
785.000 5.594 
786.000 5.594 
787.000 5.594 
788.000 5.594 
789.000 5.594 
790.000 5.594 
791.000 5.594 
792.000 5.594 
793.000 5.594 
794.000 5.594 
795.000 5.594 
796.000 5.594 
797.000 5.594 
798.000 5.594 
799.000 5.594 
800.000 5.594 
