1.000 0.000 
2.000 0.000 
3.000 0.000 
4.000 0.000 
5.000 0.000 
6.000 0.000 
7.000 0.000 
8.000 0.000 
9.000 0.000 
10.000 0.000 
11.000 0.000 
12.000 -0.000 
13.000 -0.001 
14.000 -0.003 
15.000 -0.004 
16.000 -0.006 
17.000 -0.008 
18.000 -0.010 
19.000 -0.011 
20.000 -0.012 
21.000 -0.013 
22.000 -0.014 
23.000 -0.015 
24.000 -0.016 
25.000 -0.016 
26.000 -0.017 
27.000 -0.017 
28.000 -0.018 
29.000 -0.019 
30.000 -0.019 
31.000 -0.020 
32.000 -0.021 
33.000 -0.022 
34.000 -0.022 
35.000 -0.023 
36.000 -0.024 
37.000 -0.025 
38.000 -0.025 
39.000 -0.026 
40.000 -0.027 
41.000 -0.027 
42.000 -0.028 
43.000 -0.029 
44.000 -0.029 
45.000 -0.030 
46.000 -0.031 
47.000 -0.031 
48.000 -0.032 
49.000 -0.032 
50.000 -0.033 
51.000 -0.034 
52.000 -0.034 
53.000 -0.035 
54.000 -0.035 
55.000 -0.036 
56.000 -0.036 
57.000 -0.037 
58.000 -0.038 
59.000 -0.038 
60.000 -0.039 
61.000 -0.039 
62.000 -0.040 
63.000 -0.040 
64.000 -0.041 
65.000 -0.041 
66.000 -0.042 
67.000 -0.042 
68.000 -0.043 
69.000 -0.043 
70.000 -0.044 
71.000 -0.044 
72.000 -0.044 
73.000 -0.045 
74.000 -0.045 
75.000 -0.046 
76.000 -0.046 
77.000 -0.047 
78.000 -0.047 
79.000 -0.048 
80.000 -0.048 
81.000 -0.048 
82.000 -0.049 
83.000 -0.049 
84.000 -0.050 
85.000 -0.050 
86.000 -0.050 
87.000 -0.051 
88.000 -0.051 
89.000 -0.052 
90.000 -0.052 
91.000 -0.052 
92.000 -0.053 
93.000 -0.053 
94.000 -0.053 
95.000 -0.054 
96.000 -0.054 
97.000 -0.054 
98.000 -0.055 
99.000 -0.055 
100.000 -0.055 
101.000 -0.056 
102.000 -0.056 
103.000 -0.057 
104.000 -0.057 
105.000 -0.057 
106.000 -0.057 
107.000 -0.058 
108.000 -0.058 
109.000 -0.058 
110.000 -0.059 
111.000 -0.059 
112.000 -0.059 
113.000 -0.060 
114.000 -0.060 
115.000 -0.060 
116.000 -0.061 
117.000 -0.061 
118.000 -0.061 
119.000 -0.061 
120.000 -0.062 
121.000 -0.062 
122.000 -0.062 
123.000 -0.063 
124.000 -0.063 
125.000 -0.063 
126.000 -0.063 
127.000 -0.063 
128.000 -0.063 
129.000 -0.063 
130.000 -0.063 
131.000 -0.063 
132.000 -0.063 
133.000 -0.063 
134.000 -0.063 
135.000 -0.063 
136.000 -0.063 
137.000 -0.063 
138.000 -0.063 
139.000 -0.063 
140.000 -0.063 
141.000 -0.064 
142.000 -0.064 
143.000 -0.064 
144.000 -0.064 
145.000 -0.064 
146.000 -0.064 
147.000 -0.064 
148.000 -0.064 
149.000 -0.064 
150.000 -0.064 
151.000 -0.064 
152.000 -0.064 
153.000 -0.064 
154.000 -0.064 
155.000 -0.064 
156.000 -0.064 
157.000 -0.064 
158.000 -0.065 
159.000 -0.065 
160.000 -0.065 
161.000 -0.065 
162.000 -0.065 
163.000 -0.065 
164.000 -0.065 
165.000 -0.065 
166.000 -0.065 
167.000 -0.065 
168.000 -0.065 
169.000 -0.065 
170.000 -0.065 
171.000 -0.065 
172.000 -0.065 
173.000 -0.065 
174.000 -0.065 
175.000 -0.065 
176.000 -0.065 
177.000 -0.066 
178.000 -0.066 
179.000 -0.066 
180.000 -0.066 
181.000 -0.066 
182.000 -0.066 
183.000 -0.066 
184.000 -0.066 
185.000 -0.066 
186.000 -0.066 
187.000 -0.066 
188.000 -0.066 
189.000 -0.066 
190.000 -0.066 
191.000 -0.066 
192.000 -0.066 
193.000 -0.066 
194.000 -0.066 
195.000 -0.066 
196.000 -0.066 
197.000 -0.066 
198.000 -0.067 
199.000 -0.067 
200.000 -0.067 
201.000 -0.067 
202.000 -0.067 
203.000 -0.067 
204.000 -0.067 
205.000 -0.067 
206.000 -0.067 
207.000 -0.067 
208.000 -0.067 
209.000 -0.067 
210.000 -0.067 
211.000 -0.067 
212.000 -0.067 
213.000 -0.067 
214.000 -0.067 
215.000 -0.067 
216.000 -0.067 
217.000 -0.067 
218.000 -0.067 
219.000 -0.067 
220.000 -0.067 
221.000 -0.067 
222.000 -0.068 
223.000 -0.068 
224.000 -0.068 
225.000 -0.068 
226.000 -0.068 
227.000 -0.068 
228.000 -0.068 
229.000 -0.068 
230.000 -0.068 
231.000 -0.068 
232.000 -0.068 
233.000 -0.068 
234.000 -0.068 
235.000 -0.068 
236.000 -0.068 
237.000 -0.068 
238.000 -0.068 
239.000 -0.068 
240.000 -0.068 
241.000 -0.068 
242.000 -0.068 
243.000 -0.068 
244.000 -0.068 
245.000 -0.068 
246.000 -0.068 
247.000 -0.067 
248.000 -0.066 
249.000 -0.064 
250.000 -0.061 
251.000 -0.059 
252.000 -0.057 
253.000 -0.055 
254.000 -0.054 
255.000 -0.052 
256.000 -0.051 
257.000 -0.050 
258.000 -0.049 
259.000 -0.047 
260.000 -0.046 
261.000 -0.045 
262.000 -0.044 
263.000 -0.043 
264.000 -0.041 
265.000 -0.040 
266.000 -0.038 
267.000 -0.037 
268.000 -0.035 
269.000 -0.034 
270.000 -0.032 
271.000 -0.030 
272.000 -0.028 
273.000 -0.027 
274.000 -0.025 
275.000 -0.023 
276.000 -0.021 
277.000 -0.020 
278.000 -0.018 
279.000 -0.016 
280.000 -0.014 
281.000 -0.012 
282.000 -0.010 
283.000 -0.009 
284.000 -0.007 
285.000 -0.005 
286.000 -0.003 
287.000 -0.001 
288.000 0.001 
289.000 0.003 
290.000 0.005 
291.000 0.007 
292.000 0.009 
293.000 0.012 
294.000 0.014 
295.000 0.016 
296.000 0.018 
297.000 0.020 
298.000 0.022 
299.000 0.024 
300.000 0.027 
301.000 0.029 
302.000 0.031 
303.000 0.033 
304.000 0.035 
305.000 0.038 
306.000 0.040 
307.000 0.042 
308.000 0.045 
309.000 0.047 
310.000 0.049 
311.000 0.051 
312.000 0.054 
313.000 0.056 
314.000 0.058 
315.000 0.061 
316.000 0.063 
317.000 0.065 
318.000 0.068 
319.000 0.070 
320.000 0.072 
321.000 0.075 
322.000 0.077 
323.000 0.079 
324.000 0.082 
325.000 0.084 
326.000 0.086 
327.000 0.088 
328.000 0.091 
329.000 0.093 
330.000 0.095 
331.000 0.098 
332.000 0.100 
333.000 0.102 
334.000 0.104 
335.000 0.106 
336.000 0.109 
337.000 0.111 
338.000 0.113 
339.000 0.115 
340.000 0.117 
341.000 0.120 
342.000 0.122 
343.000 0.124 
344.000 0.126 
345.000 0.128 
346.000 0.130 
347.000 0.132 
348.000 0.134 
349.000 0.136 
350.000 0.138 
351.000 0.140 
352.000 0.142 
353.000 0.144 
354.000 0.146 
355.000 0.148 
356.000 0.150 
357.000 0.152 
358.000 0.154 
359.000 0.155 
360.000 0.157 
361.000 0.159 
362.000 0.161 
363.000 0.163 
364.000 0.164 
365.000 0.166 
366.000 0.171 
367.000 0.181 
368.000 0.196 
369.000 0.216 
370.000 0.239 
371.000 0.264 
372.000 0.289 
373.000 0.313 
374.000 0.336 
375.000 0.357 
376.000 0.375 
377.000 0.392 
378.000 0.406 
379.000 0.419 
380.000 0.430 
381.000 0.441 
382.000 0.451 
383.000 0.462 
384.000 0.472 
385.000 0.483 
386.000 0.495 
387.000 0.507 
388.000 0.520 
389.000 0.533 
390.000 0.546 
391.000 0.560 
392.000 0.574 
393.000 0.588 
394.000 0.601 
395.000 0.614 
396.000 0.627 
397.000 0.638 
398.000 0.650 
399.000 0.661 
400.000 0.671 
401.000 0.681 
402.000 0.690 
403.000 0.698 
404.000 0.707 
405.000 0.715 
406.000 0.722 
407.000 0.730 
408.000 0.737 
409.000 0.744 
410.000 0.750 
411.000 0.757 
412.000 0.763 
413.000 0.770 
414.000 0.776 
415.000 0.781 
416.000 0.787 
417.000 0.792 
418.000 0.797 
419.000 0.802 
420.000 0.807 
421.000 0.811 
422.000 0.816 
423.000 0.820 
424.000 0.823 
425.000 0.827 
426.000 0.830 
427.000 0.834 
428.000 0.837 
429.000 0.840 
430.000 0.842 
431.000 0.845 
432.000 0.847 
433.000 0.850 
434.000 0.852 
435.000 0.854 
436.000 0.856 
437.000 0.858 
438.000 0.860 
439.000 0.862 
440.000 0.864 
441.000 0.866 
442.000 0.867 
443.000 0.869 
444.000 0.870 
445.000 0.871 
446.000 0.873 
447.000 0.874 
448.000 0.875 
449.000 0.876 
450.000 0.877 
451.000 0.878 
452.000 0.879 
453.000 0.880 
454.000 0.881 
455.000 0.882 
456.000 0.882 
457.000 0.883 
458.000 0.884 
459.000 0.884 
460.000 0.885 
461.000 0.885 
462.000 0.886 
463.000 0.887 
464.000 0.887 
465.000 0.888 
466.000 0.888 
467.000 0.888 
468.000 0.889 
469.000 0.889 
470.000 0.890 
471.000 0.890 
472.000 0.890 
473.000 0.890 
474.000 0.891 
475.000 0.891 
476.000 0.891 
477.000 0.892 
478.000 0.892 
479.000 0.892 
480.000 0.892 
481.000 0.892 
482.000 0.893 
483.000 0.893 
484.000 0.893 
485.000 0.893 
486.000 0.914 
487.000 0.970 
488.000 1.067 
489.000 1.202 
490.000 1.371 
491.000 1.566 
492.000 1.781 
493.000 2.007 
494.000 2.237 
495.000 2.463 
496.000 2.679 
497.000 2.878 
498.000 3.058 
499.000 3.215 
500.000 3.346 
501.000 3.451 
502.000 3.531 
503.000 3.587 
504.000 3.620 
505.000 3.634 
506.000 3.633 
507.000 3.618 
508.000 3.594 
509.000 3.564 
510.000 3.532 
511.000 3.500 
512.000 3.470 
513.000 3.444 
514.000 3.423 
515.000 3.409 
516.000 3.402 
517.000 3.401 
518.000 3.407 
519.000 3.418 
520.000 3.435 
521.000 3.454 
522.000 3.477 
523.000 3.501 
524.000 3.525 
525.000 3.548 
526.000 3.570 
527.000 3.590 
528.000 3.607 
529.000 3.621 
530.000 3.631 
531.000 3.638 
532.000 3.641 
533.000 3.641 
534.000 3.638 
535.000 3.633 
536.000 3.626 
537.000 3.617 
538.000 3.608 
539.000 3.598 
540.000 3.588 
541.000 3.579 
542.000 3.571 
543.000 3.564 
544.000 3.558 
545.000 3.554 
546.000 3.551 
547.000 3.549 
548.000 3.549 
549.000 3.550 
550.000 3.552 
551.000 3.555 
552.000 3.559 
553.000 3.563 
554.000 3.567 
555.000 3.571 
556.000 3.575 
557.000 3.578 
558.000 3.581 
559.000 3.584 
560.000 3.586 
561.000 3.587 
562.000 3.587 
563.000 3.588 
564.000 3.587 
565.000 3.586 
566.000 3.585 
567.000 3.584 
568.000 3.582 
569.000 3.580 
570.000 3.578 
571.000 3.577 
572.000 3.575 
573.000 3.574 
574.000 3.573 
575.000 3.572 
576.000 3.572 
577.000 3.571 
578.000 3.571 
579.000 3.571 
580.000 3.572 
581.000 3.572 
582.000 3.573 
583.000 3.573 
584.000 3.574 
585.000 3.575 
586.000 3.576 
587.000 3.576 
588.000 3.577 
589.000 3.577 
590.000 3.578 
591.000 3.578 
592.000 3.578 
593.000 3.578 
594.000 3.578 
595.000 3.578 
596.000 3.578 
597.000 3.577 
598.000 3.577 
599.000 3.577 
600.000 3.576 
601.000 3.576 
602.000 3.576 
603.000 3.576 
604.000 3.575 
605.000 3.575 
606.000 3.594 
607.000 3.645 
608.000 3.734 
609.000 3.863 
610.000 4.018 
611.000 4.186 
612.000 4.357 
613.000 4.525 
614.000 4.683 
615.000 4.829 
616.000 4.960 
617.000 5.077 
618.000 5.179 
619.000 5.266 
620.000 5.341 
621.000 5.403 
622.000 5.454 
623.000 5.495 
624.000 5.528 
625.000 5.554 
626.000 5.573 
627.000 5.588 
628.000 5.599 
629.000 5.606 
630.000 5.611 
631.000 5.614 
632.000 5.615 
633.000 5.615 
634.000 5.614 
635.000 5.613 
636.000 5.612 
637.000 5.610 
638.000 5.608 
639.000 5.606 
640.000 5.604 
641.000 5.603 
642.000 5.601 
643.000 5.600 
644.000 5.599 
645.000 5.598 
646.000 5.597 
647.000 5.596 
648.000 5.596 
649.000 5.595 
650.000 5.595 
651.000 5.595 
652.000 5.594 
653.000 5.594 
654.000 5.594 
655.000 5.594 
656.000 5.594 
657.000 5.594 
658.000 5.594 
659.000 5.594 
660.000 5.594 
661.000 5.594 
662.000 5.594 
663.000 5.594 
664.000 5.594 
665.000 5.594 
666.000 5.594 
667.000 5.594 
668.000 5.594 
669.000 5.594 
670.000 5.594 
671.000 5.594 
672.000 5.594 
673.000 5.594 
674.000 5.594 
675.000 5.594 
676.000 5.594 
677.000 5.594 
678.000 5.594 
679.000 5.594 
680.000 5.594 
681.000 5.594 
682.000 5.594 
683.000 5.594 
684.000 5.594 
685.000 5.594 
686.000 5.594 
687.000 5.594 
688.000 5.594 
689.000 5.594 
690.000 5.594 
691.000 5.594 
692.000 5.594 
693.000 5.594 
694.000 5.594 
695.000 5.594 
696.000 5.594 
697.000 5.594 
698.000 5.594 
699.000 5.594 
700.000 5.594 
701.000 5.594 
702.000 5.594 
703.000 5.594 
704.000 5.594 
705.000 5.594 
706.000 5.594 
707.000 5.594 
708.000 5.594 
709.000 5.594 
710.000 5.594 
711.000 5.594 
712.000 5.594 
713.000 5.594 
714.000 5.594 
715.000 5.594 
716.000 5.594 
717.000 5.594 
718.000 5.594 
719.000 5.594 
720.000 5.594 
721.000 5.594 
722.000 5.594 
723.000 5.594 
724.000 5.594 
725.000 5.594 
726.000 5.594 
727.000 5.594 
728.000 5.594 
729.000 5.594 
730.000 5.594 
731.000 5.594 
732.000 5.594 
733.000 5.594 
734.000 5.594 
735.000 5.594 
736.000 5.594 
737.000 5.594 
738.000 5.594 
739.000 5.594 
740.000 5.594 
741.000 5.594 
742.000 5.594 
743.000 5.594 
744.000 5.594 
745.000 5.594 
746.000 5.594 
747.000 5.594 
748.000 5.594 
749.000 5.594 
750.000 5.594 
751.000 5.594 
752.000 5.594 
753.000 5.594 
754.000 5.594 
755.000 5.594 
756.000 5.594 
757.000 5.594 
758.000 5.594 
759.000 5.594 
760.000 5.594 
761.000 5.594 
762.000 5.594 
763.000 5.594 
764.000 5.594 
765.000 5.594 
766.000 5.594 
767.000 5.594 
768.000 5.594 
769.000 5.594 
770.000 5.594 
771.000 5.594 
772.000 5.594 
773.000 5.594 
774.000 5.594 
775.000 5.594 
776.000 5.594 
777.000 5.594 
778.000 5.594 
779.000 5.594 
780.000 5.594 
781.000 5.594 
782.000 5.594 
783.000 5.594 
784.000 5.594 
785.000 5.594 
786.000 5.594 
787.000 5.594 
788.000 5.594 
789.000 5.594 
790.000 5.594 
791.000 5.594 
792.000 5.594 
793.000 5.594 
794.000 5.594 
795.000 5.594 
796.000 5.594 
797.000 5.594 
798.000 5.594 
799.000 5.594 
800.000 5.594 
