1.000 0.000 
2.000 0.000 
3.000 0.000 
4.000 0.000 
5.000 0.000 
6.000 0.000 
7.000 0.000 
8.000 0.000 
9.000 0.000 
10.000 0.000 
11.000 0.000 
12.000 -0.001 
13.000 -0.004 
14.000 -0.008 
15.000 -0.012 
16.000 -0.015 
17.000 -0.017 
18.000 -0.018 
19.000 -0.018 
20.000 -0.019 
21.000 -0.019 
22.000 -0.019 
23.000 -0.020 
24.000 -0.020 
25.000 -0.021 
26.000 -0.022 
27.000 -0.024 
28.000 -0.025 
29.000 -0.026 
30.000 -0.027 
31.000 -0.028 
32.000 -0.029 
33.000 -0.030 
34.000 -0.031 
35.000 -0.031 
36.000 -0.032 
37.000 -0.033 
38.000 -0.034 
39.000 -0.035 
40.000 -0.035 
41.000 -0.036 
42.000 -0.037 
43.000 -0.038 
44.000 -0.038 
45.000 -0.039 
46.000 -0.040 
47.000 -0.040 
48.000 -0.041 
49.000 -0.042 
50.000 -0.042 
51.000 -0.043 
52.000 -0.044 
53.000 -0.044 
54.000 -0.045 
55.000 -0.046 
56.000 -0.046 
57.000 -0.047 
58.000 -0.047 
59.000 -0.048 
60.000 -0.049 
61.000 -0.049 
62.000 -0.050 
63.000 -0.050 
64.000 -0.051 
65.000 -0.051 
66.000 -0.052 
67.000 -0.052 
68.000 -0.053 
69.000 -0.053 
70.000 -0.054 
71.000 -0.054 
72.000 -0.055 
73.000 -0.055 
74.000 -0.056 
75.000 -0.056 
76.000 -0.057 
77.000 -0.057 
78.000 -0.058 
79.000 -0.058 
80.000 -0.058 
81.000 -0.059 
82.000 -0.059 
83.000 -0.060 
84.000 -0.060 
85.000 -0.060 
86.000 -0.061 
87.000 -0.061 
88.000 -0.062 
89.000 -0.062 
90.000 -0.062 
91.000 -0.063 
92.000 -0.063 
93.000 -0.064 
94.000 -0.064 
95.000 -0.064 
96.000 -0.065 
97.000 -0.065 
98.000 -0.065 
99.000 -0.066 
100.000 -0.066 
101.000 -0.066 
102.000 -0.067 
103.000 -0.067 
104.000 -0.067 
105.000 -0.068 
106.000 -0.068 
107.000 -0.068 
108.000 -0.069 
109.000 -0.069 
110.000 -0.069 
111.000 -0.070 
112.000 -0.070 
113.000 -0.070 
114.000 -0.071 
115.000 -0.071 
116.000 -0.071 
117.000 -0.071 
118.000 -0.072 
119.000 -0.072 
120.000 -0.072 
121.000 -0.073 
122.000 -0.073 
123.000 -0.073 
124.000 -0.073 
125.000 -0.074 
126.000 -0.074 
127.000 -0.073 
128.000 -0.073 
129.000 -0.072 
130.000 -0.072 
131.000 -0.072 
132.000 -0.072 
133.000 -0.072 
134.000 -0.073 
135.000 -0.073 
136.000 -0.073 
137.000 -0.073 
138.000 -0.073 
139.000 -0.073 
140.000 -0.073 
141.000 -0.073 
142.000 -0.073 
143.000 -0.073 
144.000 -0.073 
145.000 -0.073 
146.000 -0.073 
147.000 -0.073 
148.000 -0.073 
149.000 -0.073 
150.000 -0.073 
151.000 -0.073 
152.000 -0.073 
153.000 -0.073 
154.000 -0.073 
155.000 -0.073 
156.000 -0.073 
157.000 -0.074 
158.000 -0.074 
159.000 -0.074 
160.000 -0.074 
161.000 -0.074 
162.000 -0.074 
163.000 -0.074 
164.000 -0.074 
165.000 -0.074 
166.000 -0.074 
167.000 -0.074 
168.000 -0.074 
169.000 -0.074 
170.000 -0.074 
171.000 -0.074 
172.000 -0.074 
173.000 -0.074 
174.000 -0.074 
175.000 -0.074 
176.000 -0.074 
177.000 -0.074 
178.000 -0.074 
179.000 -0.074 
180.000 -0.074 
181.000 -0.074 
182.000 -0.074 
183.000 -0.074 
184.000 -0.074 
185.000 -0.074 
186.000 -0.074 
187.000 -0.074 
188.000 -0.074 
189.000 -0.074 
190.000 -0.074 
191.000 -0.074 
192.000 -0.074 
193.000 -0.074 
194.000 -0.074 
195.000 -0.074 
196.000 -0.074 
197.000 -0.074 
198.000 -0.074 
199.000 -0.075 
200.000 -0.075 
201.000 -0.075 
202.000 -0.075 
203.000 -0.075 
204.000 -0.075 
205.000 -0.075 
206.000 -0.075 
207.000 -0.075 
208.000 -0.075 
209.000 -0.075 
210.000 -0.075 
211.000 -0.075 
212.000 -0.075 
213.000 -0.075 
214.000 -0.075 
215.000 -0.075 
216.000 -0.075 
217.000 -0.075 
218.000 -0.075 
219.000 -0.075 
220.000 -0.075 
221.000 -0.075 
222.000 -0.075 
223.000 -0.075 
224.000 -0.075 
225.000 -0.075 
226.000 -0.075 
227.000 -0.075 
228.000 -0.075 
229.000 -0.075 
230.000 -0.075 
231.000 -0.075 
232.000 -0.075 
233.000 -0.075 
234.000 -0.075 
235.000 -0.075 
236.000 -0.075 
237.000 -0.075 
238.000 -0.075 
239.000 -0.075 
240.000 -0.075 
241.000 -0.075 
242.000 -0.075 
243.000 -0.075 
244.000 -0.075 
245.000 -0.075 
246.000 -0.075 
247.000 -0.071 
248.000 -0.066 
249.000 -0.062 
250.000 -0.058 
251.000 -0.055 
252.000 -0.054 
253.000 -0.054 
254.000 -0.053 
255.000 -0.053 
256.000 -0.052 
257.000 -0.051 
258.000 -0.049 
259.000 -0.047 
260.000 -0.045 
261.000 -0.043 
262.000 -0.040 
263.000 -0.038 
264.000 -0.035 
265.000 -0.033 
266.000 -0.031 
267.000 -0.029 
268.000 -0.027 
269.000 -0.024 
270.000 -0.022 
271.000 -0.020 
272.000 -0.017 
273.000 -0.015 
274.000 -0.012 
275.000 -0.010 
276.000 -0.007 
277.000 -0.004 
278.000 -0.002 
279.000 0.001 
280.000 0.004 
281.000 0.007 
282.000 0.009 
283.000 0.012 
284.000 0.015 
285.000 0.018 
286.000 0.021 
287.000 0.024 
288.000 0.027 
289.000 0.030 
290.000 0.033 
291.000 0.036 
292.000 0.039 
293.000 0.042 
294.000 0.045 
295.000 0.048 
296.000 0.052 
297.000 0.055 
298.000 0.058 
299.000 0.061 
300.000 0.064 
301.000 0.067 
302.000 0.070 
303.000 0.073 
304.000 0.077 
305.000 0.080 
306.000 0.083 
307.000 0.086 
308.000 0.089 
309.000 0.092 
310.000 0.095 
311.000 0.098 
312.000 0.101 
313.000 0.104 
314.000 0.107 
315.000 0.110 
316.000 0.113 
317.000 0.116 
318.000 0.119 
319.000 0.122 
320.000 0.125 
321.000 0.128 
322.000 0.130 
323.000 0.133 
324.000 0.136 
325.000 0.139 
326.000 0.141 
327.000 0.144 
328.000 0.146 
329.000 0.149 
330.000 0.152 
331.000 0.154 
332.000 0.156 
333.000 0.159 
334.000 0.161 
335.000 0.164 
336.000 0.166 
337.000 0.168 
338.000 0.170 
339.000 0.173 
340.000 0.175 
341.000 0.177 
342.000 0.179 
343.000 0.181 
344.000 0.183 
345.000 0.185 
346.000 0.187 
347.000 0.189 
348.000 0.190 
349.000 0.192 
350.000 0.194 
351.000 0.196 
352.000 0.197 
353.000 0.199 
354.000 0.201 
355.000 0.202 
356.000 0.204 
357.000 0.205 
358.000 0.207 
359.000 0.208 
360.000 0.209 
361.000 0.211 
362.000 0.212 
363.000 0.214 
364.000 0.215 
365.000 0.216 
366.000 0.231 
367.000 0.265 
368.000 0.314 
369.000 0.367 
370.000 0.419 
371.000 0.464 
372.000 0.498 
373.000 0.521 
374.000 0.533 
375.000 0.537 
376.000 0.537 
377.000 0.534 
378.000 0.534 
379.000 0.536 
380.000 0.543 
381.000 0.555 
382.000 0.572 
383.000 0.592 
384.000 0.614 
385.000 0.637 
386.000 0.659 
387.000 0.679 
388.000 0.697 
389.000 0.712 
390.000 0.723 
391.000 0.732 
392.000 0.739 
393.000 0.745 
394.000 0.750 
395.000 0.755 
396.000 0.760 
397.000 0.766 
398.000 0.772 
399.000 0.779 
400.000 0.787 
401.000 0.795 
402.000 0.803 
403.000 0.811 
404.000 0.818 
405.000 0.824 
406.000 0.829 
407.000 0.834 
408.000 0.838 
409.000 0.841 
410.000 0.844 
411.000 0.846 
412.000 0.849 
413.000 0.851 
414.000 0.853 
415.000 0.856 
416.000 0.858 
417.000 0.861 
418.000 0.863 
419.000 0.866 
420.000 0.868 
421.000 0.870 
422.000 0.872 
423.000 0.874 
424.000 0.876 
425.000 0.877 
426.000 0.878 
427.000 0.879 
428.000 0.880 
429.000 0.881 
430.000 0.882 
431.000 0.883 
432.000 0.883 
433.000 0.884 
434.000 0.885 
435.000 0.886 
436.000 0.886 
437.000 0.887 
438.000 0.888 
439.000 0.888 
440.000 0.889 
441.000 0.890 
442.000 0.890 
443.000 0.890 
444.000 0.891 
445.000 0.891 
446.000 0.891 
447.000 0.892 
448.000 0.892 
449.000 0.892 
450.000 0.892 
451.000 0.893 
452.000 0.893 
453.000 0.893 
454.000 0.893 
455.000 0.893 
456.000 0.894 
457.000 0.894 
458.000 0.894 
459.000 0.894 
460.000 0.894 
461.000 0.894 
462.000 0.894 
463.000 0.895 
464.000 0.895 
465.000 0.895 
466.000 0.895 
467.000 0.895 
468.000 0.895 
469.000 0.895 
470.000 0.895 
471.000 0.895 
472.000 0.895 
473.000 0.895 
474.000 0.895 
475.000 0.895 
476.000 0.895 
477.000 0.895 
478.000 0.895 
479.000 0.896 
480.000 0.896 
481.000 0.896 
482.000 0.896 
483.000 0.896 
484.000 0.896 
485.000 0.896 
486.000 0.968 
487.000 1.148 
488.000 1.422 
489.000 1.762 
490.000 2.137 
491.000 2.516 
492.000 2.872 
493.000 3.183 
494.000 3.434 
495.000 3.615 
496.000 3.726 
497.000 3.770 
498.000 3.757 
499.000 3.701 
500.000 3.616 
501.000 3.518 
502.000 3.420 
503.000 3.335 
504.000 3.270 
505.000 3.230 
506.000 3.218 
507.000 3.232 
508.000 3.269 
509.000 3.324 
510.000 3.392 
511.000 3.467 
512.000 3.540 
513.000 3.608 
514.000 3.665 
515.000 3.708 
516.000 3.735 
517.000 3.747 
518.000 3.742 
519.000 3.725 
520.000 3.698 
521.000 3.665 
522.000 3.628 
523.000 3.592 
524.000 3.559 
525.000 3.533 
526.000 3.513 
527.000 3.502 
528.000 3.498 
529.000 3.502 
530.000 3.512 
531.000 3.526 
532.000 3.543 
533.000 3.561 
534.000 3.578 
535.000 3.594 
536.000 3.606 
537.000 3.614 
538.000 3.618 
539.000 3.618 
540.000 3.615 
541.000 3.609 
542.000 3.601 
543.000 3.592 
544.000 3.582 
545.000 3.574 
546.000 3.566 
547.000 3.561 
548.000 3.557 
549.000 3.555 
550.000 3.556 
551.000 3.558 
552.000 3.561 
553.000 3.565 
554.000 3.570 
555.000 3.575 
556.000 3.579 
557.000 3.582 
558.000 3.585 
559.000 3.586 
560.000 3.587 
561.000 3.586 
562.000 3.585 
563.000 3.583 
564.000 3.581 
565.000 3.578 
566.000 3.576 
567.000 3.574 
568.000 3.573 
569.000 3.571 
570.000 3.571 
571.000 3.571 
572.000 3.571 
573.000 3.572 
574.000 3.573 
575.000 3.574 
576.000 3.575 
577.000 3.576 
578.000 3.577 
579.000 3.578 
580.000 3.578 
581.000 3.579 
582.000 3.579 
583.000 3.578 
584.000 3.578 
585.000 3.577 
586.000 3.577 
587.000 3.576 
588.000 3.576 
589.000 3.575 
590.000 3.575 
591.000 3.575 
592.000 3.575 
593.000 3.575 
594.000 3.575 
595.000 3.575 
596.000 3.575 
597.000 3.576 
598.000 3.576 
599.000 3.576 
600.000 3.576 
601.000 3.577 
602.000 3.577 
603.000 3.577 
604.000 3.577 
605.000 3.577 
606.000 3.632 
607.000 3.744 
608.000 3.891 
609.000 4.059 
610.000 4.235 
611.000 4.410 
612.000 4.578 
613.000 4.734 
614.000 4.877 
615.000 5.005 
616.000 5.117 
617.000 5.214 
618.000 5.297 
619.000 5.367 
620.000 5.425 
621.000 5.472 
622.000 5.510 
623.000 5.540 
624.000 5.563 
625.000 5.581 
626.000 5.594 
627.000 5.603 
628.000 5.609 
629.000 5.613 
630.000 5.615 
631.000 5.616 
632.000 5.615 
633.000 5.614 
634.000 5.613 
635.000 5.611 
636.000 5.609 
637.000 5.607 
638.000 5.606 
639.000 5.604 
640.000 5.602 
641.000 5.601 
642.000 5.600 
643.000 5.599 
644.000 5.598 
645.000 5.597 
646.000 5.596 
647.000 5.596 
648.000 5.595 
649.000 5.595 
650.000 5.595 
651.000 5.594 
652.000 5.594 
653.000 5.594 
654.000 5.594 
655.000 5.594 
656.000 5.594 
657.000 5.594 
658.000 5.594 
659.000 5.594 
660.000 5.594 
661.000 5.594 
662.000 5.594 
663.000 5.594 
664.000 5.594 
665.000 5.594 
666.000 5.594 
667.000 5.594 
668.000 5.594 
669.000 5.594 
670.000 5.594 
671.000 5.594 
672.000 5.594 
673.000 5.594 
674.000 5.594 
675.000 5.594 
676.000 5.594 
677.000 5.594 
678.000 5.594 
679.000 5.594 
680.000 5.594 
681.000 5.594 
682.000 5.594 
683.000 5.594 
684.000 5.594 
685.000 5.594 
686.000 5.594 
687.000 5.594 
688.000 5.594 
689.000 5.594 
690.000 5.594 
691.000 5.594 
692.000 5.594 
693.000 5.594 
694.000 5.594 
695.000 5.594 
696.000 5.594 
697.000 5.594 
698.000 5.594 
699.000 5.594 
700.000 5.594 
701.000 5.594 
702.000 5.594 
703.000 5.594 
704.000 5.594 
705.000 5.594 
706.000 5.594 
707.000 5.594 
708.000 5.594 
709.000 5.594 
710.000 5.594 
711.000 5.594 
712.000 5.594 
713.000 5.594 
714.000 5.594 
715.000 5.594 
716.000 5.594 
717.000 5.594 
718.000 5.594 
719.000 5.594 
720.000 5.594 
721.000 5.594 
722.000 5.594 
723.000 5.594 
724.000 5.594 
725.000 5.594 
726.000 5.594 
727.000 5.594 
728.000 5.594 
729.000 5.594 
730.000 5.594 
731.000 5.594 
732.000 5.594 
733.000 5.594 
734.000 5.594 
735.000 5.594 
736.000 5.594 
737.000 5.594 
738.000 5.594 
739.000 5.594 
740.000 5.594 
741.000 5.594 
742.000 5.594 
743.000 5.594 
744.000 5.594 
745.000 5.594 
746.000 5.594 
747.000 5.594 
748.000 5.594 
749.000 5.594 
750.000 5.594 
751.000 5.594 
752.000 5.594 
753.000 5.594 
754.000 5.594 
755.000 5.594 
756.000 5.594 
757.000 5.594 
758.000 5.594 
759.000 5.594 
760.000 5.594 
761.000 5.594 
762.000 5.594 
763.000 5.594 
764.000 5.594 
765.000 5.594 
766.000 5.594 
767.000 5.594 
768.000 5.594 
769.000 5.594 
770.000 5.594 
771.000 5.594 
772.000 5.594 
773.000 5.594 
774.000 5.594 
775.000 5.594 
776.000 5.594 
777.000 5.594 
778.000 5.594 
779.000 5.594 
780.000 5.594 
781.000 5.594 
782.000 5.594 
783.000 5.594 
784.000 5.594 
785.000 5.594 
786.000 5.594 
787.000 5.594 
788.000 5.594 
789.000 5.594 
790.000 5.594 
791.000 5.594 
792.000 5.594 
793.000 5.594 
794.000 5.594 
795.000 5.594 
796.000 5.594 
797.000 5.594 
798.000 5.594 
799.000 5.594 
800.000 5.594 
