1.000 0.000 
2.000 0.000 
3.000 0.000 
4.000 0.000 
5.000 0.000 
6.000 0.000 
7.000 0.000 
8.000 0.000 
9.000 0.000 
10.000 0.000 
11.000 0.000 
12.000 -0.001 
13.000 -0.005 
14.000 -0.011 
15.000 -0.017 
16.000 -0.023 
17.000 -0.026 
18.000 -0.029 
19.000 -0.029 
20.000 -0.028 
21.000 -0.027 
22.000 -0.025 
23.000 -0.024 
24.000 -0.023 
25.000 -0.024 
26.000 -0.025 
27.000 -0.028 
28.000 -0.031 
29.000 -0.034 
30.000 -0.036 
31.000 -0.039 
32.000 -0.040 
33.000 -0.041 
34.000 -0.041 
35.000 -0.041 
36.000 -0.040 
37.000 -0.040 
38.000 -0.041 
39.000 -0.041 
40.000 -0.042 
41.000 -0.044 
42.000 -0.045 
43.000 -0.047 
44.000 -0.048 
45.000 -0.049 
46.000 -0.050 
47.000 -0.051 
48.000 -0.051 
49.000 -0.051 
50.000 -0.052 
51.000 -0.052 
52.000 -0.052 
53.000 -0.053 
54.000 -0.054 
55.000 -0.055 
56.000 -0.056 
57.000 -0.056 
58.000 -0.057 
59.000 -0.058 
60.000 -0.059 
61.000 -0.059 
62.000 -0.060 
63.000 -0.060 
64.000 -0.060 
65.000 -0.061 
66.000 -0.061 
67.000 -0.062 
68.000 -0.062 
69.000 -0.063 
70.000 -0.063 
71.000 -0.064 
72.000 -0.065 
73.000 -0.065 
74.000 -0.066 
75.000 -0.066 
76.000 -0.066 
77.000 -0.067 
78.000 -0.067 
79.000 -0.068 
80.000 -0.068 
81.000 -0.068 
82.000 -0.069 
83.000 -0.069 
84.000 -0.070 
85.000 -0.070 
86.000 -0.071 
87.000 -0.071 
88.000 -0.071 
89.000 -0.072 
90.000 -0.072 
91.000 -0.073 
92.000 -0.073 
93.000 -0.073 
94.000 -0.074 
95.000 -0.074 
96.000 -0.074 
97.000 -0.075 
98.000 -0.075 
99.000 -0.075 
100.000 -0.076 
101.000 -0.076 
102.000 -0.076 
103.000 -0.077 
104.000 -0.077 
105.000 -0.077 
106.000 -0.078 
107.000 -0.078 
108.000 -0.078 
109.000 -0.079 
110.000 -0.079 
111.000 -0.079 
112.000 -0.079 
113.000 -0.080 
114.000 -0.080 
115.000 -0.080 
116.000 -0.081 
117.000 -0.081 
118.000 -0.081 
119.000 -0.081 
120.000 -0.082 
121.000 -0.082 
122.000 -0.082 
123.000 -0.082 
124.000 -0.083 
125.000 -0.083 
126.000 -0.083 
127.000 -0.083 
128.000 -0.082 
129.000 -0.081 
130.000 -0.081 
131.000 -0.080 
132.000 -0.080 
133.000 -0.080 
134.000 -0.081 
135.000 -0.081 
136.000 -0.082 
137.000 -0.082 
138.000 -0.082 
139.000 -0.082 
140.000 -0.082 
141.000 -0.082 
142.000 -0.082 
143.000 -0.081 
144.000 -0.081 
145.000 -0.081 
146.000 -0.081 
147.000 -0.081 
148.000 -0.081 
149.000 -0.081 
150.000 -0.082 
151.000 -0.082 
152.000 -0.082 
153.000 -0.082 
154.000 -0.082 
155.000 -0.082 
156.000 -0.081 
157.000 -0.081 
158.000 -0.081 
159.000 -0.081 
160.000 -0.081 
161.000 -0.081 
162.000 -0.081 
163.000 -0.081 
164.000 -0.081 
165.000 -0.081 
166.000 -0.081 
167.000 -0.081 
168.000 -0.081 
169.000 -0.081 
170.000 -0.081 
171.000 -0.081 
172.000 -0.081 
173.000 -0.081 
174.000 -0.081 
175.000 -0.081 
176.000 -0.081 
177.000 -0.081 
178.000 -0.081 
179.000 -0.081 
180.000 -0.081 
181.000 -0.081 
182.000 -0.081 
183.000 -0.081 
184.000 -0.081 
185.000 -0.081 
186.000 -0.081 
187.000 -0.081 
188.000 -0.081 
189.000 -0.081 
190.000 -0.081 
191.000 -0.081 
192.000 -0.081 
193.000 -0.081 
194.000 -0.081 
195.000 -0.081 
196.000 -0.081 
197.000 -0.081 
198.000 -0.081 
199.000 -0.081 
200.000 -0.081 
201.000 -0.081 
202.000 -0.081 
203.000 -0.081 
204.000 -0.081 
205.000 -0.081 
206.000 -0.081 
207.000 -0.081 
208.000 -0.081 
209.000 -0.081 
210.000 -0.081 
211.000 -0.081 
212.000 -0.081 
213.000 -0.081 
214.000 -0.081 
215.000 -0.081 
216.000 -0.081 
217.000 -0.081 
218.000 -0.081 
219.000 -0.081 
220.000 -0.081 
221.000 -0.081 
222.000 -0.081 
223.000 -0.081 
224.000 -0.081 
225.000 -0.081 
226.000 -0.081 
227.000 -0.081 
228.000 -0.081 
229.000 -0.081 
230.000 -0.081 
231.000 -0.081 
232.000 -0.081 
233.000 -0.081 
234.000 -0.081 
235.000 -0.081 
236.000 -0.081 
237.000 -0.081 
238.000 -0.081 
239.000 -0.081 
240.000 -0.081 
241.000 -0.081 
242.000 -0.081 
243.000 -0.081 
244.000 -0.081 
245.000 -0.081 
246.000 -0.080 
247.000 -0.076 
248.000 -0.069 
249.000 -0.061 
250.000 -0.053 
251.000 -0.047 
252.000 -0.043 
253.000 -0.043 
254.000 -0.044 
255.000 -0.047 
256.000 -0.050 
257.000 -0.052 
258.000 -0.052 
259.000 -0.050 
260.000 -0.046 
261.000 -0.041 
262.000 -0.034 
263.000 -0.027 
264.000 -0.020 
265.000 -0.014 
266.000 -0.010 
267.000 -0.008 
268.000 -0.007 
269.000 -0.006 
270.000 -0.006 
271.000 -0.006 
272.000 -0.004 
273.000 -0.001 
274.000 0.003 
275.000 0.008 
276.000 0.015 
277.000 0.021 
278.000 0.028 
279.000 0.034 
280.000 0.039 
281.000 0.043 
282.000 0.045 
283.000 0.047 
284.000 0.049 
285.000 0.051 
286.000 0.054 
287.000 0.057 
288.000 0.061 
289.000 0.066 
290.000 0.072 
291.000 0.078 
292.000 0.084 
293.000 0.090 
294.000 0.095 
295.000 0.099 
296.000 0.102 
297.000 0.105 
298.000 0.108 
299.000 0.110 
300.000 0.112 
301.000 0.115 
302.000 0.119 
303.000 0.123 
304.000 0.127 
305.000 0.132 
306.000 0.137 
307.000 0.142 
308.000 0.146 
309.000 0.150 
310.000 0.154 
311.000 0.156 
312.000 0.159 
313.000 0.161 
314.000 0.162 
315.000 0.164 
316.000 0.167 
317.000 0.169 
318.000 0.173 
319.000 0.176 
320.000 0.180 
321.000 0.183 
322.000 0.187 
323.000 0.190 
324.000 0.193 
325.000 0.195 
326.000 0.197 
327.000 0.198 
328.000 0.200 
329.000 0.201 
330.000 0.202 
331.000 0.204 
332.000 0.205 
333.000 0.207 
334.000 0.210 
335.000 0.212 
336.000 0.215 
337.000 0.217 
338.000 0.219 
339.000 0.221 
340.000 0.222 
341.000 0.223 
342.000 0.224 
343.000 0.225 
344.000 0.226 
345.000 0.226 
346.000 0.227 
347.000 0.228 
348.000 0.229 
349.000 0.231 
350.000 0.233 
351.000 0.234 
352.000 0.236 
353.000 0.237 
354.000 0.238 
355.000 0.239 
356.000 0.240 
357.000 0.240 
358.000 0.240 
359.000 0.241 
360.000 0.241 
361.000 0.241 
362.000 0.242 
363.000 0.243 
364.000 0.244 
365.000 0.245 
366.000 0.262 
367.000 0.307 
368.000 0.380 
369.000 0.475 
370.000 0.580 
371.000 0.680 
372.000 0.762 
373.000 0.813 
374.000 0.825 
375.000 0.797 
376.000 0.737 
377.000 0.660 
378.000 0.582 
379.000 0.515 
380.000 0.471 
381.000 0.456 
382.000 0.475 
383.000 0.526 
384.000 0.606 
385.000 0.707 
386.000 0.818 
387.000 0.924 
388.000 1.011 
389.000 1.064 
390.000 1.075 
391.000 1.042 
392.000 0.969 
393.000 0.872 
394.000 0.767 
395.000 0.672 
396.000 0.600 
397.000 0.560 
398.000 0.557 
399.000 0.592 
400.000 0.663 
401.000 0.761 
402.000 0.876 
403.000 0.993 
404.000 1.096 
405.000 1.167 
406.000 1.194 
407.000 1.170 
408.000 1.098 
409.000 0.990 
410.000 0.865 
411.000 0.745 
412.000 0.645 
413.000 0.579 
414.000 0.553 
415.000 0.570 
416.000 0.629 
417.000 0.725 
418.000 0.846 
419.000 0.978 
420.000 1.102 
421.000 1.201 
422.000 1.255 
423.000 1.253 
424.000 1.193 
425.000 1.083 
426.000 0.945 
427.000 0.801 
428.000 0.674 
429.000 0.580 
430.000 0.528 
431.000 0.524 
432.000 0.568 
433.000 0.657 
434.000 0.781 
435.000 0.926 
436.000 1.073 
437.000 1.201 
438.000 1.289 
439.000 1.318 
440.000 1.279 
441.000 1.176 
442.000 1.029 
443.000 0.864 
444.000 0.710 
445.000 0.586 
446.000 0.506 
447.000 0.477 
448.000 0.502 
449.000 0.579 
450.000 0.701 
451.000 0.855 
452.000 1.022 
453.000 1.180 
454.000 1.303 
455.000 1.368 
456.000 1.359 
457.000 1.273 
458.000 1.124 
459.000 0.942 
460.000 0.759 
461.000 0.604 
462.000 0.493 
463.000 0.437 
464.000 0.438 
465.000 0.499 
466.000 0.614 
467.000 0.772 
468.000 0.955 
469.000 1.139 
470.000 1.298 
471.000 1.403 
472.000 1.431 
473.000 1.370 
474.000 1.227 
475.000 1.032 
476.000 0.824 
477.000 0.637 
478.000 0.494 
479.000 0.407 
480.000 0.383 
481.000 0.423 
482.000 0.526 
483.000 0.682 
484.000 0.875 
485.000 1.082 
486.000 1.355 
487.000 1.703 
488.000 2.094 
489.000 2.500 
490.000 2.903 
491.000 3.288 
492.000 3.646 
493.000 3.972 
494.000 4.263 
495.000 4.518 
496.000 4.717 
497.000 4.799 
498.000 4.714 
499.000 4.453 
500.000 4.051 
501.000 3.575 
502.000 3.103 
503.000 2.698 
504.000 2.403 
505.000 2.245 
506.000 2.238 
507.000 2.357 
508.000 2.562 
509.000 2.819 
510.000 3.104 
511.000 3.398 
512.000 3.688 
513.000 3.964 
514.000 4.220 
515.000 4.452 
516.000 4.659 
517.000 4.840 
518.000 4.996 
519.000 5.129 
520.000 5.208 
521.000 5.163 
522.000 4.947 
523.000 4.559 
524.000 4.047 
525.000 3.492 
526.000 2.972 
527.000 2.548 
528.000 2.259 
529.000 2.126 
530.000 2.148 
531.000 2.292 
532.000 2.516 
533.000 2.789 
534.000 3.086 
535.000 3.390 
536.000 3.686 
537.000 3.967 
538.000 4.227 
539.000 4.461 
540.000 4.669 
541.000 4.851 
542.000 5.007 
543.000 5.139 
544.000 5.250 
545.000 5.268 
546.000 5.107 
547.000 4.725 
548.000 4.147 
549.000 3.463 
550.000 2.785 
551.000 2.204 
552.000 1.774 
553.000 1.521 
554.000 1.460 
555.000 1.567 
556.000 1.792 
557.000 2.092 
558.000 2.435 
559.000 2.795 
560.000 3.153 
561.000 3.498 
562.000 3.820 
563.000 4.113 
564.000 4.376 
565.000 4.608 
566.000 4.808 
567.000 4.979 
568.000 5.123 
569.000 5.243 
570.000 5.340 
571.000 5.419 
572.000 5.403 
573.000 5.195 
574.000 4.747 
575.000 4.096 
576.000 3.352 
577.000 2.642 
578.000 2.053 
579.000 1.633 
580.000 1.405 
581.000 1.376 
582.000 1.512 
583.000 1.760 
584.000 2.078 
585.000 2.434 
586.000 2.803 
587.000 3.167 
588.000 3.516 
589.000 3.840 
590.000 4.134 
591.000 4.397 
592.000 4.627 
593.000 4.826 
594.000 4.996 
595.000 5.138 
596.000 5.256 
597.000 5.352 
598.000 5.429 
599.000 5.471 
600.000 5.401 
601.000 5.155 
602.000 4.734 
603.000 4.199 
604.000 3.637 
605.000 3.127 
606.000 2.796 
607.000 2.657 
608.000 2.668 
609.000 2.784 
610.000 2.971 
611.000 3.200 
612.000 3.451 
613.000 3.709 
614.000 3.961 
615.000 4.200 
616.000 4.421 
617.000 4.621 
618.000 4.799 
619.000 4.955 
620.000 5.088 
621.000 5.202 
622.000 5.297 
623.000 5.375 
624.000 5.439 
625.000 5.490 
626.000 5.529 
627.000 5.560 
628.000 5.583 
629.000 5.600 
630.000 5.611 
631.000 5.619 
632.000 5.623 
633.000 5.625 
634.000 5.626 
635.000 5.625 
636.000 5.623 
637.000 5.621 
638.000 5.618 
639.000 5.615 
640.000 5.613 
641.000 5.610 
642.000 5.607 
643.000 5.605 
644.000 5.603 
645.000 5.602 
646.000 5.600 
647.000 5.599 
648.000 5.598 
649.000 5.597 
650.000 5.596 
651.000 5.595 
652.000 5.595 
653.000 5.595 
654.000 5.594 
655.000 5.594 
656.000 5.594 
657.000 5.594 
658.000 5.594 
659.000 5.594 
660.000 5.594 
661.000 5.594 
662.000 5.594 
663.000 5.594 
664.000 5.594 
665.000 5.594 
666.000 5.594 
667.000 5.594 
668.000 5.594 
669.000 5.594 
670.000 5.594 
671.000 5.594 
672.000 5.594 
673.000 5.594 
674.000 5.594 
675.000 5.594 
676.000 5.594 
677.000 5.594 
678.000 5.594 
679.000 5.594 
680.000 5.594 
681.000 5.594 
682.000 5.594 
683.000 5.594 
684.000 5.594 
685.000 5.594 
686.000 5.594 
687.000 5.594 
688.000 5.594 
689.000 5.594 
690.000 5.594 
691.000 5.594 
692.000 5.594 
693.000 5.594 
694.000 5.594 
695.000 5.594 
696.000 5.594 
697.000 5.594 
698.000 5.594 
699.000 5.594 
700.000 5.594 
701.000 5.594 
702.000 5.594 
703.000 5.594 
704.000 5.594 
705.000 5.594 
706.000 5.594 
707.000 5.594 
708.000 5.594 
709.000 5.594 
710.000 5.594 
711.000 5.594 
712.000 5.594 
713.000 5.594 
714.000 5.594 
715.000 5.594 
716.000 5.594 
717.000 5.594 
718.000 5.594 
719.000 5.594 
720.000 5.594 
721.000 5.594 
722.000 5.594 
723.000 5.594 
724.000 5.594 
725.000 5.594 
726.000 5.594 
727.000 5.594 
728.000 5.594 
729.000 5.594 
730.000 5.594 
731.000 5.594 
732.000 5.594 
733.000 5.594 
734.000 5.594 
735.000 5.594 
736.000 5.594 
737.000 5.594 
738.000 5.594 
739.000 5.594 
740.000 5.594 
741.000 5.594 
742.000 5.594 
743.000 5.594 
744.000 5.594 
745.000 5.594 
746.000 5.594 
747.000 5.594 
748.000 5.594 
749.000 5.594 
750.000 5.594 
751.000 5.594 
752.000 5.594 
753.000 5.594 
754.000 5.594 
755.000 5.594 
756.000 5.594 
757.000 5.594 
758.000 5.594 
759.000 5.594 
760.000 5.594 
761.000 5.594 
762.000 5.594 
763.000 5.594 
764.000 5.594 
765.000 5.594 
766.000 5.594 
767.000 5.594 
768.000 5.594 
769.000 5.594 
770.000 5.594 
771.000 5.594 
772.000 5.594 
773.000 5.594 
774.000 5.594 
775.000 5.594 
776.000 5.594 
777.000 5.594 
778.000 5.594 
779.000 5.594 
780.000 5.594 
781.000 5.594 
782.000 5.594 
783.000 5.594 
784.000 5.594 
785.000 5.594 
786.000 5.594 
787.000 5.594 
788.000 5.594 
789.000 5.594 
790.000 5.594 
791.000 5.594 
792.000 5.594 
793.000 5.594 
794.000 5.594 
795.000 5.594 
796.000 5.594 
797.000 5.594 
798.000 5.594 
799.000 5.594 
800.000 5.594 
