1.000 0.000 
2.000 0.000 
3.000 0.000 
4.000 0.000 
5.000 0.000 
6.000 0.000 
7.000 0.000 
8.000 0.000 
9.000 0.000 
10.000 0.000 
11.000 0.000 
12.000 -0.001 
13.000 -0.004 
14.000 -0.008 
15.000 -0.013 
16.000 -0.017 
17.000 -0.019 
18.000 -0.021 
19.000 -0.022 
20.000 -0.022 
21.000 -0.022 
22.000 -0.021 
23.000 -0.021 
24.000 -0.022 
25.000 -0.022 
26.000 -0.023 
27.000 -0.025 
28.000 -0.026 
29.000 -0.028 
30.000 -0.030 
31.000 -0.031 
32.000 -0.032 
33.000 -0.033 
34.000 -0.034 
35.000 -0.034 
36.000 -0.035 
37.000 -0.036 
38.000 -0.036 
39.000 -0.037 
40.000 -0.038 
41.000 -0.039 
42.000 -0.039 
43.000 -0.040 
44.000 -0.041 
45.000 -0.042 
46.000 -0.043 
47.000 -0.043 
48.000 -0.044 
49.000 -0.045 
50.000 -0.045 
51.000 -0.046 
52.000 -0.047 
53.000 -0.047 
54.000 -0.048 
55.000 -0.049 
56.000 -0.049 
57.000 -0.050 
58.000 -0.050 
59.000 -0.051 
60.000 -0.052 
61.000 -0.052 
62.000 -0.053 
63.000 -0.053 
64.000 -0.054 
65.000 -0.054 
66.000 -0.055 
67.000 -0.055 
68.000 -0.056 
69.000 -0.056 
70.000 -0.057 
71.000 -0.057 
72.000 -0.058 
73.000 -0.058 
74.000 -0.059 
75.000 -0.059 
76.000 -0.060 
77.000 -0.060 
78.000 -0.061 
79.000 -0.061 
80.000 -0.062 
81.000 -0.062 
82.000 -0.062 
83.000 -0.063 
84.000 -0.063 
85.000 -0.064 
86.000 -0.064 
87.000 -0.064 
88.000 -0.065 
89.000 -0.065 
90.000 -0.066 
91.000 -0.066 
92.000 -0.066 
93.000 -0.067 
94.000 -0.067 
95.000 -0.067 
96.000 -0.068 
97.000 -0.068 
98.000 -0.069 
99.000 -0.069 
100.000 -0.069 
101.000 -0.070 
102.000 -0.070 
103.000 -0.070 
104.000 -0.071 
105.000 -0.071 
106.000 -0.071 
107.000 -0.072 
108.000 -0.072 
109.000 -0.072 
110.000 -0.072 
111.000 -0.073 
112.000 -0.073 
113.000 -0.073 
114.000 -0.074 
115.000 -0.074 
116.000 -0.074 
117.000 -0.074 
118.000 -0.075 
119.000 -0.075 
120.000 -0.075 
121.000 -0.076 
122.000 -0.076 
123.000 -0.076 
124.000 -0.076 
125.000 -0.077 
126.000 -0.077 
127.000 -0.077 
128.000 -0.076 
129.000 -0.076 
130.000 -0.075 
131.000 -0.075 
132.000 -0.075 
133.000 -0.075 
134.000 -0.075 
135.000 -0.075 
136.000 -0.076 
137.000 -0.076 
138.000 -0.076 
139.000 -0.076 
140.000 -0.076 
141.000 -0.076 
142.000 -0.076 
143.000 -0.076 
144.000 -0.076 
145.000 -0.076 
146.000 -0.076 
147.000 -0.076 
148.000 -0.076 
149.000 -0.076 
150.000 -0.076 
151.000 -0.076 
152.000 -0.076 
153.000 -0.076 
154.000 -0.076 
155.000 -0.076 
156.000 -0.076 
157.000 -0.076 
158.000 -0.076 
159.000 -0.076 
160.000 -0.076 
161.000 -0.076 
162.000 -0.076 
163.000 -0.076 
164.000 -0.076 
165.000 -0.076 
166.000 -0.076 
167.000 -0.076 
168.000 -0.076 
169.000 -0.076 
170.000 -0.076 
171.000 -0.076 
172.000 -0.076 
173.000 -0.076 
174.000 -0.076 
175.000 -0.076 
176.000 -0.076 
177.000 -0.076 
178.000 -0.076 
179.000 -0.076 
180.000 -0.077 
181.000 -0.077 
182.000 -0.077 
183.000 -0.077 
184.000 -0.077 
185.000 -0.077 
186.000 -0.077 
187.000 -0.077 
188.000 -0.077 
189.000 -0.077 
190.000 -0.077 
191.000 -0.077 
192.000 -0.077 
193.000 -0.077 
194.000 -0.077 
195.000 -0.077 
196.000 -0.077 
197.000 -0.077 
198.000 -0.077 
199.000 -0.077 
200.000 -0.077 
201.000 -0.077 
202.000 -0.077 
203.000 -0.077 
204.000 -0.077 
205.000 -0.077 
206.000 -0.077 
207.000 -0.077 
208.000 -0.077 
209.000 -0.077 
210.000 -0.077 
211.000 -0.077 
212.000 -0.077 
213.000 -0.077 
214.000 -0.077 
215.000 -0.077 
216.000 -0.077 
217.000 -0.077 
218.000 -0.077 
219.000 -0.077 
220.000 -0.077 
221.000 -0.077 
222.000 -0.077 
223.000 -0.077 
224.000 -0.077 
225.000 -0.077 
226.000 -0.077 
227.000 -0.077 
228.000 -0.077 
229.000 -0.077 
230.000 -0.077 
231.000 -0.077 
232.000 -0.077 
233.000 -0.077 
234.000 -0.077 
235.000 -0.077 
236.000 -0.077 
237.000 -0.077 
238.000 -0.077 
239.000 -0.077 
240.000 -0.077 
241.000 -0.077 
242.000 -0.077 
243.000 -0.077 
244.000 -0.077 
245.000 -0.077 
246.000 -0.077 
247.000 -0.074 
248.000 -0.069 
249.000 -0.063 
250.000 -0.058 
251.000 -0.054 
252.000 -0.052 
253.000 -0.050 
254.000 -0.050 
255.000 -0.051 
256.000 -0.051 
257.000 -0.051 
258.000 -0.050 
259.000 -0.048 
260.000 -0.046 
261.000 -0.043 
262.000 -0.040 
263.000 -0.036 
264.000 -0.033 
265.000 -0.030 
266.000 -0.027 
267.000 -0.024 
268.000 -0.022 
269.000 -0.020 
270.000 -0.018 
271.000 -0.015 
272.000 -0.013 
273.000 -0.010 
274.000 -0.008 
275.000 -0.005 
276.000 -0.001 
277.000 0.002 
278.000 0.005 
279.000 0.009 
280.000 0.012 
281.000 0.015 
282.000 0.018 
283.000 0.021 
284.000 0.024 
285.000 0.028 
286.000 0.031 
287.000 0.034 
288.000 0.037 
289.000 0.041 
290.000 0.044 
291.000 0.048 
292.000 0.051 
293.000 0.055 
294.000 0.058 
295.000 0.062 
296.000 0.065 
297.000 0.068 
298.000 0.072 
299.000 0.075 
300.000 0.079 
301.000 0.082 
302.000 0.085 
303.000 0.089 
304.000 0.092 
305.000 0.096 
306.000 0.099 
307.000 0.102 
308.000 0.106 
309.000 0.109 
310.000 0.112 
311.000 0.115 
312.000 0.119 
313.000 0.122 
314.000 0.125 
315.000 0.128 
316.000 0.131 
317.000 0.134 
318.000 0.137 
319.000 0.140 
320.000 0.143 
321.000 0.146 
322.000 0.148 
323.000 0.151 
324.000 0.154 
325.000 0.157 
326.000 0.159 
327.000 0.162 
328.000 0.164 
329.000 0.167 
330.000 0.169 
331.000 0.172 
332.000 0.174 
333.000 0.176 
334.000 0.179 
335.000 0.181 
336.000 0.183 
337.000 0.185 
338.000 0.187 
339.000 0.189 
340.000 0.191 
341.000 0.193 
342.000 0.195 
343.000 0.197 
344.000 0.199 
345.000 0.201 
346.000 0.202 
347.000 0.204 
348.000 0.206 
349.000 0.207 
350.000 0.209 
351.000 0.210 
352.000 0.212 
353.000 0.213 
354.000 0.215 
355.000 0.216 
356.000 0.217 
357.000 0.219 
358.000 0.220 
359.000 0.221 
360.000 0.222 
361.000 0.223 
362.000 0.224 
363.000 0.226 
364.000 0.227 
365.000 0.228 
366.000 0.241 
367.000 0.274 
368.000 0.325 
369.000 0.388 
370.000 0.455 
371.000 0.518 
372.000 0.570 
373.000 0.607 
374.000 0.625 
375.000 0.628 
376.000 0.618 
377.000 0.601 
378.000 0.581 
379.000 0.565 
380.000 0.555 
381.000 0.555 
382.000 0.565 
383.000 0.586 
384.000 0.615 
385.000 0.649 
386.000 0.686 
387.000 0.723 
388.000 0.755 
389.000 0.780 
390.000 0.798 
391.000 0.807 
392.000 0.809 
393.000 0.805 
394.000 0.796 
395.000 0.787 
396.000 0.778 
397.000 0.772 
398.000 0.771 
399.000 0.774 
400.000 0.782 
401.000 0.794 
402.000 0.809 
403.000 0.825 
404.000 0.841 
405.000 0.855 
406.000 0.866 
407.000 0.874 
408.000 0.878 
409.000 0.878 
410.000 0.876 
411.000 0.871 
412.000 0.865 
413.000 0.860 
414.000 0.856 
415.000 0.853 
416.000 0.853 
417.000 0.855 
418.000 0.859 
419.000 0.865 
420.000 0.872 
421.000 0.879 
422.000 0.885 
423.000 0.890 
424.000 0.894 
425.000 0.896 
426.000 0.896 
427.000 0.895 
428.000 0.892 
429.000 0.889 
430.000 0.886 
431.000 0.883 
432.000 0.881 
433.000 0.881 
434.000 0.881 
435.000 0.882 
436.000 0.884 
437.000 0.887 
438.000 0.890 
439.000 0.893 
440.000 0.895 
441.000 0.897 
442.000 0.898 
443.000 0.898 
444.000 0.898 
445.000 0.897 
446.000 0.895 
447.000 0.894 
448.000 0.892 
449.000 0.891 
450.000 0.890 
451.000 0.890 
452.000 0.890 
453.000 0.891 
454.000 0.892 
455.000 0.894 
456.000 0.895 
457.000 0.896 
458.000 0.897 
459.000 0.898 
460.000 0.898 
461.000 0.898 
462.000 0.897 
463.000 0.897 
464.000 0.896 
465.000 0.895 
466.000 0.894 
467.000 0.894 
468.000 0.894 
469.000 0.894 
470.000 0.894 
471.000 0.894 
472.000 0.895 
473.000 0.896 
474.000 0.896 
475.000 0.897 
476.000 0.897 
477.000 0.897 
478.000 0.897 
479.000 0.897 
480.000 0.897 
481.000 0.896 
482.000 0.896 
483.000 0.895 
484.000 0.895 
485.000 0.895 
486.000 0.960 
487.000 1.131 
488.000 1.407 
489.000 1.758 
490.000 2.149 
491.000 2.554 
492.000 2.953 
493.000 3.334 
494.000 3.687 
495.000 3.997 
496.000 4.232 
497.000 4.369 
498.000 4.399 
499.000 4.330 
500.000 4.177 
501.000 3.968 
502.000 3.732 
503.000 3.498 
504.000 3.291 
505.000 3.130 
506.000 3.026 
507.000 2.986 
508.000 3.008 
509.000 3.089 
510.000 3.217 
511.000 3.379 
512.000 3.559 
513.000 3.741 
514.000 3.907 
515.000 4.042 
516.000 4.134 
517.000 4.175 
518.000 4.162 
519.000 4.098 
520.000 3.991 
521.000 3.852 
522.000 3.697 
523.000 3.542 
524.000 3.401 
525.000 3.286 
526.000 3.206 
527.000 3.166 
528.000 3.166 
529.000 3.205 
530.000 3.277 
531.000 3.374 
532.000 3.486 
533.000 3.602 
534.000 3.711 
535.000 3.805 
536.000 3.874 
537.000 3.913 
538.000 3.919 
539.000 3.894 
540.000 3.840 
541.000 3.764 
542.000 3.676 
543.000 3.583 
544.000 3.494 
545.000 3.419 
546.000 3.363 
547.000 3.329 
548.000 3.321 
549.000 3.337 
550.000 3.374 
551.000 3.428 
552.000 3.494 
553.000 3.564 
554.000 3.633 
555.000 3.694 
556.000 3.741 
557.000 3.771 
558.000 3.782 
559.000 3.773 
560.000 3.747 
561.000 3.706 
562.000 3.655 
563.000 3.599 
564.000 3.544 
565.000 3.496 
566.000 3.457 
567.000 3.431 
568.000 3.421 
569.000 3.425 
570.000 3.443 
571.000 3.473 
572.000 3.510 
573.000 3.553 
574.000 3.595 
575.000 3.634 
576.000 3.666 
577.000 3.688 
578.000 3.699 
579.000 3.698 
580.000 3.685 
581.000 3.663 
582.000 3.635 
583.000 3.602 
584.000 3.568 
585.000 3.537 
586.000 3.511 
587.000 3.493 
588.000 3.483 
589.000 3.482 
590.000 3.490 
591.000 3.506 
592.000 3.527 
593.000 3.552 
594.000 3.578 
595.000 3.603 
596.000 3.624 
597.000 3.639 
598.000 3.648 
599.000 3.650 
600.000 3.645 
601.000 3.634 
602.000 3.618 
603.000 3.599 
604.000 3.578 
605.000 3.559 
606.000 3.600 
607.000 3.703 
608.000 3.846 
609.000 4.012 
610.000 4.188 
611.000 4.365 
612.000 4.536 
613.000 4.697 
614.000 4.843 
615.000 4.975 
616.000 5.092 
617.000 5.193 
618.000 5.279 
619.000 5.352 
620.000 5.413 
621.000 5.462 
622.000 5.502 
623.000 5.534 
624.000 5.559 
625.000 5.578 
626.000 5.592 
627.000 5.602 
628.000 5.608 
629.000 5.613 
630.000 5.615 
631.000 5.616 
632.000 5.616 
633.000 5.615 
634.000 5.613 
635.000 5.612 
636.000 5.610 
637.000 5.608 
638.000 5.606 
639.000 5.604 
640.000 5.603 
641.000 5.601 
642.000 5.600 
643.000 5.599 
644.000 5.598 
645.000 5.597 
646.000 5.596 
647.000 5.596 
648.000 5.595 
649.000 5.595 
650.000 5.595 
651.000 5.594 
652.000 5.594 
653.000 5.594 
654.000 5.594 
655.000 5.594 
656.000 5.594 
657.000 5.594 
658.000 5.594 
659.000 5.594 
660.000 5.594 
661.000 5.594 
662.000 5.594 
663.000 5.594 
664.000 5.594 
665.000 5.594 
666.000 5.594 
667.000 5.594 
668.000 5.594 
669.000 5.594 
670.000 5.594 
671.000 5.594 
672.000 5.594 
673.000 5.594 
674.000 5.594 
675.000 5.594 
676.000 5.594 
677.000 5.594 
678.000 5.594 
679.000 5.594 
680.000 5.594 
681.000 5.594 
682.000 5.594 
683.000 5.594 
684.000 5.594 
685.000 5.594 
686.000 5.594 
687.000 5.594 
688.000 5.594 
689.000 5.594 
690.000 5.594 
691.000 5.594 
692.000 5.594 
693.000 5.594 
694.000 5.594 
695.000 5.594 
696.000 5.594 
697.000 5.594 
698.000 5.594 
699.000 5.594 
700.000 5.594 
701.000 5.594 
702.000 5.594 
703.000 5.594 
704.000 5.594 
705.000 5.594 
706.000 5.594 
707.000 5.594 
708.000 5.594 
709.000 5.594 
710.000 5.594 
711.000 5.594 
712.000 5.594 
713.000 5.594 
714.000 5.594 
715.000 5.594 
716.000 5.594 
717.000 5.594 
718.000 5.594 
719.000 5.594 
720.000 5.594 
721.000 5.594 
722.000 5.594 
723.000 5.594 
724.000 5.594 
725.000 5.594 
726.000 5.594 
727.000 5.594 
728.000 5.594 
729.000 5.594 
730.000 5.594 
731.000 5.594 
732.000 5.594 
733.000 5.594 
734.000 5.594 
735.000 5.594 
736.000 5.594 
737.000 5.594 
738.000 5.594 
739.000 5.594 
740.000 5.594 
741.000 5.594 
742.000 5.594 
743.000 5.594 
744.000 5.594 
745.000 5.594 
746.000 5.594 
747.000 5.594 
748.000 5.594 
749.000 5.594 
750.000 5.594 
751.000 5.594 
752.000 5.594 
753.000 5.594 
754.000 5.594 
755.000 5.594 
756.000 5.594 
757.000 5.594 
758.000 5.594 
759.000 5.594 
760.000 5.594 
761.000 5.594 
762.000 5.594 
763.000 5.594 
764.000 5.594 
765.000 5.594 
766.000 5.594 
767.000 5.594 
768.000 5.594 
769.000 5.594 
770.000 5.594 
771.000 5.594 
772.000 5.594 
773.000 5.594 
774.000 5.594 
775.000 5.594 
776.000 5.594 
777.000 5.594 
778.000 5.594 
779.000 5.594 
780.000 5.594 
781.000 5.594 
782.000 5.594 
783.000 5.594 
784.000 5.594 
785.000 5.594 
786.000 5.594 
787.000 5.594 
788.000 5.594 
789.000 5.594 
790.000 5.594 
791.000 5.594 
792.000 5.594 
793.000 5.594 
794.000 5.594 
795.000 5.594 
796.000 5.594 
797.000 5.594 
798.000 5.594 
799.000 5.594 
800.000 5.594 
