1.000 0.000 
2.000 0.000 
3.000 0.000 
4.000 0.000 
5.000 0.000 
6.000 0.000 
7.000 0.000 
8.000 0.000 
9.000 0.000 
10.000 0.000 
11.000 0.000 
12.000 -0.002 
13.000 -0.007 
14.000 -0.014 
15.000 -0.019 
16.000 -0.023 
17.000 -0.025 
18.000 -0.025 
19.000 -0.024 
20.000 -0.022 
21.000 -0.021 
22.000 -0.020 
23.000 -0.021 
24.000 -0.023 
25.000 -0.026 
26.000 -0.028 
27.000 -0.031 
28.000 -0.032 
29.000 -0.034 
30.000 -0.034 
31.000 -0.035 
32.000 -0.035 
33.000 -0.035 
34.000 -0.036 
35.000 -0.037 
36.000 -0.038 
37.000 -0.039 
38.000 -0.040 
39.000 -0.041 
40.000 -0.042 
41.000 -0.043 
42.000 -0.044 
43.000 -0.044 
44.000 -0.045 
45.000 -0.046 
46.000 -0.046 
47.000 -0.047 
48.000 -0.048 
49.000 -0.049 
50.000 -0.049 
51.000 -0.050 
52.000 -0.051 
53.000 -0.051 
54.000 -0.052 
55.000 -0.053 
56.000 -0.053 
57.000 -0.054 
58.000 -0.054 
59.000 -0.055 
60.000 -0.056 
61.000 -0.056 
62.000 -0.057 
63.000 -0.057 
64.000 -0.058 
65.000 -0.058 
66.000 -0.059 
67.000 -0.060 
68.000 -0.060 
69.000 -0.061 
70.000 -0.061 
71.000 -0.062 
72.000 -0.062 
73.000 -0.062 
74.000 -0.063 
75.000 -0.063 
76.000 -0.064 
77.000 -0.064 
78.000 -0.065 
79.000 -0.065 
80.000 -0.066 
81.000 -0.066 
82.000 -0.067 
83.000 -0.067 
84.000 -0.067 
85.000 -0.068 
86.000 -0.068 
87.000 -0.069 
88.000 -0.069 
89.000 -0.069 
90.000 -0.070 
91.000 -0.070 
92.000 -0.070 
93.000 -0.071 
94.000 -0.071 
95.000 -0.072 
96.000 -0.072 
97.000 -0.072 
98.000 -0.073 
99.000 -0.073 
100.000 -0.073 
101.000 -0.074 
102.000 -0.074 
103.000 -0.074 
104.000 -0.075 
105.000 -0.075 
106.000 -0.075 
107.000 -0.076 
108.000 -0.076 
109.000 -0.076 
110.000 -0.076 
111.000 -0.077 
112.000 -0.077 
113.000 -0.077 
114.000 -0.078 
115.000 -0.078 
116.000 -0.078 
117.000 -0.078 
118.000 -0.079 
119.000 -0.079 
120.000 -0.079 
121.000 -0.080 
122.000 -0.080 
123.000 -0.080 
124.000 -0.080 
125.000 -0.081 
126.000 -0.081 
127.000 -0.080 
128.000 -0.079 
129.000 -0.078 
130.000 -0.078 
131.000 -0.078 
132.000 -0.078 
133.000 -0.079 
134.000 -0.079 
135.000 -0.080 
136.000 -0.080 
137.000 -0.080 
138.000 -0.080 
139.000 -0.080 
140.000 -0.079 
141.000 -0.079 
142.000 -0.079 
143.000 -0.079 
144.000 -0.079 
145.000 -0.079 
146.000 -0.079 
147.000 -0.079 
148.000 -0.080 
149.000 -0.080 
150.000 -0.079 
151.000 -0.079 
152.000 -0.079 
153.000 -0.079 
154.000 -0.079 
155.000 -0.079 
156.000 -0.079 
157.000 -0.079 
158.000 -0.079 
159.000 -0.079 
160.000 -0.079 
161.000 -0.079 
162.000 -0.079 
163.000 -0.079 
164.000 -0.079 
165.000 -0.079 
166.000 -0.079 
167.000 -0.079 
168.000 -0.079 
169.000 -0.079 
170.000 -0.079 
171.000 -0.079 
172.000 -0.079 
173.000 -0.079 
174.000 -0.079 
175.000 -0.079 
176.000 -0.079 
177.000 -0.079 
178.000 -0.079 
179.000 -0.079 
180.000 -0.079 
181.000 -0.079 
182.000 -0.079 
183.000 -0.079 
184.000 -0.079 
185.000 -0.079 
186.000 -0.079 
187.000 -0.079 
188.000 -0.079 
189.000 -0.079 
190.000 -0.079 
191.000 -0.079 
192.000 -0.079 
193.000 -0.079 
194.000 -0.079 
195.000 -0.079 
196.000 -0.079 
197.000 -0.079 
198.000 -0.079 
199.000 -0.079 
200.000 -0.079 
201.000 -0.079 
202.000 -0.079 
203.000 -0.079 
204.000 -0.079 
205.000 -0.079 
206.000 -0.079 
207.000 -0.080 
208.000 -0.080 
209.000 -0.080 
210.000 -0.080 
211.000 -0.080 
212.000 -0.080 
213.000 -0.080 
214.000 -0.080 
215.000 -0.080 
216.000 -0.080 
217.000 -0.080 
218.000 -0.080 
219.000 -0.080 
220.000 -0.080 
221.000 -0.080 
222.000 -0.080 
223.000 -0.080 
224.000 -0.080 
225.000 -0.080 
226.000 -0.080 
227.000 -0.080 
228.000 -0.080 
229.000 -0.080 
230.000 -0.080 
231.000 -0.080 
232.000 -0.080 
233.000 -0.080 
234.000 -0.080 
235.000 -0.080 
236.000 -0.080 
237.000 -0.080 
238.000 -0.080 
239.000 -0.080 
240.000 -0.080 
241.000 -0.080 
242.000 -0.080 
243.000 -0.080 
244.000 -0.080 
245.000 -0.080 
246.000 -0.078 
247.000 -0.072 
248.000 -0.064 
249.000 -0.056 
250.000 -0.050 
251.000 -0.048 
252.000 -0.049 
253.000 -0.051 
254.000 -0.053 
255.000 -0.055 
256.000 -0.055 
257.000 -0.053 
258.000 -0.049 
259.000 -0.044 
260.000 -0.039 
261.000 -0.034 
262.000 -0.030 
263.000 -0.027 
264.000 -0.025 
265.000 -0.024 
266.000 -0.023 
267.000 -0.021 
268.000 -0.019 
269.000 -0.016 
270.000 -0.012 
271.000 -0.008 
272.000 -0.004 
273.000 0.001 
274.000 0.005 
275.000 0.008 
276.000 0.011 
277.000 0.014 
278.000 0.017 
279.000 0.020 
280.000 0.023 
281.000 0.027 
282.000 0.031 
283.000 0.035 
284.000 0.039 
285.000 0.043 
286.000 0.048 
287.000 0.052 
288.000 0.055 
289.000 0.059 
290.000 0.063 
291.000 0.066 
292.000 0.070 
293.000 0.073 
294.000 0.077 
295.000 0.081 
296.000 0.085 
297.000 0.089 
298.000 0.093 
299.000 0.097 
300.000 0.101 
301.000 0.104 
302.000 0.108 
303.000 0.111 
304.000 0.115 
305.000 0.118 
306.000 0.122 
307.000 0.125 
308.000 0.129 
309.000 0.132 
310.000 0.136 
311.000 0.139 
312.000 0.142 
313.000 0.146 
314.000 0.149 
315.000 0.152 
316.000 0.155 
317.000 0.158 
318.000 0.160 
319.000 0.163 
320.000 0.166 
321.000 0.169 
322.000 0.171 
323.000 0.174 
324.000 0.177 
325.000 0.179 
326.000 0.182 
327.000 0.184 
328.000 0.186 
329.000 0.189 
330.000 0.191 
331.000 0.193 
332.000 0.195 
333.000 0.197 
334.000 0.199 
335.000 0.201 
336.000 0.203 
337.000 0.205 
338.000 0.207 
339.000 0.208 
340.000 0.210 
341.000 0.212 
342.000 0.213 
343.000 0.215 
344.000 0.216 
345.000 0.218 
346.000 0.219 
347.000 0.221 
348.000 0.222 
349.000 0.223 
350.000 0.224 
351.000 0.226 
352.000 0.227 
353.000 0.228 
354.000 0.229 
355.000 0.230 
356.000 0.231 
357.000 0.232 
358.000 0.233 
359.000 0.234 
360.000 0.235 
361.000 0.236 
362.000 0.237 
363.000 0.238 
364.000 0.238 
365.000 0.239 
366.000 0.263 
367.000 0.322 
368.000 0.408 
369.000 0.503 
370.000 0.592 
371.000 0.658 
372.000 0.691 
373.000 0.691 
374.000 0.663 
375.000 0.618 
376.000 0.571 
377.000 0.533 
378.000 0.512 
379.000 0.513 
380.000 0.538 
381.000 0.582 
382.000 0.640 
383.000 0.704 
384.000 0.765 
385.000 0.814 
386.000 0.844 
387.000 0.854 
388.000 0.844 
389.000 0.820 
390.000 0.789 
391.000 0.758 
392.000 0.734 
393.000 0.722 
394.000 0.724 
395.000 0.741 
396.000 0.769 
397.000 0.804 
398.000 0.841 
399.000 0.874 
400.000 0.899 
401.000 0.912 
402.000 0.913 
403.000 0.902 
404.000 0.883 
405.000 0.861 
406.000 0.840 
407.000 0.824 
408.000 0.815 
409.000 0.816 
410.000 0.826 
411.000 0.843 
412.000 0.863 
413.000 0.885 
414.000 0.904 
415.000 0.917 
416.000 0.923 
417.000 0.921 
418.000 0.913 
419.000 0.900 
420.000 0.885 
421.000 0.871 
422.000 0.860 
423.000 0.855 
424.000 0.855 
425.000 0.861 
426.000 0.871 
427.000 0.884 
428.000 0.897 
429.000 0.908 
430.000 0.915 
431.000 0.918 
432.000 0.916 
433.000 0.910 
434.000 0.901 
435.000 0.892 
436.000 0.883 
437.000 0.876 
438.000 0.873 
439.000 0.873 
440.000 0.877 
441.000 0.884 
442.000 0.891 
443.000 0.899 
444.000 0.906 
445.000 0.910 
446.000 0.911 
447.000 0.910 
448.000 0.906 
449.000 0.900 
450.000 0.894 
451.000 0.888 
452.000 0.884 
453.000 0.883 
454.000 0.883 
455.000 0.885 
456.000 0.889 
457.000 0.894 
458.000 0.899 
459.000 0.903 
460.000 0.905 
461.000 0.906 
462.000 0.905 
463.000 0.902 
464.000 0.899 
465.000 0.895 
466.000 0.891 
467.000 0.889 
468.000 0.888 
469.000 0.888 
470.000 0.890 
471.000 0.892 
472.000 0.895 
473.000 0.898 
474.000 0.901 
475.000 0.902 
476.000 0.902 
477.000 0.901 
478.000 0.900 
479.000 0.898 
480.000 0.895 
481.000 0.893 
482.000 0.892 
483.000 0.891 
484.000 0.891 
485.000 0.892 
486.000 1.003 
487.000 1.247 
488.000 1.582 
489.000 1.967 
490.000 2.375 
491.000 2.783 
492.000 3.177 
493.000 3.545 
494.000 3.882 
495.000 4.184 
496.000 4.450 
497.000 4.630 
498.000 4.655 
499.000 4.513 
500.000 4.244 
501.000 3.914 
502.000 3.584 
503.000 3.303 
504.000 3.106 
505.000 3.012 
506.000 3.026 
507.000 3.129 
508.000 3.294 
509.000 3.496 
510.000 3.717 
511.000 3.943 
512.000 4.164 
513.000 4.374 
514.000 4.530 
515.000 4.589 
516.000 4.533 
517.000 4.369 
518.000 4.125 
519.000 3.839 
520.000 3.552 
521.000 3.301 
522.000 3.115 
523.000 3.010 
524.000 2.992 
525.000 3.060 
526.000 3.198 
527.000 3.385 
528.000 3.600 
529.000 3.818 
530.000 4.010 
531.000 4.152 
532.000 4.223 
533.000 4.215 
534.000 4.132 
535.000 3.986 
536.000 3.801 
537.000 3.603 
538.000 3.421 
539.000 3.275 
540.000 3.181 
541.000 3.147 
542.000 3.175 
543.000 3.257 
544.000 3.382 
545.000 3.531 
546.000 3.686 
547.000 3.825 
548.000 3.932 
549.000 3.991 
550.000 3.996 
551.000 3.947 
552.000 3.853 
553.000 3.728 
554.000 3.591 
555.000 3.460 
556.000 3.351 
557.000 3.279 
558.000 3.249 
559.000 3.263 
560.000 3.318 
561.000 3.405 
562.000 3.512 
563.000 3.624 
564.000 3.728 
565.000 3.810 
566.000 3.860 
567.000 3.871 
568.000 3.844 
569.000 3.783 
570.000 3.698 
571.000 3.601 
572.000 3.506 
573.000 3.426 
574.000 3.369 
575.000 3.341 
576.000 3.346 
577.000 3.381 
578.000 3.440 
579.000 3.514 
580.000 3.595 
581.000 3.671 
582.000 3.733 
583.000 3.773 
584.000 3.785 
585.000 3.770 
586.000 3.731 
587.000 3.673 
588.000 3.605 
589.000 3.537 
590.000 3.477 
591.000 3.433 
592.000 3.409 
593.000 3.409 
594.000 3.430 
595.000 3.469 
596.000 3.521 
597.000 3.579 
598.000 3.634 
599.000 3.680 
600.000 3.712 
601.000 3.724 
602.000 3.717 
603.000 3.692 
604.000 3.653 
605.000 3.605 
606.000 3.622 
607.000 3.707 
608.000 3.837 
609.000 3.994 
610.000 4.165 
611.000 4.339 
612.000 4.509 
613.000 4.669 
614.000 4.817 
615.000 4.951 
616.000 5.069 
617.000 5.173 
618.000 5.262 
619.000 5.337 
620.000 5.400 
621.000 5.451 
622.000 5.493 
623.000 5.527 
624.000 5.553 
625.000 5.573 
626.000 5.588 
627.000 5.599 
628.000 5.606 
629.000 5.611 
630.000 5.614 
631.000 5.615 
632.000 5.615 
633.000 5.615 
634.000 5.613 
635.000 5.612 
636.000 5.610 
637.000 5.608 
638.000 5.606 
639.000 5.605 
640.000 5.603 
641.000 5.602 
642.000 5.600 
643.000 5.599 
644.000 5.598 
645.000 5.597 
646.000 5.596 
647.000 5.596 
648.000 5.595 
649.000 5.595 
650.000 5.595 
651.000 5.594 
652.000 5.594 
653.000 5.594 
654.000 5.594 
655.000 5.594 
656.000 5.594 
657.000 5.594 
658.000 5.594 
659.000 5.594 
660.000 5.594 
661.000 5.594 
662.000 5.594 
663.000 5.594 
664.000 5.594 
665.000 5.594 
666.000 5.594 
667.000 5.594 
668.000 5.594 
669.000 5.594 
670.000 5.594 
671.000 5.594 
672.000 5.594 
673.000 5.594 
674.000 5.594 
675.000 5.594 
676.000 5.594 
677.000 5.594 
678.000 5.594 
679.000 5.594 
680.000 5.594 
681.000 5.594 
682.000 5.594 
683.000 5.594 
684.000 5.594 
685.000 5.594 
686.000 5.594 
687.000 5.594 
688.000 5.594 
689.000 5.594 
690.000 5.594 
691.000 5.594 
692.000 5.594 
693.000 5.594 
694.000 5.594 
695.000 5.594 
696.000 5.594 
697.000 5.594 
698.000 5.594 
699.000 5.594 
700.000 5.594 
701.000 5.594 
702.000 5.594 
703.000 5.594 
704.000 5.594 
705.000 5.594 
706.000 5.594 
707.000 5.594 
708.000 5.594 
709.000 5.594 
710.000 5.594 
711.000 5.594 
712.000 5.594 
713.000 5.594 
714.000 5.594 
715.000 5.594 
716.000 5.594 
717.000 5.594 
718.000 5.594 
719.000 5.594 
720.000 5.594 
721.000 5.594 
722.000 5.594 
723.000 5.594 
724.000 5.594 
725.000 5.594 
726.000 5.594 
727.000 5.594 
728.000 5.594 
729.000 5.594 
730.000 5.594 
731.000 5.594 
732.000 5.594 
733.000 5.594 
734.000 5.594 
735.000 5.594 
736.000 5.594 
737.000 5.594 
738.000 5.594 
739.000 5.594 
740.000 5.594 
741.000 5.594 
742.000 5.594 
743.000 5.594 
744.000 5.594 
745.000 5.594 
746.000 5.594 
747.000 5.594 
748.000 5.594 
749.000 5.594 
750.000 5.594 
751.000 5.594 
752.000 5.594 
753.000 5.594 
754.000 5.594 
755.000 5.594 
756.000 5.594 
757.000 5.594 
758.000 5.594 
759.000 5.594 
760.000 5.594 
761.000 5.594 
762.000 5.594 
763.000 5.594 
764.000 5.594 
765.000 5.594 
766.000 5.594 
767.000 5.594 
768.000 5.594 
769.000 5.594 
770.000 5.594 
771.000 5.594 
772.000 5.594 
773.000 5.594 
774.000 5.594 
775.000 5.594 
776.000 5.594 
777.000 5.594 
778.000 5.594 
779.000 5.594 
780.000 5.594 
781.000 5.594 
782.000 5.594 
783.000 5.594 
784.000 5.594 
785.000 5.594 
786.000 5.594 
787.000 5.594 
788.000 5.594 
789.000 5.594 
790.000 5.594 
791.000 5.594 
792.000 5.594 
793.000 5.594 
794.000 5.594 
795.000 5.594 
796.000 5.594 
797.000 5.594 
798.000 5.594 
799.000 5.594 
800.000 5.594 
