1.000 0.000 
2.000 0.000 
3.000 0.000 
4.000 0.000 
5.000 0.000 
6.000 0.000 
7.000 0.000 
8.000 0.000 
9.000 0.000 
10.000 0.000 
11.000 0.000 
12.000 -0.001 
13.000 -0.004 
14.000 -0.007 
15.000 -0.010 
16.000 -0.013 
17.000 -0.015 
18.000 -0.016 
19.000 -0.017 
20.000 -0.017 
21.000 -0.018 
22.000 -0.018 
23.000 -0.018 
24.000 -0.019 
25.000 -0.020 
26.000 -0.021 
27.000 -0.022 
28.000 -0.023 
29.000 -0.024 
30.000 -0.025 
31.000 -0.026 
32.000 -0.027 
33.000 -0.028 
34.000 -0.029 
35.000 -0.029 
36.000 -0.030 
37.000 -0.031 
38.000 -0.032 
39.000 -0.032 
40.000 -0.033 
41.000 -0.034 
42.000 -0.035 
43.000 -0.035 
44.000 -0.036 
45.000 -0.037 
46.000 -0.037 
47.000 -0.038 
48.000 -0.039 
49.000 -0.039 
50.000 -0.040 
51.000 -0.041 
52.000 -0.041 
53.000 -0.042 
54.000 -0.043 
55.000 -0.043 
56.000 -0.044 
57.000 -0.044 
58.000 -0.045 
59.000 -0.046 
60.000 -0.046 
61.000 -0.047 
62.000 -0.047 
63.000 -0.048 
64.000 -0.048 
65.000 -0.049 
66.000 -0.049 
67.000 -0.050 
68.000 -0.050 
69.000 -0.051 
70.000 -0.051 
71.000 -0.052 
72.000 -0.052 
73.000 -0.053 
74.000 -0.053 
75.000 -0.054 
76.000 -0.054 
77.000 -0.055 
78.000 -0.055 
79.000 -0.055 
80.000 -0.056 
81.000 -0.056 
82.000 -0.057 
83.000 -0.057 
84.000 -0.058 
85.000 -0.058 
86.000 -0.058 
87.000 -0.059 
88.000 -0.059 
89.000 -0.060 
90.000 -0.060 
91.000 -0.060 
92.000 -0.061 
93.000 -0.061 
94.000 -0.061 
95.000 -0.062 
96.000 -0.062 
97.000 -0.063 
98.000 -0.063 
99.000 -0.063 
100.000 -0.064 
101.000 -0.064 
102.000 -0.064 
103.000 -0.065 
104.000 -0.065 
105.000 -0.065 
106.000 -0.066 
107.000 -0.066 
108.000 -0.066 
109.000 -0.067 
110.000 -0.067 
111.000 -0.067 
112.000 -0.067 
113.000 -0.068 
114.000 -0.068 
115.000 -0.068 
116.000 -0.069 
117.000 -0.069 
118.000 -0.069 
119.000 -0.069 
120.000 -0.070 
121.000 -0.070 
122.000 -0.070 
123.000 -0.071 
124.000 -0.071 
125.000 -0.071 
126.000 -0.071 
127.000 -0.071 
128.000 -0.071 
129.000 -0.070 
130.000 -0.070 
131.000 -0.070 
132.000 -0.070 
133.000 -0.070 
134.000 -0.070 
135.000 -0.070 
136.000 -0.071 
137.000 -0.071 
138.000 -0.071 
139.000 -0.071 
140.000 -0.071 
141.000 -0.071 
142.000 -0.071 
143.000 -0.071 
144.000 -0.071 
145.000 -0.071 
146.000 -0.071 
147.000 -0.071 
148.000 -0.071 
149.000 -0.071 
150.000 -0.071 
151.000 -0.071 
152.000 -0.071 
153.000 -0.071 
154.000 -0.071 
155.000 -0.071 
156.000 -0.071 
157.000 -0.071 
158.000 -0.071 
159.000 -0.071 
160.000 -0.072 
161.000 -0.072 
162.000 -0.072 
163.000 -0.072 
164.000 -0.072 
165.000 -0.072 
166.000 -0.072 
167.000 -0.072 
168.000 -0.072 
169.000 -0.072 
170.000 -0.072 
171.000 -0.072 
172.000 -0.072 
173.000 -0.072 
174.000 -0.072 
175.000 -0.072 
176.000 -0.072 
177.000 -0.072 
178.000 -0.072 
179.000 -0.072 
180.000 -0.072 
181.000 -0.072 
182.000 -0.072 
183.000 -0.072 
184.000 -0.072 
185.000 -0.072 
186.000 -0.072 
187.000 -0.072 
188.000 -0.072 
189.000 -0.072 
190.000 -0.072 
191.000 -0.072 
192.000 -0.072 
193.000 -0.073 
194.000 -0.073 
195.000 -0.073 
196.000 -0.073 
197.000 -0.073 
198.000 -0.073 
199.000 -0.073 
200.000 -0.073 
201.000 -0.073 
202.000 -0.073 
203.000 -0.073 
204.000 -0.073 
205.000 -0.073 
206.000 -0.073 
207.000 -0.073 
208.000 -0.073 
209.000 -0.073 
210.000 -0.073 
211.000 -0.073 
212.000 -0.073 
213.000 -0.073 
214.000 -0.073 
215.000 -0.073 
216.000 -0.073 
217.000 -0.073 
218.000 -0.073 
219.000 -0.073 
220.000 -0.073 
221.000 -0.073 
222.000 -0.073 
223.000 -0.073 
224.000 -0.073 
225.000 -0.073 
226.000 -0.073 
227.000 -0.073 
228.000 -0.073 
229.000 -0.073 
230.000 -0.073 
231.000 -0.074 
232.000 -0.074 
233.000 -0.074 
234.000 -0.074 
235.000 -0.074 
236.000 -0.074 
237.000 -0.074 
238.000 -0.074 
239.000 -0.074 
240.000 -0.074 
241.000 -0.074 
242.000 -0.074 
243.000 -0.074 
244.000 -0.074 
245.000 -0.074 
246.000 -0.073 
247.000 -0.070 
248.000 -0.066 
249.000 -0.062 
250.000 -0.059 
251.000 -0.057 
252.000 -0.055 
253.000 -0.054 
254.000 -0.053 
255.000 -0.053 
256.000 -0.052 
257.000 -0.051 
258.000 -0.050 
259.000 -0.048 
260.000 -0.046 
261.000 -0.044 
262.000 -0.042 
263.000 -0.040 
264.000 -0.038 
265.000 -0.035 
266.000 -0.033 
267.000 -0.031 
268.000 -0.029 
269.000 -0.027 
270.000 -0.025 
271.000 -0.023 
272.000 -0.021 
273.000 -0.018 
274.000 -0.016 
275.000 -0.014 
276.000 -0.011 
277.000 -0.009 
278.000 -0.007 
279.000 -0.004 
280.000 -0.002 
281.000 0.001 
282.000 0.004 
283.000 0.006 
284.000 0.009 
285.000 0.011 
286.000 0.014 
287.000 0.017 
288.000 0.019 
289.000 0.022 
290.000 0.025 
291.000 0.028 
292.000 0.031 
293.000 0.033 
294.000 0.036 
295.000 0.039 
296.000 0.042 
297.000 0.045 
298.000 0.048 
299.000 0.051 
300.000 0.053 
301.000 0.056 
302.000 0.059 
303.000 0.062 
304.000 0.065 
305.000 0.068 
306.000 0.071 
307.000 0.074 
308.000 0.077 
309.000 0.080 
310.000 0.083 
311.000 0.086 
312.000 0.088 
313.000 0.091 
314.000 0.094 
315.000 0.097 
316.000 0.100 
317.000 0.103 
318.000 0.105 
319.000 0.108 
320.000 0.111 
321.000 0.114 
322.000 0.116 
323.000 0.119 
324.000 0.122 
325.000 0.124 
326.000 0.127 
327.000 0.130 
328.000 0.132 
329.000 0.135 
330.000 0.137 
331.000 0.140 
332.000 0.142 
333.000 0.145 
334.000 0.147 
335.000 0.150 
336.000 0.152 
337.000 0.154 
338.000 0.156 
339.000 0.159 
340.000 0.161 
341.000 0.163 
342.000 0.165 
343.000 0.167 
344.000 0.169 
345.000 0.172 
346.000 0.174 
347.000 0.175 
348.000 0.177 
349.000 0.179 
350.000 0.181 
351.000 0.183 
352.000 0.185 
353.000 0.187 
354.000 0.188 
355.000 0.190 
356.000 0.192 
357.000 0.193 
358.000 0.195 
359.000 0.197 
360.000 0.198 
361.000 0.200 
362.000 0.201 
363.000 0.203 
364.000 0.204 
365.000 0.205 
366.000 0.218 
367.000 0.245 
368.000 0.284 
369.000 0.329 
370.000 0.373 
371.000 0.412 
372.000 0.445 
373.000 0.469 
374.000 0.486 
375.000 0.496 
376.000 0.502 
377.000 0.506 
378.000 0.510 
379.000 0.515 
380.000 0.523 
381.000 0.533 
382.000 0.547 
383.000 0.563 
384.000 0.581 
385.000 0.600 
386.000 0.619 
387.000 0.637 
388.000 0.654 
389.000 0.670 
390.000 0.684 
391.000 0.696 
392.000 0.707 
393.000 0.716 
394.000 0.724 
395.000 0.731 
396.000 0.738 
397.000 0.745 
398.000 0.752 
399.000 0.759 
400.000 0.766 
401.000 0.774 
402.000 0.781 
403.000 0.788 
404.000 0.795 
405.000 0.802 
406.000 0.808 
407.000 0.814 
408.000 0.819 
409.000 0.824 
410.000 0.828 
411.000 0.832 
412.000 0.836 
413.000 0.839 
414.000 0.842 
415.000 0.845 
416.000 0.848 
417.000 0.851 
418.000 0.853 
419.000 0.856 
420.000 0.858 
421.000 0.861 
422.000 0.863 
423.000 0.865 
424.000 0.867 
425.000 0.869 
426.000 0.871 
427.000 0.872 
428.000 0.874 
429.000 0.875 
430.000 0.877 
431.000 0.878 
432.000 0.879 
433.000 0.880 
434.000 0.881 
435.000 0.882 
436.000 0.883 
437.000 0.883 
438.000 0.884 
439.000 0.885 
440.000 0.886 
441.000 0.886 
442.000 0.887 
443.000 0.888 
444.000 0.888 
445.000 0.889 
446.000 0.889 
447.000 0.889 
448.000 0.890 
449.000 0.890 
450.000 0.891 
451.000 0.891 
452.000 0.891 
453.000 0.892 
454.000 0.892 
455.000 0.892 
456.000 0.892 
457.000 0.893 
458.000 0.893 
459.000 0.893 
460.000 0.893 
461.000 0.893 
462.000 0.894 
463.000 0.894 
464.000 0.894 
465.000 0.894 
466.000 0.894 
467.000 0.894 
468.000 0.894 
469.000 0.894 
470.000 0.895 
471.000 0.895 
472.000 0.895 
473.000 0.895 
474.000 0.895 
475.000 0.895 
476.000 0.895 
477.000 0.895 
478.000 0.895 
479.000 0.895 
480.000 0.895 
481.000 0.895 
482.000 0.895 
483.000 0.895 
484.000 0.895 
485.000 0.895 
486.000 0.956 
487.000 1.105 
488.000 1.334 
489.000 1.621 
490.000 1.943 
491.000 2.275 
492.000 2.597 
493.000 2.891 
494.000 3.144 
495.000 3.349 
496.000 3.500 
497.000 3.599 
498.000 3.650 
499.000 3.660 
500.000 3.638 
501.000 3.593 
502.000 3.535 
503.000 3.473 
504.000 3.415 
505.000 3.367 
506.000 3.333 
507.000 3.315 
508.000 3.313 
509.000 3.326 
510.000 3.353 
511.000 3.390 
512.000 3.433 
513.000 3.480 
514.000 3.527 
515.000 3.571 
516.000 3.609 
517.000 3.640 
518.000 3.661 
519.000 3.674 
520.000 3.678 
521.000 3.675 
522.000 3.664 
523.000 3.649 
524.000 3.631 
525.000 3.611 
526.000 3.592 
527.000 3.574 
528.000 3.559 
529.000 3.547 
530.000 3.539 
531.000 3.535 
532.000 3.535 
533.000 3.538 
534.000 3.543 
535.000 3.550 
536.000 3.558 
537.000 3.567 
538.000 3.575 
539.000 3.582 
540.000 3.588 
541.000 3.592 
542.000 3.595 
543.000 3.596 
544.000 3.595 
545.000 3.593 
546.000 3.590 
547.000 3.587 
548.000 3.583 
549.000 3.579 
550.000 3.576 
551.000 3.573 
552.000 3.570 
553.000 3.569 
554.000 3.568 
555.000 3.568 
556.000 3.568 
557.000 3.569 
558.000 3.570 
559.000 3.572 
560.000 3.574 
561.000 3.575 
562.000 3.577 
563.000 3.578 
564.000 3.579 
565.000 3.579 
566.000 3.580 
567.000 3.580 
568.000 3.579 
569.000 3.579 
570.000 3.578 
571.000 3.577 
572.000 3.577 
573.000 3.576 
574.000 3.575 
575.000 3.575 
576.000 3.575 
577.000 3.574 
578.000 3.574 
579.000 3.574 
580.000 3.575 
581.000 3.575 
582.000 3.575 
583.000 3.575 
584.000 3.576 
585.000 3.576 
586.000 3.576 
587.000 3.577 
588.000 3.577 
589.000 3.577 
590.000 3.577 
591.000 3.577 
592.000 3.577 
593.000 3.576 
594.000 3.576 
595.000 3.576 
596.000 3.576 
597.000 3.576 
598.000 3.576 
599.000 3.576 
600.000 3.576 
601.000 3.576 
602.000 3.576 
603.000 3.576 
604.000 3.576 
605.000 3.576 
606.000 3.631 
607.000 3.743 
608.000 3.891 
609.000 4.059 
610.000 4.235 
611.000 4.410 
612.000 4.578 
613.000 4.734 
614.000 4.877 
615.000 5.005 
616.000 5.117 
617.000 5.214 
618.000 5.297 
619.000 5.367 
620.000 5.425 
621.000 5.472 
622.000 5.510 
623.000 5.540 
624.000 5.563 
625.000 5.581 
626.000 5.594 
627.000 5.603 
628.000 5.609 
629.000 5.613 
630.000 5.615 
631.000 5.616 
632.000 5.615 
633.000 5.614 
634.000 5.613 
635.000 5.611 
636.000 5.609 
637.000 5.607 
638.000 5.606 
639.000 5.604 
640.000 5.602 
641.000 5.601 
642.000 5.600 
643.000 5.599 
644.000 5.598 
645.000 5.597 
646.000 5.596 
647.000 5.596 
648.000 5.595 
649.000 5.595 
650.000 5.595 
651.000 5.594 
652.000 5.594 
653.000 5.594 
654.000 5.594 
655.000 5.594 
656.000 5.594 
657.000 5.594 
658.000 5.594 
659.000 5.594 
660.000 5.594 
661.000 5.594 
662.000 5.594 
663.000 5.594 
664.000 5.594 
665.000 5.594 
666.000 5.594 
667.000 5.594 
668.000 5.594 
669.000 5.594 
670.000 5.594 
671.000 5.594 
672.000 5.594 
673.000 5.594 
674.000 5.594 
675.000 5.594 
676.000 5.594 
677.000 5.594 
678.000 5.594 
679.000 5.594 
680.000 5.594 
681.000 5.594 
682.000 5.594 
683.000 5.594 
684.000 5.594 
685.000 5.594 
686.000 5.594 
687.000 5.594 
688.000 5.594 
689.000 5.594 
690.000 5.594 
691.000 5.594 
692.000 5.594 
693.000 5.594 
694.000 5.594 
695.000 5.594 
696.000 5.594 
697.000 5.594 
698.000 5.594 
699.000 5.594 
700.000 5.594 
701.000 5.594 
702.000 5.594 
703.000 5.594 
704.000 5.594 
705.000 5.594 
706.000 5.594 
707.000 5.594 
708.000 5.594 
709.000 5.594 
710.000 5.594 
711.000 5.594 
712.000 5.594 
713.000 5.594 
714.000 5.594 
715.000 5.594 
716.000 5.594 
717.000 5.594 
718.000 5.594 
719.000 5.594 
720.000 5.594 
721.000 5.594 
722.000 5.594 
723.000 5.594 
724.000 5.594 
725.000 5.594 
726.000 5.594 
727.000 5.594 
728.000 5.594 
729.000 5.594 
730.000 5.594 
731.000 5.594 
732.000 5.594 
733.000 5.594 
734.000 5.594 
735.000 5.594 
736.000 5.594 
737.000 5.594 
738.000 5.594 
739.000 5.594 
740.000 5.594 
741.000 5.594 
742.000 5.594 
743.000 5.594 
744.000 5.594 
745.000 5.594 
746.000 5.594 
747.000 5.594 
748.000 5.594 
749.000 5.594 
750.000 5.594 
751.000 5.594 
752.000 5.594 
753.000 5.594 
754.000 5.594 
755.000 5.594 
756.000 5.594 
757.000 5.594 
758.000 5.594 
759.000 5.594 
760.000 5.594 
761.000 5.594 
762.000 5.594 
763.000 5.594 
764.000 5.594 
765.000 5.594 
766.000 5.594 
767.000 5.594 
768.000 5.594 
769.000 5.594 
770.000 5.594 
771.000 5.594 
772.000 5.594 
773.000 5.594 
774.000 5.594 
775.000 5.594 
776.000 5.594 
777.000 5.594 
778.000 5.594 
779.000 5.594 
780.000 5.594 
781.000 5.594 
782.000 5.594 
783.000 5.594 
784.000 5.594 
785.000 5.594 
786.000 5.594 
787.000 5.594 
788.000 5.594 
789.000 5.594 
790.000 5.594 
791.000 5.594 
792.000 5.594 
793.000 5.594 
794.000 5.594 
795.000 5.594 
796.000 5.594 
797.000 5.594 
798.000 5.594 
799.000 5.594 
800.000 5.594 
