1.000 0.000 
2.000 0.000 
3.000 0.000 
4.000 0.000 
5.000 0.000 
6.000 0.000 
7.000 0.000 
8.000 0.000 
9.000 0.000 
10.000 0.000 
11.000 0.000 
12.000 -0.002 
13.000 -0.006 
14.000 -0.010 
15.000 -0.014 
16.000 -0.018 
17.000 -0.019 
18.000 -0.020 
19.000 -0.020 
20.000 -0.020 
21.000 -0.020 
22.000 -0.020 
23.000 -0.020 
24.000 -0.021 
25.000 -0.023 
26.000 -0.024 
27.000 -0.026 
28.000 -0.027 
29.000 -0.028 
30.000 -0.029 
31.000 -0.030 
32.000 -0.031 
33.000 -0.032 
34.000 -0.033 
35.000 -0.033 
36.000 -0.034 
37.000 -0.035 
38.000 -0.036 
39.000 -0.037 
40.000 -0.038 
41.000 -0.038 
42.000 -0.039 
43.000 -0.040 
44.000 -0.041 
45.000 -0.041 
46.000 -0.042 
47.000 -0.043 
48.000 -0.043 
49.000 -0.044 
50.000 -0.045 
51.000 -0.045 
52.000 -0.046 
53.000 -0.047 
54.000 -0.047 
55.000 -0.048 
56.000 -0.049 
57.000 -0.049 
58.000 -0.050 
59.000 -0.050 
60.000 -0.051 
61.000 -0.051 
62.000 -0.052 
63.000 -0.053 
64.000 -0.053 
65.000 -0.054 
66.000 -0.054 
67.000 -0.055 
68.000 -0.055 
69.000 -0.056 
70.000 -0.056 
71.000 -0.057 
72.000 -0.057 
73.000 -0.058 
74.000 -0.058 
75.000 -0.059 
76.000 -0.059 
77.000 -0.060 
78.000 -0.060 
79.000 -0.060 
80.000 -0.061 
81.000 -0.061 
82.000 -0.062 
83.000 -0.062 
84.000 -0.063 
85.000 -0.063 
86.000 -0.063 
87.000 -0.064 
88.000 -0.064 
89.000 -0.065 
90.000 -0.065 
91.000 -0.065 
92.000 -0.066 
93.000 -0.066 
94.000 -0.066 
95.000 -0.067 
96.000 -0.067 
97.000 -0.067 
98.000 -0.068 
99.000 -0.068 
100.000 -0.069 
101.000 -0.069 
102.000 -0.069 
103.000 -0.070 
104.000 -0.070 
105.000 -0.070 
106.000 -0.071 
107.000 -0.071 
108.000 -0.071 
109.000 -0.071 
110.000 -0.072 
111.000 -0.072 
112.000 -0.072 
113.000 -0.073 
114.000 -0.073 
115.000 -0.073 
116.000 -0.074 
117.000 -0.074 
118.000 -0.074 
119.000 -0.074 
120.000 -0.075 
121.000 -0.075 
122.000 -0.075 
123.000 -0.075 
124.000 -0.076 
125.000 -0.076 
126.000 -0.076 
127.000 -0.076 
128.000 -0.075 
129.000 -0.074 
130.000 -0.074 
131.000 -0.074 
132.000 -0.074 
133.000 -0.075 
134.000 -0.075 
135.000 -0.075 
136.000 -0.075 
137.000 -0.075 
138.000 -0.075 
139.000 -0.075 
140.000 -0.075 
141.000 -0.075 
142.000 -0.075 
143.000 -0.075 
144.000 -0.075 
145.000 -0.075 
146.000 -0.075 
147.000 -0.075 
148.000 -0.075 
149.000 -0.075 
150.000 -0.075 
151.000 -0.075 
152.000 -0.075 
153.000 -0.075 
154.000 -0.075 
155.000 -0.076 
156.000 -0.076 
157.000 -0.076 
158.000 -0.076 
159.000 -0.076 
160.000 -0.076 
161.000 -0.076 
162.000 -0.076 
163.000 -0.076 
164.000 -0.076 
165.000 -0.076 
166.000 -0.076 
167.000 -0.076 
168.000 -0.076 
169.000 -0.076 
170.000 -0.076 
171.000 -0.076 
172.000 -0.076 
173.000 -0.076 
174.000 -0.076 
175.000 -0.076 
176.000 -0.076 
177.000 -0.076 
178.000 -0.076 
179.000 -0.076 
180.000 -0.076 
181.000 -0.076 
182.000 -0.076 
183.000 -0.076 
184.000 -0.076 
185.000 -0.076 
186.000 -0.076 
187.000 -0.076 
188.000 -0.076 
189.000 -0.076 
190.000 -0.076 
191.000 -0.076 
192.000 -0.076 
193.000 -0.076 
194.000 -0.076 
195.000 -0.076 
196.000 -0.076 
197.000 -0.076 
198.000 -0.076 
199.000 -0.076 
200.000 -0.076 
201.000 -0.076 
202.000 -0.076 
203.000 -0.076 
204.000 -0.076 
205.000 -0.076 
206.000 -0.076 
207.000 -0.076 
208.000 -0.076 
209.000 -0.076 
210.000 -0.076 
211.000 -0.076 
212.000 -0.076 
213.000 -0.076 
214.000 -0.076 
215.000 -0.076 
216.000 -0.077 
217.000 -0.077 
218.000 -0.077 
219.000 -0.077 
220.000 -0.077 
221.000 -0.077 
222.000 -0.077 
223.000 -0.077 
224.000 -0.077 
225.000 -0.077 
226.000 -0.077 
227.000 -0.077 
228.000 -0.077 
229.000 -0.077 
230.000 -0.077 
231.000 -0.077 
232.000 -0.077 
233.000 -0.077 
234.000 -0.077 
235.000 -0.077 
236.000 -0.077 
237.000 -0.077 
238.000 -0.077 
239.000 -0.077 
240.000 -0.077 
241.000 -0.077 
242.000 -0.077 
243.000 -0.077 
244.000 -0.077 
245.000 -0.077 
246.000 -0.076 
247.000 -0.071 
248.000 -0.065 
249.000 -0.060 
250.000 -0.056 
251.000 -0.054 
252.000 -0.053 
253.000 -0.053 
254.000 -0.053 
255.000 -0.053 
256.000 -0.053 
257.000 -0.051 
258.000 -0.049 
259.000 -0.047 
260.000 -0.044 
261.000 -0.041 
262.000 -0.038 
263.000 -0.035 
264.000 -0.033 
265.000 -0.030 
266.000 -0.028 
267.000 -0.026 
268.000 -0.024 
269.000 -0.022 
270.000 -0.019 
271.000 -0.016 
272.000 -0.013 
273.000 -0.011 
274.000 -0.008 
275.000 -0.005 
276.000 -0.002 
277.000 0.001 
278.000 0.004 
279.000 0.007 
280.000 0.010 
281.000 0.013 
282.000 0.016 
283.000 0.019 
284.000 0.022 
285.000 0.026 
286.000 0.029 
287.000 0.032 
288.000 0.035 
289.000 0.039 
290.000 0.042 
291.000 0.045 
292.000 0.049 
293.000 0.052 
294.000 0.055 
295.000 0.059 
296.000 0.062 
297.000 0.065 
298.000 0.069 
299.000 0.072 
300.000 0.076 
301.000 0.079 
302.000 0.082 
303.000 0.086 
304.000 0.089 
305.000 0.092 
306.000 0.095 
307.000 0.099 
308.000 0.102 
309.000 0.105 
310.000 0.108 
311.000 0.112 
312.000 0.115 
313.000 0.118 
314.000 0.121 
315.000 0.124 
316.000 0.127 
317.000 0.130 
318.000 0.133 
319.000 0.136 
320.000 0.139 
321.000 0.142 
322.000 0.144 
323.000 0.147 
324.000 0.150 
325.000 0.153 
326.000 0.155 
327.000 0.158 
328.000 0.160 
329.000 0.163 
330.000 0.165 
331.000 0.168 
332.000 0.170 
333.000 0.172 
334.000 0.175 
335.000 0.177 
336.000 0.179 
337.000 0.181 
338.000 0.183 
339.000 0.185 
340.000 0.187 
341.000 0.189 
342.000 0.191 
343.000 0.193 
344.000 0.195 
345.000 0.197 
346.000 0.199 
347.000 0.200 
348.000 0.202 
349.000 0.204 
350.000 0.205 
351.000 0.207 
352.000 0.208 
353.000 0.210 
354.000 0.211 
355.000 0.213 
356.000 0.214 
357.000 0.216 
358.000 0.217 
359.000 0.218 
360.000 0.219 
361.000 0.221 
362.000 0.222 
363.000 0.223 
364.000 0.224 
365.000 0.225 
366.000 0.244 
367.000 0.287 
368.000 0.347 
369.000 0.412 
370.000 0.474 
371.000 0.523 
372.000 0.557 
373.000 0.574 
374.000 0.577 
375.000 0.570 
376.000 0.559 
377.000 0.548 
378.000 0.543 
379.000 0.544 
380.000 0.554 
381.000 0.572 
382.000 0.596 
383.000 0.624 
384.000 0.653 
385.000 0.682 
386.000 0.707 
387.000 0.727 
388.000 0.742 
389.000 0.751 
390.000 0.757 
391.000 0.759 
392.000 0.760 
393.000 0.760 
394.000 0.762 
395.000 0.765 
396.000 0.771 
397.000 0.779 
398.000 0.788 
399.000 0.798 
400.000 0.809 
401.000 0.819 
402.000 0.828 
403.000 0.835 
404.000 0.841 
405.000 0.845 
406.000 0.847 
407.000 0.849 
408.000 0.850 
409.000 0.851 
410.000 0.852 
411.000 0.853 
412.000 0.855 
413.000 0.857 
414.000 0.860 
415.000 0.864 
416.000 0.867 
417.000 0.870 
418.000 0.873 
419.000 0.876 
420.000 0.878 
421.000 0.879 
422.000 0.880 
423.000 0.881 
424.000 0.881 
425.000 0.882 
426.000 0.882 
427.000 0.882 
428.000 0.883 
429.000 0.884 
430.000 0.885 
431.000 0.886 
432.000 0.887 
433.000 0.888 
434.000 0.889 
435.000 0.889 
436.000 0.890 
437.000 0.891 
438.000 0.891 
439.000 0.891 
440.000 0.891 
441.000 0.892 
442.000 0.892 
443.000 0.892 
444.000 0.892 
445.000 0.892 
446.000 0.892 
447.000 0.893 
448.000 0.893 
449.000 0.893 
450.000 0.894 
451.000 0.894 
452.000 0.894 
453.000 0.894 
454.000 0.894 
455.000 0.895 
456.000 0.895 
457.000 0.895 
458.000 0.895 
459.000 0.895 
460.000 0.895 
461.000 0.895 
462.000 0.895 
463.000 0.895 
464.000 0.895 
465.000 0.895 
466.000 0.895 
467.000 0.895 
468.000 0.895 
469.000 0.895 
470.000 0.896 
471.000 0.896 
472.000 0.896 
473.000 0.896 
474.000 0.896 
475.000 0.896 
476.000 0.896 
477.000 0.896 
478.000 0.896 
479.000 0.896 
480.000 0.896 
481.000 0.896 
482.000 0.896 
483.000 0.896 
484.000 0.896 
485.000 0.896 
486.000 0.984 
487.000 1.200 
488.000 1.516 
489.000 1.891 
490.000 2.294 
491.000 2.702 
492.000 3.098 
493.000 3.454 
494.000 3.736 
495.000 3.926 
496.000 4.023 
497.000 4.032 
498.000 3.971 
499.000 3.859 
500.000 3.721 
501.000 3.576 
502.000 3.444 
503.000 3.340 
504.000 3.271 
505.000 3.242 
506.000 3.252 
507.000 3.297 
508.000 3.368 
509.000 3.457 
510.000 3.553 
511.000 3.646 
512.000 3.727 
513.000 3.789 
514.000 3.828 
515.000 3.841 
516.000 3.830 
517.000 3.798 
518.000 3.749 
519.000 3.691 
520.000 3.629 
521.000 3.571 
522.000 3.521 
523.000 3.483 
524.000 3.460 
525.000 3.451 
526.000 3.457 
527.000 3.475 
528.000 3.501 
529.000 3.533 
530.000 3.566 
531.000 3.597 
532.000 3.624 
533.000 3.643 
534.000 3.654 
535.000 3.656 
536.000 3.651 
537.000 3.639 
538.000 3.622 
539.000 3.602 
540.000 3.582 
541.000 3.564 
542.000 3.549 
543.000 3.538 
544.000 3.533 
545.000 3.532 
546.000 3.536 
547.000 3.543 
548.000 3.553 
549.000 3.564 
550.000 3.576 
551.000 3.586 
552.000 3.594 
553.000 3.600 
554.000 3.602 
555.000 3.602 
556.000 3.599 
557.000 3.595 
558.000 3.589 
559.000 3.582 
560.000 3.575 
561.000 3.570 
562.000 3.565 
563.000 3.562 
564.000 3.561 
565.000 3.561 
566.000 3.563 
567.000 3.566 
568.000 3.570 
569.000 3.573 
570.000 3.577 
571.000 3.580 
572.000 3.583 
573.000 3.584 
574.000 3.585 
575.000 3.584 
576.000 3.583 
577.000 3.582 
578.000 3.579 
579.000 3.577 
580.000 3.575 
581.000 3.573 
582.000 3.572 
583.000 3.571 
584.000 3.571 
585.000 3.571 
586.000 3.572 
587.000 3.573 
588.000 3.574 
589.000 3.576 
590.000 3.577 
591.000 3.578 
592.000 3.579 
593.000 3.579 
594.000 3.579 
595.000 3.579 
596.000 3.578 
597.000 3.578 
598.000 3.577 
599.000 3.576 
600.000 3.575 
601.000 3.575 
602.000 3.574 
603.000 3.574 
604.000 3.574 
605.000 3.574 
606.000 3.630 
607.000 3.742 
608.000 3.890 
609.000 4.058 
610.000 4.234 
611.000 4.409 
612.000 4.577 
613.000 4.734 
614.000 4.877 
615.000 5.005 
616.000 5.117 
617.000 5.214 
618.000 5.297 
619.000 5.367 
620.000 5.425 
621.000 5.472 
622.000 5.510 
623.000 5.540 
624.000 5.563 
625.000 5.581 
626.000 5.594 
627.000 5.603 
628.000 5.609 
629.000 5.613 
630.000 5.615 
631.000 5.616 
632.000 5.616 
633.000 5.614 
634.000 5.613 
635.000 5.611 
636.000 5.609 
637.000 5.607 
638.000 5.606 
639.000 5.604 
640.000 5.602 
641.000 5.601 
642.000 5.600 
643.000 5.599 
644.000 5.598 
645.000 5.597 
646.000 5.596 
647.000 5.596 
648.000 5.595 
649.000 5.595 
650.000 5.595 
651.000 5.594 
652.000 5.594 
653.000 5.594 
654.000 5.594 
655.000 5.594 
656.000 5.594 
657.000 5.594 
658.000 5.594 
659.000 5.594 
660.000 5.594 
661.000 5.594 
662.000 5.594 
663.000 5.594 
664.000 5.594 
665.000 5.594 
666.000 5.594 
667.000 5.594 
668.000 5.594 
669.000 5.594 
670.000 5.594 
671.000 5.594 
672.000 5.594 
673.000 5.594 
674.000 5.594 
675.000 5.594 
676.000 5.594 
677.000 5.594 
678.000 5.594 
679.000 5.594 
680.000 5.594 
681.000 5.594 
682.000 5.594 
683.000 5.594 
684.000 5.594 
685.000 5.594 
686.000 5.594 
687.000 5.594 
688.000 5.594 
689.000 5.594 
690.000 5.594 
691.000 5.594 
692.000 5.594 
693.000 5.594 
694.000 5.594 
695.000 5.594 
696.000 5.594 
697.000 5.594 
698.000 5.594 
699.000 5.594 
700.000 5.594 
701.000 5.594 
702.000 5.594 
703.000 5.594 
704.000 5.594 
705.000 5.594 
706.000 5.594 
707.000 5.594 
708.000 5.594 
709.000 5.594 
710.000 5.594 
711.000 5.594 
712.000 5.594 
713.000 5.594 
714.000 5.594 
715.000 5.594 
716.000 5.594 
717.000 5.594 
718.000 5.594 
719.000 5.594 
720.000 5.594 
721.000 5.594 
722.000 5.594 
723.000 5.594 
724.000 5.594 
725.000 5.594 
726.000 5.594 
727.000 5.594 
728.000 5.594 
729.000 5.594 
730.000 5.594 
731.000 5.594 
732.000 5.594 
733.000 5.594 
734.000 5.594 
735.000 5.594 
736.000 5.594 
737.000 5.594 
738.000 5.594 
739.000 5.594 
740.000 5.594 
741.000 5.594 
742.000 5.594 
743.000 5.594 
744.000 5.594 
745.000 5.594 
746.000 5.594 
747.000 5.594 
748.000 5.594 
749.000 5.594 
750.000 5.594 
751.000 5.594 
752.000 5.594 
753.000 5.594 
754.000 5.594 
755.000 5.594 
756.000 5.594 
757.000 5.594 
758.000 5.594 
759.000 5.594 
760.000 5.594 
761.000 5.594 
762.000 5.594 
763.000 5.594 
764.000 5.594 
765.000 5.594 
766.000 5.594 
767.000 5.594 
768.000 5.594 
769.000 5.594 
770.000 5.594 
771.000 5.594 
772.000 5.594 
773.000 5.594 
774.000 5.594 
775.000 5.594 
776.000 5.594 
777.000 5.594 
778.000 5.594 
779.000 5.594 
780.000 5.594 
781.000 5.594 
782.000 5.594 
783.000 5.594 
784.000 5.594 
785.000 5.594 
786.000 5.594 
787.000 5.594 
788.000 5.594 
789.000 5.594 
790.000 5.594 
791.000 5.594 
792.000 5.594 
793.000 5.594 
794.000 5.594 
795.000 5.594 
796.000 5.594 
797.000 5.594 
798.000 5.594 
799.000 5.594 
800.000 5.594 
