1.000 0.000 
2.000 0.000 
3.000 0.000 
4.000 0.000 
5.000 0.000 
6.000 0.000 
7.000 0.000 
8.000 0.000 
9.000 0.000 
10.000 0.000 
11.000 0.000 
12.000 -0.002 
13.000 -0.006 
14.000 -0.012 
15.000 -0.016 
16.000 -0.019 
17.000 -0.021 
18.000 -0.021 
19.000 -0.021 
20.000 -0.020 
21.000 -0.020 
22.000 -0.020 
23.000 -0.021 
24.000 -0.022 
25.000 -0.024 
26.000 -0.026 
27.000 -0.027 
28.000 -0.029 
29.000 -0.030 
30.000 -0.031 
31.000 -0.032 
32.000 -0.032 
33.000 -0.033 
34.000 -0.034 
35.000 -0.035 
36.000 -0.035 
37.000 -0.036 
38.000 -0.037 
39.000 -0.038 
40.000 -0.039 
41.000 -0.040 
42.000 -0.041 
43.000 -0.041 
44.000 -0.042 
45.000 -0.043 
46.000 -0.044 
47.000 -0.044 
48.000 -0.045 
49.000 -0.046 
50.000 -0.046 
51.000 -0.047 
52.000 -0.048 
53.000 -0.048 
54.000 -0.049 
55.000 -0.050 
56.000 -0.050 
57.000 -0.051 
58.000 -0.051 
59.000 -0.052 
60.000 -0.053 
61.000 -0.053 
62.000 -0.054 
63.000 -0.054 
64.000 -0.055 
65.000 -0.055 
66.000 -0.056 
67.000 -0.056 
68.000 -0.057 
69.000 -0.057 
70.000 -0.058 
71.000 -0.058 
72.000 -0.059 
73.000 -0.059 
74.000 -0.060 
75.000 -0.060 
76.000 -0.061 
77.000 -0.061 
78.000 -0.062 
79.000 -0.062 
80.000 -0.062 
81.000 -0.063 
82.000 -0.063 
83.000 -0.064 
84.000 -0.064 
85.000 -0.065 
86.000 -0.065 
87.000 -0.065 
88.000 -0.066 
89.000 -0.066 
90.000 -0.067 
91.000 -0.067 
92.000 -0.067 
93.000 -0.068 
94.000 -0.068 
95.000 -0.068 
96.000 -0.069 
97.000 -0.069 
98.000 -0.069 
99.000 -0.070 
100.000 -0.070 
101.000 -0.070 
102.000 -0.071 
103.000 -0.071 
104.000 -0.071 
105.000 -0.072 
106.000 -0.072 
107.000 -0.072 
108.000 -0.073 
109.000 -0.073 
110.000 -0.073 
111.000 -0.074 
112.000 -0.074 
113.000 -0.074 
114.000 -0.075 
115.000 -0.075 
116.000 -0.075 
117.000 -0.075 
118.000 -0.076 
119.000 -0.076 
120.000 -0.076 
121.000 -0.076 
122.000 -0.077 
123.000 -0.077 
124.000 -0.077 
125.000 -0.078 
126.000 -0.078 
127.000 -0.077 
128.000 -0.076 
129.000 -0.076 
130.000 -0.075 
131.000 -0.075 
132.000 -0.076 
133.000 -0.076 
134.000 -0.076 
135.000 -0.077 
136.000 -0.077 
137.000 -0.077 
138.000 -0.077 
139.000 -0.077 
140.000 -0.077 
141.000 -0.077 
142.000 -0.077 
143.000 -0.077 
144.000 -0.077 
145.000 -0.077 
146.000 -0.077 
147.000 -0.077 
148.000 -0.077 
149.000 -0.077 
150.000 -0.077 
151.000 -0.077 
152.000 -0.077 
153.000 -0.077 
154.000 -0.077 
155.000 -0.077 
156.000 -0.077 
157.000 -0.077 
158.000 -0.077 
159.000 -0.077 
160.000 -0.077 
161.000 -0.077 
162.000 -0.077 
163.000 -0.077 
164.000 -0.077 
165.000 -0.077 
166.000 -0.077 
167.000 -0.077 
168.000 -0.077 
169.000 -0.077 
170.000 -0.077 
171.000 -0.077 
172.000 -0.077 
173.000 -0.077 
174.000 -0.077 
175.000 -0.077 
176.000 -0.077 
177.000 -0.077 
178.000 -0.077 
179.000 -0.077 
180.000 -0.077 
181.000 -0.077 
182.000 -0.077 
183.000 -0.077 
184.000 -0.077 
185.000 -0.077 
186.000 -0.077 
187.000 -0.077 
188.000 -0.077 
189.000 -0.077 
190.000 -0.077 
191.000 -0.077 
192.000 -0.077 
193.000 -0.077 
194.000 -0.077 
195.000 -0.077 
196.000 -0.077 
197.000 -0.077 
198.000 -0.077 
199.000 -0.077 
200.000 -0.077 
201.000 -0.077 
202.000 -0.077 
203.000 -0.077 
204.000 -0.077 
205.000 -0.077 
206.000 -0.077 
207.000 -0.077 
208.000 -0.077 
209.000 -0.077 
210.000 -0.077 
211.000 -0.077 
212.000 -0.077 
213.000 -0.078 
214.000 -0.078 
215.000 -0.078 
216.000 -0.078 
217.000 -0.078 
218.000 -0.078 
219.000 -0.078 
220.000 -0.078 
221.000 -0.078 
222.000 -0.078 
223.000 -0.078 
224.000 -0.078 
225.000 -0.078 
226.000 -0.078 
227.000 -0.078 
228.000 -0.078 
229.000 -0.078 
230.000 -0.078 
231.000 -0.078 
232.000 -0.078 
233.000 -0.078 
234.000 -0.078 
235.000 -0.078 
236.000 -0.078 
237.000 -0.078 
238.000 -0.078 
239.000 -0.078 
240.000 -0.078 
241.000 -0.078 
242.000 -0.078 
243.000 -0.078 
244.000 -0.078 
245.000 -0.078 
246.000 -0.077 
247.000 -0.072 
248.000 -0.065 
249.000 -0.058 
250.000 -0.054 
251.000 -0.052 
252.000 -0.052 
253.000 -0.053 
254.000 -0.054 
255.000 -0.054 
256.000 -0.053 
257.000 -0.052 
258.000 -0.049 
259.000 -0.046 
260.000 -0.042 
261.000 -0.039 
262.000 -0.036 
263.000 -0.033 
264.000 -0.031 
265.000 -0.029 
266.000 -0.027 
267.000 -0.024 
268.000 -0.022 
269.000 -0.019 
270.000 -0.017 
271.000 -0.014 
272.000 -0.010 
273.000 -0.007 
274.000 -0.004 
275.000 -0.001 
276.000 0.002 
277.000 0.005 
278.000 0.008 
279.000 0.011 
280.000 0.014 
281.000 0.018 
282.000 0.021 
283.000 0.024 
284.000 0.028 
285.000 0.031 
286.000 0.035 
287.000 0.038 
288.000 0.042 
289.000 0.045 
290.000 0.048 
291.000 0.052 
292.000 0.055 
293.000 0.059 
294.000 0.062 
295.000 0.066 
296.000 0.069 
297.000 0.073 
298.000 0.076 
299.000 0.080 
300.000 0.084 
301.000 0.087 
302.000 0.090 
303.000 0.094 
304.000 0.097 
305.000 0.101 
306.000 0.104 
307.000 0.107 
308.000 0.111 
309.000 0.114 
310.000 0.117 
311.000 0.121 
312.000 0.124 
313.000 0.127 
314.000 0.130 
315.000 0.133 
316.000 0.136 
317.000 0.139 
318.000 0.142 
319.000 0.145 
320.000 0.148 
321.000 0.151 
322.000 0.154 
323.000 0.156 
324.000 0.159 
325.000 0.162 
326.000 0.164 
327.000 0.167 
328.000 0.169 
329.000 0.172 
330.000 0.174 
331.000 0.176 
332.000 0.179 
333.000 0.181 
334.000 0.183 
335.000 0.185 
336.000 0.187 
337.000 0.190 
338.000 0.192 
339.000 0.194 
340.000 0.195 
341.000 0.197 
342.000 0.199 
343.000 0.201 
344.000 0.203 
345.000 0.204 
346.000 0.206 
347.000 0.208 
348.000 0.209 
349.000 0.211 
350.000 0.212 
351.000 0.214 
352.000 0.215 
353.000 0.216 
354.000 0.218 
355.000 0.219 
356.000 0.220 
357.000 0.222 
358.000 0.223 
359.000 0.224 
360.000 0.225 
361.000 0.226 
362.000 0.227 
363.000 0.228 
364.000 0.229 
365.000 0.230 
366.000 0.252 
367.000 0.301 
368.000 0.370 
369.000 0.445 
370.000 0.513 
371.000 0.565 
372.000 0.597 
373.000 0.608 
374.000 0.602 
375.000 0.585 
376.000 0.566 
377.000 0.549 
378.000 0.541 
379.000 0.543 
380.000 0.558 
381.000 0.582 
382.000 0.614 
383.000 0.650 
384.000 0.685 
385.000 0.717 
386.000 0.743 
387.000 0.761 
388.000 0.771 
389.000 0.774 
390.000 0.772 
391.000 0.767 
392.000 0.763 
393.000 0.761 
394.000 0.762 
395.000 0.767 
396.000 0.776 
397.000 0.787 
398.000 0.801 
399.000 0.815 
400.000 0.828 
401.000 0.839 
402.000 0.847 
403.000 0.852 
404.000 0.855 
405.000 0.855 
406.000 0.854 
407.000 0.852 
408.000 0.851 
409.000 0.850 
410.000 0.851 
411.000 0.853 
412.000 0.857 
413.000 0.861 
414.000 0.866 
415.000 0.871 
416.000 0.876 
417.000 0.879 
418.000 0.882 
419.000 0.883 
420.000 0.884 
421.000 0.883 
422.000 0.883 
423.000 0.882 
424.000 0.881 
425.000 0.881 
426.000 0.882 
427.000 0.883 
428.000 0.884 
429.000 0.885 
430.000 0.887 
431.000 0.889 
432.000 0.890 
433.000 0.891 
434.000 0.892 
435.000 0.892 
436.000 0.892 
437.000 0.892 
438.000 0.892 
439.000 0.892 
440.000 0.891 
441.000 0.891 
442.000 0.891 
443.000 0.892 
444.000 0.892 
445.000 0.893 
446.000 0.893 
447.000 0.894 
448.000 0.894 
449.000 0.895 
450.000 0.895 
451.000 0.895 
452.000 0.895 
453.000 0.895 
454.000 0.895 
455.000 0.895 
456.000 0.895 
457.000 0.895 
458.000 0.895 
459.000 0.895 
460.000 0.895 
461.000 0.895 
462.000 0.895 
463.000 0.895 
464.000 0.896 
465.000 0.896 
466.000 0.896 
467.000 0.896 
468.000 0.896 
469.000 0.896 
470.000 0.896 
471.000 0.896 
472.000 0.896 
473.000 0.896 
474.000 0.896 
475.000 0.896 
476.000 0.896 
477.000 0.896 
478.000 0.896 
479.000 0.896 
480.000 0.896 
481.000 0.896 
482.000 0.896 
483.000 0.896 
484.000 0.896 
485.000 0.896 
486.000 0.994 
487.000 1.224 
488.000 1.548 
489.000 1.928 
490.000 2.333 
491.000 2.741 
492.000 3.136 
493.000 3.507 
494.000 3.847 
495.000 4.095 
496.000 4.207 
497.000 4.180 
498.000 4.041 
499.000 3.825 
500.000 3.573 
501.000 3.325 
502.000 3.114 
503.000 2.962 
504.000 2.882 
505.000 2.877 
506.000 2.943 
507.000 3.069 
508.000 3.237 
509.000 3.427 
510.000 3.620 
511.000 3.795 
512.000 3.935 
513.000 4.028 
514.000 4.066 
515.000 4.052 
516.000 3.989 
517.000 3.891 
518.000 3.771 
519.000 3.645 
520.000 3.527 
521.000 3.429 
522.000 3.361 
523.000 3.325 
524.000 3.322 
525.000 3.350 
526.000 3.402 
527.000 3.471 
528.000 3.547 
529.000 3.621 
530.000 3.685 
531.000 3.734 
532.000 3.762 
533.000 3.769 
534.000 3.755 
535.000 3.723 
536.000 3.679 
537.000 3.629 
538.000 3.578 
539.000 3.533 
540.000 3.497 
541.000 3.474 
542.000 3.465 
543.000 3.469 
544.000 3.485 
545.000 3.510 
546.000 3.540 
547.000 3.571 
548.000 3.601 
549.000 3.626 
550.000 3.643 
551.000 3.651 
552.000 3.651 
553.000 3.643 
554.000 3.628 
555.000 3.609 
556.000 3.588 
557.000 3.568 
558.000 3.551 
559.000 3.538 
560.000 3.531 
561.000 3.529 
562.000 3.533 
563.000 3.541 
564.000 3.552 
565.000 3.565 
566.000 3.578 
567.000 3.590 
568.000 3.599 
569.000 3.605 
570.000 3.607 
571.000 3.605 
572.000 3.601 
573.000 3.594 
574.000 3.586 
575.000 3.577 
576.000 3.570 
577.000 3.563 
578.000 3.559 
579.000 3.557 
580.000 3.557 
581.000 3.559 
582.000 3.563 
583.000 3.568 
584.000 3.574 
585.000 3.579 
586.000 3.583 
587.000 3.586 
588.000 3.588 
589.000 3.589 
590.000 3.587 
591.000 3.585 
592.000 3.582 
593.000 3.579 
594.000 3.575 
595.000 3.572 
596.000 3.570 
597.000 3.568 
598.000 3.568 
599.000 3.568 
600.000 3.570 
601.000 3.571 
602.000 3.574 
603.000 3.576 
604.000 3.578 
605.000 3.580 
606.000 3.636 
607.000 3.748 
608.000 3.897 
609.000 4.064 
610.000 4.240 
611.000 4.415 
612.000 4.582 
613.000 4.738 
614.000 4.881 
615.000 5.008 
616.000 5.120 
617.000 5.217 
618.000 5.299 
619.000 5.369 
620.000 5.426 
621.000 5.473 
622.000 5.511 
623.000 5.541 
624.000 5.564 
625.000 5.581 
626.000 5.594 
627.000 5.603 
628.000 5.609 
629.000 5.613 
630.000 5.615 
631.000 5.616 
632.000 5.615 
633.000 5.614 
634.000 5.613 
635.000 5.611 
636.000 5.609 
637.000 5.607 
638.000 5.606 
639.000 5.604 
640.000 5.602 
641.000 5.601 
642.000 5.600 
643.000 5.599 
644.000 5.598 
645.000 5.597 
646.000 5.596 
647.000 5.596 
648.000 5.595 
649.000 5.595 
650.000 5.595 
651.000 5.594 
652.000 5.594 
653.000 5.594 
654.000 5.594 
655.000 5.594 
656.000 5.594 
657.000 5.594 
658.000 5.594 
659.000 5.594 
660.000 5.594 
661.000 5.594 
662.000 5.594 
663.000 5.594 
664.000 5.594 
665.000 5.594 
666.000 5.594 
667.000 5.594 
668.000 5.594 
669.000 5.594 
670.000 5.594 
671.000 5.594 
672.000 5.594 
673.000 5.594 
674.000 5.594 
675.000 5.594 
676.000 5.594 
677.000 5.594 
678.000 5.594 
679.000 5.594 
680.000 5.594 
681.000 5.594 
682.000 5.594 
683.000 5.594 
684.000 5.594 
685.000 5.594 
686.000 5.594 
687.000 5.594 
688.000 5.594 
689.000 5.594 
690.000 5.594 
691.000 5.594 
692.000 5.594 
693.000 5.594 
694.000 5.594 
695.000 5.594 
696.000 5.594 
697.000 5.594 
698.000 5.594 
699.000 5.594 
700.000 5.594 
701.000 5.594 
702.000 5.594 
703.000 5.594 
704.000 5.594 
705.000 5.594 
706.000 5.594 
707.000 5.594 
708.000 5.594 
709.000 5.594 
710.000 5.594 
711.000 5.594 
712.000 5.594 
713.000 5.594 
714.000 5.594 
715.000 5.594 
716.000 5.594 
717.000 5.594 
718.000 5.594 
719.000 5.594 
720.000 5.594 
721.000 5.594 
722.000 5.594 
723.000 5.594 
724.000 5.594 
725.000 5.594 
726.000 5.594 
727.000 5.594 
728.000 5.594 
729.000 5.594 
730.000 5.594 
731.000 5.594 
732.000 5.594 
733.000 5.594 
734.000 5.594 
735.000 5.594 
736.000 5.594 
737.000 5.594 
738.000 5.594 
739.000 5.594 
740.000 5.594 
741.000 5.594 
742.000 5.594 
743.000 5.594 
744.000 5.594 
745.000 5.594 
746.000 5.594 
747.000 5.594 
748.000 5.594 
749.000 5.594 
750.000 5.594 
751.000 5.594 
752.000 5.594 
753.000 5.594 
754.000 5.594 
755.000 5.594 
756.000 5.594 
757.000 5.594 
758.000 5.594 
759.000 5.594 
760.000 5.594 
761.000 5.594 
762.000 5.594 
763.000 5.594 
764.000 5.594 
765.000 5.594 
766.000 5.594 
767.000 5.594 
768.000 5.594 
769.000 5.594 
770.000 5.594 
771.000 5.594 
772.000 5.594 
773.000 5.594 
774.000 5.594 
775.000 5.594 
776.000 5.594 
777.000 5.594 
778.000 5.594 
779.000 5.594 
780.000 5.594 
781.000 5.594 
782.000 5.594 
783.000 5.594 
784.000 5.594 
785.000 5.594 
786.000 5.594 
787.000 5.594 
788.000 5.594 
789.000 5.594 
790.000 5.594 
791.000 5.594 
792.000 5.594 
793.000 5.594 
794.000 5.594 
795.000 5.594 
796.000 5.594 
797.000 5.594 
798.000 5.594 
799.000 5.594 
800.000 5.594 
