1.000 0.000 
2.000 0.000 
3.000 0.000 
4.000 0.000 
5.000 0.000 
6.000 0.000 
7.000 0.000 
8.000 0.000 
9.000 0.000 
10.000 0.000 
11.000 0.000 
12.000 -0.002 
13.000 -0.007 
14.000 -0.014 
15.000 -0.019 
16.000 -0.023 
17.000 -0.025 
18.000 -0.025 
19.000 -0.023 
20.000 -0.022 
21.000 -0.020 
22.000 -0.020 
23.000 -0.021 
24.000 -0.023 
25.000 -0.026 
26.000 -0.028 
27.000 -0.031 
28.000 -0.032 
29.000 -0.033 
30.000 -0.034 
31.000 -0.034 
32.000 -0.035 
33.000 -0.035 
34.000 -0.036 
35.000 -0.036 
36.000 -0.038 
37.000 -0.039 
38.000 -0.040 
39.000 -0.041 
40.000 -0.042 
41.000 -0.043 
42.000 -0.044 
43.000 -0.044 
44.000 -0.045 
45.000 -0.045 
46.000 -0.046 
47.000 -0.047 
48.000 -0.048 
49.000 -0.048 
50.000 -0.049 
51.000 -0.050 
52.000 -0.051 
53.000 -0.051 
54.000 -0.052 
55.000 -0.052 
56.000 -0.053 
57.000 -0.054 
58.000 -0.054 
59.000 -0.055 
60.000 -0.055 
61.000 -0.056 
62.000 -0.057 
63.000 -0.057 
64.000 -0.058 
65.000 -0.058 
66.000 -0.059 
67.000 -0.059 
68.000 -0.060 
69.000 -0.060 
70.000 -0.061 
71.000 -0.061 
72.000 -0.062 
73.000 -0.062 
74.000 -0.063 
75.000 -0.063 
76.000 -0.064 
77.000 -0.064 
78.000 -0.065 
79.000 -0.065 
80.000 -0.065 
81.000 -0.066 
82.000 -0.066 
83.000 -0.067 
84.000 -0.067 
85.000 -0.068 
86.000 -0.068 
87.000 -0.068 
88.000 -0.069 
89.000 -0.069 
90.000 -0.069 
91.000 -0.070 
92.000 -0.070 
93.000 -0.071 
94.000 -0.071 
95.000 -0.071 
96.000 -0.072 
97.000 -0.072 
98.000 -0.072 
99.000 -0.073 
100.000 -0.073 
101.000 -0.073 
102.000 -0.074 
103.000 -0.074 
104.000 -0.074 
105.000 -0.075 
106.000 -0.075 
107.000 -0.075 
108.000 -0.076 
109.000 -0.076 
110.000 -0.076 
111.000 -0.076 
112.000 -0.077 
113.000 -0.077 
114.000 -0.077 
115.000 -0.078 
116.000 -0.078 
117.000 -0.078 
118.000 -0.078 
119.000 -0.079 
120.000 -0.079 
121.000 -0.079 
122.000 -0.080 
123.000 -0.080 
124.000 -0.080 
125.000 -0.080 
126.000 -0.080 
127.000 -0.080 
128.000 -0.079 
129.000 -0.078 
130.000 -0.078 
131.000 -0.078 
132.000 -0.078 
133.000 -0.079 
134.000 -0.079 
135.000 -0.080 
136.000 -0.080 
137.000 -0.080 
138.000 -0.080 
139.000 -0.079 
140.000 -0.079 
141.000 -0.079 
142.000 -0.079 
143.000 -0.079 
144.000 -0.079 
145.000 -0.079 
146.000 -0.079 
147.000 -0.079 
148.000 -0.079 
149.000 -0.079 
150.000 -0.079 
151.000 -0.079 
152.000 -0.079 
153.000 -0.079 
154.000 -0.079 
155.000 -0.079 
156.000 -0.079 
157.000 -0.079 
158.000 -0.079 
159.000 -0.079 
160.000 -0.079 
161.000 -0.079 
162.000 -0.079 
163.000 -0.079 
164.000 -0.079 
165.000 -0.079 
166.000 -0.079 
167.000 -0.079 
168.000 -0.079 
169.000 -0.079 
170.000 -0.079 
171.000 -0.079 
172.000 -0.079 
173.000 -0.079 
174.000 -0.079 
175.000 -0.079 
176.000 -0.079 
177.000 -0.079 
178.000 -0.079 
179.000 -0.079 
180.000 -0.079 
181.000 -0.079 
182.000 -0.079 
183.000 -0.079 
184.000 -0.079 
185.000 -0.079 
186.000 -0.079 
187.000 -0.079 
188.000 -0.079 
189.000 -0.079 
190.000 -0.079 
191.000 -0.079 
192.000 -0.079 
193.000 -0.079 
194.000 -0.079 
195.000 -0.079 
196.000 -0.079 
197.000 -0.079 
198.000 -0.079 
199.000 -0.079 
200.000 -0.079 
201.000 -0.079 
202.000 -0.079 
203.000 -0.079 
204.000 -0.079 
205.000 -0.079 
206.000 -0.079 
207.000 -0.079 
208.000 -0.079 
209.000 -0.079 
210.000 -0.079 
211.000 -0.079 
212.000 -0.079 
213.000 -0.079 
214.000 -0.079 
215.000 -0.079 
216.000 -0.079 
217.000 -0.079 
218.000 -0.079 
219.000 -0.079 
220.000 -0.079 
221.000 -0.079 
222.000 -0.079 
223.000 -0.079 
224.000 -0.079 
225.000 -0.079 
226.000 -0.079 
227.000 -0.079 
228.000 -0.079 
229.000 -0.079 
230.000 -0.079 
231.000 -0.079 
232.000 -0.079 
233.000 -0.079 
234.000 -0.079 
235.000 -0.079 
236.000 -0.079 
237.000 -0.079 
238.000 -0.079 
239.000 -0.079 
240.000 -0.079 
241.000 -0.079 
242.000 -0.079 
243.000 -0.079 
244.000 -0.079 
245.000 -0.079 
246.000 -0.078 
247.000 -0.072 
248.000 -0.063 
249.000 -0.055 
250.000 -0.050 
251.000 -0.048 
252.000 -0.049 
253.000 -0.051 
254.000 -0.054 
255.000 -0.055 
256.000 -0.055 
257.000 -0.053 
258.000 -0.049 
259.000 -0.044 
260.000 -0.038 
261.000 -0.034 
262.000 -0.030 
263.000 -0.027 
264.000 -0.026 
265.000 -0.024 
266.000 -0.023 
267.000 -0.022 
268.000 -0.019 
269.000 -0.016 
270.000 -0.012 
271.000 -0.008 
272.000 -0.004 
273.000 0.000 
274.000 0.004 
275.000 0.008 
276.000 0.011 
277.000 0.014 
278.000 0.016 
279.000 0.019 
280.000 0.023 
281.000 0.026 
282.000 0.030 
283.000 0.034 
284.000 0.039 
285.000 0.043 
286.000 0.047 
287.000 0.051 
288.000 0.054 
289.000 0.058 
290.000 0.061 
291.000 0.065 
292.000 0.069 
293.000 0.072 
294.000 0.076 
295.000 0.080 
296.000 0.084 
297.000 0.088 
298.000 0.092 
299.000 0.096 
300.000 0.099 
301.000 0.103 
302.000 0.107 
303.000 0.110 
304.000 0.114 
305.000 0.117 
306.000 0.121 
307.000 0.124 
308.000 0.128 
309.000 0.131 
310.000 0.134 
311.000 0.138 
312.000 0.141 
313.000 0.144 
314.000 0.147 
315.000 0.150 
316.000 0.153 
317.000 0.156 
318.000 0.159 
319.000 0.162 
320.000 0.165 
321.000 0.167 
322.000 0.170 
323.000 0.173 
324.000 0.175 
325.000 0.178 
326.000 0.180 
327.000 0.183 
328.000 0.185 
329.000 0.187 
330.000 0.190 
331.000 0.192 
332.000 0.194 
333.000 0.196 
334.000 0.198 
335.000 0.200 
336.000 0.202 
337.000 0.204 
338.000 0.206 
339.000 0.207 
340.000 0.209 
341.000 0.211 
342.000 0.212 
343.000 0.214 
344.000 0.215 
345.000 0.217 
346.000 0.218 
347.000 0.220 
348.000 0.221 
349.000 0.222 
350.000 0.224 
351.000 0.225 
352.000 0.226 
353.000 0.227 
354.000 0.228 
355.000 0.229 
356.000 0.230 
357.000 0.231 
358.000 0.232 
359.000 0.233 
360.000 0.234 
361.000 0.235 
362.000 0.236 
363.000 0.237 
364.000 0.238 
365.000 0.238 
366.000 0.263 
367.000 0.323 
368.000 0.409 
369.000 0.504 
370.000 0.591 
371.000 0.654 
372.000 0.685 
373.000 0.682 
374.000 0.652 
375.000 0.609 
376.000 0.564 
377.000 0.528 
378.000 0.511 
379.000 0.515 
380.000 0.542 
381.000 0.588 
382.000 0.647 
383.000 0.709 
384.000 0.767 
385.000 0.811 
386.000 0.838 
387.000 0.844 
388.000 0.832 
389.000 0.808 
390.000 0.779 
391.000 0.751 
392.000 0.731 
393.000 0.724 
394.000 0.730 
395.000 0.748 
396.000 0.777 
397.000 0.811 
398.000 0.846 
399.000 0.876 
400.000 0.896 
401.000 0.905 
402.000 0.903 
403.000 0.891 
404.000 0.873 
405.000 0.853 
406.000 0.835 
407.000 0.823 
408.000 0.818 
409.000 0.822 
410.000 0.834 
411.000 0.851 
412.000 0.870 
413.000 0.889 
414.000 0.904 
415.000 0.914 
416.000 0.917 
417.000 0.913 
418.000 0.904 
419.000 0.892 
420.000 0.879 
421.000 0.868 
422.000 0.861 
423.000 0.858 
424.000 0.861 
425.000 0.868 
426.000 0.878 
427.000 0.889 
428.000 0.900 
429.000 0.908 
430.000 0.913 
431.000 0.913 
432.000 0.910 
433.000 0.904 
434.000 0.896 
435.000 0.888 
436.000 0.881 
437.000 0.877 
438.000 0.876 
439.000 0.878 
440.000 0.882 
441.000 0.889 
442.000 0.895 
443.000 0.901 
444.000 0.906 
445.000 0.908 
446.000 0.908 
447.000 0.905 
448.000 0.901 
449.000 0.896 
450.000 0.891 
451.000 0.887 
452.000 0.885 
453.000 0.885 
454.000 0.886 
455.000 0.889 
456.000 0.893 
457.000 0.897 
458.000 0.900 
459.000 0.903 
460.000 0.904 
461.000 0.903 
462.000 0.901 
463.000 0.899 
464.000 0.896 
465.000 0.893 
466.000 0.891 
467.000 0.890 
468.000 0.890 
469.000 0.891 
470.000 0.892 
471.000 0.895 
472.000 0.897 
473.000 0.899 
474.000 0.900 
475.000 0.901 
476.000 0.900 
477.000 0.899 
478.000 0.897 
479.000 0.896 
480.000 0.894 
481.000 0.893 
482.000 0.892 
483.000 0.892 
484.000 0.893 
485.000 0.894 
486.000 1.006 
487.000 1.253 
488.000 1.589 
489.000 1.975 
490.000 2.383 
491.000 2.791 
492.000 3.184 
493.000 3.551 
494.000 3.888 
495.000 4.189 
496.000 4.455 
497.000 4.612 
498.000 4.587 
499.000 4.378 
500.000 4.043 
501.000 3.656 
502.000 3.286 
503.000 2.984 
504.000 2.784 
505.000 2.705 
506.000 2.747 
507.000 2.882 
508.000 3.078 
509.000 3.310 
510.000 3.559 
511.000 3.811 
512.000 4.056 
513.000 4.286 
514.000 4.498 
515.000 4.640 
516.000 4.664 
517.000 4.555 
518.000 4.334 
519.000 4.041 
520.000 3.723 
521.000 3.426 
522.000 3.185 
523.000 3.026 
524.000 2.961 
525.000 2.991 
526.000 3.105 
527.000 3.278 
528.000 3.486 
529.000 3.712 
530.000 3.937 
531.000 4.134 
532.000 4.272 
533.000 4.336 
534.000 4.319 
535.000 4.228 
536.000 4.078 
537.000 3.893 
538.000 3.700 
539.000 3.522 
540.000 3.381 
541.000 3.291 
542.000 3.258 
543.000 3.281 
544.000 3.355 
545.000 3.465 
546.000 3.596 
547.000 3.729 
548.000 3.845 
549.000 3.929 
550.000 3.969 
551.000 3.961 
552.000 3.906 
553.000 3.814 
554.000 3.697 
555.000 3.574 
556.000 3.460 
557.000 3.370 
558.000 3.313 
559.000 3.294 
560.000 3.314 
561.000 3.369 
562.000 3.449 
563.000 3.543 
564.000 3.639 
565.000 3.725 
566.000 3.788 
567.000 3.821 
568.000 3.821 
569.000 3.790 
570.000 3.732 
571.000 3.657 
572.000 3.575 
573.000 3.499 
574.000 3.436 
575.000 3.396 
576.000 3.382 
577.000 3.394 
578.000 3.429 
579.000 3.483 
580.000 3.547 
581.000 3.612 
582.000 3.671 
583.000 3.715 
584.000 3.739 
585.000 3.741 
586.000 3.722 
587.000 3.684 
588.000 3.634 
589.000 3.580 
590.000 3.527 
591.000 3.484 
592.000 3.455 
593.000 3.444 
594.000 3.450 
595.000 3.473 
596.000 3.509 
597.000 3.552 
598.000 3.596 
599.000 3.636 
600.000 3.667 
601.000 3.685 
602.000 3.687 
603.000 3.675 
604.000 3.651 
605.000 3.618 
606.000 3.645 
607.000 3.737 
608.000 3.871 
609.000 4.029 
610.000 4.200 
611.000 4.372 
612.000 4.540 
613.000 4.697 
614.000 4.842 
615.000 4.973 
616.000 5.088 
617.000 5.189 
618.000 5.275 
619.000 5.348 
620.000 5.409 
621.000 5.459 
622.000 5.499 
623.000 5.531 
624.000 5.556 
625.000 5.576 
626.000 5.590 
627.000 5.600 
628.000 5.607 
629.000 5.612 
630.000 5.614 
631.000 5.615 
632.000 5.615 
633.000 5.614 
634.000 5.613 
635.000 5.612 
636.000 5.610 
637.000 5.608 
638.000 5.606 
639.000 5.604 
640.000 5.603 
641.000 5.601 
642.000 5.600 
643.000 5.599 
644.000 5.598 
645.000 5.597 
646.000 5.596 
647.000 5.596 
648.000 5.595 
649.000 5.595 
650.000 5.595 
651.000 5.594 
652.000 5.594 
653.000 5.594 
654.000 5.594 
655.000 5.594 
656.000 5.594 
657.000 5.594 
658.000 5.594 
659.000 5.594 
660.000 5.594 
661.000 5.594 
662.000 5.594 
663.000 5.594 
664.000 5.594 
665.000 5.594 
666.000 5.594 
667.000 5.594 
668.000 5.594 
669.000 5.594 
670.000 5.594 
671.000 5.594 
672.000 5.594 
673.000 5.594 
674.000 5.594 
675.000 5.594 
676.000 5.594 
677.000 5.594 
678.000 5.594 
679.000 5.594 
680.000 5.594 
681.000 5.594 
682.000 5.594 
683.000 5.594 
684.000 5.594 
685.000 5.594 
686.000 5.594 
687.000 5.594 
688.000 5.594 
689.000 5.594 
690.000 5.594 
691.000 5.594 
692.000 5.594 
693.000 5.594 
694.000 5.594 
695.000 5.594 
696.000 5.594 
697.000 5.594 
698.000 5.594 
699.000 5.594 
700.000 5.594 
701.000 5.594 
702.000 5.594 
703.000 5.594 
704.000 5.594 
705.000 5.594 
706.000 5.594 
707.000 5.594 
708.000 5.594 
709.000 5.594 
710.000 5.594 
711.000 5.594 
712.000 5.594 
713.000 5.594 
714.000 5.594 
715.000 5.594 
716.000 5.594 
717.000 5.594 
718.000 5.594 
719.000 5.594 
720.000 5.594 
721.000 5.594 
722.000 5.594 
723.000 5.594 
724.000 5.594 
725.000 5.594 
726.000 5.594 
727.000 5.594 
728.000 5.594 
729.000 5.594 
730.000 5.594 
731.000 5.594 
732.000 5.594 
733.000 5.594 
734.000 5.594 
735.000 5.594 
736.000 5.594 
737.000 5.594 
738.000 5.594 
739.000 5.594 
740.000 5.594 
741.000 5.594 
742.000 5.594 
743.000 5.594 
744.000 5.594 
745.000 5.594 
746.000 5.594 
747.000 5.594 
748.000 5.594 
749.000 5.594 
750.000 5.594 
751.000 5.594 
752.000 5.594 
753.000 5.594 
754.000 5.594 
755.000 5.594 
756.000 5.594 
757.000 5.594 
758.000 5.594 
759.000 5.594 
760.000 5.594 
761.000 5.594 
762.000 5.594 
763.000 5.594 
764.000 5.594 
765.000 5.594 
766.000 5.594 
767.000 5.594 
768.000 5.594 
769.000 5.594 
770.000 5.594 
771.000 5.594 
772.000 5.594 
773.000 5.594 
774.000 5.594 
775.000 5.594 
776.000 5.594 
777.000 5.594 
778.000 5.594 
779.000 5.594 
780.000 5.594 
781.000 5.594 
782.000 5.594 
783.000 5.594 
784.000 5.594 
785.000 5.594 
786.000 5.594 
787.000 5.594 
788.000 5.594 
789.000 5.594 
790.000 5.594 
791.000 5.594 
792.000 5.594 
793.000 5.594 
794.000 5.594 
795.000 5.594 
796.000 5.594 
797.000 5.594 
798.000 5.594 
799.000 5.594 
800.000 5.594 
