1.000 0.000 
2.000 0.000 
3.000 0.000 
4.000 0.000 
5.000 0.000 
6.000 0.000 
7.000 0.000 
8.000 0.000 
9.000 0.000 
10.000 0.000 
11.000 0.000 
12.000 -0.001 
13.000 -0.004 
14.000 -0.008 
15.000 -0.012 
16.000 -0.015 
17.000 -0.018 
18.000 -0.020 
19.000 -0.021 
20.000 -0.021 
21.000 -0.021 
22.000 -0.021 
23.000 -0.021 
24.000 -0.021 
25.000 -0.022 
26.000 -0.023 
27.000 -0.024 
28.000 -0.026 
29.000 -0.027 
30.000 -0.028 
31.000 -0.030 
32.000 -0.031 
33.000 -0.032 
34.000 -0.033 
35.000 -0.033 
36.000 -0.034 
37.000 -0.035 
38.000 -0.035 
39.000 -0.036 
40.000 -0.037 
41.000 -0.038 
42.000 -0.038 
43.000 -0.039 
44.000 -0.040 
45.000 -0.041 
46.000 -0.042 
47.000 -0.042 
48.000 -0.043 
49.000 -0.044 
50.000 -0.044 
51.000 -0.045 
52.000 -0.046 
53.000 -0.046 
54.000 -0.047 
55.000 -0.047 
56.000 -0.048 
57.000 -0.049 
58.000 -0.049 
59.000 -0.050 
60.000 -0.050 
61.000 -0.051 
62.000 -0.052 
63.000 -0.052 
64.000 -0.053 
65.000 -0.053 
66.000 -0.054 
67.000 -0.054 
68.000 -0.055 
69.000 -0.055 
70.000 -0.056 
71.000 -0.056 
72.000 -0.057 
73.000 -0.057 
74.000 -0.058 
75.000 -0.058 
76.000 -0.059 
77.000 -0.059 
78.000 -0.060 
79.000 -0.060 
80.000 -0.060 
81.000 -0.061 
82.000 -0.061 
83.000 -0.062 
84.000 -0.062 
85.000 -0.062 
86.000 -0.063 
87.000 -0.063 
88.000 -0.064 
89.000 -0.064 
90.000 -0.064 
91.000 -0.065 
92.000 -0.065 
93.000 -0.066 
94.000 -0.066 
95.000 -0.066 
96.000 -0.067 
97.000 -0.067 
98.000 -0.067 
99.000 -0.068 
100.000 -0.068 
101.000 -0.068 
102.000 -0.069 
103.000 -0.069 
104.000 -0.069 
105.000 -0.070 
106.000 -0.070 
107.000 -0.070 
108.000 -0.071 
109.000 -0.071 
110.000 -0.071 
111.000 -0.072 
112.000 -0.072 
113.000 -0.072 
114.000 -0.073 
115.000 -0.073 
116.000 -0.073 
117.000 -0.073 
118.000 -0.074 
119.000 -0.074 
120.000 -0.074 
121.000 -0.074 
122.000 -0.075 
123.000 -0.075 
124.000 -0.075 
125.000 -0.076 
126.000 -0.076 
127.000 -0.075 
128.000 -0.075 
129.000 -0.075 
130.000 -0.074 
131.000 -0.074 
132.000 -0.074 
133.000 -0.074 
134.000 -0.074 
135.000 -0.074 
136.000 -0.075 
137.000 -0.075 
138.000 -0.075 
139.000 -0.075 
140.000 -0.075 
141.000 -0.075 
142.000 -0.075 
143.000 -0.075 
144.000 -0.075 
145.000 -0.075 
146.000 -0.075 
147.000 -0.075 
148.000 -0.075 
149.000 -0.075 
150.000 -0.075 
151.000 -0.075 
152.000 -0.075 
153.000 -0.075 
154.000 -0.075 
155.000 -0.075 
156.000 -0.075 
157.000 -0.075 
158.000 -0.075 
159.000 -0.075 
160.000 -0.075 
161.000 -0.075 
162.000 -0.075 
163.000 -0.075 
164.000 -0.075 
165.000 -0.075 
166.000 -0.075 
167.000 -0.075 
168.000 -0.075 
169.000 -0.075 
170.000 -0.075 
171.000 -0.075 
172.000 -0.075 
173.000 -0.076 
174.000 -0.076 
175.000 -0.076 
176.000 -0.076 
177.000 -0.076 
178.000 -0.076 
179.000 -0.076 
180.000 -0.076 
181.000 -0.076 
182.000 -0.076 
183.000 -0.076 
184.000 -0.076 
185.000 -0.076 
186.000 -0.076 
187.000 -0.076 
188.000 -0.076 
189.000 -0.076 
190.000 -0.076 
191.000 -0.076 
192.000 -0.076 
193.000 -0.076 
194.000 -0.076 
195.000 -0.076 
196.000 -0.076 
197.000 -0.076 
198.000 -0.076 
199.000 -0.076 
200.000 -0.076 
201.000 -0.076 
202.000 -0.076 
203.000 -0.076 
204.000 -0.076 
205.000 -0.076 
206.000 -0.076 
207.000 -0.076 
208.000 -0.076 
209.000 -0.076 
210.000 -0.076 
211.000 -0.076 
212.000 -0.076 
213.000 -0.076 
214.000 -0.076 
215.000 -0.076 
216.000 -0.076 
217.000 -0.076 
218.000 -0.076 
219.000 -0.076 
220.000 -0.076 
221.000 -0.076 
222.000 -0.076 
223.000 -0.076 
224.000 -0.076 
225.000 -0.076 
226.000 -0.076 
227.000 -0.076 
228.000 -0.076 
229.000 -0.076 
230.000 -0.076 
231.000 -0.076 
232.000 -0.076 
233.000 -0.076 
234.000 -0.077 
235.000 -0.077 
236.000 -0.077 
237.000 -0.077 
238.000 -0.077 
239.000 -0.077 
240.000 -0.077 
241.000 -0.077 
242.000 -0.077 
243.000 -0.077 
244.000 -0.077 
245.000 -0.077 
246.000 -0.076 
247.000 -0.073 
248.000 -0.068 
249.000 -0.063 
250.000 -0.059 
251.000 -0.055 
252.000 -0.052 
253.000 -0.051 
254.000 -0.051 
255.000 -0.051 
256.000 -0.051 
257.000 -0.051 
258.000 -0.050 
259.000 -0.048 
260.000 -0.046 
261.000 -0.043 
262.000 -0.040 
263.000 -0.037 
264.000 -0.034 
265.000 -0.031 
266.000 -0.029 
267.000 -0.026 
268.000 -0.024 
269.000 -0.022 
270.000 -0.019 
271.000 -0.017 
272.000 -0.015 
273.000 -0.012 
274.000 -0.010 
275.000 -0.007 
276.000 -0.004 
277.000 -0.001 
278.000 0.002 
279.000 0.006 
280.000 0.009 
281.000 0.012 
282.000 0.015 
283.000 0.018 
284.000 0.021 
285.000 0.024 
286.000 0.027 
287.000 0.030 
288.000 0.033 
289.000 0.037 
290.000 0.040 
291.000 0.043 
292.000 0.046 
293.000 0.050 
294.000 0.053 
295.000 0.056 
296.000 0.060 
297.000 0.063 
298.000 0.066 
299.000 0.070 
300.000 0.073 
301.000 0.076 
302.000 0.080 
303.000 0.083 
304.000 0.086 
305.000 0.090 
306.000 0.093 
307.000 0.096 
308.000 0.099 
309.000 0.103 
310.000 0.106 
311.000 0.109 
312.000 0.112 
313.000 0.115 
314.000 0.118 
315.000 0.121 
316.000 0.124 
317.000 0.127 
318.000 0.130 
319.000 0.133 
320.000 0.136 
321.000 0.139 
322.000 0.142 
323.000 0.145 
324.000 0.147 
325.000 0.150 
326.000 0.153 
327.000 0.155 
328.000 0.158 
329.000 0.160 
330.000 0.163 
331.000 0.165 
332.000 0.168 
333.000 0.170 
334.000 0.172 
335.000 0.175 
336.000 0.177 
337.000 0.179 
338.000 0.181 
339.000 0.183 
340.000 0.185 
341.000 0.187 
342.000 0.189 
343.000 0.191 
344.000 0.193 
345.000 0.195 
346.000 0.197 
347.000 0.199 
348.000 0.200 
349.000 0.202 
350.000 0.204 
351.000 0.205 
352.000 0.207 
353.000 0.208 
354.000 0.210 
355.000 0.211 
356.000 0.213 
357.000 0.214 
358.000 0.215 
359.000 0.217 
360.000 0.218 
361.000 0.219 
362.000 0.220 
363.000 0.221 
364.000 0.223 
365.000 0.224 
366.000 0.236 
367.000 0.267 
368.000 0.314 
369.000 0.372 
370.000 0.434 
371.000 0.492 
372.000 0.541 
373.000 0.576 
374.000 0.597 
375.000 0.604 
376.000 0.599 
377.000 0.588 
378.000 0.574 
379.000 0.563 
380.000 0.556 
381.000 0.557 
382.000 0.566 
383.000 0.583 
384.000 0.607 
385.000 0.636 
386.000 0.668 
387.000 0.699 
388.000 0.728 
389.000 0.752 
390.000 0.771 
391.000 0.783 
392.000 0.789 
393.000 0.790 
394.000 0.788 
395.000 0.784 
396.000 0.779 
397.000 0.776 
398.000 0.775 
399.000 0.778 
400.000 0.783 
401.000 0.792 
402.000 0.803 
403.000 0.815 
404.000 0.827 
405.000 0.839 
406.000 0.849 
407.000 0.858 
408.000 0.863 
409.000 0.866 
410.000 0.867 
411.000 0.866 
412.000 0.864 
413.000 0.862 
414.000 0.860 
415.000 0.858 
416.000 0.858 
417.000 0.858 
418.000 0.861 
419.000 0.864 
420.000 0.868 
421.000 0.873 
422.000 0.877 
423.000 0.881 
424.000 0.885 
425.000 0.888 
426.000 0.889 
427.000 0.890 
428.000 0.889 
429.000 0.889 
430.000 0.887 
431.000 0.886 
432.000 0.885 
433.000 0.884 
434.000 0.884 
435.000 0.884 
436.000 0.885 
437.000 0.886 
438.000 0.888 
439.000 0.890 
440.000 0.891 
441.000 0.893 
442.000 0.894 
443.000 0.895 
444.000 0.895 
445.000 0.895 
446.000 0.895 
447.000 0.894 
448.000 0.894 
449.000 0.893 
450.000 0.893 
451.000 0.892 
452.000 0.892 
453.000 0.892 
454.000 0.893 
455.000 0.893 
456.000 0.894 
457.000 0.894 
458.000 0.895 
459.000 0.895 
460.000 0.896 
461.000 0.896 
462.000 0.896 
463.000 0.896 
464.000 0.896 
465.000 0.896 
466.000 0.895 
467.000 0.895 
468.000 0.895 
469.000 0.895 
470.000 0.895 
471.000 0.895 
472.000 0.895 
473.000 0.895 
474.000 0.895 
475.000 0.896 
476.000 0.896 
477.000 0.896 
478.000 0.896 
479.000 0.896 
480.000 0.896 
481.000 0.896 
482.000 0.896 
483.000 0.896 
484.000 0.896 
485.000 0.896 
486.000 0.957 
487.000 1.117 
488.000 1.379 
489.000 1.719 
490.000 2.104 
491.000 2.506 
492.000 2.905 
493.000 3.287 
494.000 3.637 
495.000 3.926 
496.000 4.134 
497.000 4.247 
498.000 4.267 
499.000 4.201 
500.000 4.066 
501.000 3.885 
502.000 3.683 
503.000 3.483 
504.000 3.305 
505.000 3.165 
506.000 3.074 
507.000 3.035 
508.000 3.049 
509.000 3.111 
510.000 3.213 
511.000 3.344 
512.000 3.492 
513.000 3.644 
514.000 3.785 
515.000 3.905 
516.000 3.992 
517.000 4.042 
518.000 4.051 
519.000 4.019 
520.000 3.952 
521.000 3.858 
522.000 3.746 
523.000 3.629 
524.000 3.515 
525.000 3.417 
526.000 3.340 
527.000 3.290 
528.000 3.269 
529.000 3.277 
530.000 3.311 
531.000 3.367 
532.000 3.438 
533.000 3.518 
534.000 3.598 
535.000 3.673 
536.000 3.736 
537.000 3.781 
538.000 3.806 
539.000 3.810 
540.000 3.794 
541.000 3.759 
542.000 3.711 
543.000 3.654 
544.000 3.594 
545.000 3.536 
546.000 3.486 
547.000 3.448 
548.000 3.423 
549.000 3.414 
550.000 3.419 
551.000 3.438 
552.000 3.468 
553.000 3.506 
554.000 3.547 
555.000 3.589 
556.000 3.628 
557.000 3.660 
558.000 3.682 
559.000 3.694 
560.000 3.695 
561.000 3.686 
562.000 3.668 
563.000 3.642 
564.000 3.613 
565.000 3.582 
566.000 3.553 
567.000 3.527 
568.000 3.508 
569.000 3.496 
570.000 3.491 
571.000 3.495 
572.000 3.505 
573.000 3.521 
574.000 3.541 
575.000 3.563 
576.000 3.584 
577.000 3.604 
578.000 3.620 
579.000 3.631 
580.000 3.637 
581.000 3.637 
582.000 3.632 
583.000 3.622 
584.000 3.609 
585.000 3.593 
586.000 3.578 
587.000 3.563 
588.000 3.550 
589.000 3.540 
590.000 3.534 
591.000 3.532 
592.000 3.534 
593.000 3.540 
594.000 3.548 
595.000 3.559 
596.000 3.570 
597.000 3.581 
598.000 3.591 
599.000 3.599 
600.000 3.605 
601.000 3.608 
602.000 3.607 
603.000 3.605 
604.000 3.599 
605.000 3.592 
606.000 3.641 
607.000 3.748 
608.000 3.893 
609.000 4.058 
610.000 4.232 
611.000 4.406 
612.000 4.573 
613.000 4.729 
614.000 4.872 
615.000 5.000 
616.000 5.113 
617.000 5.210 
618.000 5.294 
619.000 5.364 
620.000 5.422 
621.000 5.470 
622.000 5.508 
623.000 5.538 
624.000 5.562 
625.000 5.580 
626.000 5.593 
627.000 5.603 
628.000 5.609 
629.000 5.613 
630.000 5.615 
631.000 5.616 
632.000 5.615 
633.000 5.614 
634.000 5.613 
635.000 5.611 
636.000 5.609 
637.000 5.607 
638.000 5.606 
639.000 5.604 
640.000 5.602 
641.000 5.601 
642.000 5.600 
643.000 5.599 
644.000 5.598 
645.000 5.597 
646.000 5.596 
647.000 5.596 
648.000 5.595 
649.000 5.595 
650.000 5.595 
651.000 5.594 
652.000 5.594 
653.000 5.594 
654.000 5.594 
655.000 5.594 
656.000 5.594 
657.000 5.594 
658.000 5.594 
659.000 5.594 
660.000 5.594 
661.000 5.594 
662.000 5.594 
663.000 5.594 
664.000 5.594 
665.000 5.594 
666.000 5.594 
667.000 5.594 
668.000 5.594 
669.000 5.594 
670.000 5.594 
671.000 5.594 
672.000 5.594 
673.000 5.594 
674.000 5.594 
675.000 5.594 
676.000 5.594 
677.000 5.594 
678.000 5.594 
679.000 5.594 
680.000 5.594 
681.000 5.594 
682.000 5.594 
683.000 5.594 
684.000 5.594 
685.000 5.594 
686.000 5.594 
687.000 5.594 
688.000 5.594 
689.000 5.594 
690.000 5.594 
691.000 5.594 
692.000 5.594 
693.000 5.594 
694.000 5.594 
695.000 5.594 
696.000 5.594 
697.000 5.594 
698.000 5.594 
699.000 5.594 
700.000 5.594 
701.000 5.594 
702.000 5.594 
703.000 5.594 
704.000 5.594 
705.000 5.594 
706.000 5.594 
707.000 5.594 
708.000 5.594 
709.000 5.594 
710.000 5.594 
711.000 5.594 
712.000 5.594 
713.000 5.594 
714.000 5.594 
715.000 5.594 
716.000 5.594 
717.000 5.594 
718.000 5.594 
719.000 5.594 
720.000 5.594 
721.000 5.594 
722.000 5.594 
723.000 5.594 
724.000 5.594 
725.000 5.594 
726.000 5.594 
727.000 5.594 
728.000 5.594 
729.000 5.594 
730.000 5.594 
731.000 5.594 
732.000 5.594 
733.000 5.594 
734.000 5.594 
735.000 5.594 
736.000 5.594 
737.000 5.594 
738.000 5.594 
739.000 5.594 
740.000 5.594 
741.000 5.594 
742.000 5.594 
743.000 5.594 
744.000 5.594 
745.000 5.594 
746.000 5.594 
747.000 5.594 
748.000 5.594 
749.000 5.594 
750.000 5.594 
751.000 5.594 
752.000 5.594 
753.000 5.594 
754.000 5.594 
755.000 5.594 
756.000 5.594 
757.000 5.594 
758.000 5.594 
759.000 5.594 
760.000 5.594 
761.000 5.594 
762.000 5.594 
763.000 5.594 
764.000 5.594 
765.000 5.594 
766.000 5.594 
767.000 5.594 
768.000 5.594 
769.000 5.594 
770.000 5.594 
771.000 5.594 
772.000 5.594 
773.000 5.594 
774.000 5.594 
775.000 5.594 
776.000 5.594 
777.000 5.594 
778.000 5.594 
779.000 5.594 
780.000 5.594 
781.000 5.594 
782.000 5.594 
783.000 5.594 
784.000 5.594 
785.000 5.594 
786.000 5.594 
787.000 5.594 
788.000 5.594 
789.000 5.594 
790.000 5.594 
791.000 5.594 
792.000 5.594 
793.000 5.594 
794.000 5.594 
795.000 5.594 
796.000 5.594 
797.000 5.594 
798.000 5.594 
799.000 5.594 
800.000 5.594 
