1.000 0.000 
2.000 0.000 
3.000 0.000 
4.000 0.000 
5.000 0.000 
6.000 0.000 
7.000 0.000 
8.000 0.000 
9.000 0.000 
10.000 0.000 
11.000 0.000 
12.000 -0.000 
13.000 -0.001 
14.000 -0.003 
15.000 -0.005 
16.000 -0.007 
17.000 -0.009 
18.000 -0.011 
19.000 -0.012 
20.000 -0.014 
21.000 -0.015 
22.000 -0.015 
23.000 -0.016 
24.000 -0.017 
25.000 -0.017 
26.000 -0.018 
27.000 -0.019 
28.000 -0.019 
29.000 -0.020 
30.000 -0.021 
31.000 -0.021 
32.000 -0.022 
33.000 -0.023 
34.000 -0.024 
35.000 -0.025 
36.000 -0.025 
37.000 -0.026 
38.000 -0.027 
39.000 -0.028 
40.000 -0.028 
41.000 -0.029 
42.000 -0.030 
43.000 -0.030 
44.000 -0.031 
45.000 -0.032 
46.000 -0.032 
47.000 -0.033 
48.000 -0.034 
49.000 -0.034 
50.000 -0.035 
51.000 -0.035 
52.000 -0.036 
53.000 -0.037 
54.000 -0.037 
55.000 -0.038 
56.000 -0.038 
57.000 -0.039 
58.000 -0.039 
59.000 -0.040 
60.000 -0.041 
61.000 -0.041 
62.000 -0.042 
63.000 -0.042 
64.000 -0.043 
65.000 -0.043 
66.000 -0.044 
67.000 -0.044 
68.000 -0.045 
69.000 -0.045 
70.000 -0.046 
71.000 -0.046 
72.000 -0.047 
73.000 -0.047 
74.000 -0.047 
75.000 -0.048 
76.000 -0.048 
77.000 -0.049 
78.000 -0.049 
79.000 -0.050 
80.000 -0.050 
81.000 -0.050 
82.000 -0.051 
83.000 -0.051 
84.000 -0.052 
85.000 -0.052 
86.000 -0.053 
87.000 -0.053 
88.000 -0.053 
89.000 -0.054 
90.000 -0.054 
91.000 -0.054 
92.000 -0.055 
93.000 -0.055 
94.000 -0.056 
95.000 -0.056 
96.000 -0.056 
97.000 -0.057 
98.000 -0.057 
99.000 -0.057 
100.000 -0.058 
101.000 -0.058 
102.000 -0.058 
103.000 -0.059 
104.000 -0.059 
105.000 -0.059 
106.000 -0.060 
107.000 -0.060 
108.000 -0.060 
109.000 -0.061 
110.000 -0.061 
111.000 -0.061 
112.000 -0.062 
113.000 -0.062 
114.000 -0.062 
115.000 -0.062 
116.000 -0.063 
117.000 -0.063 
118.000 -0.063 
119.000 -0.064 
120.000 -0.064 
121.000 -0.064 
122.000 -0.064 
123.000 -0.065 
124.000 -0.065 
125.000 -0.065 
126.000 -0.066 
127.000 -0.066 
128.000 -0.066 
129.000 -0.065 
130.000 -0.065 
131.000 -0.065 
132.000 -0.065 
133.000 -0.065 
134.000 -0.065 
135.000 -0.065 
136.000 -0.065 
137.000 -0.065 
138.000 -0.065 
139.000 -0.065 
140.000 -0.065 
141.000 -0.066 
142.000 -0.066 
143.000 -0.066 
144.000 -0.066 
145.000 -0.066 
146.000 -0.066 
147.000 -0.066 
148.000 -0.066 
149.000 -0.066 
150.000 -0.066 
151.000 -0.066 
152.000 -0.066 
153.000 -0.066 
154.000 -0.066 
155.000 -0.066 
156.000 -0.066 
157.000 -0.066 
158.000 -0.066 
159.000 -0.067 
160.000 -0.067 
161.000 -0.067 
162.000 -0.067 
163.000 -0.067 
164.000 -0.067 
165.000 -0.067 
166.000 -0.067 
167.000 -0.067 
168.000 -0.067 
169.000 -0.067 
170.000 -0.067 
171.000 -0.067 
172.000 -0.067 
173.000 -0.067 
174.000 -0.067 
175.000 -0.067 
176.000 -0.067 
177.000 -0.067 
178.000 -0.067 
179.000 -0.067 
180.000 -0.067 
181.000 -0.068 
182.000 -0.068 
183.000 -0.068 
184.000 -0.068 
185.000 -0.068 
186.000 -0.068 
187.000 -0.068 
188.000 -0.068 
189.000 -0.068 
190.000 -0.068 
191.000 -0.068 
192.000 -0.068 
193.000 -0.068 
194.000 -0.068 
195.000 -0.068 
196.000 -0.068 
197.000 -0.068 
198.000 -0.068 
199.000 -0.068 
200.000 -0.068 
201.000 -0.068 
202.000 -0.068 
203.000 -0.068 
204.000 -0.068 
205.000 -0.069 
206.000 -0.069 
207.000 -0.069 
208.000 -0.069 
209.000 -0.069 
210.000 -0.069 
211.000 -0.069 
212.000 -0.069 
213.000 -0.069 
214.000 -0.069 
215.000 -0.069 
216.000 -0.069 
217.000 -0.069 
218.000 -0.069 
219.000 -0.069 
220.000 -0.069 
221.000 -0.069 
222.000 -0.069 
223.000 -0.069 
224.000 -0.069 
225.000 -0.069 
226.000 -0.069 
227.000 -0.069 
228.000 -0.069 
229.000 -0.069 
230.000 -0.069 
231.000 -0.069 
232.000 -0.070 
233.000 -0.070 
234.000 -0.070 
235.000 -0.070 
236.000 -0.070 
237.000 -0.070 
238.000 -0.070 
239.000 -0.070 
240.000 -0.070 
241.000 -0.070 
242.000 -0.070 
243.000 -0.070 
244.000 -0.070 
245.000 -0.070 
246.000 -0.070 
247.000 -0.069 
248.000 -0.067 
249.000 -0.064 
250.000 -0.062 
251.000 -0.059 
252.000 -0.057 
253.000 -0.055 
254.000 -0.054 
255.000 -0.052 
256.000 -0.051 
257.000 -0.050 
258.000 -0.049 
259.000 -0.048 
260.000 -0.046 
261.000 -0.045 
262.000 -0.044 
263.000 -0.043 
264.000 -0.041 
265.000 -0.039 
266.000 -0.038 
267.000 -0.036 
268.000 -0.034 
269.000 -0.032 
270.000 -0.031 
271.000 -0.029 
272.000 -0.027 
273.000 -0.025 
274.000 -0.023 
275.000 -0.021 
276.000 -0.019 
277.000 -0.017 
278.000 -0.016 
279.000 -0.014 
280.000 -0.012 
281.000 -0.010 
282.000 -0.008 
283.000 -0.005 
284.000 -0.003 
285.000 -0.001 
286.000 0.001 
287.000 0.003 
288.000 0.005 
289.000 0.007 
290.000 0.010 
291.000 0.012 
292.000 0.014 
293.000 0.016 
294.000 0.019 
295.000 0.021 
296.000 0.023 
297.000 0.026 
298.000 0.028 
299.000 0.030 
300.000 0.033 
301.000 0.035 
302.000 0.038 
303.000 0.040 
304.000 0.042 
305.000 0.045 
306.000 0.047 
307.000 0.050 
308.000 0.052 
309.000 0.055 
310.000 0.057 
311.000 0.060 
312.000 0.062 
313.000 0.064 
314.000 0.067 
315.000 0.069 
316.000 0.072 
317.000 0.074 
318.000 0.077 
319.000 0.079 
320.000 0.082 
321.000 0.084 
322.000 0.087 
323.000 0.089 
324.000 0.092 
325.000 0.094 
326.000 0.096 
327.000 0.099 
328.000 0.101 
329.000 0.104 
330.000 0.106 
331.000 0.108 
332.000 0.111 
333.000 0.113 
334.000 0.115 
335.000 0.118 
336.000 0.120 
337.000 0.122 
338.000 0.124 
339.000 0.127 
340.000 0.129 
341.000 0.131 
342.000 0.133 
343.000 0.135 
344.000 0.138 
345.000 0.140 
346.000 0.142 
347.000 0.144 
348.000 0.146 
349.000 0.148 
350.000 0.150 
351.000 0.152 
352.000 0.154 
353.000 0.156 
354.000 0.158 
355.000 0.160 
356.000 0.162 
357.000 0.163 
358.000 0.165 
359.000 0.167 
360.000 0.169 
361.000 0.171 
362.000 0.172 
363.000 0.174 
364.000 0.176 
365.000 0.177 
366.000 0.183 
367.000 0.195 
368.000 0.213 
369.000 0.236 
370.000 0.263 
371.000 0.292 
372.000 0.321 
373.000 0.348 
374.000 0.373 
375.000 0.396 
376.000 0.415 
377.000 0.431 
378.000 0.445 
379.000 0.456 
380.000 0.466 
381.000 0.475 
382.000 0.485 
383.000 0.494 
384.000 0.504 
385.000 0.515 
386.000 0.526 
387.000 0.539 
388.000 0.552 
389.000 0.566 
390.000 0.581 
391.000 0.596 
392.000 0.610 
393.000 0.625 
394.000 0.638 
395.000 0.651 
396.000 0.664 
397.000 0.675 
398.000 0.686 
399.000 0.696 
400.000 0.705 
401.000 0.714 
402.000 0.722 
403.000 0.729 
404.000 0.736 
405.000 0.743 
406.000 0.750 
407.000 0.756 
408.000 0.763 
409.000 0.769 
410.000 0.775 
411.000 0.781 
412.000 0.787 
413.000 0.793 
414.000 0.798 
415.000 0.804 
416.000 0.809 
417.000 0.813 
418.000 0.818 
419.000 0.822 
420.000 0.826 
421.000 0.830 
422.000 0.833 
423.000 0.837 
424.000 0.840 
425.000 0.843 
426.000 0.845 
427.000 0.848 
428.000 0.850 
429.000 0.853 
430.000 0.855 
431.000 0.857 
432.000 0.859 
433.000 0.861 
434.000 0.863 
435.000 0.865 
436.000 0.866 
437.000 0.868 
438.000 0.870 
439.000 0.871 
440.000 0.873 
441.000 0.874 
442.000 0.875 
443.000 0.876 
444.000 0.877 
445.000 0.878 
446.000 0.879 
447.000 0.880 
448.000 0.881 
449.000 0.882 
450.000 0.883 
451.000 0.883 
452.000 0.884 
453.000 0.885 
454.000 0.885 
455.000 0.886 
456.000 0.886 
457.000 0.887 
458.000 0.887 
459.000 0.888 
460.000 0.888 
461.000 0.889 
462.000 0.889 
463.000 0.890 
464.000 0.890 
465.000 0.890 
466.000 0.891 
467.000 0.891 
468.000 0.891 
469.000 0.891 
470.000 0.892 
471.000 0.892 
472.000 0.892 
473.000 0.892 
474.000 0.893 
475.000 0.893 
476.000 0.893 
477.000 0.893 
478.000 0.893 
479.000 0.893 
480.000 0.894 
481.000 0.894 
482.000 0.894 
483.000 0.894 
484.000 0.894 
485.000 0.894 
486.000 0.919 
487.000 0.985 
488.000 1.097 
489.000 1.253 
490.000 1.447 
491.000 1.671 
492.000 1.915 
493.000 2.169 
494.000 2.423 
495.000 2.670 
496.000 2.900 
497.000 3.107 
498.000 3.287 
499.000 3.436 
500.000 3.552 
501.000 3.637 
502.000 3.690 
503.000 3.715 
504.000 3.715 
505.000 3.695 
506.000 3.660 
507.000 3.614 
508.000 3.563 
509.000 3.511 
510.000 3.462 
511.000 3.418 
512.000 3.383 
513.000 3.358 
514.000 3.343 
515.000 3.338 
516.000 3.344 
517.000 3.359 
518.000 3.382 
519.000 3.412 
520.000 3.445 
521.000 3.481 
522.000 3.517 
523.000 3.553 
524.000 3.586 
525.000 3.615 
526.000 3.639 
527.000 3.658 
528.000 3.671 
529.000 3.678 
530.000 3.679 
531.000 3.675 
532.000 3.667 
533.000 3.656 
534.000 3.641 
535.000 3.625 
536.000 3.609 
537.000 3.592 
538.000 3.576 
539.000 3.562 
540.000 3.550 
541.000 3.541 
542.000 3.534 
543.000 3.530 
544.000 3.529 
545.000 3.530 
546.000 3.533 
547.000 3.538 
548.000 3.544 
549.000 3.551 
550.000 3.559 
551.000 3.567 
552.000 3.575 
553.000 3.581 
554.000 3.587 
555.000 3.592 
556.000 3.595 
557.000 3.598 
558.000 3.599 
559.000 3.598 
560.000 3.597 
561.000 3.595 
562.000 3.592 
563.000 3.589 
564.000 3.585 
565.000 3.581 
566.000 3.578 
567.000 3.574 
568.000 3.572 
569.000 3.569 
570.000 3.567 
571.000 3.566 
572.000 3.565 
573.000 3.565 
574.000 3.566 
575.000 3.567 
576.000 3.568 
577.000 3.570 
578.000 3.571 
579.000 3.573 
580.000 3.575 
581.000 3.576 
582.000 3.578 
583.000 3.579 
584.000 3.580 
585.000 3.581 
586.000 3.581 
587.000 3.581 
588.000 3.581 
589.000 3.580 
590.000 3.580 
591.000 3.579 
592.000 3.578 
593.000 3.578 
594.000 3.577 
595.000 3.576 
596.000 3.575 
597.000 3.575 
598.000 3.574 
599.000 3.574 
600.000 3.574 
601.000 3.574 
602.000 3.574 
603.000 3.574 
604.000 3.574 
605.000 3.574 
606.000 3.596 
607.000 3.657 
608.000 3.762 
609.000 3.902 
610.000 4.065 
611.000 4.237 
612.000 4.409 
613.000 4.575 
614.000 4.730 
615.000 4.872 
616.000 4.999 
617.000 5.112 
618.000 5.209 
619.000 5.292 
620.000 5.362 
621.000 5.421 
622.000 5.468 
623.000 5.507 
624.000 5.537 
625.000 5.561 
626.000 5.579 
627.000 5.592 
628.000 5.602 
629.000 5.608 
630.000 5.612 
631.000 5.615 
632.000 5.615 
633.000 5.615 
634.000 5.614 
635.000 5.613 
636.000 5.611 
637.000 5.609 
638.000 5.607 
639.000 5.606 
640.000 5.604 
641.000 5.602 
642.000 5.601 
643.000 5.600 
644.000 5.599 
645.000 5.598 
646.000 5.597 
647.000 5.596 
648.000 5.596 
649.000 5.595 
650.000 5.595 
651.000 5.595 
652.000 5.594 
653.000 5.594 
654.000 5.594 
655.000 5.594 
656.000 5.594 
657.000 5.594 
658.000 5.594 
659.000 5.594 
660.000 5.594 
661.000 5.594 
662.000 5.594 
663.000 5.594 
664.000 5.594 
665.000 5.594 
666.000 5.594 
667.000 5.594 
668.000 5.594 
669.000 5.594 
670.000 5.594 
671.000 5.594 
672.000 5.594 
673.000 5.594 
674.000 5.594 
675.000 5.594 
676.000 5.594 
677.000 5.594 
678.000 5.594 
679.000 5.594 
680.000 5.594 
681.000 5.594 
682.000 5.594 
683.000 5.594 
684.000 5.594 
685.000 5.594 
686.000 5.594 
687.000 5.594 
688.000 5.594 
689.000 5.594 
690.000 5.594 
691.000 5.594 
692.000 5.594 
693.000 5.594 
694.000 5.594 
695.000 5.594 
696.000 5.594 
697.000 5.594 
698.000 5.594 
699.000 5.594 
700.000 5.594 
701.000 5.594 
702.000 5.594 
703.000 5.594 
704.000 5.594 
705.000 5.594 
706.000 5.594 
707.000 5.594 
708.000 5.594 
709.000 5.594 
710.000 5.594 
711.000 5.594 
712.000 5.594 
713.000 5.594 
714.000 5.594 
715.000 5.594 
716.000 5.594 
717.000 5.594 
718.000 5.594 
719.000 5.594 
720.000 5.594 
721.000 5.594 
722.000 5.594 
723.000 5.594 
724.000 5.594 
725.000 5.594 
726.000 5.594 
727.000 5.594 
728.000 5.594 
729.000 5.594 
730.000 5.594 
731.000 5.594 
732.000 5.594 
733.000 5.594 
734.000 5.594 
735.000 5.594 
736.000 5.594 
737.000 5.594 
738.000 5.594 
739.000 5.594 
740.000 5.594 
741.000 5.594 
742.000 5.594 
743.000 5.594 
744.000 5.594 
745.000 5.594 
746.000 5.594 
747.000 5.594 
748.000 5.594 
749.000 5.594 
750.000 5.594 
751.000 5.594 
752.000 5.594 
753.000 5.594 
754.000 5.594 
755.000 5.594 
756.000 5.594 
757.000 5.594 
758.000 5.594 
759.000 5.594 
760.000 5.594 
761.000 5.594 
762.000 5.594 
763.000 5.594 
764.000 5.594 
765.000 5.594 
766.000 5.594 
767.000 5.594 
768.000 5.594 
769.000 5.594 
770.000 5.594 
771.000 5.594 
772.000 5.594 
773.000 5.594 
774.000 5.594 
775.000 5.594 
776.000 5.594 
777.000 5.594 
778.000 5.594 
779.000 5.594 
780.000 5.594 
781.000 5.594 
782.000 5.594 
783.000 5.594 
784.000 5.594 
785.000 5.594 
786.000 5.594 
787.000 5.594 
788.000 5.594 
789.000 5.594 
790.000 5.594 
791.000 5.594 
792.000 5.594 
793.000 5.594 
794.000 5.594 
795.000 5.594 
796.000 5.594 
797.000 5.594 
798.000 5.594 
799.000 5.594 
800.000 5.594 
