1.000 0.000 
2.000 0.000 
3.000 0.000 
4.000 0.000 
5.000 0.000 
6.000 0.000 
7.000 0.000 
8.000 0.000 
9.000 0.000 
10.000 0.000 
11.000 0.000 
12.000 -0.001 
13.000 -0.004 
14.000 -0.008 
15.000 -0.013 
16.000 -0.017 
17.000 -0.022 
18.000 -0.025 
19.000 -0.027 
20.000 -0.029 
21.000 -0.029 
22.000 -0.029 
23.000 -0.028 
24.000 -0.027 
25.000 -0.027 
26.000 -0.027 
27.000 -0.027 
28.000 -0.028 
29.000 -0.030 
30.000 -0.031 
31.000 -0.033 
32.000 -0.036 
33.000 -0.037 
34.000 -0.039 
35.000 -0.040 
36.000 -0.042 
37.000 -0.042 
38.000 -0.043 
39.000 -0.043 
40.000 -0.044 
41.000 -0.044 
42.000 -0.044 
43.000 -0.045 
44.000 -0.046 
45.000 -0.046 
46.000 -0.047 
47.000 -0.048 
48.000 -0.049 
49.000 -0.050 
50.000 -0.051 
51.000 -0.052 
52.000 -0.053 
53.000 -0.053 
54.000 -0.054 
55.000 -0.055 
56.000 -0.055 
57.000 -0.056 
58.000 -0.056 
59.000 -0.057 
60.000 -0.057 
61.000 -0.058 
62.000 -0.058 
63.000 -0.059 
64.000 -0.060 
65.000 -0.060 
66.000 -0.061 
67.000 -0.061 
68.000 -0.062 
69.000 -0.062 
70.000 -0.063 
71.000 -0.063 
72.000 -0.064 
73.000 -0.064 
74.000 -0.065 
75.000 -0.065 
76.000 -0.066 
77.000 -0.066 
78.000 -0.067 
79.000 -0.067 
80.000 -0.067 
81.000 -0.068 
82.000 -0.068 
83.000 -0.069 
84.000 -0.069 
85.000 -0.070 
86.000 -0.070 
87.000 -0.070 
88.000 -0.071 
89.000 -0.071 
90.000 -0.071 
91.000 -0.072 
92.000 -0.072 
93.000 -0.073 
94.000 -0.073 
95.000 -0.073 
96.000 -0.074 
97.000 -0.074 
98.000 -0.074 
99.000 -0.075 
100.000 -0.075 
101.000 -0.075 
102.000 -0.076 
103.000 -0.076 
104.000 -0.076 
105.000 -0.077 
106.000 -0.077 
107.000 -0.077 
108.000 -0.078 
109.000 -0.078 
110.000 -0.078 
111.000 -0.078 
112.000 -0.079 
113.000 -0.079 
114.000 -0.079 
115.000 -0.080 
116.000 -0.080 
117.000 -0.080 
118.000 -0.080 
119.000 -0.081 
120.000 -0.081 
121.000 -0.081 
122.000 -0.082 
123.000 -0.082 
124.000 -0.082 
125.000 -0.082 
126.000 -0.082 
127.000 -0.082 
128.000 -0.082 
129.000 -0.081 
130.000 -0.081 
131.000 -0.080 
132.000 -0.080 
133.000 -0.080 
134.000 -0.080 
135.000 -0.080 
136.000 -0.080 
137.000 -0.081 
138.000 -0.081 
139.000 -0.081 
140.000 -0.082 
141.000 -0.082 
142.000 -0.082 
143.000 -0.082 
144.000 -0.081 
145.000 -0.081 
146.000 -0.081 
147.000 -0.081 
148.000 -0.081 
149.000 -0.081 
150.000 -0.081 
151.000 -0.081 
152.000 -0.081 
153.000 -0.081 
154.000 -0.081 
155.000 -0.081 
156.000 -0.081 
157.000 -0.081 
158.000 -0.081 
159.000 -0.081 
160.000 -0.081 
161.000 -0.081 
162.000 -0.081 
163.000 -0.081 
164.000 -0.081 
165.000 -0.081 
166.000 -0.081 
167.000 -0.081 
168.000 -0.081 
169.000 -0.081 
170.000 -0.081 
171.000 -0.081 
172.000 -0.081 
173.000 -0.081 
174.000 -0.081 
175.000 -0.081 
176.000 -0.081 
177.000 -0.081 
178.000 -0.081 
179.000 -0.081 
180.000 -0.081 
181.000 -0.081 
182.000 -0.081 
183.000 -0.081 
184.000 -0.081 
185.000 -0.081 
186.000 -0.081 
187.000 -0.081 
188.000 -0.081 
189.000 -0.081 
190.000 -0.081 
191.000 -0.081 
192.000 -0.081 
193.000 -0.081 
194.000 -0.081 
195.000 -0.081 
196.000 -0.081 
197.000 -0.081 
198.000 -0.081 
199.000 -0.081 
200.000 -0.081 
201.000 -0.081 
202.000 -0.081 
203.000 -0.081 
204.000 -0.081 
205.000 -0.081 
206.000 -0.081 
207.000 -0.081 
208.000 -0.081 
209.000 -0.081 
210.000 -0.081 
211.000 -0.081 
212.000 -0.081 
213.000 -0.081 
214.000 -0.081 
215.000 -0.081 
216.000 -0.081 
217.000 -0.081 
218.000 -0.081 
219.000 -0.081 
220.000 -0.081 
221.000 -0.081 
222.000 -0.081 
223.000 -0.081 
224.000 -0.081 
225.000 -0.081 
226.000 -0.081 
227.000 -0.081 
228.000 -0.081 
229.000 -0.081 
230.000 -0.081 
231.000 -0.081 
232.000 -0.081 
233.000 -0.081 
234.000 -0.081 
235.000 -0.081 
236.000 -0.081 
237.000 -0.081 
238.000 -0.081 
239.000 -0.081 
240.000 -0.081 
241.000 -0.081 
242.000 -0.081 
243.000 -0.081 
244.000 -0.081 
245.000 -0.081 
246.000 -0.080 
247.000 -0.078 
248.000 -0.073 
249.000 -0.067 
250.000 -0.061 
251.000 -0.055 
252.000 -0.050 
253.000 -0.046 
254.000 -0.044 
255.000 -0.043 
256.000 -0.043 
257.000 -0.044 
258.000 -0.045 
259.000 -0.045 
260.000 -0.045 
261.000 -0.043 
262.000 -0.041 
263.000 -0.037 
264.000 -0.033 
265.000 -0.027 
266.000 -0.022 
267.000 -0.016 
268.000 -0.011 
269.000 -0.006 
270.000 -0.002 
271.000 0.001 
272.000 0.003 
273.000 0.006 
274.000 0.007 
275.000 0.009 
276.000 0.012 
277.000 0.014 
278.000 0.017 
279.000 0.021 
280.000 0.026 
281.000 0.031 
282.000 0.036 
283.000 0.041 
284.000 0.047 
285.000 0.052 
286.000 0.057 
287.000 0.061 
288.000 0.065 
289.000 0.068 
290.000 0.072 
291.000 0.075 
292.000 0.078 
293.000 0.081 
294.000 0.085 
295.000 0.088 
296.000 0.092 
297.000 0.097 
298.000 0.101 
299.000 0.106 
300.000 0.111 
301.000 0.115 
302.000 0.120 
303.000 0.124 
304.000 0.128 
305.000 0.131 
306.000 0.135 
307.000 0.138 
308.000 0.140 
309.000 0.143 
310.000 0.146 
311.000 0.149 
312.000 0.152 
313.000 0.155 
314.000 0.159 
315.000 0.162 
316.000 0.165 
317.000 0.169 
318.000 0.172 
319.000 0.175 
320.000 0.178 
321.000 0.181 
322.000 0.184 
323.000 0.186 
324.000 0.188 
325.000 0.190 
326.000 0.192 
327.000 0.194 
328.000 0.196 
329.000 0.198 
330.000 0.200 
331.000 0.202 
332.000 0.204 
333.000 0.207 
334.000 0.209 
335.000 0.211 
336.000 0.213 
337.000 0.215 
338.000 0.216 
339.000 0.218 
340.000 0.220 
341.000 0.221 
342.000 0.222 
343.000 0.223 
344.000 0.224 
345.000 0.225 
346.000 0.227 
347.000 0.228 
348.000 0.229 
349.000 0.230 
350.000 0.231 
351.000 0.233 
352.000 0.234 
353.000 0.235 
354.000 0.236 
355.000 0.237 
356.000 0.238 
357.000 0.239 
358.000 0.240 
359.000 0.240 
360.000 0.241 
361.000 0.241 
362.000 0.242 
363.000 0.243 
364.000 0.243 
365.000 0.244 
366.000 0.255 
367.000 0.285 
368.000 0.335 
369.000 0.403 
370.000 0.485 
371.000 0.573 
372.000 0.659 
373.000 0.735 
374.000 0.792 
375.000 0.825 
376.000 0.831 
377.000 0.811 
378.000 0.769 
379.000 0.713 
380.000 0.652 
381.000 0.596 
382.000 0.551 
383.000 0.524 
384.000 0.518 
385.000 0.534 
386.000 0.572 
387.000 0.630 
388.000 0.703 
389.000 0.785 
390.000 0.869 
391.000 0.946 
392.000 1.010 
393.000 1.051 
394.000 1.066 
395.000 1.052 
396.000 1.012 
397.000 0.950 
398.000 0.875 
399.000 0.797 
400.000 0.726 
401.000 0.669 
402.000 0.632 
403.000 0.618 
404.000 0.630 
405.000 0.665 
406.000 0.722 
407.000 0.794 
408.000 0.877 
409.000 0.961 
410.000 1.037 
411.000 1.098 
412.000 1.136 
413.000 1.145 
414.000 1.123 
415.000 1.073 
416.000 1.000 
417.000 0.914 
418.000 0.826 
419.000 0.746 
420.000 0.682 
421.000 0.641 
422.000 0.625 
423.000 0.636 
424.000 0.674 
425.000 0.734 
426.000 0.811 
427.000 0.898 
428.000 0.988 
429.000 1.069 
430.000 1.133 
431.000 1.172 
432.000 1.179 
433.000 1.153 
434.000 1.096 
435.000 1.016 
436.000 0.921 
437.000 0.825 
438.000 0.738 
439.000 0.670 
440.000 0.626 
441.000 0.609 
442.000 0.622 
443.000 0.663 
444.000 0.728 
445.000 0.811 
446.000 0.906 
447.000 1.002 
448.000 1.089 
449.000 1.158 
450.000 1.198 
451.000 1.205 
452.000 1.175 
453.000 1.112 
454.000 1.024 
455.000 0.921 
456.000 0.817 
457.000 0.724 
458.000 0.651 
459.000 0.605 
460.000 0.588 
461.000 0.603 
462.000 0.648 
463.000 0.718 
464.000 0.809 
465.000 0.911 
466.000 1.014 
467.000 1.108 
468.000 1.181 
469.000 1.224 
470.000 1.230 
471.000 1.196 
472.000 1.127 
473.000 1.030 
474.000 0.918 
475.000 0.806 
476.000 0.707 
477.000 0.629 
478.000 0.581 
479.000 0.566 
480.000 0.583 
481.000 0.632 
482.000 0.709 
483.000 0.807 
484.000 0.916 
485.000 1.027 
486.000 1.184 
487.000 1.423 
488.000 1.741 
489.000 2.110 
490.000 2.500 
491.000 2.891 
492.000 3.268 
493.000 3.622 
494.000 3.945 
495.000 4.235 
496.000 4.491 
497.000 4.714 
498.000 4.876 
499.000 4.935 
500.000 4.857 
501.000 4.625 
502.000 4.250 
503.000 3.767 
504.000 3.235 
505.000 2.720 
506.000 2.276 
507.000 1.939 
508.000 1.732 
509.000 1.666 
510.000 1.745 
511.000 1.943 
512.000 2.218 
513.000 2.538 
514.000 2.878 
515.000 3.220 
516.000 3.550 
517.000 3.860 
518.000 4.143 
519.000 4.398 
520.000 4.623 
521.000 4.818 
522.000 4.985 
523.000 5.126 
524.000 5.243 
525.000 5.335 
526.000 5.357 
527.000 5.262 
528.000 5.029 
529.000 4.661 
530.000 4.191 
531.000 3.671 
532.000 3.160 
533.000 2.709 
534.000 2.357 
535.000 2.126 
536.000 2.030 
537.000 2.073 
538.000 2.231 
539.000 2.468 
540.000 2.752 
541.000 3.058 
542.000 3.369 
543.000 3.672 
544.000 3.958 
545.000 4.221 
546.000 4.458 
547.000 4.668 
548.000 4.852 
549.000 5.009 
550.000 5.142 
551.000 5.253 
552.000 5.305 
553.000 5.245 
554.000 5.037 
555.000 4.671 
556.000 4.165 
557.000 3.574 
558.000 2.968 
559.000 2.418 
560.000 1.974 
561.000 1.664 
562.000 1.503 
563.000 1.497 
564.000 1.636 
565.000 1.881 
566.000 2.193 
567.000 2.539 
568.000 2.898 
569.000 3.252 
570.000 3.590 
571.000 3.903 
572.000 4.188 
573.000 4.442 
574.000 4.664 
575.000 4.856 
576.000 5.020 
577.000 5.157 
578.000 5.270 
579.000 5.362 
580.000 5.410 
581.000 5.358 
582.000 5.165 
583.000 4.814 
584.000 4.323 
585.000 3.743 
586.000 3.144 
587.000 2.596 
588.000 2.148 
589.000 1.830 
590.000 1.660 
591.000 1.643 
592.000 1.770 
593.000 2.001 
594.000 2.298 
595.000 2.630 
596.000 2.976 
597.000 3.318 
598.000 3.644 
599.000 3.948 
600.000 4.224 
601.000 4.470 
602.000 4.686 
603.000 4.873 
604.000 5.032 
605.000 5.166 
606.000 5.276 
607.000 5.366 
608.000 5.438 
609.000 5.495 
610.000 5.539 
611.000 5.572 
612.000 5.597 
613.000 5.614 
614.000 5.625 
615.000 5.632 
616.000 5.636 
617.000 5.637 
618.000 5.636 
619.000 5.634 
620.000 5.631 
621.000 5.627 
622.000 5.623 
623.000 5.620 
624.000 5.616 
625.000 5.613 
626.000 5.610 
627.000 5.607 
628.000 5.605 
629.000 5.602 
630.000 5.601 
631.000 5.599 
632.000 5.598 
633.000 5.597 
634.000 5.596 
635.000 5.595 
636.000 5.595 
637.000 5.595 
638.000 5.594 
639.000 5.594 
640.000 5.594 
641.000 5.594 
642.000 5.594 
643.000 5.594 
644.000 5.594 
645.000 5.594 
646.000 5.594 
647.000 5.594 
648.000 5.594 
649.000 5.594 
650.000 5.594 
651.000 5.594 
652.000 5.594 
653.000 5.594 
654.000 5.594 
655.000 5.594 
656.000 5.594 
657.000 5.594 
658.000 5.594 
659.000 5.594 
660.000 5.594 
661.000 5.594 
662.000 5.594 
663.000 5.594 
664.000 5.594 
665.000 5.594 
666.000 5.594 
667.000 5.594 
668.000 5.594 
669.000 5.594 
670.000 5.594 
671.000 5.594 
672.000 5.594 
673.000 5.594 
674.000 5.594 
675.000 5.594 
676.000 5.594 
677.000 5.594 
678.000 5.594 
679.000 5.594 
680.000 5.594 
681.000 5.594 
682.000 5.594 
683.000 5.594 
684.000 5.594 
685.000 5.594 
686.000 5.594 
687.000 5.594 
688.000 5.594 
689.000 5.594 
690.000 5.594 
691.000 5.594 
692.000 5.594 
693.000 5.594 
694.000 5.594 
695.000 5.594 
696.000 5.594 
697.000 5.594 
698.000 5.594 
699.000 5.594 
700.000 5.594 
701.000 5.594 
702.000 5.594 
703.000 5.594 
704.000 5.594 
705.000 5.594 
706.000 5.594 
707.000 5.594 
708.000 5.594 
709.000 5.594 
710.000 5.594 
711.000 5.594 
712.000 5.594 
713.000 5.594 
714.000 5.594 
715.000 5.594 
716.000 5.594 
717.000 5.594 
718.000 5.594 
719.000 5.594 
720.000 5.594 
721.000 5.594 
722.000 5.594 
723.000 5.594 
724.000 5.594 
725.000 5.594 
726.000 5.594 
727.000 5.594 
728.000 5.594 
729.000 5.594 
730.000 5.594 
731.000 5.594 
732.000 5.594 
733.000 5.594 
734.000 5.594 
735.000 5.594 
736.000 5.594 
737.000 5.594 
738.000 5.594 
739.000 5.594 
740.000 5.594 
741.000 5.594 
742.000 5.594 
743.000 5.594 
744.000 5.594 
745.000 5.594 
746.000 5.594 
747.000 5.594 
748.000 5.594 
749.000 5.594 
750.000 5.594 
751.000 5.594 
752.000 5.594 
753.000 5.594 
754.000 5.594 
755.000 5.594 
756.000 5.594 
757.000 5.594 
758.000 5.594 
759.000 5.594 
760.000 5.594 
761.000 5.594 
762.000 5.594 
763.000 5.594 
764.000 5.594 
765.000 5.594 
766.000 5.594 
767.000 5.594 
768.000 5.594 
769.000 5.594 
770.000 5.594 
771.000 5.594 
772.000 5.594 
773.000 5.594 
774.000 5.594 
775.000 5.594 
776.000 5.594 
777.000 5.594 
778.000 5.594 
779.000 5.594 
780.000 5.594 
781.000 5.594 
782.000 5.594 
783.000 5.594 
784.000 5.594 
785.000 5.594 
786.000 5.594 
787.000 5.594 
788.000 5.594 
789.000 5.594 
790.000 5.594 
791.000 5.594 
792.000 5.594 
793.000 5.594 
794.000 5.594 
795.000 5.594 
796.000 5.594 
797.000 5.594 
798.000 5.594 
799.000 5.594 
800.000 5.594 
