1.000 0.000 
2.000 0.000 
3.000 0.000 
4.000 0.000 
5.000 0.000 
6.000 0.000 
7.000 0.000 
8.000 0.000 
9.000 0.000 
10.000 0.000 
11.000 0.000 
12.000 -0.002 
13.000 -0.006 
14.000 -0.012 
15.000 -0.017 
16.000 -0.021 
17.000 -0.023 
18.000 -0.023 
19.000 -0.023 
20.000 -0.022 
21.000 -0.021 
22.000 -0.020 
23.000 -0.021 
24.000 -0.022 
25.000 -0.024 
26.000 -0.026 
27.000 -0.028 
28.000 -0.030 
29.000 -0.031 
30.000 -0.032 
31.000 -0.033 
32.000 -0.034 
33.000 -0.034 
34.000 -0.035 
35.000 -0.035 
36.000 -0.036 
37.000 -0.037 
38.000 -0.038 
39.000 -0.039 
40.000 -0.040 
41.000 -0.041 
42.000 -0.042 
43.000 -0.043 
44.000 -0.043 
45.000 -0.044 
46.000 -0.045 
47.000 -0.045 
48.000 -0.046 
49.000 -0.047 
50.000 -0.047 
51.000 -0.048 
52.000 -0.049 
53.000 -0.049 
54.000 -0.050 
55.000 -0.051 
56.000 -0.051 
57.000 -0.052 
58.000 -0.052 
59.000 -0.053 
60.000 -0.054 
61.000 -0.054 
62.000 -0.055 
63.000 -0.055 
64.000 -0.056 
65.000 -0.056 
66.000 -0.057 
67.000 -0.057 
68.000 -0.058 
69.000 -0.058 
70.000 -0.059 
71.000 -0.059 
72.000 -0.060 
73.000 -0.060 
74.000 -0.061 
75.000 -0.061 
76.000 -0.062 
77.000 -0.062 
78.000 -0.063 
79.000 -0.063 
80.000 -0.064 
81.000 -0.064 
82.000 -0.064 
83.000 -0.065 
84.000 -0.065 
85.000 -0.066 
86.000 -0.066 
87.000 -0.066 
88.000 -0.067 
89.000 -0.067 
90.000 -0.068 
91.000 -0.068 
92.000 -0.068 
93.000 -0.069 
94.000 -0.069 
95.000 -0.069 
96.000 -0.070 
97.000 -0.070 
98.000 -0.071 
99.000 -0.071 
100.000 -0.071 
101.000 -0.072 
102.000 -0.072 
103.000 -0.072 
104.000 -0.073 
105.000 -0.073 
106.000 -0.073 
107.000 -0.074 
108.000 -0.074 
109.000 -0.074 
110.000 -0.074 
111.000 -0.075 
112.000 -0.075 
113.000 -0.075 
114.000 -0.076 
115.000 -0.076 
116.000 -0.076 
117.000 -0.076 
118.000 -0.077 
119.000 -0.077 
120.000 -0.077 
121.000 -0.078 
122.000 -0.078 
123.000 -0.078 
124.000 -0.078 
125.000 -0.079 
126.000 -0.079 
127.000 -0.078 
128.000 -0.077 
129.000 -0.077 
130.000 -0.076 
131.000 -0.076 
132.000 -0.076 
133.000 -0.077 
134.000 -0.077 
135.000 -0.078 
136.000 -0.078 
137.000 -0.078 
138.000 -0.078 
139.000 -0.078 
140.000 -0.078 
141.000 -0.078 
142.000 -0.077 
143.000 -0.077 
144.000 -0.077 
145.000 -0.077 
146.000 -0.078 
147.000 -0.078 
148.000 -0.078 
149.000 -0.078 
150.000 -0.078 
151.000 -0.078 
152.000 -0.078 
153.000 -0.078 
154.000 -0.078 
155.000 -0.078 
156.000 -0.078 
157.000 -0.078 
158.000 -0.078 
159.000 -0.078 
160.000 -0.078 
161.000 -0.078 
162.000 -0.078 
163.000 -0.078 
164.000 -0.078 
165.000 -0.078 
166.000 -0.078 
167.000 -0.078 
168.000 -0.078 
169.000 -0.078 
170.000 -0.078 
171.000 -0.078 
172.000 -0.078 
173.000 -0.078 
174.000 -0.078 
175.000 -0.078 
176.000 -0.078 
177.000 -0.078 
178.000 -0.078 
179.000 -0.078 
180.000 -0.078 
181.000 -0.078 
182.000 -0.078 
183.000 -0.078 
184.000 -0.078 
185.000 -0.078 
186.000 -0.078 
187.000 -0.078 
188.000 -0.078 
189.000 -0.078 
190.000 -0.078 
191.000 -0.078 
192.000 -0.078 
193.000 -0.078 
194.000 -0.078 
195.000 -0.078 
196.000 -0.078 
197.000 -0.078 
198.000 -0.078 
199.000 -0.078 
200.000 -0.078 
201.000 -0.078 
202.000 -0.078 
203.000 -0.078 
204.000 -0.078 
205.000 -0.078 
206.000 -0.078 
207.000 -0.078 
208.000 -0.078 
209.000 -0.078 
210.000 -0.078 
211.000 -0.078 
212.000 -0.078 
213.000 -0.078 
214.000 -0.078 
215.000 -0.078 
216.000 -0.078 
217.000 -0.078 
218.000 -0.078 
219.000 -0.078 
220.000 -0.078 
221.000 -0.078 
222.000 -0.078 
223.000 -0.078 
224.000 -0.078 
225.000 -0.078 
226.000 -0.078 
227.000 -0.078 
228.000 -0.078 
229.000 -0.078 
230.000 -0.078 
231.000 -0.078 
232.000 -0.078 
233.000 -0.078 
234.000 -0.078 
235.000 -0.078 
236.000 -0.078 
237.000 -0.078 
238.000 -0.078 
239.000 -0.078 
240.000 -0.078 
241.000 -0.078 
242.000 -0.078 
243.000 -0.078 
244.000 -0.078 
245.000 -0.078 
246.000 -0.077 
247.000 -0.073 
248.000 -0.066 
249.000 -0.058 
250.000 -0.053 
251.000 -0.050 
252.000 -0.050 
253.000 -0.051 
254.000 -0.052 
255.000 -0.054 
256.000 -0.054 
257.000 -0.053 
258.000 -0.050 
259.000 -0.046 
260.000 -0.042 
261.000 -0.038 
262.000 -0.034 
263.000 -0.031 
264.000 -0.028 
265.000 -0.026 
266.000 -0.024 
267.000 -0.023 
268.000 -0.021 
269.000 -0.018 
270.000 -0.016 
271.000 -0.012 
272.000 -0.009 
273.000 -0.005 
274.000 -0.002 
275.000 0.002 
276.000 0.005 
277.000 0.009 
278.000 0.012 
279.000 0.015 
280.000 0.018 
281.000 0.021 
282.000 0.024 
283.000 0.028 
284.000 0.031 
285.000 0.035 
286.000 0.039 
287.000 0.042 
288.000 0.046 
289.000 0.050 
290.000 0.053 
291.000 0.057 
292.000 0.060 
293.000 0.064 
294.000 0.068 
295.000 0.071 
296.000 0.075 
297.000 0.078 
298.000 0.082 
299.000 0.086 
300.000 0.089 
301.000 0.093 
302.000 0.097 
303.000 0.100 
304.000 0.104 
305.000 0.107 
306.000 0.110 
307.000 0.114 
308.000 0.117 
309.000 0.120 
310.000 0.124 
311.000 0.127 
312.000 0.130 
313.000 0.133 
314.000 0.137 
315.000 0.140 
316.000 0.143 
317.000 0.146 
318.000 0.149 
319.000 0.152 
320.000 0.154 
321.000 0.157 
322.000 0.160 
323.000 0.163 
324.000 0.165 
325.000 0.168 
326.000 0.170 
327.000 0.173 
328.000 0.175 
329.000 0.178 
330.000 0.180 
331.000 0.182 
332.000 0.185 
333.000 0.187 
334.000 0.189 
335.000 0.191 
336.000 0.193 
337.000 0.195 
338.000 0.197 
339.000 0.199 
340.000 0.201 
341.000 0.203 
342.000 0.204 
343.000 0.206 
344.000 0.208 
345.000 0.209 
346.000 0.211 
347.000 0.212 
348.000 0.214 
349.000 0.215 
350.000 0.217 
351.000 0.218 
352.000 0.219 
353.000 0.221 
354.000 0.222 
355.000 0.223 
356.000 0.224 
357.000 0.226 
358.000 0.227 
359.000 0.228 
360.000 0.229 
361.000 0.230 
362.000 0.231 
363.000 0.232 
364.000 0.233 
365.000 0.234 
366.000 0.253 
367.000 0.302 
368.000 0.373 
369.000 0.455 
370.000 0.534 
371.000 0.597 
372.000 0.638 
373.000 0.652 
374.000 0.643 
375.000 0.617 
376.000 0.585 
377.000 0.555 
378.000 0.534 
379.000 0.528 
380.000 0.538 
381.000 0.564 
382.000 0.602 
383.000 0.649 
384.000 0.697 
385.000 0.743 
386.000 0.779 
387.000 0.803 
388.000 0.814 
389.000 0.812 
390.000 0.801 
391.000 0.784 
392.000 0.767 
393.000 0.754 
394.000 0.747 
395.000 0.748 
396.000 0.757 
397.000 0.773 
398.000 0.795 
399.000 0.818 
400.000 0.841 
401.000 0.861 
402.000 0.874 
403.000 0.881 
404.000 0.882 
405.000 0.877 
406.000 0.868 
407.000 0.857 
408.000 0.848 
409.000 0.841 
410.000 0.838 
411.000 0.839 
412.000 0.845 
413.000 0.853 
414.000 0.864 
415.000 0.875 
416.000 0.886 
417.000 0.894 
418.000 0.898 
419.000 0.900 
420.000 0.898 
421.000 0.894 
422.000 0.888 
423.000 0.882 
424.000 0.877 
425.000 0.874 
426.000 0.872 
427.000 0.874 
428.000 0.877 
429.000 0.881 
430.000 0.887 
431.000 0.892 
432.000 0.897 
433.000 0.900 
434.000 0.901 
435.000 0.901 
436.000 0.899 
437.000 0.896 
438.000 0.893 
439.000 0.890 
440.000 0.888 
441.000 0.886 
442.000 0.886 
443.000 0.887 
444.000 0.889 
445.000 0.891 
446.000 0.894 
447.000 0.896 
448.000 0.898 
449.000 0.899 
450.000 0.900 
451.000 0.899 
452.000 0.898 
453.000 0.896 
454.000 0.895 
455.000 0.893 
456.000 0.892 
457.000 0.891 
458.000 0.891 
459.000 0.892 
460.000 0.893 
461.000 0.894 
462.000 0.896 
463.000 0.897 
464.000 0.898 
465.000 0.898 
466.000 0.898 
467.000 0.898 
468.000 0.897 
469.000 0.896 
470.000 0.895 
471.000 0.894 
472.000 0.894 
473.000 0.894 
474.000 0.894 
475.000 0.894 
476.000 0.895 
477.000 0.896 
478.000 0.896 
479.000 0.897 
480.000 0.897 
481.000 0.897 
482.000 0.897 
483.000 0.897 
484.000 0.896 
485.000 0.896 
486.000 0.988 
487.000 1.210 
488.000 1.530 
489.000 1.907 
490.000 2.311 
491.000 2.719 
492.000 3.114 
493.000 3.486 
494.000 3.828 
495.000 4.135 
496.000 4.368 
497.000 4.473 
498.000 4.434 
499.000 4.270 
500.000 4.021 
501.000 3.736 
502.000 3.459 
503.000 3.227 
504.000 3.064 
505.000 2.983 
506.000 2.990 
507.000 3.077 
508.000 3.230 
509.000 3.426 
510.000 3.645 
511.000 3.866 
512.000 4.062 
513.000 4.212 
514.000 4.296 
515.000 4.307 
516.000 4.245 
517.000 4.120 
518.000 3.951 
519.000 3.761 
520.000 3.572 
521.000 3.405 
522.000 3.279 
523.000 3.201 
524.000 3.179 
525.000 3.208 
526.000 3.283 
527.000 3.392 
528.000 3.521 
529.000 3.654 
530.000 3.776 
531.000 3.871 
532.000 3.931 
533.000 3.948 
534.000 3.924 
535.000 3.861 
536.000 3.771 
537.000 3.665 
538.000 3.557 
539.000 3.459 
540.000 3.382 
541.000 3.334 
542.000 3.317 
543.000 3.332 
544.000 3.375 
545.000 3.440 
546.000 3.517 
547.000 3.598 
548.000 3.673 
549.000 3.734 
550.000 3.774 
551.000 3.789 
552.000 3.779 
553.000 3.747 
554.000 3.697 
555.000 3.636 
556.000 3.572 
557.000 3.513 
558.000 3.465 
559.000 3.434 
560.000 3.421 
561.000 3.427 
562.000 3.450 
563.000 3.486 
564.000 3.532 
565.000 3.580 
566.000 3.625 
567.000 3.663 
568.000 3.689 
569.000 3.700 
570.000 3.697 
571.000 3.680 
572.000 3.652 
573.000 3.616 
574.000 3.579 
575.000 3.543 
576.000 3.514 
577.000 3.493 
578.000 3.484 
579.000 3.485 
580.000 3.498 
581.000 3.518 
582.000 3.545 
583.000 3.573 
584.000 3.601 
585.000 3.624 
586.000 3.640 
587.000 3.648 
588.000 3.648 
589.000 3.639 
590.000 3.623 
591.000 3.603 
592.000 3.581 
593.000 3.560 
594.000 3.541 
595.000 3.528 
596.000 3.522 
597.000 3.521 
598.000 3.528 
599.000 3.539 
600.000 3.554 
601.000 3.571 
602.000 3.588 
603.000 3.602 
604.000 3.613 
605.000 3.618 
606.000 3.676 
607.000 3.788 
608.000 3.934 
609.000 4.099 
610.000 4.272 
611.000 4.443 
612.000 4.607 
613.000 4.760 
614.000 4.899 
615.000 5.023 
616.000 5.132 
617.000 5.227 
618.000 5.307 
619.000 5.375 
620.000 5.431 
621.000 5.477 
622.000 5.514 
623.000 5.543 
624.000 5.565 
625.000 5.582 
626.000 5.595 
627.000 5.603 
628.000 5.609 
629.000 5.613 
630.000 5.615 
631.000 5.615 
632.000 5.615 
633.000 5.614 
634.000 5.612 
635.000 5.611 
636.000 5.609 
637.000 5.607 
638.000 5.605 
639.000 5.604 
640.000 5.602 
641.000 5.601 
642.000 5.599 
643.000 5.598 
644.000 5.598 
645.000 5.597 
646.000 5.596 
647.000 5.596 
648.000 5.595 
649.000 5.595 
650.000 5.595 
651.000 5.594 
652.000 5.594 
653.000 5.594 
654.000 5.594 
655.000 5.594 
656.000 5.594 
657.000 5.594 
658.000 5.594 
659.000 5.594 
660.000 5.594 
661.000 5.594 
662.000 5.594 
663.000 5.594 
664.000 5.594 
665.000 5.594 
666.000 5.594 
667.000 5.594 
668.000 5.594 
669.000 5.594 
670.000 5.594 
671.000 5.594 
672.000 5.594 
673.000 5.594 
674.000 5.594 
675.000 5.594 
676.000 5.594 
677.000 5.594 
678.000 5.594 
679.000 5.594 
680.000 5.594 
681.000 5.594 
682.000 5.594 
683.000 5.594 
684.000 5.594 
685.000 5.594 
686.000 5.594 
687.000 5.594 
688.000 5.594 
689.000 5.594 
690.000 5.594 
691.000 5.594 
692.000 5.594 
693.000 5.594 
694.000 5.594 
695.000 5.594 
696.000 5.594 
697.000 5.594 
698.000 5.594 
699.000 5.594 
700.000 5.594 
701.000 5.594 
702.000 5.594 
703.000 5.594 
704.000 5.594 
705.000 5.594 
706.000 5.594 
707.000 5.594 
708.000 5.594 
709.000 5.594 
710.000 5.594 
711.000 5.594 
712.000 5.594 
713.000 5.594 
714.000 5.594 
715.000 5.594 
716.000 5.594 
717.000 5.594 
718.000 5.594 
719.000 5.594 
720.000 5.594 
721.000 5.594 
722.000 5.594 
723.000 5.594 
724.000 5.594 
725.000 5.594 
726.000 5.594 
727.000 5.594 
728.000 5.594 
729.000 5.594 
730.000 5.594 
731.000 5.594 
732.000 5.594 
733.000 5.594 
734.000 5.594 
735.000 5.594 
736.000 5.594 
737.000 5.594 
738.000 5.594 
739.000 5.594 
740.000 5.594 
741.000 5.594 
742.000 5.594 
743.000 5.594 
744.000 5.594 
745.000 5.594 
746.000 5.594 
747.000 5.594 
748.000 5.594 
749.000 5.594 
750.000 5.594 
751.000 5.594 
752.000 5.594 
753.000 5.594 
754.000 5.594 
755.000 5.594 
756.000 5.594 
757.000 5.594 
758.000 5.594 
759.000 5.594 
760.000 5.594 
761.000 5.594 
762.000 5.594 
763.000 5.594 
764.000 5.594 
765.000 5.594 
766.000 5.594 
767.000 5.594 
768.000 5.594 
769.000 5.594 
770.000 5.594 
771.000 5.594 
772.000 5.594 
773.000 5.594 
774.000 5.594 
775.000 5.594 
776.000 5.594 
777.000 5.594 
778.000 5.594 
779.000 5.594 
780.000 5.594 
781.000 5.594 
782.000 5.594 
783.000 5.594 
784.000 5.594 
785.000 5.594 
786.000 5.594 
787.000 5.594 
788.000 5.594 
789.000 5.594 
790.000 5.594 
791.000 5.594 
792.000 5.594 
793.000 5.594 
794.000 5.594 
795.000 5.594 
796.000 5.594 
797.000 5.594 
798.000 5.594 
799.000 5.594 
800.000 5.594 
