1.000 0.000 
2.000 0.000 
3.000 0.000 
4.000 0.000 
5.000 0.000 
6.000 0.000 
7.000 0.000 
8.000 0.000 
9.000 0.000 
10.000 0.000 
11.000 0.000 
12.000 -0.001 
13.000 -0.002 
14.000 -0.005 
15.000 -0.008 
16.000 -0.010 
17.000 -0.013 
18.000 -0.015 
19.000 -0.016 
20.000 -0.017 
21.000 -0.018 
22.000 -0.018 
23.000 -0.019 
24.000 -0.019 
25.000 -0.020 
26.000 -0.020 
27.000 -0.021 
28.000 -0.022 
29.000 -0.023 
30.000 -0.024 
31.000 -0.025 
32.000 -0.026 
33.000 -0.027 
34.000 -0.028 
35.000 -0.029 
36.000 -0.029 
37.000 -0.030 
38.000 -0.031 
39.000 -0.032 
40.000 -0.032 
41.000 -0.033 
42.000 -0.034 
43.000 -0.034 
44.000 -0.035 
45.000 -0.036 
46.000 -0.037 
47.000 -0.037 
48.000 -0.038 
49.000 -0.039 
50.000 -0.039 
51.000 -0.040 
52.000 -0.040 
53.000 -0.041 
54.000 -0.042 
55.000 -0.042 
56.000 -0.043 
57.000 -0.043 
58.000 -0.044 
59.000 -0.045 
60.000 -0.045 
61.000 -0.046 
62.000 -0.046 
63.000 -0.047 
64.000 -0.047 
65.000 -0.048 
66.000 -0.048 
67.000 -0.049 
68.000 -0.049 
69.000 -0.050 
70.000 -0.050 
71.000 -0.051 
72.000 -0.051 
73.000 -0.052 
74.000 -0.052 
75.000 -0.053 
76.000 -0.053 
77.000 -0.054 
78.000 -0.054 
79.000 -0.054 
80.000 -0.055 
81.000 -0.055 
82.000 -0.056 
83.000 -0.056 
84.000 -0.057 
85.000 -0.057 
86.000 -0.057 
87.000 -0.058 
88.000 -0.058 
89.000 -0.059 
90.000 -0.059 
91.000 -0.059 
92.000 -0.060 
93.000 -0.060 
94.000 -0.060 
95.000 -0.061 
96.000 -0.061 
97.000 -0.062 
98.000 -0.062 
99.000 -0.062 
100.000 -0.063 
101.000 -0.063 
102.000 -0.063 
103.000 -0.064 
104.000 -0.064 
105.000 -0.064 
106.000 -0.065 
107.000 -0.065 
108.000 -0.065 
109.000 -0.066 
110.000 -0.066 
111.000 -0.066 
112.000 -0.066 
113.000 -0.067 
114.000 -0.067 
115.000 -0.067 
116.000 -0.068 
117.000 -0.068 
118.000 -0.068 
119.000 -0.069 
120.000 -0.069 
121.000 -0.069 
122.000 -0.069 
123.000 -0.070 
124.000 -0.070 
125.000 -0.070 
126.000 -0.070 
127.000 -0.070 
128.000 -0.070 
129.000 -0.070 
130.000 -0.070 
131.000 -0.069 
132.000 -0.069 
133.000 -0.069 
134.000 -0.069 
135.000 -0.069 
136.000 -0.070 
137.000 -0.070 
138.000 -0.070 
139.000 -0.070 
140.000 -0.070 
141.000 -0.070 
142.000 -0.070 
143.000 -0.070 
144.000 -0.070 
145.000 -0.070 
146.000 -0.070 
147.000 -0.070 
148.000 -0.070 
149.000 -0.070 
150.000 -0.070 
151.000 -0.070 
152.000 -0.070 
153.000 -0.070 
154.000 -0.071 
155.000 -0.071 
156.000 -0.071 
157.000 -0.071 
158.000 -0.071 
159.000 -0.071 
160.000 -0.071 
161.000 -0.071 
162.000 -0.071 
163.000 -0.071 
164.000 -0.071 
165.000 -0.071 
166.000 -0.071 
167.000 -0.071 
168.000 -0.071 
169.000 -0.071 
170.000 -0.071 
171.000 -0.071 
172.000 -0.071 
173.000 -0.071 
174.000 -0.071 
175.000 -0.071 
176.000 -0.071 
177.000 -0.071 
178.000 -0.071 
179.000 -0.071 
180.000 -0.071 
181.000 -0.071 
182.000 -0.071 
183.000 -0.072 
184.000 -0.072 
185.000 -0.072 
186.000 -0.072 
187.000 -0.072 
188.000 -0.072 
189.000 -0.072 
190.000 -0.072 
191.000 -0.072 
192.000 -0.072 
193.000 -0.072 
194.000 -0.072 
195.000 -0.072 
196.000 -0.072 
197.000 -0.072 
198.000 -0.072 
199.000 -0.072 
200.000 -0.072 
201.000 -0.072 
202.000 -0.072 
203.000 -0.072 
204.000 -0.072 
205.000 -0.072 
206.000 -0.072 
207.000 -0.072 
208.000 -0.072 
209.000 -0.072 
210.000 -0.072 
211.000 -0.072 
212.000 -0.072 
213.000 -0.072 
214.000 -0.072 
215.000 -0.072 
216.000 -0.072 
217.000 -0.073 
218.000 -0.073 
219.000 -0.073 
220.000 -0.073 
221.000 -0.073 
222.000 -0.073 
223.000 -0.073 
224.000 -0.073 
225.000 -0.073 
226.000 -0.073 
227.000 -0.073 
228.000 -0.073 
229.000 -0.073 
230.000 -0.073 
231.000 -0.073 
232.000 -0.073 
233.000 -0.073 
234.000 -0.073 
235.000 -0.073 
236.000 -0.073 
237.000 -0.073 
238.000 -0.073 
239.000 -0.073 
240.000 -0.073 
241.000 -0.073 
242.000 -0.073 
243.000 -0.073 
244.000 -0.073 
245.000 -0.073 
246.000 -0.073 
247.000 -0.071 
248.000 -0.068 
249.000 -0.065 
250.000 -0.061 
251.000 -0.058 
252.000 -0.056 
253.000 -0.054 
254.000 -0.053 
255.000 -0.052 
256.000 -0.051 
257.000 -0.050 
258.000 -0.049 
259.000 -0.048 
260.000 -0.047 
261.000 -0.045 
262.000 -0.043 
263.000 -0.041 
264.000 -0.039 
265.000 -0.037 
266.000 -0.035 
267.000 -0.033 
268.000 -0.030 
269.000 -0.028 
270.000 -0.026 
271.000 -0.024 
272.000 -0.022 
273.000 -0.020 
274.000 -0.018 
275.000 -0.016 
276.000 -0.013 
277.000 -0.011 
278.000 -0.009 
279.000 -0.006 
280.000 -0.004 
281.000 -0.001 
282.000 0.001 
283.000 0.004 
284.000 0.006 
285.000 0.009 
286.000 0.011 
287.000 0.014 
288.000 0.017 
289.000 0.019 
290.000 0.022 
291.000 0.025 
292.000 0.027 
293.000 0.030 
294.000 0.033 
295.000 0.035 
296.000 0.038 
297.000 0.041 
298.000 0.044 
299.000 0.047 
300.000 0.049 
301.000 0.052 
302.000 0.055 
303.000 0.058 
304.000 0.061 
305.000 0.064 
306.000 0.066 
307.000 0.069 
308.000 0.072 
309.000 0.075 
310.000 0.078 
311.000 0.081 
312.000 0.084 
313.000 0.086 
314.000 0.089 
315.000 0.092 
316.000 0.095 
317.000 0.098 
318.000 0.100 
319.000 0.103 
320.000 0.106 
321.000 0.109 
322.000 0.111 
323.000 0.114 
324.000 0.117 
325.000 0.119 
326.000 0.122 
327.000 0.124 
328.000 0.127 
329.000 0.130 
330.000 0.132 
331.000 0.135 
332.000 0.137 
333.000 0.139 
334.000 0.142 
335.000 0.144 
336.000 0.147 
337.000 0.149 
338.000 0.151 
339.000 0.153 
340.000 0.156 
341.000 0.158 
342.000 0.160 
343.000 0.162 
344.000 0.164 
345.000 0.166 
346.000 0.169 
347.000 0.171 
348.000 0.173 
349.000 0.174 
350.000 0.176 
351.000 0.178 
352.000 0.180 
353.000 0.182 
354.000 0.184 
355.000 0.185 
356.000 0.187 
357.000 0.189 
358.000 0.191 
359.000 0.192 
360.000 0.194 
361.000 0.195 
362.000 0.197 
363.000 0.198 
364.000 0.200 
365.000 0.201 
366.000 0.209 
367.000 0.228 
368.000 0.257 
369.000 0.294 
370.000 0.334 
371.000 0.374 
372.000 0.412 
373.000 0.445 
374.000 0.472 
375.000 0.492 
376.000 0.506 
377.000 0.516 
378.000 0.521 
379.000 0.525 
380.000 0.528 
381.000 0.533 
382.000 0.539 
383.000 0.548 
384.000 0.560 
385.000 0.574 
386.000 0.590 
387.000 0.607 
388.000 0.626 
389.000 0.645 
390.000 0.663 
391.000 0.680 
392.000 0.695 
393.000 0.709 
394.000 0.720 
395.000 0.730 
396.000 0.738 
397.000 0.745 
398.000 0.751 
399.000 0.757 
400.000 0.762 
401.000 0.767 
402.000 0.772 
403.000 0.778 
404.000 0.783 
405.000 0.789 
406.000 0.796 
407.000 0.802 
408.000 0.809 
409.000 0.815 
410.000 0.821 
411.000 0.826 
412.000 0.831 
413.000 0.836 
414.000 0.840 
415.000 0.843 
416.000 0.846 
417.000 0.849 
418.000 0.851 
419.000 0.853 
420.000 0.855 
421.000 0.857 
422.000 0.859 
423.000 0.861 
424.000 0.863 
425.000 0.865 
426.000 0.867 
427.000 0.869 
428.000 0.871 
429.000 0.872 
430.000 0.874 
431.000 0.876 
432.000 0.877 
433.000 0.879 
434.000 0.880 
435.000 0.881 
436.000 0.882 
437.000 0.882 
438.000 0.883 
439.000 0.884 
440.000 0.884 
441.000 0.885 
442.000 0.886 
443.000 0.886 
444.000 0.887 
445.000 0.887 
446.000 0.888 
447.000 0.888 
448.000 0.889 
449.000 0.889 
450.000 0.890 
451.000 0.890 
452.000 0.891 
453.000 0.891 
454.000 0.891 
455.000 0.892 
456.000 0.892 
457.000 0.892 
458.000 0.892 
459.000 0.893 
460.000 0.893 
461.000 0.893 
462.000 0.893 
463.000 0.893 
464.000 0.893 
465.000 0.894 
466.000 0.894 
467.000 0.894 
468.000 0.894 
469.000 0.894 
470.000 0.894 
471.000 0.894 
472.000 0.895 
473.000 0.895 
474.000 0.895 
475.000 0.895 
476.000 0.895 
477.000 0.895 
478.000 0.895 
479.000 0.895 
480.000 0.895 
481.000 0.895 
482.000 0.895 
483.000 0.895 
484.000 0.895 
485.000 0.895 
486.000 0.935 
487.000 1.038 
488.000 1.210 
489.000 1.442 
490.000 1.721 
491.000 2.032 
492.000 2.356 
493.000 2.678 
494.000 2.980 
495.000 3.249 
496.000 3.475 
497.000 3.651 
498.000 3.773 
499.000 3.842 
500.000 3.861 
501.000 3.837 
502.000 3.779 
503.000 3.696 
504.000 3.599 
505.000 3.498 
506.000 3.403 
507.000 3.321 
508.000 3.257 
509.000 3.215 
510.000 3.195 
511.000 3.199 
512.000 3.224 
513.000 3.266 
514.000 3.323 
515.000 3.390 
516.000 3.462 
517.000 3.534 
518.000 3.602 
519.000 3.662 
520.000 3.712 
521.000 3.748 
522.000 3.771 
523.000 3.779 
524.000 3.774 
525.000 3.756 
526.000 3.729 
527.000 3.695 
528.000 3.657 
529.000 3.617 
530.000 3.579 
531.000 3.544 
532.000 3.515 
533.000 3.492 
534.000 3.477 
535.000 3.470 
536.000 3.470 
537.000 3.478 
538.000 3.490 
539.000 3.508 
540.000 3.528 
541.000 3.549 
542.000 3.570 
543.000 3.590 
544.000 3.607 
545.000 3.620 
546.000 3.630 
547.000 3.635 
548.000 3.636 
549.000 3.634 
550.000 3.627 
551.000 3.619 
552.000 3.608 
553.000 3.596 
554.000 3.584 
555.000 3.573 
556.000 3.563 
557.000 3.555 
558.000 3.548 
559.000 3.545 
560.000 3.543 
561.000 3.544 
562.000 3.547 
563.000 3.551 
564.000 3.557 
565.000 3.563 
566.000 3.569 
567.000 3.576 
568.000 3.582 
569.000 3.587 
570.000 3.590 
571.000 3.593 
572.000 3.594 
573.000 3.594 
574.000 3.593 
575.000 3.591 
576.000 3.588 
577.000 3.585 
578.000 3.581 
579.000 3.577 
580.000 3.574 
581.000 3.571 
582.000 3.569 
583.000 3.567 
584.000 3.566 
585.000 3.566 
586.000 3.566 
587.000 3.567 
588.000 3.569 
589.000 3.571 
590.000 3.573 
591.000 3.575 
592.000 3.576 
593.000 3.578 
594.000 3.580 
595.000 3.581 
596.000 3.581 
597.000 3.582 
598.000 3.581 
599.000 3.581 
600.000 3.580 
601.000 3.579 
602.000 3.578 
603.000 3.577 
604.000 3.576 
605.000 3.575 
606.000 3.610 
607.000 3.700 
608.000 3.835 
609.000 3.995 
610.000 4.168 
611.000 4.343 
612.000 4.514 
613.000 4.675 
614.000 4.823 
615.000 4.956 
616.000 5.075 
617.000 5.178 
618.000 5.266 
619.000 5.341 
620.000 5.403 
621.000 5.454 
622.000 5.496 
623.000 5.529 
624.000 5.555 
625.000 5.574 
626.000 5.589 
627.000 5.600 
628.000 5.607 
629.000 5.612 
630.000 5.614 
631.000 5.616 
632.000 5.616 
633.000 5.615 
634.000 5.614 
635.000 5.612 
636.000 5.610 
637.000 5.608 
638.000 5.606 
639.000 5.605 
640.000 5.603 
641.000 5.601 
642.000 5.600 
643.000 5.599 
644.000 5.598 
645.000 5.597 
646.000 5.596 
647.000 5.596 
648.000 5.595 
649.000 5.595 
650.000 5.595 
651.000 5.594 
652.000 5.594 
653.000 5.594 
654.000 5.594 
655.000 5.594 
656.000 5.594 
657.000 5.594 
658.000 5.594 
659.000 5.594 
660.000 5.594 
661.000 5.594 
662.000 5.594 
663.000 5.594 
664.000 5.594 
665.000 5.594 
666.000 5.594 
667.000 5.594 
668.000 5.594 
669.000 5.594 
670.000 5.594 
671.000 5.594 
672.000 5.594 
673.000 5.594 
674.000 5.594 
675.000 5.594 
676.000 5.594 
677.000 5.594 
678.000 5.594 
679.000 5.594 
680.000 5.594 
681.000 5.594 
682.000 5.594 
683.000 5.594 
684.000 5.594 
685.000 5.594 
686.000 5.594 
687.000 5.594 
688.000 5.594 
689.000 5.594 
690.000 5.594 
691.000 5.594 
692.000 5.594 
693.000 5.594 
694.000 5.594 
695.000 5.594 
696.000 5.594 
697.000 5.594 
698.000 5.594 
699.000 5.594 
700.000 5.594 
701.000 5.594 
702.000 5.594 
703.000 5.594 
704.000 5.594 
705.000 5.594 
706.000 5.594 
707.000 5.594 
708.000 5.594 
709.000 5.594 
710.000 5.594 
711.000 5.594 
712.000 5.594 
713.000 5.594 
714.000 5.594 
715.000 5.594 
716.000 5.594 
717.000 5.594 
718.000 5.594 
719.000 5.594 
720.000 5.594 
721.000 5.594 
722.000 5.594 
723.000 5.594 
724.000 5.594 
725.000 5.594 
726.000 5.594 
727.000 5.594 
728.000 5.594 
729.000 5.594 
730.000 5.594 
731.000 5.594 
732.000 5.594 
733.000 5.594 
734.000 5.594 
735.000 5.594 
736.000 5.594 
737.000 5.594 
738.000 5.594 
739.000 5.594 
740.000 5.594 
741.000 5.594 
742.000 5.594 
743.000 5.594 
744.000 5.594 
745.000 5.594 
746.000 5.594 
747.000 5.594 
748.000 5.594 
749.000 5.594 
750.000 5.594 
751.000 5.594 
752.000 5.594 
753.000 5.594 
754.000 5.594 
755.000 5.594 
756.000 5.594 
757.000 5.594 
758.000 5.594 
759.000 5.594 
760.000 5.594 
761.000 5.594 
762.000 5.594 
763.000 5.594 
764.000 5.594 
765.000 5.594 
766.000 5.594 
767.000 5.594 
768.000 5.594 
769.000 5.594 
770.000 5.594 
771.000 5.594 
772.000 5.594 
773.000 5.594 
774.000 5.594 
775.000 5.594 
776.000 5.594 
777.000 5.594 
778.000 5.594 
779.000 5.594 
780.000 5.594 
781.000 5.594 
782.000 5.594 
783.000 5.594 
784.000 5.594 
785.000 5.594 
786.000 5.594 
787.000 5.594 
788.000 5.594 
789.000 5.594 
790.000 5.594 
791.000 5.594 
792.000 5.594 
793.000 5.594 
794.000 5.594 
795.000 5.594 
796.000 5.594 
797.000 5.594 
798.000 5.594 
799.000 5.594 
800.000 5.594 
