1.000 0.000 
2.000 0.000 
3.000 0.000 
4.000 0.000 
5.000 0.000 
6.000 0.000 
7.000 0.000 
8.000 0.000 
9.000 0.000 
10.000 0.000 
11.000 0.000 
12.000 -0.002 
13.000 -0.006 
14.000 -0.011 
15.000 -0.016 
16.000 -0.020 
17.000 -0.023 
18.000 -0.023 
19.000 -0.023 
20.000 -0.022 
21.000 -0.022 
22.000 -0.021 
23.000 -0.021 
24.000 -0.022 
25.000 -0.024 
26.000 -0.026 
27.000 -0.028 
28.000 -0.029 
29.000 -0.031 
30.000 -0.032 
31.000 -0.033 
32.000 -0.034 
33.000 -0.034 
34.000 -0.035 
35.000 -0.036 
36.000 -0.036 
37.000 -0.037 
38.000 -0.038 
39.000 -0.039 
40.000 -0.040 
41.000 -0.041 
42.000 -0.042 
43.000 -0.043 
44.000 -0.043 
45.000 -0.044 
46.000 -0.045 
47.000 -0.045 
48.000 -0.046 
49.000 -0.047 
50.000 -0.047 
51.000 -0.048 
52.000 -0.049 
53.000 -0.049 
54.000 -0.050 
55.000 -0.051 
56.000 -0.051 
57.000 -0.052 
58.000 -0.053 
59.000 -0.053 
60.000 -0.054 
61.000 -0.054 
62.000 -0.055 
63.000 -0.055 
64.000 -0.056 
65.000 -0.057 
66.000 -0.057 
67.000 -0.058 
68.000 -0.058 
69.000 -0.059 
70.000 -0.059 
71.000 -0.060 
72.000 -0.060 
73.000 -0.061 
74.000 -0.061 
75.000 -0.062 
76.000 -0.062 
77.000 -0.062 
78.000 -0.063 
79.000 -0.063 
80.000 -0.064 
81.000 -0.064 
82.000 -0.065 
83.000 -0.065 
84.000 -0.065 
85.000 -0.066 
86.000 -0.066 
87.000 -0.067 
88.000 -0.067 
89.000 -0.067 
90.000 -0.068 
91.000 -0.068 
92.000 -0.069 
93.000 -0.069 
94.000 -0.069 
95.000 -0.070 
96.000 -0.070 
97.000 -0.070 
98.000 -0.071 
99.000 -0.071 
100.000 -0.071 
101.000 -0.072 
102.000 -0.072 
103.000 -0.072 
104.000 -0.073 
105.000 -0.073 
106.000 -0.073 
107.000 -0.074 
108.000 -0.074 
109.000 -0.074 
110.000 -0.075 
111.000 -0.075 
112.000 -0.075 
113.000 -0.075 
114.000 -0.076 
115.000 -0.076 
116.000 -0.076 
117.000 -0.077 
118.000 -0.077 
119.000 -0.077 
120.000 -0.077 
121.000 -0.078 
122.000 -0.078 
123.000 -0.078 
124.000 -0.079 
125.000 -0.079 
126.000 -0.079 
127.000 -0.078 
128.000 -0.078 
129.000 -0.077 
130.000 -0.077 
131.000 -0.077 
132.000 -0.077 
133.000 -0.077 
134.000 -0.077 
135.000 -0.078 
136.000 -0.078 
137.000 -0.078 
138.000 -0.078 
139.000 -0.078 
140.000 -0.078 
141.000 -0.078 
142.000 -0.078 
143.000 -0.078 
144.000 -0.078 
145.000 -0.078 
146.000 -0.078 
147.000 -0.078 
148.000 -0.078 
149.000 -0.078 
150.000 -0.078 
151.000 -0.078 
152.000 -0.078 
153.000 -0.078 
154.000 -0.078 
155.000 -0.078 
156.000 -0.078 
157.000 -0.078 
158.000 -0.078 
159.000 -0.078 
160.000 -0.078 
161.000 -0.078 
162.000 -0.078 
163.000 -0.078 
164.000 -0.078 
165.000 -0.078 
166.000 -0.078 
167.000 -0.078 
168.000 -0.078 
169.000 -0.078 
170.000 -0.078 
171.000 -0.078 
172.000 -0.078 
173.000 -0.078 
174.000 -0.078 
175.000 -0.078 
176.000 -0.078 
177.000 -0.078 
178.000 -0.078 
179.000 -0.078 
180.000 -0.078 
181.000 -0.078 
182.000 -0.078 
183.000 -0.078 
184.000 -0.078 
185.000 -0.078 
186.000 -0.078 
187.000 -0.078 
188.000 -0.078 
189.000 -0.078 
190.000 -0.078 
191.000 -0.078 
192.000 -0.078 
193.000 -0.078 
194.000 -0.078 
195.000 -0.078 
196.000 -0.078 
197.000 -0.078 
198.000 -0.078 
199.000 -0.078 
200.000 -0.078 
201.000 -0.078 
202.000 -0.078 
203.000 -0.078 
204.000 -0.078 
205.000 -0.078 
206.000 -0.078 
207.000 -0.078 
208.000 -0.078 
209.000 -0.078 
210.000 -0.078 
211.000 -0.078 
212.000 -0.078 
213.000 -0.078 
214.000 -0.078 
215.000 -0.078 
216.000 -0.078 
217.000 -0.078 
218.000 -0.078 
219.000 -0.078 
220.000 -0.078 
221.000 -0.078 
222.000 -0.078 
223.000 -0.078 
224.000 -0.078 
225.000 -0.078 
226.000 -0.078 
227.000 -0.078 
228.000 -0.078 
229.000 -0.078 
230.000 -0.078 
231.000 -0.078 
232.000 -0.078 
233.000 -0.078 
234.000 -0.078 
235.000 -0.079 
236.000 -0.079 
237.000 -0.079 
238.000 -0.079 
239.000 -0.079 
240.000 -0.079 
241.000 -0.079 
242.000 -0.079 
243.000 -0.079 
244.000 -0.079 
245.000 -0.079 
246.000 -0.078 
247.000 -0.073 
248.000 -0.066 
249.000 -0.060 
250.000 -0.054 
251.000 -0.051 
252.000 -0.050 
253.000 -0.050 
254.000 -0.051 
255.000 -0.053 
256.000 -0.053 
257.000 -0.052 
258.000 -0.050 
259.000 -0.047 
260.000 -0.043 
261.000 -0.039 
262.000 -0.035 
263.000 -0.031 
264.000 -0.028 
265.000 -0.026 
266.000 -0.024 
267.000 -0.022 
268.000 -0.020 
269.000 -0.018 
270.000 -0.015 
271.000 -0.012 
272.000 -0.009 
273.000 -0.006 
274.000 -0.002 
275.000 0.002 
276.000 0.006 
277.000 0.009 
278.000 0.012 
279.000 0.015 
280.000 0.018 
281.000 0.022 
282.000 0.025 
283.000 0.028 
284.000 0.032 
285.000 0.035 
286.000 0.039 
287.000 0.043 
288.000 0.047 
289.000 0.050 
290.000 0.054 
291.000 0.058 
292.000 0.061 
293.000 0.065 
294.000 0.068 
295.000 0.072 
296.000 0.076 
297.000 0.079 
298.000 0.083 
299.000 0.086 
300.000 0.090 
301.000 0.094 
302.000 0.097 
303.000 0.101 
304.000 0.104 
305.000 0.108 
306.000 0.111 
307.000 0.115 
308.000 0.118 
309.000 0.121 
310.000 0.125 
311.000 0.128 
312.000 0.131 
313.000 0.134 
314.000 0.138 
315.000 0.141 
316.000 0.144 
317.000 0.147 
318.000 0.150 
319.000 0.153 
320.000 0.156 
321.000 0.158 
322.000 0.161 
323.000 0.164 
324.000 0.166 
325.000 0.169 
326.000 0.172 
327.000 0.174 
328.000 0.176 
329.000 0.179 
330.000 0.181 
331.000 0.184 
332.000 0.186 
333.000 0.188 
334.000 0.190 
335.000 0.192 
336.000 0.194 
337.000 0.196 
338.000 0.198 
339.000 0.200 
340.000 0.202 
341.000 0.204 
342.000 0.205 
343.000 0.207 
344.000 0.209 
345.000 0.210 
346.000 0.212 
347.000 0.213 
348.000 0.215 
349.000 0.216 
350.000 0.218 
351.000 0.219 
352.000 0.220 
353.000 0.222 
354.000 0.223 
355.000 0.224 
356.000 0.225 
357.000 0.226 
358.000 0.227 
359.000 0.229 
360.000 0.230 
361.000 0.231 
362.000 0.232 
363.000 0.232 
364.000 0.233 
365.000 0.234 
366.000 0.253 
367.000 0.298 
368.000 0.366 
369.000 0.446 
370.000 0.525 
371.000 0.592 
372.000 0.638 
373.000 0.660 
374.000 0.657 
375.000 0.636 
376.000 0.605 
377.000 0.573 
378.000 0.548 
379.000 0.535 
380.000 0.538 
381.000 0.556 
382.000 0.589 
383.000 0.632 
384.000 0.680 
385.000 0.728 
386.000 0.771 
387.000 0.802 
388.000 0.821 
389.000 0.827 
390.000 0.821 
391.000 0.807 
392.000 0.788 
393.000 0.770 
394.000 0.757 
395.000 0.750 
396.000 0.752 
397.000 0.762 
398.000 0.779 
399.000 0.802 
400.000 0.826 
401.000 0.850 
402.000 0.869 
403.000 0.883 
404.000 0.890 
405.000 0.890 
406.000 0.885 
407.000 0.875 
408.000 0.863 
409.000 0.852 
410.000 0.843 
411.000 0.838 
412.000 0.838 
413.000 0.843 
414.000 0.851 
415.000 0.863 
416.000 0.875 
417.000 0.886 
418.000 0.896 
419.000 0.902 
420.000 0.905 
421.000 0.904 
422.000 0.900 
423.000 0.894 
424.000 0.887 
425.000 0.880 
426.000 0.875 
427.000 0.872 
428.000 0.871 
429.000 0.874 
430.000 0.878 
431.000 0.883 
432.000 0.890 
433.000 0.895 
434.000 0.900 
435.000 0.903 
436.000 0.904 
437.000 0.903 
438.000 0.901 
439.000 0.897 
440.000 0.893 
441.000 0.890 
442.000 0.887 
443.000 0.885 
444.000 0.885 
445.000 0.886 
446.000 0.888 
447.000 0.891 
448.000 0.894 
449.000 0.897 
450.000 0.900 
451.000 0.901 
452.000 0.902 
453.000 0.901 
454.000 0.900 
455.000 0.898 
456.000 0.895 
457.000 0.893 
458.000 0.892 
459.000 0.891 
460.000 0.890 
461.000 0.891 
462.000 0.892 
463.000 0.894 
464.000 0.895 
465.000 0.897 
466.000 0.898 
467.000 0.899 
468.000 0.899 
469.000 0.899 
470.000 0.898 
471.000 0.897 
472.000 0.896 
473.000 0.895 
474.000 0.894 
475.000 0.893 
476.000 0.893 
477.000 0.893 
478.000 0.894 
479.000 0.895 
480.000 0.896 
481.000 0.897 
482.000 0.897 
483.000 0.898 
484.000 0.898 
485.000 0.898 
486.000 0.984 
487.000 1.199 
488.000 1.514 
489.000 1.888 
490.000 2.291 
491.000 2.698 
492.000 3.094 
493.000 3.468 
494.000 3.811 
495.000 4.120 
496.000 4.370 
497.000 4.515 
498.000 4.529 
499.000 4.422 
500.000 4.221 
501.000 3.968 
502.000 3.703 
503.000 3.462 
504.000 3.272 
505.000 3.151 
506.000 3.107 
507.000 3.140 
508.000 3.241 
509.000 3.395 
510.000 3.585 
511.000 3.786 
512.000 3.976 
513.000 4.132 
514.000 4.235 
515.000 4.274 
516.000 4.243 
517.000 4.147 
518.000 3.998 
519.000 3.816 
520.000 3.624 
521.000 3.442 
522.000 3.291 
523.000 3.184 
524.000 3.129 
525.000 3.129 
526.000 3.180 
527.000 3.274 
528.000 3.399 
529.000 3.541 
530.000 3.683 
531.000 3.809 
532.000 3.907 
533.000 3.965 
534.000 3.978 
535.000 3.946 
536.000 3.875 
537.000 3.774 
538.000 3.657 
539.000 3.538 
540.000 3.431 
541.000 3.346 
542.000 3.293 
543.000 3.273 
544.000 3.289 
545.000 3.337 
546.000 3.409 
547.000 3.497 
548.000 3.591 
549.000 3.680 
550.000 3.755 
551.000 3.807 
552.000 3.832 
553.000 3.827 
554.000 3.795 
555.000 3.740 
556.000 3.670 
557.000 3.593 
558.000 3.519 
559.000 3.455 
560.000 3.408 
561.000 3.382 
562.000 3.380 
563.000 3.400 
564.000 3.438 
565.000 3.490 
566.000 3.550 
567.000 3.611 
568.000 3.665 
569.000 3.707 
570.000 3.733 
571.000 3.741 
572.000 3.730 
573.000 3.702 
574.000 3.662 
575.000 3.614 
576.000 3.565 
577.000 3.519 
578.000 3.482 
579.000 3.457 
580.000 3.447 
581.000 3.452 
582.000 3.471 
583.000 3.500 
584.000 3.537 
585.000 3.576 
586.000 3.614 
587.000 3.646 
588.000 3.669 
589.000 3.681 
590.000 3.680 
591.000 3.668 
592.000 3.646 
593.000 3.618 
594.000 3.586 
595.000 3.555 
596.000 3.527 
597.000 3.507 
598.000 3.495 
599.000 3.493 
600.000 3.500 
601.000 3.515 
602.000 3.537 
603.000 3.562 
604.000 3.587 
605.000 3.610 
606.000 3.682 
607.000 3.804 
608.000 3.956 
609.000 4.125 
610.000 4.299 
611.000 4.470 
612.000 4.633 
613.000 4.784 
614.000 4.921 
615.000 5.044 
616.000 5.150 
617.000 5.242 
618.000 5.321 
619.000 5.386 
620.000 5.441 
621.000 5.485 
622.000 5.520 
623.000 5.548 
624.000 5.569 
625.000 5.585 
626.000 5.597 
627.000 5.605 
628.000 5.610 
629.000 5.614 
630.000 5.615 
631.000 5.616 
632.000 5.615 
633.000 5.614 
634.000 5.612 
635.000 5.611 
636.000 5.609 
637.000 5.607 
638.000 5.605 
639.000 5.603 
640.000 5.602 
641.000 5.600 
642.000 5.599 
643.000 5.598 
644.000 5.597 
645.000 5.597 
646.000 5.596 
647.000 5.596 
648.000 5.595 
649.000 5.595 
650.000 5.595 
651.000 5.594 
652.000 5.594 
653.000 5.594 
654.000 5.594 
655.000 5.594 
656.000 5.594 
657.000 5.594 
658.000 5.594 
659.000 5.594 
660.000 5.594 
661.000 5.594 
662.000 5.594 
663.000 5.594 
664.000 5.594 
665.000 5.594 
666.000 5.594 
667.000 5.594 
668.000 5.594 
669.000 5.594 
670.000 5.594 
671.000 5.594 
672.000 5.594 
673.000 5.594 
674.000 5.594 
675.000 5.594 
676.000 5.594 
677.000 5.594 
678.000 5.594 
679.000 5.594 
680.000 5.594 
681.000 5.594 
682.000 5.594 
683.000 5.594 
684.000 5.594 
685.000 5.594 
686.000 5.594 
687.000 5.594 
688.000 5.594 
689.000 5.594 
690.000 5.594 
691.000 5.594 
692.000 5.594 
693.000 5.594 
694.000 5.594 
695.000 5.594 
696.000 5.594 
697.000 5.594 
698.000 5.594 
699.000 5.594 
700.000 5.594 
701.000 5.594 
702.000 5.594 
703.000 5.594 
704.000 5.594 
705.000 5.594 
706.000 5.594 
707.000 5.594 
708.000 5.594 
709.000 5.594 
710.000 5.594 
711.000 5.594 
712.000 5.594 
713.000 5.594 
714.000 5.594 
715.000 5.594 
716.000 5.594 
717.000 5.594 
718.000 5.594 
719.000 5.594 
720.000 5.594 
721.000 5.594 
722.000 5.594 
723.000 5.594 
724.000 5.594 
725.000 5.594 
726.000 5.594 
727.000 5.594 
728.000 5.594 
729.000 5.594 
730.000 5.594 
731.000 5.594 
732.000 5.594 
733.000 5.594 
734.000 5.594 
735.000 5.594 
736.000 5.594 
737.000 5.594 
738.000 5.594 
739.000 5.594 
740.000 5.594 
741.000 5.594 
742.000 5.594 
743.000 5.594 
744.000 5.594 
745.000 5.594 
746.000 5.594 
747.000 5.594 
748.000 5.594 
749.000 5.594 
750.000 5.594 
751.000 5.594 
752.000 5.594 
753.000 5.594 
754.000 5.594 
755.000 5.594 
756.000 5.594 
757.000 5.594 
758.000 5.594 
759.000 5.594 
760.000 5.594 
761.000 5.594 
762.000 5.594 
763.000 5.594 
764.000 5.594 
765.000 5.594 
766.000 5.594 
767.000 5.594 
768.000 5.594 
769.000 5.594 
770.000 5.594 
771.000 5.594 
772.000 5.594 
773.000 5.594 
774.000 5.594 
775.000 5.594 
776.000 5.594 
777.000 5.594 
778.000 5.594 
779.000 5.594 
780.000 5.594 
781.000 5.594 
782.000 5.594 
783.000 5.594 
784.000 5.594 
785.000 5.594 
786.000 5.594 
787.000 5.594 
788.000 5.594 
789.000 5.594 
790.000 5.594 
791.000 5.594 
792.000 5.594 
793.000 5.594 
794.000 5.594 
795.000 5.594 
796.000 5.594 
797.000 5.594 
798.000 5.594 
799.000 5.594 
800.000 5.594 
