1.000 0.000 
2.000 0.000 
3.000 0.000 
4.000 0.000 
5.000 0.000 
6.000 0.000 
7.000 0.000 
8.000 0.000 
9.000 0.000 
10.000 0.000 
11.000 0.000 
12.000 -0.001 
13.000 -0.002 
14.000 -0.004 
15.000 -0.007 
16.000 -0.009 
17.000 -0.011 
18.000 -0.013 
19.000 -0.015 
20.000 -0.016 
21.000 -0.017 
22.000 -0.017 
23.000 -0.018 
24.000 -0.018 
25.000 -0.019 
26.000 -0.020 
27.000 -0.020 
28.000 -0.021 
29.000 -0.022 
30.000 -0.023 
31.000 -0.024 
32.000 -0.025 
33.000 -0.025 
34.000 -0.026 
35.000 -0.027 
36.000 -0.028 
37.000 -0.029 
38.000 -0.030 
39.000 -0.030 
40.000 -0.031 
41.000 -0.032 
42.000 -0.032 
43.000 -0.033 
44.000 -0.034 
45.000 -0.035 
46.000 -0.035 
47.000 -0.036 
48.000 -0.036 
49.000 -0.037 
50.000 -0.038 
51.000 -0.038 
52.000 -0.039 
53.000 -0.040 
54.000 -0.040 
55.000 -0.041 
56.000 -0.041 
57.000 -0.042 
58.000 -0.043 
59.000 -0.043 
60.000 -0.044 
61.000 -0.044 
62.000 -0.045 
63.000 -0.045 
64.000 -0.046 
65.000 -0.046 
66.000 -0.047 
67.000 -0.047 
68.000 -0.048 
69.000 -0.048 
70.000 -0.049 
71.000 -0.049 
72.000 -0.050 
73.000 -0.050 
74.000 -0.051 
75.000 -0.051 
76.000 -0.052 
77.000 -0.052 
78.000 -0.052 
79.000 -0.053 
80.000 -0.053 
81.000 -0.054 
82.000 -0.054 
83.000 -0.055 
84.000 -0.055 
85.000 -0.055 
86.000 -0.056 
87.000 -0.056 
88.000 -0.057 
89.000 -0.057 
90.000 -0.057 
91.000 -0.058 
92.000 -0.058 
93.000 -0.058 
94.000 -0.059 
95.000 -0.059 
96.000 -0.060 
97.000 -0.060 
98.000 -0.060 
99.000 -0.061 
100.000 -0.061 
101.000 -0.061 
102.000 -0.062 
103.000 -0.062 
104.000 -0.062 
105.000 -0.063 
106.000 -0.063 
107.000 -0.063 
108.000 -0.064 
109.000 -0.064 
110.000 -0.064 
111.000 -0.065 
112.000 -0.065 
113.000 -0.065 
114.000 -0.065 
115.000 -0.066 
116.000 -0.066 
117.000 -0.066 
118.000 -0.067 
119.000 -0.067 
120.000 -0.067 
121.000 -0.068 
122.000 -0.068 
123.000 -0.068 
124.000 -0.068 
125.000 -0.069 
126.000 -0.069 
127.000 -0.069 
128.000 -0.069 
129.000 -0.068 
130.000 -0.068 
131.000 -0.068 
132.000 -0.068 
133.000 -0.068 
134.000 -0.068 
135.000 -0.068 
136.000 -0.068 
137.000 -0.068 
138.000 -0.068 
139.000 -0.068 
140.000 -0.069 
141.000 -0.069 
142.000 -0.069 
143.000 -0.069 
144.000 -0.069 
145.000 -0.069 
146.000 -0.069 
147.000 -0.069 
148.000 -0.069 
149.000 -0.069 
150.000 -0.069 
151.000 -0.069 
152.000 -0.069 
153.000 -0.069 
154.000 -0.069 
155.000 -0.069 
156.000 -0.069 
157.000 -0.069 
158.000 -0.069 
159.000 -0.069 
160.000 -0.069 
161.000 -0.069 
162.000 -0.069 
163.000 -0.070 
164.000 -0.070 
165.000 -0.070 
166.000 -0.070 
167.000 -0.070 
168.000 -0.070 
169.000 -0.070 
170.000 -0.070 
171.000 -0.070 
172.000 -0.070 
173.000 -0.070 
174.000 -0.070 
175.000 -0.070 
176.000 -0.070 
177.000 -0.070 
178.000 -0.070 
179.000 -0.070 
180.000 -0.070 
181.000 -0.070 
182.000 -0.070 
183.000 -0.070 
184.000 -0.070 
185.000 -0.070 
186.000 -0.070 
187.000 -0.070 
188.000 -0.070 
189.000 -0.070 
190.000 -0.071 
191.000 -0.071 
192.000 -0.071 
193.000 -0.071 
194.000 -0.071 
195.000 -0.071 
196.000 -0.071 
197.000 -0.071 
198.000 -0.071 
199.000 -0.071 
200.000 -0.071 
201.000 -0.071 
202.000 -0.071 
203.000 -0.071 
204.000 -0.071 
205.000 -0.071 
206.000 -0.071 
207.000 -0.071 
208.000 -0.071 
209.000 -0.071 
210.000 -0.071 
211.000 -0.071 
212.000 -0.071 
213.000 -0.071 
214.000 -0.071 
215.000 -0.071 
216.000 -0.071 
217.000 -0.071 
218.000 -0.071 
219.000 -0.071 
220.000 -0.072 
221.000 -0.072 
222.000 -0.072 
223.000 -0.072 
224.000 -0.072 
225.000 -0.072 
226.000 -0.072 
227.000 -0.072 
228.000 -0.072 
229.000 -0.072 
230.000 -0.072 
231.000 -0.072 
232.000 -0.072 
233.000 -0.072 
234.000 -0.072 
235.000 -0.072 
236.000 -0.072 
237.000 -0.072 
238.000 -0.072 
239.000 -0.072 
240.000 -0.072 
241.000 -0.072 
242.000 -0.072 
243.000 -0.072 
244.000 -0.072 
245.000 -0.072 
246.000 -0.072 
247.000 -0.070 
248.000 -0.068 
249.000 -0.065 
250.000 -0.062 
251.000 -0.059 
252.000 -0.057 
253.000 -0.055 
254.000 -0.053 
255.000 -0.052 
256.000 -0.051 
257.000 -0.050 
258.000 -0.049 
259.000 -0.048 
260.000 -0.047 
261.000 -0.045 
262.000 -0.044 
263.000 -0.042 
264.000 -0.040 
265.000 -0.038 
266.000 -0.036 
267.000 -0.034 
268.000 -0.032 
269.000 -0.030 
270.000 -0.028 
271.000 -0.026 
272.000 -0.024 
273.000 -0.022 
274.000 -0.020 
275.000 -0.018 
276.000 -0.015 
277.000 -0.013 
278.000 -0.011 
279.000 -0.009 
280.000 -0.007 
281.000 -0.004 
282.000 -0.002 
283.000 0.000 
284.000 0.003 
285.000 0.005 
286.000 0.008 
287.000 0.010 
288.000 0.012 
289.000 0.015 
290.000 0.017 
291.000 0.020 
292.000 0.023 
293.000 0.025 
294.000 0.028 
295.000 0.030 
296.000 0.033 
297.000 0.036 
298.000 0.038 
299.000 0.041 
300.000 0.044 
301.000 0.046 
302.000 0.049 
303.000 0.052 
304.000 0.054 
305.000 0.057 
306.000 0.060 
307.000 0.063 
308.000 0.065 
309.000 0.068 
310.000 0.071 
311.000 0.073 
312.000 0.076 
313.000 0.079 
314.000 0.082 
315.000 0.084 
316.000 0.087 
317.000 0.090 
318.000 0.092 
319.000 0.095 
320.000 0.098 
321.000 0.100 
322.000 0.103 
323.000 0.106 
324.000 0.108 
325.000 0.111 
326.000 0.113 
327.000 0.116 
328.000 0.118 
329.000 0.121 
330.000 0.123 
331.000 0.126 
332.000 0.128 
333.000 0.131 
334.000 0.133 
335.000 0.136 
336.000 0.138 
337.000 0.140 
338.000 0.143 
339.000 0.145 
340.000 0.147 
341.000 0.149 
342.000 0.151 
343.000 0.154 
344.000 0.156 
345.000 0.158 
346.000 0.160 
347.000 0.162 
348.000 0.164 
349.000 0.166 
350.000 0.168 
351.000 0.170 
352.000 0.172 
353.000 0.174 
354.000 0.176 
355.000 0.177 
356.000 0.179 
357.000 0.181 
358.000 0.183 
359.000 0.184 
360.000 0.186 
361.000 0.188 
362.000 0.189 
363.000 0.191 
364.000 0.192 
365.000 0.194 
366.000 0.201 
367.000 0.216 
368.000 0.240 
369.000 0.271 
370.000 0.306 
371.000 0.343 
372.000 0.378 
373.000 0.410 
374.000 0.438 
375.000 0.461 
376.000 0.478 
377.000 0.492 
378.000 0.501 
379.000 0.509 
380.000 0.515 
381.000 0.520 
382.000 0.527 
383.000 0.534 
384.000 0.544 
385.000 0.555 
386.000 0.569 
387.000 0.584 
388.000 0.600 
389.000 0.617 
390.000 0.634 
391.000 0.650 
392.000 0.666 
393.000 0.681 
394.000 0.695 
395.000 0.707 
396.000 0.718 
397.000 0.727 
398.000 0.735 
399.000 0.742 
400.000 0.749 
401.000 0.755 
402.000 0.760 
403.000 0.766 
404.000 0.771 
405.000 0.777 
406.000 0.783 
407.000 0.788 
408.000 0.794 
409.000 0.800 
410.000 0.806 
411.000 0.812 
412.000 0.818 
413.000 0.823 
414.000 0.828 
415.000 0.832 
416.000 0.836 
417.000 0.840 
418.000 0.843 
419.000 0.846 
420.000 0.849 
421.000 0.851 
422.000 0.853 
423.000 0.856 
424.000 0.858 
425.000 0.859 
426.000 0.861 
427.000 0.863 
428.000 0.865 
429.000 0.867 
430.000 0.869 
431.000 0.870 
432.000 0.872 
433.000 0.874 
434.000 0.875 
435.000 0.877 
436.000 0.878 
437.000 0.879 
438.000 0.880 
439.000 0.881 
440.000 0.882 
441.000 0.883 
442.000 0.883 
443.000 0.884 
444.000 0.885 
445.000 0.885 
446.000 0.886 
447.000 0.886 
448.000 0.887 
449.000 0.887 
450.000 0.888 
451.000 0.888 
452.000 0.889 
453.000 0.889 
454.000 0.890 
455.000 0.890 
456.000 0.891 
457.000 0.891 
458.000 0.891 
459.000 0.892 
460.000 0.892 
461.000 0.892 
462.000 0.892 
463.000 0.893 
464.000 0.893 
465.000 0.893 
466.000 0.893 
467.000 0.893 
468.000 0.893 
469.000 0.894 
470.000 0.894 
471.000 0.894 
472.000 0.894 
473.000 0.894 
474.000 0.894 
475.000 0.894 
476.000 0.894 
477.000 0.895 
478.000 0.895 
479.000 0.895 
480.000 0.895 
481.000 0.895 
482.000 0.895 
483.000 0.895 
484.000 0.895 
485.000 0.895 
486.000 0.927 
487.000 1.014 
488.000 1.159 
489.000 1.358 
490.000 1.603 
491.000 1.880 
492.000 2.177 
493.000 2.478 
494.000 2.770 
495.000 3.042 
496.000 3.283 
497.000 3.485 
498.000 3.643 
499.000 3.755 
500.000 3.821 
501.000 3.844 
502.000 3.830 
503.000 3.785 
504.000 3.717 
505.000 3.635 
506.000 3.546 
507.000 3.459 
508.000 3.381 
509.000 3.315 
510.000 3.266 
511.000 3.235 
512.000 3.224 
513.000 3.232 
514.000 3.257 
515.000 3.296 
516.000 3.347 
517.000 3.405 
518.000 3.467 
519.000 3.530 
520.000 3.589 
521.000 3.643 
522.000 3.687 
523.000 3.722 
524.000 3.745 
525.000 3.757 
526.000 3.757 
527.000 3.747 
528.000 3.728 
529.000 3.703 
530.000 3.672 
531.000 3.639 
532.000 3.605 
533.000 3.573 
534.000 3.544 
535.000 3.519 
536.000 3.501 
537.000 3.488 
538.000 3.482 
539.000 3.481 
540.000 3.486 
541.000 3.496 
542.000 3.510 
543.000 3.526 
544.000 3.544 
545.000 3.562 
546.000 3.579 
547.000 3.594 
548.000 3.608 
549.000 3.618 
550.000 3.625 
551.000 3.628 
552.000 3.629 
553.000 3.626 
554.000 3.620 
555.000 3.613 
556.000 3.604 
557.000 3.595 
558.000 3.585 
559.000 3.575 
560.000 3.567 
561.000 3.559 
562.000 3.554 
563.000 3.550 
564.000 3.548 
565.000 3.548 
566.000 3.549 
567.000 3.552 
568.000 3.556 
569.000 3.561 
570.000 3.566 
571.000 3.571 
572.000 3.576 
573.000 3.581 
574.000 3.585 
575.000 3.588 
576.000 3.590 
577.000 3.591 
578.000 3.591 
579.000 3.591 
580.000 3.589 
581.000 3.587 
582.000 3.584 
583.000 3.582 
584.000 3.579 
585.000 3.576 
586.000 3.573 
587.000 3.571 
588.000 3.570 
589.000 3.568 
590.000 3.568 
591.000 3.568 
592.000 3.568 
593.000 3.569 
594.000 3.570 
595.000 3.571 
596.000 3.573 
597.000 3.574 
598.000 3.576 
599.000 3.577 
600.000 3.579 
601.000 3.579 
602.000 3.580 
603.000 3.580 
604.000 3.581 
605.000 3.580 
606.000 3.609 
607.000 3.687 
608.000 3.811 
609.000 3.965 
610.000 4.135 
611.000 4.309 
612.000 4.480 
613.000 4.642 
614.000 4.793 
615.000 4.929 
616.000 5.050 
617.000 5.156 
618.000 5.247 
619.000 5.325 
620.000 5.390 
621.000 5.443 
622.000 5.487 
623.000 5.522 
624.000 5.549 
625.000 5.570 
626.000 5.586 
627.000 5.597 
628.000 5.605 
629.000 5.611 
630.000 5.614 
631.000 5.615 
632.000 5.616 
633.000 5.615 
634.000 5.614 
635.000 5.612 
636.000 5.610 
637.000 5.609 
638.000 5.607 
639.000 5.605 
640.000 5.603 
641.000 5.602 
642.000 5.600 
643.000 5.599 
644.000 5.598 
645.000 5.597 
646.000 5.597 
647.000 5.596 
648.000 5.595 
649.000 5.595 
650.000 5.595 
651.000 5.595 
652.000 5.594 
653.000 5.594 
654.000 5.594 
655.000 5.594 
656.000 5.594 
657.000 5.594 
658.000 5.594 
659.000 5.594 
660.000 5.594 
661.000 5.594 
662.000 5.594 
663.000 5.594 
664.000 5.594 
665.000 5.594 
666.000 5.594 
667.000 5.594 
668.000 5.594 
669.000 5.594 
670.000 5.594 
671.000 5.594 
672.000 5.594 
673.000 5.594 
674.000 5.594 
675.000 5.594 
676.000 5.594 
677.000 5.594 
678.000 5.594 
679.000 5.594 
680.000 5.594 
681.000 5.594 
682.000 5.594 
683.000 5.594 
684.000 5.594 
685.000 5.594 
686.000 5.594 
687.000 5.594 
688.000 5.594 
689.000 5.594 
690.000 5.594 
691.000 5.594 
692.000 5.594 
693.000 5.594 
694.000 5.594 
695.000 5.594 
696.000 5.594 
697.000 5.594 
698.000 5.594 
699.000 5.594 
700.000 5.594 
701.000 5.594 
702.000 5.594 
703.000 5.594 
704.000 5.594 
705.000 5.594 
706.000 5.594 
707.000 5.594 
708.000 5.594 
709.000 5.594 
710.000 5.594 
711.000 5.594 
712.000 5.594 
713.000 5.594 
714.000 5.594 
715.000 5.594 
716.000 5.594 
717.000 5.594 
718.000 5.594 
719.000 5.594 
720.000 5.594 
721.000 5.594 
722.000 5.594 
723.000 5.594 
724.000 5.594 
725.000 5.594 
726.000 5.594 
727.000 5.594 
728.000 5.594 
729.000 5.594 
730.000 5.594 
731.000 5.594 
732.000 5.594 
733.000 5.594 
734.000 5.594 
735.000 5.594 
736.000 5.594 
737.000 5.594 
738.000 5.594 
739.000 5.594 
740.000 5.594 
741.000 5.594 
742.000 5.594 
743.000 5.594 
744.000 5.594 
745.000 5.594 
746.000 5.594 
747.000 5.594 
748.000 5.594 
749.000 5.594 
750.000 5.594 
751.000 5.594 
752.000 5.594 
753.000 5.594 
754.000 5.594 
755.000 5.594 
756.000 5.594 
757.000 5.594 
758.000 5.594 
759.000 5.594 
760.000 5.594 
761.000 5.594 
762.000 5.594 
763.000 5.594 
764.000 5.594 
765.000 5.594 
766.000 5.594 
767.000 5.594 
768.000 5.594 
769.000 5.594 
770.000 5.594 
771.000 5.594 
772.000 5.594 
773.000 5.594 
774.000 5.594 
775.000 5.594 
776.000 5.594 
777.000 5.594 
778.000 5.594 
779.000 5.594 
780.000 5.594 
781.000 5.594 
782.000 5.594 
783.000 5.594 
784.000 5.594 
785.000 5.594 
786.000 5.594 
787.000 5.594 
788.000 5.594 
789.000 5.594 
790.000 5.594 
791.000 5.594 
792.000 5.594 
793.000 5.594 
794.000 5.594 
795.000 5.594 
796.000 5.594 
797.000 5.594 
798.000 5.594 
799.000 5.594 
800.000 5.594 
