1.000 0.000 
2.000 0.000 
3.000 0.000 
4.000 0.000 
5.000 0.000 
6.000 0.000 
7.000 0.000 
8.000 0.000 
9.000 0.000 
10.000 0.000 
11.000 0.000 
12.000 -0.001 
13.000 -0.004 
14.000 -0.008 
15.000 -0.012 
16.000 -0.017 
17.000 -0.021 
18.000 -0.025 
19.000 -0.027 
20.000 -0.028 
21.000 -0.029 
22.000 -0.029 
23.000 -0.028 
24.000 -0.027 
25.000 -0.027 
26.000 -0.027 
27.000 -0.027 
28.000 -0.028 
29.000 -0.029 
30.000 -0.031 
31.000 -0.033 
32.000 -0.035 
33.000 -0.037 
34.000 -0.039 
35.000 -0.040 
36.000 -0.041 
37.000 -0.042 
38.000 -0.043 
39.000 -0.043 
40.000 -0.044 
41.000 -0.044 
42.000 -0.044 
43.000 -0.045 
44.000 -0.045 
45.000 -0.046 
46.000 -0.047 
47.000 -0.048 
48.000 -0.049 
49.000 -0.050 
50.000 -0.051 
51.000 -0.052 
52.000 -0.053 
53.000 -0.053 
54.000 -0.054 
55.000 -0.054 
56.000 -0.055 
57.000 -0.055 
58.000 -0.056 
59.000 -0.056 
60.000 -0.057 
61.000 -0.058 
62.000 -0.058 
63.000 -0.059 
64.000 -0.059 
65.000 -0.060 
66.000 -0.061 
67.000 -0.061 
68.000 -0.062 
69.000 -0.062 
70.000 -0.063 
71.000 -0.063 
72.000 -0.064 
73.000 -0.064 
74.000 -0.065 
75.000 -0.065 
76.000 -0.065 
77.000 -0.066 
78.000 -0.066 
79.000 -0.067 
80.000 -0.067 
81.000 -0.068 
82.000 -0.068 
83.000 -0.069 
84.000 -0.069 
85.000 -0.069 
86.000 -0.070 
87.000 -0.070 
88.000 -0.071 
89.000 -0.071 
90.000 -0.071 
91.000 -0.072 
92.000 -0.072 
93.000 -0.072 
94.000 -0.073 
95.000 -0.073 
96.000 -0.074 
97.000 -0.074 
98.000 -0.074 
99.000 -0.075 
100.000 -0.075 
101.000 -0.075 
102.000 -0.076 
103.000 -0.076 
104.000 -0.076 
105.000 -0.077 
106.000 -0.077 
107.000 -0.077 
108.000 -0.077 
109.000 -0.078 
110.000 -0.078 
111.000 -0.078 
112.000 -0.079 
113.000 -0.079 
114.000 -0.079 
115.000 -0.079 
116.000 -0.080 
117.000 -0.080 
118.000 -0.080 
119.000 -0.081 
120.000 -0.081 
121.000 -0.081 
122.000 -0.081 
123.000 -0.082 
124.000 -0.082 
125.000 -0.082 
126.000 -0.082 
127.000 -0.082 
128.000 -0.082 
129.000 -0.081 
130.000 -0.081 
131.000 -0.080 
132.000 -0.080 
133.000 -0.080 
134.000 -0.080 
135.000 -0.080 
136.000 -0.080 
137.000 -0.081 
138.000 -0.081 
139.000 -0.081 
140.000 -0.081 
141.000 -0.081 
142.000 -0.081 
143.000 -0.081 
144.000 -0.081 
145.000 -0.081 
146.000 -0.081 
147.000 -0.081 
148.000 -0.081 
149.000 -0.081 
150.000 -0.081 
151.000 -0.081 
152.000 -0.081 
153.000 -0.081 
154.000 -0.081 
155.000 -0.081 
156.000 -0.081 
157.000 -0.081 
158.000 -0.081 
159.000 -0.081 
160.000 -0.081 
161.000 -0.081 
162.000 -0.081 
163.000 -0.081 
164.000 -0.081 
165.000 -0.081 
166.000 -0.081 
167.000 -0.081 
168.000 -0.081 
169.000 -0.081 
170.000 -0.081 
171.000 -0.081 
172.000 -0.081 
173.000 -0.081 
174.000 -0.081 
175.000 -0.081 
176.000 -0.081 
177.000 -0.081 
178.000 -0.081 
179.000 -0.081 
180.000 -0.081 
181.000 -0.081 
182.000 -0.081 
183.000 -0.081 
184.000 -0.081 
185.000 -0.081 
186.000 -0.081 
187.000 -0.081 
188.000 -0.081 
189.000 -0.081 
190.000 -0.081 
191.000 -0.081 
192.000 -0.081 
193.000 -0.081 
194.000 -0.081 
195.000 -0.081 
196.000 -0.081 
197.000 -0.081 
198.000 -0.081 
199.000 -0.081 
200.000 -0.081 
201.000 -0.081 
202.000 -0.081 
203.000 -0.081 
204.000 -0.081 
205.000 -0.081 
206.000 -0.081 
207.000 -0.081 
208.000 -0.081 
209.000 -0.081 
210.000 -0.081 
211.000 -0.081 
212.000 -0.081 
213.000 -0.081 
214.000 -0.081 
215.000 -0.081 
216.000 -0.081 
217.000 -0.081 
218.000 -0.081 
219.000 -0.081 
220.000 -0.081 
221.000 -0.081 
222.000 -0.081 
223.000 -0.081 
224.000 -0.081 
225.000 -0.081 
226.000 -0.081 
227.000 -0.081 
228.000 -0.081 
229.000 -0.081 
230.000 -0.081 
231.000 -0.081 
232.000 -0.081 
233.000 -0.081 
234.000 -0.081 
235.000 -0.081 
236.000 -0.081 
237.000 -0.081 
238.000 -0.081 
239.000 -0.081 
240.000 -0.081 
241.000 -0.081 
242.000 -0.081 
243.000 -0.081 
244.000 -0.081 
245.000 -0.081 
246.000 -0.080 
247.000 -0.078 
248.000 -0.073 
249.000 -0.068 
250.000 -0.061 
251.000 -0.055 
252.000 -0.050 
253.000 -0.046 
254.000 -0.044 
255.000 -0.043 
256.000 -0.043 
257.000 -0.044 
258.000 -0.044 
259.000 -0.045 
260.000 -0.044 
261.000 -0.043 
262.000 -0.041 
263.000 -0.037 
264.000 -0.033 
265.000 -0.028 
266.000 -0.023 
267.000 -0.017 
268.000 -0.012 
269.000 -0.007 
270.000 -0.003 
271.000 0.000 
272.000 0.003 
273.000 0.005 
274.000 0.007 
275.000 0.009 
276.000 0.011 
277.000 0.014 
278.000 0.017 
279.000 0.021 
280.000 0.025 
281.000 0.030 
282.000 0.035 
283.000 0.040 
284.000 0.046 
285.000 0.051 
286.000 0.056 
287.000 0.060 
288.000 0.064 
289.000 0.068 
290.000 0.071 
291.000 0.074 
292.000 0.077 
293.000 0.081 
294.000 0.084 
295.000 0.088 
296.000 0.092 
297.000 0.096 
298.000 0.100 
299.000 0.105 
300.000 0.109 
301.000 0.114 
302.000 0.118 
303.000 0.123 
304.000 0.126 
305.000 0.130 
306.000 0.134 
307.000 0.137 
308.000 0.140 
309.000 0.143 
310.000 0.146 
311.000 0.148 
312.000 0.151 
313.000 0.155 
314.000 0.158 
315.000 0.161 
316.000 0.164 
317.000 0.168 
318.000 0.171 
319.000 0.174 
320.000 0.177 
321.000 0.180 
322.000 0.183 
323.000 0.185 
324.000 0.188 
325.000 0.190 
326.000 0.192 
327.000 0.194 
328.000 0.196 
329.000 0.198 
330.000 0.200 
331.000 0.202 
332.000 0.204 
333.000 0.206 
334.000 0.208 
335.000 0.210 
336.000 0.212 
337.000 0.214 
338.000 0.216 
339.000 0.217 
340.000 0.219 
341.000 0.220 
342.000 0.222 
343.000 0.223 
344.000 0.224 
345.000 0.225 
346.000 0.226 
347.000 0.227 
348.000 0.228 
349.000 0.230 
350.000 0.231 
351.000 0.232 
352.000 0.233 
353.000 0.234 
354.000 0.235 
355.000 0.236 
356.000 0.237 
357.000 0.238 
358.000 0.239 
359.000 0.240 
360.000 0.241 
361.000 0.241 
362.000 0.242 
363.000 0.242 
364.000 0.243 
365.000 0.244 
366.000 0.254 
367.000 0.283 
368.000 0.332 
369.000 0.399 
370.000 0.479 
371.000 0.566 
372.000 0.651 
373.000 0.726 
374.000 0.784 
375.000 0.819 
376.000 0.828 
377.000 0.811 
378.000 0.772 
379.000 0.719 
380.000 0.661 
381.000 0.606 
382.000 0.561 
383.000 0.533 
384.000 0.524 
385.000 0.536 
386.000 0.570 
387.000 0.623 
388.000 0.692 
389.000 0.770 
390.000 0.851 
391.000 0.927 
392.000 0.992 
393.000 1.036 
394.000 1.057 
395.000 1.050 
396.000 1.017 
397.000 0.962 
398.000 0.894 
399.000 0.820 
400.000 0.749 
401.000 0.691 
402.000 0.650 
403.000 0.631 
404.000 0.635 
405.000 0.662 
406.000 0.710 
407.000 0.775 
408.000 0.851 
409.000 0.930 
410.000 1.006 
411.000 1.069 
412.000 1.112 
413.000 1.130 
414.000 1.120 
415.000 1.082 
416.000 1.022 
417.000 0.945 
418.000 0.863 
419.000 0.784 
420.000 0.718 
421.000 0.670 
422.000 0.645 
423.000 0.645 
424.000 0.670 
425.000 0.717 
426.000 0.782 
427.000 0.860 
428.000 0.943 
429.000 1.022 
430.000 1.090 
431.000 1.137 
432.000 1.158 
433.000 1.149 
434.000 1.111 
435.000 1.047 
436.000 0.966 
437.000 0.878 
438.000 0.793 
439.000 0.720 
440.000 0.667 
441.000 0.637 
442.000 0.634 
443.000 0.657 
444.000 0.704 
445.000 0.772 
446.000 0.853 
447.000 0.940 
448.000 1.025 
449.000 1.098 
450.000 1.151 
451.000 1.176 
452.000 1.170 
453.000 1.132 
454.000 1.066 
455.000 0.981 
456.000 0.888 
457.000 0.796 
458.000 0.717 
459.000 0.659 
460.000 0.625 
461.000 0.619 
462.000 0.640 
463.000 0.688 
464.000 0.757 
465.000 0.842 
466.000 0.934 
467.000 1.025 
468.000 1.104 
469.000 1.163 
470.000 1.193 
471.000 1.190 
472.000 1.152 
473.000 1.085 
474.000 0.996 
475.000 0.897 
476.000 0.799 
477.000 0.714 
478.000 0.650 
479.000 0.612 
480.000 0.602 
481.000 0.623 
482.000 0.670 
483.000 0.741 
484.000 0.829 
485.000 0.927 
486.000 1.076 
487.000 1.313 
488.000 1.634 
489.000 2.009 
490.000 2.407 
491.000 2.807 
492.000 3.194 
493.000 3.557 
494.000 3.889 
495.000 4.188 
496.000 4.452 
497.000 4.681 
498.000 4.874 
499.000 4.993 
500.000 4.999 
501.000 4.869 
502.000 4.603 
503.000 4.221 
504.000 3.766 
505.000 3.291 
506.000 2.848 
507.000 2.479 
508.000 2.213 
509.000 2.067 
510.000 2.049 
511.000 2.158 
512.000 2.362 
513.000 2.626 
514.000 2.924 
515.000 3.234 
516.000 3.540 
517.000 3.834 
518.000 4.107 
519.000 4.356 
520.000 4.578 
521.000 4.773 
522.000 4.941 
523.000 5.085 
524.000 5.205 
525.000 5.266 
526.000 5.218 
527.000 5.028 
528.000 4.683 
529.000 4.202 
530.000 3.631 
531.000 3.038 
532.000 2.492 
533.000 2.043 
534.000 1.721 
535.000 1.543 
536.000 1.515 
537.000 1.635 
538.000 1.866 
539.000 2.168 
540.000 2.509 
541.000 2.865 
542.000 3.218 
543.000 3.556 
544.000 3.872 
545.000 4.159 
546.000 4.415 
547.000 4.641 
548.000 4.836 
549.000 5.002 
550.000 5.142 
551.000 5.258 
552.000 5.352 
553.000 5.395 
554.000 5.333 
555.000 5.126 
556.000 4.761 
557.000 4.256 
558.000 3.665 
559.000 3.059 
560.000 2.505 
561.000 2.055 
562.000 1.737 
563.000 1.567 
564.000 1.552 
565.000 1.681 
566.000 1.917 
567.000 2.221 
568.000 2.561 
569.000 2.914 
570.000 3.264 
571.000 3.598 
572.000 3.909 
573.000 4.192 
574.000 4.444 
575.000 4.665 
576.000 4.856 
577.000 5.019 
578.000 5.155 
579.000 5.269 
580.000 5.361 
581.000 5.409 
582.000 5.361 
583.000 5.176 
584.000 4.836 
585.000 4.359 
586.000 3.791 
587.000 3.199 
588.000 2.652 
589.000 2.199 
590.000 1.872 
591.000 1.688 
592.000 1.656 
593.000 1.767 
594.000 1.988 
595.000 2.278 
596.000 2.606 
597.000 2.950 
598.000 3.291 
599.000 3.618 
600.000 3.923 
601.000 4.201 
602.000 4.450 
603.000 4.668 
604.000 4.857 
605.000 5.019 
606.000 5.154 
607.000 5.266 
608.000 5.358 
609.000 5.432 
610.000 5.490 
611.000 5.535 
612.000 5.569 
613.000 5.594 
614.000 5.612 
615.000 5.624 
616.000 5.631 
617.000 5.635 
618.000 5.636 
619.000 5.636 
620.000 5.634 
621.000 5.631 
622.000 5.627 
623.000 5.624 
624.000 5.620 
625.000 5.616 
626.000 5.613 
627.000 5.610 
628.000 5.607 
629.000 5.605 
630.000 5.603 
631.000 5.601 
632.000 5.599 
633.000 5.598 
634.000 5.597 
635.000 5.596 
636.000 5.595 
637.000 5.595 
638.000 5.595 
639.000 5.594 
640.000 5.594 
641.000 5.594 
642.000 5.594 
643.000 5.594 
644.000 5.594 
645.000 5.594 
646.000 5.594 
647.000 5.594 
648.000 5.594 
649.000 5.594 
650.000 5.594 
651.000 5.594 
652.000 5.594 
653.000 5.594 
654.000 5.594 
655.000 5.594 
656.000 5.594 
657.000 5.594 
658.000 5.594 
659.000 5.594 
660.000 5.594 
661.000 5.594 
662.000 5.594 
663.000 5.594 
664.000 5.594 
665.000 5.594 
666.000 5.594 
667.000 5.594 
668.000 5.594 
669.000 5.594 
670.000 5.594 
671.000 5.594 
672.000 5.594 
673.000 5.594 
674.000 5.594 
675.000 5.594 
676.000 5.594 
677.000 5.594 
678.000 5.594 
679.000 5.594 
680.000 5.594 
681.000 5.594 
682.000 5.594 
683.000 5.594 
684.000 5.594 
685.000 5.594 
686.000 5.594 
687.000 5.594 
688.000 5.594 
689.000 5.594 
690.000 5.594 
691.000 5.594 
692.000 5.594 
693.000 5.594 
694.000 5.594 
695.000 5.594 
696.000 5.594 
697.000 5.594 
698.000 5.594 
699.000 5.594 
700.000 5.594 
701.000 5.594 
702.000 5.594 
703.000 5.594 
704.000 5.594 
705.000 5.594 
706.000 5.594 
707.000 5.594 
708.000 5.594 
709.000 5.594 
710.000 5.594 
711.000 5.594 
712.000 5.594 
713.000 5.594 
714.000 5.594 
715.000 5.594 
716.000 5.594 
717.000 5.594 
718.000 5.594 
719.000 5.594 
720.000 5.594 
721.000 5.594 
722.000 5.594 
723.000 5.594 
724.000 5.594 
725.000 5.594 
726.000 5.594 
727.000 5.594 
728.000 5.594 
729.000 5.594 
730.000 5.594 
731.000 5.594 
732.000 5.594 
733.000 5.594 
734.000 5.594 
735.000 5.594 
736.000 5.594 
737.000 5.594 
738.000 5.594 
739.000 5.594 
740.000 5.594 
741.000 5.594 
742.000 5.594 
743.000 5.594 
744.000 5.594 
745.000 5.594 
746.000 5.594 
747.000 5.594 
748.000 5.594 
749.000 5.594 
750.000 5.594 
751.000 5.594 
752.000 5.594 
753.000 5.594 
754.000 5.594 
755.000 5.594 
756.000 5.594 
757.000 5.594 
758.000 5.594 
759.000 5.594 
760.000 5.594 
761.000 5.594 
762.000 5.594 
763.000 5.594 
764.000 5.594 
765.000 5.594 
766.000 5.594 
767.000 5.594 
768.000 5.594 
769.000 5.594 
770.000 5.594 
771.000 5.594 
772.000 5.594 
773.000 5.594 
774.000 5.594 
775.000 5.594 
776.000 5.594 
777.000 5.594 
778.000 5.594 
779.000 5.594 
780.000 5.594 
781.000 5.594 
782.000 5.594 
783.000 5.594 
784.000 5.594 
785.000 5.594 
786.000 5.594 
787.000 5.594 
788.000 5.594 
789.000 5.594 
790.000 5.594 
791.000 5.594 
792.000 5.594 
793.000 5.594 
794.000 5.594 
795.000 5.594 
796.000 5.594 
797.000 5.594 
798.000 5.594 
799.000 5.594 
800.000 5.594 
