1.000 0.000 
2.000 0.000 
3.000 0.000 
4.000 0.000 
5.000 0.000 
6.000 0.000 
7.000 0.000 
8.000 0.000 
9.000 0.000 
10.000 0.000 
11.000 0.000 
12.000 -0.002 
13.000 -0.007 
14.000 -0.014 
15.000 -0.019 
16.000 -0.022 
17.000 -0.024 
18.000 -0.024 
19.000 -0.023 
20.000 -0.021 
21.000 -0.020 
22.000 -0.020 
23.000 -0.021 
24.000 -0.023 
25.000 -0.026 
26.000 -0.028 
27.000 -0.030 
28.000 -0.031 
29.000 -0.033 
30.000 -0.033 
31.000 -0.034 
32.000 -0.034 
33.000 -0.034 
34.000 -0.035 
35.000 -0.036 
36.000 -0.037 
37.000 -0.038 
38.000 -0.039 
39.000 -0.040 
40.000 -0.041 
41.000 -0.042 
42.000 -0.043 
43.000 -0.044 
44.000 -0.044 
45.000 -0.045 
46.000 -0.046 
47.000 -0.046 
48.000 -0.047 
49.000 -0.048 
50.000 -0.049 
51.000 -0.049 
52.000 -0.050 
53.000 -0.051 
54.000 -0.051 
55.000 -0.052 
56.000 -0.052 
57.000 -0.053 
58.000 -0.054 
59.000 -0.054 
60.000 -0.055 
61.000 -0.055 
62.000 -0.056 
63.000 -0.056 
64.000 -0.057 
65.000 -0.058 
66.000 -0.058 
67.000 -0.059 
68.000 -0.059 
69.000 -0.060 
70.000 -0.060 
71.000 -0.061 
72.000 -0.061 
73.000 -0.062 
74.000 -0.062 
75.000 -0.063 
76.000 -0.063 
77.000 -0.063 
78.000 -0.064 
79.000 -0.064 
80.000 -0.065 
81.000 -0.065 
82.000 -0.066 
83.000 -0.066 
84.000 -0.066 
85.000 -0.067 
86.000 -0.067 
87.000 -0.068 
88.000 -0.068 
89.000 -0.068 
90.000 -0.069 
91.000 -0.069 
92.000 -0.070 
93.000 -0.070 
94.000 -0.070 
95.000 -0.071 
96.000 -0.071 
97.000 -0.071 
98.000 -0.072 
99.000 -0.072 
100.000 -0.072 
101.000 -0.073 
102.000 -0.073 
103.000 -0.073 
104.000 -0.074 
105.000 -0.074 
106.000 -0.074 
107.000 -0.075 
108.000 -0.075 
109.000 -0.075 
110.000 -0.076 
111.000 -0.076 
112.000 -0.076 
113.000 -0.076 
114.000 -0.077 
115.000 -0.077 
116.000 -0.077 
117.000 -0.078 
118.000 -0.078 
119.000 -0.078 
120.000 -0.078 
121.000 -0.079 
122.000 -0.079 
123.000 -0.079 
124.000 -0.079 
125.000 -0.080 
126.000 -0.080 
127.000 -0.079 
128.000 -0.078 
129.000 -0.078 
130.000 -0.077 
131.000 -0.077 
132.000 -0.078 
133.000 -0.078 
134.000 -0.079 
135.000 -0.079 
136.000 -0.079 
137.000 -0.079 
138.000 -0.079 
139.000 -0.079 
140.000 -0.078 
141.000 -0.078 
142.000 -0.078 
143.000 -0.078 
144.000 -0.078 
145.000 -0.079 
146.000 -0.079 
147.000 -0.079 
148.000 -0.079 
149.000 -0.079 
150.000 -0.079 
151.000 -0.079 
152.000 -0.079 
153.000 -0.079 
154.000 -0.079 
155.000 -0.079 
156.000 -0.079 
157.000 -0.079 
158.000 -0.079 
159.000 -0.079 
160.000 -0.079 
161.000 -0.079 
162.000 -0.079 
163.000 -0.079 
164.000 -0.079 
165.000 -0.079 
166.000 -0.079 
167.000 -0.079 
168.000 -0.079 
169.000 -0.079 
170.000 -0.079 
171.000 -0.079 
172.000 -0.079 
173.000 -0.079 
174.000 -0.079 
175.000 -0.079 
176.000 -0.079 
177.000 -0.079 
178.000 -0.079 
179.000 -0.079 
180.000 -0.079 
181.000 -0.079 
182.000 -0.079 
183.000 -0.079 
184.000 -0.079 
185.000 -0.079 
186.000 -0.079 
187.000 -0.079 
188.000 -0.079 
189.000 -0.079 
190.000 -0.079 
191.000 -0.079 
192.000 -0.079 
193.000 -0.079 
194.000 -0.079 
195.000 -0.079 
196.000 -0.079 
197.000 -0.079 
198.000 -0.079 
199.000 -0.079 
200.000 -0.079 
201.000 -0.079 
202.000 -0.079 
203.000 -0.079 
204.000 -0.079 
205.000 -0.079 
206.000 -0.079 
207.000 -0.079 
208.000 -0.079 
209.000 -0.079 
210.000 -0.079 
211.000 -0.079 
212.000 -0.079 
213.000 -0.079 
214.000 -0.079 
215.000 -0.079 
216.000 -0.079 
217.000 -0.079 
218.000 -0.079 
219.000 -0.079 
220.000 -0.079 
221.000 -0.079 
222.000 -0.079 
223.000 -0.079 
224.000 -0.079 
225.000 -0.079 
226.000 -0.079 
227.000 -0.079 
228.000 -0.079 
229.000 -0.079 
230.000 -0.079 
231.000 -0.079 
232.000 -0.079 
233.000 -0.079 
234.000 -0.079 
235.000 -0.079 
236.000 -0.079 
237.000 -0.079 
238.000 -0.079 
239.000 -0.079 
240.000 -0.079 
241.000 -0.079 
242.000 -0.079 
243.000 -0.079 
244.000 -0.079 
245.000 -0.079 
246.000 -0.078 
247.000 -0.072 
248.000 -0.063 
249.000 -0.056 
250.000 -0.051 
251.000 -0.049 
252.000 -0.050 
253.000 -0.052 
254.000 -0.054 
255.000 -0.055 
256.000 -0.055 
257.000 -0.052 
258.000 -0.048 
259.000 -0.044 
260.000 -0.039 
261.000 -0.035 
262.000 -0.031 
263.000 -0.029 
264.000 -0.027 
265.000 -0.026 
266.000 -0.024 
267.000 -0.022 
268.000 -0.020 
269.000 -0.017 
270.000 -0.013 
271.000 -0.009 
272.000 -0.005 
273.000 -0.001 
274.000 0.002 
275.000 0.005 
276.000 0.008 
277.000 0.011 
278.000 0.014 
279.000 0.018 
280.000 0.021 
281.000 0.024 
282.000 0.028 
283.000 0.032 
284.000 0.036 
285.000 0.040 
286.000 0.044 
287.000 0.047 
288.000 0.051 
289.000 0.055 
290.000 0.058 
291.000 0.062 
292.000 0.066 
293.000 0.069 
294.000 0.073 
295.000 0.077 
296.000 0.081 
297.000 0.084 
298.000 0.088 
299.000 0.092 
300.000 0.096 
301.000 0.099 
302.000 0.103 
303.000 0.106 
304.000 0.110 
305.000 0.113 
306.000 0.117 
307.000 0.120 
308.000 0.124 
309.000 0.127 
310.000 0.130 
311.000 0.134 
312.000 0.137 
313.000 0.140 
314.000 0.143 
315.000 0.146 
316.000 0.149 
317.000 0.152 
318.000 0.155 
319.000 0.158 
320.000 0.161 
321.000 0.164 
322.000 0.166 
323.000 0.169 
324.000 0.172 
325.000 0.174 
326.000 0.177 
327.000 0.179 
328.000 0.181 
329.000 0.184 
330.000 0.186 
331.000 0.188 
332.000 0.190 
333.000 0.193 
334.000 0.195 
335.000 0.197 
336.000 0.199 
337.000 0.201 
338.000 0.202 
339.000 0.204 
340.000 0.206 
341.000 0.208 
342.000 0.209 
343.000 0.211 
344.000 0.213 
345.000 0.214 
346.000 0.216 
347.000 0.217 
348.000 0.218 
349.000 0.220 
350.000 0.221 
351.000 0.222 
352.000 0.224 
353.000 0.225 
354.000 0.226 
355.000 0.227 
356.000 0.228 
357.000 0.229 
358.000 0.230 
359.000 0.231 
360.000 0.232 
361.000 0.233 
362.000 0.234 
363.000 0.235 
364.000 0.236 
365.000 0.237 
366.000 0.261 
367.000 0.320 
368.000 0.404 
369.000 0.495 
370.000 0.576 
371.000 0.634 
372.000 0.662 
373.000 0.660 
374.000 0.634 
375.000 0.597 
376.000 0.559 
377.000 0.531 
378.000 0.519 
379.000 0.526 
380.000 0.552 
381.000 0.595 
382.000 0.647 
383.000 0.701 
384.000 0.751 
385.000 0.789 
386.000 0.811 
387.000 0.818 
388.000 0.810 
389.000 0.793 
390.000 0.773 
391.000 0.754 
392.000 0.741 
393.000 0.737 
394.000 0.744 
395.000 0.760 
396.000 0.784 
397.000 0.811 
398.000 0.837 
399.000 0.860 
400.000 0.876 
401.000 0.883 
402.000 0.883 
403.000 0.876 
404.000 0.865 
405.000 0.852 
406.000 0.841 
407.000 0.834 
408.000 0.832 
409.000 0.836 
410.000 0.844 
411.000 0.856 
412.000 0.869 
413.000 0.882 
414.000 0.892 
415.000 0.899 
416.000 0.901 
417.000 0.899 
418.000 0.894 
419.000 0.888 
420.000 0.880 
421.000 0.874 
422.000 0.870 
423.000 0.869 
424.000 0.871 
425.000 0.876 
426.000 0.882 
427.000 0.888 
428.000 0.894 
429.000 0.899 
430.000 0.902 
431.000 0.902 
432.000 0.901 
433.000 0.898 
434.000 0.894 
435.000 0.890 
436.000 0.887 
437.000 0.885 
438.000 0.884 
439.000 0.885 
440.000 0.888 
441.000 0.891 
442.000 0.894 
443.000 0.897 
444.000 0.899 
445.000 0.900 
446.000 0.900 
447.000 0.899 
448.000 0.898 
449.000 0.895 
450.000 0.893 
451.000 0.892 
452.000 0.891 
453.000 0.890 
454.000 0.891 
455.000 0.892 
456.000 0.894 
457.000 0.896 
458.000 0.897 
459.000 0.898 
460.000 0.899 
461.000 0.899 
462.000 0.898 
463.000 0.897 
464.000 0.896 
465.000 0.895 
466.000 0.894 
467.000 0.893 
468.000 0.893 
469.000 0.894 
470.000 0.894 
471.000 0.895 
472.000 0.896 
473.000 0.897 
474.000 0.897 
475.000 0.898 
476.000 0.897 
477.000 0.897 
478.000 0.897 
479.000 0.896 
480.000 0.895 
481.000 0.895 
482.000 0.895 
483.000 0.895 
484.000 0.895 
485.000 0.895 
486.000 1.007 
487.000 1.254 
488.000 1.590 
489.000 1.976 
490.000 2.384 
491.000 2.792 
492.000 3.185 
493.000 3.552 
494.000 3.888 
495.000 4.190 
496.000 4.434 
497.000 4.567 
498.000 4.570 
499.000 4.466 
500.000 4.297 
501.000 4.104 
502.000 3.923 
503.000 3.780 
504.000 3.690 
505.000 3.658 
506.000 3.684 
507.000 3.756 
508.000 3.859 
509.000 3.974 
510.000 4.081 
511.000 4.162 
512.000 4.200 
513.000 4.189 
514.000 4.128 
515.000 4.022 
516.000 3.886 
517.000 3.736 
518.000 3.590 
519.000 3.464 
520.000 3.371 
521.000 3.318 
522.000 3.308 
523.000 3.338 
524.000 3.401 
525.000 3.486 
526.000 3.581 
527.000 3.673 
528.000 3.750 
529.000 3.802 
530.000 3.823 
531.000 3.813 
532.000 3.773 
533.000 3.712 
534.000 3.638 
535.000 3.561 
536.000 3.493 
537.000 3.440 
538.000 3.409 
539.000 3.401 
540.000 3.417 
541.000 3.453 
542.000 3.502 
543.000 3.559 
544.000 3.615 
545.000 3.663 
546.000 3.698 
547.000 3.715 
548.000 3.714 
549.000 3.695 
550.000 3.663 
551.000 3.621 
552.000 3.577 
553.000 3.536 
554.000 3.502 
555.000 3.481 
556.000 3.473 
557.000 3.479 
558.000 3.497 
559.000 3.525 
560.000 3.557 
561.000 3.590 
562.000 3.620 
563.000 3.642 
564.000 3.655 
565.000 3.657 
566.000 3.648 
567.000 3.631 
568.000 3.608 
569.000 3.582 
570.000 3.558 
571.000 3.537 
572.000 3.523 
573.000 3.516 
574.000 3.518 
575.000 3.527 
576.000 3.542 
577.000 3.560 
578.000 3.580 
579.000 3.597 
580.000 3.611 
581.000 3.620 
582.000 3.623 
583.000 3.619 
584.000 3.610 
585.000 3.598 
586.000 3.583 
587.000 3.568 
588.000 3.556 
589.000 3.546 
590.000 3.542 
591.000 3.541 
592.000 3.546 
593.000 3.554 
594.000 3.564 
595.000 3.575 
596.000 3.586 
597.000 3.595 
598.000 3.601 
599.000 3.603 
600.000 3.602 
601.000 3.597 
602.000 3.590 
603.000 3.582 
604.000 3.574 
605.000 3.566 
606.000 3.616 
607.000 3.724 
608.000 3.870 
609.000 4.038 
610.000 4.214 
611.000 4.390 
612.000 4.560 
613.000 4.718 
614.000 4.863 
615.000 4.992 
616.000 5.106 
617.000 5.205 
618.000 5.290 
619.000 5.361 
620.000 5.420 
621.000 5.468 
622.000 5.507 
623.000 5.538 
624.000 5.562 
625.000 5.580 
626.000 5.593 
627.000 5.603 
628.000 5.609 
629.000 5.613 
630.000 5.615 
631.000 5.616 
632.000 5.616 
633.000 5.615 
634.000 5.613 
635.000 5.611 
636.000 5.610 
637.000 5.608 
638.000 5.606 
639.000 5.604 
640.000 5.602 
641.000 5.601 
642.000 5.600 
643.000 5.599 
644.000 5.598 
645.000 5.597 
646.000 5.596 
647.000 5.596 
648.000 5.595 
649.000 5.595 
650.000 5.595 
651.000 5.594 
652.000 5.594 
653.000 5.594 
654.000 5.594 
655.000 5.594 
656.000 5.594 
657.000 5.594 
658.000 5.594 
659.000 5.594 
660.000 5.594 
661.000 5.594 
662.000 5.594 
663.000 5.594 
664.000 5.594 
665.000 5.594 
666.000 5.594 
667.000 5.594 
668.000 5.594 
669.000 5.594 
670.000 5.594 
671.000 5.594 
672.000 5.594 
673.000 5.594 
674.000 5.594 
675.000 5.594 
676.000 5.594 
677.000 5.594 
678.000 5.594 
679.000 5.594 
680.000 5.594 
681.000 5.594 
682.000 5.594 
683.000 5.594 
684.000 5.594 
685.000 5.594 
686.000 5.594 
687.000 5.594 
688.000 5.594 
689.000 5.594 
690.000 5.594 
691.000 5.594 
692.000 5.594 
693.000 5.594 
694.000 5.594 
695.000 5.594 
696.000 5.594 
697.000 5.594 
698.000 5.594 
699.000 5.594 
700.000 5.594 
701.000 5.594 
702.000 5.594 
703.000 5.594 
704.000 5.594 
705.000 5.594 
706.000 5.594 
707.000 5.594 
708.000 5.594 
709.000 5.594 
710.000 5.594 
711.000 5.594 
712.000 5.594 
713.000 5.594 
714.000 5.594 
715.000 5.594 
716.000 5.594 
717.000 5.594 
718.000 5.594 
719.000 5.594 
720.000 5.594 
721.000 5.594 
722.000 5.594 
723.000 5.594 
724.000 5.594 
725.000 5.594 
726.000 5.594 
727.000 5.594 
728.000 5.594 
729.000 5.594 
730.000 5.594 
731.000 5.594 
732.000 5.594 
733.000 5.594 
734.000 5.594 
735.000 5.594 
736.000 5.594 
737.000 5.594 
738.000 5.594 
739.000 5.594 
740.000 5.594 
741.000 5.594 
742.000 5.594 
743.000 5.594 
744.000 5.594 
745.000 5.594 
746.000 5.594 
747.000 5.594 
748.000 5.594 
749.000 5.594 
750.000 5.594 
751.000 5.594 
752.000 5.594 
753.000 5.594 
754.000 5.594 
755.000 5.594 
756.000 5.594 
757.000 5.594 
758.000 5.594 
759.000 5.594 
760.000 5.594 
761.000 5.594 
762.000 5.594 
763.000 5.594 
764.000 5.594 
765.000 5.594 
766.000 5.594 
767.000 5.594 
768.000 5.594 
769.000 5.594 
770.000 5.594 
771.000 5.594 
772.000 5.594 
773.000 5.594 
774.000 5.594 
775.000 5.594 
776.000 5.594 
777.000 5.594 
778.000 5.594 
779.000 5.594 
780.000 5.594 
781.000 5.594 
782.000 5.594 
783.000 5.594 
784.000 5.594 
785.000 5.594 
786.000 5.594 
787.000 5.594 
788.000 5.594 
789.000 5.594 
790.000 5.594 
791.000 5.594 
792.000 5.594 
793.000 5.594 
794.000 5.594 
795.000 5.594 
796.000 5.594 
797.000 5.594 
798.000 5.594 
799.000 5.594 
800.000 5.594 
