1.000 0.000 
2.000 0.000 
3.000 0.000 
4.000 0.000 
5.000 0.000 
6.000 0.000 
7.000 0.000 
8.000 0.000 
9.000 0.000 
10.000 0.000 
11.000 0.000 
12.000 -0.001 
13.000 -0.005 
14.000 -0.010 
15.000 -0.015 
16.000 -0.019 
17.000 -0.021 
18.000 -0.023 
19.000 -0.023 
20.000 -0.022 
21.000 -0.022 
22.000 -0.021 
23.000 -0.021 
24.000 -0.022 
25.000 -0.023 
26.000 -0.025 
27.000 -0.026 
28.000 -0.028 
29.000 -0.030 
30.000 -0.031 
31.000 -0.032 
32.000 -0.033 
33.000 -0.034 
34.000 -0.034 
35.000 -0.035 
36.000 -0.036 
37.000 -0.036 
38.000 -0.037 
39.000 -0.038 
40.000 -0.039 
41.000 -0.040 
42.000 -0.041 
43.000 -0.042 
44.000 -0.043 
45.000 -0.043 
46.000 -0.044 
47.000 -0.045 
48.000 -0.045 
49.000 -0.046 
50.000 -0.047 
51.000 -0.047 
52.000 -0.048 
53.000 -0.049 
54.000 -0.049 
55.000 -0.050 
56.000 -0.051 
57.000 -0.051 
58.000 -0.052 
59.000 -0.052 
60.000 -0.053 
61.000 -0.053 
62.000 -0.054 
63.000 -0.055 
64.000 -0.055 
65.000 -0.056 
66.000 -0.056 
67.000 -0.057 
68.000 -0.057 
69.000 -0.058 
70.000 -0.058 
71.000 -0.059 
72.000 -0.059 
73.000 -0.060 
74.000 -0.060 
75.000 -0.061 
76.000 -0.061 
77.000 -0.062 
78.000 -0.062 
79.000 -0.062 
80.000 -0.063 
81.000 -0.063 
82.000 -0.064 
83.000 -0.064 
84.000 -0.065 
85.000 -0.065 
86.000 -0.065 
87.000 -0.066 
88.000 -0.066 
89.000 -0.067 
90.000 -0.067 
91.000 -0.067 
92.000 -0.068 
93.000 -0.068 
94.000 -0.068 
95.000 -0.069 
96.000 -0.069 
97.000 -0.069 
98.000 -0.070 
99.000 -0.070 
100.000 -0.071 
101.000 -0.071 
102.000 -0.071 
103.000 -0.072 
104.000 -0.072 
105.000 -0.072 
106.000 -0.072 
107.000 -0.073 
108.000 -0.073 
109.000 -0.073 
110.000 -0.074 
111.000 -0.074 
112.000 -0.074 
113.000 -0.075 
114.000 -0.075 
115.000 -0.075 
116.000 -0.075 
117.000 -0.076 
118.000 -0.076 
119.000 -0.076 
120.000 -0.077 
121.000 -0.077 
122.000 -0.077 
123.000 -0.077 
124.000 -0.078 
125.000 -0.078 
126.000 -0.078 
127.000 -0.078 
128.000 -0.077 
129.000 -0.076 
130.000 -0.076 
131.000 -0.076 
132.000 -0.076 
133.000 -0.076 
134.000 -0.076 
135.000 -0.077 
136.000 -0.077 
137.000 -0.077 
138.000 -0.077 
139.000 -0.077 
140.000 -0.077 
141.000 -0.077 
142.000 -0.077 
143.000 -0.077 
144.000 -0.077 
145.000 -0.077 
146.000 -0.077 
147.000 -0.077 
148.000 -0.077 
149.000 -0.077 
150.000 -0.077 
151.000 -0.077 
152.000 -0.077 
153.000 -0.077 
154.000 -0.077 
155.000 -0.077 
156.000 -0.077 
157.000 -0.077 
158.000 -0.077 
159.000 -0.077 
160.000 -0.077 
161.000 -0.077 
162.000 -0.077 
163.000 -0.077 
164.000 -0.077 
165.000 -0.077 
166.000 -0.077 
167.000 -0.077 
168.000 -0.077 
169.000 -0.077 
170.000 -0.077 
171.000 -0.077 
172.000 -0.077 
173.000 -0.077 
174.000 -0.077 
175.000 -0.077 
176.000 -0.077 
177.000 -0.077 
178.000 -0.077 
179.000 -0.077 
180.000 -0.077 
181.000 -0.077 
182.000 -0.077 
183.000 -0.077 
184.000 -0.077 
185.000 -0.078 
186.000 -0.078 
187.000 -0.078 
188.000 -0.078 
189.000 -0.078 
190.000 -0.078 
191.000 -0.078 
192.000 -0.078 
193.000 -0.078 
194.000 -0.078 
195.000 -0.078 
196.000 -0.078 
197.000 -0.078 
198.000 -0.078 
199.000 -0.078 
200.000 -0.078 
201.000 -0.078 
202.000 -0.078 
203.000 -0.078 
204.000 -0.078 
205.000 -0.078 
206.000 -0.078 
207.000 -0.078 
208.000 -0.078 
209.000 -0.078 
210.000 -0.078 
211.000 -0.078 
212.000 -0.078 
213.000 -0.078 
214.000 -0.078 
215.000 -0.078 
216.000 -0.078 
217.000 -0.078 
218.000 -0.078 
219.000 -0.078 
220.000 -0.078 
221.000 -0.078 
222.000 -0.078 
223.000 -0.078 
224.000 -0.078 
225.000 -0.078 
226.000 -0.078 
227.000 -0.078 
228.000 -0.078 
229.000 -0.078 
230.000 -0.078 
231.000 -0.078 
232.000 -0.078 
233.000 -0.078 
234.000 -0.078 
235.000 -0.078 
236.000 -0.078 
237.000 -0.078 
238.000 -0.078 
239.000 -0.078 
240.000 -0.078 
241.000 -0.078 
242.000 -0.078 
243.000 -0.078 
244.000 -0.078 
245.000 -0.078 
246.000 -0.077 
247.000 -0.073 
248.000 -0.067 
249.000 -0.061 
250.000 -0.055 
251.000 -0.052 
252.000 -0.050 
253.000 -0.050 
254.000 -0.051 
255.000 -0.052 
256.000 -0.052 
257.000 -0.052 
258.000 -0.050 
259.000 -0.048 
260.000 -0.044 
261.000 -0.041 
262.000 -0.037 
263.000 -0.033 
264.000 -0.030 
265.000 -0.027 
266.000 -0.025 
267.000 -0.023 
268.000 -0.021 
269.000 -0.019 
270.000 -0.016 
271.000 -0.014 
272.000 -0.011 
273.000 -0.008 
274.000 -0.004 
275.000 -0.001 
276.000 0.003 
277.000 0.006 
278.000 0.009 
279.000 0.013 
280.000 0.016 
281.000 0.019 
282.000 0.022 
283.000 0.025 
284.000 0.029 
285.000 0.032 
286.000 0.035 
287.000 0.039 
288.000 0.043 
289.000 0.046 
290.000 0.050 
291.000 0.054 
292.000 0.057 
293.000 0.061 
294.000 0.064 
295.000 0.068 
296.000 0.071 
297.000 0.075 
298.000 0.078 
299.000 0.082 
300.000 0.085 
301.000 0.089 
302.000 0.092 
303.000 0.096 
304.000 0.099 
305.000 0.103 
306.000 0.106 
307.000 0.110 
308.000 0.113 
309.000 0.116 
310.000 0.120 
311.000 0.123 
312.000 0.126 
313.000 0.129 
314.000 0.132 
315.000 0.135 
316.000 0.139 
317.000 0.142 
318.000 0.145 
319.000 0.147 
320.000 0.150 
321.000 0.153 
322.000 0.156 
323.000 0.159 
324.000 0.161 
325.000 0.164 
326.000 0.167 
327.000 0.169 
328.000 0.172 
329.000 0.174 
330.000 0.176 
331.000 0.179 
332.000 0.181 
333.000 0.183 
334.000 0.185 
335.000 0.188 
336.000 0.190 
337.000 0.192 
338.000 0.194 
339.000 0.196 
340.000 0.198 
341.000 0.199 
342.000 0.201 
343.000 0.203 
344.000 0.205 
345.000 0.206 
346.000 0.208 
347.000 0.210 
348.000 0.211 
349.000 0.213 
350.000 0.214 
351.000 0.216 
352.000 0.217 
353.000 0.218 
354.000 0.220 
355.000 0.221 
356.000 0.222 
357.000 0.223 
358.000 0.224 
359.000 0.226 
360.000 0.227 
361.000 0.228 
362.000 0.229 
363.000 0.230 
364.000 0.231 
365.000 0.232 
366.000 0.248 
367.000 0.289 
368.000 0.351 
369.000 0.424 
370.000 0.498 
371.000 0.563 
372.000 0.612 
373.000 0.639 
374.000 0.644 
375.000 0.633 
376.000 0.610 
377.000 0.583 
378.000 0.560 
379.000 0.545 
380.000 0.543 
381.000 0.554 
382.000 0.578 
383.000 0.612 
384.000 0.653 
385.000 0.697 
386.000 0.738 
387.000 0.772 
388.000 0.797 
389.000 0.812 
390.000 0.815 
391.000 0.810 
392.000 0.799 
393.000 0.785 
394.000 0.772 
395.000 0.763 
396.000 0.759 
397.000 0.762 
398.000 0.771 
399.000 0.786 
400.000 0.805 
401.000 0.825 
402.000 0.845 
403.000 0.861 
404.000 0.874 
405.000 0.881 
406.000 0.883 
407.000 0.880 
408.000 0.874 
409.000 0.865 
410.000 0.857 
411.000 0.851 
412.000 0.846 
413.000 0.845 
414.000 0.848 
415.000 0.853 
416.000 0.861 
417.000 0.870 
418.000 0.879 
419.000 0.888 
420.000 0.894 
421.000 0.898 
422.000 0.899 
423.000 0.898 
424.000 0.895 
425.000 0.890 
426.000 0.886 
427.000 0.881 
428.000 0.878 
429.000 0.877 
430.000 0.877 
431.000 0.878 
432.000 0.881 
433.000 0.885 
434.000 0.890 
435.000 0.894 
436.000 0.897 
437.000 0.899 
438.000 0.900 
439.000 0.900 
440.000 0.899 
441.000 0.897 
442.000 0.894 
443.000 0.892 
444.000 0.890 
445.000 0.888 
446.000 0.888 
447.000 0.888 
448.000 0.889 
449.000 0.891 
450.000 0.893 
451.000 0.895 
452.000 0.897 
453.000 0.898 
454.000 0.899 
455.000 0.899 
456.000 0.899 
457.000 0.898 
458.000 0.896 
459.000 0.895 
460.000 0.894 
461.000 0.893 
462.000 0.892 
463.000 0.892 
464.000 0.893 
465.000 0.894 
466.000 0.894 
467.000 0.895 
468.000 0.896 
469.000 0.897 
470.000 0.898 
471.000 0.898 
472.000 0.898 
473.000 0.897 
474.000 0.897 
475.000 0.896 
476.000 0.895 
477.000 0.895 
478.000 0.894 
479.000 0.894 
480.000 0.894 
481.000 0.895 
482.000 0.895 
483.000 0.896 
484.000 0.896 
485.000 0.897 
486.000 0.976 
487.000 1.181 
488.000 1.490 
489.000 1.860 
490.000 2.262 
491.000 2.669 
492.000 3.067 
493.000 3.442 
494.000 3.787 
495.000 4.098 
496.000 4.340 
497.000 4.483 
498.000 4.520 
499.000 4.459 
500.000 4.324 
501.000 4.141 
502.000 3.939 
503.000 3.743 
504.000 3.575 
505.000 3.449 
506.000 3.374 
507.000 3.354 
508.000 3.384 
509.000 3.458 
510.000 3.563 
511.000 3.686 
512.000 3.811 
513.000 3.924 
514.000 4.011 
515.000 4.062 
516.000 4.070 
517.000 4.036 
518.000 3.962 
519.000 3.858 
520.000 3.736 
521.000 3.608 
522.000 3.488 
523.000 3.387 
524.000 3.315 
525.000 3.276 
526.000 3.271 
527.000 3.300 
528.000 3.357 
529.000 3.435 
530.000 3.525 
531.000 3.616 
532.000 3.700 
533.000 3.769 
534.000 3.814 
535.000 3.833 
536.000 3.825 
537.000 3.791 
538.000 3.736 
539.000 3.668 
540.000 3.594 
541.000 3.523 
542.000 3.462 
543.000 3.416 
544.000 3.389 
545.000 3.384 
546.000 3.399 
547.000 3.432 
548.000 3.478 
549.000 3.533 
550.000 3.589 
551.000 3.642 
552.000 3.686 
553.000 3.716 
554.000 3.731 
555.000 3.729 
556.000 3.711 
557.000 3.680 
558.000 3.639 
559.000 3.595 
560.000 3.551 
561.000 3.512 
562.000 3.482 
563.000 3.463 
564.000 3.457 
565.000 3.464 
566.000 3.483 
567.000 3.510 
568.000 3.543 
569.000 3.577 
570.000 3.610 
571.000 3.638 
572.000 3.659 
573.000 3.669 
574.000 3.670 
575.000 3.660 
576.000 3.643 
577.000 3.619 
578.000 3.592 
579.000 3.565 
580.000 3.541 
581.000 3.521 
582.000 3.508 
583.000 3.503 
584.000 3.506 
585.000 3.516 
586.000 3.532 
587.000 3.552 
588.000 3.573 
589.000 3.593 
590.000 3.611 
591.000 3.624 
592.000 3.632 
593.000 3.633 
594.000 3.629 
595.000 3.619 
596.000 3.605 
597.000 3.589 
598.000 3.572 
599.000 3.557 
600.000 3.544 
601.000 3.536 
602.000 3.532 
603.000 3.533 
604.000 3.538 
605.000 3.547 
606.000 3.611 
607.000 3.729 
608.000 3.883 
609.000 4.055 
610.000 4.233 
611.000 4.411 
612.000 4.580 
613.000 4.738 
614.000 4.881 
615.000 5.009 
616.000 5.121 
617.000 5.218 
618.000 5.301 
619.000 5.371 
620.000 5.428 
621.000 5.475 
622.000 5.513 
623.000 5.542 
624.000 5.565 
625.000 5.583 
626.000 5.595 
627.000 5.604 
628.000 5.610 
629.000 5.614 
630.000 5.616 
631.000 5.616 
632.000 5.616 
633.000 5.615 
634.000 5.613 
635.000 5.611 
636.000 5.609 
637.000 5.607 
638.000 5.606 
639.000 5.604 
640.000 5.602 
641.000 5.601 
642.000 5.600 
643.000 5.599 
644.000 5.598 
645.000 5.597 
646.000 5.596 
647.000 5.596 
648.000 5.595 
649.000 5.595 
650.000 5.595 
651.000 5.594 
652.000 5.594 
653.000 5.594 
654.000 5.594 
655.000 5.594 
656.000 5.594 
657.000 5.594 
658.000 5.594 
659.000 5.594 
660.000 5.594 
661.000 5.594 
662.000 5.594 
663.000 5.594 
664.000 5.594 
665.000 5.594 
666.000 5.594 
667.000 5.594 
668.000 5.594 
669.000 5.594 
670.000 5.594 
671.000 5.594 
672.000 5.594 
673.000 5.594 
674.000 5.594 
675.000 5.594 
676.000 5.594 
677.000 5.594 
678.000 5.594 
679.000 5.594 
680.000 5.594 
681.000 5.594 
682.000 5.594 
683.000 5.594 
684.000 5.594 
685.000 5.594 
686.000 5.594 
687.000 5.594 
688.000 5.594 
689.000 5.594 
690.000 5.594 
691.000 5.594 
692.000 5.594 
693.000 5.594 
694.000 5.594 
695.000 5.594 
696.000 5.594 
697.000 5.594 
698.000 5.594 
699.000 5.594 
700.000 5.594 
701.000 5.594 
702.000 5.594 
703.000 5.594 
704.000 5.594 
705.000 5.594 
706.000 5.594 
707.000 5.594 
708.000 5.594 
709.000 5.594 
710.000 5.594 
711.000 5.594 
712.000 5.594 
713.000 5.594 
714.000 5.594 
715.000 5.594 
716.000 5.594 
717.000 5.594 
718.000 5.594 
719.000 5.594 
720.000 5.594 
721.000 5.594 
722.000 5.594 
723.000 5.594 
724.000 5.594 
725.000 5.594 
726.000 5.594 
727.000 5.594 
728.000 5.594 
729.000 5.594 
730.000 5.594 
731.000 5.594 
732.000 5.594 
733.000 5.594 
734.000 5.594 
735.000 5.594 
736.000 5.594 
737.000 5.594 
738.000 5.594 
739.000 5.594 
740.000 5.594 
741.000 5.594 
742.000 5.594 
743.000 5.594 
744.000 5.594 
745.000 5.594 
746.000 5.594 
747.000 5.594 
748.000 5.594 
749.000 5.594 
750.000 5.594 
751.000 5.594 
752.000 5.594 
753.000 5.594 
754.000 5.594 
755.000 5.594 
756.000 5.594 
757.000 5.594 
758.000 5.594 
759.000 5.594 
760.000 5.594 
761.000 5.594 
762.000 5.594 
763.000 5.594 
764.000 5.594 
765.000 5.594 
766.000 5.594 
767.000 5.594 
768.000 5.594 
769.000 5.594 
770.000 5.594 
771.000 5.594 
772.000 5.594 
773.000 5.594 
774.000 5.594 
775.000 5.594 
776.000 5.594 
777.000 5.594 
778.000 5.594 
779.000 5.594 
780.000 5.594 
781.000 5.594 
782.000 5.594 
783.000 5.594 
784.000 5.594 
785.000 5.594 
786.000 5.594 
787.000 5.594 
788.000 5.594 
789.000 5.594 
790.000 5.594 
791.000 5.594 
792.000 5.594 
793.000 5.594 
794.000 5.594 
795.000 5.594 
796.000 5.594 
797.000 5.594 
798.000 5.594 
799.000 5.594 
800.000 5.594 
