1.000 0.000 
2.000 0.000 
3.000 0.000 
4.000 0.000 
5.000 0.000 
6.000 0.000 
7.000 0.000 
8.000 0.000 
9.000 0.000 
10.000 0.000 
11.000 0.000 
12.000 -0.000 
13.000 -0.002 
14.000 -0.004 
15.000 -0.006 
16.000 -0.009 
17.000 -0.011 
18.000 -0.013 
19.000 -0.014 
20.000 -0.016 
21.000 -0.016 
22.000 -0.017 
23.000 -0.018 
24.000 -0.018 
25.000 -0.019 
26.000 -0.019 
27.000 -0.020 
28.000 -0.021 
29.000 -0.021 
30.000 -0.022 
31.000 -0.023 
32.000 -0.024 
33.000 -0.025 
34.000 -0.026 
35.000 -0.027 
36.000 -0.028 
37.000 -0.028 
38.000 -0.029 
39.000 -0.030 
40.000 -0.031 
41.000 -0.031 
42.000 -0.032 
43.000 -0.033 
44.000 -0.033 
45.000 -0.034 
46.000 -0.035 
47.000 -0.035 
48.000 -0.036 
49.000 -0.037 
50.000 -0.037 
51.000 -0.038 
52.000 -0.038 
53.000 -0.039 
54.000 -0.040 
55.000 -0.040 
56.000 -0.041 
57.000 -0.041 
58.000 -0.042 
59.000 -0.043 
60.000 -0.043 
61.000 -0.044 
62.000 -0.044 
63.000 -0.045 
64.000 -0.045 
65.000 -0.046 
66.000 -0.046 
67.000 -0.047 
68.000 -0.047 
69.000 -0.048 
70.000 -0.048 
71.000 -0.049 
72.000 -0.049 
73.000 -0.050 
74.000 -0.050 
75.000 -0.051 
76.000 -0.051 
77.000 -0.051 
78.000 -0.052 
79.000 -0.052 
80.000 -0.053 
81.000 -0.053 
82.000 -0.054 
83.000 -0.054 
84.000 -0.054 
85.000 -0.055 
86.000 -0.055 
87.000 -0.056 
88.000 -0.056 
89.000 -0.056 
90.000 -0.057 
91.000 -0.057 
92.000 -0.058 
93.000 -0.058 
94.000 -0.058 
95.000 -0.059 
96.000 -0.059 
97.000 -0.059 
98.000 -0.060 
99.000 -0.060 
100.000 -0.060 
101.000 -0.061 
102.000 -0.061 
103.000 -0.061 
104.000 -0.062 
105.000 -0.062 
106.000 -0.062 
107.000 -0.063 
108.000 -0.063 
109.000 -0.063 
110.000 -0.064 
111.000 -0.064 
112.000 -0.064 
113.000 -0.065 
114.000 -0.065 
115.000 -0.065 
116.000 -0.066 
117.000 -0.066 
118.000 -0.066 
119.000 -0.066 
120.000 -0.067 
121.000 -0.067 
122.000 -0.067 
123.000 -0.068 
124.000 -0.068 
125.000 -0.068 
126.000 -0.068 
127.000 -0.068 
128.000 -0.068 
129.000 -0.068 
130.000 -0.068 
131.000 -0.068 
132.000 -0.067 
133.000 -0.067 
134.000 -0.067 
135.000 -0.067 
136.000 -0.068 
137.000 -0.068 
138.000 -0.068 
139.000 -0.068 
140.000 -0.068 
141.000 -0.068 
142.000 -0.068 
143.000 -0.068 
144.000 -0.068 
145.000 -0.068 
146.000 -0.068 
147.000 -0.068 
148.000 -0.068 
149.000 -0.068 
150.000 -0.069 
151.000 -0.069 
152.000 -0.069 
153.000 -0.069 
154.000 -0.069 
155.000 -0.069 
156.000 -0.069 
157.000 -0.069 
158.000 -0.069 
159.000 -0.069 
160.000 -0.069 
161.000 -0.069 
162.000 -0.069 
163.000 -0.069 
164.000 -0.069 
165.000 -0.069 
166.000 -0.069 
167.000 -0.069 
168.000 -0.069 
169.000 -0.069 
170.000 -0.069 
171.000 -0.069 
172.000 -0.069 
173.000 -0.069 
174.000 -0.069 
175.000 -0.070 
176.000 -0.070 
177.000 -0.070 
178.000 -0.070 
179.000 -0.070 
180.000 -0.070 
181.000 -0.070 
182.000 -0.070 
183.000 -0.070 
184.000 -0.070 
185.000 -0.070 
186.000 -0.070 
187.000 -0.070 
188.000 -0.070 
189.000 -0.070 
190.000 -0.070 
191.000 -0.070 
192.000 -0.070 
193.000 -0.070 
194.000 -0.070 
195.000 -0.070 
196.000 -0.070 
197.000 -0.070 
198.000 -0.070 
199.000 -0.070 
200.000 -0.070 
201.000 -0.070 
202.000 -0.071 
203.000 -0.071 
204.000 -0.071 
205.000 -0.071 
206.000 -0.071 
207.000 -0.071 
208.000 -0.071 
209.000 -0.071 
210.000 -0.071 
211.000 -0.071 
212.000 -0.071 
213.000 -0.071 
214.000 -0.071 
215.000 -0.071 
216.000 -0.071 
217.000 -0.071 
218.000 -0.071 
219.000 -0.071 
220.000 -0.071 
221.000 -0.071 
222.000 -0.071 
223.000 -0.071 
224.000 -0.071 
225.000 -0.071 
226.000 -0.071 
227.000 -0.071 
228.000 -0.071 
229.000 -0.071 
230.000 -0.071 
231.000 -0.071 
232.000 -0.071 
233.000 -0.072 
234.000 -0.072 
235.000 -0.072 
236.000 -0.072 
237.000 -0.072 
238.000 -0.072 
239.000 -0.072 
240.000 -0.072 
241.000 -0.072 
242.000 -0.072 
243.000 -0.072 
244.000 -0.072 
245.000 -0.072 
246.000 -0.072 
247.000 -0.070 
248.000 -0.068 
249.000 -0.065 
250.000 -0.062 
251.000 -0.059 
252.000 -0.057 
253.000 -0.055 
254.000 -0.053 
255.000 -0.052 
256.000 -0.051 
257.000 -0.050 
258.000 -0.049 
259.000 -0.048 
260.000 -0.046 
261.000 -0.045 
262.000 -0.044 
263.000 -0.042 
264.000 -0.040 
265.000 -0.039 
266.000 -0.037 
267.000 -0.035 
268.000 -0.033 
269.000 -0.030 
270.000 -0.028 
271.000 -0.026 
272.000 -0.024 
273.000 -0.022 
274.000 -0.020 
275.000 -0.018 
276.000 -0.016 
277.000 -0.014 
278.000 -0.012 
279.000 -0.010 
280.000 -0.008 
281.000 -0.005 
282.000 -0.003 
283.000 -0.001 
284.000 0.002 
285.000 0.004 
286.000 0.006 
287.000 0.009 
288.000 0.011 
289.000 0.014 
290.000 0.016 
291.000 0.019 
292.000 0.021 
293.000 0.024 
294.000 0.026 
295.000 0.029 
296.000 0.031 
297.000 0.034 
298.000 0.036 
299.000 0.039 
300.000 0.042 
301.000 0.044 
302.000 0.047 
303.000 0.050 
304.000 0.052 
305.000 0.055 
306.000 0.058 
307.000 0.060 
308.000 0.063 
309.000 0.066 
310.000 0.068 
311.000 0.071 
312.000 0.074 
313.000 0.076 
314.000 0.079 
315.000 0.082 
316.000 0.084 
317.000 0.087 
318.000 0.090 
319.000 0.092 
320.000 0.095 
321.000 0.097 
322.000 0.100 
323.000 0.103 
324.000 0.105 
325.000 0.108 
326.000 0.110 
327.000 0.113 
328.000 0.115 
329.000 0.118 
330.000 0.120 
331.000 0.123 
332.000 0.125 
333.000 0.128 
334.000 0.130 
335.000 0.132 
336.000 0.135 
337.000 0.137 
338.000 0.139 
339.000 0.142 
340.000 0.144 
341.000 0.146 
342.000 0.148 
343.000 0.151 
344.000 0.153 
345.000 0.155 
346.000 0.157 
347.000 0.159 
348.000 0.161 
349.000 0.163 
350.000 0.165 
351.000 0.167 
352.000 0.169 
353.000 0.171 
354.000 0.173 
355.000 0.174 
356.000 0.176 
357.000 0.178 
358.000 0.180 
359.000 0.182 
360.000 0.183 
361.000 0.185 
362.000 0.187 
363.000 0.188 
364.000 0.190 
365.000 0.191 
366.000 0.198 
367.000 0.212 
368.000 0.235 
369.000 0.264 
370.000 0.298 
371.000 0.333 
372.000 0.367 
373.000 0.398 
374.000 0.426 
375.000 0.449 
376.000 0.468 
377.000 0.482 
378.000 0.493 
379.000 0.501 
380.000 0.508 
381.000 0.514 
382.000 0.521 
383.000 0.529 
384.000 0.538 
385.000 0.549 
386.000 0.562 
387.000 0.576 
388.000 0.591 
389.000 0.607 
390.000 0.624 
391.000 0.640 
392.000 0.656 
393.000 0.671 
394.000 0.685 
395.000 0.698 
396.000 0.709 
397.000 0.719 
398.000 0.728 
399.000 0.736 
400.000 0.743 
401.000 0.749 
402.000 0.755 
403.000 0.761 
404.000 0.766 
405.000 0.772 
406.000 0.778 
407.000 0.784 
408.000 0.789 
409.000 0.795 
410.000 0.801 
411.000 0.807 
412.000 0.813 
413.000 0.818 
414.000 0.823 
415.000 0.828 
416.000 0.832 
417.000 0.836 
418.000 0.840 
419.000 0.843 
420.000 0.846 
421.000 0.848 
422.000 0.851 
423.000 0.853 
424.000 0.855 
425.000 0.857 
426.000 0.859 
427.000 0.861 
428.000 0.863 
429.000 0.865 
430.000 0.867 
431.000 0.868 
432.000 0.870 
433.000 0.872 
434.000 0.873 
435.000 0.875 
436.000 0.876 
437.000 0.877 
438.000 0.879 
439.000 0.880 
440.000 0.881 
441.000 0.881 
442.000 0.882 
443.000 0.883 
444.000 0.884 
445.000 0.884 
446.000 0.885 
447.000 0.886 
448.000 0.886 
449.000 0.887 
450.000 0.887 
451.000 0.888 
452.000 0.888 
453.000 0.889 
454.000 0.889 
455.000 0.890 
456.000 0.890 
457.000 0.890 
458.000 0.891 
459.000 0.891 
460.000 0.891 
461.000 0.892 
462.000 0.892 
463.000 0.892 
464.000 0.892 
465.000 0.893 
466.000 0.893 
467.000 0.893 
468.000 0.893 
469.000 0.893 
470.000 0.893 
471.000 0.894 
472.000 0.894 
473.000 0.894 
474.000 0.894 
475.000 0.894 
476.000 0.894 
477.000 0.894 
478.000 0.894 
479.000 0.895 
480.000 0.895 
481.000 0.895 
482.000 0.895 
483.000 0.895 
484.000 0.895 
485.000 0.895 
486.000 0.925 
487.000 1.007 
488.000 1.144 
489.000 1.334 
490.000 1.568 
491.000 1.835 
492.000 2.122 
493.000 2.415 
494.000 2.702 
495.000 2.972 
496.000 3.214 
497.000 3.421 
498.000 3.588 
499.000 3.711 
500.000 3.790 
501.000 3.827 
502.000 3.828 
503.000 3.796 
504.000 3.740 
505.000 3.667 
506.000 3.586 
507.000 3.502 
508.000 3.423 
509.000 3.355 
510.000 3.300 
511.000 3.262 
512.000 3.242 
513.000 3.239 
514.000 3.254 
515.000 3.283 
516.000 3.325 
517.000 3.375 
518.000 3.432 
519.000 3.491 
520.000 3.549 
521.000 3.603 
522.000 3.651 
523.000 3.691 
524.000 3.720 
525.000 3.740 
526.000 3.748 
527.000 3.746 
528.000 3.735 
529.000 3.717 
530.000 3.692 
531.000 3.663 
532.000 3.632 
533.000 3.601 
534.000 3.571 
535.000 3.544 
536.000 3.522 
537.000 3.505 
538.000 3.493 
539.000 3.487 
540.000 3.487 
541.000 3.492 
542.000 3.500 
543.000 3.513 
544.000 3.527 
545.000 3.544 
546.000 3.560 
547.000 3.576 
548.000 3.591 
549.000 3.603 
550.000 3.613 
551.000 3.620 
552.000 3.624 
553.000 3.625 
554.000 3.623 
555.000 3.619 
556.000 3.612 
557.000 3.605 
558.000 3.596 
559.000 3.587 
560.000 3.579 
561.000 3.570 
562.000 3.563 
563.000 3.558 
564.000 3.554 
565.000 3.551 
566.000 3.550 
567.000 3.551 
568.000 3.553 
569.000 3.556 
570.000 3.560 
571.000 3.564 
572.000 3.569 
573.000 3.574 
574.000 3.578 
575.000 3.582 
576.000 3.585 
577.000 3.588 
578.000 3.589 
579.000 3.590 
580.000 3.590 
581.000 3.589 
582.000 3.587 
583.000 3.585 
584.000 3.583 
585.000 3.581 
586.000 3.578 
587.000 3.576 
588.000 3.573 
589.000 3.572 
590.000 3.570 
591.000 3.569 
592.000 3.569 
593.000 3.569 
594.000 3.569 
595.000 3.570 
596.000 3.571 
597.000 3.572 
598.000 3.573 
599.000 3.575 
600.000 3.576 
601.000 3.577 
602.000 3.578 
603.000 3.579 
604.000 3.580 
605.000 3.580 
606.000 3.607 
607.000 3.682 
608.000 3.802 
609.000 3.954 
610.000 4.122 
611.000 4.296 
612.000 4.467 
613.000 4.630 
614.000 4.781 
615.000 4.919 
616.000 5.041 
617.000 5.148 
618.000 5.241 
619.000 5.319 
620.000 5.385 
621.000 5.439 
622.000 5.484 
623.000 5.519 
624.000 5.547 
625.000 5.569 
626.000 5.585 
627.000 5.597 
628.000 5.605 
629.000 5.610 
630.000 5.614 
631.000 5.615 
632.000 5.616 
633.000 5.615 
634.000 5.614 
635.000 5.612 
636.000 5.611 
637.000 5.609 
638.000 5.607 
639.000 5.605 
640.000 5.603 
641.000 5.602 
642.000 5.601 
643.000 5.599 
644.000 5.598 
645.000 5.597 
646.000 5.597 
647.000 5.596 
648.000 5.596 
649.000 5.595 
650.000 5.595 
651.000 5.595 
652.000 5.594 
653.000 5.594 
654.000 5.594 
655.000 5.594 
656.000 5.594 
657.000 5.594 
658.000 5.594 
659.000 5.594 
660.000 5.594 
661.000 5.594 
662.000 5.594 
663.000 5.594 
664.000 5.594 
665.000 5.594 
666.000 5.594 
667.000 5.594 
668.000 5.594 
669.000 5.594 
670.000 5.594 
671.000 5.594 
672.000 5.594 
673.000 5.594 
674.000 5.594 
675.000 5.594 
676.000 5.594 
677.000 5.594 
678.000 5.594 
679.000 5.594 
680.000 5.594 
681.000 5.594 
682.000 5.594 
683.000 5.594 
684.000 5.594 
685.000 5.594 
686.000 5.594 
687.000 5.594 
688.000 5.594 
689.000 5.594 
690.000 5.594 
691.000 5.594 
692.000 5.594 
693.000 5.594 
694.000 5.594 
695.000 5.594 
696.000 5.594 
697.000 5.594 
698.000 5.594 
699.000 5.594 
700.000 5.594 
701.000 5.594 
702.000 5.594 
703.000 5.594 
704.000 5.594 
705.000 5.594 
706.000 5.594 
707.000 5.594 
708.000 5.594 
709.000 5.594 
710.000 5.594 
711.000 5.594 
712.000 5.594 
713.000 5.594 
714.000 5.594 
715.000 5.594 
716.000 5.594 
717.000 5.594 
718.000 5.594 
719.000 5.594 
720.000 5.594 
721.000 5.594 
722.000 5.594 
723.000 5.594 
724.000 5.594 
725.000 5.594 
726.000 5.594 
727.000 5.594 
728.000 5.594 
729.000 5.594 
730.000 5.594 
731.000 5.594 
732.000 5.594 
733.000 5.594 
734.000 5.594 
735.000 5.594 
736.000 5.594 
737.000 5.594 
738.000 5.594 
739.000 5.594 
740.000 5.594 
741.000 5.594 
742.000 5.594 
743.000 5.594 
744.000 5.594 
745.000 5.594 
746.000 5.594 
747.000 5.594 
748.000 5.594 
749.000 5.594 
750.000 5.594 
751.000 5.594 
752.000 5.594 
753.000 5.594 
754.000 5.594 
755.000 5.594 
756.000 5.594 
757.000 5.594 
758.000 5.594 
759.000 5.594 
760.000 5.594 
761.000 5.594 
762.000 5.594 
763.000 5.594 
764.000 5.594 
765.000 5.594 
766.000 5.594 
767.000 5.594 
768.000 5.594 
769.000 5.594 
770.000 5.594 
771.000 5.594 
772.000 5.594 
773.000 5.594 
774.000 5.594 
775.000 5.594 
776.000 5.594 
777.000 5.594 
778.000 5.594 
779.000 5.594 
780.000 5.594 
781.000 5.594 
782.000 5.594 
783.000 5.594 
784.000 5.594 
785.000 5.594 
786.000 5.594 
787.000 5.594 
788.000 5.594 
789.000 5.594 
790.000 5.594 
791.000 5.594 
792.000 5.594 
793.000 5.594 
794.000 5.594 
795.000 5.594 
796.000 5.594 
797.000 5.594 
798.000 5.594 
799.000 5.594 
800.000 5.594 
