1.000 0.000 
2.000 0.000 
3.000 0.000 
4.000 0.000 
5.000 0.000 
6.000 0.000 
7.000 0.000 
8.000 0.000 
9.000 0.000 
10.000 0.000 
11.000 0.000 
12.000 -0.002 
13.000 -0.007 
14.000 -0.013 
15.000 -0.019 
16.000 -0.023 
17.000 -0.025 
18.000 -0.025 
19.000 -0.024 
20.000 -0.023 
21.000 -0.021 
22.000 -0.021 
23.000 -0.021 
24.000 -0.023 
25.000 -0.025 
26.000 -0.028 
27.000 -0.030 
28.000 -0.032 
29.000 -0.034 
30.000 -0.035 
31.000 -0.035 
32.000 -0.035 
33.000 -0.036 
34.000 -0.036 
35.000 -0.037 
36.000 -0.038 
37.000 -0.039 
38.000 -0.040 
39.000 -0.041 
40.000 -0.042 
41.000 -0.043 
42.000 -0.044 
43.000 -0.045 
44.000 -0.045 
45.000 -0.046 
46.000 -0.046 
47.000 -0.047 
48.000 -0.048 
49.000 -0.049 
50.000 -0.049 
51.000 -0.050 
52.000 -0.051 
53.000 -0.052 
54.000 -0.052 
55.000 -0.053 
56.000 -0.053 
57.000 -0.054 
58.000 -0.055 
59.000 -0.055 
60.000 -0.056 
61.000 -0.056 
62.000 -0.057 
63.000 -0.057 
64.000 -0.058 
65.000 -0.059 
66.000 -0.059 
67.000 -0.060 
68.000 -0.060 
69.000 -0.061 
70.000 -0.061 
71.000 -0.062 
72.000 -0.062 
73.000 -0.063 
74.000 -0.063 
75.000 -0.064 
76.000 -0.064 
77.000 -0.064 
78.000 -0.065 
79.000 -0.065 
80.000 -0.066 
81.000 -0.066 
82.000 -0.067 
83.000 -0.067 
84.000 -0.067 
85.000 -0.068 
86.000 -0.068 
87.000 -0.069 
88.000 -0.069 
89.000 -0.069 
90.000 -0.070 
91.000 -0.070 
92.000 -0.071 
93.000 -0.071 
94.000 -0.071 
95.000 -0.072 
96.000 -0.072 
97.000 -0.072 
98.000 -0.073 
99.000 -0.073 
100.000 -0.073 
101.000 -0.074 
102.000 -0.074 
103.000 -0.074 
104.000 -0.075 
105.000 -0.075 
106.000 -0.075 
107.000 -0.076 
108.000 -0.076 
109.000 -0.076 
110.000 -0.077 
111.000 -0.077 
112.000 -0.077 
113.000 -0.077 
114.000 -0.078 
115.000 -0.078 
116.000 -0.078 
117.000 -0.079 
118.000 -0.079 
119.000 -0.079 
120.000 -0.079 
121.000 -0.080 
122.000 -0.080 
123.000 -0.080 
124.000 -0.080 
125.000 -0.081 
126.000 -0.081 
127.000 -0.080 
128.000 -0.079 
129.000 -0.079 
130.000 -0.078 
131.000 -0.078 
132.000 -0.078 
133.000 -0.079 
134.000 -0.079 
135.000 -0.080 
136.000 -0.080 
137.000 -0.080 
138.000 -0.080 
139.000 -0.080 
140.000 -0.080 
141.000 -0.079 
142.000 -0.079 
143.000 -0.079 
144.000 -0.079 
145.000 -0.079 
146.000 -0.079 
147.000 -0.080 
148.000 -0.080 
149.000 -0.080 
150.000 -0.080 
151.000 -0.080 
152.000 -0.079 
153.000 -0.079 
154.000 -0.079 
155.000 -0.079 
156.000 -0.079 
157.000 -0.079 
158.000 -0.079 
159.000 -0.079 
160.000 -0.080 
161.000 -0.080 
162.000 -0.080 
163.000 -0.080 
164.000 -0.079 
165.000 -0.079 
166.000 -0.079 
167.000 -0.079 
168.000 -0.079 
169.000 -0.079 
170.000 -0.079 
171.000 -0.080 
172.000 -0.080 
173.000 -0.080 
174.000 -0.080 
175.000 -0.080 
176.000 -0.080 
177.000 -0.080 
178.000 -0.080 
179.000 -0.080 
180.000 -0.080 
181.000 -0.080 
182.000 -0.080 
183.000 -0.080 
184.000 -0.080 
185.000 -0.080 
186.000 -0.080 
187.000 -0.080 
188.000 -0.080 
189.000 -0.080 
190.000 -0.080 
191.000 -0.080 
192.000 -0.080 
193.000 -0.080 
194.000 -0.080 
195.000 -0.080 
196.000 -0.080 
197.000 -0.080 
198.000 -0.080 
199.000 -0.080 
200.000 -0.080 
201.000 -0.080 
202.000 -0.080 
203.000 -0.080 
204.000 -0.080 
205.000 -0.080 
206.000 -0.080 
207.000 -0.080 
208.000 -0.080 
209.000 -0.080 
210.000 -0.080 
211.000 -0.080 
212.000 -0.080 
213.000 -0.080 
214.000 -0.080 
215.000 -0.080 
216.000 -0.080 
217.000 -0.080 
218.000 -0.080 
219.000 -0.080 
220.000 -0.080 
221.000 -0.080 
222.000 -0.080 
223.000 -0.080 
224.000 -0.080 
225.000 -0.080 
226.000 -0.080 
227.000 -0.080 
228.000 -0.080 
229.000 -0.080 
230.000 -0.080 
231.000 -0.080 
232.000 -0.080 
233.000 -0.080 
234.000 -0.080 
235.000 -0.080 
236.000 -0.080 
237.000 -0.080 
238.000 -0.080 
239.000 -0.080 
240.000 -0.080 
241.000 -0.080 
242.000 -0.080 
243.000 -0.080 
244.000 -0.080 
245.000 -0.080 
246.000 -0.078 
247.000 -0.073 
248.000 -0.065 
249.000 -0.057 
250.000 -0.051 
251.000 -0.048 
252.000 -0.048 
253.000 -0.050 
254.000 -0.052 
255.000 -0.054 
256.000 -0.055 
257.000 -0.053 
258.000 -0.050 
259.000 -0.046 
260.000 -0.040 
261.000 -0.035 
262.000 -0.030 
263.000 -0.027 
264.000 -0.024 
265.000 -0.023 
266.000 -0.021 
267.000 -0.020 
268.000 -0.018 
269.000 -0.016 
270.000 -0.013 
271.000 -0.009 
272.000 -0.005 
273.000 -0.000 
274.000 0.004 
275.000 0.008 
276.000 0.012 
277.000 0.015 
278.000 0.018 
279.000 0.021 
280.000 0.024 
281.000 0.027 
282.000 0.031 
283.000 0.035 
284.000 0.039 
285.000 0.043 
286.000 0.047 
287.000 0.052 
288.000 0.056 
289.000 0.060 
290.000 0.063 
291.000 0.067 
292.000 0.070 
293.000 0.074 
294.000 0.078 
295.000 0.081 
296.000 0.085 
297.000 0.089 
298.000 0.093 
299.000 0.097 
300.000 0.101 
301.000 0.105 
302.000 0.109 
303.000 0.112 
304.000 0.116 
305.000 0.119 
306.000 0.123 
307.000 0.126 
308.000 0.129 
309.000 0.133 
310.000 0.136 
311.000 0.139 
312.000 0.143 
313.000 0.146 
314.000 0.149 
315.000 0.152 
316.000 0.155 
317.000 0.158 
318.000 0.161 
319.000 0.164 
320.000 0.167 
321.000 0.169 
322.000 0.172 
323.000 0.175 
324.000 0.177 
325.000 0.180 
326.000 0.182 
327.000 0.185 
328.000 0.187 
329.000 0.189 
330.000 0.191 
331.000 0.194 
332.000 0.196 
333.000 0.198 
334.000 0.200 
335.000 0.202 
336.000 0.203 
337.000 0.205 
338.000 0.207 
339.000 0.209 
340.000 0.211 
341.000 0.212 
342.000 0.214 
343.000 0.215 
344.000 0.217 
345.000 0.218 
346.000 0.220 
347.000 0.221 
348.000 0.222 
349.000 0.224 
350.000 0.225 
351.000 0.226 
352.000 0.227 
353.000 0.228 
354.000 0.229 
355.000 0.231 
356.000 0.232 
357.000 0.233 
358.000 0.233 
359.000 0.234 
360.000 0.235 
361.000 0.236 
362.000 0.237 
363.000 0.238 
364.000 0.239 
365.000 0.239 
366.000 0.261 
367.000 0.316 
368.000 0.398 
369.000 0.492 
370.000 0.583 
371.000 0.655 
372.000 0.697 
373.000 0.705 
374.000 0.684 
375.000 0.642 
376.000 0.593 
377.000 0.549 
378.000 0.519 
379.000 0.510 
380.000 0.524 
381.000 0.560 
382.000 0.614 
383.000 0.679 
384.000 0.745 
385.000 0.804 
386.000 0.847 
387.000 0.869 
388.000 0.870 
389.000 0.851 
390.000 0.820 
391.000 0.784 
392.000 0.750 
393.000 0.726 
394.000 0.716 
395.000 0.721 
396.000 0.741 
397.000 0.773 
398.000 0.813 
399.000 0.854 
400.000 0.890 
401.000 0.916 
402.000 0.929 
403.000 0.928 
404.000 0.914 
405.000 0.891 
406.000 0.864 
407.000 0.838 
408.000 0.818 
409.000 0.807 
410.000 0.807 
411.000 0.817 
412.000 0.835 
413.000 0.859 
414.000 0.885 
415.000 0.909 
416.000 0.926 
417.000 0.935 
418.000 0.935 
419.000 0.926 
420.000 0.911 
421.000 0.892 
422.000 0.873 
423.000 0.858 
424.000 0.848 
425.000 0.845 
426.000 0.850 
427.000 0.860 
428.000 0.875 
429.000 0.892 
430.000 0.908 
431.000 0.920 
432.000 0.927 
433.000 0.928 
434.000 0.923 
435.000 0.913 
436.000 0.900 
437.000 0.887 
438.000 0.876 
439.000 0.868 
440.000 0.865 
441.000 0.866 
442.000 0.873 
443.000 0.882 
444.000 0.893 
445.000 0.904 
446.000 0.912 
447.000 0.918 
448.000 0.919 
449.000 0.916 
450.000 0.910 
451.000 0.902 
452.000 0.893 
453.000 0.885 
454.000 0.879 
455.000 0.876 
456.000 0.876 
457.000 0.880 
458.000 0.886 
459.000 0.893 
460.000 0.900 
461.000 0.906 
462.000 0.910 
463.000 0.912 
464.000 0.911 
465.000 0.907 
466.000 0.902 
467.000 0.896 
468.000 0.890 
469.000 0.886 
470.000 0.883 
471.000 0.883 
472.000 0.885 
473.000 0.888 
474.000 0.893 
475.000 0.898 
476.000 0.902 
477.000 0.905 
478.000 0.907 
479.000 0.906 
480.000 0.904 
481.000 0.901 
482.000 0.897 
483.000 0.893 
484.000 0.890 
485.000 0.888 
486.000 0.988 
487.000 1.221 
488.000 1.548 
489.000 1.930 
490.000 2.336 
491.000 2.745 
492.000 3.140 
493.000 3.511 
494.000 3.851 
495.000 4.156 
496.000 4.426 
497.000 4.641 
498.000 4.742 
499.000 4.701 
500.000 4.534 
501.000 4.287 
502.000 4.012 
503.000 3.755 
504.000 3.551 
505.000 3.420 
506.000 3.375 
507.000 3.415 
508.000 3.522 
509.000 3.675 
510.000 3.855 
511.000 4.046 
512.000 4.234 
513.000 4.389 
514.000 4.485 
515.000 4.504 
516.000 4.442 
517.000 4.306 
518.000 4.113 
519.000 3.890 
520.000 3.664 
521.000 3.461 
522.000 3.303 
523.000 3.204 
524.000 3.172 
525.000 3.204 
526.000 3.294 
527.000 3.429 
528.000 3.588 
529.000 3.753 
530.000 3.900 
531.000 4.011 
532.000 4.071 
533.000 4.069 
534.000 4.008 
535.000 3.896 
536.000 3.748 
537.000 3.586 
538.000 3.431 
539.000 3.301 
540.000 3.212 
541.000 3.172 
542.000 3.185 
543.000 3.246 
544.000 3.347 
545.000 3.475 
546.000 3.614 
547.000 3.747 
548.000 3.857 
549.000 3.930 
550.000 3.957 
551.000 3.935 
552.000 3.868 
553.000 3.765 
554.000 3.643 
555.000 3.516 
556.000 3.402 
557.000 3.315 
558.000 3.264 
559.000 3.253 
560.000 3.283 
561.000 3.349 
562.000 3.442 
563.000 3.551 
564.000 3.660 
565.000 3.758 
566.000 3.831 
567.000 3.871 
568.000 3.873 
569.000 3.837 
570.000 3.769 
571.000 3.678 
572.000 3.578 
573.000 3.481 
574.000 3.400 
575.000 3.344 
576.000 3.319 
577.000 3.327 
578.000 3.366 
579.000 3.430 
580.000 3.512 
581.000 3.600 
582.000 3.683 
583.000 3.752 
584.000 3.797 
585.000 3.813 
586.000 3.799 
587.000 3.757 
588.000 3.694 
589.000 3.617 
590.000 3.538 
591.000 3.466 
592.000 3.411 
593.000 3.379 
594.000 3.372 
595.000 3.391 
596.000 3.433 
597.000 3.491 
598.000 3.560 
599.000 3.629 
600.000 3.690 
601.000 3.735 
602.000 3.760 
603.000 3.761 
604.000 3.738 
605.000 3.696 
606.000 3.711 
607.000 3.793 
608.000 3.917 
609.000 4.067 
610.000 4.230 
611.000 4.396 
612.000 4.558 
613.000 4.711 
614.000 4.853 
615.000 4.980 
616.000 5.093 
617.000 5.192 
618.000 5.277 
619.000 5.349 
620.000 5.409 
621.000 5.458 
622.000 5.498 
623.000 5.530 
624.000 5.555 
625.000 5.574 
626.000 5.588 
627.000 5.599 
628.000 5.606 
629.000 5.611 
630.000 5.613 
631.000 5.614 
632.000 5.615 
633.000 5.614 
634.000 5.613 
635.000 5.611 
636.000 5.609 
637.000 5.608 
638.000 5.606 
639.000 5.604 
640.000 5.603 
641.000 5.601 
642.000 5.600 
643.000 5.599 
644.000 5.598 
645.000 5.597 
646.000 5.596 
647.000 5.596 
648.000 5.595 
649.000 5.595 
650.000 5.595 
651.000 5.594 
652.000 5.594 
653.000 5.594 
654.000 5.594 
655.000 5.594 
656.000 5.594 
657.000 5.594 
658.000 5.594 
659.000 5.594 
660.000 5.594 
661.000 5.594 
662.000 5.594 
663.000 5.594 
664.000 5.594 
665.000 5.594 
666.000 5.594 
667.000 5.594 
668.000 5.594 
669.000 5.594 
670.000 5.594 
671.000 5.594 
672.000 5.594 
673.000 5.594 
674.000 5.594 
675.000 5.594 
676.000 5.594 
677.000 5.594 
678.000 5.594 
679.000 5.594 
680.000 5.594 
681.000 5.594 
682.000 5.594 
683.000 5.594 
684.000 5.594 
685.000 5.594 
686.000 5.594 
687.000 5.594 
688.000 5.594 
689.000 5.594 
690.000 5.594 
691.000 5.594 
692.000 5.594 
693.000 5.594 
694.000 5.594 
695.000 5.594 
696.000 5.594 
697.000 5.594 
698.000 5.594 
699.000 5.594 
700.000 5.594 
701.000 5.594 
702.000 5.594 
703.000 5.594 
704.000 5.594 
705.000 5.594 
706.000 5.594 
707.000 5.594 
708.000 5.594 
709.000 5.594 
710.000 5.594 
711.000 5.594 
712.000 5.594 
713.000 5.594 
714.000 5.594 
715.000 5.594 
716.000 5.594 
717.000 5.594 
718.000 5.594 
719.000 5.594 
720.000 5.594 
721.000 5.594 
722.000 5.594 
723.000 5.594 
724.000 5.594 
725.000 5.594 
726.000 5.594 
727.000 5.594 
728.000 5.594 
729.000 5.594 
730.000 5.594 
731.000 5.594 
732.000 5.594 
733.000 5.594 
734.000 5.594 
735.000 5.594 
736.000 5.594 
737.000 5.594 
738.000 5.594 
739.000 5.594 
740.000 5.594 
741.000 5.594 
742.000 5.594 
743.000 5.594 
744.000 5.594 
745.000 5.594 
746.000 5.594 
747.000 5.594 
748.000 5.594 
749.000 5.594 
750.000 5.594 
751.000 5.594 
752.000 5.594 
753.000 5.594 
754.000 5.594 
755.000 5.594 
756.000 5.594 
757.000 5.594 
758.000 5.594 
759.000 5.594 
760.000 5.594 
761.000 5.594 
762.000 5.594 
763.000 5.594 
764.000 5.594 
765.000 5.594 
766.000 5.594 
767.000 5.594 
768.000 5.594 
769.000 5.594 
770.000 5.594 
771.000 5.594 
772.000 5.594 
773.000 5.594 
774.000 5.594 
775.000 5.594 
776.000 5.594 
777.000 5.594 
778.000 5.594 
779.000 5.594 
780.000 5.594 
781.000 5.594 
782.000 5.594 
783.000 5.594 
784.000 5.594 
785.000 5.594 
786.000 5.594 
787.000 5.594 
788.000 5.594 
789.000 5.594 
790.000 5.594 
791.000 5.594 
792.000 5.594 
793.000 5.594 
794.000 5.594 
795.000 5.594 
796.000 5.594 
797.000 5.594 
798.000 5.594 
799.000 5.594 
800.000 5.594 
