1.000 0.000 
2.000 0.000 
3.000 0.000 
4.000 0.000 
5.000 0.000 
6.000 0.000 
7.000 0.000 
8.000 0.000 
9.000 0.000 
10.000 0.000 
11.000 0.000 
12.000 -0.002 
13.000 -0.006 
14.000 -0.009 
15.000 -0.012 
16.000 -0.014 
17.000 -0.016 
18.000 -0.016 
19.000 -0.017 
20.000 -0.017 
21.000 -0.018 
22.000 -0.018 
23.000 -0.019 
24.000 -0.020 
25.000 -0.021 
26.000 -0.022 
27.000 -0.023 
28.000 -0.024 
29.000 -0.025 
30.000 -0.026 
31.000 -0.027 
32.000 -0.028 
33.000 -0.029 
34.000 -0.030 
35.000 -0.030 
36.000 -0.031 
37.000 -0.032 
38.000 -0.033 
39.000 -0.034 
40.000 -0.034 
41.000 -0.035 
42.000 -0.036 
43.000 -0.037 
44.000 -0.037 
45.000 -0.038 
46.000 -0.039 
47.000 -0.039 
48.000 -0.040 
49.000 -0.041 
50.000 -0.041 
51.000 -0.042 
52.000 -0.043 
53.000 -0.043 
54.000 -0.044 
55.000 -0.044 
56.000 -0.045 
57.000 -0.046 
58.000 -0.046 
59.000 -0.047 
60.000 -0.047 
61.000 -0.048 
62.000 -0.048 
63.000 -0.049 
64.000 -0.049 
65.000 -0.050 
66.000 -0.051 
67.000 -0.051 
68.000 -0.052 
69.000 -0.052 
70.000 -0.053 
71.000 -0.053 
72.000 -0.053 
73.000 -0.054 
74.000 -0.054 
75.000 -0.055 
76.000 -0.055 
77.000 -0.056 
78.000 -0.056 
79.000 -0.057 
80.000 -0.057 
81.000 -0.058 
82.000 -0.058 
83.000 -0.058 
84.000 -0.059 
85.000 -0.059 
86.000 -0.060 
87.000 -0.060 
88.000 -0.060 
89.000 -0.061 
90.000 -0.061 
91.000 -0.062 
92.000 -0.062 
93.000 -0.062 
94.000 -0.063 
95.000 -0.063 
96.000 -0.063 
97.000 -0.064 
98.000 -0.064 
99.000 -0.064 
100.000 -0.065 
101.000 -0.065 
102.000 -0.065 
103.000 -0.066 
104.000 -0.066 
105.000 -0.066 
106.000 -0.067 
107.000 -0.067 
108.000 -0.067 
109.000 -0.068 
110.000 -0.068 
111.000 -0.068 
112.000 -0.069 
113.000 -0.069 
114.000 -0.069 
115.000 -0.070 
116.000 -0.070 
117.000 -0.070 
118.000 -0.070 
119.000 -0.071 
120.000 -0.071 
121.000 -0.071 
122.000 -0.072 
123.000 -0.072 
124.000 -0.072 
125.000 -0.072 
126.000 -0.072 
127.000 -0.072 
128.000 -0.071 
129.000 -0.071 
130.000 -0.071 
131.000 -0.071 
132.000 -0.071 
133.000 -0.071 
134.000 -0.072 
135.000 -0.072 
136.000 -0.072 
137.000 -0.072 
138.000 -0.072 
139.000 -0.072 
140.000 -0.072 
141.000 -0.072 
142.000 -0.072 
143.000 -0.072 
144.000 -0.072 
145.000 -0.072 
146.000 -0.072 
147.000 -0.072 
148.000 -0.072 
149.000 -0.072 
150.000 -0.072 
151.000 -0.072 
152.000 -0.072 
153.000 -0.072 
154.000 -0.072 
155.000 -0.072 
156.000 -0.072 
157.000 -0.072 
158.000 -0.072 
159.000 -0.072 
160.000 -0.072 
161.000 -0.073 
162.000 -0.073 
163.000 -0.073 
164.000 -0.073 
165.000 -0.073 
166.000 -0.073 
167.000 -0.073 
168.000 -0.073 
169.000 -0.073 
170.000 -0.073 
171.000 -0.073 
172.000 -0.073 
173.000 -0.073 
174.000 -0.073 
175.000 -0.073 
176.000 -0.073 
177.000 -0.073 
178.000 -0.073 
179.000 -0.073 
180.000 -0.073 
181.000 -0.073 
182.000 -0.073 
183.000 -0.073 
184.000 -0.073 
185.000 -0.073 
186.000 -0.073 
187.000 -0.073 
188.000 -0.073 
189.000 -0.073 
190.000 -0.073 
191.000 -0.073 
192.000 -0.073 
193.000 -0.073 
194.000 -0.073 
195.000 -0.073 
196.000 -0.073 
197.000 -0.073 
198.000 -0.074 
199.000 -0.074 
200.000 -0.074 
201.000 -0.074 
202.000 -0.074 
203.000 -0.074 
204.000 -0.074 
205.000 -0.074 
206.000 -0.074 
207.000 -0.074 
208.000 -0.074 
209.000 -0.074 
210.000 -0.074 
211.000 -0.074 
212.000 -0.074 
213.000 -0.074 
214.000 -0.074 
215.000 -0.074 
216.000 -0.074 
217.000 -0.074 
218.000 -0.074 
219.000 -0.074 
220.000 -0.074 
221.000 -0.074 
222.000 -0.074 
223.000 -0.074 
224.000 -0.074 
225.000 -0.074 
226.000 -0.074 
227.000 -0.074 
228.000 -0.074 
229.000 -0.074 
230.000 -0.074 
231.000 -0.074 
232.000 -0.074 
233.000 -0.074 
234.000 -0.074 
235.000 -0.074 
236.000 -0.074 
237.000 -0.074 
238.000 -0.074 
239.000 -0.074 
240.000 -0.074 
241.000 -0.074 
242.000 -0.075 
243.000 -0.075 
244.000 -0.075 
245.000 -0.075 
246.000 -0.073 
247.000 -0.069 
248.000 -0.064 
249.000 -0.060 
250.000 -0.058 
251.000 -0.056 
252.000 -0.056 
253.000 -0.055 
254.000 -0.054 
255.000 -0.053 
256.000 -0.052 
257.000 -0.051 
258.000 -0.049 
259.000 -0.047 
260.000 -0.045 
261.000 -0.043 
262.000 -0.040 
263.000 -0.038 
264.000 -0.036 
265.000 -0.034 
266.000 -0.032 
267.000 -0.030 
268.000 -0.028 
269.000 -0.026 
270.000 -0.023 
271.000 -0.021 
272.000 -0.019 
273.000 -0.016 
274.000 -0.014 
275.000 -0.012 
276.000 -0.009 
277.000 -0.007 
278.000 -0.004 
279.000 -0.001 
280.000 0.001 
281.000 0.004 
282.000 0.007 
283.000 0.009 
284.000 0.012 
285.000 0.015 
286.000 0.018 
287.000 0.020 
288.000 0.023 
289.000 0.026 
290.000 0.029 
291.000 0.032 
292.000 0.035 
293.000 0.038 
294.000 0.041 
295.000 0.044 
296.000 0.047 
297.000 0.050 
298.000 0.053 
299.000 0.056 
300.000 0.059 
301.000 0.062 
302.000 0.065 
303.000 0.068 
304.000 0.071 
305.000 0.074 
306.000 0.077 
307.000 0.080 
308.000 0.083 
309.000 0.086 
310.000 0.089 
311.000 0.092 
312.000 0.095 
313.000 0.097 
314.000 0.100 
315.000 0.103 
316.000 0.106 
317.000 0.109 
318.000 0.112 
319.000 0.115 
320.000 0.118 
321.000 0.120 
322.000 0.123 
323.000 0.126 
324.000 0.128 
325.000 0.131 
326.000 0.134 
327.000 0.136 
328.000 0.139 
329.000 0.142 
330.000 0.144 
331.000 0.147 
332.000 0.149 
333.000 0.151 
334.000 0.154 
335.000 0.156 
336.000 0.158 
337.000 0.161 
338.000 0.163 
339.000 0.165 
340.000 0.167 
341.000 0.170 
342.000 0.172 
343.000 0.174 
344.000 0.176 
345.000 0.178 
346.000 0.180 
347.000 0.182 
348.000 0.184 
349.000 0.185 
350.000 0.187 
351.000 0.189 
352.000 0.191 
353.000 0.192 
354.000 0.194 
355.000 0.196 
356.000 0.197 
357.000 0.199 
358.000 0.200 
359.000 0.202 
360.000 0.203 
361.000 0.205 
362.000 0.206 
363.000 0.208 
364.000 0.209 
365.000 0.210 
366.000 0.232 
367.000 0.272 
368.000 0.320 
369.000 0.366 
370.000 0.408 
371.000 0.441 
372.000 0.465 
373.000 0.480 
374.000 0.490 
375.000 0.496 
376.000 0.501 
377.000 0.506 
378.000 0.514 
379.000 0.524 
380.000 0.538 
381.000 0.553 
382.000 0.571 
383.000 0.589 
384.000 0.608 
385.000 0.626 
386.000 0.643 
387.000 0.659 
388.000 0.672 
389.000 0.685 
390.000 0.696 
391.000 0.706 
392.000 0.715 
393.000 0.724 
394.000 0.732 
395.000 0.740 
396.000 0.748 
397.000 0.756 
398.000 0.764 
399.000 0.772 
400.000 0.779 
401.000 0.787 
402.000 0.793 
403.000 0.800 
404.000 0.806 
405.000 0.811 
406.000 0.817 
407.000 0.821 
408.000 0.826 
409.000 0.830 
410.000 0.834 
411.000 0.837 
412.000 0.841 
413.000 0.844 
414.000 0.847 
415.000 0.850 
416.000 0.853 
417.000 0.856 
418.000 0.858 
419.000 0.861 
420.000 0.863 
421.000 0.865 
422.000 0.867 
423.000 0.869 
424.000 0.871 
425.000 0.872 
426.000 0.874 
427.000 0.875 
428.000 0.876 
429.000 0.878 
430.000 0.879 
431.000 0.880 
432.000 0.881 
433.000 0.882 
434.000 0.883 
435.000 0.884 
436.000 0.884 
437.000 0.885 
438.000 0.886 
439.000 0.887 
440.000 0.887 
441.000 0.888 
442.000 0.888 
443.000 0.889 
444.000 0.889 
445.000 0.890 
446.000 0.890 
447.000 0.890 
448.000 0.891 
449.000 0.891 
450.000 0.891 
451.000 0.892 
452.000 0.892 
453.000 0.892 
454.000 0.892 
455.000 0.893 
456.000 0.893 
457.000 0.893 
458.000 0.893 
459.000 0.893 
460.000 0.894 
461.000 0.894 
462.000 0.894 
463.000 0.894 
464.000 0.894 
465.000 0.894 
466.000 0.894 
467.000 0.895 
468.000 0.895 
469.000 0.895 
470.000 0.895 
471.000 0.895 
472.000 0.895 
473.000 0.895 
474.000 0.895 
475.000 0.895 
476.000 0.895 
477.000 0.895 
478.000 0.895 
479.000 0.895 
480.000 0.895 
481.000 0.895 
482.000 0.895 
483.000 0.895 
484.000 0.896 
485.000 0.896 
486.000 0.994 
487.000 1.207 
488.000 1.492 
489.000 1.815 
490.000 2.149 
491.000 2.471 
492.000 2.764 
493.000 3.015 
494.000 3.216 
495.000 3.367 
496.000 3.468 
497.000 3.525 
498.000 3.547 
499.000 3.541 
500.000 3.516 
501.000 3.482 
502.000 3.447 
503.000 3.415 
504.000 3.391 
505.000 3.377 
506.000 3.375 
507.000 3.385 
508.000 3.403 
509.000 3.430 
510.000 3.461 
511.000 3.494 
512.000 3.527 
513.000 3.557 
514.000 3.583 
515.000 3.604 
516.000 3.619 
517.000 3.628 
518.000 3.632 
519.000 3.630 
520.000 3.625 
521.000 3.616 
522.000 3.606 
523.000 3.596 
524.000 3.586 
525.000 3.577 
526.000 3.569 
527.000 3.564 
528.000 3.560 
529.000 3.559 
530.000 3.559 
531.000 3.561 
532.000 3.564 
533.000 3.567 
534.000 3.571 
535.000 3.574 
536.000 3.577 
537.000 3.580 
538.000 3.582 
539.000 3.583 
540.000 3.583 
541.000 3.583 
542.000 3.583 
543.000 3.581 
544.000 3.580 
545.000 3.579 
546.000 3.577 
547.000 3.576 
548.000 3.575 
549.000 3.574 
550.000 3.574 
551.000 3.574 
552.000 3.574 
553.000 3.574 
554.000 3.574 
555.000 3.575 
556.000 3.575 
557.000 3.576 
558.000 3.576 
559.000 3.576 
560.000 3.577 
561.000 3.577 
562.000 3.577 
563.000 3.577 
564.000 3.577 
565.000 3.577 
566.000 3.577 
567.000 3.576 
568.000 3.576 
569.000 3.576 
570.000 3.576 
571.000 3.576 
572.000 3.576 
573.000 3.576 
574.000 3.576 
575.000 3.576 
576.000 3.576 
577.000 3.576 
578.000 3.576 
579.000 3.576 
580.000 3.576 
581.000 3.576 
582.000 3.576 
583.000 3.576 
584.000 3.576 
585.000 3.576 
586.000 3.576 
587.000 3.576 
588.000 3.576 
589.000 3.576 
590.000 3.576 
591.000 3.576 
592.000 3.576 
593.000 3.576 
594.000 3.576 
595.000 3.576 
596.000 3.576 
597.000 3.576 
598.000 3.576 
599.000 3.576 
600.000 3.576 
601.000 3.576 
602.000 3.576 
603.000 3.576 
604.000 3.576 
605.000 3.576 
606.000 3.631 
607.000 3.743 
608.000 3.891 
609.000 4.059 
610.000 4.235 
611.000 4.410 
612.000 4.578 
613.000 4.734 
614.000 4.877 
615.000 5.005 
616.000 5.117 
617.000 5.214 
618.000 5.297 
619.000 5.367 
620.000 5.425 
621.000 5.472 
622.000 5.510 
623.000 5.540 
624.000 5.563 
625.000 5.581 
626.000 5.594 
627.000 5.603 
628.000 5.609 
629.000 5.613 
630.000 5.615 
631.000 5.616 
632.000 5.615 
633.000 5.614 
634.000 5.613 
635.000 5.611 
636.000 5.609 
637.000 5.607 
638.000 5.606 
639.000 5.604 
640.000 5.602 
641.000 5.601 
642.000 5.600 
643.000 5.599 
644.000 5.598 
645.000 5.597 
646.000 5.596 
647.000 5.596 
648.000 5.595 
649.000 5.595 
650.000 5.595 
651.000 5.594 
652.000 5.594 
653.000 5.594 
654.000 5.594 
655.000 5.594 
656.000 5.594 
657.000 5.594 
658.000 5.594 
659.000 5.594 
660.000 5.594 
661.000 5.594 
662.000 5.594 
663.000 5.594 
664.000 5.594 
665.000 5.594 
666.000 5.594 
667.000 5.594 
668.000 5.594 
669.000 5.594 
670.000 5.594 
671.000 5.594 
672.000 5.594 
673.000 5.594 
674.000 5.594 
675.000 5.594 
676.000 5.594 
677.000 5.594 
678.000 5.594 
679.000 5.594 
680.000 5.594 
681.000 5.594 
682.000 5.594 
683.000 5.594 
684.000 5.594 
685.000 5.594 
686.000 5.594 
687.000 5.594 
688.000 5.594 
689.000 5.594 
690.000 5.594 
691.000 5.594 
692.000 5.594 
693.000 5.594 
694.000 5.594 
695.000 5.594 
696.000 5.594 
697.000 5.594 
698.000 5.594 
699.000 5.594 
700.000 5.594 
701.000 5.594 
702.000 5.594 
703.000 5.594 
704.000 5.594 
705.000 5.594 
706.000 5.594 
707.000 5.594 
708.000 5.594 
709.000 5.594 
710.000 5.594 
711.000 5.594 
712.000 5.594 
713.000 5.594 
714.000 5.594 
715.000 5.594 
716.000 5.594 
717.000 5.594 
718.000 5.594 
719.000 5.594 
720.000 5.594 
721.000 5.594 
722.000 5.594 
723.000 5.594 
724.000 5.594 
725.000 5.594 
726.000 5.594 
727.000 5.594 
728.000 5.594 
729.000 5.594 
730.000 5.594 
731.000 5.594 
732.000 5.594 
733.000 5.594 
734.000 5.594 
735.000 5.594 
736.000 5.594 
737.000 5.594 
738.000 5.594 
739.000 5.594 
740.000 5.594 
741.000 5.594 
742.000 5.594 
743.000 5.594 
744.000 5.594 
745.000 5.594 
746.000 5.594 
747.000 5.594 
748.000 5.594 
749.000 5.594 
750.000 5.594 
751.000 5.594 
752.000 5.594 
753.000 5.594 
754.000 5.594 
755.000 5.594 
756.000 5.594 
757.000 5.594 
758.000 5.594 
759.000 5.594 
760.000 5.594 
761.000 5.594 
762.000 5.594 
763.000 5.594 
764.000 5.594 
765.000 5.594 
766.000 5.594 
767.000 5.594 
768.000 5.594 
769.000 5.594 
770.000 5.594 
771.000 5.594 
772.000 5.594 
773.000 5.594 
774.000 5.594 
775.000 5.594 
776.000 5.594 
777.000 5.594 
778.000 5.594 
779.000 5.594 
780.000 5.594 
781.000 5.594 
782.000 5.594 
783.000 5.594 
784.000 5.594 
785.000 5.594 
786.000 5.594 
787.000 5.594 
788.000 5.594 
789.000 5.594 
790.000 5.594 
791.000 5.594 
792.000 5.594 
793.000 5.594 
794.000 5.594 
795.000 5.594 
796.000 5.594 
797.000 5.594 
798.000 5.594 
799.000 5.594 
800.000 5.594 
