1.000 0.000 
2.000 0.000 
3.000 0.000 
4.000 0.000 
5.000 0.000 
6.000 0.000 
7.000 0.000 
8.000 0.000 
9.000 0.000 
10.000 0.000 
11.000 0.000 
12.000 -0.001 
13.000 -0.005 
14.000 -0.009 
15.000 -0.014 
16.000 -0.018 
17.000 -0.020 
18.000 -0.022 
19.000 -0.022 
20.000 -0.022 
21.000 -0.021 
22.000 -0.021 
23.000 -0.021 
24.000 -0.022 
25.000 -0.023 
26.000 -0.024 
27.000 -0.026 
28.000 -0.027 
29.000 -0.029 
30.000 -0.030 
31.000 -0.031 
32.000 -0.032 
33.000 -0.033 
34.000 -0.034 
35.000 -0.034 
36.000 -0.035 
37.000 -0.036 
38.000 -0.037 
39.000 -0.037 
40.000 -0.038 
41.000 -0.039 
42.000 -0.040 
43.000 -0.041 
44.000 -0.042 
45.000 -0.042 
46.000 -0.043 
47.000 -0.044 
48.000 -0.044 
49.000 -0.045 
50.000 -0.046 
51.000 -0.046 
52.000 -0.047 
53.000 -0.048 
54.000 -0.048 
55.000 -0.049 
56.000 -0.050 
57.000 -0.050 
58.000 -0.051 
59.000 -0.051 
60.000 -0.052 
61.000 -0.053 
62.000 -0.053 
63.000 -0.054 
64.000 -0.054 
65.000 -0.055 
66.000 -0.055 
67.000 -0.056 
68.000 -0.056 
69.000 -0.057 
70.000 -0.057 
71.000 -0.058 
72.000 -0.058 
73.000 -0.059 
74.000 -0.059 
75.000 -0.060 
76.000 -0.060 
77.000 -0.061 
78.000 -0.061 
79.000 -0.062 
80.000 -0.062 
81.000 -0.062 
82.000 -0.063 
83.000 -0.063 
84.000 -0.064 
85.000 -0.064 
86.000 -0.064 
87.000 -0.065 
88.000 -0.065 
89.000 -0.066 
90.000 -0.066 
91.000 -0.066 
92.000 -0.067 
93.000 -0.067 
94.000 -0.068 
95.000 -0.068 
96.000 -0.068 
97.000 -0.069 
98.000 -0.069 
99.000 -0.069 
100.000 -0.070 
101.000 -0.070 
102.000 -0.070 
103.000 -0.071 
104.000 -0.071 
105.000 -0.071 
106.000 -0.072 
107.000 -0.072 
108.000 -0.072 
109.000 -0.073 
110.000 -0.073 
111.000 -0.073 
112.000 -0.073 
113.000 -0.074 
114.000 -0.074 
115.000 -0.074 
116.000 -0.075 
117.000 -0.075 
118.000 -0.075 
119.000 -0.075 
120.000 -0.076 
121.000 -0.076 
122.000 -0.076 
123.000 -0.077 
124.000 -0.077 
125.000 -0.077 
126.000 -0.077 
127.000 -0.077 
128.000 -0.076 
129.000 -0.076 
130.000 -0.075 
131.000 -0.075 
132.000 -0.075 
133.000 -0.075 
134.000 -0.076 
135.000 -0.076 
136.000 -0.076 
137.000 -0.076 
138.000 -0.077 
139.000 -0.077 
140.000 -0.076 
141.000 -0.076 
142.000 -0.076 
143.000 -0.076 
144.000 -0.076 
145.000 -0.076 
146.000 -0.076 
147.000 -0.076 
148.000 -0.076 
149.000 -0.076 
150.000 -0.076 
151.000 -0.076 
152.000 -0.076 
153.000 -0.076 
154.000 -0.076 
155.000 -0.076 
156.000 -0.076 
157.000 -0.076 
158.000 -0.076 
159.000 -0.076 
160.000 -0.077 
161.000 -0.077 
162.000 -0.077 
163.000 -0.077 
164.000 -0.077 
165.000 -0.077 
166.000 -0.077 
167.000 -0.077 
168.000 -0.077 
169.000 -0.077 
170.000 -0.077 
171.000 -0.077 
172.000 -0.077 
173.000 -0.077 
174.000 -0.077 
175.000 -0.077 
176.000 -0.077 
177.000 -0.077 
178.000 -0.077 
179.000 -0.077 
180.000 -0.077 
181.000 -0.077 
182.000 -0.077 
183.000 -0.077 
184.000 -0.077 
185.000 -0.077 
186.000 -0.077 
187.000 -0.077 
188.000 -0.077 
189.000 -0.077 
190.000 -0.077 
191.000 -0.077 
192.000 -0.077 
193.000 -0.077 
194.000 -0.077 
195.000 -0.077 
196.000 -0.077 
197.000 -0.077 
198.000 -0.077 
199.000 -0.077 
200.000 -0.077 
201.000 -0.077 
202.000 -0.077 
203.000 -0.077 
204.000 -0.077 
205.000 -0.077 
206.000 -0.077 
207.000 -0.077 
208.000 -0.077 
209.000 -0.077 
210.000 -0.077 
211.000 -0.077 
212.000 -0.077 
213.000 -0.077 
214.000 -0.077 
215.000 -0.077 
216.000 -0.077 
217.000 -0.077 
218.000 -0.077 
219.000 -0.077 
220.000 -0.077 
221.000 -0.077 
222.000 -0.077 
223.000 -0.077 
224.000 -0.077 
225.000 -0.077 
226.000 -0.077 
227.000 -0.077 
228.000 -0.077 
229.000 -0.077 
230.000 -0.077 
231.000 -0.077 
232.000 -0.077 
233.000 -0.077 
234.000 -0.077 
235.000 -0.077 
236.000 -0.077 
237.000 -0.077 
238.000 -0.077 
239.000 -0.078 
240.000 -0.078 
241.000 -0.078 
242.000 -0.078 
243.000 -0.078 
244.000 -0.078 
245.000 -0.078 
246.000 -0.077 
247.000 -0.073 
248.000 -0.068 
249.000 -0.062 
250.000 -0.056 
251.000 -0.053 
252.000 -0.051 
253.000 -0.051 
254.000 -0.051 
255.000 -0.052 
256.000 -0.052 
257.000 -0.051 
258.000 -0.050 
259.000 -0.048 
260.000 -0.045 
261.000 -0.042 
262.000 -0.038 
263.000 -0.035 
264.000 -0.031 
265.000 -0.029 
266.000 -0.026 
267.000 -0.024 
268.000 -0.022 
269.000 -0.020 
270.000 -0.018 
271.000 -0.015 
272.000 -0.012 
273.000 -0.009 
274.000 -0.006 
275.000 -0.003 
276.000 0.000 
277.000 0.004 
278.000 0.007 
279.000 0.010 
280.000 0.013 
281.000 0.016 
282.000 0.019 
283.000 0.023 
284.000 0.026 
285.000 0.029 
286.000 0.032 
287.000 0.036 
288.000 0.039 
289.000 0.043 
290.000 0.046 
291.000 0.050 
292.000 0.053 
293.000 0.057 
294.000 0.060 
295.000 0.064 
296.000 0.067 
297.000 0.071 
298.000 0.074 
299.000 0.077 
300.000 0.081 
301.000 0.084 
302.000 0.088 
303.000 0.091 
304.000 0.095 
305.000 0.098 
306.000 0.101 
307.000 0.105 
308.000 0.108 
309.000 0.111 
310.000 0.115 
311.000 0.118 
312.000 0.121 
313.000 0.124 
314.000 0.127 
315.000 0.130 
316.000 0.133 
317.000 0.136 
318.000 0.139 
319.000 0.142 
320.000 0.145 
321.000 0.148 
322.000 0.151 
323.000 0.154 
324.000 0.156 
325.000 0.159 
326.000 0.162 
327.000 0.164 
328.000 0.167 
329.000 0.169 
330.000 0.172 
331.000 0.174 
332.000 0.176 
333.000 0.179 
334.000 0.181 
335.000 0.183 
336.000 0.185 
337.000 0.187 
338.000 0.189 
339.000 0.191 
340.000 0.193 
341.000 0.195 
342.000 0.197 
343.000 0.199 
344.000 0.201 
345.000 0.202 
346.000 0.204 
347.000 0.206 
348.000 0.207 
349.000 0.209 
350.000 0.210 
351.000 0.212 
352.000 0.213 
353.000 0.215 
354.000 0.216 
355.000 0.217 
356.000 0.219 
357.000 0.220 
358.000 0.221 
359.000 0.222 
360.000 0.224 
361.000 0.225 
362.000 0.226 
363.000 0.227 
364.000 0.228 
365.000 0.229 
366.000 0.244 
367.000 0.281 
368.000 0.338 
369.000 0.406 
370.000 0.476 
371.000 0.539 
372.000 0.587 
373.000 0.617 
374.000 0.628 
375.000 0.623 
376.000 0.606 
377.000 0.585 
378.000 0.565 
379.000 0.551 
380.000 0.547 
381.000 0.554 
382.000 0.573 
383.000 0.601 
384.000 0.636 
385.000 0.675 
386.000 0.713 
387.000 0.747 
388.000 0.774 
389.000 0.792 
390.000 0.802 
391.000 0.803 
392.000 0.798 
393.000 0.789 
394.000 0.779 
395.000 0.771 
396.000 0.766 
397.000 0.766 
398.000 0.771 
399.000 0.781 
400.000 0.795 
401.000 0.811 
402.000 0.828 
403.000 0.844 
404.000 0.857 
405.000 0.867 
406.000 0.873 
407.000 0.875 
408.000 0.873 
409.000 0.869 
410.000 0.864 
411.000 0.858 
412.000 0.854 
413.000 0.851 
414.000 0.851 
415.000 0.853 
416.000 0.857 
417.000 0.863 
418.000 0.870 
419.000 0.877 
420.000 0.884 
421.000 0.889 
422.000 0.892 
423.000 0.894 
424.000 0.894 
425.000 0.892 
426.000 0.890 
427.000 0.887 
428.000 0.884 
429.000 0.881 
430.000 0.880 
431.000 0.880 
432.000 0.881 
433.000 0.883 
434.000 0.885 
435.000 0.888 
436.000 0.891 
437.000 0.894 
438.000 0.896 
439.000 0.897 
440.000 0.898 
441.000 0.897 
442.000 0.896 
443.000 0.895 
444.000 0.893 
445.000 0.892 
446.000 0.891 
447.000 0.890 
448.000 0.890 
449.000 0.890 
450.000 0.891 
451.000 0.892 
452.000 0.894 
453.000 0.895 
454.000 0.896 
455.000 0.897 
456.000 0.897 
457.000 0.897 
458.000 0.897 
459.000 0.897 
460.000 0.896 
461.000 0.895 
462.000 0.894 
463.000 0.894 
464.000 0.894 
465.000 0.894 
466.000 0.894 
467.000 0.894 
468.000 0.895 
469.000 0.895 
470.000 0.896 
471.000 0.896 
472.000 0.897 
473.000 0.897 
474.000 0.897 
475.000 0.897 
476.000 0.896 
477.000 0.896 
478.000 0.896 
479.000 0.895 
480.000 0.895 
481.000 0.895 
482.000 0.895 
483.000 0.895 
484.000 0.895 
485.000 0.896 
486.000 0.969 
487.000 1.160 
488.000 1.455 
489.000 1.817 
490.000 2.214 
491.000 2.620 
492.000 3.019 
493.000 3.396 
494.000 3.745 
495.000 4.045 
496.000 4.260 
497.000 4.368 
498.000 4.365 
499.000 4.263 
500.000 4.087 
501.000 3.867 
502.000 3.635 
503.000 3.419 
504.000 3.241 
505.000 3.118 
506.000 3.057 
507.000 3.060 
508.000 3.123 
509.000 3.236 
510.000 3.385 
511.000 3.555 
512.000 3.728 
513.000 3.887 
514.000 4.016 
515.000 4.102 
516.000 4.138 
517.000 4.121 
518.000 4.055 
519.000 3.949 
520.000 3.815 
521.000 3.669 
522.000 3.526 
523.000 3.399 
524.000 3.301 
525.000 3.238 
526.000 3.213 
527.000 3.227 
528.000 3.276 
529.000 3.352 
530.000 3.447 
531.000 3.551 
532.000 3.654 
533.000 3.744 
534.000 3.814 
535.000 3.858 
536.000 3.872 
537.000 3.857 
538.000 3.815 
539.000 3.752 
540.000 3.676 
541.000 3.594 
542.000 3.517 
543.000 3.450 
544.000 3.401 
545.000 3.372 
546.000 3.365 
547.000 3.380 
548.000 3.413 
549.000 3.461 
550.000 3.518 
551.000 3.578 
552.000 3.635 
553.000 3.683 
554.000 3.719 
555.000 3.738 
556.000 3.741 
557.000 3.727 
558.000 3.700 
559.000 3.661 
560.000 3.617 
561.000 3.571 
562.000 3.529 
563.000 3.494 
564.000 3.469 
565.000 3.456 
566.000 3.456 
567.000 3.468 
568.000 3.490 
569.000 3.520 
570.000 3.553 
571.000 3.587 
572.000 3.618 
573.000 3.643 
574.000 3.661 
575.000 3.669 
576.000 3.667 
577.000 3.657 
578.000 3.639 
579.000 3.616 
580.000 3.591 
581.000 3.565 
582.000 3.542 
583.000 3.524 
584.000 3.512 
585.000 3.507 
586.000 3.509 
587.000 3.518 
588.000 3.532 
589.000 3.550 
590.000 3.569 
591.000 3.588 
592.000 3.605 
593.000 3.618 
594.000 3.626 
595.000 3.629 
596.000 3.626 
597.000 3.619 
598.000 3.608 
599.000 3.594 
600.000 3.580 
601.000 3.565 
602.000 3.553 
603.000 3.544 
604.000 3.538 
605.000 3.537 
606.000 3.593 
607.000 3.706 
608.000 3.857 
609.000 4.028 
610.000 4.207 
611.000 4.386 
612.000 4.557 
613.000 4.717 
614.000 4.862 
615.000 4.993 
616.000 5.107 
617.000 5.206 
618.000 5.291 
619.000 5.362 
620.000 5.421 
621.000 5.470 
622.000 5.508 
623.000 5.539 
624.000 5.563 
625.000 5.581 
626.000 5.594 
627.000 5.603 
628.000 5.610 
629.000 5.614 
630.000 5.616 
631.000 5.616 
632.000 5.616 
633.000 5.615 
634.000 5.613 
635.000 5.612 
636.000 5.610 
637.000 5.608 
638.000 5.606 
639.000 5.604 
640.000 5.602 
641.000 5.601 
642.000 5.600 
643.000 5.599 
644.000 5.598 
645.000 5.597 
646.000 5.596 
647.000 5.596 
648.000 5.595 
649.000 5.595 
650.000 5.595 
651.000 5.594 
652.000 5.594 
653.000 5.594 
654.000 5.594 
655.000 5.594 
656.000 5.594 
657.000 5.594 
658.000 5.594 
659.000 5.594 
660.000 5.594 
661.000 5.594 
662.000 5.594 
663.000 5.594 
664.000 5.594 
665.000 5.594 
666.000 5.594 
667.000 5.594 
668.000 5.594 
669.000 5.594 
670.000 5.594 
671.000 5.594 
672.000 5.594 
673.000 5.594 
674.000 5.594 
675.000 5.594 
676.000 5.594 
677.000 5.594 
678.000 5.594 
679.000 5.594 
680.000 5.594 
681.000 5.594 
682.000 5.594 
683.000 5.594 
684.000 5.594 
685.000 5.594 
686.000 5.594 
687.000 5.594 
688.000 5.594 
689.000 5.594 
690.000 5.594 
691.000 5.594 
692.000 5.594 
693.000 5.594 
694.000 5.594 
695.000 5.594 
696.000 5.594 
697.000 5.594 
698.000 5.594 
699.000 5.594 
700.000 5.594 
701.000 5.594 
702.000 5.594 
703.000 5.594 
704.000 5.594 
705.000 5.594 
706.000 5.594 
707.000 5.594 
708.000 5.594 
709.000 5.594 
710.000 5.594 
711.000 5.594 
712.000 5.594 
713.000 5.594 
714.000 5.594 
715.000 5.594 
716.000 5.594 
717.000 5.594 
718.000 5.594 
719.000 5.594 
720.000 5.594 
721.000 5.594 
722.000 5.594 
723.000 5.594 
724.000 5.594 
725.000 5.594 
726.000 5.594 
727.000 5.594 
728.000 5.594 
729.000 5.594 
730.000 5.594 
731.000 5.594 
732.000 5.594 
733.000 5.594 
734.000 5.594 
735.000 5.594 
736.000 5.594 
737.000 5.594 
738.000 5.594 
739.000 5.594 
740.000 5.594 
741.000 5.594 
742.000 5.594 
743.000 5.594 
744.000 5.594 
745.000 5.594 
746.000 5.594 
747.000 5.594 
748.000 5.594 
749.000 5.594 
750.000 5.594 
751.000 5.594 
752.000 5.594 
753.000 5.594 
754.000 5.594 
755.000 5.594 
756.000 5.594 
757.000 5.594 
758.000 5.594 
759.000 5.594 
760.000 5.594 
761.000 5.594 
762.000 5.594 
763.000 5.594 
764.000 5.594 
765.000 5.594 
766.000 5.594 
767.000 5.594 
768.000 5.594 
769.000 5.594 
770.000 5.594 
771.000 5.594 
772.000 5.594 
773.000 5.594 
774.000 5.594 
775.000 5.594 
776.000 5.594 
777.000 5.594 
778.000 5.594 
779.000 5.594 
780.000 5.594 
781.000 5.594 
782.000 5.594 
783.000 5.594 
784.000 5.594 
785.000 5.594 
786.000 5.594 
787.000 5.594 
788.000 5.594 
789.000 5.594 
790.000 5.594 
791.000 5.594 
792.000 5.594 
793.000 5.594 
794.000 5.594 
795.000 5.594 
796.000 5.594 
797.000 5.594 
798.000 5.594 
799.000 5.594 
800.000 5.594 
