1.000 0.000 
2.000 0.000 
3.000 0.000 
4.000 0.000 
5.000 0.000 
6.000 0.000 
7.000 0.000 
8.000 0.000 
9.000 0.000 
10.000 0.000 
11.000 0.000 
12.000 -0.002 
13.000 -0.007 
14.000 -0.011 
15.000 -0.014 
16.000 -0.016 
17.000 -0.017 
18.000 -0.018 
19.000 -0.018 
20.000 -0.018 
21.000 -0.018 
22.000 -0.019 
23.000 -0.020 
24.000 -0.021 
25.000 -0.022 
26.000 -0.024 
27.000 -0.025 
28.000 -0.026 
29.000 -0.027 
30.000 -0.028 
31.000 -0.029 
32.000 -0.029 
33.000 -0.030 
34.000 -0.031 
35.000 -0.032 
36.000 -0.033 
37.000 -0.034 
38.000 -0.034 
39.000 -0.035 
40.000 -0.036 
41.000 -0.037 
42.000 -0.038 
43.000 -0.038 
44.000 -0.039 
45.000 -0.040 
46.000 -0.040 
47.000 -0.041 
48.000 -0.042 
49.000 -0.042 
50.000 -0.043 
51.000 -0.044 
52.000 -0.044 
53.000 -0.045 
54.000 -0.046 
55.000 -0.046 
56.000 -0.047 
57.000 -0.047 
58.000 -0.048 
59.000 -0.049 
60.000 -0.049 
61.000 -0.050 
62.000 -0.050 
63.000 -0.051 
64.000 -0.051 
65.000 -0.052 
66.000 -0.052 
67.000 -0.053 
68.000 -0.053 
69.000 -0.054 
70.000 -0.054 
71.000 -0.055 
72.000 -0.055 
73.000 -0.056 
74.000 -0.056 
75.000 -0.057 
76.000 -0.057 
77.000 -0.058 
78.000 -0.058 
79.000 -0.059 
80.000 -0.059 
81.000 -0.059 
82.000 -0.060 
83.000 -0.060 
84.000 -0.061 
85.000 -0.061 
86.000 -0.062 
87.000 -0.062 
88.000 -0.062 
89.000 -0.063 
90.000 -0.063 
91.000 -0.063 
92.000 -0.064 
93.000 -0.064 
94.000 -0.065 
95.000 -0.065 
96.000 -0.065 
97.000 -0.066 
98.000 -0.066 
99.000 -0.066 
100.000 -0.067 
101.000 -0.067 
102.000 -0.067 
103.000 -0.068 
104.000 -0.068 
105.000 -0.068 
106.000 -0.069 
107.000 -0.069 
108.000 -0.069 
109.000 -0.070 
110.000 -0.070 
111.000 -0.070 
112.000 -0.071 
113.000 -0.071 
114.000 -0.071 
115.000 -0.071 
116.000 -0.072 
117.000 -0.072 
118.000 -0.072 
119.000 -0.073 
120.000 -0.073 
121.000 -0.073 
122.000 -0.073 
123.000 -0.074 
124.000 -0.074 
125.000 -0.074 
126.000 -0.074 
127.000 -0.074 
128.000 -0.073 
129.000 -0.073 
130.000 -0.073 
131.000 -0.073 
132.000 -0.073 
133.000 -0.073 
134.000 -0.073 
135.000 -0.073 
136.000 -0.074 
137.000 -0.074 
138.000 -0.074 
139.000 -0.074 
140.000 -0.074 
141.000 -0.074 
142.000 -0.074 
143.000 -0.074 
144.000 -0.074 
145.000 -0.074 
146.000 -0.074 
147.000 -0.074 
148.000 -0.074 
149.000 -0.074 
150.000 -0.074 
151.000 -0.074 
152.000 -0.074 
153.000 -0.074 
154.000 -0.074 
155.000 -0.074 
156.000 -0.074 
157.000 -0.074 
158.000 -0.074 
159.000 -0.074 
160.000 -0.074 
161.000 -0.074 
162.000 -0.074 
163.000 -0.074 
164.000 -0.074 
165.000 -0.074 
166.000 -0.074 
167.000 -0.074 
168.000 -0.074 
169.000 -0.074 
170.000 -0.074 
171.000 -0.074 
172.000 -0.074 
173.000 -0.074 
174.000 -0.074 
175.000 -0.074 
176.000 -0.074 
177.000 -0.074 
178.000 -0.074 
179.000 -0.074 
180.000 -0.075 
181.000 -0.075 
182.000 -0.075 
183.000 -0.075 
184.000 -0.075 
185.000 -0.075 
186.000 -0.075 
187.000 -0.075 
188.000 -0.075 
189.000 -0.075 
190.000 -0.075 
191.000 -0.075 
192.000 -0.075 
193.000 -0.075 
194.000 -0.075 
195.000 -0.075 
196.000 -0.075 
197.000 -0.075 
198.000 -0.075 
199.000 -0.075 
200.000 -0.075 
201.000 -0.075 
202.000 -0.075 
203.000 -0.075 
204.000 -0.075 
205.000 -0.075 
206.000 -0.075 
207.000 -0.075 
208.000 -0.075 
209.000 -0.075 
210.000 -0.075 
211.000 -0.075 
212.000 -0.075 
213.000 -0.075 
214.000 -0.075 
215.000 -0.075 
216.000 -0.075 
217.000 -0.075 
218.000 -0.075 
219.000 -0.075 
220.000 -0.075 
221.000 -0.075 
222.000 -0.075 
223.000 -0.075 
224.000 -0.075 
225.000 -0.075 
226.000 -0.075 
227.000 -0.075 
228.000 -0.075 
229.000 -0.075 
230.000 -0.075 
231.000 -0.076 
232.000 -0.076 
233.000 -0.076 
234.000 -0.076 
235.000 -0.076 
236.000 -0.076 
237.000 -0.076 
238.000 -0.076 
239.000 -0.076 
240.000 -0.076 
241.000 -0.076 
242.000 -0.076 
243.000 -0.076 
244.000 -0.076 
245.000 -0.076 
246.000 -0.074 
247.000 -0.069 
248.000 -0.063 
249.000 -0.059 
250.000 -0.057 
251.000 -0.056 
252.000 -0.055 
253.000 -0.055 
254.000 -0.055 
255.000 -0.054 
256.000 -0.052 
257.000 -0.050 
258.000 -0.048 
259.000 -0.046 
260.000 -0.044 
261.000 -0.041 
262.000 -0.039 
263.000 -0.037 
264.000 -0.035 
265.000 -0.033 
266.000 -0.030 
267.000 -0.028 
268.000 -0.026 
269.000 -0.023 
270.000 -0.021 
271.000 -0.018 
272.000 -0.016 
273.000 -0.013 
274.000 -0.011 
275.000 -0.008 
276.000 -0.005 
277.000 -0.003 
278.000 0.000 
279.000 0.003 
280.000 0.006 
281.000 0.009 
282.000 0.011 
283.000 0.014 
284.000 0.017 
285.000 0.020 
286.000 0.023 
287.000 0.026 
288.000 0.029 
289.000 0.032 
290.000 0.036 
291.000 0.039 
292.000 0.042 
293.000 0.045 
294.000 0.048 
295.000 0.051 
296.000 0.054 
297.000 0.058 
298.000 0.061 
299.000 0.064 
300.000 0.067 
301.000 0.070 
302.000 0.073 
303.000 0.077 
304.000 0.080 
305.000 0.083 
306.000 0.086 
307.000 0.089 
308.000 0.092 
309.000 0.095 
310.000 0.098 
311.000 0.102 
312.000 0.105 
313.000 0.108 
314.000 0.111 
315.000 0.114 
316.000 0.117 
317.000 0.120 
318.000 0.122 
319.000 0.125 
320.000 0.128 
321.000 0.131 
322.000 0.134 
323.000 0.137 
324.000 0.139 
325.000 0.142 
326.000 0.145 
327.000 0.147 
328.000 0.150 
329.000 0.152 
330.000 0.155 
331.000 0.157 
332.000 0.160 
333.000 0.162 
334.000 0.164 
335.000 0.167 
336.000 0.169 
337.000 0.171 
338.000 0.173 
339.000 0.176 
340.000 0.178 
341.000 0.180 
342.000 0.182 
343.000 0.184 
344.000 0.186 
345.000 0.188 
346.000 0.189 
347.000 0.191 
348.000 0.193 
349.000 0.195 
350.000 0.197 
351.000 0.198 
352.000 0.200 
353.000 0.201 
354.000 0.203 
355.000 0.205 
356.000 0.206 
357.000 0.208 
358.000 0.209 
359.000 0.210 
360.000 0.212 
361.000 0.213 
362.000 0.214 
363.000 0.216 
364.000 0.217 
365.000 0.218 
366.000 0.243 
367.000 0.292 
368.000 0.349 
369.000 0.402 
370.000 0.448 
371.000 0.482 
372.000 0.503 
373.000 0.515 
374.000 0.519 
375.000 0.519 
376.000 0.520 
377.000 0.523 
378.000 0.529 
379.000 0.541 
380.000 0.556 
381.000 0.575 
382.000 0.596 
383.000 0.617 
384.000 0.638 
385.000 0.657 
386.000 0.674 
387.000 0.688 
388.000 0.701 
389.000 0.711 
390.000 0.719 
391.000 0.727 
392.000 0.735 
393.000 0.742 
394.000 0.749 
395.000 0.757 
396.000 0.765 
397.000 0.773 
398.000 0.781 
399.000 0.789 
400.000 0.797 
401.000 0.803 
402.000 0.810 
403.000 0.816 
404.000 0.821 
405.000 0.825 
406.000 0.830 
407.000 0.833 
408.000 0.837 
409.000 0.840 
410.000 0.844 
411.000 0.847 
412.000 0.850 
413.000 0.853 
414.000 0.856 
415.000 0.859 
416.000 0.861 
417.000 0.863 
418.000 0.866 
419.000 0.868 
420.000 0.870 
421.000 0.871 
422.000 0.873 
423.000 0.874 
424.000 0.876 
425.000 0.877 
426.000 0.878 
427.000 0.879 
428.000 0.880 
429.000 0.881 
430.000 0.882 
431.000 0.883 
432.000 0.884 
433.000 0.885 
434.000 0.886 
435.000 0.886 
436.000 0.887 
437.000 0.888 
438.000 0.888 
439.000 0.889 
440.000 0.889 
441.000 0.890 
442.000 0.890 
443.000 0.890 
444.000 0.891 
445.000 0.891 
446.000 0.892 
447.000 0.892 
448.000 0.892 
449.000 0.892 
450.000 0.893 
451.000 0.893 
452.000 0.893 
453.000 0.893 
454.000 0.893 
455.000 0.894 
456.000 0.894 
457.000 0.894 
458.000 0.894 
459.000 0.894 
460.000 0.894 
461.000 0.894 
462.000 0.895 
463.000 0.895 
464.000 0.895 
465.000 0.895 
466.000 0.895 
467.000 0.895 
468.000 0.895 
469.000 0.895 
470.000 0.895 
471.000 0.895 
472.000 0.895 
473.000 0.895 
474.000 0.895 
475.000 0.895 
476.000 0.895 
477.000 0.895 
478.000 0.896 
479.000 0.896 
480.000 0.896 
481.000 0.896 
482.000 0.896 
483.000 0.896 
484.000 0.896 
485.000 0.896 
486.000 1.011 
487.000 1.260 
488.000 1.590 
489.000 1.957 
490.000 2.329 
491.000 2.678 
492.000 2.981 
493.000 3.225 
494.000 3.405 
495.000 3.520 
496.000 3.578 
497.000 3.589 
498.000 3.565 
499.000 3.519 
500.000 3.464 
501.000 3.411 
502.000 3.367 
503.000 3.338 
504.000 3.327 
505.000 3.333 
506.000 3.354 
507.000 3.388 
508.000 3.431 
509.000 3.477 
510.000 3.524 
511.000 3.567 
512.000 3.603 
513.000 3.630 
514.000 3.648 
515.000 3.656 
516.000 3.656 
517.000 3.649 
518.000 3.636 
519.000 3.621 
520.000 3.604 
521.000 3.587 
522.000 3.573 
523.000 3.562 
524.000 3.554 
525.000 3.549 
526.000 3.548 
527.000 3.551 
528.000 3.555 
529.000 3.561 
530.000 3.567 
531.000 3.573 
532.000 3.579 
533.000 3.584 
534.000 3.587 
535.000 3.589 
536.000 3.589 
537.000 3.588 
538.000 3.587 
539.000 3.584 
540.000 3.581 
541.000 3.579 
542.000 3.576 
543.000 3.574 
544.000 3.573 
545.000 3.572 
546.000 3.571 
547.000 3.571 
548.000 3.572 
549.000 3.573 
550.000 3.574 
551.000 3.575 
552.000 3.576 
553.000 3.577 
554.000 3.577 
555.000 3.578 
556.000 3.578 
557.000 3.578 
558.000 3.578 
559.000 3.577 
560.000 3.577 
561.000 3.577 
562.000 3.576 
563.000 3.576 
564.000 3.576 
565.000 3.575 
566.000 3.575 
567.000 3.575 
568.000 3.575 
569.000 3.575 
570.000 3.576 
571.000 3.576 
572.000 3.576 
573.000 3.576 
574.000 3.576 
575.000 3.576 
576.000 3.576 
577.000 3.576 
578.000 3.576 
579.000 3.576 
580.000 3.576 
581.000 3.576 
582.000 3.576 
583.000 3.576 
584.000 3.576 
585.000 3.576 
586.000 3.576 
587.000 3.576 
588.000 3.576 
589.000 3.576 
590.000 3.576 
591.000 3.576 
592.000 3.576 
593.000 3.576 
594.000 3.576 
595.000 3.576 
596.000 3.576 
597.000 3.576 
598.000 3.576 
599.000 3.576 
600.000 3.576 
601.000 3.576 
602.000 3.576 
603.000 3.576 
604.000 3.576 
605.000 3.576 
606.000 3.631 
607.000 3.743 
608.000 3.891 
609.000 4.059 
610.000 4.235 
611.000 4.410 
612.000 4.578 
613.000 4.734 
614.000 4.877 
615.000 5.005 
616.000 5.117 
617.000 5.214 
618.000 5.297 
619.000 5.367 
620.000 5.425 
621.000 5.472 
622.000 5.510 
623.000 5.540 
624.000 5.563 
625.000 5.581 
626.000 5.594 
627.000 5.603 
628.000 5.609 
629.000 5.613 
630.000 5.615 
631.000 5.616 
632.000 5.615 
633.000 5.614 
634.000 5.613 
635.000 5.611 
636.000 5.609 
637.000 5.607 
638.000 5.606 
639.000 5.604 
640.000 5.602 
641.000 5.601 
642.000 5.600 
643.000 5.599 
644.000 5.598 
645.000 5.597 
646.000 5.596 
647.000 5.596 
648.000 5.595 
649.000 5.595 
650.000 5.595 
651.000 5.594 
652.000 5.594 
653.000 5.594 
654.000 5.594 
655.000 5.594 
656.000 5.594 
657.000 5.594 
658.000 5.594 
659.000 5.594 
660.000 5.594 
661.000 5.594 
662.000 5.594 
663.000 5.594 
664.000 5.594 
665.000 5.594 
666.000 5.594 
667.000 5.594 
668.000 5.594 
669.000 5.594 
670.000 5.594 
671.000 5.594 
672.000 5.594 
673.000 5.594 
674.000 5.594 
675.000 5.594 
676.000 5.594 
677.000 5.594 
678.000 5.594 
679.000 5.594 
680.000 5.594 
681.000 5.594 
682.000 5.594 
683.000 5.594 
684.000 5.594 
685.000 5.594 
686.000 5.594 
687.000 5.594 
688.000 5.594 
689.000 5.594 
690.000 5.594 
691.000 5.594 
692.000 5.594 
693.000 5.594 
694.000 5.594 
695.000 5.594 
696.000 5.594 
697.000 5.594 
698.000 5.594 
699.000 5.594 
700.000 5.594 
701.000 5.594 
702.000 5.594 
703.000 5.594 
704.000 5.594 
705.000 5.594 
706.000 5.594 
707.000 5.594 
708.000 5.594 
709.000 5.594 
710.000 5.594 
711.000 5.594 
712.000 5.594 
713.000 5.594 
714.000 5.594 
715.000 5.594 
716.000 5.594 
717.000 5.594 
718.000 5.594 
719.000 5.594 
720.000 5.594 
721.000 5.594 
722.000 5.594 
723.000 5.594 
724.000 5.594 
725.000 5.594 
726.000 5.594 
727.000 5.594 
728.000 5.594 
729.000 5.594 
730.000 5.594 
731.000 5.594 
732.000 5.594 
733.000 5.594 
734.000 5.594 
735.000 5.594 
736.000 5.594 
737.000 5.594 
738.000 5.594 
739.000 5.594 
740.000 5.594 
741.000 5.594 
742.000 5.594 
743.000 5.594 
744.000 5.594 
745.000 5.594 
746.000 5.594 
747.000 5.594 
748.000 5.594 
749.000 5.594 
750.000 5.594 
751.000 5.594 
752.000 5.594 
753.000 5.594 
754.000 5.594 
755.000 5.594 
756.000 5.594 
757.000 5.594 
758.000 5.594 
759.000 5.594 
760.000 5.594 
761.000 5.594 
762.000 5.594 
763.000 5.594 
764.000 5.594 
765.000 5.594 
766.000 5.594 
767.000 5.594 
768.000 5.594 
769.000 5.594 
770.000 5.594 
771.000 5.594 
772.000 5.594 
773.000 5.594 
774.000 5.594 
775.000 5.594 
776.000 5.594 
777.000 5.594 
778.000 5.594 
779.000 5.594 
780.000 5.594 
781.000 5.594 
782.000 5.594 
783.000 5.594 
784.000 5.594 
785.000 5.594 
786.000 5.594 
787.000 5.594 
788.000 5.594 
789.000 5.594 
790.000 5.594 
791.000 5.594 
792.000 5.594 
793.000 5.594 
794.000 5.594 
795.000 5.594 
796.000 5.594 
797.000 5.594 
798.000 5.594 
799.000 5.594 
800.000 5.594 
