1.000 0.000 
2.000 0.000 
3.000 0.000 
4.000 0.000 
5.000 0.000 
6.000 0.000 
7.000 0.000 
8.000 0.000 
9.000 0.000 
10.000 0.000 
11.000 0.000 
12.000 -0.002 
13.000 -0.006 
14.000 -0.011 
15.000 -0.015 
16.000 -0.019 
17.000 -0.021 
18.000 -0.022 
19.000 -0.022 
20.000 -0.021 
21.000 -0.021 
22.000 -0.021 
23.000 -0.021 
24.000 -0.022 
25.000 -0.023 
26.000 -0.025 
27.000 -0.027 
28.000 -0.028 
29.000 -0.030 
30.000 -0.031 
31.000 -0.032 
32.000 -0.033 
33.000 -0.033 
34.000 -0.034 
35.000 -0.035 
36.000 -0.035 
37.000 -0.036 
38.000 -0.037 
39.000 -0.038 
40.000 -0.039 
41.000 -0.040 
42.000 -0.041 
43.000 -0.042 
44.000 -0.042 
45.000 -0.043 
46.000 -0.044 
47.000 -0.044 
48.000 -0.045 
49.000 -0.046 
50.000 -0.046 
51.000 -0.047 
52.000 -0.048 
53.000 -0.048 
54.000 -0.049 
55.000 -0.050 
56.000 -0.050 
57.000 -0.051 
58.000 -0.051 
59.000 -0.052 
60.000 -0.053 
61.000 -0.053 
62.000 -0.054 
63.000 -0.054 
64.000 -0.055 
65.000 -0.055 
66.000 -0.056 
67.000 -0.056 
68.000 -0.057 
69.000 -0.057 
70.000 -0.058 
71.000 -0.058 
72.000 -0.059 
73.000 -0.059 
74.000 -0.060 
75.000 -0.060 
76.000 -0.061 
77.000 -0.061 
78.000 -0.062 
79.000 -0.062 
80.000 -0.063 
81.000 -0.063 
82.000 -0.063 
83.000 -0.064 
84.000 -0.064 
85.000 -0.065 
86.000 -0.065 
87.000 -0.066 
88.000 -0.066 
89.000 -0.066 
90.000 -0.067 
91.000 -0.067 
92.000 -0.067 
93.000 -0.068 
94.000 -0.068 
95.000 -0.069 
96.000 -0.069 
97.000 -0.069 
98.000 -0.070 
99.000 -0.070 
100.000 -0.070 
101.000 -0.071 
102.000 -0.071 
103.000 -0.071 
104.000 -0.072 
105.000 -0.072 
106.000 -0.072 
107.000 -0.073 
108.000 -0.073 
109.000 -0.073 
110.000 -0.073 
111.000 -0.074 
112.000 -0.074 
113.000 -0.074 
114.000 -0.075 
115.000 -0.075 
116.000 -0.075 
117.000 -0.076 
118.000 -0.076 
119.000 -0.076 
120.000 -0.076 
121.000 -0.077 
122.000 -0.077 
123.000 -0.077 
124.000 -0.077 
125.000 -0.078 
126.000 -0.078 
127.000 -0.077 
128.000 -0.077 
129.000 -0.076 
130.000 -0.076 
131.000 -0.076 
132.000 -0.076 
133.000 -0.076 
134.000 -0.076 
135.000 -0.077 
136.000 -0.077 
137.000 -0.077 
138.000 -0.077 
139.000 -0.077 
140.000 -0.077 
141.000 -0.077 
142.000 -0.077 
143.000 -0.077 
144.000 -0.077 
145.000 -0.077 
146.000 -0.077 
147.000 -0.077 
148.000 -0.077 
149.000 -0.077 
150.000 -0.077 
151.000 -0.077 
152.000 -0.077 
153.000 -0.077 
154.000 -0.077 
155.000 -0.077 
156.000 -0.077 
157.000 -0.077 
158.000 -0.077 
159.000 -0.077 
160.000 -0.077 
161.000 -0.077 
162.000 -0.077 
163.000 -0.077 
164.000 -0.077 
165.000 -0.077 
166.000 -0.077 
167.000 -0.077 
168.000 -0.077 
169.000 -0.077 
170.000 -0.077 
171.000 -0.077 
172.000 -0.077 
173.000 -0.077 
174.000 -0.077 
175.000 -0.077 
176.000 -0.077 
177.000 -0.077 
178.000 -0.077 
179.000 -0.077 
180.000 -0.077 
181.000 -0.077 
182.000 -0.077 
183.000 -0.077 
184.000 -0.077 
185.000 -0.077 
186.000 -0.077 
187.000 -0.077 
188.000 -0.077 
189.000 -0.077 
190.000 -0.077 
191.000 -0.077 
192.000 -0.077 
193.000 -0.077 
194.000 -0.077 
195.000 -0.077 
196.000 -0.077 
197.000 -0.077 
198.000 -0.077 
199.000 -0.077 
200.000 -0.077 
201.000 -0.078 
202.000 -0.078 
203.000 -0.078 
204.000 -0.078 
205.000 -0.078 
206.000 -0.078 
207.000 -0.078 
208.000 -0.078 
209.000 -0.078 
210.000 -0.078 
211.000 -0.078 
212.000 -0.078 
213.000 -0.078 
214.000 -0.078 
215.000 -0.078 
216.000 -0.078 
217.000 -0.078 
218.000 -0.078 
219.000 -0.078 
220.000 -0.078 
221.000 -0.078 
222.000 -0.078 
223.000 -0.078 
224.000 -0.078 
225.000 -0.078 
226.000 -0.078 
227.000 -0.078 
228.000 -0.078 
229.000 -0.078 
230.000 -0.078 
231.000 -0.078 
232.000 -0.078 
233.000 -0.078 
234.000 -0.078 
235.000 -0.078 
236.000 -0.078 
237.000 -0.078 
238.000 -0.078 
239.000 -0.078 
240.000 -0.078 
241.000 -0.078 
242.000 -0.078 
243.000 -0.078 
244.000 -0.078 
245.000 -0.078 
246.000 -0.077 
247.000 -0.073 
248.000 -0.066 
249.000 -0.060 
250.000 -0.055 
251.000 -0.052 
252.000 -0.051 
253.000 -0.051 
254.000 -0.052 
255.000 -0.053 
256.000 -0.053 
257.000 -0.052 
258.000 -0.050 
259.000 -0.047 
260.000 -0.043 
261.000 -0.040 
262.000 -0.036 
263.000 -0.033 
264.000 -0.030 
265.000 -0.028 
266.000 -0.026 
267.000 -0.024 
268.000 -0.022 
269.000 -0.019 
270.000 -0.017 
271.000 -0.014 
272.000 -0.011 
273.000 -0.008 
274.000 -0.004 
275.000 -0.001 
276.000 0.002 
277.000 0.006 
278.000 0.009 
279.000 0.012 
280.000 0.015 
281.000 0.018 
282.000 0.021 
283.000 0.025 
284.000 0.028 
285.000 0.031 
286.000 0.035 
287.000 0.038 
288.000 0.042 
289.000 0.045 
290.000 0.049 
291.000 0.053 
292.000 0.056 
293.000 0.060 
294.000 0.063 
295.000 0.067 
296.000 0.070 
297.000 0.074 
298.000 0.077 
299.000 0.081 
300.000 0.084 
301.000 0.088 
302.000 0.091 
303.000 0.095 
304.000 0.098 
305.000 0.102 
306.000 0.105 
307.000 0.108 
308.000 0.112 
309.000 0.115 
310.000 0.118 
311.000 0.121 
312.000 0.125 
313.000 0.128 
314.000 0.131 
315.000 0.134 
316.000 0.137 
317.000 0.140 
318.000 0.143 
319.000 0.146 
320.000 0.149 
321.000 0.152 
322.000 0.155 
323.000 0.157 
324.000 0.160 
325.000 0.163 
326.000 0.165 
327.000 0.168 
328.000 0.170 
329.000 0.173 
330.000 0.175 
331.000 0.177 
332.000 0.180 
333.000 0.182 
334.000 0.184 
335.000 0.186 
336.000 0.188 
337.000 0.190 
338.000 0.192 
339.000 0.194 
340.000 0.196 
341.000 0.198 
342.000 0.200 
343.000 0.202 
344.000 0.204 
345.000 0.205 
346.000 0.207 
347.000 0.208 
348.000 0.210 
349.000 0.212 
350.000 0.213 
351.000 0.214 
352.000 0.216 
353.000 0.217 
354.000 0.219 
355.000 0.220 
356.000 0.221 
357.000 0.222 
358.000 0.223 
359.000 0.225 
360.000 0.226 
361.000 0.227 
362.000 0.228 
363.000 0.229 
364.000 0.230 
365.000 0.231 
366.000 0.249 
367.000 0.293 
368.000 0.357 
369.000 0.431 
370.000 0.503 
371.000 0.563 
372.000 0.605 
373.000 0.625 
374.000 0.625 
375.000 0.611 
376.000 0.589 
377.000 0.567 
378.000 0.550 
379.000 0.543 
380.000 0.548 
381.000 0.565 
382.000 0.593 
383.000 0.629 
384.000 0.668 
385.000 0.707 
386.000 0.742 
387.000 0.768 
388.000 0.786 
389.000 0.794 
390.000 0.794 
391.000 0.789 
392.000 0.780 
393.000 0.771 
394.000 0.765 
395.000 0.762 
396.000 0.765 
397.000 0.773 
398.000 0.786 
399.000 0.801 
400.000 0.818 
401.000 0.834 
402.000 0.848 
403.000 0.859 
404.000 0.866 
405.000 0.869 
406.000 0.868 
407.000 0.865 
408.000 0.860 
409.000 0.855 
410.000 0.852 
411.000 0.850 
412.000 0.850 
413.000 0.853 
414.000 0.858 
415.000 0.864 
416.000 0.870 
417.000 0.877 
418.000 0.883 
419.000 0.887 
420.000 0.890 
421.000 0.891 
422.000 0.890 
423.000 0.888 
424.000 0.886 
425.000 0.884 
426.000 0.882 
427.000 0.880 
428.000 0.880 
429.000 0.881 
430.000 0.883 
431.000 0.885 
432.000 0.888 
433.000 0.890 
434.000 0.893 
435.000 0.894 
436.000 0.895 
437.000 0.896 
438.000 0.896 
439.000 0.895 
440.000 0.894 
441.000 0.892 
442.000 0.891 
443.000 0.891 
444.000 0.890 
445.000 0.891 
446.000 0.891 
447.000 0.892 
448.000 0.893 
449.000 0.894 
450.000 0.895 
451.000 0.896 
452.000 0.896 
453.000 0.897 
454.000 0.896 
455.000 0.896 
456.000 0.896 
457.000 0.895 
458.000 0.895 
459.000 0.894 
460.000 0.894 
461.000 0.894 
462.000 0.894 
463.000 0.895 
464.000 0.895 
465.000 0.895 
466.000 0.896 
467.000 0.896 
468.000 0.896 
469.000 0.896 
470.000 0.896 
471.000 0.896 
472.000 0.896 
473.000 0.896 
474.000 0.896 
475.000 0.895 
476.000 0.895 
477.000 0.895 
478.000 0.895 
479.000 0.895 
480.000 0.896 
481.000 0.896 
482.000 0.896 
483.000 0.896 
484.000 0.896 
485.000 0.896 
486.000 0.982 
487.000 1.195 
488.000 1.510 
489.000 1.884 
490.000 2.286 
491.000 2.694 
492.000 3.091 
493.000 3.464 
494.000 3.808 
495.000 4.097 
496.000 4.291 
497.000 4.371 
498.000 4.339 
499.000 4.217 
500.000 4.033 
501.000 3.821 
502.000 3.611 
503.000 3.429 
504.000 3.293 
505.000 3.214 
506.000 3.195 
507.000 3.233 
508.000 3.321 
509.000 3.444 
510.000 3.589 
511.000 3.737 
512.000 3.871 
513.000 3.979 
514.000 4.047 
515.000 4.070 
516.000 4.046 
517.000 3.981 
518.000 3.883 
519.000 3.763 
520.000 3.638 
521.000 3.519 
522.000 3.418 
523.000 3.345 
524.000 3.304 
525.000 3.296 
526.000 3.321 
527.000 3.372 
528.000 3.443 
529.000 3.524 
530.000 3.607 
531.000 3.682 
532.000 3.743 
533.000 3.783 
534.000 3.798 
535.000 3.790 
536.000 3.761 
537.000 3.714 
538.000 3.656 
539.000 3.594 
540.000 3.535 
541.000 3.486 
542.000 3.450 
543.000 3.430 
544.000 3.427 
545.000 3.441 
546.000 3.468 
547.000 3.505 
548.000 3.547 
549.000 3.590 
550.000 3.629 
551.000 3.660 
552.000 3.680 
553.000 3.688 
554.000 3.684 
555.000 3.668 
556.000 3.644 
557.000 3.615 
558.000 3.583 
559.000 3.554 
560.000 3.528 
561.000 3.510 
562.000 3.500 
563.000 3.499 
564.000 3.506 
565.000 3.520 
566.000 3.539 
567.000 3.561 
568.000 3.583 
569.000 3.603 
570.000 3.619 
571.000 3.629 
572.000 3.633 
573.000 3.631 
574.000 3.623 
575.000 3.610 
576.000 3.595 
577.000 3.579 
578.000 3.564 
579.000 3.551 
580.000 3.542 
581.000 3.537 
582.000 3.536 
583.000 3.540 
584.000 3.547 
585.000 3.557 
586.000 3.569 
587.000 3.580 
588.000 3.590 
589.000 3.598 
590.000 3.603 
591.000 3.605 
592.000 3.604 
593.000 3.600 
594.000 3.593 
595.000 3.586 
596.000 3.577 
597.000 3.570 
598.000 3.563 
599.000 3.558 
600.000 3.556 
601.000 3.556 
602.000 3.558 
603.000 3.561 
604.000 3.567 
605.000 3.572 
606.000 3.632 
607.000 3.747 
608.000 3.897 
609.000 4.067 
610.000 4.243 
611.000 4.418 
612.000 4.586 
613.000 4.742 
614.000 4.884 
615.000 5.011 
616.000 5.123 
617.000 5.219 
618.000 5.302 
619.000 5.371 
620.000 5.428 
621.000 5.475 
622.000 5.512 
623.000 5.542 
624.000 5.565 
625.000 5.582 
626.000 5.595 
627.000 5.604 
628.000 5.610 
629.000 5.613 
630.000 5.615 
631.000 5.616 
632.000 5.615 
633.000 5.614 
634.000 5.613 
635.000 5.611 
636.000 5.609 
637.000 5.607 
638.000 5.606 
639.000 5.604 
640.000 5.602 
641.000 5.601 
642.000 5.600 
643.000 5.599 
644.000 5.598 
645.000 5.597 
646.000 5.596 
647.000 5.596 
648.000 5.595 
649.000 5.595 
650.000 5.595 
651.000 5.594 
652.000 5.594 
653.000 5.594 
654.000 5.594 
655.000 5.594 
656.000 5.594 
657.000 5.594 
658.000 5.594 
659.000 5.594 
660.000 5.594 
661.000 5.594 
662.000 5.594 
663.000 5.594 
664.000 5.594 
665.000 5.594 
666.000 5.594 
667.000 5.594 
668.000 5.594 
669.000 5.594 
670.000 5.594 
671.000 5.594 
672.000 5.594 
673.000 5.594 
674.000 5.594 
675.000 5.594 
676.000 5.594 
677.000 5.594 
678.000 5.594 
679.000 5.594 
680.000 5.594 
681.000 5.594 
682.000 5.594 
683.000 5.594 
684.000 5.594 
685.000 5.594 
686.000 5.594 
687.000 5.594 
688.000 5.594 
689.000 5.594 
690.000 5.594 
691.000 5.594 
692.000 5.594 
693.000 5.594 
694.000 5.594 
695.000 5.594 
696.000 5.594 
697.000 5.594 
698.000 5.594 
699.000 5.594 
700.000 5.594 
701.000 5.594 
702.000 5.594 
703.000 5.594 
704.000 5.594 
705.000 5.594 
706.000 5.594 
707.000 5.594 
708.000 5.594 
709.000 5.594 
710.000 5.594 
711.000 5.594 
712.000 5.594 
713.000 5.594 
714.000 5.594 
715.000 5.594 
716.000 5.594 
717.000 5.594 
718.000 5.594 
719.000 5.594 
720.000 5.594 
721.000 5.594 
722.000 5.594 
723.000 5.594 
724.000 5.594 
725.000 5.594 
726.000 5.594 
727.000 5.594 
728.000 5.594 
729.000 5.594 
730.000 5.594 
731.000 5.594 
732.000 5.594 
733.000 5.594 
734.000 5.594 
735.000 5.594 
736.000 5.594 
737.000 5.594 
738.000 5.594 
739.000 5.594 
740.000 5.594 
741.000 5.594 
742.000 5.594 
743.000 5.594 
744.000 5.594 
745.000 5.594 
746.000 5.594 
747.000 5.594 
748.000 5.594 
749.000 5.594 
750.000 5.594 
751.000 5.594 
752.000 5.594 
753.000 5.594 
754.000 5.594 
755.000 5.594 
756.000 5.594 
757.000 5.594 
758.000 5.594 
759.000 5.594 
760.000 5.594 
761.000 5.594 
762.000 5.594 
763.000 5.594 
764.000 5.594 
765.000 5.594 
766.000 5.594 
767.000 5.594 
768.000 5.594 
769.000 5.594 
770.000 5.594 
771.000 5.594 
772.000 5.594 
773.000 5.594 
774.000 5.594 
775.000 5.594 
776.000 5.594 
777.000 5.594 
778.000 5.594 
779.000 5.594 
780.000 5.594 
781.000 5.594 
782.000 5.594 
783.000 5.594 
784.000 5.594 
785.000 5.594 
786.000 5.594 
787.000 5.594 
788.000 5.594 
789.000 5.594 
790.000 5.594 
791.000 5.594 
792.000 5.594 
793.000 5.594 
794.000 5.594 
795.000 5.594 
796.000 5.594 
797.000 5.594 
798.000 5.594 
799.000 5.594 
800.000 5.594 
