1.000 0.000 
2.000 0.000 
3.000 0.000 
4.000 0.000 
5.000 0.000 
6.000 0.000 
7.000 0.000 
8.000 0.000 
9.000 0.000 
10.000 0.000 
11.000 0.000 
12.000 -0.002 
13.000 -0.008 
14.000 -0.015 
15.000 -0.021 
16.000 -0.024 
17.000 -0.025 
18.000 -0.025 
19.000 -0.023 
20.000 -0.021 
21.000 -0.020 
22.000 -0.021 
23.000 -0.022 
24.000 -0.024 
25.000 -0.027 
26.000 -0.029 
27.000 -0.032 
28.000 -0.033 
29.000 -0.034 
30.000 -0.034 
31.000 -0.035 
32.000 -0.035 
33.000 -0.035 
34.000 -0.036 
35.000 -0.037 
36.000 -0.038 
37.000 -0.040 
38.000 -0.041 
39.000 -0.042 
40.000 -0.043 
41.000 -0.044 
42.000 -0.044 
43.000 -0.045 
44.000 -0.045 
45.000 -0.046 
46.000 -0.047 
47.000 -0.048 
48.000 -0.048 
49.000 -0.049 
50.000 -0.050 
51.000 -0.051 
52.000 -0.051 
53.000 -0.052 
54.000 -0.053 
55.000 -0.053 
56.000 -0.054 
57.000 -0.054 
58.000 -0.055 
59.000 -0.056 
60.000 -0.056 
61.000 -0.057 
62.000 -0.057 
63.000 -0.058 
64.000 -0.059 
65.000 -0.059 
66.000 -0.060 
67.000 -0.060 
68.000 -0.061 
69.000 -0.061 
70.000 -0.062 
71.000 -0.062 
72.000 -0.063 
73.000 -0.063 
74.000 -0.064 
75.000 -0.064 
76.000 -0.064 
77.000 -0.065 
78.000 -0.065 
79.000 -0.066 
80.000 -0.066 
81.000 -0.067 
82.000 -0.067 
83.000 -0.068 
84.000 -0.068 
85.000 -0.068 
86.000 -0.069 
87.000 -0.069 
88.000 -0.070 
89.000 -0.070 
90.000 -0.070 
91.000 -0.071 
92.000 -0.071 
93.000 -0.071 
94.000 -0.072 
95.000 -0.072 
96.000 -0.072 
97.000 -0.073 
98.000 -0.073 
99.000 -0.074 
100.000 -0.074 
101.000 -0.074 
102.000 -0.075 
103.000 -0.075 
104.000 -0.075 
105.000 -0.075 
106.000 -0.076 
107.000 -0.076 
108.000 -0.076 
109.000 -0.077 
110.000 -0.077 
111.000 -0.077 
112.000 -0.078 
113.000 -0.078 
114.000 -0.078 
115.000 -0.078 
116.000 -0.079 
117.000 -0.079 
118.000 -0.079 
119.000 -0.080 
120.000 -0.080 
121.000 -0.080 
122.000 -0.080 
123.000 -0.081 
124.000 -0.081 
125.000 -0.081 
126.000 -0.081 
127.000 -0.080 
128.000 -0.080 
129.000 -0.079 
130.000 -0.078 
131.000 -0.079 
132.000 -0.079 
133.000 -0.079 
134.000 -0.080 
135.000 -0.080 
136.000 -0.080 
137.000 -0.080 
138.000 -0.080 
139.000 -0.080 
140.000 -0.080 
141.000 -0.080 
142.000 -0.080 
143.000 -0.080 
144.000 -0.080 
145.000 -0.080 
146.000 -0.080 
147.000 -0.080 
148.000 -0.080 
149.000 -0.080 
150.000 -0.080 
151.000 -0.080 
152.000 -0.080 
153.000 -0.080 
154.000 -0.080 
155.000 -0.080 
156.000 -0.080 
157.000 -0.080 
158.000 -0.080 
159.000 -0.080 
160.000 -0.080 
161.000 -0.080 
162.000 -0.080 
163.000 -0.080 
164.000 -0.080 
165.000 -0.080 
166.000 -0.080 
167.000 -0.080 
168.000 -0.080 
169.000 -0.080 
170.000 -0.080 
171.000 -0.080 
172.000 -0.080 
173.000 -0.080 
174.000 -0.080 
175.000 -0.080 
176.000 -0.080 
177.000 -0.080 
178.000 -0.080 
179.000 -0.080 
180.000 -0.080 
181.000 -0.080 
182.000 -0.080 
183.000 -0.080 
184.000 -0.080 
185.000 -0.080 
186.000 -0.080 
187.000 -0.080 
188.000 -0.080 
189.000 -0.080 
190.000 -0.080 
191.000 -0.080 
192.000 -0.080 
193.000 -0.080 
194.000 -0.080 
195.000 -0.080 
196.000 -0.080 
197.000 -0.080 
198.000 -0.080 
199.000 -0.080 
200.000 -0.080 
201.000 -0.080 
202.000 -0.080 
203.000 -0.080 
204.000 -0.080 
205.000 -0.080 
206.000 -0.080 
207.000 -0.080 
208.000 -0.080 
209.000 -0.080 
210.000 -0.080 
211.000 -0.080 
212.000 -0.080 
213.000 -0.080 
214.000 -0.080 
215.000 -0.080 
216.000 -0.080 
217.000 -0.080 
218.000 -0.080 
219.000 -0.080 
220.000 -0.080 
221.000 -0.080 
222.000 -0.080 
223.000 -0.080 
224.000 -0.080 
225.000 -0.080 
226.000 -0.080 
227.000 -0.080 
228.000 -0.080 
229.000 -0.080 
230.000 -0.080 
231.000 -0.080 
232.000 -0.080 
233.000 -0.080 
234.000 -0.080 
235.000 -0.080 
236.000 -0.080 
237.000 -0.080 
238.000 -0.080 
239.000 -0.080 
240.000 -0.080 
241.000 -0.080 
242.000 -0.080 
243.000 -0.080 
244.000 -0.080 
245.000 -0.080 
246.000 -0.078 
247.000 -0.072 
248.000 -0.062 
249.000 -0.054 
250.000 -0.049 
251.000 -0.048 
252.000 -0.049 
253.000 -0.052 
254.000 -0.055 
255.000 -0.056 
256.000 -0.055 
257.000 -0.052 
258.000 -0.048 
259.000 -0.042 
260.000 -0.037 
261.000 -0.032 
262.000 -0.029 
263.000 -0.027 
264.000 -0.025 
265.000 -0.024 
266.000 -0.023 
267.000 -0.021 
268.000 -0.018 
269.000 -0.014 
270.000 -0.010 
271.000 -0.006 
272.000 -0.001 
273.000 0.003 
274.000 0.006 
275.000 0.010 
276.000 0.013 
277.000 0.016 
278.000 0.019 
279.000 0.022 
280.000 0.026 
281.000 0.029 
282.000 0.034 
283.000 0.038 
284.000 0.042 
285.000 0.046 
286.000 0.050 
287.000 0.054 
288.000 0.058 
289.000 0.061 
290.000 0.065 
291.000 0.069 
292.000 0.073 
293.000 0.077 
294.000 0.081 
295.000 0.085 
296.000 0.089 
297.000 0.093 
298.000 0.097 
299.000 0.100 
300.000 0.104 
301.000 0.108 
302.000 0.111 
303.000 0.115 
304.000 0.118 
305.000 0.122 
306.000 0.125 
307.000 0.129 
308.000 0.133 
309.000 0.136 
310.000 0.139 
311.000 0.143 
312.000 0.146 
313.000 0.149 
314.000 0.152 
315.000 0.155 
316.000 0.158 
317.000 0.161 
318.000 0.164 
319.000 0.167 
320.000 0.170 
321.000 0.172 
322.000 0.175 
323.000 0.178 
324.000 0.180 
325.000 0.182 
326.000 0.185 
327.000 0.187 
328.000 0.189 
329.000 0.192 
330.000 0.194 
331.000 0.196 
332.000 0.198 
333.000 0.200 
334.000 0.202 
335.000 0.204 
336.000 0.206 
337.000 0.208 
338.000 0.209 
339.000 0.211 
340.000 0.213 
341.000 0.214 
342.000 0.216 
343.000 0.217 
344.000 0.219 
345.000 0.220 
346.000 0.221 
347.000 0.223 
348.000 0.224 
349.000 0.225 
350.000 0.227 
351.000 0.228 
352.000 0.229 
353.000 0.230 
354.000 0.231 
355.000 0.232 
356.000 0.233 
357.000 0.234 
358.000 0.235 
359.000 0.236 
360.000 0.237 
361.000 0.237 
362.000 0.238 
363.000 0.239 
364.000 0.240 
365.000 0.240 
366.000 0.268 
367.000 0.333 
368.000 0.425 
369.000 0.525 
370.000 0.612 
371.000 0.672 
372.000 0.697 
373.000 0.687 
374.000 0.651 
375.000 0.603 
376.000 0.557 
377.000 0.523 
378.000 0.510 
379.000 0.521 
380.000 0.555 
381.000 0.608 
382.000 0.671 
383.000 0.735 
384.000 0.791 
385.000 0.831 
386.000 0.850 
387.000 0.848 
388.000 0.828 
389.000 0.799 
390.000 0.768 
391.000 0.741 
392.000 0.726 
393.000 0.725 
394.000 0.738 
395.000 0.763 
396.000 0.797 
397.000 0.834 
398.000 0.867 
399.000 0.893 
400.000 0.907 
401.000 0.909 
402.000 0.900 
403.000 0.882 
404.000 0.861 
405.000 0.841 
406.000 0.826 
407.000 0.818 
408.000 0.820 
409.000 0.830 
410.000 0.846 
411.000 0.866 
412.000 0.887 
413.000 0.904 
414.000 0.915 
415.000 0.919 
416.000 0.916 
417.000 0.907 
418.000 0.894 
419.000 0.880 
420.000 0.868 
421.000 0.860 
422.000 0.857 
423.000 0.860 
424.000 0.867 
425.000 0.878 
426.000 0.890 
427.000 0.901 
428.000 0.910 
429.000 0.914 
430.000 0.915 
431.000 0.911 
432.000 0.904 
433.000 0.895 
434.000 0.887 
435.000 0.880 
436.000 0.876 
437.000 0.875 
438.000 0.878 
439.000 0.883 
440.000 0.890 
441.000 0.897 
442.000 0.903 
443.000 0.907 
444.000 0.909 
445.000 0.908 
446.000 0.905 
447.000 0.900 
448.000 0.894 
449.000 0.890 
450.000 0.886 
451.000 0.884 
452.000 0.885 
453.000 0.887 
454.000 0.890 
455.000 0.895 
456.000 0.899 
457.000 0.902 
458.000 0.904 
459.000 0.904 
460.000 0.903 
461.000 0.900 
462.000 0.897 
463.000 0.894 
464.000 0.891 
465.000 0.890 
466.000 0.889 
467.000 0.890 
468.000 0.891 
469.000 0.894 
470.000 0.896 
471.000 0.899 
472.000 0.900 
473.000 0.901 
474.000 0.901 
475.000 0.900 
476.000 0.898 
477.000 0.896 
478.000 0.894 
479.000 0.893 
480.000 0.892 
481.000 0.892 
482.000 0.893 
483.000 0.894 
484.000 0.895 
485.000 0.897 
486.000 1.013 
487.000 1.266 
488.000 1.605 
489.000 1.993 
490.000 2.402 
491.000 2.810 
492.000 3.202 
493.000 3.568 
494.000 3.903 
495.000 4.203 
496.000 4.466 
497.000 4.657 
498.000 4.709 
499.000 4.611 
500.000 4.405 
501.000 4.150 
502.000 3.898 
503.000 3.689 
504.000 3.552 
505.000 3.498 
506.000 3.528 
507.000 3.626 
508.000 3.768 
509.000 3.936 
510.000 4.117 
511.000 4.287 
512.000 4.415 
513.000 4.475 
514.000 4.455 
515.000 4.358 
516.000 4.196 
517.000 3.992 
518.000 3.775 
519.000 3.571 
520.000 3.405 
521.000 3.292 
522.000 3.242 
523.000 3.254 
524.000 3.323 
525.000 3.435 
526.000 3.573 
527.000 3.716 
528.000 3.844 
529.000 3.939 
530.000 3.986 
531.000 3.981 
532.000 3.924 
533.000 3.826 
534.000 3.701 
535.000 3.569 
536.000 3.447 
537.000 3.351 
538.000 3.292 
539.000 3.275 
540.000 3.301 
541.000 3.363 
542.000 3.453 
543.000 3.556 
544.000 3.660 
545.000 3.749 
546.000 3.813 
547.000 3.842 
548.000 3.835 
549.000 3.793 
550.000 3.725 
551.000 3.639 
552.000 3.551 
553.000 3.470 
554.000 3.409 
555.000 3.374 
556.000 3.368 
557.000 3.391 
558.000 3.438 
559.000 3.502 
560.000 3.574 
561.000 3.644 
562.000 3.702 
563.000 3.742 
564.000 3.758 
565.000 3.748 
566.000 3.716 
567.000 3.667 
568.000 3.608 
569.000 3.548 
570.000 3.495 
571.000 3.455 
572.000 3.434 
573.000 3.434 
574.000 3.453 
575.000 3.487 
576.000 3.533 
577.000 3.583 
578.000 3.630 
579.000 3.668 
580.000 3.692 
581.000 3.700 
582.000 3.690 
583.000 3.666 
584.000 3.631 
585.000 3.590 
586.000 3.549 
587.000 3.514 
588.000 3.489 
589.000 3.478 
590.000 3.480 
591.000 3.495 
592.000 3.520 
593.000 3.552 
594.000 3.586 
595.000 3.617 
596.000 3.642 
597.000 3.657 
598.000 3.660 
599.000 3.652 
600.000 3.633 
601.000 3.608 
602.000 3.580 
603.000 3.553 
604.000 3.530 
605.000 3.514 
606.000 3.561 
607.000 3.669 
608.000 3.817 
609.000 3.988 
610.000 4.168 
611.000 4.349 
612.000 4.523 
613.000 4.686 
614.000 4.835 
615.000 4.969 
616.000 5.087 
617.000 5.189 
618.000 5.277 
619.000 5.351 
620.000 5.412 
621.000 5.462 
622.000 5.503 
623.000 5.535 
624.000 5.559 
625.000 5.578 
626.000 5.592 
627.000 5.602 
628.000 5.609 
629.000 5.613 
630.000 5.616 
631.000 5.616 
632.000 5.616 
633.000 5.615 
634.000 5.614 
635.000 5.612 
636.000 5.610 
637.000 5.608 
638.000 5.606 
639.000 5.604 
640.000 5.603 
641.000 5.601 
642.000 5.600 
643.000 5.599 
644.000 5.598 
645.000 5.597 
646.000 5.596 
647.000 5.596 
648.000 5.595 
649.000 5.595 
650.000 5.595 
651.000 5.594 
652.000 5.594 
653.000 5.594 
654.000 5.594 
655.000 5.594 
656.000 5.594 
657.000 5.594 
658.000 5.594 
659.000 5.594 
660.000 5.594 
661.000 5.594 
662.000 5.594 
663.000 5.594 
664.000 5.594 
665.000 5.594 
666.000 5.594 
667.000 5.594 
668.000 5.594 
669.000 5.594 
670.000 5.594 
671.000 5.594 
672.000 5.594 
673.000 5.594 
674.000 5.594 
675.000 5.594 
676.000 5.594 
677.000 5.594 
678.000 5.594 
679.000 5.594 
680.000 5.594 
681.000 5.594 
682.000 5.594 
683.000 5.594 
684.000 5.594 
685.000 5.594 
686.000 5.594 
687.000 5.594 
688.000 5.594 
689.000 5.594 
690.000 5.594 
691.000 5.594 
692.000 5.594 
693.000 5.594 
694.000 5.594 
695.000 5.594 
696.000 5.594 
697.000 5.594 
698.000 5.594 
699.000 5.594 
700.000 5.594 
701.000 5.594 
702.000 5.594 
703.000 5.594 
704.000 5.594 
705.000 5.594 
706.000 5.594 
707.000 5.594 
708.000 5.594 
709.000 5.594 
710.000 5.594 
711.000 5.594 
712.000 5.594 
713.000 5.594 
714.000 5.594 
715.000 5.594 
716.000 5.594 
717.000 5.594 
718.000 5.594 
719.000 5.594 
720.000 5.594 
721.000 5.594 
722.000 5.594 
723.000 5.594 
724.000 5.594 
725.000 5.594 
726.000 5.594 
727.000 5.594 
728.000 5.594 
729.000 5.594 
730.000 5.594 
731.000 5.594 
732.000 5.594 
733.000 5.594 
734.000 5.594 
735.000 5.594 
736.000 5.594 
737.000 5.594 
738.000 5.594 
739.000 5.594 
740.000 5.594 
741.000 5.594 
742.000 5.594 
743.000 5.594 
744.000 5.594 
745.000 5.594 
746.000 5.594 
747.000 5.594 
748.000 5.594 
749.000 5.594 
750.000 5.594 
751.000 5.594 
752.000 5.594 
753.000 5.594 
754.000 5.594 
755.000 5.594 
756.000 5.594 
757.000 5.594 
758.000 5.594 
759.000 5.594 
760.000 5.594 
761.000 5.594 
762.000 5.594 
763.000 5.594 
764.000 5.594 
765.000 5.594 
766.000 5.594 
767.000 5.594 
768.000 5.594 
769.000 5.594 
770.000 5.594 
771.000 5.594 
772.000 5.594 
773.000 5.594 
774.000 5.594 
775.000 5.594 
776.000 5.594 
777.000 5.594 
778.000 5.594 
779.000 5.594 
780.000 5.594 
781.000 5.594 
782.000 5.594 
783.000 5.594 
784.000 5.594 
785.000 5.594 
786.000 5.594 
787.000 5.594 
788.000 5.594 
789.000 5.594 
790.000 5.594 
791.000 5.594 
792.000 5.594 
793.000 5.594 
794.000 5.594 
795.000 5.594 
796.000 5.594 
797.000 5.594 
798.000 5.594 
799.000 5.594 
800.000 5.594 
