1.000 0.000 
2.000 0.000 
3.000 0.000 
4.000 0.000 
5.000 0.000 
6.000 0.000 
7.000 0.000 
8.000 0.000 
9.000 0.000 
10.000 0.000 
11.000 0.000 
12.000 -0.001 
13.000 -0.002 
14.000 -0.005 
15.000 -0.008 
16.000 -0.011 
17.000 -0.013 
18.000 -0.015 
19.000 -0.017 
20.000 -0.018 
21.000 -0.018 
22.000 -0.019 
23.000 -0.019 
24.000 -0.020 
25.000 -0.020 
26.000 -0.021 
27.000 -0.021 
28.000 -0.022 
29.000 -0.023 
30.000 -0.024 
31.000 -0.025 
32.000 -0.026 
33.000 -0.027 
34.000 -0.028 
35.000 -0.029 
36.000 -0.030 
37.000 -0.031 
38.000 -0.032 
39.000 -0.032 
40.000 -0.033 
41.000 -0.034 
42.000 -0.034 
43.000 -0.035 
44.000 -0.036 
45.000 -0.037 
46.000 -0.037 
47.000 -0.038 
48.000 -0.039 
49.000 -0.039 
50.000 -0.040 
51.000 -0.041 
52.000 -0.041 
53.000 -0.042 
54.000 -0.042 
55.000 -0.043 
56.000 -0.044 
57.000 -0.044 
58.000 -0.045 
59.000 -0.045 
60.000 -0.046 
61.000 -0.046 
62.000 -0.047 
63.000 -0.047 
64.000 -0.048 
65.000 -0.049 
66.000 -0.049 
67.000 -0.050 
68.000 -0.050 
69.000 -0.051 
70.000 -0.051 
71.000 -0.052 
72.000 -0.052 
73.000 -0.052 
74.000 -0.053 
75.000 -0.053 
76.000 -0.054 
77.000 -0.054 
78.000 -0.055 
79.000 -0.055 
80.000 -0.056 
81.000 -0.056 
82.000 -0.056 
83.000 -0.057 
84.000 -0.057 
85.000 -0.058 
86.000 -0.058 
87.000 -0.059 
88.000 -0.059 
89.000 -0.059 
90.000 -0.060 
91.000 -0.060 
92.000 -0.060 
93.000 -0.061 
94.000 -0.061 
95.000 -0.062 
96.000 -0.062 
97.000 -0.062 
98.000 -0.063 
99.000 -0.063 
100.000 -0.063 
101.000 -0.064 
102.000 -0.064 
103.000 -0.064 
104.000 -0.065 
105.000 -0.065 
106.000 -0.065 
107.000 -0.066 
108.000 -0.066 
109.000 -0.066 
110.000 -0.067 
111.000 -0.067 
112.000 -0.067 
113.000 -0.068 
114.000 -0.068 
115.000 -0.068 
116.000 -0.068 
117.000 -0.069 
118.000 -0.069 
119.000 -0.069 
120.000 -0.070 
121.000 -0.070 
122.000 -0.070 
123.000 -0.070 
124.000 -0.071 
125.000 -0.071 
126.000 -0.071 
127.000 -0.071 
128.000 -0.071 
129.000 -0.071 
130.000 -0.070 
131.000 -0.070 
132.000 -0.070 
133.000 -0.070 
134.000 -0.070 
135.000 -0.070 
136.000 -0.070 
137.000 -0.070 
138.000 -0.071 
139.000 -0.071 
140.000 -0.071 
141.000 -0.071 
142.000 -0.071 
143.000 -0.071 
144.000 -0.071 
145.000 -0.071 
146.000 -0.071 
147.000 -0.071 
148.000 -0.071 
149.000 -0.071 
150.000 -0.071 
151.000 -0.071 
152.000 -0.071 
153.000 -0.071 
154.000 -0.071 
155.000 -0.071 
156.000 -0.071 
157.000 -0.071 
158.000 -0.071 
159.000 -0.071 
160.000 -0.071 
161.000 -0.071 
162.000 -0.071 
163.000 -0.071 
164.000 -0.072 
165.000 -0.072 
166.000 -0.072 
167.000 -0.072 
168.000 -0.072 
169.000 -0.072 
170.000 -0.072 
171.000 -0.072 
172.000 -0.072 
173.000 -0.072 
174.000 -0.072 
175.000 -0.072 
176.000 -0.072 
177.000 -0.072 
178.000 -0.072 
179.000 -0.072 
180.000 -0.072 
181.000 -0.072 
182.000 -0.072 
183.000 -0.072 
184.000 -0.072 
185.000 -0.072 
186.000 -0.072 
187.000 -0.072 
188.000 -0.072 
189.000 -0.072 
190.000 -0.072 
191.000 -0.072 
192.000 -0.072 
193.000 -0.072 
194.000 -0.072 
195.000 -0.072 
196.000 -0.072 
197.000 -0.073 
198.000 -0.073 
199.000 -0.073 
200.000 -0.073 
201.000 -0.073 
202.000 -0.073 
203.000 -0.073 
204.000 -0.073 
205.000 -0.073 
206.000 -0.073 
207.000 -0.073 
208.000 -0.073 
209.000 -0.073 
210.000 -0.073 
211.000 -0.073 
212.000 -0.073 
213.000 -0.073 
214.000 -0.073 
215.000 -0.073 
216.000 -0.073 
217.000 -0.073 
218.000 -0.073 
219.000 -0.073 
220.000 -0.073 
221.000 -0.073 
222.000 -0.073 
223.000 -0.073 
224.000 -0.073 
225.000 -0.073 
226.000 -0.073 
227.000 -0.073 
228.000 -0.073 
229.000 -0.073 
230.000 -0.073 
231.000 -0.073 
232.000 -0.073 
233.000 -0.073 
234.000 -0.073 
235.000 -0.074 
236.000 -0.074 
237.000 -0.074 
238.000 -0.074 
239.000 -0.074 
240.000 -0.074 
241.000 -0.074 
242.000 -0.074 
243.000 -0.074 
244.000 -0.074 
245.000 -0.074 
246.000 -0.073 
247.000 -0.071 
248.000 -0.068 
249.000 -0.065 
250.000 -0.061 
251.000 -0.058 
252.000 -0.056 
253.000 -0.054 
254.000 -0.052 
255.000 -0.051 
256.000 -0.051 
257.000 -0.050 
258.000 -0.049 
259.000 -0.048 
260.000 -0.047 
261.000 -0.045 
262.000 -0.043 
263.000 -0.041 
264.000 -0.039 
265.000 -0.037 
266.000 -0.034 
267.000 -0.032 
268.000 -0.030 
269.000 -0.028 
270.000 -0.025 
271.000 -0.023 
272.000 -0.021 
273.000 -0.019 
274.000 -0.017 
275.000 -0.014 
276.000 -0.012 
277.000 -0.010 
278.000 -0.007 
279.000 -0.005 
280.000 -0.002 
281.000 0.000 
282.000 0.003 
283.000 0.005 
284.000 0.008 
285.000 0.011 
286.000 0.013 
287.000 0.016 
288.000 0.019 
289.000 0.021 
290.000 0.024 
291.000 0.027 
292.000 0.030 
293.000 0.032 
294.000 0.035 
295.000 0.038 
296.000 0.041 
297.000 0.044 
298.000 0.047 
299.000 0.049 
300.000 0.052 
301.000 0.055 
302.000 0.058 
303.000 0.061 
304.000 0.064 
305.000 0.067 
306.000 0.070 
307.000 0.073 
308.000 0.076 
309.000 0.079 
310.000 0.081 
311.000 0.084 
312.000 0.087 
313.000 0.090 
314.000 0.093 
315.000 0.096 
316.000 0.099 
317.000 0.101 
318.000 0.104 
319.000 0.107 
320.000 0.110 
321.000 0.113 
322.000 0.115 
323.000 0.118 
324.000 0.121 
325.000 0.123 
326.000 0.126 
327.000 0.129 
328.000 0.131 
329.000 0.134 
330.000 0.136 
331.000 0.139 
332.000 0.141 
333.000 0.144 
334.000 0.146 
335.000 0.149 
336.000 0.151 
337.000 0.153 
338.000 0.155 
339.000 0.158 
340.000 0.160 
341.000 0.162 
342.000 0.164 
343.000 0.166 
344.000 0.169 
345.000 0.171 
346.000 0.173 
347.000 0.175 
348.000 0.177 
349.000 0.179 
350.000 0.180 
351.000 0.182 
352.000 0.184 
353.000 0.186 
354.000 0.188 
355.000 0.189 
356.000 0.191 
357.000 0.193 
358.000 0.194 
359.000 0.196 
360.000 0.197 
361.000 0.199 
362.000 0.201 
363.000 0.202 
364.000 0.203 
365.000 0.205 
366.000 0.213 
367.000 0.233 
368.000 0.263 
369.000 0.301 
370.000 0.343 
371.000 0.386 
372.000 0.426 
373.000 0.461 
374.000 0.488 
375.000 0.509 
376.000 0.523 
377.000 0.531 
378.000 0.535 
379.000 0.537 
380.000 0.539 
381.000 0.542 
382.000 0.547 
383.000 0.555 
384.000 0.566 
385.000 0.581 
386.000 0.597 
387.000 0.616 
388.000 0.636 
389.000 0.655 
390.000 0.674 
391.000 0.692 
392.000 0.708 
393.000 0.722 
394.000 0.733 
395.000 0.742 
396.000 0.750 
397.000 0.756 
398.000 0.761 
399.000 0.765 
400.000 0.769 
401.000 0.773 
402.000 0.778 
403.000 0.783 
404.000 0.788 
405.000 0.795 
406.000 0.801 
407.000 0.808 
408.000 0.814 
409.000 0.821 
410.000 0.827 
411.000 0.833 
412.000 0.838 
413.000 0.842 
414.000 0.846 
415.000 0.849 
416.000 0.851 
417.000 0.853 
418.000 0.855 
419.000 0.857 
420.000 0.859 
421.000 0.860 
422.000 0.862 
423.000 0.863 
424.000 0.865 
425.000 0.867 
426.000 0.869 
427.000 0.871 
428.000 0.873 
429.000 0.875 
430.000 0.877 
431.000 0.878 
432.000 0.880 
433.000 0.881 
434.000 0.882 
435.000 0.883 
436.000 0.883 
437.000 0.884 
438.000 0.885 
439.000 0.885 
440.000 0.886 
441.000 0.886 
442.000 0.887 
443.000 0.887 
444.000 0.888 
445.000 0.888 
446.000 0.889 
447.000 0.889 
448.000 0.890 
449.000 0.890 
450.000 0.891 
451.000 0.891 
452.000 0.891 
453.000 0.892 
454.000 0.892 
455.000 0.892 
456.000 0.893 
457.000 0.893 
458.000 0.893 
459.000 0.893 
460.000 0.893 
461.000 0.893 
462.000 0.893 
463.000 0.894 
464.000 0.894 
465.000 0.894 
466.000 0.894 
467.000 0.894 
468.000 0.894 
469.000 0.894 
470.000 0.895 
471.000 0.895 
472.000 0.895 
473.000 0.895 
474.000 0.895 
475.000 0.895 
476.000 0.895 
477.000 0.895 
478.000 0.895 
479.000 0.895 
480.000 0.895 
481.000 0.895 
482.000 0.895 
483.000 0.895 
484.000 0.895 
485.000 0.895 
486.000 0.936 
487.000 1.043 
488.000 1.220 
489.000 1.461 
490.000 1.753 
491.000 2.077 
492.000 2.416 
493.000 2.751 
494.000 3.065 
495.000 3.343 
496.000 3.573 
497.000 3.748 
498.000 3.864 
499.000 3.920 
500.000 3.922 
501.000 3.878 
502.000 3.797 
503.000 3.691 
504.000 3.573 
505.000 3.454 
506.000 3.345 
507.000 3.254 
508.000 3.186 
509.000 3.146 
510.000 3.133 
511.000 3.148 
512.000 3.187 
513.000 3.246 
514.000 3.320 
515.000 3.405 
516.000 3.492 
517.000 3.578 
518.000 3.657 
519.000 3.724 
520.000 3.776 
521.000 3.811 
522.000 3.828 
523.000 3.828 
524.000 3.811 
525.000 3.780 
526.000 3.738 
527.000 3.690 
528.000 3.638 
529.000 3.588 
530.000 3.540 
531.000 3.500 
532.000 3.468 
533.000 3.447 
534.000 3.435 
535.000 3.435 
536.000 3.443 
537.000 3.460 
538.000 3.483 
539.000 3.510 
540.000 3.540 
541.000 3.569 
542.000 3.597 
543.000 3.621 
544.000 3.640 
545.000 3.653 
546.000 3.661 
547.000 3.662 
548.000 3.657 
549.000 3.648 
550.000 3.635 
551.000 3.619 
552.000 3.601 
553.000 3.584 
554.000 3.567 
555.000 3.552 
556.000 3.541 
557.000 3.532 
558.000 3.528 
559.000 3.526 
560.000 3.529 
561.000 3.534 
562.000 3.541 
563.000 3.550 
564.000 3.560 
565.000 3.571 
566.000 3.580 
567.000 3.589 
568.000 3.596 
569.000 3.601 
570.000 3.604 
571.000 3.605 
572.000 3.604 
573.000 3.602 
574.000 3.597 
575.000 3.592 
576.000 3.586 
577.000 3.580 
578.000 3.574 
579.000 3.569 
580.000 3.565 
581.000 3.562 
582.000 3.560 
583.000 3.559 
584.000 3.559 
585.000 3.561 
586.000 3.563 
587.000 3.566 
588.000 3.570 
589.000 3.573 
590.000 3.577 
591.000 3.580 
592.000 3.582 
593.000 3.584 
594.000 3.586 
595.000 3.586 
596.000 3.586 
597.000 3.585 
598.000 3.584 
599.000 3.582 
600.000 3.580 
601.000 3.578 
602.000 3.576 
603.000 3.574 
604.000 3.572 
605.000 3.571 
606.000 3.607 
607.000 3.699 
608.000 3.834 
609.000 3.995 
610.000 4.169 
611.000 4.344 
612.000 4.515 
613.000 4.676 
614.000 4.824 
615.000 4.958 
616.000 5.076 
617.000 5.179 
618.000 5.267 
619.000 5.342 
620.000 5.404 
621.000 5.455 
622.000 5.496 
623.000 5.529 
624.000 5.555 
625.000 5.575 
626.000 5.589 
627.000 5.600 
628.000 5.607 
629.000 5.612 
630.000 5.615 
631.000 5.616 
632.000 5.616 
633.000 5.615 
634.000 5.614 
635.000 5.612 
636.000 5.610 
637.000 5.608 
638.000 5.606 
639.000 5.605 
640.000 5.603 
641.000 5.601 
642.000 5.600 
643.000 5.599 
644.000 5.598 
645.000 5.597 
646.000 5.596 
647.000 5.596 
648.000 5.595 
649.000 5.595 
650.000 5.595 
651.000 5.594 
652.000 5.594 
653.000 5.594 
654.000 5.594 
655.000 5.594 
656.000 5.594 
657.000 5.594 
658.000 5.594 
659.000 5.594 
660.000 5.594 
661.000 5.594 
662.000 5.594 
663.000 5.594 
664.000 5.594 
665.000 5.594 
666.000 5.594 
667.000 5.594 
668.000 5.594 
669.000 5.594 
670.000 5.594 
671.000 5.594 
672.000 5.594 
673.000 5.594 
674.000 5.594 
675.000 5.594 
676.000 5.594 
677.000 5.594 
678.000 5.594 
679.000 5.594 
680.000 5.594 
681.000 5.594 
682.000 5.594 
683.000 5.594 
684.000 5.594 
685.000 5.594 
686.000 5.594 
687.000 5.594 
688.000 5.594 
689.000 5.594 
690.000 5.594 
691.000 5.594 
692.000 5.594 
693.000 5.594 
694.000 5.594 
695.000 5.594 
696.000 5.594 
697.000 5.594 
698.000 5.594 
699.000 5.594 
700.000 5.594 
701.000 5.594 
702.000 5.594 
703.000 5.594 
704.000 5.594 
705.000 5.594 
706.000 5.594 
707.000 5.594 
708.000 5.594 
709.000 5.594 
710.000 5.594 
711.000 5.594 
712.000 5.594 
713.000 5.594 
714.000 5.594 
715.000 5.594 
716.000 5.594 
717.000 5.594 
718.000 5.594 
719.000 5.594 
720.000 5.594 
721.000 5.594 
722.000 5.594 
723.000 5.594 
724.000 5.594 
725.000 5.594 
726.000 5.594 
727.000 5.594 
728.000 5.594 
729.000 5.594 
730.000 5.594 
731.000 5.594 
732.000 5.594 
733.000 5.594 
734.000 5.594 
735.000 5.594 
736.000 5.594 
737.000 5.594 
738.000 5.594 
739.000 5.594 
740.000 5.594 
741.000 5.594 
742.000 5.594 
743.000 5.594 
744.000 5.594 
745.000 5.594 
746.000 5.594 
747.000 5.594 
748.000 5.594 
749.000 5.594 
750.000 5.594 
751.000 5.594 
752.000 5.594 
753.000 5.594 
754.000 5.594 
755.000 5.594 
756.000 5.594 
757.000 5.594 
758.000 5.594 
759.000 5.594 
760.000 5.594 
761.000 5.594 
762.000 5.594 
763.000 5.594 
764.000 5.594 
765.000 5.594 
766.000 5.594 
767.000 5.594 
768.000 5.594 
769.000 5.594 
770.000 5.594 
771.000 5.594 
772.000 5.594 
773.000 5.594 
774.000 5.594 
775.000 5.594 
776.000 5.594 
777.000 5.594 
778.000 5.594 
779.000 5.594 
780.000 5.594 
781.000 5.594 
782.000 5.594 
783.000 5.594 
784.000 5.594 
785.000 5.594 
786.000 5.594 
787.000 5.594 
788.000 5.594 
789.000 5.594 
790.000 5.594 
791.000 5.594 
792.000 5.594 
793.000 5.594 
794.000 5.594 
795.000 5.594 
796.000 5.594 
797.000 5.594 
798.000 5.594 
799.000 5.594 
800.000 5.594 
