1.000 0.000 
2.000 0.000 
3.000 0.000 
4.000 0.000 
5.000 0.000 
6.000 0.000 
7.000 0.000 
8.000 0.000 
9.000 0.000 
10.000 0.000 
11.000 0.000 
12.000 -0.000 
13.000 -0.001 
14.000 -0.003 
15.000 -0.005 
16.000 -0.007 
17.000 -0.009 
18.000 -0.010 
19.000 -0.012 
20.000 -0.013 
21.000 -0.014 
22.000 -0.015 
23.000 -0.016 
24.000 -0.016 
25.000 -0.017 
26.000 -0.018 
27.000 -0.018 
28.000 -0.019 
29.000 -0.020 
30.000 -0.020 
31.000 -0.021 
32.000 -0.022 
33.000 -0.023 
34.000 -0.023 
35.000 -0.024 
36.000 -0.025 
37.000 -0.026 
38.000 -0.026 
39.000 -0.027 
40.000 -0.028 
41.000 -0.029 
42.000 -0.029 
43.000 -0.030 
44.000 -0.031 
45.000 -0.031 
46.000 -0.032 
47.000 -0.032 
48.000 -0.033 
49.000 -0.034 
50.000 -0.034 
51.000 -0.035 
52.000 -0.035 
53.000 -0.036 
54.000 -0.037 
55.000 -0.037 
56.000 -0.038 
57.000 -0.038 
58.000 -0.039 
59.000 -0.039 
60.000 -0.040 
61.000 -0.040 
62.000 -0.041 
63.000 -0.041 
64.000 -0.042 
65.000 -0.042 
66.000 -0.043 
67.000 -0.043 
68.000 -0.044 
69.000 -0.044 
70.000 -0.045 
71.000 -0.045 
72.000 -0.046 
73.000 -0.046 
74.000 -0.047 
75.000 -0.047 
76.000 -0.048 
77.000 -0.048 
78.000 -0.049 
79.000 -0.049 
80.000 -0.049 
81.000 -0.050 
82.000 -0.050 
83.000 -0.051 
84.000 -0.051 
85.000 -0.051 
86.000 -0.052 
87.000 -0.052 
88.000 -0.053 
89.000 -0.053 
90.000 -0.053 
91.000 -0.054 
92.000 -0.054 
93.000 -0.054 
94.000 -0.055 
95.000 -0.055 
96.000 -0.056 
97.000 -0.056 
98.000 -0.056 
99.000 -0.057 
100.000 -0.057 
101.000 -0.057 
102.000 -0.058 
103.000 -0.058 
104.000 -0.058 
105.000 -0.059 
106.000 -0.059 
107.000 -0.059 
108.000 -0.060 
109.000 -0.060 
110.000 -0.060 
111.000 -0.061 
112.000 -0.061 
113.000 -0.061 
114.000 -0.061 
115.000 -0.062 
116.000 -0.062 
117.000 -0.062 
118.000 -0.063 
119.000 -0.063 
120.000 -0.063 
121.000 -0.063 
122.000 -0.064 
123.000 -0.064 
124.000 -0.064 
125.000 -0.065 
126.000 -0.065 
127.000 -0.065 
128.000 -0.065 
129.000 -0.065 
130.000 -0.065 
131.000 -0.064 
132.000 -0.064 
133.000 -0.064 
134.000 -0.064 
135.000 -0.064 
136.000 -0.064 
137.000 -0.065 
138.000 -0.065 
139.000 -0.065 
140.000 -0.065 
141.000 -0.065 
142.000 -0.065 
143.000 -0.065 
144.000 -0.065 
145.000 -0.065 
146.000 -0.065 
147.000 -0.065 
148.000 -0.065 
149.000 -0.065 
150.000 -0.065 
151.000 -0.065 
152.000 -0.066 
153.000 -0.066 
154.000 -0.066 
155.000 -0.066 
156.000 -0.066 
157.000 -0.066 
158.000 -0.066 
159.000 -0.066 
160.000 -0.066 
161.000 -0.066 
162.000 -0.066 
163.000 -0.066 
164.000 -0.066 
165.000 -0.066 
166.000 -0.066 
167.000 -0.066 
168.000 -0.066 
169.000 -0.066 
170.000 -0.066 
171.000 -0.066 
172.000 -0.067 
173.000 -0.067 
174.000 -0.067 
175.000 -0.067 
176.000 -0.067 
177.000 -0.067 
178.000 -0.067 
179.000 -0.067 
180.000 -0.067 
181.000 -0.067 
182.000 -0.067 
183.000 -0.067 
184.000 -0.067 
185.000 -0.067 
186.000 -0.067 
187.000 -0.067 
188.000 -0.067 
189.000 -0.067 
190.000 -0.067 
191.000 -0.067 
192.000 -0.067 
193.000 -0.067 
194.000 -0.068 
195.000 -0.068 
196.000 -0.068 
197.000 -0.068 
198.000 -0.068 
199.000 -0.068 
200.000 -0.068 
201.000 -0.068 
202.000 -0.068 
203.000 -0.068 
204.000 -0.068 
205.000 -0.068 
206.000 -0.068 
207.000 -0.068 
208.000 -0.068 
209.000 -0.068 
210.000 -0.068 
211.000 -0.068 
212.000 -0.068 
213.000 -0.068 
214.000 -0.068 
215.000 -0.068 
216.000 -0.068 
217.000 -0.068 
218.000 -0.068 
219.000 -0.069 
220.000 -0.069 
221.000 -0.069 
222.000 -0.069 
223.000 -0.069 
224.000 -0.069 
225.000 -0.069 
226.000 -0.069 
227.000 -0.069 
228.000 -0.069 
229.000 -0.069 
230.000 -0.069 
231.000 -0.069 
232.000 -0.069 
233.000 -0.069 
234.000 -0.069 
235.000 -0.069 
236.000 -0.069 
237.000 -0.069 
238.000 -0.069 
239.000 -0.069 
240.000 -0.069 
241.000 -0.069 
242.000 -0.069 
243.000 -0.069 
244.000 -0.069 
245.000 -0.069 
246.000 -0.069 
247.000 -0.068 
248.000 -0.066 
249.000 -0.064 
250.000 -0.062 
251.000 -0.059 
252.000 -0.057 
253.000 -0.055 
254.000 -0.054 
255.000 -0.052 
256.000 -0.051 
257.000 -0.050 
258.000 -0.049 
259.000 -0.048 
260.000 -0.046 
261.000 -0.045 
262.000 -0.044 
263.000 -0.043 
264.000 -0.041 
265.000 -0.040 
266.000 -0.038 
267.000 -0.036 
268.000 -0.035 
269.000 -0.033 
270.000 -0.031 
271.000 -0.029 
272.000 -0.027 
273.000 -0.026 
274.000 -0.024 
275.000 -0.022 
276.000 -0.020 
277.000 -0.018 
278.000 -0.016 
279.000 -0.014 
280.000 -0.012 
281.000 -0.011 
282.000 -0.009 
283.000 -0.007 
284.000 -0.005 
285.000 -0.002 
286.000 -0.000 
287.000 0.002 
288.000 0.004 
289.000 0.006 
290.000 0.008 
291.000 0.010 
292.000 0.012 
293.000 0.015 
294.000 0.017 
295.000 0.019 
296.000 0.021 
297.000 0.024 
298.000 0.026 
299.000 0.028 
300.000 0.031 
301.000 0.033 
302.000 0.035 
303.000 0.038 
304.000 0.040 
305.000 0.042 
306.000 0.045 
307.000 0.047 
308.000 0.050 
309.000 0.052 
310.000 0.054 
311.000 0.057 
312.000 0.059 
313.000 0.062 
314.000 0.064 
315.000 0.066 
316.000 0.069 
317.000 0.071 
318.000 0.074 
319.000 0.076 
320.000 0.079 
321.000 0.081 
322.000 0.083 
323.000 0.086 
324.000 0.088 
325.000 0.091 
326.000 0.093 
327.000 0.095 
328.000 0.098 
329.000 0.100 
330.000 0.102 
331.000 0.105 
332.000 0.107 
333.000 0.109 
334.000 0.112 
335.000 0.114 
336.000 0.116 
337.000 0.118 
338.000 0.121 
339.000 0.123 
340.000 0.125 
341.000 0.127 
342.000 0.129 
343.000 0.132 
344.000 0.134 
345.000 0.136 
346.000 0.138 
347.000 0.140 
348.000 0.142 
349.000 0.144 
350.000 0.146 
351.000 0.148 
352.000 0.150 
353.000 0.152 
354.000 0.154 
355.000 0.156 
356.000 0.158 
357.000 0.160 
358.000 0.161 
359.000 0.163 
360.000 0.165 
361.000 0.167 
362.000 0.169 
363.000 0.170 
364.000 0.172 
365.000 0.174 
366.000 0.179 
367.000 0.190 
368.000 0.207 
369.000 0.229 
370.000 0.255 
371.000 0.282 
372.000 0.310 
373.000 0.336 
374.000 0.361 
375.000 0.382 
376.000 0.401 
377.000 0.418 
378.000 0.432 
379.000 0.444 
380.000 0.455 
381.000 0.464 
382.000 0.474 
383.000 0.484 
384.000 0.494 
385.000 0.505 
386.000 0.516 
387.000 0.529 
388.000 0.542 
389.000 0.556 
390.000 0.570 
391.000 0.584 
392.000 0.598 
393.000 0.612 
394.000 0.626 
395.000 0.639 
396.000 0.652 
397.000 0.663 
398.000 0.674 
399.000 0.685 
400.000 0.694 
401.000 0.703 
402.000 0.712 
403.000 0.720 
404.000 0.727 
405.000 0.734 
406.000 0.741 
407.000 0.748 
408.000 0.755 
409.000 0.761 
410.000 0.767 
411.000 0.774 
412.000 0.780 
413.000 0.785 
414.000 0.791 
415.000 0.797 
416.000 0.802 
417.000 0.807 
418.000 0.811 
419.000 0.816 
420.000 0.820 
421.000 0.824 
422.000 0.828 
423.000 0.831 
424.000 0.835 
425.000 0.838 
426.000 0.841 
427.000 0.844 
428.000 0.846 
429.000 0.849 
430.000 0.851 
431.000 0.853 
432.000 0.856 
433.000 0.858 
434.000 0.860 
435.000 0.862 
436.000 0.863 
437.000 0.865 
438.000 0.867 
439.000 0.868 
440.000 0.870 
441.000 0.871 
442.000 0.873 
443.000 0.874 
444.000 0.875 
445.000 0.876 
446.000 0.877 
447.000 0.878 
448.000 0.879 
449.000 0.880 
450.000 0.881 
451.000 0.882 
452.000 0.883 
453.000 0.883 
454.000 0.884 
455.000 0.885 
456.000 0.885 
457.000 0.886 
458.000 0.886 
459.000 0.887 
460.000 0.887 
461.000 0.888 
462.000 0.888 
463.000 0.889 
464.000 0.889 
465.000 0.889 
466.000 0.890 
467.000 0.890 
468.000 0.890 
469.000 0.891 
470.000 0.891 
471.000 0.891 
472.000 0.892 
473.000 0.892 
474.000 0.892 
475.000 0.892 
476.000 0.892 
477.000 0.893 
478.000 0.893 
479.000 0.893 
480.000 0.893 
481.000 0.893 
482.000 0.893 
483.000 0.894 
484.000 0.894 
485.000 0.894 
486.000 0.917 
487.000 0.980 
488.000 1.086 
489.000 1.235 
490.000 1.420 
491.000 1.634 
492.000 1.868 
493.000 2.113 
494.000 2.359 
495.000 2.598 
496.000 2.824 
497.000 3.029 
498.000 3.210 
499.000 3.362 
500.000 3.485 
501.000 3.577 
502.000 3.641 
503.000 3.677 
504.000 3.689 
505.000 3.682 
506.000 3.658 
507.000 3.623 
508.000 3.581 
509.000 3.536 
510.000 3.491 
511.000 3.450 
512.000 3.416 
513.000 3.389 
514.000 3.371 
515.000 3.362 
516.000 3.362 
517.000 3.371 
518.000 3.387 
519.000 3.409 
520.000 3.436 
521.000 3.466 
522.000 3.498 
523.000 3.530 
524.000 3.561 
525.000 3.588 
526.000 3.613 
527.000 3.633 
528.000 3.648 
529.000 3.659 
530.000 3.664 
531.000 3.665 
532.000 3.662 
533.000 3.654 
534.000 3.644 
535.000 3.632 
536.000 3.619 
537.000 3.605 
538.000 3.591 
539.000 3.578 
540.000 3.566 
541.000 3.556 
542.000 3.547 
543.000 3.542 
544.000 3.538 
545.000 3.536 
546.000 3.537 
547.000 3.539 
548.000 3.543 
549.000 3.548 
550.000 3.554 
551.000 3.560 
552.000 3.567 
553.000 3.573 
554.000 3.578 
555.000 3.583 
556.000 3.588 
557.000 3.591 
558.000 3.593 
559.000 3.594 
560.000 3.594 
561.000 3.594 
562.000 3.592 
563.000 3.590 
564.000 3.588 
565.000 3.585 
566.000 3.582 
567.000 3.579 
568.000 3.576 
569.000 3.574 
570.000 3.572 
571.000 3.570 
572.000 3.569 
573.000 3.568 
574.000 3.568 
575.000 3.568 
576.000 3.568 
577.000 3.569 
578.000 3.570 
579.000 3.571 
580.000 3.573 
581.000 3.574 
582.000 3.575 
583.000 3.576 
584.000 3.577 
585.000 3.578 
586.000 3.579 
587.000 3.579 
588.000 3.580 
589.000 3.580 
590.000 3.580 
591.000 3.579 
592.000 3.579 
593.000 3.578 
594.000 3.578 
595.000 3.577 
596.000 3.577 
597.000 3.576 
598.000 3.576 
599.000 3.575 
600.000 3.575 
601.000 3.575 
602.000 3.574 
603.000 3.574 
604.000 3.574 
605.000 3.574 
606.000 3.595 
607.000 3.652 
608.000 3.752 
609.000 3.888 
610.000 4.048 
611.000 4.219 
612.000 4.391 
613.000 4.557 
614.000 4.713 
615.000 4.857 
616.000 4.986 
617.000 5.099 
618.000 5.198 
619.000 5.283 
620.000 5.355 
621.000 5.414 
622.000 5.463 
623.000 5.503 
624.000 5.534 
625.000 5.559 
626.000 5.577 
627.000 5.591 
628.000 5.601 
629.000 5.608 
630.000 5.612 
631.000 5.614 
632.000 5.615 
633.000 5.615 
634.000 5.614 
635.000 5.613 
636.000 5.611 
637.000 5.609 
638.000 5.608 
639.000 5.606 
640.000 5.604 
641.000 5.603 
642.000 5.601 
643.000 5.600 
644.000 5.599 
645.000 5.598 
646.000 5.597 
647.000 5.596 
648.000 5.596 
649.000 5.595 
650.000 5.595 
651.000 5.595 
652.000 5.594 
653.000 5.594 
654.000 5.594 
655.000 5.594 
656.000 5.594 
657.000 5.594 
658.000 5.594 
659.000 5.594 
660.000 5.594 
661.000 5.594 
662.000 5.594 
663.000 5.594 
664.000 5.594 
665.000 5.594 
666.000 5.594 
667.000 5.594 
668.000 5.594 
669.000 5.594 
670.000 5.594 
671.000 5.594 
672.000 5.594 
673.000 5.594 
674.000 5.594 
675.000 5.594 
676.000 5.594 
677.000 5.594 
678.000 5.594 
679.000 5.594 
680.000 5.594 
681.000 5.594 
682.000 5.594 
683.000 5.594 
684.000 5.594 
685.000 5.594 
686.000 5.594 
687.000 5.594 
688.000 5.594 
689.000 5.594 
690.000 5.594 
691.000 5.594 
692.000 5.594 
693.000 5.594 
694.000 5.594 
695.000 5.594 
696.000 5.594 
697.000 5.594 
698.000 5.594 
699.000 5.594 
700.000 5.594 
701.000 5.594 
702.000 5.594 
703.000 5.594 
704.000 5.594 
705.000 5.594 
706.000 5.594 
707.000 5.594 
708.000 5.594 
709.000 5.594 
710.000 5.594 
711.000 5.594 
712.000 5.594 
713.000 5.594 
714.000 5.594 
715.000 5.594 
716.000 5.594 
717.000 5.594 
718.000 5.594 
719.000 5.594 
720.000 5.594 
721.000 5.594 
722.000 5.594 
723.000 5.594 
724.000 5.594 
725.000 5.594 
726.000 5.594 
727.000 5.594 
728.000 5.594 
729.000 5.594 
730.000 5.594 
731.000 5.594 
732.000 5.594 
733.000 5.594 
734.000 5.594 
735.000 5.594 
736.000 5.594 
737.000 5.594 
738.000 5.594 
739.000 5.594 
740.000 5.594 
741.000 5.594 
742.000 5.594 
743.000 5.594 
744.000 5.594 
745.000 5.594 
746.000 5.594 
747.000 5.594 
748.000 5.594 
749.000 5.594 
750.000 5.594 
751.000 5.594 
752.000 5.594 
753.000 5.594 
754.000 5.594 
755.000 5.594 
756.000 5.594 
757.000 5.594 
758.000 5.594 
759.000 5.594 
760.000 5.594 
761.000 5.594 
762.000 5.594 
763.000 5.594 
764.000 5.594 
765.000 5.594 
766.000 5.594 
767.000 5.594 
768.000 5.594 
769.000 5.594 
770.000 5.594 
771.000 5.594 
772.000 5.594 
773.000 5.594 
774.000 5.594 
775.000 5.594 
776.000 5.594 
777.000 5.594 
778.000 5.594 
779.000 5.594 
780.000 5.594 
781.000 5.594 
782.000 5.594 
783.000 5.594 
784.000 5.594 
785.000 5.594 
786.000 5.594 
787.000 5.594 
788.000 5.594 
789.000 5.594 
790.000 5.594 
791.000 5.594 
792.000 5.594 
793.000 5.594 
794.000 5.594 
795.000 5.594 
796.000 5.594 
797.000 5.594 
798.000 5.594 
799.000 5.594 
800.000 5.594 
