1.000 0.000 
2.000 0.000 
3.000 0.000 
4.000 0.000 
5.000 0.000 
6.000 0.000 
7.000 0.000 
8.000 0.000 
9.000 0.000 
10.000 0.000 
11.000 0.000 
12.000 -0.002 
13.000 -0.007 
14.000 -0.014 
15.000 -0.020 
16.000 -0.023 
17.000 -0.025 
18.000 -0.025 
19.000 -0.024 
20.000 -0.022 
21.000 -0.021 
22.000 -0.020 
23.000 -0.021 
24.000 -0.023 
25.000 -0.026 
26.000 -0.028 
27.000 -0.031 
28.000 -0.033 
29.000 -0.034 
30.000 -0.035 
31.000 -0.035 
32.000 -0.035 
33.000 -0.035 
34.000 -0.036 
35.000 -0.037 
36.000 -0.038 
37.000 -0.039 
38.000 -0.040 
39.000 -0.042 
40.000 -0.043 
41.000 -0.043 
42.000 -0.044 
43.000 -0.045 
44.000 -0.045 
45.000 -0.046 
46.000 -0.047 
47.000 -0.047 
48.000 -0.048 
49.000 -0.049 
50.000 -0.050 
51.000 -0.050 
52.000 -0.051 
53.000 -0.052 
54.000 -0.052 
55.000 -0.053 
56.000 -0.054 
57.000 -0.054 
58.000 -0.055 
59.000 -0.055 
60.000 -0.056 
61.000 -0.056 
62.000 -0.057 
63.000 -0.058 
64.000 -0.058 
65.000 -0.059 
66.000 -0.059 
67.000 -0.060 
68.000 -0.060 
69.000 -0.061 
70.000 -0.061 
71.000 -0.062 
72.000 -0.062 
73.000 -0.063 
74.000 -0.063 
75.000 -0.064 
76.000 -0.064 
77.000 -0.065 
78.000 -0.065 
79.000 -0.065 
80.000 -0.066 
81.000 -0.066 
82.000 -0.067 
83.000 -0.067 
84.000 -0.068 
85.000 -0.068 
86.000 -0.068 
87.000 -0.069 
88.000 -0.069 
89.000 -0.070 
90.000 -0.070 
91.000 -0.070 
92.000 -0.071 
93.000 -0.071 
94.000 -0.071 
95.000 -0.072 
96.000 -0.072 
97.000 -0.072 
98.000 -0.073 
99.000 -0.073 
100.000 -0.073 
101.000 -0.074 
102.000 -0.074 
103.000 -0.074 
104.000 -0.075 
105.000 -0.075 
106.000 -0.075 
107.000 -0.076 
108.000 -0.076 
109.000 -0.076 
110.000 -0.077 
111.000 -0.077 
112.000 -0.077 
113.000 -0.078 
114.000 -0.078 
115.000 -0.078 
116.000 -0.078 
117.000 -0.079 
118.000 -0.079 
119.000 -0.079 
120.000 -0.079 
121.000 -0.080 
122.000 -0.080 
123.000 -0.080 
124.000 -0.081 
125.000 -0.081 
126.000 -0.081 
127.000 -0.080 
128.000 -0.079 
129.000 -0.079 
130.000 -0.078 
131.000 -0.078 
132.000 -0.078 
133.000 -0.079 
134.000 -0.080 
135.000 -0.080 
136.000 -0.080 
137.000 -0.080 
138.000 -0.080 
139.000 -0.080 
140.000 -0.079 
141.000 -0.079 
142.000 -0.079 
143.000 -0.079 
144.000 -0.079 
145.000 -0.079 
146.000 -0.080 
147.000 -0.080 
148.000 -0.080 
149.000 -0.080 
150.000 -0.080 
151.000 -0.080 
152.000 -0.080 
153.000 -0.079 
154.000 -0.079 
155.000 -0.079 
156.000 -0.080 
157.000 -0.080 
158.000 -0.080 
159.000 -0.080 
160.000 -0.080 
161.000 -0.080 
162.000 -0.080 
163.000 -0.080 
164.000 -0.080 
165.000 -0.080 
166.000 -0.080 
167.000 -0.080 
168.000 -0.080 
169.000 -0.080 
170.000 -0.080 
171.000 -0.080 
172.000 -0.080 
173.000 -0.080 
174.000 -0.080 
175.000 -0.080 
176.000 -0.080 
177.000 -0.080 
178.000 -0.080 
179.000 -0.080 
180.000 -0.080 
181.000 -0.080 
182.000 -0.080 
183.000 -0.080 
184.000 -0.080 
185.000 -0.080 
186.000 -0.080 
187.000 -0.080 
188.000 -0.080 
189.000 -0.080 
190.000 -0.080 
191.000 -0.080 
192.000 -0.080 
193.000 -0.080 
194.000 -0.080 
195.000 -0.080 
196.000 -0.080 
197.000 -0.080 
198.000 -0.080 
199.000 -0.080 
200.000 -0.080 
201.000 -0.080 
202.000 -0.080 
203.000 -0.080 
204.000 -0.080 
205.000 -0.080 
206.000 -0.080 
207.000 -0.080 
208.000 -0.080 
209.000 -0.080 
210.000 -0.080 
211.000 -0.080 
212.000 -0.080 
213.000 -0.080 
214.000 -0.080 
215.000 -0.080 
216.000 -0.080 
217.000 -0.080 
218.000 -0.080 
219.000 -0.080 
220.000 -0.080 
221.000 -0.080 
222.000 -0.080 
223.000 -0.080 
224.000 -0.080 
225.000 -0.080 
226.000 -0.080 
227.000 -0.080 
228.000 -0.080 
229.000 -0.080 
230.000 -0.080 
231.000 -0.080 
232.000 -0.080 
233.000 -0.080 
234.000 -0.080 
235.000 -0.080 
236.000 -0.080 
237.000 -0.080 
238.000 -0.080 
239.000 -0.080 
240.000 -0.080 
241.000 -0.080 
242.000 -0.080 
243.000 -0.080 
244.000 -0.080 
245.000 -0.080 
246.000 -0.078 
247.000 -0.072 
248.000 -0.064 
249.000 -0.055 
250.000 -0.050 
251.000 -0.048 
252.000 -0.048 
253.000 -0.051 
254.000 -0.053 
255.000 -0.055 
256.000 -0.055 
257.000 -0.053 
258.000 -0.049 
259.000 -0.044 
260.000 -0.039 
261.000 -0.033 
262.000 -0.029 
263.000 -0.026 
264.000 -0.025 
265.000 -0.023 
266.000 -0.022 
267.000 -0.021 
268.000 -0.019 
269.000 -0.016 
270.000 -0.012 
271.000 -0.007 
272.000 -0.003 
273.000 0.001 
274.000 0.005 
275.000 0.009 
276.000 0.012 
277.000 0.015 
278.000 0.018 
279.000 0.021 
280.000 0.024 
281.000 0.028 
282.000 0.032 
283.000 0.036 
284.000 0.040 
285.000 0.044 
286.000 0.049 
287.000 0.053 
288.000 0.056 
289.000 0.060 
290.000 0.064 
291.000 0.067 
292.000 0.071 
293.000 0.075 
294.000 0.078 
295.000 0.082 
296.000 0.086 
297.000 0.091 
298.000 0.094 
299.000 0.098 
300.000 0.102 
301.000 0.106 
302.000 0.109 
303.000 0.113 
304.000 0.116 
305.000 0.120 
306.000 0.123 
307.000 0.127 
308.000 0.130 
309.000 0.134 
310.000 0.137 
311.000 0.141 
312.000 0.144 
313.000 0.147 
314.000 0.150 
315.000 0.153 
316.000 0.156 
317.000 0.159 
318.000 0.162 
319.000 0.165 
320.000 0.167 
321.000 0.170 
322.000 0.173 
323.000 0.176 
324.000 0.178 
325.000 0.181 
326.000 0.183 
327.000 0.185 
328.000 0.188 
329.000 0.190 
330.000 0.192 
331.000 0.194 
332.000 0.196 
333.000 0.198 
334.000 0.200 
335.000 0.202 
336.000 0.204 
337.000 0.206 
338.000 0.208 
339.000 0.210 
340.000 0.211 
341.000 0.213 
342.000 0.214 
343.000 0.216 
344.000 0.217 
345.000 0.219 
346.000 0.220 
347.000 0.222 
348.000 0.223 
349.000 0.224 
350.000 0.225 
351.000 0.227 
352.000 0.228 
353.000 0.229 
354.000 0.230 
355.000 0.231 
356.000 0.232 
357.000 0.233 
358.000 0.234 
359.000 0.235 
360.000 0.236 
361.000 0.237 
362.000 0.237 
363.000 0.238 
364.000 0.239 
365.000 0.240 
366.000 0.264 
367.000 0.324 
368.000 0.410 
369.000 0.507 
370.000 0.597 
371.000 0.663 
372.000 0.697 
373.000 0.696 
374.000 0.667 
375.000 0.621 
376.000 0.572 
377.000 0.533 
378.000 0.511 
379.000 0.512 
380.000 0.537 
381.000 0.582 
382.000 0.642 
383.000 0.708 
384.000 0.771 
385.000 0.821 
386.000 0.851 
387.000 0.860 
388.000 0.849 
389.000 0.823 
390.000 0.790 
391.000 0.757 
392.000 0.732 
393.000 0.719 
394.000 0.722 
395.000 0.739 
396.000 0.768 
397.000 0.805 
398.000 0.844 
399.000 0.879 
400.000 0.905 
401.000 0.918 
402.000 0.918 
403.000 0.905 
404.000 0.885 
405.000 0.861 
406.000 0.838 
407.000 0.821 
408.000 0.812 
409.000 0.813 
410.000 0.824 
411.000 0.842 
412.000 0.864 
413.000 0.887 
414.000 0.907 
415.000 0.921 
416.000 0.927 
417.000 0.925 
418.000 0.915 
419.000 0.900 
420.000 0.884 
421.000 0.869 
422.000 0.857 
423.000 0.852 
424.000 0.853 
425.000 0.859 
426.000 0.871 
427.000 0.885 
428.000 0.899 
429.000 0.911 
430.000 0.918 
431.000 0.921 
432.000 0.918 
433.000 0.912 
434.000 0.902 
435.000 0.891 
436.000 0.881 
437.000 0.874 
438.000 0.871 
439.000 0.871 
440.000 0.876 
441.000 0.883 
442.000 0.892 
443.000 0.901 
444.000 0.908 
445.000 0.912 
446.000 0.913 
447.000 0.911 
448.000 0.907 
449.000 0.900 
450.000 0.893 
451.000 0.887 
452.000 0.882 
453.000 0.881 
454.000 0.881 
455.000 0.884 
456.000 0.889 
457.000 0.895 
458.000 0.900 
459.000 0.904 
460.000 0.907 
461.000 0.908 
462.000 0.906 
463.000 0.903 
464.000 0.898 
465.000 0.894 
466.000 0.890 
467.000 0.887 
468.000 0.886 
469.000 0.887 
470.000 0.889 
471.000 0.892 
472.000 0.896 
473.000 0.899 
474.000 0.902 
475.000 0.903 
476.000 0.903 
477.000 0.902 
478.000 0.900 
479.000 0.897 
480.000 0.895 
481.000 0.892 
482.000 0.890 
483.000 0.890 
484.000 0.890 
485.000 0.892 
486.000 1.004 
487.000 1.250 
488.000 1.585 
489.000 1.972 
490.000 2.380 
491.000 2.788 
492.000 3.181 
493.000 3.549 
494.000 3.886 
495.000 4.187 
496.000 4.453 
497.000 4.645 
498.000 4.696 
499.000 4.588 
500.000 4.358 
501.000 4.063 
502.000 3.763 
503.000 3.504 
504.000 3.319 
505.000 3.226 
506.000 3.232 
507.000 3.321 
508.000 3.469 
509.000 3.652 
510.000 3.854 
511.000 4.061 
512.000 4.265 
513.000 4.435 
514.000 4.532 
515.000 4.535 
516.000 4.441 
517.000 4.264 
518.000 4.031 
519.000 3.777 
520.000 3.535 
521.000 3.334 
522.000 3.195 
523.000 3.129 
524.000 3.139 
525.000 3.218 
526.000 3.354 
527.000 3.527 
528.000 3.712 
529.000 3.885 
530.000 4.022 
531.000 4.104 
532.000 4.120 
533.000 4.068 
534.000 3.956 
535.000 3.801 
536.000 3.627 
537.000 3.458 
538.000 3.315 
539.000 3.215 
540.000 3.167 
541.000 3.176 
542.000 3.238 
543.000 3.342 
544.000 3.475 
545.000 3.619 
546.000 3.754 
547.000 3.865 
548.000 3.936 
549.000 3.958 
550.000 3.929 
551.000 3.855 
552.000 3.748 
553.000 3.624 
554.000 3.499 
555.000 3.392 
556.000 3.314 
557.000 3.273 
558.000 3.275 
559.000 3.315 
560.000 3.389 
561.000 3.485 
562.000 3.591 
563.000 3.693 
564.000 3.777 
565.000 3.833 
566.000 3.854 
567.000 3.838 
568.000 3.788 
569.000 3.713 
570.000 3.623 
571.000 3.531 
572.000 3.450 
573.000 3.388 
574.000 3.355 
575.000 3.351 
576.000 3.377 
577.000 3.429 
578.000 3.498 
579.000 3.576 
580.000 3.651 
581.000 3.715 
582.000 3.759 
583.000 3.778 
584.000 3.770 
585.000 3.737 
586.000 3.684 
587.000 3.619 
588.000 3.551 
589.000 3.490 
590.000 3.443 
591.000 3.415 
592.000 3.409 
593.000 3.426 
594.000 3.461 
595.000 3.511 
596.000 3.567 
597.000 3.624 
598.000 3.672 
599.000 3.706 
600.000 3.723 
601.000 3.720 
602.000 3.698 
603.000 3.661 
604.000 3.614 
605.000 3.564 
606.000 3.581 
607.000 3.668 
608.000 3.801 
609.000 3.961 
610.000 4.135 
611.000 4.313 
612.000 4.486 
613.000 4.650 
614.000 4.801 
615.000 4.937 
616.000 5.058 
617.000 5.164 
618.000 5.255 
619.000 5.331 
620.000 5.396 
621.000 5.448 
622.000 5.491 
623.000 5.525 
624.000 5.552 
625.000 5.573 
626.000 5.588 
627.000 5.599 
628.000 5.607 
629.000 5.612 
630.000 5.615 
631.000 5.616 
632.000 5.616 
633.000 5.615 
634.000 5.614 
635.000 5.612 
636.000 5.610 
637.000 5.609 
638.000 5.607 
639.000 5.605 
640.000 5.603 
641.000 5.602 
642.000 5.600 
643.000 5.599 
644.000 5.598 
645.000 5.597 
646.000 5.597 
647.000 5.596 
648.000 5.595 
649.000 5.595 
650.000 5.595 
651.000 5.594 
652.000 5.594 
653.000 5.594 
654.000 5.594 
655.000 5.594 
656.000 5.594 
657.000 5.594 
658.000 5.594 
659.000 5.594 
660.000 5.594 
661.000 5.594 
662.000 5.594 
663.000 5.594 
664.000 5.594 
665.000 5.594 
666.000 5.594 
667.000 5.594 
668.000 5.594 
669.000 5.594 
670.000 5.594 
671.000 5.594 
672.000 5.594 
673.000 5.594 
674.000 5.594 
675.000 5.594 
676.000 5.594 
677.000 5.594 
678.000 5.594 
679.000 5.594 
680.000 5.594 
681.000 5.594 
682.000 5.594 
683.000 5.594 
684.000 5.594 
685.000 5.594 
686.000 5.594 
687.000 5.594 
688.000 5.594 
689.000 5.594 
690.000 5.594 
691.000 5.594 
692.000 5.594 
693.000 5.594 
694.000 5.594 
695.000 5.594 
696.000 5.594 
697.000 5.594 
698.000 5.594 
699.000 5.594 
700.000 5.594 
701.000 5.594 
702.000 5.594 
703.000 5.594 
704.000 5.594 
705.000 5.594 
706.000 5.594 
707.000 5.594 
708.000 5.594 
709.000 5.594 
710.000 5.594 
711.000 5.594 
712.000 5.594 
713.000 5.594 
714.000 5.594 
715.000 5.594 
716.000 5.594 
717.000 5.594 
718.000 5.594 
719.000 5.594 
720.000 5.594 
721.000 5.594 
722.000 5.594 
723.000 5.594 
724.000 5.594 
725.000 5.594 
726.000 5.594 
727.000 5.594 
728.000 5.594 
729.000 5.594 
730.000 5.594 
731.000 5.594 
732.000 5.594 
733.000 5.594 
734.000 5.594 
735.000 5.594 
736.000 5.594 
737.000 5.594 
738.000 5.594 
739.000 5.594 
740.000 5.594 
741.000 5.594 
742.000 5.594 
743.000 5.594 
744.000 5.594 
745.000 5.594 
746.000 5.594 
747.000 5.594 
748.000 5.594 
749.000 5.594 
750.000 5.594 
751.000 5.594 
752.000 5.594 
753.000 5.594 
754.000 5.594 
755.000 5.594 
756.000 5.594 
757.000 5.594 
758.000 5.594 
759.000 5.594 
760.000 5.594 
761.000 5.594 
762.000 5.594 
763.000 5.594 
764.000 5.594 
765.000 5.594 
766.000 5.594 
767.000 5.594 
768.000 5.594 
769.000 5.594 
770.000 5.594 
771.000 5.594 
772.000 5.594 
773.000 5.594 
774.000 5.594 
775.000 5.594 
776.000 5.594 
777.000 5.594 
778.000 5.594 
779.000 5.594 
780.000 5.594 
781.000 5.594 
782.000 5.594 
783.000 5.594 
784.000 5.594 
785.000 5.594 
786.000 5.594 
787.000 5.594 
788.000 5.594 
789.000 5.594 
790.000 5.594 
791.000 5.594 
792.000 5.594 
793.000 5.594 
794.000 5.594 
795.000 5.594 
796.000 5.594 
797.000 5.594 
798.000 5.594 
799.000 5.594 
800.000 5.594 
