1.000 0.000 
2.000 0.000 
3.000 0.000 
4.000 0.000 
5.000 0.000 
6.000 0.000 
7.000 0.000 
8.000 0.000 
9.000 0.000 
10.000 0.000 
11.000 0.000 
12.000 -0.002 
13.000 -0.006 
14.000 -0.012 
15.000 -0.017 
16.000 -0.021 
17.000 -0.023 
18.000 -0.023 
19.000 -0.022 
20.000 -0.021 
21.000 -0.021 
22.000 -0.020 
23.000 -0.021 
24.000 -0.022 
25.000 -0.024 
26.000 -0.026 
27.000 -0.028 
28.000 -0.030 
29.000 -0.031 
30.000 -0.032 
31.000 -0.033 
32.000 -0.033 
33.000 -0.034 
34.000 -0.035 
35.000 -0.035 
36.000 -0.036 
37.000 -0.037 
38.000 -0.038 
39.000 -0.039 
40.000 -0.040 
41.000 -0.041 
42.000 -0.042 
43.000 -0.043 
44.000 -0.043 
45.000 -0.044 
46.000 -0.045 
47.000 -0.045 
48.000 -0.046 
49.000 -0.047 
50.000 -0.047 
51.000 -0.048 
52.000 -0.049 
53.000 -0.049 
54.000 -0.050 
55.000 -0.051 
56.000 -0.051 
57.000 -0.052 
58.000 -0.053 
59.000 -0.053 
60.000 -0.054 
61.000 -0.054 
62.000 -0.055 
63.000 -0.055 
64.000 -0.056 
65.000 -0.056 
66.000 -0.057 
67.000 -0.058 
68.000 -0.058 
69.000 -0.059 
70.000 -0.059 
71.000 -0.060 
72.000 -0.060 
73.000 -0.060 
74.000 -0.061 
75.000 -0.061 
76.000 -0.062 
77.000 -0.062 
78.000 -0.063 
79.000 -0.063 
80.000 -0.064 
81.000 -0.064 
82.000 -0.065 
83.000 -0.065 
84.000 -0.065 
85.000 -0.066 
86.000 -0.066 
87.000 -0.067 
88.000 -0.067 
89.000 -0.067 
90.000 -0.068 
91.000 -0.068 
92.000 -0.068 
93.000 -0.069 
94.000 -0.069 
95.000 -0.070 
96.000 -0.070 
97.000 -0.070 
98.000 -0.071 
99.000 -0.071 
100.000 -0.071 
101.000 -0.072 
102.000 -0.072 
103.000 -0.072 
104.000 -0.073 
105.000 -0.073 
106.000 -0.073 
107.000 -0.074 
108.000 -0.074 
109.000 -0.074 
110.000 -0.074 
111.000 -0.075 
112.000 -0.075 
113.000 -0.075 
114.000 -0.076 
115.000 -0.076 
116.000 -0.076 
117.000 -0.077 
118.000 -0.077 
119.000 -0.077 
120.000 -0.077 
121.000 -0.078 
122.000 -0.078 
123.000 -0.078 
124.000 -0.078 
125.000 -0.079 
126.000 -0.079 
127.000 -0.078 
128.000 -0.077 
129.000 -0.077 
130.000 -0.076 
131.000 -0.076 
132.000 -0.077 
133.000 -0.077 
134.000 -0.077 
135.000 -0.078 
136.000 -0.078 
137.000 -0.078 
138.000 -0.078 
139.000 -0.078 
140.000 -0.078 
141.000 -0.078 
142.000 -0.077 
143.000 -0.077 
144.000 -0.078 
145.000 -0.078 
146.000 -0.078 
147.000 -0.078 
148.000 -0.078 
149.000 -0.078 
150.000 -0.078 
151.000 -0.078 
152.000 -0.078 
153.000 -0.078 
154.000 -0.078 
155.000 -0.078 
156.000 -0.078 
157.000 -0.078 
158.000 -0.078 
159.000 -0.078 
160.000 -0.078 
161.000 -0.078 
162.000 -0.078 
163.000 -0.078 
164.000 -0.078 
165.000 -0.078 
166.000 -0.078 
167.000 -0.078 
168.000 -0.078 
169.000 -0.078 
170.000 -0.078 
171.000 -0.078 
172.000 -0.078 
173.000 -0.078 
174.000 -0.078 
175.000 -0.078 
176.000 -0.078 
177.000 -0.078 
178.000 -0.078 
179.000 -0.078 
180.000 -0.078 
181.000 -0.078 
182.000 -0.078 
183.000 -0.078 
184.000 -0.078 
185.000 -0.078 
186.000 -0.078 
187.000 -0.078 
188.000 -0.078 
189.000 -0.078 
190.000 -0.078 
191.000 -0.078 
192.000 -0.078 
193.000 -0.078 
194.000 -0.078 
195.000 -0.078 
196.000 -0.078 
197.000 -0.078 
198.000 -0.078 
199.000 -0.078 
200.000 -0.078 
201.000 -0.078 
202.000 -0.078 
203.000 -0.078 
204.000 -0.078 
205.000 -0.078 
206.000 -0.078 
207.000 -0.078 
208.000 -0.078 
209.000 -0.078 
210.000 -0.078 
211.000 -0.078 
212.000 -0.078 
213.000 -0.078 
214.000 -0.078 
215.000 -0.078 
216.000 -0.078 
217.000 -0.078 
218.000 -0.078 
219.000 -0.078 
220.000 -0.078 
221.000 -0.078 
222.000 -0.078 
223.000 -0.078 
224.000 -0.078 
225.000 -0.078 
226.000 -0.078 
227.000 -0.078 
228.000 -0.078 
229.000 -0.078 
230.000 -0.078 
231.000 -0.078 
232.000 -0.078 
233.000 -0.078 
234.000 -0.078 
235.000 -0.078 
236.000 -0.078 
237.000 -0.078 
238.000 -0.078 
239.000 -0.078 
240.000 -0.078 
241.000 -0.078 
242.000 -0.078 
243.000 -0.078 
244.000 -0.078 
245.000 -0.078 
246.000 -0.077 
247.000 -0.072 
248.000 -0.065 
249.000 -0.058 
250.000 -0.053 
251.000 -0.051 
252.000 -0.050 
253.000 -0.052 
254.000 -0.053 
255.000 -0.054 
256.000 -0.054 
257.000 -0.052 
258.000 -0.049 
259.000 -0.046 
260.000 -0.041 
261.000 -0.037 
262.000 -0.034 
263.000 -0.031 
264.000 -0.028 
265.000 -0.027 
266.000 -0.025 
267.000 -0.023 
268.000 -0.021 
269.000 -0.018 
270.000 -0.015 
271.000 -0.012 
272.000 -0.008 
273.000 -0.005 
274.000 -0.001 
275.000 0.002 
276.000 0.005 
277.000 0.009 
278.000 0.012 
279.000 0.015 
280.000 0.018 
281.000 0.021 
282.000 0.025 
283.000 0.028 
284.000 0.032 
285.000 0.035 
286.000 0.039 
287.000 0.043 
288.000 0.046 
289.000 0.050 
290.000 0.054 
291.000 0.057 
292.000 0.061 
293.000 0.064 
294.000 0.068 
295.000 0.071 
296.000 0.075 
297.000 0.079 
298.000 0.082 
299.000 0.086 
300.000 0.090 
301.000 0.093 
302.000 0.097 
303.000 0.100 
304.000 0.104 
305.000 0.107 
306.000 0.111 
307.000 0.114 
308.000 0.117 
309.000 0.121 
310.000 0.124 
311.000 0.127 
312.000 0.131 
313.000 0.134 
314.000 0.137 
315.000 0.140 
316.000 0.143 
317.000 0.146 
318.000 0.149 
319.000 0.152 
320.000 0.155 
321.000 0.158 
322.000 0.160 
323.000 0.163 
324.000 0.166 
325.000 0.168 
326.000 0.171 
327.000 0.173 
328.000 0.176 
329.000 0.178 
330.000 0.181 
331.000 0.183 
332.000 0.185 
333.000 0.187 
334.000 0.189 
335.000 0.191 
336.000 0.193 
337.000 0.195 
338.000 0.197 
339.000 0.199 
340.000 0.201 
341.000 0.203 
342.000 0.205 
343.000 0.206 
344.000 0.208 
345.000 0.210 
346.000 0.211 
347.000 0.213 
348.000 0.214 
349.000 0.216 
350.000 0.217 
351.000 0.218 
352.000 0.220 
353.000 0.221 
354.000 0.222 
355.000 0.224 
356.000 0.225 
357.000 0.226 
358.000 0.227 
359.000 0.228 
360.000 0.229 
361.000 0.230 
362.000 0.231 
363.000 0.232 
364.000 0.233 
365.000 0.234 
366.000 0.255 
367.000 0.306 
368.000 0.380 
369.000 0.462 
370.000 0.539 
371.000 0.599 
372.000 0.634 
373.000 0.644 
374.000 0.633 
375.000 0.607 
376.000 0.577 
377.000 0.550 
378.000 0.534 
379.000 0.533 
380.000 0.547 
381.000 0.575 
382.000 0.615 
383.000 0.660 
384.000 0.706 
385.000 0.747 
386.000 0.778 
387.000 0.797 
388.000 0.804 
389.000 0.801 
390.000 0.790 
391.000 0.776 
392.000 0.763 
393.000 0.754 
394.000 0.751 
395.000 0.756 
396.000 0.767 
397.000 0.785 
398.000 0.805 
399.000 0.826 
400.000 0.845 
401.000 0.860 
402.000 0.870 
403.000 0.874 
404.000 0.873 
405.000 0.868 
406.000 0.860 
407.000 0.853 
408.000 0.846 
409.000 0.843 
410.000 0.843 
411.000 0.846 
412.000 0.853 
413.000 0.861 
414.000 0.870 
415.000 0.879 
416.000 0.887 
417.000 0.892 
418.000 0.894 
419.000 0.894 
420.000 0.892 
421.000 0.888 
422.000 0.884 
423.000 0.880 
424.000 0.877 
425.000 0.876 
426.000 0.876 
427.000 0.878 
428.000 0.882 
429.000 0.886 
430.000 0.890 
431.000 0.894 
432.000 0.896 
433.000 0.898 
434.000 0.898 
435.000 0.897 
436.000 0.895 
437.000 0.893 
438.000 0.891 
439.000 0.889 
440.000 0.888 
441.000 0.888 
442.000 0.889 
443.000 0.890 
444.000 0.892 
445.000 0.893 
446.000 0.895 
447.000 0.897 
448.000 0.898 
449.000 0.898 
450.000 0.898 
451.000 0.897 
452.000 0.896 
453.000 0.895 
454.000 0.894 
455.000 0.893 
456.000 0.893 
457.000 0.893 
458.000 0.893 
459.000 0.894 
460.000 0.895 
461.000 0.896 
462.000 0.896 
463.000 0.897 
464.000 0.897 
465.000 0.897 
466.000 0.897 
467.000 0.896 
468.000 0.896 
469.000 0.895 
470.000 0.895 
471.000 0.895 
472.000 0.895 
473.000 0.895 
474.000 0.895 
475.000 0.895 
476.000 0.896 
477.000 0.896 
478.000 0.896 
479.000 0.897 
480.000 0.897 
481.000 0.897 
482.000 0.896 
483.000 0.896 
484.000 0.896 
485.000 0.896 
486.000 0.994 
487.000 1.223 
488.000 1.547 
489.000 1.927 
490.000 2.332 
491.000 2.740 
492.000 3.135 
493.000 3.505 
494.000 3.845 
495.000 4.151 
496.000 4.367 
497.000 4.438 
498.000 4.356 
499.000 4.153 
500.000 3.873 
501.000 3.570 
502.000 3.287 
503.000 3.062 
504.000 2.915 
505.000 2.859 
506.000 2.894 
507.000 3.011 
508.000 3.189 
509.000 3.404 
510.000 3.638 
511.000 3.869 
512.000 4.071 
513.000 4.219 
514.000 4.299 
515.000 4.304 
516.000 4.237 
517.000 4.111 
518.000 3.944 
519.000 3.759 
520.000 3.579 
521.000 3.424 
522.000 3.309 
523.000 3.242 
524.000 3.227 
525.000 3.261 
526.000 3.335 
527.000 3.438 
528.000 3.557 
529.000 3.676 
530.000 3.781 
531.000 3.860 
532.000 3.905 
533.000 3.911 
534.000 3.880 
535.000 3.817 
536.000 3.733 
537.000 3.638 
538.000 3.544 
539.000 3.462 
540.000 3.401 
541.000 3.366 
542.000 3.358 
543.000 3.378 
544.000 3.420 
545.000 3.478 
546.000 3.545 
547.000 3.612 
548.000 3.671 
549.000 3.717 
550.000 3.743 
551.000 3.749 
552.000 3.735 
553.000 3.703 
554.000 3.659 
555.000 3.609 
556.000 3.558 
557.000 3.514 
558.000 3.480 
559.000 3.460 
560.000 3.455 
561.000 3.465 
562.000 3.487 
563.000 3.519 
564.000 3.555 
565.000 3.592 
566.000 3.624 
567.000 3.649 
568.000 3.665 
569.000 3.669 
570.000 3.662 
571.000 3.645 
572.000 3.622 
573.000 3.595 
574.000 3.568 
575.000 3.543 
576.000 3.524 
577.000 3.513 
578.000 3.510 
579.000 3.515 
580.000 3.526 
581.000 3.543 
582.000 3.563 
583.000 3.583 
584.000 3.601 
585.000 3.615 
586.000 3.623 
587.000 3.626 
588.000 3.622 
589.000 3.614 
590.000 3.602 
591.000 3.587 
592.000 3.572 
593.000 3.559 
594.000 3.548 
595.000 3.542 
596.000 3.540 
597.000 3.542 
598.000 3.548 
599.000 3.557 
600.000 3.568 
601.000 3.579 
602.000 3.589 
603.000 3.596 
604.000 3.601 
605.000 3.603 
606.000 3.658 
607.000 3.769 
608.000 3.915 
609.000 4.081 
610.000 4.255 
611.000 4.427 
612.000 4.593 
613.000 4.747 
614.000 4.888 
615.000 5.014 
616.000 5.124 
617.000 5.220 
618.000 5.302 
619.000 5.371 
620.000 5.428 
621.000 5.474 
622.000 5.512 
623.000 5.541 
624.000 5.564 
625.000 5.581 
626.000 5.594 
627.000 5.603 
628.000 5.609 
629.000 5.613 
630.000 5.615 
631.000 5.616 
632.000 5.615 
633.000 5.614 
634.000 5.613 
635.000 5.611 
636.000 5.609 
637.000 5.607 
638.000 5.605 
639.000 5.604 
640.000 5.602 
641.000 5.601 
642.000 5.600 
643.000 5.598 
644.000 5.598 
645.000 5.597 
646.000 5.596 
647.000 5.596 
648.000 5.595 
649.000 5.595 
650.000 5.595 
651.000 5.594 
652.000 5.594 
653.000 5.594 
654.000 5.594 
655.000 5.594 
656.000 5.594 
657.000 5.594 
658.000 5.594 
659.000 5.594 
660.000 5.594 
661.000 5.594 
662.000 5.594 
663.000 5.594 
664.000 5.594 
665.000 5.594 
666.000 5.594 
667.000 5.594 
668.000 5.594 
669.000 5.594 
670.000 5.594 
671.000 5.594 
672.000 5.594 
673.000 5.594 
674.000 5.594 
675.000 5.594 
676.000 5.594 
677.000 5.594 
678.000 5.594 
679.000 5.594 
680.000 5.594 
681.000 5.594 
682.000 5.594 
683.000 5.594 
684.000 5.594 
685.000 5.594 
686.000 5.594 
687.000 5.594 
688.000 5.594 
689.000 5.594 
690.000 5.594 
691.000 5.594 
692.000 5.594 
693.000 5.594 
694.000 5.594 
695.000 5.594 
696.000 5.594 
697.000 5.594 
698.000 5.594 
699.000 5.594 
700.000 5.594 
701.000 5.594 
702.000 5.594 
703.000 5.594 
704.000 5.594 
705.000 5.594 
706.000 5.594 
707.000 5.594 
708.000 5.594 
709.000 5.594 
710.000 5.594 
711.000 5.594 
712.000 5.594 
713.000 5.594 
714.000 5.594 
715.000 5.594 
716.000 5.594 
717.000 5.594 
718.000 5.594 
719.000 5.594 
720.000 5.594 
721.000 5.594 
722.000 5.594 
723.000 5.594 
724.000 5.594 
725.000 5.594 
726.000 5.594 
727.000 5.594 
728.000 5.594 
729.000 5.594 
730.000 5.594 
731.000 5.594 
732.000 5.594 
733.000 5.594 
734.000 5.594 
735.000 5.594 
736.000 5.594 
737.000 5.594 
738.000 5.594 
739.000 5.594 
740.000 5.594 
741.000 5.594 
742.000 5.594 
743.000 5.594 
744.000 5.594 
745.000 5.594 
746.000 5.594 
747.000 5.594 
748.000 5.594 
749.000 5.594 
750.000 5.594 
751.000 5.594 
752.000 5.594 
753.000 5.594 
754.000 5.594 
755.000 5.594 
756.000 5.594 
757.000 5.594 
758.000 5.594 
759.000 5.594 
760.000 5.594 
761.000 5.594 
762.000 5.594 
763.000 5.594 
764.000 5.594 
765.000 5.594 
766.000 5.594 
767.000 5.594 
768.000 5.594 
769.000 5.594 
770.000 5.594 
771.000 5.594 
772.000 5.594 
773.000 5.594 
774.000 5.594 
775.000 5.594 
776.000 5.594 
777.000 5.594 
778.000 5.594 
779.000 5.594 
780.000 5.594 
781.000 5.594 
782.000 5.594 
783.000 5.594 
784.000 5.594 
785.000 5.594 
786.000 5.594 
787.000 5.594 
788.000 5.594 
789.000 5.594 
790.000 5.594 
791.000 5.594 
792.000 5.594 
793.000 5.594 
794.000 5.594 
795.000 5.594 
796.000 5.594 
797.000 5.594 
798.000 5.594 
799.000 5.594 
800.000 5.594 
