1.000 0.000 
2.000 0.000 
3.000 0.000 
4.000 0.000 
5.000 0.000 
6.000 0.000 
7.000 0.000 
8.000 0.000 
9.000 0.000 
10.000 0.000 
11.000 0.000 
12.000 -0.001 
13.000 -0.004 
14.000 -0.008 
15.000 -0.012 
16.000 -0.015 
17.000 -0.018 
18.000 -0.020 
19.000 -0.021 
20.000 -0.021 
21.000 -0.021 
22.000 -0.021 
23.000 -0.021 
24.000 -0.021 
25.000 -0.022 
26.000 -0.023 
27.000 -0.024 
28.000 -0.025 
29.000 -0.027 
30.000 -0.028 
31.000 -0.030 
32.000 -0.031 
33.000 -0.032 
34.000 -0.032 
35.000 -0.033 
36.000 -0.034 
37.000 -0.035 
38.000 -0.035 
39.000 -0.036 
40.000 -0.037 
41.000 -0.037 
42.000 -0.038 
43.000 -0.039 
44.000 -0.040 
45.000 -0.041 
46.000 -0.041 
47.000 -0.042 
48.000 -0.043 
49.000 -0.043 
50.000 -0.044 
51.000 -0.045 
52.000 -0.045 
53.000 -0.046 
54.000 -0.047 
55.000 -0.047 
56.000 -0.048 
57.000 -0.048 
58.000 -0.049 
59.000 -0.050 
60.000 -0.050 
61.000 -0.051 
62.000 -0.051 
63.000 -0.052 
64.000 -0.052 
65.000 -0.053 
66.000 -0.054 
67.000 -0.054 
68.000 -0.055 
69.000 -0.055 
70.000 -0.056 
71.000 -0.056 
72.000 -0.057 
73.000 -0.057 
74.000 -0.057 
75.000 -0.058 
76.000 -0.058 
77.000 -0.059 
78.000 -0.059 
79.000 -0.060 
80.000 -0.060 
81.000 -0.061 
82.000 -0.061 
83.000 -0.061 
84.000 -0.062 
85.000 -0.062 
86.000 -0.063 
87.000 -0.063 
88.000 -0.063 
89.000 -0.064 
90.000 -0.064 
91.000 -0.065 
92.000 -0.065 
93.000 -0.065 
94.000 -0.066 
95.000 -0.066 
96.000 -0.066 
97.000 -0.067 
98.000 -0.067 
99.000 -0.068 
100.000 -0.068 
101.000 -0.068 
102.000 -0.069 
103.000 -0.069 
104.000 -0.069 
105.000 -0.070 
106.000 -0.070 
107.000 -0.070 
108.000 -0.071 
109.000 -0.071 
110.000 -0.071 
111.000 -0.071 
112.000 -0.072 
113.000 -0.072 
114.000 -0.072 
115.000 -0.073 
116.000 -0.073 
117.000 -0.073 
118.000 -0.073 
119.000 -0.074 
120.000 -0.074 
121.000 -0.074 
122.000 -0.075 
123.000 -0.075 
124.000 -0.075 
125.000 -0.075 
126.000 -0.076 
127.000 -0.075 
128.000 -0.075 
129.000 -0.074 
130.000 -0.074 
131.000 -0.074 
132.000 -0.074 
133.000 -0.074 
134.000 -0.074 
135.000 -0.074 
136.000 -0.075 
137.000 -0.075 
138.000 -0.075 
139.000 -0.075 
140.000 -0.075 
141.000 -0.075 
142.000 -0.075 
143.000 -0.075 
144.000 -0.075 
145.000 -0.075 
146.000 -0.075 
147.000 -0.075 
148.000 -0.075 
149.000 -0.075 
150.000 -0.075 
151.000 -0.075 
152.000 -0.075 
153.000 -0.075 
154.000 -0.075 
155.000 -0.075 
156.000 -0.075 
157.000 -0.075 
158.000 -0.075 
159.000 -0.075 
160.000 -0.075 
161.000 -0.075 
162.000 -0.075 
163.000 -0.075 
164.000 -0.075 
165.000 -0.075 
166.000 -0.075 
167.000 -0.075 
168.000 -0.075 
169.000 -0.075 
170.000 -0.075 
171.000 -0.075 
172.000 -0.075 
173.000 -0.075 
174.000 -0.075 
175.000 -0.075 
176.000 -0.075 
177.000 -0.075 
178.000 -0.075 
179.000 -0.075 
180.000 -0.076 
181.000 -0.076 
182.000 -0.076 
183.000 -0.076 
184.000 -0.076 
185.000 -0.076 
186.000 -0.076 
187.000 -0.076 
188.000 -0.076 
189.000 -0.076 
190.000 -0.076 
191.000 -0.076 
192.000 -0.076 
193.000 -0.076 
194.000 -0.076 
195.000 -0.076 
196.000 -0.076 
197.000 -0.076 
198.000 -0.076 
199.000 -0.076 
200.000 -0.076 
201.000 -0.076 
202.000 -0.076 
203.000 -0.076 
204.000 -0.076 
205.000 -0.076 
206.000 -0.076 
207.000 -0.076 
208.000 -0.076 
209.000 -0.076 
210.000 -0.076 
211.000 -0.076 
212.000 -0.076 
213.000 -0.076 
214.000 -0.076 
215.000 -0.076 
216.000 -0.076 
217.000 -0.076 
218.000 -0.076 
219.000 -0.076 
220.000 -0.076 
221.000 -0.076 
222.000 -0.076 
223.000 -0.076 
224.000 -0.076 
225.000 -0.076 
226.000 -0.076 
227.000 -0.076 
228.000 -0.076 
229.000 -0.076 
230.000 -0.076 
231.000 -0.076 
232.000 -0.076 
233.000 -0.076 
234.000 -0.076 
235.000 -0.076 
236.000 -0.076 
237.000 -0.076 
238.000 -0.076 
239.000 -0.076 
240.000 -0.076 
241.000 -0.076 
242.000 -0.077 
243.000 -0.077 
244.000 -0.077 
245.000 -0.077 
246.000 -0.076 
247.000 -0.073 
248.000 -0.069 
249.000 -0.063 
250.000 -0.059 
251.000 -0.055 
252.000 -0.053 
253.000 -0.051 
254.000 -0.051 
255.000 -0.051 
256.000 -0.051 
257.000 -0.051 
258.000 -0.050 
259.000 -0.048 
260.000 -0.046 
261.000 -0.043 
262.000 -0.041 
263.000 -0.038 
264.000 -0.034 
265.000 -0.032 
266.000 -0.029 
267.000 -0.026 
268.000 -0.024 
269.000 -0.022 
270.000 -0.020 
271.000 -0.017 
272.000 -0.015 
273.000 -0.013 
274.000 -0.010 
275.000 -0.007 
276.000 -0.004 
277.000 -0.001 
278.000 0.002 
279.000 0.005 
280.000 0.008 
281.000 0.011 
282.000 0.014 
283.000 0.017 
284.000 0.020 
285.000 0.023 
286.000 0.026 
287.000 0.030 
288.000 0.033 
289.000 0.036 
290.000 0.039 
291.000 0.042 
292.000 0.046 
293.000 0.049 
294.000 0.052 
295.000 0.056 
296.000 0.059 
297.000 0.062 
298.000 0.066 
299.000 0.069 
300.000 0.072 
301.000 0.076 
302.000 0.079 
303.000 0.082 
304.000 0.085 
305.000 0.089 
306.000 0.092 
307.000 0.095 
308.000 0.098 
309.000 0.102 
310.000 0.105 
311.000 0.108 
312.000 0.111 
313.000 0.114 
314.000 0.117 
315.000 0.120 
316.000 0.123 
317.000 0.126 
318.000 0.129 
319.000 0.132 
320.000 0.135 
321.000 0.138 
322.000 0.141 
323.000 0.144 
324.000 0.146 
325.000 0.149 
326.000 0.152 
327.000 0.154 
328.000 0.157 
329.000 0.159 
330.000 0.162 
331.000 0.164 
332.000 0.167 
333.000 0.169 
334.000 0.171 
335.000 0.174 
336.000 0.176 
337.000 0.178 
338.000 0.180 
339.000 0.182 
340.000 0.184 
341.000 0.186 
342.000 0.188 
343.000 0.190 
344.000 0.192 
345.000 0.194 
346.000 0.196 
347.000 0.198 
348.000 0.199 
349.000 0.201 
350.000 0.203 
351.000 0.204 
352.000 0.206 
353.000 0.207 
354.000 0.209 
355.000 0.210 
356.000 0.212 
357.000 0.213 
358.000 0.215 
359.000 0.216 
360.000 0.217 
361.000 0.218 
362.000 0.220 
363.000 0.221 
364.000 0.222 
365.000 0.223 
366.000 0.235 
367.000 0.265 
368.000 0.312 
369.000 0.369 
370.000 0.429 
371.000 0.487 
372.000 0.535 
373.000 0.571 
374.000 0.592 
375.000 0.600 
376.000 0.597 
377.000 0.587 
378.000 0.574 
379.000 0.563 
380.000 0.557 
381.000 0.558 
382.000 0.566 
383.000 0.582 
384.000 0.606 
385.000 0.634 
386.000 0.664 
387.000 0.695 
388.000 0.723 
389.000 0.748 
390.000 0.767 
391.000 0.779 
392.000 0.786 
393.000 0.789 
394.000 0.787 
395.000 0.784 
396.000 0.780 
397.000 0.777 
398.000 0.776 
399.000 0.778 
400.000 0.783 
401.000 0.791 
402.000 0.801 
403.000 0.813 
404.000 0.825 
405.000 0.836 
406.000 0.847 
407.000 0.855 
408.000 0.861 
409.000 0.865 
410.000 0.866 
411.000 0.866 
412.000 0.864 
413.000 0.862 
414.000 0.860 
415.000 0.859 
416.000 0.858 
417.000 0.859 
418.000 0.861 
419.000 0.864 
420.000 0.867 
421.000 0.872 
422.000 0.876 
423.000 0.880 
424.000 0.884 
425.000 0.886 
426.000 0.888 
427.000 0.889 
428.000 0.889 
429.000 0.889 
430.000 0.888 
431.000 0.887 
432.000 0.885 
433.000 0.885 
434.000 0.884 
435.000 0.884 
436.000 0.885 
437.000 0.886 
438.000 0.888 
439.000 0.889 
440.000 0.891 
441.000 0.892 
442.000 0.893 
443.000 0.894 
444.000 0.895 
445.000 0.895 
446.000 0.895 
447.000 0.894 
448.000 0.894 
449.000 0.893 
450.000 0.893 
451.000 0.892 
452.000 0.892 
453.000 0.892 
454.000 0.893 
455.000 0.893 
456.000 0.893 
457.000 0.894 
458.000 0.895 
459.000 0.895 
460.000 0.896 
461.000 0.896 
462.000 0.896 
463.000 0.896 
464.000 0.896 
465.000 0.896 
466.000 0.895 
467.000 0.895 
468.000 0.895 
469.000 0.895 
470.000 0.895 
471.000 0.895 
472.000 0.895 
473.000 0.895 
474.000 0.895 
475.000 0.895 
476.000 0.896 
477.000 0.896 
478.000 0.896 
479.000 0.896 
480.000 0.896 
481.000 0.896 
482.000 0.896 
483.000 0.896 
484.000 0.896 
485.000 0.896 
486.000 0.956 
487.000 1.113 
488.000 1.371 
489.000 1.708 
490.000 2.090 
491.000 2.491 
492.000 2.890 
493.000 3.273 
494.000 3.621 
495.000 3.907 
496.000 4.110 
497.000 4.220 
498.000 4.235 
499.000 4.166 
500.000 4.028 
501.000 3.845 
502.000 3.642 
503.000 3.441 
504.000 3.264 
505.000 3.125 
506.000 3.035 
507.000 2.998 
508.000 3.014 
509.000 3.079 
510.000 3.184 
511.000 3.319 
512.000 3.470 
513.000 3.625 
514.000 3.771 
515.000 3.895 
516.000 3.987 
517.000 4.041 
518.000 4.055 
519.000 4.027 
520.000 3.964 
521.000 3.872 
522.000 3.762 
523.000 3.644 
524.000 3.530 
525.000 3.429 
526.000 3.349 
527.000 3.295 
528.000 3.269 
529.000 3.273 
530.000 3.303 
531.000 3.355 
532.000 3.423 
533.000 3.501 
534.000 3.582 
535.000 3.658 
536.000 3.723 
537.000 3.772 
538.000 3.801 
539.000 3.810 
540.000 3.798 
541.000 3.768 
542.000 3.723 
543.000 3.669 
544.000 3.610 
545.000 3.553 
546.000 3.501 
547.000 3.460 
548.000 3.431 
549.000 3.418 
550.000 3.418 
551.000 3.433 
552.000 3.459 
553.000 3.494 
554.000 3.534 
555.000 3.575 
556.000 3.614 
557.000 3.647 
558.000 3.673 
559.000 3.688 
560.000 3.693 
561.000 3.688 
562.000 3.673 
563.000 3.651 
564.000 3.624 
565.000 3.594 
566.000 3.565 
567.000 3.539 
568.000 3.518 
569.000 3.503 
570.000 3.495 
571.000 3.495 
572.000 3.502 
573.000 3.515 
574.000 3.533 
575.000 3.553 
576.000 3.574 
577.000 3.594 
578.000 3.611 
579.000 3.624 
580.000 3.632 
581.000 3.635 
582.000 3.633 
583.000 3.626 
584.000 3.615 
585.000 3.601 
586.000 3.586 
587.000 3.571 
588.000 3.558 
589.000 3.547 
590.000 3.539 
591.000 3.535 
592.000 3.535 
593.000 3.538 
594.000 3.544 
595.000 3.553 
596.000 3.563 
597.000 3.574 
598.000 3.584 
599.000 3.593 
600.000 3.600 
601.000 3.604 
602.000 3.606 
603.000 3.605 
604.000 3.601 
605.000 3.596 
606.000 3.645 
607.000 3.752 
608.000 3.896 
609.000 4.061 
610.000 4.235 
611.000 4.408 
612.000 4.575 
613.000 4.731 
614.000 4.873 
615.000 5.001 
616.000 5.113 
617.000 5.211 
618.000 5.294 
619.000 5.364 
620.000 5.422 
621.000 5.470 
622.000 5.508 
623.000 5.539 
624.000 5.562 
625.000 5.580 
626.000 5.593 
627.000 5.602 
628.000 5.609 
629.000 5.613 
630.000 5.615 
631.000 5.616 
632.000 5.615 
633.000 5.614 
634.000 5.613 
635.000 5.611 
636.000 5.609 
637.000 5.607 
638.000 5.606 
639.000 5.604 
640.000 5.602 
641.000 5.601 
642.000 5.600 
643.000 5.599 
644.000 5.598 
645.000 5.597 
646.000 5.596 
647.000 5.596 
648.000 5.595 
649.000 5.595 
650.000 5.595 
651.000 5.594 
652.000 5.594 
653.000 5.594 
654.000 5.594 
655.000 5.594 
656.000 5.594 
657.000 5.594 
658.000 5.594 
659.000 5.594 
660.000 5.594 
661.000 5.594 
662.000 5.594 
663.000 5.594 
664.000 5.594 
665.000 5.594 
666.000 5.594 
667.000 5.594 
668.000 5.594 
669.000 5.594 
670.000 5.594 
671.000 5.594 
672.000 5.594 
673.000 5.594 
674.000 5.594 
675.000 5.594 
676.000 5.594 
677.000 5.594 
678.000 5.594 
679.000 5.594 
680.000 5.594 
681.000 5.594 
682.000 5.594 
683.000 5.594 
684.000 5.594 
685.000 5.594 
686.000 5.594 
687.000 5.594 
688.000 5.594 
689.000 5.594 
690.000 5.594 
691.000 5.594 
692.000 5.594 
693.000 5.594 
694.000 5.594 
695.000 5.594 
696.000 5.594 
697.000 5.594 
698.000 5.594 
699.000 5.594 
700.000 5.594 
701.000 5.594 
702.000 5.594 
703.000 5.594 
704.000 5.594 
705.000 5.594 
706.000 5.594 
707.000 5.594 
708.000 5.594 
709.000 5.594 
710.000 5.594 
711.000 5.594 
712.000 5.594 
713.000 5.594 
714.000 5.594 
715.000 5.594 
716.000 5.594 
717.000 5.594 
718.000 5.594 
719.000 5.594 
720.000 5.594 
721.000 5.594 
722.000 5.594 
723.000 5.594 
724.000 5.594 
725.000 5.594 
726.000 5.594 
727.000 5.594 
728.000 5.594 
729.000 5.594 
730.000 5.594 
731.000 5.594 
732.000 5.594 
733.000 5.594 
734.000 5.594 
735.000 5.594 
736.000 5.594 
737.000 5.594 
738.000 5.594 
739.000 5.594 
740.000 5.594 
741.000 5.594 
742.000 5.594 
743.000 5.594 
744.000 5.594 
745.000 5.594 
746.000 5.594 
747.000 5.594 
748.000 5.594 
749.000 5.594 
750.000 5.594 
751.000 5.594 
752.000 5.594 
753.000 5.594 
754.000 5.594 
755.000 5.594 
756.000 5.594 
757.000 5.594 
758.000 5.594 
759.000 5.594 
760.000 5.594 
761.000 5.594 
762.000 5.594 
763.000 5.594 
764.000 5.594 
765.000 5.594 
766.000 5.594 
767.000 5.594 
768.000 5.594 
769.000 5.594 
770.000 5.594 
771.000 5.594 
772.000 5.594 
773.000 5.594 
774.000 5.594 
775.000 5.594 
776.000 5.594 
777.000 5.594 
778.000 5.594 
779.000 5.594 
780.000 5.594 
781.000 5.594 
782.000 5.594 
783.000 5.594 
784.000 5.594 
785.000 5.594 
786.000 5.594 
787.000 5.594 
788.000 5.594 
789.000 5.594 
790.000 5.594 
791.000 5.594 
792.000 5.594 
793.000 5.594 
794.000 5.594 
795.000 5.594 
796.000 5.594 
797.000 5.594 
798.000 5.594 
799.000 5.594 
800.000 5.594 
