1.000 0.000 
2.000 0.000 
3.000 0.000 
4.000 0.000 
5.000 0.000 
6.000 0.000 
7.000 0.000 
8.000 0.000 
9.000 0.000 
10.000 0.000 
11.000 0.000 
12.000 -0.006 
13.000 -0.018 
14.000 -0.028 
15.000 -0.033 
16.000 -0.032 
17.000 -0.027 
18.000 -0.020 
19.000 -0.015 
20.000 -0.015 
21.000 -0.020 
22.000 -0.027 
23.000 -0.034 
24.000 -0.039 
25.000 -0.040 
26.000 -0.038 
27.000 -0.035 
28.000 -0.033 
29.000 -0.032 
30.000 -0.034 
31.000 -0.038 
32.000 -0.042 
33.000 -0.045 
34.000 -0.047 
35.000 -0.047 
36.000 -0.045 
37.000 -0.044 
38.000 -0.044 
39.000 -0.045 
40.000 -0.047 
41.000 -0.050 
42.000 -0.052 
43.000 -0.053 
44.000 -0.053 
45.000 -0.053 
46.000 -0.053 
47.000 -0.053 
48.000 -0.054 
49.000 -0.055 
50.000 -0.056 
51.000 -0.058 
52.000 -0.059 
53.000 -0.059 
54.000 -0.059 
55.000 -0.059 
56.000 -0.060 
57.000 -0.060 
58.000 -0.061 
59.000 -0.062 
60.000 -0.063 
61.000 -0.064 
62.000 -0.064 
63.000 -0.065 
64.000 -0.065 
65.000 -0.065 
66.000 -0.066 
67.000 -0.066 
68.000 -0.067 
69.000 -0.068 
70.000 -0.068 
71.000 -0.069 
72.000 -0.069 
73.000 -0.069 
74.000 -0.070 
75.000 -0.070 
76.000 -0.071 
77.000 -0.071 
78.000 -0.072 
79.000 -0.072 
80.000 -0.073 
81.000 -0.073 
82.000 -0.073 
83.000 -0.074 
84.000 -0.074 
85.000 -0.075 
86.000 -0.075 
87.000 -0.075 
88.000 -0.076 
89.000 -0.076 
90.000 -0.077 
91.000 -0.077 
92.000 -0.077 
93.000 -0.078 
94.000 -0.078 
95.000 -0.078 
96.000 -0.079 
97.000 -0.079 
98.000 -0.079 
99.000 -0.080 
100.000 -0.080 
101.000 -0.080 
102.000 -0.081 
103.000 -0.081 
104.000 -0.081 
105.000 -0.082 
106.000 -0.082 
107.000 -0.082 
108.000 -0.082 
109.000 -0.083 
110.000 -0.083 
111.000 -0.083 
112.000 -0.084 
113.000 -0.084 
114.000 -0.084 
115.000 -0.084 
116.000 -0.085 
117.000 -0.085 
118.000 -0.085 
119.000 -0.085 
120.000 -0.086 
121.000 -0.086 
122.000 -0.086 
123.000 -0.086 
124.000 -0.087 
125.000 -0.087 
126.000 -0.087 
127.000 -0.085 
128.000 -0.083 
129.000 -0.082 
130.000 -0.083 
131.000 -0.084 
132.000 -0.086 
133.000 -0.087 
134.000 -0.087 
135.000 -0.086 
136.000 -0.085 
137.000 -0.084 
138.000 -0.084 
139.000 -0.084 
140.000 -0.085 
141.000 -0.085 
142.000 -0.086 
143.000 -0.086 
144.000 -0.085 
145.000 -0.085 
146.000 -0.084 
147.000 -0.084 
148.000 -0.084 
149.000 -0.085 
150.000 -0.085 
151.000 -0.085 
152.000 -0.085 
153.000 -0.085 
154.000 -0.085 
155.000 -0.084 
156.000 -0.084 
157.000 -0.084 
158.000 -0.084 
159.000 -0.085 
160.000 -0.085 
161.000 -0.085 
162.000 -0.085 
163.000 -0.084 
164.000 -0.084 
165.000 -0.084 
166.000 -0.084 
167.000 -0.084 
168.000 -0.084 
169.000 -0.084 
170.000 -0.084 
171.000 -0.084 
172.000 -0.084 
173.000 -0.084 
174.000 -0.084 
175.000 -0.084 
176.000 -0.084 
177.000 -0.084 
178.000 -0.084 
179.000 -0.084 
180.000 -0.084 
181.000 -0.084 
182.000 -0.084 
183.000 -0.084 
184.000 -0.084 
185.000 -0.084 
186.000 -0.084 
187.000 -0.084 
188.000 -0.084 
189.000 -0.084 
190.000 -0.084 
191.000 -0.084 
192.000 -0.084 
193.000 -0.084 
194.000 -0.084 
195.000 -0.084 
196.000 -0.084 
197.000 -0.084 
198.000 -0.084 
199.000 -0.084 
200.000 -0.084 
201.000 -0.084 
202.000 -0.084 
203.000 -0.084 
204.000 -0.084 
205.000 -0.084 
206.000 -0.084 
207.000 -0.084 
208.000 -0.084 
209.000 -0.084 
210.000 -0.084 
211.000 -0.083 
212.000 -0.083 
213.000 -0.083 
214.000 -0.083 
215.000 -0.083 
216.000 -0.083 
217.000 -0.083 
218.000 -0.083 
219.000 -0.083 
220.000 -0.083 
221.000 -0.083 
222.000 -0.083 
223.000 -0.083 
224.000 -0.083 
225.000 -0.083 
226.000 -0.083 
227.000 -0.083 
228.000 -0.083 
229.000 -0.083 
230.000 -0.083 
231.000 -0.083 
232.000 -0.083 
233.000 -0.083 
234.000 -0.083 
235.000 -0.083 
236.000 -0.083 
237.000 -0.083 
238.000 -0.083 
239.000 -0.083 
240.000 -0.083 
241.000 -0.083 
242.000 -0.083 
243.000 -0.083 
244.000 -0.083 
245.000 -0.083 
246.000 -0.079 
247.000 -0.059 
248.000 -0.040 
249.000 -0.033 
250.000 -0.038 
251.000 -0.049 
252.000 -0.060 
253.000 -0.066 
254.000 -0.065 
255.000 -0.056 
256.000 -0.041 
257.000 -0.026 
258.000 -0.018 
259.000 -0.017 
260.000 -0.023 
261.000 -0.030 
262.000 -0.035 
263.000 -0.034 
264.000 -0.027 
265.000 -0.015 
266.000 -0.002 
267.000 0.009 
268.000 0.013 
269.000 0.012 
270.000 0.009 
271.000 0.005 
272.000 0.005 
273.000 0.010 
274.000 0.019 
275.000 0.030 
276.000 0.041 
277.000 0.049 
278.000 0.053 
279.000 0.053 
280.000 0.051 
281.000 0.050 
282.000 0.052 
283.000 0.058 
284.000 0.067 
285.000 0.077 
286.000 0.086 
287.000 0.093 
288.000 0.096 
289.000 0.097 
290.000 0.097 
291.000 0.097 
292.000 0.100 
293.000 0.105 
294.000 0.113 
295.000 0.121 
296.000 0.129 
297.000 0.135 
298.000 0.138 
299.000 0.139 
300.000 0.140 
301.000 0.140 
302.000 0.142 
303.000 0.146 
304.000 0.152 
305.000 0.159 
306.000 0.165 
307.000 0.170 
308.000 0.173 
309.000 0.175 
310.000 0.175 
311.000 0.176 
312.000 0.177 
313.000 0.180 
314.000 0.184 
315.000 0.188 
316.000 0.194 
317.000 0.198 
318.000 0.201 
319.000 0.202 
320.000 0.203 
321.000 0.203 
322.000 0.203 
323.000 0.205 
324.000 0.207 
325.000 0.211 
326.000 0.214 
327.000 0.218 
328.000 0.220 
329.000 0.222 
330.000 0.222 
331.000 0.222 
332.000 0.222 
333.000 0.223 
334.000 0.224 
335.000 0.226 
336.000 0.229 
337.000 0.232 
338.000 0.234 
339.000 0.235 
340.000 0.236 
341.000 0.236 
342.000 0.236 
343.000 0.236 
344.000 0.236 
345.000 0.237 
346.000 0.239 
347.000 0.241 
348.000 0.243 
349.000 0.244 
350.000 0.245 
351.000 0.245 
352.000 0.245 
353.000 0.244 
354.000 0.244 
355.000 0.245 
356.000 0.246 
357.000 0.247 
358.000 0.249 
359.000 0.250 
360.000 0.250 
361.000 0.251 
362.000 0.250 
363.000 0.250 
364.000 0.250 
365.000 0.250 
366.000 0.315 
367.000 0.464 
368.000 0.640 
369.000 0.773 
370.000 0.819 
371.000 0.771 
372.000 0.657 
373.000 0.528 
374.000 0.425 
375.000 0.374 
376.000 0.390 
377.000 0.478 
378.000 0.622 
379.000 0.790 
380.000 0.935 
381.000 1.010 
382.000 0.991 
383.000 0.893 
384.000 0.759 
385.000 0.633 
386.000 0.548 
387.000 0.523 
388.000 0.569 
389.000 0.678 
390.000 0.828 
391.000 0.980 
392.000 1.087 
393.000 1.114 
394.000 1.053 
395.000 0.930 
396.000 0.790 
397.000 0.672 
398.000 0.603 
399.000 0.600 
400.000 0.665 
401.000 0.786 
402.000 0.935 
403.000 1.070 
404.000 1.147 
405.000 1.140 
406.000 1.052 
407.000 0.918 
408.000 0.780 
409.000 0.674 
410.000 0.624 
411.000 0.640 
412.000 0.723 
413.000 0.853 
414.000 0.998 
415.000 1.115 
416.000 1.166 
417.000 1.131 
418.000 1.025 
419.000 0.886 
420.000 0.756 
421.000 0.665 
422.000 0.634 
423.000 0.670 
424.000 0.767 
425.000 0.903 
426.000 1.042 
427.000 1.141 
428.000 1.166 
429.000 1.107 
430.000 0.989 
431.000 0.850 
432.000 0.730 
433.000 0.655 
434.000 0.644 
435.000 0.698 
436.000 0.808 
437.000 0.947 
438.000 1.076 
439.000 1.155 
440.000 1.155 
441.000 1.076 
442.000 0.949 
443.000 0.814 
444.000 0.706 
445.000 0.650 
446.000 0.657 
447.000 0.729 
448.000 0.849 
449.000 0.987 
450.000 1.104 
451.000 1.161 
452.000 1.136 
453.000 1.041 
454.000 0.909 
455.000 0.780 
456.000 0.687 
457.000 0.648 
458.000 0.675 
459.000 0.762 
460.000 0.889 
461.000 1.023 
462.000 1.125 
463.000 1.159 
464.000 1.112 
465.000 1.004 
466.000 0.871 
467.000 0.751 
468.000 0.672 
469.000 0.653 
470.000 0.697 
471.000 0.797 
472.000 0.928 
473.000 1.056 
474.000 1.139 
475.000 1.150 
476.000 1.084 
477.000 0.965 
478.000 0.834 
479.000 0.725 
480.000 0.663 
481.000 0.662 
482.000 0.723 
483.000 0.834 
484.000 0.966 
485.000 1.083 
486.000 1.284 
487.000 1.585 
488.000 1.947 
489.000 2.339 
490.000 2.738 
491.000 3.126 
492.000 3.492 
493.000 3.829 
494.000 4.134 
495.000 4.404 
496.000 4.639 
497.000 4.841 
498.000 5.012 
499.000 4.936 
500.000 4.522 
501.000 4.069 
502.000 3.744 
503.000 3.574 
504.000 3.529 
505.000 3.574 
506.000 3.680 
507.000 3.827 
508.000 3.996 
509.000 4.175 
510.000 4.354 
511.000 4.528 
512.000 4.690 
513.000 4.838 
514.000 4.971 
515.000 5.089 
516.000 5.191 
517.000 5.278 
518.000 5.351 
519.000 5.412 
520.000 5.462 
521.000 5.503 
522.000 5.277 
523.000 4.708 
524.000 4.144 
525.000 3.752 
526.000 3.540 
527.000 3.466 
528.000 3.492 
529.000 3.589 
530.000 3.732 
531.000 3.902 
532.000 4.085 
533.000 4.271 
534.000 4.452 
535.000 4.622 
536.000 4.779 
537.000 4.920 
538.000 5.045 
539.000 5.154 
540.000 5.247 
541.000 5.326 
542.000 5.392 
543.000 5.447 
544.000 5.490 
545.000 5.525 
546.000 5.553 
547.000 4.552 
548.000 3.146 
549.000 2.005 
550.000 1.203 
551.000 0.740 
552.000 0.581 
553.000 0.653 
554.000 0.888 
555.000 1.229 
556.000 1.632 
557.000 2.065 
558.000 2.502 
559.000 2.926 
560.000 3.326 
561.000 3.693 
562.000 4.023 
563.000 4.316 
564.000 4.570 
565.000 4.788 
566.000 4.973 
567.000 5.127 
568.000 5.253 
569.000 5.355 
570.000 5.436 
571.000 5.499 
572.000 5.548 
573.000 5.584 
574.000 5.610 
575.000 5.627 
576.000 5.639 
577.000 5.645 
578.000 5.648 
579.000 5.648 
580.000 4.137 
581.000 2.606 
582.000 1.482 
583.000 0.704 
584.000 0.263 
585.000 0.127 
586.000 0.234 
587.000 0.508 
588.000 0.891 
589.000 1.337 
590.000 1.810 
591.000 2.286 
592.000 2.746 
593.000 3.177 
594.000 3.572 
595.000 3.927 
596.000 4.240 
597.000 4.512 
598.000 4.745 
599.000 4.941 
600.000 5.104 
601.000 5.238 
602.000 5.346 
603.000 5.432 
604.000 5.499 
605.000 5.549 
606.000 5.587 
607.000 5.614 
608.000 5.632 
609.000 5.644 
610.000 5.650 
611.000 5.653 
612.000 5.652 
613.000 5.650 
614.000 5.646 
615.000 5.641 
616.000 5.636 
617.000 5.631 
618.000 5.626 
619.000 5.621 
620.000 5.617 
621.000 5.613 
622.000 5.610 
623.000 5.607 
624.000 5.604 
625.000 5.602 
626.000 5.600 
627.000 5.598 
628.000 5.597 
629.000 5.596 
630.000 5.595 
631.000 5.595 
632.000 5.594 
633.000 5.594 
634.000 5.594 
635.000 5.594 
636.000 5.594 
637.000 5.594 
638.000 5.594 
639.000 5.594 
640.000 5.594 
641.000 5.594 
642.000 5.594 
643.000 5.594 
644.000 5.594 
645.000 5.594 
646.000 5.594 
647.000 5.594 
648.000 5.594 
649.000 5.594 
650.000 5.594 
651.000 5.594 
652.000 5.594 
653.000 5.594 
654.000 5.594 
655.000 5.594 
656.000 5.594 
657.000 5.594 
658.000 5.594 
659.000 5.594 
660.000 5.594 
661.000 5.594 
662.000 5.594 
663.000 5.594 
664.000 5.594 
665.000 5.594 
666.000 5.594 
667.000 5.594 
668.000 5.594 
669.000 5.594 
670.000 5.594 
671.000 5.594 
672.000 5.594 
673.000 5.594 
674.000 5.594 
675.000 5.594 
676.000 5.594 
677.000 5.594 
678.000 5.594 
679.000 5.594 
680.000 5.594 
681.000 5.594 
682.000 5.594 
683.000 5.594 
684.000 5.594 
685.000 5.594 
686.000 5.594 
687.000 5.594 
688.000 5.594 
689.000 5.594 
690.000 5.594 
691.000 5.594 
692.000 5.594 
693.000 5.594 
694.000 5.594 
695.000 5.594 
696.000 5.594 
697.000 5.594 
698.000 5.594 
699.000 5.594 
700.000 5.594 
701.000 5.594 
702.000 5.594 
703.000 5.594 
704.000 5.594 
705.000 5.594 
706.000 5.594 
707.000 5.594 
708.000 5.594 
709.000 5.594 
710.000 5.594 
711.000 5.594 
712.000 5.594 
713.000 5.594 
714.000 5.594 
715.000 5.594 
716.000 5.594 
717.000 5.594 
718.000 5.594 
719.000 5.594 
720.000 5.594 
721.000 5.594 
722.000 5.594 
723.000 5.594 
724.000 5.594 
725.000 5.594 
726.000 5.594 
727.000 5.594 
728.000 5.594 
729.000 5.594 
730.000 5.594 
731.000 5.594 
732.000 5.594 
733.000 5.594 
734.000 5.594 
735.000 5.594 
736.000 5.594 
737.000 5.594 
738.000 5.594 
739.000 5.594 
740.000 5.594 
741.000 5.594 
742.000 5.594 
743.000 5.594 
744.000 5.594 
745.000 5.594 
746.000 5.594 
747.000 5.594 
748.000 5.594 
749.000 5.594 
750.000 5.594 
751.000 5.594 
752.000 5.594 
753.000 5.594 
754.000 5.594 
755.000 5.594 
756.000 5.594 
757.000 5.594 
758.000 5.594 
759.000 5.594 
760.000 5.594 
761.000 5.594 
762.000 5.594 
763.000 5.594 
764.000 5.594 
765.000 5.594 
766.000 5.594 
767.000 5.594 
768.000 5.594 
769.000 5.594 
770.000 5.594 
771.000 5.594 
772.000 5.594 
773.000 5.594 
774.000 5.594 
775.000 5.594 
776.000 5.594 
777.000 5.594 
778.000 5.594 
779.000 5.594 
780.000 5.594 
781.000 5.594 
782.000 5.594 
783.000 5.594 
784.000 5.594 
785.000 5.594 
786.000 5.594 
787.000 5.594 
788.000 5.594 
789.000 5.594 
790.000 5.594 
791.000 5.594 
792.000 5.594 
793.000 5.594 
794.000 5.594 
795.000 5.594 
796.000 5.594 
797.000 5.594 
798.000 5.594 
799.000 5.594 
800.000 5.594 
