1.000 0.000 
2.000 0.000 
3.000 0.000 
4.000 0.000 
5.000 0.000 
6.000 0.000 
7.000 0.000 
8.000 0.000 
9.000 0.000 
10.000 0.000 
11.000 0.000 
12.000 -0.003 
13.000 -0.008 
14.000 -0.013 
15.000 -0.016 
16.000 -0.019 
17.000 -0.019 
18.000 -0.019 
19.000 -0.019 
20.000 -0.019 
21.000 -0.019 
22.000 -0.020 
23.000 -0.021 
24.000 -0.023 
25.000 -0.024 
26.000 -0.025 
27.000 -0.027 
28.000 -0.028 
29.000 -0.029 
30.000 -0.030 
31.000 -0.030 
32.000 -0.031 
33.000 -0.032 
34.000 -0.033 
35.000 -0.034 
36.000 -0.035 
37.000 -0.036 
38.000 -0.036 
39.000 -0.037 
40.000 -0.038 
41.000 -0.039 
42.000 -0.040 
43.000 -0.040 
44.000 -0.041 
45.000 -0.042 
46.000 -0.043 
47.000 -0.043 
48.000 -0.044 
49.000 -0.045 
50.000 -0.045 
51.000 -0.046 
52.000 -0.047 
53.000 -0.047 
54.000 -0.048 
55.000 -0.048 
56.000 -0.049 
57.000 -0.050 
58.000 -0.050 
59.000 -0.051 
60.000 -0.051 
61.000 -0.052 
62.000 -0.053 
63.000 -0.053 
64.000 -0.054 
65.000 -0.054 
66.000 -0.055 
67.000 -0.055 
68.000 -0.056 
69.000 -0.056 
70.000 -0.057 
71.000 -0.057 
72.000 -0.058 
73.000 -0.058 
74.000 -0.059 
75.000 -0.059 
76.000 -0.060 
77.000 -0.060 
78.000 -0.060 
79.000 -0.061 
80.000 -0.061 
81.000 -0.062 
82.000 -0.062 
83.000 -0.063 
84.000 -0.063 
85.000 -0.063 
86.000 -0.064 
87.000 -0.064 
88.000 -0.065 
89.000 -0.065 
90.000 -0.065 
91.000 -0.066 
92.000 -0.066 
93.000 -0.067 
94.000 -0.067 
95.000 -0.067 
96.000 -0.068 
97.000 -0.068 
98.000 -0.068 
99.000 -0.069 
100.000 -0.069 
101.000 -0.069 
102.000 -0.070 
103.000 -0.070 
104.000 -0.070 
105.000 -0.071 
106.000 -0.071 
107.000 -0.071 
108.000 -0.072 
109.000 -0.072 
110.000 -0.072 
111.000 -0.073 
112.000 -0.073 
113.000 -0.073 
114.000 -0.073 
115.000 -0.074 
116.000 -0.074 
117.000 -0.074 
118.000 -0.075 
119.000 -0.075 
120.000 -0.075 
121.000 -0.075 
122.000 -0.076 
123.000 -0.076 
124.000 -0.076 
125.000 -0.076 
126.000 -0.076 
127.000 -0.076 
128.000 -0.075 
129.000 -0.075 
130.000 -0.075 
131.000 -0.075 
132.000 -0.075 
133.000 -0.075 
134.000 -0.076 
135.000 -0.076 
136.000 -0.076 
137.000 -0.076 
138.000 -0.076 
139.000 -0.076 
140.000 -0.076 
141.000 -0.076 
142.000 -0.076 
143.000 -0.076 
144.000 -0.076 
145.000 -0.076 
146.000 -0.076 
147.000 -0.076 
148.000 -0.076 
149.000 -0.076 
150.000 -0.076 
151.000 -0.076 
152.000 -0.076 
153.000 -0.076 
154.000 -0.076 
155.000 -0.076 
156.000 -0.076 
157.000 -0.076 
158.000 -0.076 
159.000 -0.076 
160.000 -0.076 
161.000 -0.076 
162.000 -0.076 
163.000 -0.076 
164.000 -0.076 
165.000 -0.076 
166.000 -0.076 
167.000 -0.076 
168.000 -0.076 
169.000 -0.076 
170.000 -0.076 
171.000 -0.076 
172.000 -0.076 
173.000 -0.076 
174.000 -0.076 
175.000 -0.076 
176.000 -0.076 
177.000 -0.076 
178.000 -0.076 
179.000 -0.076 
180.000 -0.076 
181.000 -0.076 
182.000 -0.076 
183.000 -0.076 
184.000 -0.076 
185.000 -0.076 
186.000 -0.076 
187.000 -0.076 
188.000 -0.076 
189.000 -0.076 
190.000 -0.076 
191.000 -0.076 
192.000 -0.076 
193.000 -0.076 
194.000 -0.076 
195.000 -0.076 
196.000 -0.077 
197.000 -0.077 
198.000 -0.077 
199.000 -0.077 
200.000 -0.077 
201.000 -0.077 
202.000 -0.077 
203.000 -0.077 
204.000 -0.077 
205.000 -0.077 
206.000 -0.077 
207.000 -0.077 
208.000 -0.077 
209.000 -0.077 
210.000 -0.077 
211.000 -0.077 
212.000 -0.077 
213.000 -0.077 
214.000 -0.077 
215.000 -0.077 
216.000 -0.077 
217.000 -0.077 
218.000 -0.077 
219.000 -0.077 
220.000 -0.077 
221.000 -0.077 
222.000 -0.077 
223.000 -0.077 
224.000 -0.077 
225.000 -0.077 
226.000 -0.077 
227.000 -0.077 
228.000 -0.077 
229.000 -0.077 
230.000 -0.077 
231.000 -0.077 
232.000 -0.077 
233.000 -0.077 
234.000 -0.077 
235.000 -0.077 
236.000 -0.077 
237.000 -0.077 
238.000 -0.077 
239.000 -0.077 
240.000 -0.077 
241.000 -0.077 
242.000 -0.077 
243.000 -0.077 
244.000 -0.077 
245.000 -0.077 
246.000 -0.075 
247.000 -0.069 
248.000 -0.062 
249.000 -0.057 
250.000 -0.055 
251.000 -0.054 
252.000 -0.055 
253.000 -0.055 
254.000 -0.055 
255.000 -0.054 
256.000 -0.052 
257.000 -0.050 
258.000 -0.047 
259.000 -0.044 
260.000 -0.042 
261.000 -0.039 
262.000 -0.037 
263.000 -0.035 
264.000 -0.033 
265.000 -0.030 
266.000 -0.028 
267.000 -0.026 
268.000 -0.023 
269.000 -0.020 
270.000 -0.018 
271.000 -0.015 
272.000 -0.012 
273.000 -0.009 
274.000 -0.006 
275.000 -0.003 
276.000 -0.000 
277.000 0.003 
278.000 0.006 
279.000 0.009 
280.000 0.012 
281.000 0.015 
282.000 0.018 
283.000 0.021 
284.000 0.024 
285.000 0.028 
286.000 0.031 
287.000 0.034 
288.000 0.037 
289.000 0.041 
290.000 0.044 
291.000 0.048 
292.000 0.051 
293.000 0.054 
294.000 0.058 
295.000 0.061 
296.000 0.064 
297.000 0.068 
298.000 0.071 
299.000 0.075 
300.000 0.078 
301.000 0.081 
302.000 0.085 
303.000 0.088 
304.000 0.091 
305.000 0.095 
306.000 0.098 
307.000 0.101 
308.000 0.105 
309.000 0.108 
310.000 0.111 
311.000 0.114 
312.000 0.117 
313.000 0.121 
314.000 0.124 
315.000 0.127 
316.000 0.130 
317.000 0.133 
318.000 0.136 
319.000 0.139 
320.000 0.141 
321.000 0.144 
322.000 0.147 
323.000 0.150 
324.000 0.152 
325.000 0.155 
326.000 0.158 
327.000 0.160 
328.000 0.163 
329.000 0.165 
330.000 0.168 
331.000 0.170 
332.000 0.172 
333.000 0.175 
334.000 0.177 
335.000 0.179 
336.000 0.181 
337.000 0.184 
338.000 0.186 
339.000 0.188 
340.000 0.190 
341.000 0.192 
342.000 0.193 
343.000 0.195 
344.000 0.197 
345.000 0.199 
346.000 0.201 
347.000 0.202 
348.000 0.204 
349.000 0.206 
350.000 0.207 
351.000 0.209 
352.000 0.210 
353.000 0.212 
354.000 0.213 
355.000 0.214 
356.000 0.216 
357.000 0.217 
358.000 0.218 
359.000 0.220 
360.000 0.221 
361.000 0.222 
362.000 0.223 
363.000 0.224 
364.000 0.225 
365.000 0.226 
366.000 0.255 
367.000 0.313 
368.000 0.382 
369.000 0.446 
370.000 0.498 
371.000 0.534 
372.000 0.552 
373.000 0.556 
374.000 0.551 
375.000 0.543 
376.000 0.537 
377.000 0.536 
378.000 0.542 
379.000 0.556 
380.000 0.576 
381.000 0.601 
382.000 0.627 
383.000 0.653 
384.000 0.677 
385.000 0.697 
386.000 0.713 
387.000 0.724 
388.000 0.732 
389.000 0.738 
390.000 0.743 
391.000 0.747 
392.000 0.752 
393.000 0.758 
394.000 0.766 
395.000 0.774 
396.000 0.783 
397.000 0.793 
398.000 0.802 
399.000 0.810 
400.000 0.818 
401.000 0.824 
402.000 0.829 
403.000 0.833 
404.000 0.836 
405.000 0.839 
406.000 0.842 
407.000 0.845 
408.000 0.847 
409.000 0.850 
410.000 0.853 
411.000 0.856 
412.000 0.859 
413.000 0.862 
414.000 0.865 
415.000 0.868 
416.000 0.870 
417.000 0.872 
418.000 0.874 
419.000 0.875 
420.000 0.876 
421.000 0.877 
422.000 0.878 
423.000 0.879 
424.000 0.880 
425.000 0.882 
426.000 0.883 
427.000 0.884 
428.000 0.885 
429.000 0.885 
430.000 0.886 
431.000 0.887 
432.000 0.888 
433.000 0.888 
434.000 0.889 
435.000 0.889 
436.000 0.890 
437.000 0.890 
438.000 0.890 
439.000 0.891 
440.000 0.891 
441.000 0.892 
442.000 0.892 
443.000 0.892 
444.000 0.892 
445.000 0.893 
446.000 0.893 
447.000 0.893 
448.000 0.893 
449.000 0.894 
450.000 0.894 
451.000 0.894 
452.000 0.894 
453.000 0.894 
454.000 0.894 
455.000 0.894 
456.000 0.894 
457.000 0.895 
458.000 0.895 
459.000 0.895 
460.000 0.895 
461.000 0.895 
462.000 0.895 
463.000 0.895 
464.000 0.895 
465.000 0.895 
466.000 0.895 
467.000 0.895 
468.000 0.895 
469.000 0.895 
470.000 0.895 
471.000 0.895 
472.000 0.896 
473.000 0.896 
474.000 0.896 
475.000 0.896 
476.000 0.896 
477.000 0.896 
478.000 0.896 
479.000 0.896 
480.000 0.896 
481.000 0.896 
482.000 0.896 
483.000 0.896 
484.000 0.896 
485.000 0.896 
486.000 1.011 
487.000 1.263 
488.000 1.602 
489.000 1.990 
490.000 2.398 
491.000 2.806 
492.000 3.199 
493.000 3.525 
494.000 3.758 
495.000 3.897 
496.000 3.954 
497.000 3.941 
498.000 3.880 
499.000 3.791 
500.000 3.693 
501.000 3.602 
502.000 3.529 
503.000 3.480 
504.000 3.458 
505.000 3.462 
506.000 3.487 
507.000 3.528 
508.000 3.577 
509.000 3.628 
510.000 3.674 
511.000 3.710 
512.000 3.733 
513.000 3.742 
514.000 3.737 
515.000 3.719 
516.000 3.693 
517.000 3.661 
518.000 3.628 
519.000 3.596 
520.000 3.569 
521.000 3.548 
522.000 3.535 
523.000 3.529 
524.000 3.531 
525.000 3.538 
526.000 3.548 
527.000 3.561 
528.000 3.574 
529.000 3.586 
530.000 3.595 
531.000 3.601 
532.000 3.604 
533.000 3.603 
534.000 3.600 
535.000 3.595 
536.000 3.588 
537.000 3.582 
538.000 3.575 
539.000 3.570 
540.000 3.566 
541.000 3.564 
542.000 3.563 
543.000 3.564 
544.000 3.566 
545.000 3.569 
546.000 3.573 
547.000 3.576 
548.000 3.578 
549.000 3.580 
550.000 3.582 
551.000 3.582 
552.000 3.582 
553.000 3.581 
554.000 3.580 
555.000 3.578 
556.000 3.577 
557.000 3.575 
558.000 3.574 
559.000 3.573 
560.000 3.573 
561.000 3.573 
562.000 3.573 
563.000 3.574 
564.000 3.575 
565.000 3.575 
566.000 3.576 
567.000 3.577 
568.000 3.577 
569.000 3.577 
570.000 3.577 
571.000 3.577 
572.000 3.577 
573.000 3.577 
574.000 3.576 
575.000 3.576 
576.000 3.576 
577.000 3.576 
578.000 3.575 
579.000 3.575 
580.000 3.575 
581.000 3.575 
582.000 3.576 
583.000 3.576 
584.000 3.576 
585.000 3.576 
586.000 3.576 
587.000 3.576 
588.000 3.576 
589.000 3.576 
590.000 3.576 
591.000 3.576 
592.000 3.576 
593.000 3.576 
594.000 3.576 
595.000 3.576 
596.000 3.576 
597.000 3.576 
598.000 3.576 
599.000 3.576 
600.000 3.576 
601.000 3.576 
602.000 3.576 
603.000 3.576 
604.000 3.576 
605.000 3.576 
606.000 3.631 
607.000 3.743 
608.000 3.891 
609.000 4.059 
610.000 4.235 
611.000 4.410 
612.000 4.578 
613.000 4.734 
614.000 4.877 
615.000 5.005 
616.000 5.117 
617.000 5.214 
618.000 5.297 
619.000 5.367 
620.000 5.425 
621.000 5.472 
622.000 5.510 
623.000 5.540 
624.000 5.563 
625.000 5.581 
626.000 5.594 
627.000 5.603 
628.000 5.609 
629.000 5.613 
630.000 5.615 
631.000 5.616 
632.000 5.615 
633.000 5.614 
634.000 5.613 
635.000 5.611 
636.000 5.609 
637.000 5.607 
638.000 5.606 
639.000 5.604 
640.000 5.602 
641.000 5.601 
642.000 5.600 
643.000 5.599 
644.000 5.598 
645.000 5.597 
646.000 5.596 
647.000 5.596 
648.000 5.595 
649.000 5.595 
650.000 5.595 
651.000 5.594 
652.000 5.594 
653.000 5.594 
654.000 5.594 
655.000 5.594 
656.000 5.594 
657.000 5.594 
658.000 5.594 
659.000 5.594 
660.000 5.594 
661.000 5.594 
662.000 5.594 
663.000 5.594 
664.000 5.594 
665.000 5.594 
666.000 5.594 
667.000 5.594 
668.000 5.594 
669.000 5.594 
670.000 5.594 
671.000 5.594 
672.000 5.594 
673.000 5.594 
674.000 5.594 
675.000 5.594 
676.000 5.594 
677.000 5.594 
678.000 5.594 
679.000 5.594 
680.000 5.594 
681.000 5.594 
682.000 5.594 
683.000 5.594 
684.000 5.594 
685.000 5.594 
686.000 5.594 
687.000 5.594 
688.000 5.594 
689.000 5.594 
690.000 5.594 
691.000 5.594 
692.000 5.594 
693.000 5.594 
694.000 5.594 
695.000 5.594 
696.000 5.594 
697.000 5.594 
698.000 5.594 
699.000 5.594 
700.000 5.594 
701.000 5.594 
702.000 5.594 
703.000 5.594 
704.000 5.594 
705.000 5.594 
706.000 5.594 
707.000 5.594 
708.000 5.594 
709.000 5.594 
710.000 5.594 
711.000 5.594 
712.000 5.594 
713.000 5.594 
714.000 5.594 
715.000 5.594 
716.000 5.594 
717.000 5.594 
718.000 5.594 
719.000 5.594 
720.000 5.594 
721.000 5.594 
722.000 5.594 
723.000 5.594 
724.000 5.594 
725.000 5.594 
726.000 5.594 
727.000 5.594 
728.000 5.594 
729.000 5.594 
730.000 5.594 
731.000 5.594 
732.000 5.594 
733.000 5.594 
734.000 5.594 
735.000 5.594 
736.000 5.594 
737.000 5.594 
738.000 5.594 
739.000 5.594 
740.000 5.594 
741.000 5.594 
742.000 5.594 
743.000 5.594 
744.000 5.594 
745.000 5.594 
746.000 5.594 
747.000 5.594 
748.000 5.594 
749.000 5.594 
750.000 5.594 
751.000 5.594 
752.000 5.594 
753.000 5.594 
754.000 5.594 
755.000 5.594 
756.000 5.594 
757.000 5.594 
758.000 5.594 
759.000 5.594 
760.000 5.594 
761.000 5.594 
762.000 5.594 
763.000 5.594 
764.000 5.594 
765.000 5.594 
766.000 5.594 
767.000 5.594 
768.000 5.594 
769.000 5.594 
770.000 5.594 
771.000 5.594 
772.000 5.594 
773.000 5.594 
774.000 5.594 
775.000 5.594 
776.000 5.594 
777.000 5.594 
778.000 5.594 
779.000 5.594 
780.000 5.594 
781.000 5.594 
782.000 5.594 
783.000 5.594 
784.000 5.594 
785.000 5.594 
786.000 5.594 
787.000 5.594 
788.000 5.594 
789.000 5.594 
790.000 5.594 
791.000 5.594 
792.000 5.594 
793.000 5.594 
794.000 5.594 
795.000 5.594 
796.000 5.594 
797.000 5.594 
798.000 5.594 
799.000 5.594 
800.000 5.594 
