1.000 0.000 
2.000 0.000 
3.000 0.000 
4.000 0.000 
5.000 0.000 
6.000 0.000 
7.000 0.000 
8.000 0.000 
9.000 0.000 
10.000 0.000 
11.000 0.000 
12.000 -0.002 
13.000 -0.006 
14.000 -0.011 
15.000 -0.016 
16.000 -0.020 
17.000 -0.023 
18.000 -0.024 
19.000 -0.023 
20.000 -0.022 
21.000 -0.022 
22.000 -0.021 
23.000 -0.021 
24.000 -0.022 
25.000 -0.024 
26.000 -0.026 
27.000 -0.028 
28.000 -0.030 
29.000 -0.031 
30.000 -0.033 
31.000 -0.033 
32.000 -0.034 
33.000 -0.035 
34.000 -0.035 
35.000 -0.036 
36.000 -0.036 
37.000 -0.037 
38.000 -0.038 
39.000 -0.039 
40.000 -0.040 
41.000 -0.041 
42.000 -0.042 
43.000 -0.043 
44.000 -0.044 
45.000 -0.044 
46.000 -0.045 
47.000 -0.046 
48.000 -0.046 
49.000 -0.047 
50.000 -0.048 
51.000 -0.048 
52.000 -0.049 
53.000 -0.050 
54.000 -0.050 
55.000 -0.051 
56.000 -0.052 
57.000 -0.052 
58.000 -0.053 
59.000 -0.053 
60.000 -0.054 
61.000 -0.054 
62.000 -0.055 
63.000 -0.056 
64.000 -0.056 
65.000 -0.057 
66.000 -0.057 
67.000 -0.058 
68.000 -0.058 
69.000 -0.059 
70.000 -0.059 
71.000 -0.060 
72.000 -0.060 
73.000 -0.061 
74.000 -0.061 
75.000 -0.062 
76.000 -0.062 
77.000 -0.063 
78.000 -0.063 
79.000 -0.063 
80.000 -0.064 
81.000 -0.064 
82.000 -0.065 
83.000 -0.065 
84.000 -0.066 
85.000 -0.066 
86.000 -0.066 
87.000 -0.067 
88.000 -0.067 
89.000 -0.068 
90.000 -0.068 
91.000 -0.068 
92.000 -0.069 
93.000 -0.069 
94.000 -0.069 
95.000 -0.070 
96.000 -0.070 
97.000 -0.070 
98.000 -0.071 
99.000 -0.071 
100.000 -0.072 
101.000 -0.072 
102.000 -0.072 
103.000 -0.073 
104.000 -0.073 
105.000 -0.073 
106.000 -0.073 
107.000 -0.074 
108.000 -0.074 
109.000 -0.074 
110.000 -0.075 
111.000 -0.075 
112.000 -0.075 
113.000 -0.076 
114.000 -0.076 
115.000 -0.076 
116.000 -0.076 
117.000 -0.077 
118.000 -0.077 
119.000 -0.077 
120.000 -0.078 
121.000 -0.078 
122.000 -0.078 
123.000 -0.078 
124.000 -0.079 
125.000 -0.079 
126.000 -0.079 
127.000 -0.079 
128.000 -0.078 
129.000 -0.077 
130.000 -0.077 
131.000 -0.077 
132.000 -0.077 
133.000 -0.077 
134.000 -0.077 
135.000 -0.078 
136.000 -0.078 
137.000 -0.078 
138.000 -0.078 
139.000 -0.078 
140.000 -0.078 
141.000 -0.078 
142.000 -0.078 
143.000 -0.078 
144.000 -0.078 
145.000 -0.078 
146.000 -0.078 
147.000 -0.078 
148.000 -0.078 
149.000 -0.078 
150.000 -0.078 
151.000 -0.078 
152.000 -0.078 
153.000 -0.078 
154.000 -0.078 
155.000 -0.078 
156.000 -0.078 
157.000 -0.078 
158.000 -0.078 
159.000 -0.078 
160.000 -0.078 
161.000 -0.078 
162.000 -0.078 
163.000 -0.078 
164.000 -0.078 
165.000 -0.078 
166.000 -0.078 
167.000 -0.078 
168.000 -0.078 
169.000 -0.078 
170.000 -0.078 
171.000 -0.078 
172.000 -0.078 
173.000 -0.078 
174.000 -0.078 
175.000 -0.078 
176.000 -0.078 
177.000 -0.078 
178.000 -0.078 
179.000 -0.078 
180.000 -0.078 
181.000 -0.078 
182.000 -0.078 
183.000 -0.078 
184.000 -0.078 
185.000 -0.078 
186.000 -0.078 
187.000 -0.078 
188.000 -0.078 
189.000 -0.078 
190.000 -0.078 
191.000 -0.078 
192.000 -0.078 
193.000 -0.078 
194.000 -0.078 
195.000 -0.078 
196.000 -0.078 
197.000 -0.078 
198.000 -0.078 
199.000 -0.078 
200.000 -0.078 
201.000 -0.078 
202.000 -0.078 
203.000 -0.078 
204.000 -0.078 
205.000 -0.078 
206.000 -0.078 
207.000 -0.078 
208.000 -0.078 
209.000 -0.078 
210.000 -0.078 
211.000 -0.078 
212.000 -0.078 
213.000 -0.078 
214.000 -0.078 
215.000 -0.078 
216.000 -0.078 
217.000 -0.078 
218.000 -0.078 
219.000 -0.078 
220.000 -0.078 
221.000 -0.078 
222.000 -0.078 
223.000 -0.078 
224.000 -0.078 
225.000 -0.079 
226.000 -0.079 
227.000 -0.079 
228.000 -0.079 
229.000 -0.079 
230.000 -0.079 
231.000 -0.079 
232.000 -0.079 
233.000 -0.079 
234.000 -0.079 
235.000 -0.079 
236.000 -0.079 
237.000 -0.079 
238.000 -0.079 
239.000 -0.079 
240.000 -0.079 
241.000 -0.079 
242.000 -0.079 
243.000 -0.079 
244.000 -0.079 
245.000 -0.079 
246.000 -0.078 
247.000 -0.073 
248.000 -0.066 
249.000 -0.059 
250.000 -0.054 
251.000 -0.051 
252.000 -0.050 
253.000 -0.050 
254.000 -0.052 
255.000 -0.053 
256.000 -0.053 
257.000 -0.052 
258.000 -0.050 
259.000 -0.047 
260.000 -0.043 
261.000 -0.039 
262.000 -0.035 
263.000 -0.031 
264.000 -0.028 
265.000 -0.025 
266.000 -0.024 
267.000 -0.022 
268.000 -0.020 
269.000 -0.018 
270.000 -0.015 
271.000 -0.012 
272.000 -0.009 
273.000 -0.005 
274.000 -0.002 
275.000 0.002 
276.000 0.006 
277.000 0.009 
278.000 0.013 
279.000 0.016 
280.000 0.019 
281.000 0.022 
282.000 0.025 
283.000 0.028 
284.000 0.032 
285.000 0.036 
286.000 0.039 
287.000 0.043 
288.000 0.047 
289.000 0.051 
290.000 0.055 
291.000 0.058 
292.000 0.062 
293.000 0.065 
294.000 0.069 
295.000 0.072 
296.000 0.076 
297.000 0.080 
298.000 0.083 
299.000 0.087 
300.000 0.091 
301.000 0.094 
302.000 0.098 
303.000 0.102 
304.000 0.105 
305.000 0.109 
306.000 0.112 
307.000 0.115 
308.000 0.119 
309.000 0.122 
310.000 0.125 
311.000 0.129 
312.000 0.132 
313.000 0.135 
314.000 0.138 
315.000 0.141 
316.000 0.144 
317.000 0.147 
318.000 0.150 
319.000 0.153 
320.000 0.156 
321.000 0.159 
322.000 0.162 
323.000 0.164 
324.000 0.167 
325.000 0.170 
326.000 0.172 
327.000 0.175 
328.000 0.177 
329.000 0.179 
330.000 0.182 
331.000 0.184 
332.000 0.186 
333.000 0.188 
334.000 0.191 
335.000 0.193 
336.000 0.195 
337.000 0.197 
338.000 0.199 
339.000 0.200 
340.000 0.202 
341.000 0.204 
342.000 0.206 
343.000 0.207 
344.000 0.209 
345.000 0.211 
346.000 0.212 
347.000 0.214 
348.000 0.215 
349.000 0.217 
350.000 0.218 
351.000 0.219 
352.000 0.221 
353.000 0.222 
354.000 0.223 
355.000 0.224 
356.000 0.226 
357.000 0.227 
358.000 0.228 
359.000 0.229 
360.000 0.230 
361.000 0.231 
362.000 0.232 
363.000 0.233 
364.000 0.234 
365.000 0.235 
366.000 0.253 
367.000 0.299 
368.000 0.368 
369.000 0.449 
370.000 0.529 
371.000 0.596 
372.000 0.641 
373.000 0.662 
374.000 0.658 
375.000 0.636 
376.000 0.604 
377.000 0.572 
378.000 0.547 
379.000 0.534 
380.000 0.537 
381.000 0.556 
382.000 0.590 
383.000 0.634 
384.000 0.684 
385.000 0.732 
386.000 0.775 
387.000 0.806 
388.000 0.824 
389.000 0.828 
390.000 0.821 
391.000 0.806 
392.000 0.786 
393.000 0.768 
394.000 0.755 
395.000 0.748 
396.000 0.751 
397.000 0.762 
398.000 0.781 
399.000 0.804 
400.000 0.829 
401.000 0.853 
402.000 0.872 
403.000 0.886 
404.000 0.892 
405.000 0.891 
406.000 0.884 
407.000 0.873 
408.000 0.861 
409.000 0.850 
410.000 0.841 
411.000 0.837 
412.000 0.838 
413.000 0.843 
414.000 0.853 
415.000 0.864 
416.000 0.877 
417.000 0.889 
418.000 0.898 
419.000 0.904 
420.000 0.906 
421.000 0.904 
422.000 0.899 
423.000 0.892 
424.000 0.885 
425.000 0.878 
426.000 0.873 
427.000 0.871 
428.000 0.871 
429.000 0.874 
430.000 0.879 
431.000 0.885 
432.000 0.891 
433.000 0.897 
434.000 0.902 
435.000 0.904 
436.000 0.905 
437.000 0.903 
438.000 0.901 
439.000 0.897 
440.000 0.892 
441.000 0.889 
442.000 0.886 
443.000 0.884 
444.000 0.884 
445.000 0.886 
446.000 0.888 
447.000 0.892 
448.000 0.895 
449.000 0.898 
450.000 0.900 
451.000 0.902 
452.000 0.902 
453.000 0.901 
454.000 0.899 
455.000 0.897 
456.000 0.895 
457.000 0.893 
458.000 0.891 
459.000 0.890 
460.000 0.890 
461.000 0.891 
462.000 0.892 
463.000 0.894 
464.000 0.896 
465.000 0.898 
466.000 0.899 
467.000 0.899 
468.000 0.899 
469.000 0.899 
470.000 0.898 
471.000 0.897 
472.000 0.895 
473.000 0.894 
474.000 0.893 
475.000 0.893 
476.000 0.893 
477.000 0.894 
478.000 0.894 
479.000 0.895 
480.000 0.896 
481.000 0.897 
482.000 0.898 
483.000 0.898 
484.000 0.898 
485.000 0.898 
486.000 0.985 
487.000 1.201 
488.000 1.516 
489.000 1.891 
490.000 2.294 
491.000 2.702 
492.000 3.098 
493.000 3.471 
494.000 3.814 
495.000 4.123 
496.000 4.376 
497.000 4.526 
498.000 4.549 
499.000 4.451 
500.000 4.261 
501.000 4.018 
502.000 3.762 
503.000 3.528 
504.000 3.343 
505.000 3.224 
506.000 3.179 
507.000 3.208 
508.000 3.302 
509.000 3.448 
510.000 3.626 
511.000 3.815 
512.000 3.992 
513.000 4.136 
514.000 4.228 
515.000 4.257 
516.000 4.220 
517.000 4.121 
518.000 3.973 
519.000 3.794 
520.000 3.608 
521.000 3.434 
522.000 3.291 
523.000 3.192 
524.000 3.144 
525.000 3.149 
526.000 3.203 
527.000 3.298 
528.000 3.422 
529.000 3.560 
530.000 3.696 
531.000 3.815 
532.000 3.905 
533.000 3.955 
534.000 3.961 
535.000 3.925 
536.000 3.850 
537.000 3.749 
538.000 3.635 
539.000 3.520 
540.000 3.419 
541.000 3.342 
542.000 3.295 
543.000 3.283 
544.000 3.304 
545.000 3.356 
546.000 3.430 
547.000 3.517 
548.000 3.609 
549.000 3.693 
550.000 3.762 
551.000 3.808 
552.000 3.826 
553.000 3.815 
554.000 3.778 
555.000 3.721 
556.000 3.650 
557.000 3.574 
558.000 3.503 
559.000 3.445 
560.000 3.404 
561.000 3.384 
562.000 3.388 
563.000 3.412 
564.000 3.454 
565.000 3.508 
566.000 3.567 
567.000 3.625 
568.000 3.676 
569.000 3.713 
570.000 3.734 
571.000 3.736 
572.000 3.720 
573.000 3.689 
574.000 3.646 
575.000 3.598 
576.000 3.550 
577.000 3.507 
578.000 3.475 
579.000 3.455 
580.000 3.450 
581.000 3.459 
582.000 3.481 
583.000 3.513 
584.000 3.551 
585.000 3.590 
586.000 3.625 
587.000 3.654 
588.000 3.673 
589.000 3.680 
590.000 3.675 
591.000 3.660 
592.000 3.635 
593.000 3.606 
594.000 3.574 
595.000 3.544 
596.000 3.519 
597.000 3.502 
598.000 3.494 
599.000 3.496 
600.000 3.506 
601.000 3.524 
602.000 3.547 
603.000 3.572 
604.000 3.597 
605.000 3.618 
606.000 3.688 
607.000 3.808 
608.000 3.960 
609.000 4.127 
610.000 4.301 
611.000 4.471 
612.000 4.634 
613.000 4.785 
614.000 4.921 
615.000 5.043 
616.000 5.150 
617.000 5.242 
618.000 5.320 
619.000 5.386 
620.000 5.440 
621.000 5.484 
622.000 5.519 
623.000 5.547 
624.000 5.569 
625.000 5.585 
626.000 5.597 
627.000 5.605 
628.000 5.610 
629.000 5.614 
630.000 5.615 
631.000 5.615 
632.000 5.615 
633.000 5.614 
634.000 5.612 
635.000 5.610 
636.000 5.609 
637.000 5.607 
638.000 5.605 
639.000 5.603 
640.000 5.602 
641.000 5.600 
642.000 5.599 
643.000 5.598 
644.000 5.597 
645.000 5.597 
646.000 5.596 
647.000 5.596 
648.000 5.595 
649.000 5.595 
650.000 5.595 
651.000 5.594 
652.000 5.594 
653.000 5.594 
654.000 5.594 
655.000 5.594 
656.000 5.594 
657.000 5.594 
658.000 5.594 
659.000 5.594 
660.000 5.594 
661.000 5.594 
662.000 5.594 
663.000 5.594 
664.000 5.594 
665.000 5.594 
666.000 5.594 
667.000 5.594 
668.000 5.594 
669.000 5.594 
670.000 5.594 
671.000 5.594 
672.000 5.594 
673.000 5.594 
674.000 5.594 
675.000 5.594 
676.000 5.594 
677.000 5.594 
678.000 5.594 
679.000 5.594 
680.000 5.594 
681.000 5.594 
682.000 5.594 
683.000 5.594 
684.000 5.594 
685.000 5.594 
686.000 5.594 
687.000 5.594 
688.000 5.594 
689.000 5.594 
690.000 5.594 
691.000 5.594 
692.000 5.594 
693.000 5.594 
694.000 5.594 
695.000 5.594 
696.000 5.594 
697.000 5.594 
698.000 5.594 
699.000 5.594 
700.000 5.594 
701.000 5.594 
702.000 5.594 
703.000 5.594 
704.000 5.594 
705.000 5.594 
706.000 5.594 
707.000 5.594 
708.000 5.594 
709.000 5.594 
710.000 5.594 
711.000 5.594 
712.000 5.594 
713.000 5.594 
714.000 5.594 
715.000 5.594 
716.000 5.594 
717.000 5.594 
718.000 5.594 
719.000 5.594 
720.000 5.594 
721.000 5.594 
722.000 5.594 
723.000 5.594 
724.000 5.594 
725.000 5.594 
726.000 5.594 
727.000 5.594 
728.000 5.594 
729.000 5.594 
730.000 5.594 
731.000 5.594 
732.000 5.594 
733.000 5.594 
734.000 5.594 
735.000 5.594 
736.000 5.594 
737.000 5.594 
738.000 5.594 
739.000 5.594 
740.000 5.594 
741.000 5.594 
742.000 5.594 
743.000 5.594 
744.000 5.594 
745.000 5.594 
746.000 5.594 
747.000 5.594 
748.000 5.594 
749.000 5.594 
750.000 5.594 
751.000 5.594 
752.000 5.594 
753.000 5.594 
754.000 5.594 
755.000 5.594 
756.000 5.594 
757.000 5.594 
758.000 5.594 
759.000 5.594 
760.000 5.594 
761.000 5.594 
762.000 5.594 
763.000 5.594 
764.000 5.594 
765.000 5.594 
766.000 5.594 
767.000 5.594 
768.000 5.594 
769.000 5.594 
770.000 5.594 
771.000 5.594 
772.000 5.594 
773.000 5.594 
774.000 5.594 
775.000 5.594 
776.000 5.594 
777.000 5.594 
778.000 5.594 
779.000 5.594 
780.000 5.594 
781.000 5.594 
782.000 5.594 
783.000 5.594 
784.000 5.594 
785.000 5.594 
786.000 5.594 
787.000 5.594 
788.000 5.594 
789.000 5.594 
790.000 5.594 
791.000 5.594 
792.000 5.594 
793.000 5.594 
794.000 5.594 
795.000 5.594 
796.000 5.594 
797.000 5.594 
798.000 5.594 
799.000 5.594 
800.000 5.594 
