1.000 0.000 
2.000 0.000 
3.000 0.000 
4.000 0.000 
5.000 0.000 
6.000 0.000 
7.000 0.000 
8.000 0.000 
9.000 0.000 
10.000 0.000 
11.000 0.000 
12.000 -0.002 
13.000 -0.005 
14.000 -0.010 
15.000 -0.014 
16.000 -0.017 
17.000 -0.019 
18.000 -0.020 
19.000 -0.020 
20.000 -0.020 
21.000 -0.020 
22.000 -0.020 
23.000 -0.020 
24.000 -0.021 
25.000 -0.023 
26.000 -0.024 
27.000 -0.026 
28.000 -0.027 
29.000 -0.028 
30.000 -0.029 
31.000 -0.030 
32.000 -0.031 
33.000 -0.032 
34.000 -0.032 
35.000 -0.033 
36.000 -0.034 
37.000 -0.035 
38.000 -0.036 
39.000 -0.037 
40.000 -0.037 
41.000 -0.038 
42.000 -0.039 
43.000 -0.040 
44.000 -0.040 
45.000 -0.041 
46.000 -0.042 
47.000 -0.043 
48.000 -0.043 
49.000 -0.044 
50.000 -0.045 
51.000 -0.045 
52.000 -0.046 
53.000 -0.047 
54.000 -0.047 
55.000 -0.048 
56.000 -0.048 
57.000 -0.049 
58.000 -0.050 
59.000 -0.050 
60.000 -0.051 
61.000 -0.051 
62.000 -0.052 
63.000 -0.052 
64.000 -0.053 
65.000 -0.053 
66.000 -0.054 
67.000 -0.055 
68.000 -0.055 
69.000 -0.056 
70.000 -0.056 
71.000 -0.057 
72.000 -0.057 
73.000 -0.057 
74.000 -0.058 
75.000 -0.058 
76.000 -0.059 
77.000 -0.059 
78.000 -0.060 
79.000 -0.060 
80.000 -0.061 
81.000 -0.061 
82.000 -0.062 
83.000 -0.062 
84.000 -0.062 
85.000 -0.063 
86.000 -0.063 
87.000 -0.064 
88.000 -0.064 
89.000 -0.064 
90.000 -0.065 
91.000 -0.065 
92.000 -0.065 
93.000 -0.066 
94.000 -0.066 
95.000 -0.067 
96.000 -0.067 
97.000 -0.067 
98.000 -0.068 
99.000 -0.068 
100.000 -0.068 
101.000 -0.069 
102.000 -0.069 
103.000 -0.069 
104.000 -0.070 
105.000 -0.070 
106.000 -0.070 
107.000 -0.071 
108.000 -0.071 
109.000 -0.071 
110.000 -0.072 
111.000 -0.072 
112.000 -0.072 
113.000 -0.072 
114.000 -0.073 
115.000 -0.073 
116.000 -0.073 
117.000 -0.074 
118.000 -0.074 
119.000 -0.074 
120.000 -0.074 
121.000 -0.075 
122.000 -0.075 
123.000 -0.075 
124.000 -0.076 
125.000 -0.076 
126.000 -0.076 
127.000 -0.075 
128.000 -0.075 
129.000 -0.074 
130.000 -0.074 
131.000 -0.074 
132.000 -0.074 
133.000 -0.074 
134.000 -0.075 
135.000 -0.075 
136.000 -0.075 
137.000 -0.075 
138.000 -0.075 
139.000 -0.075 
140.000 -0.075 
141.000 -0.075 
142.000 -0.075 
143.000 -0.075 
144.000 -0.075 
145.000 -0.075 
146.000 -0.075 
147.000 -0.075 
148.000 -0.075 
149.000 -0.075 
150.000 -0.075 
151.000 -0.075 
152.000 -0.075 
153.000 -0.075 
154.000 -0.075 
155.000 -0.075 
156.000 -0.075 
157.000 -0.075 
158.000 -0.075 
159.000 -0.075 
160.000 -0.075 
161.000 -0.075 
162.000 -0.075 
163.000 -0.076 
164.000 -0.076 
165.000 -0.076 
166.000 -0.076 
167.000 -0.076 
168.000 -0.076 
169.000 -0.076 
170.000 -0.076 
171.000 -0.076 
172.000 -0.076 
173.000 -0.076 
174.000 -0.076 
175.000 -0.076 
176.000 -0.076 
177.000 -0.076 
178.000 -0.076 
179.000 -0.076 
180.000 -0.076 
181.000 -0.076 
182.000 -0.076 
183.000 -0.076 
184.000 -0.076 
185.000 -0.076 
186.000 -0.076 
187.000 -0.076 
188.000 -0.076 
189.000 -0.076 
190.000 -0.076 
191.000 -0.076 
192.000 -0.076 
193.000 -0.076 
194.000 -0.076 
195.000 -0.076 
196.000 -0.076 
197.000 -0.076 
198.000 -0.076 
199.000 -0.076 
200.000 -0.076 
201.000 -0.076 
202.000 -0.076 
203.000 -0.076 
204.000 -0.076 
205.000 -0.076 
206.000 -0.076 
207.000 -0.076 
208.000 -0.076 
209.000 -0.076 
210.000 -0.076 
211.000 -0.076 
212.000 -0.076 
213.000 -0.076 
214.000 -0.076 
215.000 -0.076 
216.000 -0.076 
217.000 -0.076 
218.000 -0.076 
219.000 -0.076 
220.000 -0.076 
221.000 -0.076 
222.000 -0.076 
223.000 -0.076 
224.000 -0.076 
225.000 -0.077 
226.000 -0.077 
227.000 -0.077 
228.000 -0.077 
229.000 -0.077 
230.000 -0.077 
231.000 -0.077 
232.000 -0.077 
233.000 -0.077 
234.000 -0.077 
235.000 -0.077 
236.000 -0.077 
237.000 -0.077 
238.000 -0.077 
239.000 -0.077 
240.000 -0.077 
241.000 -0.077 
242.000 -0.077 
243.000 -0.077 
244.000 -0.077 
245.000 -0.077 
246.000 -0.076 
247.000 -0.071 
248.000 -0.066 
249.000 -0.060 
250.000 -0.056 
251.000 -0.054 
252.000 -0.053 
253.000 -0.053 
254.000 -0.053 
255.000 -0.053 
256.000 -0.053 
257.000 -0.051 
258.000 -0.049 
259.000 -0.047 
260.000 -0.044 
261.000 -0.041 
262.000 -0.038 
263.000 -0.035 
264.000 -0.033 
265.000 -0.031 
266.000 -0.029 
267.000 -0.026 
268.000 -0.024 
269.000 -0.022 
270.000 -0.019 
271.000 -0.017 
272.000 -0.014 
273.000 -0.011 
274.000 -0.008 
275.000 -0.005 
276.000 -0.002 
277.000 0.001 
278.000 0.004 
279.000 0.007 
280.000 0.010 
281.000 0.013 
282.000 0.016 
283.000 0.019 
284.000 0.022 
285.000 0.025 
286.000 0.028 
287.000 0.031 
288.000 0.035 
289.000 0.038 
290.000 0.041 
291.000 0.045 
292.000 0.048 
293.000 0.051 
294.000 0.055 
295.000 0.058 
296.000 0.061 
297.000 0.065 
298.000 0.068 
299.000 0.071 
300.000 0.075 
301.000 0.078 
302.000 0.081 
303.000 0.085 
304.000 0.088 
305.000 0.091 
306.000 0.094 
307.000 0.098 
308.000 0.101 
309.000 0.104 
310.000 0.107 
311.000 0.111 
312.000 0.114 
313.000 0.117 
314.000 0.120 
315.000 0.123 
316.000 0.126 
317.000 0.129 
318.000 0.132 
319.000 0.135 
320.000 0.138 
321.000 0.140 
322.000 0.143 
323.000 0.146 
324.000 0.149 
325.000 0.151 
326.000 0.154 
327.000 0.157 
328.000 0.159 
329.000 0.162 
330.000 0.164 
331.000 0.167 
332.000 0.169 
333.000 0.171 
334.000 0.174 
335.000 0.176 
336.000 0.178 
337.000 0.180 
338.000 0.182 
339.000 0.184 
340.000 0.187 
341.000 0.189 
342.000 0.190 
343.000 0.192 
344.000 0.194 
345.000 0.196 
346.000 0.198 
347.000 0.200 
348.000 0.201 
349.000 0.203 
350.000 0.205 
351.000 0.206 
352.000 0.208 
353.000 0.209 
354.000 0.211 
355.000 0.212 
356.000 0.213 
357.000 0.215 
358.000 0.216 
359.000 0.217 
360.000 0.219 
361.000 0.220 
362.000 0.221 
363.000 0.222 
364.000 0.223 
365.000 0.224 
366.000 0.243 
367.000 0.285 
368.000 0.344 
369.000 0.409 
370.000 0.469 
371.000 0.518 
372.000 0.552 
373.000 0.570 
374.000 0.573 
375.000 0.568 
376.000 0.558 
377.000 0.548 
378.000 0.543 
379.000 0.544 
380.000 0.554 
381.000 0.571 
382.000 0.594 
383.000 0.621 
384.000 0.650 
385.000 0.678 
386.000 0.703 
387.000 0.723 
388.000 0.738 
389.000 0.748 
390.000 0.754 
391.000 0.757 
392.000 0.759 
393.000 0.760 
394.000 0.762 
395.000 0.765 
396.000 0.770 
397.000 0.778 
398.000 0.787 
399.000 0.797 
400.000 0.807 
401.000 0.817 
402.000 0.825 
403.000 0.833 
404.000 0.839 
405.000 0.843 
406.000 0.846 
407.000 0.848 
408.000 0.849 
409.000 0.850 
410.000 0.851 
411.000 0.853 
412.000 0.855 
413.000 0.857 
414.000 0.860 
415.000 0.863 
416.000 0.866 
417.000 0.869 
418.000 0.872 
419.000 0.875 
420.000 0.877 
421.000 0.879 
422.000 0.880 
423.000 0.881 
424.000 0.881 
425.000 0.882 
426.000 0.882 
427.000 0.882 
428.000 0.883 
429.000 0.884 
430.000 0.884 
431.000 0.885 
432.000 0.886 
433.000 0.887 
434.000 0.888 
435.000 0.889 
436.000 0.890 
437.000 0.890 
438.000 0.891 
439.000 0.891 
440.000 0.891 
441.000 0.892 
442.000 0.892 
443.000 0.892 
444.000 0.892 
445.000 0.892 
446.000 0.892 
447.000 0.893 
448.000 0.893 
449.000 0.893 
450.000 0.894 
451.000 0.894 
452.000 0.894 
453.000 0.894 
454.000 0.894 
455.000 0.894 
456.000 0.895 
457.000 0.895 
458.000 0.895 
459.000 0.895 
460.000 0.895 
461.000 0.895 
462.000 0.895 
463.000 0.895 
464.000 0.895 
465.000 0.895 
466.000 0.895 
467.000 0.895 
468.000 0.895 
469.000 0.895 
470.000 0.895 
471.000 0.896 
472.000 0.896 
473.000 0.896 
474.000 0.896 
475.000 0.896 
476.000 0.896 
477.000 0.896 
478.000 0.896 
479.000 0.896 
480.000 0.896 
481.000 0.896 
482.000 0.896 
483.000 0.896 
484.000 0.896 
485.000 0.896 
486.000 0.983 
487.000 1.197 
488.000 1.512 
489.000 1.887 
490.000 2.290 
491.000 2.698 
492.000 3.094 
493.000 3.443 
494.000 3.710 
495.000 3.882 
496.000 3.957 
497.000 3.944 
498.000 3.861 
499.000 3.732 
500.000 3.581 
501.000 3.430 
502.000 3.298 
503.000 3.199 
504.000 3.142 
505.000 3.128 
506.000 3.156 
507.000 3.220 
508.000 3.311 
509.000 3.419 
510.000 3.532 
511.000 3.639 
512.000 3.731 
513.000 3.800 
514.000 3.843 
515.000 3.857 
516.000 3.844 
517.000 3.808 
518.000 3.755 
519.000 3.692 
520.000 3.626 
521.000 3.564 
522.000 3.511 
523.000 3.471 
524.000 3.448 
525.000 3.440 
526.000 3.447 
527.000 3.467 
528.000 3.496 
529.000 3.530 
530.000 3.566 
531.000 3.600 
532.000 3.628 
533.000 3.649 
534.000 3.661 
535.000 3.663 
536.000 3.657 
537.000 3.644 
538.000 3.626 
539.000 3.606 
540.000 3.584 
541.000 3.565 
542.000 3.548 
543.000 3.537 
544.000 3.530 
545.000 3.529 
546.000 3.533 
547.000 3.540 
548.000 3.550 
549.000 3.562 
550.000 3.574 
551.000 3.585 
552.000 3.594 
553.000 3.600 
554.000 3.604 
555.000 3.604 
556.000 3.601 
557.000 3.597 
558.000 3.590 
559.000 3.584 
560.000 3.577 
561.000 3.571 
562.000 3.566 
563.000 3.562 
564.000 3.560 
565.000 3.560 
566.000 3.562 
567.000 3.565 
568.000 3.568 
569.000 3.572 
570.000 3.576 
571.000 3.580 
572.000 3.582 
573.000 3.584 
574.000 3.585 
575.000 3.585 
576.000 3.584 
577.000 3.582 
578.000 3.580 
579.000 3.578 
580.000 3.576 
581.000 3.574 
582.000 3.572 
583.000 3.571 
584.000 3.571 
585.000 3.571 
586.000 3.572 
587.000 3.573 
588.000 3.574 
589.000 3.575 
590.000 3.576 
591.000 3.577 
592.000 3.578 
593.000 3.579 
594.000 3.579 
595.000 3.579 
596.000 3.579 
597.000 3.578 
598.000 3.577 
599.000 3.576 
600.000 3.576 
601.000 3.575 
602.000 3.575 
603.000 3.574 
604.000 3.574 
605.000 3.574 
606.000 3.630 
607.000 3.742 
608.000 3.890 
609.000 4.058 
610.000 4.234 
611.000 4.409 
612.000 4.577 
613.000 4.734 
614.000 4.877 
615.000 5.004 
616.000 5.117 
617.000 5.214 
618.000 5.297 
619.000 5.367 
620.000 5.425 
621.000 5.472 
622.000 5.510 
623.000 5.540 
624.000 5.563 
625.000 5.581 
626.000 5.594 
627.000 5.603 
628.000 5.609 
629.000 5.613 
630.000 5.615 
631.000 5.616 
632.000 5.616 
633.000 5.614 
634.000 5.613 
635.000 5.611 
636.000 5.609 
637.000 5.607 
638.000 5.606 
639.000 5.604 
640.000 5.602 
641.000 5.601 
642.000 5.600 
643.000 5.599 
644.000 5.598 
645.000 5.597 
646.000 5.596 
647.000 5.596 
648.000 5.595 
649.000 5.595 
650.000 5.595 
651.000 5.594 
652.000 5.594 
653.000 5.594 
654.000 5.594 
655.000 5.594 
656.000 5.594 
657.000 5.594 
658.000 5.594 
659.000 5.594 
660.000 5.594 
661.000 5.594 
662.000 5.594 
663.000 5.594 
664.000 5.594 
665.000 5.594 
666.000 5.594 
667.000 5.594 
668.000 5.594 
669.000 5.594 
670.000 5.594 
671.000 5.594 
672.000 5.594 
673.000 5.594 
674.000 5.594 
675.000 5.594 
676.000 5.594 
677.000 5.594 
678.000 5.594 
679.000 5.594 
680.000 5.594 
681.000 5.594 
682.000 5.594 
683.000 5.594 
684.000 5.594 
685.000 5.594 
686.000 5.594 
687.000 5.594 
688.000 5.594 
689.000 5.594 
690.000 5.594 
691.000 5.594 
692.000 5.594 
693.000 5.594 
694.000 5.594 
695.000 5.594 
696.000 5.594 
697.000 5.594 
698.000 5.594 
699.000 5.594 
700.000 5.594 
701.000 5.594 
702.000 5.594 
703.000 5.594 
704.000 5.594 
705.000 5.594 
706.000 5.594 
707.000 5.594 
708.000 5.594 
709.000 5.594 
710.000 5.594 
711.000 5.594 
712.000 5.594 
713.000 5.594 
714.000 5.594 
715.000 5.594 
716.000 5.594 
717.000 5.594 
718.000 5.594 
719.000 5.594 
720.000 5.594 
721.000 5.594 
722.000 5.594 
723.000 5.594 
724.000 5.594 
725.000 5.594 
726.000 5.594 
727.000 5.594 
728.000 5.594 
729.000 5.594 
730.000 5.594 
731.000 5.594 
732.000 5.594 
733.000 5.594 
734.000 5.594 
735.000 5.594 
736.000 5.594 
737.000 5.594 
738.000 5.594 
739.000 5.594 
740.000 5.594 
741.000 5.594 
742.000 5.594 
743.000 5.594 
744.000 5.594 
745.000 5.594 
746.000 5.594 
747.000 5.594 
748.000 5.594 
749.000 5.594 
750.000 5.594 
751.000 5.594 
752.000 5.594 
753.000 5.594 
754.000 5.594 
755.000 5.594 
756.000 5.594 
757.000 5.594 
758.000 5.594 
759.000 5.594 
760.000 5.594 
761.000 5.594 
762.000 5.594 
763.000 5.594 
764.000 5.594 
765.000 5.594 
766.000 5.594 
767.000 5.594 
768.000 5.594 
769.000 5.594 
770.000 5.594 
771.000 5.594 
772.000 5.594 
773.000 5.594 
774.000 5.594 
775.000 5.594 
776.000 5.594 
777.000 5.594 
778.000 5.594 
779.000 5.594 
780.000 5.594 
781.000 5.594 
782.000 5.594 
783.000 5.594 
784.000 5.594 
785.000 5.594 
786.000 5.594 
787.000 5.594 
788.000 5.594 
789.000 5.594 
790.000 5.594 
791.000 5.594 
792.000 5.594 
793.000 5.594 
794.000 5.594 
795.000 5.594 
796.000 5.594 
797.000 5.594 
798.000 5.594 
799.000 5.594 
800.000 5.594 
