1.000 0.000 
2.000 0.000 
3.000 0.000 
4.000 0.000 
5.000 0.000 
6.000 0.000 
7.000 0.000 
8.000 0.000 
9.000 0.000 
10.000 0.000 
11.000 0.000 
12.000 -0.001 
13.000 -0.004 
14.000 -0.008 
15.000 -0.013 
16.000 -0.016 
17.000 -0.019 
18.000 -0.021 
19.000 -0.021 
20.000 -0.022 
21.000 -0.021 
22.000 -0.021 
23.000 -0.021 
24.000 -0.021 
25.000 -0.022 
26.000 -0.023 
27.000 -0.025 
28.000 -0.026 
29.000 -0.028 
30.000 -0.029 
31.000 -0.030 
32.000 -0.032 
33.000 -0.032 
34.000 -0.033 
35.000 -0.034 
36.000 -0.034 
37.000 -0.035 
38.000 -0.036 
39.000 -0.037 
40.000 -0.037 
41.000 -0.038 
42.000 -0.039 
43.000 -0.040 
44.000 -0.041 
45.000 -0.042 
46.000 -0.042 
47.000 -0.043 
48.000 -0.044 
49.000 -0.044 
50.000 -0.045 
51.000 -0.046 
52.000 -0.046 
53.000 -0.047 
54.000 -0.047 
55.000 -0.048 
56.000 -0.049 
57.000 -0.049 
58.000 -0.050 
59.000 -0.051 
60.000 -0.051 
61.000 -0.052 
62.000 -0.052 
63.000 -0.053 
64.000 -0.053 
65.000 -0.054 
66.000 -0.054 
67.000 -0.055 
68.000 -0.055 
69.000 -0.056 
70.000 -0.056 
71.000 -0.057 
72.000 -0.057 
73.000 -0.058 
74.000 -0.058 
75.000 -0.059 
76.000 -0.059 
77.000 -0.060 
78.000 -0.060 
79.000 -0.061 
80.000 -0.061 
81.000 -0.061 
82.000 -0.062 
83.000 -0.062 
84.000 -0.063 
85.000 -0.063 
86.000 -0.064 
87.000 -0.064 
88.000 -0.064 
89.000 -0.065 
90.000 -0.065 
91.000 -0.066 
92.000 -0.066 
93.000 -0.066 
94.000 -0.067 
95.000 -0.067 
96.000 -0.067 
97.000 -0.068 
98.000 -0.068 
99.000 -0.068 
100.000 -0.069 
101.000 -0.069 
102.000 -0.069 
103.000 -0.070 
104.000 -0.070 
105.000 -0.070 
106.000 -0.071 
107.000 -0.071 
108.000 -0.071 
109.000 -0.072 
110.000 -0.072 
111.000 -0.072 
112.000 -0.073 
113.000 -0.073 
114.000 -0.073 
115.000 -0.073 
116.000 -0.074 
117.000 -0.074 
118.000 -0.074 
119.000 -0.075 
120.000 -0.075 
121.000 -0.075 
122.000 -0.075 
123.000 -0.076 
124.000 -0.076 
125.000 -0.076 
126.000 -0.076 
127.000 -0.076 
128.000 -0.076 
129.000 -0.075 
130.000 -0.075 
131.000 -0.074 
132.000 -0.074 
133.000 -0.075 
134.000 -0.075 
135.000 -0.075 
136.000 -0.075 
137.000 -0.076 
138.000 -0.076 
139.000 -0.076 
140.000 -0.076 
141.000 -0.076 
142.000 -0.076 
143.000 -0.076 
144.000 -0.075 
145.000 -0.075 
146.000 -0.075 
147.000 -0.075 
148.000 -0.076 
149.000 -0.076 
150.000 -0.076 
151.000 -0.076 
152.000 -0.076 
153.000 -0.076 
154.000 -0.076 
155.000 -0.076 
156.000 -0.076 
157.000 -0.076 
158.000 -0.076 
159.000 -0.076 
160.000 -0.076 
161.000 -0.076 
162.000 -0.076 
163.000 -0.076 
164.000 -0.076 
165.000 -0.076 
166.000 -0.076 
167.000 -0.076 
168.000 -0.076 
169.000 -0.076 
170.000 -0.076 
171.000 -0.076 
172.000 -0.076 
173.000 -0.076 
174.000 -0.076 
175.000 -0.076 
176.000 -0.076 
177.000 -0.076 
178.000 -0.076 
179.000 -0.076 
180.000 -0.076 
181.000 -0.076 
182.000 -0.076 
183.000 -0.076 
184.000 -0.076 
185.000 -0.076 
186.000 -0.076 
187.000 -0.076 
188.000 -0.076 
189.000 -0.076 
190.000 -0.076 
191.000 -0.076 
192.000 -0.076 
193.000 -0.076 
194.000 -0.076 
195.000 -0.076 
196.000 -0.076 
197.000 -0.076 
198.000 -0.076 
199.000 -0.076 
200.000 -0.076 
201.000 -0.076 
202.000 -0.076 
203.000 -0.076 
204.000 -0.077 
205.000 -0.077 
206.000 -0.077 
207.000 -0.077 
208.000 -0.077 
209.000 -0.077 
210.000 -0.077 
211.000 -0.077 
212.000 -0.077 
213.000 -0.077 
214.000 -0.077 
215.000 -0.077 
216.000 -0.077 
217.000 -0.077 
218.000 -0.077 
219.000 -0.077 
220.000 -0.077 
221.000 -0.077 
222.000 -0.077 
223.000 -0.077 
224.000 -0.077 
225.000 -0.077 
226.000 -0.077 
227.000 -0.077 
228.000 -0.077 
229.000 -0.077 
230.000 -0.077 
231.000 -0.077 
232.000 -0.077 
233.000 -0.077 
234.000 -0.077 
235.000 -0.077 
236.000 -0.077 
237.000 -0.077 
238.000 -0.077 
239.000 -0.077 
240.000 -0.077 
241.000 -0.077 
242.000 -0.077 
243.000 -0.077 
244.000 -0.077 
245.000 -0.077 
246.000 -0.076 
247.000 -0.073 
248.000 -0.068 
249.000 -0.063 
250.000 -0.058 
251.000 -0.054 
252.000 -0.052 
253.000 -0.051 
254.000 -0.051 
255.000 -0.051 
256.000 -0.051 
257.000 -0.051 
258.000 -0.050 
259.000 -0.048 
260.000 -0.046 
261.000 -0.043 
262.000 -0.039 
263.000 -0.036 
264.000 -0.033 
265.000 -0.030 
266.000 -0.027 
267.000 -0.025 
268.000 -0.023 
269.000 -0.021 
270.000 -0.019 
271.000 -0.016 
272.000 -0.014 
273.000 -0.011 
274.000 -0.008 
275.000 -0.005 
276.000 -0.002 
277.000 0.001 
278.000 0.004 
279.000 0.007 
280.000 0.011 
281.000 0.014 
282.000 0.017 
283.000 0.020 
284.000 0.023 
285.000 0.026 
286.000 0.029 
287.000 0.032 
288.000 0.036 
289.000 0.039 
290.000 0.042 
291.000 0.046 
292.000 0.049 
293.000 0.053 
294.000 0.056 
295.000 0.060 
296.000 0.063 
297.000 0.066 
298.000 0.070 
299.000 0.073 
300.000 0.076 
301.000 0.080 
302.000 0.083 
303.000 0.086 
304.000 0.090 
305.000 0.093 
306.000 0.097 
307.000 0.100 
308.000 0.103 
309.000 0.106 
310.000 0.110 
311.000 0.113 
312.000 0.116 
313.000 0.119 
314.000 0.122 
315.000 0.125 
316.000 0.128 
317.000 0.131 
318.000 0.134 
319.000 0.137 
320.000 0.140 
321.000 0.143 
322.000 0.146 
323.000 0.149 
324.000 0.151 
325.000 0.154 
326.000 0.157 
327.000 0.159 
328.000 0.162 
329.000 0.164 
330.000 0.167 
331.000 0.169 
332.000 0.171 
333.000 0.174 
334.000 0.176 
335.000 0.178 
336.000 0.181 
337.000 0.183 
338.000 0.185 
339.000 0.187 
340.000 0.189 
341.000 0.191 
342.000 0.193 
343.000 0.195 
344.000 0.196 
345.000 0.198 
346.000 0.200 
347.000 0.202 
348.000 0.203 
349.000 0.205 
350.000 0.207 
351.000 0.208 
352.000 0.210 
353.000 0.211 
354.000 0.213 
355.000 0.214 
356.000 0.215 
357.000 0.217 
358.000 0.218 
359.000 0.219 
360.000 0.220 
361.000 0.222 
362.000 0.223 
363.000 0.224 
364.000 0.225 
365.000 0.226 
366.000 0.240 
367.000 0.273 
368.000 0.324 
369.000 0.386 
370.000 0.451 
371.000 0.511 
372.000 0.561 
373.000 0.594 
374.000 0.611 
375.000 0.613 
376.000 0.604 
377.000 0.589 
378.000 0.572 
379.000 0.559 
380.000 0.553 
381.000 0.555 
382.000 0.568 
383.000 0.589 
384.000 0.618 
385.000 0.651 
386.000 0.685 
387.000 0.718 
388.000 0.747 
389.000 0.770 
390.000 0.786 
391.000 0.794 
392.000 0.796 
393.000 0.792 
394.000 0.787 
395.000 0.780 
396.000 0.775 
397.000 0.772 
398.000 0.773 
399.000 0.777 
400.000 0.786 
401.000 0.798 
402.000 0.811 
403.000 0.825 
404.000 0.839 
405.000 0.851 
406.000 0.860 
407.000 0.866 
408.000 0.870 
409.000 0.870 
410.000 0.868 
411.000 0.865 
412.000 0.861 
413.000 0.858 
414.000 0.856 
415.000 0.855 
416.000 0.856 
417.000 0.859 
418.000 0.863 
419.000 0.868 
420.000 0.873 
421.000 0.879 
422.000 0.883 
423.000 0.887 
424.000 0.890 
425.000 0.891 
426.000 0.891 
427.000 0.890 
428.000 0.889 
429.000 0.887 
430.000 0.885 
431.000 0.883 
432.000 0.883 
433.000 0.883 
434.000 0.883 
435.000 0.884 
436.000 0.886 
437.000 0.888 
438.000 0.891 
439.000 0.893 
440.000 0.894 
441.000 0.895 
442.000 0.896 
443.000 0.896 
444.000 0.896 
445.000 0.895 
446.000 0.894 
447.000 0.893 
448.000 0.892 
449.000 0.892 
450.000 0.891 
451.000 0.891 
452.000 0.892 
453.000 0.893 
454.000 0.893 
455.000 0.894 
456.000 0.895 
457.000 0.896 
458.000 0.896 
459.000 0.897 
460.000 0.897 
461.000 0.896 
462.000 0.896 
463.000 0.896 
464.000 0.895 
465.000 0.895 
466.000 0.895 
467.000 0.894 
468.000 0.894 
469.000 0.894 
470.000 0.895 
471.000 0.895 
472.000 0.895 
473.000 0.896 
474.000 0.896 
475.000 0.896 
476.000 0.896 
477.000 0.896 
478.000 0.896 
479.000 0.896 
480.000 0.896 
481.000 0.896 
482.000 0.896 
483.000 0.896 
484.000 0.895 
485.000 0.895 
486.000 0.961 
487.000 1.134 
488.000 1.411 
489.000 1.763 
490.000 2.154 
491.000 2.559 
492.000 2.958 
493.000 3.338 
494.000 3.692 
495.000 3.984 
496.000 4.182 
497.000 4.269 
498.000 4.242 
499.000 4.116 
500.000 3.914 
501.000 3.668 
502.000 3.411 
503.000 3.175 
504.000 2.981 
505.000 2.847 
506.000 2.782 
507.000 2.788 
508.000 2.860 
509.000 2.989 
510.000 3.163 
511.000 3.364 
512.000 3.574 
513.000 3.775 
514.000 3.950 
515.000 4.084 
516.000 4.167 
517.000 4.192 
518.000 4.160 
519.000 4.076 
520.000 3.952 
521.000 3.802 
522.000 3.643 
523.000 3.490 
524.000 3.357 
525.000 3.255 
526.000 3.191 
527.000 3.167 
528.000 3.184 
529.000 3.236 
530.000 3.318 
531.000 3.419 
532.000 3.530 
533.000 3.641 
534.000 3.741 
535.000 3.821 
536.000 3.876 
537.000 3.901 
538.000 3.895 
539.000 3.860 
540.000 3.801 
541.000 3.726 
542.000 3.642 
543.000 3.557 
544.000 3.481 
545.000 3.418 
546.000 3.375 
547.000 3.353 
548.000 3.353 
549.000 3.374 
550.000 3.413 
551.000 3.465 
552.000 3.524 
553.000 3.585 
554.000 3.642 
555.000 3.690 
556.000 3.725 
557.000 3.745 
558.000 3.748 
559.000 3.735 
560.000 3.709 
561.000 3.671 
562.000 3.628 
563.000 3.582 
564.000 3.539 
565.000 3.502 
566.000 3.474 
567.000 3.458 
568.000 3.453 
569.000 3.460 
570.000 3.478 
571.000 3.503 
572.000 3.534 
573.000 3.567 
574.000 3.599 
575.000 3.627 
576.000 3.649 
577.000 3.663 
578.000 3.668 
579.000 3.665 
580.000 3.653 
581.000 3.635 
582.000 3.613 
583.000 3.589 
584.000 3.565 
585.000 3.543 
586.000 3.526 
587.000 3.515 
588.000 3.510 
589.000 3.511 
590.000 3.518 
591.000 3.531 
592.000 3.546 
593.000 3.564 
594.000 3.582 
595.000 3.598 
596.000 3.611 
597.000 3.620 
598.000 3.625 
599.000 3.625 
600.000 3.620 
601.000 3.612 
602.000 3.601 
603.000 3.588 
604.000 3.575 
605.000 3.562 
606.000 3.609 
607.000 3.715 
608.000 3.860 
609.000 4.027 
610.000 4.204 
611.000 4.380 
612.000 4.550 
613.000 4.710 
614.000 4.855 
615.000 4.986 
616.000 5.101 
617.000 5.200 
618.000 5.286 
619.000 5.357 
620.000 5.417 
621.000 5.466 
622.000 5.505 
623.000 5.536 
624.000 5.561 
625.000 5.579 
626.000 5.593 
627.000 5.602 
628.000 5.609 
629.000 5.613 
630.000 5.615 
631.000 5.616 
632.000 5.616 
633.000 5.615 
634.000 5.613 
635.000 5.612 
636.000 5.610 
637.000 5.608 
638.000 5.606 
639.000 5.604 
640.000 5.603 
641.000 5.601 
642.000 5.600 
643.000 5.599 
644.000 5.598 
645.000 5.597 
646.000 5.596 
647.000 5.596 
648.000 5.595 
649.000 5.595 
650.000 5.595 
651.000 5.594 
652.000 5.594 
653.000 5.594 
654.000 5.594 
655.000 5.594 
656.000 5.594 
657.000 5.594 
658.000 5.594 
659.000 5.594 
660.000 5.594 
661.000 5.594 
662.000 5.594 
663.000 5.594 
664.000 5.594 
665.000 5.594 
666.000 5.594 
667.000 5.594 
668.000 5.594 
669.000 5.594 
670.000 5.594 
671.000 5.594 
672.000 5.594 
673.000 5.594 
674.000 5.594 
675.000 5.594 
676.000 5.594 
677.000 5.594 
678.000 5.594 
679.000 5.594 
680.000 5.594 
681.000 5.594 
682.000 5.594 
683.000 5.594 
684.000 5.594 
685.000 5.594 
686.000 5.594 
687.000 5.594 
688.000 5.594 
689.000 5.594 
690.000 5.594 
691.000 5.594 
692.000 5.594 
693.000 5.594 
694.000 5.594 
695.000 5.594 
696.000 5.594 
697.000 5.594 
698.000 5.594 
699.000 5.594 
700.000 5.594 
701.000 5.594 
702.000 5.594 
703.000 5.594 
704.000 5.594 
705.000 5.594 
706.000 5.594 
707.000 5.594 
708.000 5.594 
709.000 5.594 
710.000 5.594 
711.000 5.594 
712.000 5.594 
713.000 5.594 
714.000 5.594 
715.000 5.594 
716.000 5.594 
717.000 5.594 
718.000 5.594 
719.000 5.594 
720.000 5.594 
721.000 5.594 
722.000 5.594 
723.000 5.594 
724.000 5.594 
725.000 5.594 
726.000 5.594 
727.000 5.594 
728.000 5.594 
729.000 5.594 
730.000 5.594 
731.000 5.594 
732.000 5.594 
733.000 5.594 
734.000 5.594 
735.000 5.594 
736.000 5.594 
737.000 5.594 
738.000 5.594 
739.000 5.594 
740.000 5.594 
741.000 5.594 
742.000 5.594 
743.000 5.594 
744.000 5.594 
745.000 5.594 
746.000 5.594 
747.000 5.594 
748.000 5.594 
749.000 5.594 
750.000 5.594 
751.000 5.594 
752.000 5.594 
753.000 5.594 
754.000 5.594 
755.000 5.594 
756.000 5.594 
757.000 5.594 
758.000 5.594 
759.000 5.594 
760.000 5.594 
761.000 5.594 
762.000 5.594 
763.000 5.594 
764.000 5.594 
765.000 5.594 
766.000 5.594 
767.000 5.594 
768.000 5.594 
769.000 5.594 
770.000 5.594 
771.000 5.594 
772.000 5.594 
773.000 5.594 
774.000 5.594 
775.000 5.594 
776.000 5.594 
777.000 5.594 
778.000 5.594 
779.000 5.594 
780.000 5.594 
781.000 5.594 
782.000 5.594 
783.000 5.594 
784.000 5.594 
785.000 5.594 
786.000 5.594 
787.000 5.594 
788.000 5.594 
789.000 5.594 
790.000 5.594 
791.000 5.594 
792.000 5.594 
793.000 5.594 
794.000 5.594 
795.000 5.594 
796.000 5.594 
797.000 5.594 
798.000 5.594 
799.000 5.594 
800.000 5.594 
