1.000 0.000 
2.000 0.000 
3.000 0.000 
4.000 0.000 
5.000 0.000 
6.000 0.000 
7.000 0.000 
8.000 0.000 
9.000 0.000 
10.000 0.000 
11.000 0.000 
12.000 -0.001 
13.000 -0.003 
14.000 -0.006 
15.000 -0.010 
16.000 -0.013 
17.000 -0.016 
18.000 -0.018 
19.000 -0.019 
20.000 -0.020 
21.000 -0.020 
22.000 -0.020 
23.000 -0.020 
24.000 -0.021 
25.000 -0.021 
26.000 -0.022 
27.000 -0.023 
28.000 -0.024 
29.000 -0.025 
30.000 -0.026 
31.000 -0.028 
32.000 -0.029 
33.000 -0.030 
34.000 -0.031 
35.000 -0.032 
36.000 -0.032 
37.000 -0.033 
38.000 -0.034 
39.000 -0.034 
40.000 -0.035 
41.000 -0.036 
42.000 -0.037 
43.000 -0.037 
44.000 -0.038 
45.000 -0.039 
46.000 -0.040 
47.000 -0.040 
48.000 -0.041 
49.000 -0.042 
50.000 -0.042 
51.000 -0.043 
52.000 -0.044 
53.000 -0.044 
54.000 -0.045 
55.000 -0.045 
56.000 -0.046 
57.000 -0.047 
58.000 -0.047 
59.000 -0.048 
60.000 -0.048 
61.000 -0.049 
62.000 -0.049 
63.000 -0.050 
64.000 -0.051 
65.000 -0.051 
66.000 -0.052 
67.000 -0.052 
68.000 -0.053 
69.000 -0.053 
70.000 -0.054 
71.000 -0.054 
72.000 -0.055 
73.000 -0.055 
74.000 -0.056 
75.000 -0.056 
76.000 -0.056 
77.000 -0.057 
78.000 -0.057 
79.000 -0.058 
80.000 -0.058 
81.000 -0.059 
82.000 -0.059 
83.000 -0.060 
84.000 -0.060 
85.000 -0.060 
86.000 -0.061 
87.000 -0.061 
88.000 -0.062 
89.000 -0.062 
90.000 -0.062 
91.000 -0.063 
92.000 -0.063 
93.000 -0.063 
94.000 -0.064 
95.000 -0.064 
96.000 -0.065 
97.000 -0.065 
98.000 -0.065 
99.000 -0.066 
100.000 -0.066 
101.000 -0.066 
102.000 -0.067 
103.000 -0.067 
104.000 -0.067 
105.000 -0.068 
106.000 -0.068 
107.000 -0.068 
108.000 -0.069 
109.000 -0.069 
110.000 -0.069 
111.000 -0.070 
112.000 -0.070 
113.000 -0.070 
114.000 -0.070 
115.000 -0.071 
116.000 -0.071 
117.000 -0.071 
118.000 -0.072 
119.000 -0.072 
120.000 -0.072 
121.000 -0.072 
122.000 -0.073 
123.000 -0.073 
124.000 -0.073 
125.000 -0.074 
126.000 -0.074 
127.000 -0.074 
128.000 -0.073 
129.000 -0.073 
130.000 -0.072 
131.000 -0.072 
132.000 -0.072 
133.000 -0.072 
134.000 -0.072 
135.000 -0.072 
136.000 -0.073 
137.000 -0.073 
138.000 -0.073 
139.000 -0.073 
140.000 -0.073 
141.000 -0.073 
142.000 -0.073 
143.000 -0.073 
144.000 -0.073 
145.000 -0.073 
146.000 -0.073 
147.000 -0.073 
148.000 -0.073 
149.000 -0.073 
150.000 -0.073 
151.000 -0.073 
152.000 -0.073 
153.000 -0.073 
154.000 -0.073 
155.000 -0.073 
156.000 -0.073 
157.000 -0.074 
158.000 -0.074 
159.000 -0.074 
160.000 -0.074 
161.000 -0.074 
162.000 -0.074 
163.000 -0.074 
164.000 -0.074 
165.000 -0.074 
166.000 -0.074 
167.000 -0.074 
168.000 -0.074 
169.000 -0.074 
170.000 -0.074 
171.000 -0.074 
172.000 -0.074 
173.000 -0.074 
174.000 -0.074 
175.000 -0.074 
176.000 -0.074 
177.000 -0.074 
178.000 -0.074 
179.000 -0.074 
180.000 -0.074 
181.000 -0.074 
182.000 -0.074 
183.000 -0.074 
184.000 -0.074 
185.000 -0.074 
186.000 -0.074 
187.000 -0.074 
188.000 -0.074 
189.000 -0.074 
190.000 -0.074 
191.000 -0.074 
192.000 -0.074 
193.000 -0.074 
194.000 -0.074 
195.000 -0.074 
196.000 -0.074 
197.000 -0.074 
198.000 -0.074 
199.000 -0.074 
200.000 -0.075 
201.000 -0.075 
202.000 -0.075 
203.000 -0.075 
204.000 -0.075 
205.000 -0.075 
206.000 -0.075 
207.000 -0.075 
208.000 -0.075 
209.000 -0.075 
210.000 -0.075 
211.000 -0.075 
212.000 -0.075 
213.000 -0.075 
214.000 -0.075 
215.000 -0.075 
216.000 -0.075 
217.000 -0.075 
218.000 -0.075 
219.000 -0.075 
220.000 -0.075 
221.000 -0.075 
222.000 -0.075 
223.000 -0.075 
224.000 -0.075 
225.000 -0.075 
226.000 -0.075 
227.000 -0.075 
228.000 -0.075 
229.000 -0.075 
230.000 -0.075 
231.000 -0.075 
232.000 -0.075 
233.000 -0.075 
234.000 -0.075 
235.000 -0.075 
236.000 -0.075 
237.000 -0.075 
238.000 -0.075 
239.000 -0.075 
240.000 -0.075 
241.000 -0.075 
242.000 -0.075 
243.000 -0.075 
244.000 -0.075 
245.000 -0.075 
246.000 -0.075 
247.000 -0.073 
248.000 -0.069 
249.000 -0.065 
250.000 -0.060 
251.000 -0.057 
252.000 -0.054 
253.000 -0.052 
254.000 -0.051 
255.000 -0.051 
256.000 -0.050 
257.000 -0.050 
258.000 -0.049 
259.000 -0.048 
260.000 -0.046 
261.000 -0.044 
262.000 -0.042 
263.000 -0.040 
264.000 -0.037 
265.000 -0.034 
266.000 -0.032 
267.000 -0.029 
268.000 -0.027 
269.000 -0.024 
270.000 -0.022 
271.000 -0.020 
272.000 -0.018 
273.000 -0.015 
274.000 -0.013 
275.000 -0.010 
276.000 -0.008 
277.000 -0.005 
278.000 -0.003 
279.000 0.000 
280.000 0.003 
281.000 0.006 
282.000 0.009 
283.000 0.012 
284.000 0.015 
285.000 0.018 
286.000 0.020 
287.000 0.023 
288.000 0.026 
289.000 0.029 
290.000 0.032 
291.000 0.035 
292.000 0.038 
293.000 0.041 
294.000 0.045 
295.000 0.048 
296.000 0.051 
297.000 0.054 
298.000 0.057 
299.000 0.060 
300.000 0.063 
301.000 0.067 
302.000 0.070 
303.000 0.073 
304.000 0.076 
305.000 0.079 
306.000 0.082 
307.000 0.085 
308.000 0.088 
309.000 0.091 
310.000 0.095 
311.000 0.098 
312.000 0.101 
313.000 0.104 
314.000 0.107 
315.000 0.110 
316.000 0.113 
317.000 0.116 
318.000 0.119 
319.000 0.121 
320.000 0.124 
321.000 0.127 
322.000 0.130 
323.000 0.133 
324.000 0.135 
325.000 0.138 
326.000 0.141 
327.000 0.143 
328.000 0.146 
329.000 0.149 
330.000 0.151 
331.000 0.154 
332.000 0.156 
333.000 0.158 
334.000 0.161 
335.000 0.163 
336.000 0.165 
337.000 0.168 
338.000 0.170 
339.000 0.172 
340.000 0.174 
341.000 0.176 
342.000 0.178 
343.000 0.181 
344.000 0.183 
345.000 0.184 
346.000 0.186 
347.000 0.188 
348.000 0.190 
349.000 0.192 
350.000 0.194 
351.000 0.195 
352.000 0.197 
353.000 0.199 
354.000 0.200 
355.000 0.202 
356.000 0.203 
357.000 0.205 
358.000 0.206 
359.000 0.208 
360.000 0.209 
361.000 0.211 
362.000 0.212 
363.000 0.213 
364.000 0.215 
365.000 0.216 
366.000 0.226 
367.000 0.250 
368.000 0.288 
369.000 0.336 
370.000 0.388 
371.000 0.439 
372.000 0.485 
373.000 0.522 
374.000 0.549 
375.000 0.565 
376.000 0.572 
377.000 0.571 
378.000 0.567 
379.000 0.561 
380.000 0.557 
381.000 0.557 
382.000 0.561 
383.000 0.571 
384.000 0.586 
385.000 0.606 
386.000 0.629 
387.000 0.654 
388.000 0.679 
389.000 0.703 
390.000 0.724 
391.000 0.742 
392.000 0.756 
393.000 0.766 
394.000 0.772 
395.000 0.776 
396.000 0.777 
397.000 0.778 
398.000 0.778 
399.000 0.779 
400.000 0.781 
401.000 0.784 
402.000 0.790 
403.000 0.797 
404.000 0.805 
405.000 0.813 
406.000 0.822 
407.000 0.831 
408.000 0.839 
409.000 0.846 
410.000 0.851 
411.000 0.855 
412.000 0.858 
413.000 0.860 
414.000 0.861 
415.000 0.861 
416.000 0.861 
417.000 0.861 
418.000 0.861 
419.000 0.862 
420.000 0.863 
421.000 0.865 
422.000 0.867 
423.000 0.870 
424.000 0.873 
425.000 0.875 
426.000 0.878 
427.000 0.881 
428.000 0.883 
429.000 0.884 
430.000 0.885 
431.000 0.886 
432.000 0.886 
433.000 0.887 
434.000 0.886 
435.000 0.886 
436.000 0.886 
437.000 0.886 
438.000 0.886 
439.000 0.887 
440.000 0.887 
441.000 0.888 
442.000 0.889 
443.000 0.890 
444.000 0.890 
445.000 0.891 
446.000 0.892 
447.000 0.893 
448.000 0.893 
449.000 0.893 
450.000 0.894 
451.000 0.894 
452.000 0.894 
453.000 0.893 
454.000 0.893 
455.000 0.893 
456.000 0.893 
457.000 0.893 
458.000 0.893 
459.000 0.894 
460.000 0.894 
461.000 0.894 
462.000 0.894 
463.000 0.895 
464.000 0.895 
465.000 0.895 
466.000 0.895 
467.000 0.895 
468.000 0.895 
469.000 0.895 
470.000 0.895 
471.000 0.895 
472.000 0.895 
473.000 0.895 
474.000 0.895 
475.000 0.895 
476.000 0.895 
477.000 0.895 
478.000 0.895 
479.000 0.895 
480.000 0.895 
481.000 0.896 
482.000 0.896 
483.000 0.896 
484.000 0.896 
485.000 0.896 
486.000 0.946 
487.000 1.077 
488.000 1.294 
489.000 1.586 
490.000 1.935 
491.000 2.317 
492.000 2.708 
493.000 3.084 
494.000 3.421 
495.000 3.701 
496.000 3.909 
497.000 4.038 
498.000 4.086 
499.000 4.059 
500.000 3.967 
501.000 3.828 
502.000 3.661 
503.000 3.485 
504.000 3.317 
505.000 3.174 
506.000 3.065 
507.000 2.998 
508.000 2.975 
509.000 2.996 
510.000 3.057 
511.000 3.150 
512.000 3.268 
513.000 3.401 
514.000 3.538 
515.000 3.669 
516.000 3.786 
517.000 3.880 
518.000 3.945 
519.000 3.979 
520.000 3.981 
521.000 3.952 
522.000 3.896 
523.000 3.821 
524.000 3.732 
525.000 3.639 
526.000 3.548 
527.000 3.467 
528.000 3.401 
529.000 3.353 
530.000 3.327 
531.000 3.322 
532.000 3.337 
533.000 3.369 
534.000 3.416 
535.000 3.471 
536.000 3.531 
537.000 3.591 
538.000 3.646 
539.000 3.692 
540.000 3.727 
541.000 3.748 
542.000 3.755 
543.000 3.747 
544.000 3.728 
545.000 3.698 
546.000 3.661 
547.000 3.620 
548.000 3.579 
549.000 3.541 
550.000 3.508 
551.000 3.483 
552.000 3.467 
553.000 3.461 
554.000 3.463 
555.000 3.475 
556.000 3.493 
557.000 3.516 
558.000 3.543 
559.000 3.570 
560.000 3.596 
561.000 3.618 
562.000 3.636 
563.000 3.648 
564.000 3.654 
565.000 3.654 
566.000 3.647 
567.000 3.636 
568.000 3.621 
569.000 3.603 
570.000 3.585 
571.000 3.567 
572.000 3.552 
573.000 3.539 
574.000 3.530 
575.000 3.525 
576.000 3.524 
577.000 3.528 
578.000 3.535 
579.000 3.544 
580.000 3.556 
581.000 3.568 
582.000 3.580 
583.000 3.590 
584.000 3.599 
585.000 3.606 
586.000 3.610 
587.000 3.611 
588.000 3.609 
589.000 3.605 
590.000 3.599 
591.000 3.592 
592.000 3.584 
593.000 3.576 
594.000 3.568 
595.000 3.562 
596.000 3.557 
597.000 3.554 
598.000 3.553 
599.000 3.554 
600.000 3.556 
601.000 3.560 
602.000 3.565 
603.000 3.570 
604.000 3.575 
605.000 3.580 
606.000 3.630 
607.000 3.735 
608.000 3.878 
609.000 4.043 
610.000 4.217 
611.000 4.392 
612.000 4.560 
613.000 4.718 
614.000 4.862 
615.000 4.991 
616.000 5.105 
617.000 5.204 
618.000 5.288 
619.000 5.359 
620.000 5.418 
621.000 5.467 
622.000 5.506 
623.000 5.537 
624.000 5.561 
625.000 5.579 
626.000 5.592 
627.000 5.602 
628.000 5.609 
629.000 5.613 
630.000 5.615 
631.000 5.616 
632.000 5.615 
633.000 5.615 
634.000 5.613 
635.000 5.611 
636.000 5.610 
637.000 5.608 
638.000 5.606 
639.000 5.604 
640.000 5.602 
641.000 5.601 
642.000 5.600 
643.000 5.599 
644.000 5.598 
645.000 5.597 
646.000 5.596 
647.000 5.596 
648.000 5.595 
649.000 5.595 
650.000 5.595 
651.000 5.594 
652.000 5.594 
653.000 5.594 
654.000 5.594 
655.000 5.594 
656.000 5.594 
657.000 5.594 
658.000 5.594 
659.000 5.594 
660.000 5.594 
661.000 5.594 
662.000 5.594 
663.000 5.594 
664.000 5.594 
665.000 5.594 
666.000 5.594 
667.000 5.594 
668.000 5.594 
669.000 5.594 
670.000 5.594 
671.000 5.594 
672.000 5.594 
673.000 5.594 
674.000 5.594 
675.000 5.594 
676.000 5.594 
677.000 5.594 
678.000 5.594 
679.000 5.594 
680.000 5.594 
681.000 5.594 
682.000 5.594 
683.000 5.594 
684.000 5.594 
685.000 5.594 
686.000 5.594 
687.000 5.594 
688.000 5.594 
689.000 5.594 
690.000 5.594 
691.000 5.594 
692.000 5.594 
693.000 5.594 
694.000 5.594 
695.000 5.594 
696.000 5.594 
697.000 5.594 
698.000 5.594 
699.000 5.594 
700.000 5.594 
701.000 5.594 
702.000 5.594 
703.000 5.594 
704.000 5.594 
705.000 5.594 
706.000 5.594 
707.000 5.594 
708.000 5.594 
709.000 5.594 
710.000 5.594 
711.000 5.594 
712.000 5.594 
713.000 5.594 
714.000 5.594 
715.000 5.594 
716.000 5.594 
717.000 5.594 
718.000 5.594 
719.000 5.594 
720.000 5.594 
721.000 5.594 
722.000 5.594 
723.000 5.594 
724.000 5.594 
725.000 5.594 
726.000 5.594 
727.000 5.594 
728.000 5.594 
729.000 5.594 
730.000 5.594 
731.000 5.594 
732.000 5.594 
733.000 5.594 
734.000 5.594 
735.000 5.594 
736.000 5.594 
737.000 5.594 
738.000 5.594 
739.000 5.594 
740.000 5.594 
741.000 5.594 
742.000 5.594 
743.000 5.594 
744.000 5.594 
745.000 5.594 
746.000 5.594 
747.000 5.594 
748.000 5.594 
749.000 5.594 
750.000 5.594 
751.000 5.594 
752.000 5.594 
753.000 5.594 
754.000 5.594 
755.000 5.594 
756.000 5.594 
757.000 5.594 
758.000 5.594 
759.000 5.594 
760.000 5.594 
761.000 5.594 
762.000 5.594 
763.000 5.594 
764.000 5.594 
765.000 5.594 
766.000 5.594 
767.000 5.594 
768.000 5.594 
769.000 5.594 
770.000 5.594 
771.000 5.594 
772.000 5.594 
773.000 5.594 
774.000 5.594 
775.000 5.594 
776.000 5.594 
777.000 5.594 
778.000 5.594 
779.000 5.594 
780.000 5.594 
781.000 5.594 
782.000 5.594 
783.000 5.594 
784.000 5.594 
785.000 5.594 
786.000 5.594 
787.000 5.594 
788.000 5.594 
789.000 5.594 
790.000 5.594 
791.000 5.594 
792.000 5.594 
793.000 5.594 
794.000 5.594 
795.000 5.594 
796.000 5.594 
797.000 5.594 
798.000 5.594 
799.000 5.594 
800.000 5.594 
