1.000 0.000 
2.000 0.000 
3.000 0.000 
4.000 0.000 
5.000 0.000 
6.000 0.000 
7.000 0.000 
8.000 0.000 
9.000 0.000 
10.000 0.000 
11.000 0.000 
12.000 -0.000 
13.000 -0.002 
14.000 -0.003 
15.000 -0.006 
16.000 -0.008 
17.000 -0.010 
18.000 -0.012 
19.000 -0.013 
20.000 -0.014 
21.000 -0.015 
22.000 -0.016 
23.000 -0.017 
24.000 -0.017 
25.000 -0.018 
26.000 -0.019 
27.000 -0.019 
28.000 -0.020 
29.000 -0.021 
30.000 -0.021 
31.000 -0.022 
32.000 -0.023 
33.000 -0.024 
34.000 -0.025 
35.000 -0.026 
36.000 -0.026 
37.000 -0.027 
38.000 -0.028 
39.000 -0.029 
40.000 -0.029 
41.000 -0.030 
42.000 -0.031 
43.000 -0.031 
44.000 -0.032 
45.000 -0.033 
46.000 -0.033 
47.000 -0.034 
48.000 -0.035 
49.000 -0.035 
50.000 -0.036 
51.000 -0.036 
52.000 -0.037 
53.000 -0.038 
54.000 -0.038 
55.000 -0.039 
56.000 -0.039 
57.000 -0.040 
58.000 -0.041 
59.000 -0.041 
60.000 -0.042 
61.000 -0.042 
62.000 -0.043 
63.000 -0.043 
64.000 -0.044 
65.000 -0.044 
66.000 -0.045 
67.000 -0.045 
68.000 -0.046 
69.000 -0.046 
70.000 -0.047 
71.000 -0.047 
72.000 -0.048 
73.000 -0.048 
74.000 -0.049 
75.000 -0.049 
76.000 -0.049 
77.000 -0.050 
78.000 -0.050 
79.000 -0.051 
80.000 -0.051 
81.000 -0.052 
82.000 -0.052 
83.000 -0.052 
84.000 -0.053 
85.000 -0.053 
86.000 -0.054 
87.000 -0.054 
88.000 -0.054 
89.000 -0.055 
90.000 -0.055 
91.000 -0.056 
92.000 -0.056 
93.000 -0.056 
94.000 -0.057 
95.000 -0.057 
96.000 -0.057 
97.000 -0.058 
98.000 -0.058 
99.000 -0.058 
100.000 -0.059 
101.000 -0.059 
102.000 -0.059 
103.000 -0.060 
104.000 -0.060 
105.000 -0.060 
106.000 -0.061 
107.000 -0.061 
108.000 -0.061 
109.000 -0.062 
110.000 -0.062 
111.000 -0.062 
112.000 -0.063 
113.000 -0.063 
114.000 -0.063 
115.000 -0.064 
116.000 -0.064 
117.000 -0.064 
118.000 -0.064 
119.000 -0.065 
120.000 -0.065 
121.000 -0.065 
122.000 -0.066 
123.000 -0.066 
124.000 -0.066 
125.000 -0.066 
126.000 -0.067 
127.000 -0.067 
128.000 -0.067 
129.000 -0.066 
130.000 -0.066 
131.000 -0.066 
132.000 -0.066 
133.000 -0.066 
134.000 -0.066 
135.000 -0.066 
136.000 -0.066 
137.000 -0.066 
138.000 -0.066 
139.000 -0.066 
140.000 -0.067 
141.000 -0.067 
142.000 -0.067 
143.000 -0.067 
144.000 -0.067 
145.000 -0.067 
146.000 -0.067 
147.000 -0.067 
148.000 -0.067 
149.000 -0.067 
150.000 -0.067 
151.000 -0.067 
152.000 -0.067 
153.000 -0.067 
154.000 -0.067 
155.000 -0.067 
156.000 -0.067 
157.000 -0.067 
158.000 -0.067 
159.000 -0.067 
160.000 -0.068 
161.000 -0.068 
162.000 -0.068 
163.000 -0.068 
164.000 -0.068 
165.000 -0.068 
166.000 -0.068 
167.000 -0.068 
168.000 -0.068 
169.000 -0.068 
170.000 -0.068 
171.000 -0.068 
172.000 -0.068 
173.000 -0.068 
174.000 -0.068 
175.000 -0.068 
176.000 -0.068 
177.000 -0.068 
178.000 -0.068 
179.000 -0.068 
180.000 -0.068 
181.000 -0.068 
182.000 -0.068 
183.000 -0.069 
184.000 -0.069 
185.000 -0.069 
186.000 -0.069 
187.000 -0.069 
188.000 -0.069 
189.000 -0.069 
190.000 -0.069 
191.000 -0.069 
192.000 -0.069 
193.000 -0.069 
194.000 -0.069 
195.000 -0.069 
196.000 -0.069 
197.000 -0.069 
198.000 -0.069 
199.000 -0.069 
200.000 -0.069 
201.000 -0.069 
202.000 -0.069 
203.000 -0.069 
204.000 -0.069 
205.000 -0.069 
206.000 -0.069 
207.000 -0.069 
208.000 -0.070 
209.000 -0.070 
210.000 -0.070 
211.000 -0.070 
212.000 -0.070 
213.000 -0.070 
214.000 -0.070 
215.000 -0.070 
216.000 -0.070 
217.000 -0.070 
218.000 -0.070 
219.000 -0.070 
220.000 -0.070 
221.000 -0.070 
222.000 -0.070 
223.000 -0.070 
224.000 -0.070 
225.000 -0.070 
226.000 -0.070 
227.000 -0.070 
228.000 -0.070 
229.000 -0.070 
230.000 -0.070 
231.000 -0.070 
232.000 -0.070 
233.000 -0.070 
234.000 -0.070 
235.000 -0.070 
236.000 -0.070 
237.000 -0.071 
238.000 -0.071 
239.000 -0.071 
240.000 -0.071 
241.000 -0.071 
242.000 -0.071 
243.000 -0.071 
244.000 -0.071 
245.000 -0.071 
246.000 -0.070 
247.000 -0.069 
248.000 -0.067 
249.000 -0.065 
250.000 -0.062 
251.000 -0.059 
252.000 -0.057 
253.000 -0.055 
254.000 -0.053 
255.000 -0.052 
256.000 -0.051 
257.000 -0.050 
258.000 -0.049 
259.000 -0.048 
260.000 -0.046 
261.000 -0.045 
262.000 -0.044 
263.000 -0.042 
264.000 -0.041 
265.000 -0.039 
266.000 -0.037 
267.000 -0.036 
268.000 -0.034 
269.000 -0.032 
270.000 -0.030 
271.000 -0.028 
272.000 -0.026 
273.000 -0.024 
274.000 -0.022 
275.000 -0.020 
276.000 -0.018 
277.000 -0.016 
278.000 -0.014 
279.000 -0.012 
280.000 -0.010 
281.000 -0.008 
282.000 -0.006 
283.000 -0.004 
284.000 -0.001 
285.000 0.001 
286.000 0.003 
287.000 0.005 
288.000 0.008 
289.000 0.010 
290.000 0.012 
291.000 0.014 
292.000 0.017 
293.000 0.019 
294.000 0.022 
295.000 0.024 
296.000 0.026 
297.000 0.029 
298.000 0.031 
299.000 0.034 
300.000 0.036 
301.000 0.039 
302.000 0.041 
303.000 0.044 
304.000 0.046 
305.000 0.049 
306.000 0.051 
307.000 0.054 
308.000 0.056 
309.000 0.059 
310.000 0.062 
311.000 0.064 
312.000 0.067 
313.000 0.069 
314.000 0.072 
315.000 0.074 
316.000 0.077 
317.000 0.079 
318.000 0.082 
319.000 0.085 
320.000 0.087 
321.000 0.090 
322.000 0.092 
323.000 0.095 
324.000 0.097 
325.000 0.100 
326.000 0.102 
327.000 0.105 
328.000 0.107 
329.000 0.109 
330.000 0.112 
331.000 0.114 
332.000 0.117 
333.000 0.119 
334.000 0.121 
335.000 0.124 
336.000 0.126 
337.000 0.128 
338.000 0.131 
339.000 0.133 
340.000 0.135 
341.000 0.137 
342.000 0.140 
343.000 0.142 
344.000 0.144 
345.000 0.146 
346.000 0.148 
347.000 0.150 
348.000 0.152 
349.000 0.154 
350.000 0.156 
351.000 0.158 
352.000 0.160 
353.000 0.162 
354.000 0.164 
355.000 0.166 
356.000 0.168 
357.000 0.170 
358.000 0.171 
359.000 0.173 
360.000 0.175 
361.000 0.177 
362.000 0.178 
363.000 0.180 
364.000 0.182 
365.000 0.183 
366.000 0.189 
367.000 0.202 
368.000 0.222 
369.000 0.248 
370.000 0.277 
371.000 0.308 
372.000 0.339 
373.000 0.368 
374.000 0.394 
375.000 0.417 
376.000 0.436 
377.000 0.452 
378.000 0.465 
379.000 0.475 
380.000 0.484 
381.000 0.492 
382.000 0.501 
383.000 0.509 
384.000 0.519 
385.000 0.530 
386.000 0.542 
387.000 0.555 
388.000 0.569 
389.000 0.584 
390.000 0.599 
391.000 0.614 
392.000 0.629 
393.000 0.644 
394.000 0.658 
395.000 0.671 
396.000 0.683 
397.000 0.694 
398.000 0.704 
399.000 0.713 
400.000 0.722 
401.000 0.729 
402.000 0.737 
403.000 0.743 
404.000 0.750 
405.000 0.756 
406.000 0.762 
407.000 0.769 
408.000 0.775 
409.000 0.781 
410.000 0.787 
411.000 0.792 
412.000 0.798 
413.000 0.804 
414.000 0.809 
415.000 0.814 
416.000 0.819 
417.000 0.823 
418.000 0.827 
419.000 0.831 
420.000 0.835 
421.000 0.838 
422.000 0.841 
423.000 0.844 
424.000 0.847 
425.000 0.849 
426.000 0.852 
427.000 0.854 
428.000 0.856 
429.000 0.858 
430.000 0.860 
431.000 0.862 
432.000 0.864 
433.000 0.866 
434.000 0.868 
435.000 0.869 
436.000 0.871 
437.000 0.872 
438.000 0.874 
439.000 0.875 
440.000 0.876 
441.000 0.877 
442.000 0.878 
443.000 0.879 
444.000 0.880 
445.000 0.881 
446.000 0.882 
447.000 0.883 
448.000 0.883 
449.000 0.884 
450.000 0.885 
451.000 0.885 
452.000 0.886 
453.000 0.887 
454.000 0.887 
455.000 0.888 
456.000 0.888 
457.000 0.889 
458.000 0.889 
459.000 0.889 
460.000 0.890 
461.000 0.890 
462.000 0.890 
463.000 0.891 
464.000 0.891 
465.000 0.891 
466.000 0.892 
467.000 0.892 
468.000 0.892 
469.000 0.892 
470.000 0.893 
471.000 0.893 
472.000 0.893 
473.000 0.893 
474.000 0.893 
475.000 0.893 
476.000 0.894 
477.000 0.894 
478.000 0.894 
479.000 0.894 
480.000 0.894 
481.000 0.894 
482.000 0.894 
483.000 0.894 
484.000 0.894 
485.000 0.895 
486.000 0.921 
487.000 0.993 
488.000 1.115 
489.000 1.284 
490.000 1.494 
491.000 1.734 
492.000 1.995 
493.000 2.264 
494.000 2.533 
495.000 2.789 
496.000 3.025 
497.000 3.234 
498.000 3.411 
499.000 3.552 
500.000 3.656 
501.000 3.724 
502.000 3.758 
503.000 3.762 
504.000 3.741 
505.000 3.700 
506.000 3.646 
507.000 3.584 
508.000 3.519 
509.000 3.458 
510.000 3.403 
511.000 3.358 
512.000 3.326 
513.000 3.306 
514.000 3.300 
515.000 3.306 
516.000 3.324 
517.000 3.352 
518.000 3.388 
519.000 3.429 
520.000 3.473 
521.000 3.518 
522.000 3.561 
523.000 3.601 
524.000 3.635 
525.000 3.664 
526.000 3.685 
527.000 3.698 
528.000 3.704 
529.000 3.703 
530.000 3.696 
531.000 3.683 
532.000 3.666 
533.000 3.646 
534.000 3.625 
535.000 3.603 
536.000 3.582 
537.000 3.562 
538.000 3.546 
539.000 3.532 
540.000 3.522 
541.000 3.516 
542.000 3.514 
543.000 3.515 
544.000 3.519 
545.000 3.525 
546.000 3.534 
547.000 3.544 
548.000 3.555 
549.000 3.565 
550.000 3.576 
551.000 3.585 
552.000 3.593 
553.000 3.599 
554.000 3.604 
555.000 3.607 
556.000 3.608 
557.000 3.607 
558.000 3.605 
559.000 3.601 
560.000 3.597 
561.000 3.592 
562.000 3.586 
563.000 3.581 
564.000 3.576 
565.000 3.571 
566.000 3.567 
567.000 3.564 
568.000 3.562 
569.000 3.561 
570.000 3.560 
571.000 3.561 
572.000 3.562 
573.000 3.564 
574.000 3.566 
575.000 3.569 
576.000 3.571 
577.000 3.574 
578.000 3.577 
579.000 3.579 
580.000 3.581 
581.000 3.582 
582.000 3.583 
583.000 3.584 
584.000 3.584 
585.000 3.583 
586.000 3.583 
587.000 3.582 
588.000 3.581 
589.000 3.579 
590.000 3.578 
591.000 3.577 
592.000 3.576 
593.000 3.574 
594.000 3.574 
595.000 3.573 
596.000 3.572 
597.000 3.572 
598.000 3.572 
599.000 3.572 
600.000 3.573 
601.000 3.573 
602.000 3.574 
603.000 3.574 
604.000 3.575 
605.000 3.576 
606.000 3.600 
607.000 3.666 
608.000 3.779 
609.000 3.927 
610.000 4.093 
611.000 4.266 
612.000 4.438 
613.000 4.603 
614.000 4.757 
615.000 4.896 
616.000 5.021 
617.000 5.131 
618.000 5.226 
619.000 5.307 
620.000 5.374 
621.000 5.431 
622.000 5.477 
623.000 5.514 
624.000 5.543 
625.000 5.565 
626.000 5.582 
627.000 5.595 
628.000 5.604 
629.000 5.609 
630.000 5.613 
631.000 5.615 
632.000 5.616 
633.000 5.615 
634.000 5.614 
635.000 5.613 
636.000 5.611 
637.000 5.609 
638.000 5.607 
639.000 5.605 
640.000 5.604 
641.000 5.602 
642.000 5.601 
643.000 5.600 
644.000 5.598 
645.000 5.598 
646.000 5.597 
647.000 5.596 
648.000 5.596 
649.000 5.595 
650.000 5.595 
651.000 5.595 
652.000 5.594 
653.000 5.594 
654.000 5.594 
655.000 5.594 
656.000 5.594 
657.000 5.594 
658.000 5.594 
659.000 5.594 
660.000 5.594 
661.000 5.594 
662.000 5.594 
663.000 5.594 
664.000 5.594 
665.000 5.594 
666.000 5.594 
667.000 5.594 
668.000 5.594 
669.000 5.594 
670.000 5.594 
671.000 5.594 
672.000 5.594 
673.000 5.594 
674.000 5.594 
675.000 5.594 
676.000 5.594 
677.000 5.594 
678.000 5.594 
679.000 5.594 
680.000 5.594 
681.000 5.594 
682.000 5.594 
683.000 5.594 
684.000 5.594 
685.000 5.594 
686.000 5.594 
687.000 5.594 
688.000 5.594 
689.000 5.594 
690.000 5.594 
691.000 5.594 
692.000 5.594 
693.000 5.594 
694.000 5.594 
695.000 5.594 
696.000 5.594 
697.000 5.594 
698.000 5.594 
699.000 5.594 
700.000 5.594 
701.000 5.594 
702.000 5.594 
703.000 5.594 
704.000 5.594 
705.000 5.594 
706.000 5.594 
707.000 5.594 
708.000 5.594 
709.000 5.594 
710.000 5.594 
711.000 5.594 
712.000 5.594 
713.000 5.594 
714.000 5.594 
715.000 5.594 
716.000 5.594 
717.000 5.594 
718.000 5.594 
719.000 5.594 
720.000 5.594 
721.000 5.594 
722.000 5.594 
723.000 5.594 
724.000 5.594 
725.000 5.594 
726.000 5.594 
727.000 5.594 
728.000 5.594 
729.000 5.594 
730.000 5.594 
731.000 5.594 
732.000 5.594 
733.000 5.594 
734.000 5.594 
735.000 5.594 
736.000 5.594 
737.000 5.594 
738.000 5.594 
739.000 5.594 
740.000 5.594 
741.000 5.594 
742.000 5.594 
743.000 5.594 
744.000 5.594 
745.000 5.594 
746.000 5.594 
747.000 5.594 
748.000 5.594 
749.000 5.594 
750.000 5.594 
751.000 5.594 
752.000 5.594 
753.000 5.594 
754.000 5.594 
755.000 5.594 
756.000 5.594 
757.000 5.594 
758.000 5.594 
759.000 5.594 
760.000 5.594 
761.000 5.594 
762.000 5.594 
763.000 5.594 
764.000 5.594 
765.000 5.594 
766.000 5.594 
767.000 5.594 
768.000 5.594 
769.000 5.594 
770.000 5.594 
771.000 5.594 
772.000 5.594 
773.000 5.594 
774.000 5.594 
775.000 5.594 
776.000 5.594 
777.000 5.594 
778.000 5.594 
779.000 5.594 
780.000 5.594 
781.000 5.594 
782.000 5.594 
783.000 5.594 
784.000 5.594 
785.000 5.594 
786.000 5.594 
787.000 5.594 
788.000 5.594 
789.000 5.594 
790.000 5.594 
791.000 5.594 
792.000 5.594 
793.000 5.594 
794.000 5.594 
795.000 5.594 
796.000 5.594 
797.000 5.594 
798.000 5.594 
799.000 5.594 
800.000 5.594 
