1.000 0.000 
2.000 0.000 
3.000 0.000 
4.000 0.000 
5.000 0.000 
6.000 0.000 
7.000 0.000 
8.000 0.000 
9.000 0.000 
10.000 0.000 
11.000 0.000 
12.000 -0.000 
13.000 -0.001 
14.000 -0.003 
15.000 -0.005 
16.000 -0.006 
17.000 -0.008 
18.000 -0.010 
19.000 -0.011 
20.000 -0.013 
21.000 -0.014 
22.000 -0.014 
23.000 -0.015 
24.000 -0.016 
25.000 -0.016 
26.000 -0.017 
27.000 -0.018 
28.000 -0.018 
29.000 -0.019 
30.000 -0.020 
31.000 -0.020 
32.000 -0.021 
33.000 -0.022 
34.000 -0.023 
35.000 -0.024 
36.000 -0.024 
37.000 -0.025 
38.000 -0.026 
39.000 -0.026 
40.000 -0.027 
41.000 -0.028 
42.000 -0.029 
43.000 -0.029 
44.000 -0.030 
45.000 -0.030 
46.000 -0.031 
47.000 -0.032 
48.000 -0.032 
49.000 -0.033 
50.000 -0.034 
51.000 -0.034 
52.000 -0.035 
53.000 -0.035 
54.000 -0.036 
55.000 -0.036 
56.000 -0.037 
57.000 -0.037 
58.000 -0.038 
59.000 -0.039 
60.000 -0.039 
61.000 -0.040 
62.000 -0.040 
63.000 -0.041 
64.000 -0.041 
65.000 -0.042 
66.000 -0.042 
67.000 -0.043 
68.000 -0.043 
69.000 -0.044 
70.000 -0.044 
71.000 -0.044 
72.000 -0.045 
73.000 -0.045 
74.000 -0.046 
75.000 -0.046 
76.000 -0.047 
77.000 -0.047 
78.000 -0.048 
79.000 -0.048 
80.000 -0.048 
81.000 -0.049 
82.000 -0.049 
83.000 -0.050 
84.000 -0.050 
85.000 -0.050 
86.000 -0.051 
87.000 -0.051 
88.000 -0.052 
89.000 -0.052 
90.000 -0.052 
91.000 -0.053 
92.000 -0.053 
93.000 -0.054 
94.000 -0.054 
95.000 -0.054 
96.000 -0.055 
97.000 -0.055 
98.000 -0.055 
99.000 -0.056 
100.000 -0.056 
101.000 -0.056 
102.000 -0.057 
103.000 -0.057 
104.000 -0.057 
105.000 -0.058 
106.000 -0.058 
107.000 -0.058 
108.000 -0.059 
109.000 -0.059 
110.000 -0.059 
111.000 -0.060 
112.000 -0.060 
113.000 -0.060 
114.000 -0.061 
115.000 -0.061 
116.000 -0.061 
117.000 -0.061 
118.000 -0.062 
119.000 -0.062 
120.000 -0.062 
121.000 -0.063 
122.000 -0.063 
123.000 -0.063 
124.000 -0.063 
125.000 -0.064 
126.000 -0.064 
127.000 -0.064 
128.000 -0.064 
129.000 -0.064 
130.000 -0.064 
131.000 -0.064 
132.000 -0.063 
133.000 -0.063 
134.000 -0.063 
135.000 -0.063 
136.000 -0.064 
137.000 -0.064 
138.000 -0.064 
139.000 -0.064 
140.000 -0.064 
141.000 -0.064 
142.000 -0.064 
143.000 -0.064 
144.000 -0.064 
145.000 -0.064 
146.000 -0.064 
147.000 -0.064 
148.000 -0.064 
149.000 -0.065 
150.000 -0.065 
151.000 -0.065 
152.000 -0.065 
153.000 -0.065 
154.000 -0.065 
155.000 -0.065 
156.000 -0.065 
157.000 -0.065 
158.000 -0.065 
159.000 -0.065 
160.000 -0.065 
161.000 -0.065 
162.000 -0.065 
163.000 -0.065 
164.000 -0.065 
165.000 -0.065 
166.000 -0.065 
167.000 -0.065 
168.000 -0.066 
169.000 -0.066 
170.000 -0.066 
171.000 -0.066 
172.000 -0.066 
173.000 -0.066 
174.000 -0.066 
175.000 -0.066 
176.000 -0.066 
177.000 -0.066 
178.000 -0.066 
179.000 -0.066 
180.000 -0.066 
181.000 -0.066 
182.000 -0.066 
183.000 -0.066 
184.000 -0.066 
185.000 -0.066 
186.000 -0.066 
187.000 -0.066 
188.000 -0.066 
189.000 -0.067 
190.000 -0.067 
191.000 -0.067 
192.000 -0.067 
193.000 -0.067 
194.000 -0.067 
195.000 -0.067 
196.000 -0.067 
197.000 -0.067 
198.000 -0.067 
199.000 -0.067 
200.000 -0.067 
201.000 -0.067 
202.000 -0.067 
203.000 -0.067 
204.000 -0.067 
205.000 -0.067 
206.000 -0.067 
207.000 -0.067 
208.000 -0.067 
209.000 -0.067 
210.000 -0.067 
211.000 -0.067 
212.000 -0.068 
213.000 -0.068 
214.000 -0.068 
215.000 -0.068 
216.000 -0.068 
217.000 -0.068 
218.000 -0.068 
219.000 -0.068 
220.000 -0.068 
221.000 -0.068 
222.000 -0.068 
223.000 -0.068 
224.000 -0.068 
225.000 -0.068 
226.000 -0.068 
227.000 -0.068 
228.000 -0.068 
229.000 -0.068 
230.000 -0.068 
231.000 -0.068 
232.000 -0.068 
233.000 -0.068 
234.000 -0.068 
235.000 -0.068 
236.000 -0.068 
237.000 -0.069 
238.000 -0.069 
239.000 -0.069 
240.000 -0.069 
241.000 -0.069 
242.000 -0.069 
243.000 -0.069 
244.000 -0.069 
245.000 -0.069 
246.000 -0.069 
247.000 -0.068 
248.000 -0.066 
249.000 -0.064 
250.000 -0.062 
251.000 -0.059 
252.000 -0.057 
253.000 -0.055 
254.000 -0.054 
255.000 -0.052 
256.000 -0.051 
257.000 -0.050 
258.000 -0.049 
259.000 -0.047 
260.000 -0.046 
261.000 -0.045 
262.000 -0.044 
263.000 -0.043 
264.000 -0.041 
265.000 -0.040 
266.000 -0.038 
267.000 -0.037 
268.000 -0.035 
269.000 -0.033 
270.000 -0.032 
271.000 -0.030 
272.000 -0.028 
273.000 -0.026 
274.000 -0.025 
275.000 -0.023 
276.000 -0.021 
277.000 -0.019 
278.000 -0.017 
279.000 -0.015 
280.000 -0.014 
281.000 -0.012 
282.000 -0.010 
283.000 -0.008 
284.000 -0.006 
285.000 -0.004 
286.000 -0.002 
287.000 0.000 
288.000 0.002 
289.000 0.004 
290.000 0.006 
291.000 0.008 
292.000 0.010 
293.000 0.013 
294.000 0.015 
295.000 0.017 
296.000 0.019 
297.000 0.021 
298.000 0.024 
299.000 0.026 
300.000 0.028 
301.000 0.030 
302.000 0.033 
303.000 0.035 
304.000 0.037 
305.000 0.039 
306.000 0.042 
307.000 0.044 
308.000 0.046 
309.000 0.049 
310.000 0.051 
311.000 0.053 
312.000 0.056 
313.000 0.058 
314.000 0.060 
315.000 0.063 
316.000 0.065 
317.000 0.067 
318.000 0.070 
319.000 0.072 
320.000 0.074 
321.000 0.077 
322.000 0.079 
323.000 0.082 
324.000 0.084 
325.000 0.086 
326.000 0.089 
327.000 0.091 
328.000 0.093 
329.000 0.095 
330.000 0.098 
331.000 0.100 
332.000 0.102 
333.000 0.105 
334.000 0.107 
335.000 0.109 
336.000 0.111 
337.000 0.114 
338.000 0.116 
339.000 0.118 
340.000 0.120 
341.000 0.122 
342.000 0.124 
343.000 0.127 
344.000 0.129 
345.000 0.131 
346.000 0.133 
347.000 0.135 
348.000 0.137 
349.000 0.139 
350.000 0.141 
351.000 0.143 
352.000 0.145 
353.000 0.147 
354.000 0.149 
355.000 0.151 
356.000 0.153 
357.000 0.155 
358.000 0.156 
359.000 0.158 
360.000 0.160 
361.000 0.162 
362.000 0.164 
363.000 0.165 
364.000 0.167 
365.000 0.169 
366.000 0.174 
367.000 0.184 
368.000 0.200 
369.000 0.221 
370.000 0.245 
371.000 0.270 
372.000 0.296 
373.000 0.321 
374.000 0.345 
375.000 0.366 
376.000 0.385 
377.000 0.401 
378.000 0.415 
379.000 0.428 
380.000 0.439 
381.000 0.449 
382.000 0.460 
383.000 0.470 
384.000 0.480 
385.000 0.491 
386.000 0.503 
387.000 0.515 
388.000 0.528 
389.000 0.541 
390.000 0.555 
391.000 0.569 
392.000 0.583 
393.000 0.597 
394.000 0.610 
395.000 0.623 
396.000 0.636 
397.000 0.647 
398.000 0.659 
399.000 0.669 
400.000 0.679 
401.000 0.689 
402.000 0.698 
403.000 0.706 
404.000 0.714 
405.000 0.722 
406.000 0.729 
407.000 0.736 
408.000 0.743 
409.000 0.750 
410.000 0.757 
411.000 0.763 
412.000 0.769 
413.000 0.775 
414.000 0.781 
415.000 0.787 
416.000 0.792 
417.000 0.798 
418.000 0.803 
419.000 0.807 
420.000 0.812 
421.000 0.816 
422.000 0.820 
423.000 0.824 
424.000 0.828 
425.000 0.831 
426.000 0.834 
427.000 0.837 
428.000 0.840 
429.000 0.843 
430.000 0.846 
431.000 0.848 
432.000 0.851 
433.000 0.853 
434.000 0.855 
435.000 0.857 
436.000 0.859 
437.000 0.861 
438.000 0.863 
439.000 0.865 
440.000 0.866 
441.000 0.868 
442.000 0.869 
443.000 0.871 
444.000 0.872 
445.000 0.873 
446.000 0.874 
447.000 0.876 
448.000 0.877 
449.000 0.878 
450.000 0.879 
451.000 0.880 
452.000 0.880 
453.000 0.881 
454.000 0.882 
455.000 0.883 
456.000 0.883 
457.000 0.884 
458.000 0.885 
459.000 0.885 
460.000 0.886 
461.000 0.886 
462.000 0.887 
463.000 0.887 
464.000 0.888 
465.000 0.888 
466.000 0.889 
467.000 0.889 
468.000 0.889 
469.000 0.890 
470.000 0.890 
471.000 0.890 
472.000 0.891 
473.000 0.891 
474.000 0.891 
475.000 0.892 
476.000 0.892 
477.000 0.892 
478.000 0.892 
479.000 0.892 
480.000 0.893 
481.000 0.893 
482.000 0.893 
483.000 0.893 
484.000 0.893 
485.000 0.893 
486.000 0.915 
487.000 0.974 
488.000 1.073 
489.000 1.213 
490.000 1.388 
491.000 1.590 
492.000 1.811 
493.000 2.044 
494.000 2.279 
495.000 2.510 
496.000 2.729 
497.000 2.931 
498.000 3.112 
499.000 3.267 
500.000 3.396 
501.000 3.497 
502.000 3.572 
503.000 3.621 
504.000 3.647 
505.000 3.654 
506.000 3.645 
507.000 3.623 
508.000 3.593 
509.000 3.557 
510.000 3.520 
511.000 3.485 
512.000 3.452 
513.000 3.426 
514.000 3.405 
515.000 3.393 
516.000 3.387 
517.000 3.390 
518.000 3.398 
519.000 3.413 
520.000 3.433 
521.000 3.456 
522.000 3.482 
523.000 3.509 
524.000 3.535 
525.000 3.561 
526.000 3.584 
527.000 3.604 
528.000 3.621 
529.000 3.634 
530.000 3.643 
531.000 3.648 
532.000 3.649 
533.000 3.647 
534.000 3.642 
535.000 3.634 
536.000 3.625 
537.000 3.615 
538.000 3.604 
539.000 3.592 
540.000 3.582 
541.000 3.572 
542.000 3.563 
543.000 3.556 
544.000 3.551 
545.000 3.547 
546.000 3.545 
547.000 3.545 
548.000 3.546 
549.000 3.548 
550.000 3.552 
551.000 3.556 
552.000 3.560 
553.000 3.565 
554.000 3.570 
555.000 3.574 
556.000 3.579 
557.000 3.582 
558.000 3.585 
559.000 3.587 
560.000 3.589 
561.000 3.590 
562.000 3.590 
563.000 3.589 
564.000 3.588 
565.000 3.587 
566.000 3.585 
567.000 3.583 
568.000 3.581 
569.000 3.579 
570.000 3.577 
571.000 3.575 
572.000 3.573 
573.000 3.572 
574.000 3.571 
575.000 3.570 
576.000 3.570 
577.000 3.570 
578.000 3.570 
579.000 3.571 
580.000 3.572 
581.000 3.572 
582.000 3.573 
583.000 3.574 
584.000 3.575 
585.000 3.576 
586.000 3.577 
587.000 3.577 
588.000 3.578 
589.000 3.578 
590.000 3.578 
591.000 3.579 
592.000 3.579 
593.000 3.578 
594.000 3.578 
595.000 3.578 
596.000 3.578 
597.000 3.577 
598.000 3.577 
599.000 3.576 
600.000 3.576 
601.000 3.576 
602.000 3.575 
603.000 3.575 
604.000 3.575 
605.000 3.575 
606.000 3.594 
607.000 3.647 
608.000 3.740 
609.000 3.871 
610.000 4.028 
611.000 4.198 
612.000 4.369 
613.000 4.536 
614.000 4.694 
615.000 4.839 
616.000 4.969 
617.000 5.085 
618.000 5.186 
619.000 5.272 
620.000 5.346 
621.000 5.407 
622.000 5.457 
623.000 5.498 
624.000 5.530 
625.000 5.555 
626.000 5.575 
627.000 5.589 
628.000 5.600 
629.000 5.607 
630.000 5.611 
631.000 5.614 
632.000 5.615 
633.000 5.615 
634.000 5.614 
635.000 5.613 
636.000 5.612 
637.000 5.610 
638.000 5.608 
639.000 5.606 
640.000 5.604 
641.000 5.603 
642.000 5.601 
643.000 5.600 
644.000 5.599 
645.000 5.598 
646.000 5.597 
647.000 5.596 
648.000 5.596 
649.000 5.595 
650.000 5.595 
651.000 5.595 
652.000 5.594 
653.000 5.594 
654.000 5.594 
655.000 5.594 
656.000 5.594 
657.000 5.594 
658.000 5.594 
659.000 5.594 
660.000 5.594 
661.000 5.594 
662.000 5.594 
663.000 5.594 
664.000 5.594 
665.000 5.594 
666.000 5.594 
667.000 5.594 
668.000 5.594 
669.000 5.594 
670.000 5.594 
671.000 5.594 
672.000 5.594 
673.000 5.594 
674.000 5.594 
675.000 5.594 
676.000 5.594 
677.000 5.594 
678.000 5.594 
679.000 5.594 
680.000 5.594 
681.000 5.594 
682.000 5.594 
683.000 5.594 
684.000 5.594 
685.000 5.594 
686.000 5.594 
687.000 5.594 
688.000 5.594 
689.000 5.594 
690.000 5.594 
691.000 5.594 
692.000 5.594 
693.000 5.594 
694.000 5.594 
695.000 5.594 
696.000 5.594 
697.000 5.594 
698.000 5.594 
699.000 5.594 
700.000 5.594 
701.000 5.594 
702.000 5.594 
703.000 5.594 
704.000 5.594 
705.000 5.594 
706.000 5.594 
707.000 5.594 
708.000 5.594 
709.000 5.594 
710.000 5.594 
711.000 5.594 
712.000 5.594 
713.000 5.594 
714.000 5.594 
715.000 5.594 
716.000 5.594 
717.000 5.594 
718.000 5.594 
719.000 5.594 
720.000 5.594 
721.000 5.594 
722.000 5.594 
723.000 5.594 
724.000 5.594 
725.000 5.594 
726.000 5.594 
727.000 5.594 
728.000 5.594 
729.000 5.594 
730.000 5.594 
731.000 5.594 
732.000 5.594 
733.000 5.594 
734.000 5.594 
735.000 5.594 
736.000 5.594 
737.000 5.594 
738.000 5.594 
739.000 5.594 
740.000 5.594 
741.000 5.594 
742.000 5.594 
743.000 5.594 
744.000 5.594 
745.000 5.594 
746.000 5.594 
747.000 5.594 
748.000 5.594 
749.000 5.594 
750.000 5.594 
751.000 5.594 
752.000 5.594 
753.000 5.594 
754.000 5.594 
755.000 5.594 
756.000 5.594 
757.000 5.594 
758.000 5.594 
759.000 5.594 
760.000 5.594 
761.000 5.594 
762.000 5.594 
763.000 5.594 
764.000 5.594 
765.000 5.594 
766.000 5.594 
767.000 5.594 
768.000 5.594 
769.000 5.594 
770.000 5.594 
771.000 5.594 
772.000 5.594 
773.000 5.594 
774.000 5.594 
775.000 5.594 
776.000 5.594 
777.000 5.594 
778.000 5.594 
779.000 5.594 
780.000 5.594 
781.000 5.594 
782.000 5.594 
783.000 5.594 
784.000 5.594 
785.000 5.594 
786.000 5.594 
787.000 5.594 
788.000 5.594 
789.000 5.594 
790.000 5.594 
791.000 5.594 
792.000 5.594 
793.000 5.594 
794.000 5.594 
795.000 5.594 
796.000 5.594 
797.000 5.594 
798.000 5.594 
799.000 5.594 
800.000 5.594 
