1.000 0.000 
2.000 0.000 
3.000 0.000 
4.000 0.000 
5.000 0.000 
6.000 0.000 
7.000 0.000 
8.000 0.000 
9.000 0.000 
10.000 0.000 
11.000 0.000 
12.000 -0.002 
13.000 -0.008 
14.000 -0.014 
15.000 -0.019 
16.000 -0.022 
17.000 -0.023 
18.000 -0.022 
19.000 -0.021 
20.000 -0.020 
21.000 -0.020 
22.000 -0.020 
23.000 -0.022 
24.000 -0.024 
25.000 -0.026 
26.000 -0.028 
27.000 -0.029 
28.000 -0.031 
29.000 -0.032 
30.000 -0.032 
31.000 -0.033 
32.000 -0.033 
33.000 -0.034 
34.000 -0.035 
35.000 -0.036 
36.000 -0.037 
37.000 -0.038 
38.000 -0.039 
39.000 -0.040 
40.000 -0.041 
41.000 -0.042 
42.000 -0.042 
43.000 -0.043 
44.000 -0.044 
45.000 -0.044 
46.000 -0.045 
47.000 -0.046 
48.000 -0.047 
49.000 -0.047 
50.000 -0.048 
51.000 -0.049 
52.000 -0.049 
53.000 -0.050 
54.000 -0.051 
55.000 -0.051 
56.000 -0.052 
57.000 -0.052 
58.000 -0.053 
59.000 -0.054 
60.000 -0.054 
61.000 -0.055 
62.000 -0.055 
63.000 -0.056 
64.000 -0.056 
65.000 -0.057 
66.000 -0.058 
67.000 -0.058 
68.000 -0.059 
69.000 -0.059 
70.000 -0.060 
71.000 -0.060 
72.000 -0.061 
73.000 -0.061 
74.000 -0.062 
75.000 -0.062 
76.000 -0.062 
77.000 -0.063 
78.000 -0.063 
79.000 -0.064 
80.000 -0.064 
81.000 -0.065 
82.000 -0.065 
83.000 -0.065 
84.000 -0.066 
85.000 -0.066 
86.000 -0.067 
87.000 -0.067 
88.000 -0.067 
89.000 -0.068 
90.000 -0.068 
91.000 -0.069 
92.000 -0.069 
93.000 -0.069 
94.000 -0.070 
95.000 -0.070 
96.000 -0.070 
97.000 -0.071 
98.000 -0.071 
99.000 -0.071 
100.000 -0.072 
101.000 -0.072 
102.000 -0.072 
103.000 -0.073 
104.000 -0.073 
105.000 -0.073 
106.000 -0.074 
107.000 -0.074 
108.000 -0.074 
109.000 -0.075 
110.000 -0.075 
111.000 -0.075 
112.000 -0.076 
113.000 -0.076 
114.000 -0.076 
115.000 -0.076 
116.000 -0.077 
117.000 -0.077 
118.000 -0.077 
119.000 -0.078 
120.000 -0.078 
121.000 -0.078 
122.000 -0.078 
123.000 -0.079 
124.000 -0.079 
125.000 -0.079 
126.000 -0.079 
127.000 -0.079 
128.000 -0.078 
129.000 -0.077 
130.000 -0.077 
131.000 -0.077 
132.000 -0.077 
133.000 -0.078 
134.000 -0.078 
135.000 -0.078 
136.000 -0.078 
137.000 -0.078 
138.000 -0.078 
139.000 -0.078 
140.000 -0.078 
141.000 -0.078 
142.000 -0.078 
143.000 -0.078 
144.000 -0.078 
145.000 -0.078 
146.000 -0.078 
147.000 -0.078 
148.000 -0.078 
149.000 -0.078 
150.000 -0.078 
151.000 -0.078 
152.000 -0.078 
153.000 -0.078 
154.000 -0.078 
155.000 -0.078 
156.000 -0.078 
157.000 -0.078 
158.000 -0.078 
159.000 -0.078 
160.000 -0.078 
161.000 -0.078 
162.000 -0.078 
163.000 -0.078 
164.000 -0.078 
165.000 -0.078 
166.000 -0.078 
167.000 -0.078 
168.000 -0.078 
169.000 -0.078 
170.000 -0.078 
171.000 -0.078 
172.000 -0.078 
173.000 -0.078 
174.000 -0.078 
175.000 -0.078 
176.000 -0.078 
177.000 -0.078 
178.000 -0.078 
179.000 -0.078 
180.000 -0.078 
181.000 -0.078 
182.000 -0.078 
183.000 -0.078 
184.000 -0.078 
185.000 -0.078 
186.000 -0.078 
187.000 -0.078 
188.000 -0.078 
189.000 -0.078 
190.000 -0.078 
191.000 -0.078 
192.000 -0.078 
193.000 -0.078 
194.000 -0.078 
195.000 -0.078 
196.000 -0.078 
197.000 -0.078 
198.000 -0.078 
199.000 -0.079 
200.000 -0.079 
201.000 -0.079 
202.000 -0.079 
203.000 -0.079 
204.000 -0.079 
205.000 -0.079 
206.000 -0.079 
207.000 -0.079 
208.000 -0.079 
209.000 -0.079 
210.000 -0.079 
211.000 -0.079 
212.000 -0.079 
213.000 -0.079 
214.000 -0.079 
215.000 -0.079 
216.000 -0.079 
217.000 -0.079 
218.000 -0.079 
219.000 -0.079 
220.000 -0.079 
221.000 -0.079 
222.000 -0.079 
223.000 -0.079 
224.000 -0.079 
225.000 -0.079 
226.000 -0.079 
227.000 -0.079 
228.000 -0.079 
229.000 -0.079 
230.000 -0.079 
231.000 -0.079 
232.000 -0.079 
233.000 -0.079 
234.000 -0.079 
235.000 -0.079 
236.000 -0.079 
237.000 -0.079 
238.000 -0.079 
239.000 -0.079 
240.000 -0.079 
241.000 -0.079 
242.000 -0.079 
243.000 -0.079 
244.000 -0.079 
245.000 -0.079 
246.000 -0.077 
247.000 -0.071 
248.000 -0.062 
249.000 -0.055 
250.000 -0.052 
251.000 -0.051 
252.000 -0.052 
253.000 -0.054 
254.000 -0.055 
255.000 -0.055 
256.000 -0.054 
257.000 -0.051 
258.000 -0.047 
259.000 -0.043 
260.000 -0.039 
261.000 -0.036 
262.000 -0.033 
263.000 -0.031 
264.000 -0.029 
265.000 -0.027 
266.000 -0.025 
267.000 -0.023 
268.000 -0.020 
269.000 -0.017 
270.000 -0.013 
271.000 -0.010 
272.000 -0.006 
273.000 -0.003 
274.000 0.000 
275.000 0.003 
276.000 0.006 
277.000 0.010 
278.000 0.013 
279.000 0.016 
280.000 0.020 
281.000 0.023 
282.000 0.027 
283.000 0.030 
284.000 0.034 
285.000 0.038 
286.000 0.041 
287.000 0.045 
288.000 0.049 
289.000 0.052 
290.000 0.056 
291.000 0.059 
292.000 0.063 
293.000 0.067 
294.000 0.071 
295.000 0.074 
296.000 0.078 
297.000 0.082 
298.000 0.085 
299.000 0.089 
300.000 0.093 
301.000 0.096 
302.000 0.100 
303.000 0.103 
304.000 0.107 
305.000 0.110 
306.000 0.114 
307.000 0.117 
308.000 0.121 
309.000 0.124 
310.000 0.127 
311.000 0.130 
312.000 0.134 
313.000 0.137 
314.000 0.140 
315.000 0.143 
316.000 0.146 
317.000 0.149 
318.000 0.152 
319.000 0.155 
320.000 0.158 
321.000 0.161 
322.000 0.163 
323.000 0.166 
324.000 0.169 
325.000 0.171 
326.000 0.174 
327.000 0.176 
328.000 0.179 
329.000 0.181 
330.000 0.183 
331.000 0.185 
332.000 0.188 
333.000 0.190 
334.000 0.192 
335.000 0.194 
336.000 0.196 
337.000 0.198 
338.000 0.200 
339.000 0.202 
340.000 0.203 
341.000 0.205 
342.000 0.207 
343.000 0.209 
344.000 0.210 
345.000 0.212 
346.000 0.213 
347.000 0.215 
348.000 0.216 
349.000 0.218 
350.000 0.219 
351.000 0.220 
352.000 0.222 
353.000 0.223 
354.000 0.224 
355.000 0.225 
356.000 0.226 
357.000 0.227 
358.000 0.229 
359.000 0.230 
360.000 0.231 
361.000 0.232 
362.000 0.233 
363.000 0.233 
364.000 0.234 
365.000 0.235 
366.000 0.262 
367.000 0.324 
368.000 0.408 
369.000 0.493 
370.000 0.565 
371.000 0.613 
372.000 0.634 
373.000 0.629 
374.000 0.607 
375.000 0.578 
376.000 0.551 
377.000 0.534 
378.000 0.531 
379.000 0.545 
380.000 0.573 
381.000 0.612 
382.000 0.656 
383.000 0.700 
384.000 0.737 
385.000 0.765 
386.000 0.781 
387.000 0.786 
388.000 0.782 
389.000 0.773 
390.000 0.763 
391.000 0.755 
392.000 0.752 
393.000 0.755 
394.000 0.764 
395.000 0.779 
396.000 0.796 
397.000 0.815 
398.000 0.832 
399.000 0.846 
400.000 0.856 
401.000 0.860 
402.000 0.861 
403.000 0.858 
404.000 0.853 
405.000 0.849 
406.000 0.845 
407.000 0.844 
408.000 0.846 
409.000 0.850 
410.000 0.856 
411.000 0.863 
412.000 0.871 
413.000 0.877 
414.000 0.882 
415.000 0.885 
416.000 0.886 
417.000 0.886 
418.000 0.884 
419.000 0.882 
420.000 0.880 
421.000 0.878 
422.000 0.878 
423.000 0.879 
424.000 0.880 
425.000 0.883 
426.000 0.886 
427.000 0.889 
428.000 0.891 
429.000 0.893 
430.000 0.894 
431.000 0.894 
432.000 0.893 
433.000 0.892 
434.000 0.891 
435.000 0.890 
436.000 0.890 
437.000 0.890 
438.000 0.890 
439.000 0.891 
440.000 0.892 
441.000 0.893 
442.000 0.894 
443.000 0.895 
444.000 0.895 
445.000 0.896 
446.000 0.896 
447.000 0.895 
448.000 0.895 
449.000 0.894 
450.000 0.894 
451.000 0.894 
452.000 0.894 
453.000 0.894 
454.000 0.894 
455.000 0.895 
456.000 0.895 
457.000 0.895 
458.000 0.896 
459.000 0.896 
460.000 0.896 
461.000 0.896 
462.000 0.896 
463.000 0.896 
464.000 0.895 
465.000 0.895 
466.000 0.895 
467.000 0.895 
468.000 0.895 
469.000 0.895 
470.000 0.896 
471.000 0.896 
472.000 0.896 
473.000 0.896 
474.000 0.896 
475.000 0.896 
476.000 0.896 
477.000 0.896 
478.000 0.896 
479.000 0.896 
480.000 0.896 
481.000 0.896 
482.000 0.896 
483.000 0.896 
484.000 0.896 
485.000 0.896 
486.000 1.011 
487.000 1.263 
488.000 1.602 
489.000 1.990 
490.000 2.399 
491.000 2.806 
492.000 3.199 
493.000 3.565 
494.000 3.900 
495.000 4.200 
496.000 4.380 
497.000 4.382 
498.000 4.227 
499.000 3.971 
500.000 3.669 
501.000 3.376 
502.000 3.131 
503.000 2.965 
504.000 2.891 
505.000 2.912 
506.000 3.019 
507.000 3.190 
508.000 3.400 
509.000 3.630 
510.000 3.853 
511.000 4.039 
512.000 4.166 
513.000 4.223 
514.000 4.206 
515.000 4.124 
516.000 3.993 
517.000 3.832 
518.000 3.666 
519.000 3.516 
520.000 3.397 
521.000 3.320 
522.000 3.290 
523.000 3.306 
524.000 3.360 
525.000 3.443 
526.000 3.540 
527.000 3.639 
528.000 3.727 
529.000 3.792 
530.000 3.829 
531.000 3.833 
532.000 3.808 
533.000 3.758 
534.000 3.692 
535.000 3.619 
536.000 3.549 
537.000 3.491 
538.000 3.451 
539.000 3.430 
540.000 3.431 
541.000 3.452 
542.000 3.486 
543.000 3.530 
544.000 3.577 
545.000 3.620 
546.000 3.655 
547.000 3.678 
548.000 3.686 
549.000 3.680 
550.000 3.662 
551.000 3.635 
552.000 3.604 
553.000 3.572 
554.000 3.544 
555.000 3.522 
556.000 3.510 
557.000 3.507 
558.000 3.513 
559.000 3.527 
560.000 3.546 
561.000 3.567 
562.000 3.588 
563.000 3.605 
564.000 3.618 
565.000 3.624 
566.000 3.624 
567.000 3.618 
568.000 3.607 
569.000 3.593 
570.000 3.579 
571.000 3.565 
572.000 3.554 
573.000 3.547 
574.000 3.544 
575.000 3.546 
576.000 3.551 
577.000 3.559 
578.000 3.568 
579.000 3.578 
580.000 3.586 
581.000 3.593 
582.000 3.597 
583.000 3.598 
584.000 3.596 
585.000 3.592 
586.000 3.586 
587.000 3.580 
588.000 3.573 
589.000 3.568 
590.000 3.564 
591.000 3.562 
592.000 3.562 
593.000 3.563 
594.000 3.567 
595.000 3.571 
596.000 3.575 
597.000 3.579 
598.000 3.583 
599.000 3.585 
600.000 3.586 
601.000 3.585 
602.000 3.584 
603.000 3.582 
604.000 3.579 
605.000 3.576 
606.000 3.629 
607.000 3.739 
608.000 3.886 
609.000 4.054 
610.000 4.229 
611.000 4.404 
612.000 4.573 
613.000 4.730 
614.000 4.873 
615.000 5.001 
616.000 5.114 
617.000 5.211 
618.000 5.295 
619.000 5.365 
620.000 5.423 
621.000 5.471 
622.000 5.509 
623.000 5.539 
624.000 5.563 
625.000 5.581 
626.000 5.594 
627.000 5.603 
628.000 5.609 
629.000 5.613 
630.000 5.615 
631.000 5.616 
632.000 5.616 
633.000 5.614 
634.000 5.613 
635.000 5.611 
636.000 5.609 
637.000 5.608 
638.000 5.606 
639.000 5.604 
640.000 5.602 
641.000 5.601 
642.000 5.600 
643.000 5.599 
644.000 5.598 
645.000 5.597 
646.000 5.596 
647.000 5.596 
648.000 5.595 
649.000 5.595 
650.000 5.595 
651.000 5.594 
652.000 5.594 
653.000 5.594 
654.000 5.594 
655.000 5.594 
656.000 5.594 
657.000 5.594 
658.000 5.594 
659.000 5.594 
660.000 5.594 
661.000 5.594 
662.000 5.594 
663.000 5.594 
664.000 5.594 
665.000 5.594 
666.000 5.594 
667.000 5.594 
668.000 5.594 
669.000 5.594 
670.000 5.594 
671.000 5.594 
672.000 5.594 
673.000 5.594 
674.000 5.594 
675.000 5.594 
676.000 5.594 
677.000 5.594 
678.000 5.594 
679.000 5.594 
680.000 5.594 
681.000 5.594 
682.000 5.594 
683.000 5.594 
684.000 5.594 
685.000 5.594 
686.000 5.594 
687.000 5.594 
688.000 5.594 
689.000 5.594 
690.000 5.594 
691.000 5.594 
692.000 5.594 
693.000 5.594 
694.000 5.594 
695.000 5.594 
696.000 5.594 
697.000 5.594 
698.000 5.594 
699.000 5.594 
700.000 5.594 
701.000 5.594 
702.000 5.594 
703.000 5.594 
704.000 5.594 
705.000 5.594 
706.000 5.594 
707.000 5.594 
708.000 5.594 
709.000 5.594 
710.000 5.594 
711.000 5.594 
712.000 5.594 
713.000 5.594 
714.000 5.594 
715.000 5.594 
716.000 5.594 
717.000 5.594 
718.000 5.594 
719.000 5.594 
720.000 5.594 
721.000 5.594 
722.000 5.594 
723.000 5.594 
724.000 5.594 
725.000 5.594 
726.000 5.594 
727.000 5.594 
728.000 5.594 
729.000 5.594 
730.000 5.594 
731.000 5.594 
732.000 5.594 
733.000 5.594 
734.000 5.594 
735.000 5.594 
736.000 5.594 
737.000 5.594 
738.000 5.594 
739.000 5.594 
740.000 5.594 
741.000 5.594 
742.000 5.594 
743.000 5.594 
744.000 5.594 
745.000 5.594 
746.000 5.594 
747.000 5.594 
748.000 5.594 
749.000 5.594 
750.000 5.594 
751.000 5.594 
752.000 5.594 
753.000 5.594 
754.000 5.594 
755.000 5.594 
756.000 5.594 
757.000 5.594 
758.000 5.594 
759.000 5.594 
760.000 5.594 
761.000 5.594 
762.000 5.594 
763.000 5.594 
764.000 5.594 
765.000 5.594 
766.000 5.594 
767.000 5.594 
768.000 5.594 
769.000 5.594 
770.000 5.594 
771.000 5.594 
772.000 5.594 
773.000 5.594 
774.000 5.594 
775.000 5.594 
776.000 5.594 
777.000 5.594 
778.000 5.594 
779.000 5.594 
780.000 5.594 
781.000 5.594 
782.000 5.594 
783.000 5.594 
784.000 5.594 
785.000 5.594 
786.000 5.594 
787.000 5.594 
788.000 5.594 
789.000 5.594 
790.000 5.594 
791.000 5.594 
792.000 5.594 
793.000 5.594 
794.000 5.594 
795.000 5.594 
796.000 5.594 
797.000 5.594 
798.000 5.594 
799.000 5.594 
800.000 5.594 
