1.000 0.000 
2.000 0.000 
3.000 0.000 
4.000 0.000 
5.000 0.000 
6.000 0.000 
7.000 0.000 
8.000 0.000 
9.000 0.000 
10.000 0.000 
11.000 0.000 
12.000 -0.002 
13.000 -0.007 
14.000 -0.013 
15.000 -0.018 
16.000 -0.022 
17.000 -0.024 
18.000 -0.025 
19.000 -0.024 
20.000 -0.022 
21.000 -0.021 
22.000 -0.021 
23.000 -0.021 
24.000 -0.023 
25.000 -0.025 
26.000 -0.027 
27.000 -0.030 
28.000 -0.032 
29.000 -0.033 
30.000 -0.034 
31.000 -0.035 
32.000 -0.035 
33.000 -0.035 
34.000 -0.036 
35.000 -0.036 
36.000 -0.037 
37.000 -0.038 
38.000 -0.040 
39.000 -0.041 
40.000 -0.042 
41.000 -0.043 
42.000 -0.044 
43.000 -0.044 
44.000 -0.045 
45.000 -0.045 
46.000 -0.046 
47.000 -0.047 
48.000 -0.047 
49.000 -0.048 
50.000 -0.049 
51.000 -0.050 
52.000 -0.050 
53.000 -0.051 
54.000 -0.052 
55.000 -0.052 
56.000 -0.053 
57.000 -0.054 
58.000 -0.054 
59.000 -0.055 
60.000 -0.055 
61.000 -0.056 
62.000 -0.056 
63.000 -0.057 
64.000 -0.058 
65.000 -0.058 
66.000 -0.059 
67.000 -0.059 
68.000 -0.060 
69.000 -0.060 
70.000 -0.061 
71.000 -0.061 
72.000 -0.062 
73.000 -0.062 
74.000 -0.063 
75.000 -0.063 
76.000 -0.063 
77.000 -0.064 
78.000 -0.064 
79.000 -0.065 
80.000 -0.065 
81.000 -0.066 
82.000 -0.066 
83.000 -0.067 
84.000 -0.067 
85.000 -0.067 
86.000 -0.068 
87.000 -0.068 
88.000 -0.069 
89.000 -0.069 
90.000 -0.069 
91.000 -0.070 
92.000 -0.070 
93.000 -0.070 
94.000 -0.071 
95.000 -0.071 
96.000 -0.072 
97.000 -0.072 
98.000 -0.072 
99.000 -0.073 
100.000 -0.073 
101.000 -0.073 
102.000 -0.074 
103.000 -0.074 
104.000 -0.074 
105.000 -0.075 
106.000 -0.075 
107.000 -0.075 
108.000 -0.075 
109.000 -0.076 
110.000 -0.076 
111.000 -0.076 
112.000 -0.077 
113.000 -0.077 
114.000 -0.077 
115.000 -0.078 
116.000 -0.078 
117.000 -0.078 
118.000 -0.078 
119.000 -0.079 
120.000 -0.079 
121.000 -0.079 
122.000 -0.079 
123.000 -0.080 
124.000 -0.080 
125.000 -0.080 
126.000 -0.080 
127.000 -0.080 
128.000 -0.079 
129.000 -0.078 
130.000 -0.078 
131.000 -0.078 
132.000 -0.078 
133.000 -0.078 
134.000 -0.079 
135.000 -0.079 
136.000 -0.080 
137.000 -0.080 
138.000 -0.079 
139.000 -0.079 
140.000 -0.079 
141.000 -0.079 
142.000 -0.079 
143.000 -0.079 
144.000 -0.079 
145.000 -0.079 
146.000 -0.079 
147.000 -0.079 
148.000 -0.079 
149.000 -0.079 
150.000 -0.079 
151.000 -0.079 
152.000 -0.079 
153.000 -0.079 
154.000 -0.079 
155.000 -0.079 
156.000 -0.079 
157.000 -0.079 
158.000 -0.079 
159.000 -0.079 
160.000 -0.079 
161.000 -0.079 
162.000 -0.079 
163.000 -0.079 
164.000 -0.079 
165.000 -0.079 
166.000 -0.079 
167.000 -0.079 
168.000 -0.079 
169.000 -0.079 
170.000 -0.079 
171.000 -0.079 
172.000 -0.079 
173.000 -0.079 
174.000 -0.079 
175.000 -0.079 
176.000 -0.079 
177.000 -0.079 
178.000 -0.079 
179.000 -0.079 
180.000 -0.079 
181.000 -0.079 
182.000 -0.079 
183.000 -0.079 
184.000 -0.079 
185.000 -0.079 
186.000 -0.079 
187.000 -0.079 
188.000 -0.079 
189.000 -0.079 
190.000 -0.079 
191.000 -0.079 
192.000 -0.079 
193.000 -0.079 
194.000 -0.079 
195.000 -0.079 
196.000 -0.079 
197.000 -0.079 
198.000 -0.079 
199.000 -0.079 
200.000 -0.079 
201.000 -0.079 
202.000 -0.079 
203.000 -0.079 
204.000 -0.079 
205.000 -0.079 
206.000 -0.079 
207.000 -0.079 
208.000 -0.079 
209.000 -0.079 
210.000 -0.079 
211.000 -0.079 
212.000 -0.079 
213.000 -0.079 
214.000 -0.079 
215.000 -0.079 
216.000 -0.079 
217.000 -0.079 
218.000 -0.079 
219.000 -0.079 
220.000 -0.079 
221.000 -0.079 
222.000 -0.079 
223.000 -0.079 
224.000 -0.079 
225.000 -0.079 
226.000 -0.079 
227.000 -0.079 
228.000 -0.079 
229.000 -0.079 
230.000 -0.079 
231.000 -0.079 
232.000 -0.079 
233.000 -0.079 
234.000 -0.079 
235.000 -0.079 
236.000 -0.079 
237.000 -0.079 
238.000 -0.079 
239.000 -0.079 
240.000 -0.079 
241.000 -0.079 
242.000 -0.079 
243.000 -0.079 
244.000 -0.079 
245.000 -0.079 
246.000 -0.078 
247.000 -0.073 
248.000 -0.065 
249.000 -0.057 
250.000 -0.051 
251.000 -0.049 
252.000 -0.049 
253.000 -0.051 
254.000 -0.053 
255.000 -0.054 
256.000 -0.054 
257.000 -0.053 
258.000 -0.050 
259.000 -0.045 
260.000 -0.040 
261.000 -0.035 
262.000 -0.031 
263.000 -0.028 
264.000 -0.025 
265.000 -0.024 
266.000 -0.022 
267.000 -0.021 
268.000 -0.019 
269.000 -0.016 
270.000 -0.013 
271.000 -0.009 
272.000 -0.005 
273.000 -0.001 
274.000 0.003 
275.000 0.007 
276.000 0.010 
277.000 0.013 
278.000 0.016 
279.000 0.019 
280.000 0.023 
281.000 0.026 
282.000 0.029 
283.000 0.033 
284.000 0.037 
285.000 0.041 
286.000 0.046 
287.000 0.050 
288.000 0.053 
289.000 0.057 
290.000 0.061 
291.000 0.064 
292.000 0.068 
293.000 0.072 
294.000 0.075 
295.000 0.079 
296.000 0.083 
297.000 0.087 
298.000 0.091 
299.000 0.095 
300.000 0.098 
301.000 0.102 
302.000 0.106 
303.000 0.109 
304.000 0.113 
305.000 0.116 
306.000 0.120 
307.000 0.123 
308.000 0.127 
309.000 0.130 
310.000 0.133 
311.000 0.137 
312.000 0.140 
313.000 0.143 
314.000 0.146 
315.000 0.149 
316.000 0.152 
317.000 0.155 
318.000 0.158 
319.000 0.161 
320.000 0.164 
321.000 0.167 
322.000 0.169 
323.000 0.172 
324.000 0.175 
325.000 0.177 
326.000 0.180 
327.000 0.182 
328.000 0.184 
329.000 0.187 
330.000 0.189 
331.000 0.191 
332.000 0.193 
333.000 0.195 
334.000 0.197 
335.000 0.199 
336.000 0.201 
337.000 0.203 
338.000 0.205 
339.000 0.207 
340.000 0.208 
341.000 0.210 
342.000 0.212 
343.000 0.213 
344.000 0.215 
345.000 0.216 
346.000 0.218 
347.000 0.219 
348.000 0.221 
349.000 0.222 
350.000 0.223 
351.000 0.224 
352.000 0.226 
353.000 0.227 
354.000 0.228 
355.000 0.229 
356.000 0.230 
357.000 0.231 
358.000 0.232 
359.000 0.233 
360.000 0.234 
361.000 0.235 
362.000 0.236 
363.000 0.237 
364.000 0.237 
365.000 0.238 
366.000 0.260 
367.000 0.315 
368.000 0.396 
369.000 0.488 
370.000 0.574 
371.000 0.642 
372.000 0.681 
373.000 0.688 
374.000 0.667 
375.000 0.629 
376.000 0.585 
377.000 0.547 
378.000 0.523 
379.000 0.518 
380.000 0.534 
381.000 0.570 
382.000 0.621 
383.000 0.680 
384.000 0.740 
385.000 0.791 
386.000 0.828 
387.000 0.847 
388.000 0.847 
389.000 0.832 
390.000 0.807 
391.000 0.778 
392.000 0.752 
393.000 0.735 
394.000 0.729 
395.000 0.736 
396.000 0.755 
397.000 0.784 
398.000 0.817 
399.000 0.850 
400.000 0.879 
401.000 0.899 
402.000 0.909 
403.000 0.907 
404.000 0.897 
405.000 0.879 
406.000 0.860 
407.000 0.841 
408.000 0.828 
409.000 0.821 
410.000 0.823 
411.000 0.832 
412.000 0.847 
413.000 0.865 
414.000 0.884 
415.000 0.901 
416.000 0.913 
417.000 0.919 
418.000 0.918 
419.000 0.911 
420.000 0.900 
421.000 0.888 
422.000 0.875 
423.000 0.865 
424.000 0.860 
425.000 0.859 
426.000 0.863 
427.000 0.871 
428.000 0.881 
429.000 0.893 
430.000 0.903 
431.000 0.910 
432.000 0.914 
433.000 0.914 
434.000 0.910 
435.000 0.904 
436.000 0.896 
437.000 0.888 
438.000 0.882 
439.000 0.877 
440.000 0.876 
441.000 0.878 
442.000 0.882 
443.000 0.888 
444.000 0.894 
445.000 0.901 
446.000 0.905 
447.000 0.908 
448.000 0.908 
449.000 0.907 
450.000 0.903 
451.000 0.898 
452.000 0.893 
453.000 0.889 
454.000 0.886 
455.000 0.885 
456.000 0.885 
457.000 0.887 
458.000 0.891 
459.000 0.895 
460.000 0.898 
461.000 0.902 
462.000 0.904 
463.000 0.904 
464.000 0.903 
465.000 0.901 
466.000 0.898 
467.000 0.895 
468.000 0.892 
469.000 0.890 
470.000 0.889 
471.000 0.889 
472.000 0.891 
473.000 0.892 
474.000 0.895 
475.000 0.897 
476.000 0.899 
477.000 0.901 
478.000 0.901 
479.000 0.901 
480.000 0.900 
481.000 0.898 
482.000 0.896 
483.000 0.894 
484.000 0.893 
485.000 0.892 
486.000 0.994 
487.000 1.229 
488.000 1.557 
489.000 1.939 
490.000 2.345 
491.000 2.754 
492.000 3.148 
493.000 3.518 
494.000 3.857 
495.000 4.162 
496.000 4.431 
497.000 4.610 
498.000 4.633 
499.000 4.488 
500.000 4.212 
501.000 3.865 
502.000 3.511 
503.000 3.201 
504.000 2.972 
505.000 2.847 
506.000 2.833 
507.000 2.921 
508.000 3.082 
509.000 3.289 
510.000 3.521 
511.000 3.763 
512.000 4.002 
513.000 4.230 
514.000 4.439 
515.000 4.593 
516.000 4.663 
517.000 4.643 
518.000 4.540 
519.000 4.374 
520.000 4.170 
521.000 3.957 
522.000 3.759 
523.000 3.597 
524.000 3.484 
525.000 3.428 
526.000 3.428 
527.000 3.478 
528.000 3.568 
529.000 3.682 
530.000 3.802 
531.000 3.910 
532.000 3.991 
533.000 4.031 
534.000 4.026 
535.000 3.973 
536.000 3.881 
537.000 3.761 
538.000 3.629 
539.000 3.501 
540.000 3.393 
541.000 3.315 
542.000 3.276 
543.000 3.277 
544.000 3.317 
545.000 3.388 
546.000 3.481 
547.000 3.584 
548.000 3.683 
549.000 3.767 
550.000 3.825 
551.000 3.850 
552.000 3.840 
553.000 3.798 
554.000 3.729 
555.000 3.645 
556.000 3.556 
557.000 3.474 
558.000 3.409 
559.000 3.368 
560.000 3.354 
561.000 3.369 
562.000 3.409 
563.000 3.469 
564.000 3.539 
565.000 3.613 
566.000 3.680 
567.000 3.731 
568.000 3.762 
569.000 3.769 
570.000 3.751 
571.000 3.713 
572.000 3.659 
573.000 3.597 
574.000 3.535 
575.000 3.481 
576.000 3.442 
577.000 3.421 
578.000 3.421 
579.000 3.439 
580.000 3.475 
581.000 3.521 
582.000 3.573 
583.000 3.624 
584.000 3.667 
585.000 3.697 
586.000 3.711 
587.000 3.708 
588.000 3.689 
589.000 3.656 
590.000 3.615 
591.000 3.571 
592.000 3.529 
593.000 3.495 
594.000 3.473 
595.000 3.464 
596.000 3.470 
597.000 3.489 
598.000 3.518 
599.000 3.553 
600.000 3.590 
601.000 3.624 
602.000 3.651 
603.000 3.667 
604.000 3.672 
605.000 3.664 
606.000 3.709 
607.000 3.811 
608.000 3.949 
609.000 4.108 
610.000 4.276 
611.000 4.443 
612.000 4.605 
613.000 4.756 
614.000 4.894 
615.000 5.018 
616.000 5.127 
617.000 5.221 
618.000 5.302 
619.000 5.370 
620.000 5.427 
621.000 5.473 
622.000 5.510 
623.000 5.540 
624.000 5.563 
625.000 5.580 
626.000 5.593 
627.000 5.602 
628.000 5.608 
629.000 5.612 
630.000 5.614 
631.000 5.615 
632.000 5.615 
633.000 5.614 
634.000 5.612 
635.000 5.611 
636.000 5.609 
637.000 5.607 
638.000 5.605 
639.000 5.604 
640.000 5.602 
641.000 5.601 
642.000 5.600 
643.000 5.598 
644.000 5.598 
645.000 5.597 
646.000 5.596 
647.000 5.596 
648.000 5.595 
649.000 5.595 
650.000 5.595 
651.000 5.594 
652.000 5.594 
653.000 5.594 
654.000 5.594 
655.000 5.594 
656.000 5.594 
657.000 5.594 
658.000 5.594 
659.000 5.594 
660.000 5.594 
661.000 5.594 
662.000 5.594 
663.000 5.594 
664.000 5.594 
665.000 5.594 
666.000 5.594 
667.000 5.594 
668.000 5.594 
669.000 5.594 
670.000 5.594 
671.000 5.594 
672.000 5.594 
673.000 5.594 
674.000 5.594 
675.000 5.594 
676.000 5.594 
677.000 5.594 
678.000 5.594 
679.000 5.594 
680.000 5.594 
681.000 5.594 
682.000 5.594 
683.000 5.594 
684.000 5.594 
685.000 5.594 
686.000 5.594 
687.000 5.594 
688.000 5.594 
689.000 5.594 
690.000 5.594 
691.000 5.594 
692.000 5.594 
693.000 5.594 
694.000 5.594 
695.000 5.594 
696.000 5.594 
697.000 5.594 
698.000 5.594 
699.000 5.594 
700.000 5.594 
701.000 5.594 
702.000 5.594 
703.000 5.594 
704.000 5.594 
705.000 5.594 
706.000 5.594 
707.000 5.594 
708.000 5.594 
709.000 5.594 
710.000 5.594 
711.000 5.594 
712.000 5.594 
713.000 5.594 
714.000 5.594 
715.000 5.594 
716.000 5.594 
717.000 5.594 
718.000 5.594 
719.000 5.594 
720.000 5.594 
721.000 5.594 
722.000 5.594 
723.000 5.594 
724.000 5.594 
725.000 5.594 
726.000 5.594 
727.000 5.594 
728.000 5.594 
729.000 5.594 
730.000 5.594 
731.000 5.594 
732.000 5.594 
733.000 5.594 
734.000 5.594 
735.000 5.594 
736.000 5.594 
737.000 5.594 
738.000 5.594 
739.000 5.594 
740.000 5.594 
741.000 5.594 
742.000 5.594 
743.000 5.594 
744.000 5.594 
745.000 5.594 
746.000 5.594 
747.000 5.594 
748.000 5.594 
749.000 5.594 
750.000 5.594 
751.000 5.594 
752.000 5.594 
753.000 5.594 
754.000 5.594 
755.000 5.594 
756.000 5.594 
757.000 5.594 
758.000 5.594 
759.000 5.594 
760.000 5.594 
761.000 5.594 
762.000 5.594 
763.000 5.594 
764.000 5.594 
765.000 5.594 
766.000 5.594 
767.000 5.594 
768.000 5.594 
769.000 5.594 
770.000 5.594 
771.000 5.594 
772.000 5.594 
773.000 5.594 
774.000 5.594 
775.000 5.594 
776.000 5.594 
777.000 5.594 
778.000 5.594 
779.000 5.594 
780.000 5.594 
781.000 5.594 
782.000 5.594 
783.000 5.594 
784.000 5.594 
785.000 5.594 
786.000 5.594 
787.000 5.594 
788.000 5.594 
789.000 5.594 
790.000 5.594 
791.000 5.594 
792.000 5.594 
793.000 5.594 
794.000 5.594 
795.000 5.594 
796.000 5.594 
797.000 5.594 
798.000 5.594 
799.000 5.594 
800.000 5.594 
