1.000 0.000 
2.000 0.000 
3.000 0.000 
4.000 0.000 
5.000 0.000 
6.000 0.000 
7.000 0.000 
8.000 0.000 
9.000 0.000 
10.000 0.000 
11.000 0.000 
12.000 -0.001 
13.000 -0.003 
14.000 -0.006 
15.000 -0.010 
16.000 -0.013 
17.000 -0.016 
18.000 -0.018 
19.000 -0.019 
20.000 -0.020 
21.000 -0.020 
22.000 -0.020 
23.000 -0.020 
24.000 -0.021 
25.000 -0.021 
26.000 -0.022 
27.000 -0.023 
28.000 -0.024 
29.000 -0.025 
30.000 -0.026 
31.000 -0.027 
32.000 -0.029 
33.000 -0.030 
34.000 -0.030 
35.000 -0.031 
36.000 -0.032 
37.000 -0.033 
38.000 -0.034 
39.000 -0.034 
40.000 -0.035 
41.000 -0.036 
42.000 -0.036 
43.000 -0.037 
44.000 -0.038 
45.000 -0.039 
46.000 -0.039 
47.000 -0.040 
48.000 -0.041 
49.000 -0.041 
50.000 -0.042 
51.000 -0.043 
52.000 -0.043 
53.000 -0.044 
54.000 -0.045 
55.000 -0.045 
56.000 -0.046 
57.000 -0.046 
58.000 -0.047 
59.000 -0.048 
60.000 -0.048 
61.000 -0.049 
62.000 -0.049 
63.000 -0.050 
64.000 -0.050 
65.000 -0.051 
66.000 -0.051 
67.000 -0.052 
68.000 -0.052 
69.000 -0.053 
70.000 -0.053 
71.000 -0.054 
72.000 -0.054 
73.000 -0.055 
74.000 -0.055 
75.000 -0.056 
76.000 -0.056 
77.000 -0.057 
78.000 -0.057 
79.000 -0.058 
80.000 -0.058 
81.000 -0.058 
82.000 -0.059 
83.000 -0.059 
84.000 -0.060 
85.000 -0.060 
86.000 -0.061 
87.000 -0.061 
88.000 -0.061 
89.000 -0.062 
90.000 -0.062 
91.000 -0.062 
92.000 -0.063 
93.000 -0.063 
94.000 -0.064 
95.000 -0.064 
96.000 -0.064 
97.000 -0.065 
98.000 -0.065 
99.000 -0.065 
100.000 -0.066 
101.000 -0.066 
102.000 -0.066 
103.000 -0.067 
104.000 -0.067 
105.000 -0.067 
106.000 -0.068 
107.000 -0.068 
108.000 -0.068 
109.000 -0.069 
110.000 -0.069 
111.000 -0.069 
112.000 -0.070 
113.000 -0.070 
114.000 -0.070 
115.000 -0.070 
116.000 -0.071 
117.000 -0.071 
118.000 -0.071 
119.000 -0.072 
120.000 -0.072 
121.000 -0.072 
122.000 -0.072 
123.000 -0.073 
124.000 -0.073 
125.000 -0.073 
126.000 -0.073 
127.000 -0.073 
128.000 -0.073 
129.000 -0.073 
130.000 -0.072 
131.000 -0.072 
132.000 -0.072 
133.000 -0.072 
134.000 -0.072 
135.000 -0.072 
136.000 -0.072 
137.000 -0.073 
138.000 -0.073 
139.000 -0.073 
140.000 -0.073 
141.000 -0.073 
142.000 -0.073 
143.000 -0.073 
144.000 -0.073 
145.000 -0.073 
146.000 -0.073 
147.000 -0.073 
148.000 -0.073 
149.000 -0.073 
150.000 -0.073 
151.000 -0.073 
152.000 -0.073 
153.000 -0.073 
154.000 -0.073 
155.000 -0.073 
156.000 -0.073 
157.000 -0.073 
158.000 -0.073 
159.000 -0.073 
160.000 -0.073 
161.000 -0.073 
162.000 -0.073 
163.000 -0.073 
164.000 -0.073 
165.000 -0.073 
166.000 -0.074 
167.000 -0.074 
168.000 -0.074 
169.000 -0.074 
170.000 -0.074 
171.000 -0.074 
172.000 -0.074 
173.000 -0.074 
174.000 -0.074 
175.000 -0.074 
176.000 -0.074 
177.000 -0.074 
178.000 -0.074 
179.000 -0.074 
180.000 -0.074 
181.000 -0.074 
182.000 -0.074 
183.000 -0.074 
184.000 -0.074 
185.000 -0.074 
186.000 -0.074 
187.000 -0.074 
188.000 -0.074 
189.000 -0.074 
190.000 -0.074 
191.000 -0.074 
192.000 -0.074 
193.000 -0.074 
194.000 -0.074 
195.000 -0.074 
196.000 -0.074 
197.000 -0.074 
198.000 -0.074 
199.000 -0.074 
200.000 -0.074 
201.000 -0.074 
202.000 -0.074 
203.000 -0.074 
204.000 -0.074 
205.000 -0.074 
206.000 -0.074 
207.000 -0.074 
208.000 -0.075 
209.000 -0.075 
210.000 -0.075 
211.000 -0.075 
212.000 -0.075 
213.000 -0.075 
214.000 -0.075 
215.000 -0.075 
216.000 -0.075 
217.000 -0.075 
218.000 -0.075 
219.000 -0.075 
220.000 -0.075 
221.000 -0.075 
222.000 -0.075 
223.000 -0.075 
224.000 -0.075 
225.000 -0.075 
226.000 -0.075 
227.000 -0.075 
228.000 -0.075 
229.000 -0.075 
230.000 -0.075 
231.000 -0.075 
232.000 -0.075 
233.000 -0.075 
234.000 -0.075 
235.000 -0.075 
236.000 -0.075 
237.000 -0.075 
238.000 -0.075 
239.000 -0.075 
240.000 -0.075 
241.000 -0.075 
242.000 -0.075 
243.000 -0.075 
244.000 -0.075 
245.000 -0.075 
246.000 -0.075 
247.000 -0.072 
248.000 -0.069 
249.000 -0.065 
250.000 -0.060 
251.000 -0.057 
252.000 -0.054 
253.000 -0.053 
254.000 -0.051 
255.000 -0.051 
256.000 -0.050 
257.000 -0.050 
258.000 -0.049 
259.000 -0.048 
260.000 -0.046 
261.000 -0.044 
262.000 -0.042 
263.000 -0.040 
264.000 -0.037 
265.000 -0.034 
266.000 -0.032 
267.000 -0.029 
268.000 -0.027 
269.000 -0.025 
270.000 -0.022 
271.000 -0.020 
272.000 -0.018 
273.000 -0.016 
274.000 -0.013 
275.000 -0.011 
276.000 -0.008 
277.000 -0.006 
278.000 -0.003 
279.000 -0.000 
280.000 0.003 
281.000 0.005 
282.000 0.008 
283.000 0.011 
284.000 0.014 
285.000 0.017 
286.000 0.020 
287.000 0.023 
288.000 0.026 
289.000 0.029 
290.000 0.032 
291.000 0.035 
292.000 0.038 
293.000 0.041 
294.000 0.044 
295.000 0.047 
296.000 0.050 
297.000 0.053 
298.000 0.056 
299.000 0.059 
300.000 0.062 
301.000 0.065 
302.000 0.069 
303.000 0.072 
304.000 0.075 
305.000 0.078 
306.000 0.081 
307.000 0.084 
308.000 0.087 
309.000 0.090 
310.000 0.093 
311.000 0.096 
312.000 0.099 
313.000 0.102 
314.000 0.105 
315.000 0.108 
316.000 0.111 
317.000 0.114 
318.000 0.117 
319.000 0.120 
320.000 0.123 
321.000 0.126 
322.000 0.128 
323.000 0.131 
324.000 0.134 
325.000 0.137 
326.000 0.139 
327.000 0.142 
328.000 0.145 
329.000 0.147 
330.000 0.150 
331.000 0.152 
332.000 0.155 
333.000 0.157 
334.000 0.159 
335.000 0.162 
336.000 0.164 
337.000 0.166 
338.000 0.169 
339.000 0.171 
340.000 0.173 
341.000 0.175 
342.000 0.177 
343.000 0.179 
344.000 0.181 
345.000 0.183 
346.000 0.185 
347.000 0.187 
348.000 0.189 
349.000 0.191 
350.000 0.192 
351.000 0.194 
352.000 0.196 
353.000 0.198 
354.000 0.199 
355.000 0.201 
356.000 0.202 
357.000 0.204 
358.000 0.205 
359.000 0.207 
360.000 0.208 
361.000 0.210 
362.000 0.211 
363.000 0.212 
364.000 0.214 
365.000 0.215 
366.000 0.225 
367.000 0.249 
368.000 0.286 
369.000 0.333 
370.000 0.384 
371.000 0.435 
372.000 0.480 
373.000 0.517 
374.000 0.544 
375.000 0.560 
376.000 0.567 
377.000 0.567 
378.000 0.564 
379.000 0.559 
380.000 0.555 
381.000 0.555 
382.000 0.560 
383.000 0.570 
384.000 0.585 
385.000 0.604 
386.000 0.626 
387.000 0.651 
388.000 0.675 
389.000 0.699 
390.000 0.720 
391.000 0.738 
392.000 0.752 
393.000 0.762 
394.000 0.769 
395.000 0.773 
396.000 0.775 
397.000 0.775 
398.000 0.776 
399.000 0.777 
400.000 0.780 
401.000 0.783 
402.000 0.789 
403.000 0.795 
404.000 0.803 
405.000 0.812 
406.000 0.820 
407.000 0.829 
408.000 0.836 
409.000 0.843 
410.000 0.849 
411.000 0.853 
412.000 0.856 
413.000 0.858 
414.000 0.859 
415.000 0.860 
416.000 0.860 
417.000 0.860 
418.000 0.861 
419.000 0.862 
420.000 0.863 
421.000 0.865 
422.000 0.867 
423.000 0.869 
424.000 0.872 
425.000 0.875 
426.000 0.877 
427.000 0.880 
428.000 0.882 
429.000 0.883 
430.000 0.885 
431.000 0.885 
432.000 0.886 
433.000 0.886 
434.000 0.886 
435.000 0.886 
436.000 0.886 
437.000 0.886 
438.000 0.886 
439.000 0.887 
440.000 0.887 
441.000 0.888 
442.000 0.889 
443.000 0.889 
444.000 0.890 
445.000 0.891 
446.000 0.892 
447.000 0.892 
448.000 0.893 
449.000 0.893 
450.000 0.893 
451.000 0.893 
452.000 0.893 
453.000 0.893 
454.000 0.893 
455.000 0.893 
456.000 0.893 
457.000 0.893 
458.000 0.893 
459.000 0.894 
460.000 0.894 
461.000 0.894 
462.000 0.894 
463.000 0.894 
464.000 0.895 
465.000 0.895 
466.000 0.895 
467.000 0.895 
468.000 0.895 
469.000 0.895 
470.000 0.895 
471.000 0.895 
472.000 0.895 
473.000 0.895 
474.000 0.895 
475.000 0.895 
476.000 0.895 
477.000 0.895 
478.000 0.895 
479.000 0.895 
480.000 0.895 
481.000 0.896 
482.000 0.896 
483.000 0.896 
484.000 0.896 
485.000 0.896 
486.000 0.945 
487.000 1.074 
488.000 1.288 
489.000 1.577 
490.000 1.921 
491.000 2.300 
492.000 2.687 
493.000 3.058 
494.000 3.392 
495.000 3.669 
496.000 3.875 
497.000 4.004 
498.000 4.053 
499.000 4.029 
500.000 3.942 
501.000 3.809 
502.000 3.648 
503.000 3.477 
504.000 3.315 
505.000 3.176 
506.000 3.070 
507.000 3.005 
508.000 2.982 
509.000 3.002 
510.000 3.060 
511.000 3.150 
512.000 3.264 
513.000 3.392 
514.000 3.525 
515.000 3.654 
516.000 3.768 
517.000 3.860 
518.000 3.926 
519.000 3.962 
520.000 3.966 
521.000 3.941 
522.000 3.891 
523.000 3.820 
524.000 3.737 
525.000 3.648 
526.000 3.561 
527.000 3.482 
528.000 3.417 
529.000 3.370 
530.000 3.342 
531.000 3.334 
532.000 3.346 
533.000 3.374 
534.000 3.416 
535.000 3.467 
536.000 3.523 
537.000 3.580 
538.000 3.632 
539.000 3.677 
540.000 3.712 
541.000 3.734 
542.000 3.743 
543.000 3.739 
544.000 3.722 
545.000 3.696 
546.000 3.663 
547.000 3.626 
548.000 3.588 
549.000 3.552 
550.000 3.520 
551.000 3.495 
552.000 3.478 
553.000 3.470 
554.000 3.471 
555.000 3.479 
556.000 3.494 
557.000 3.515 
558.000 3.538 
559.000 3.563 
560.000 3.587 
561.000 3.609 
562.000 3.626 
563.000 3.639 
564.000 3.646 
565.000 3.647 
566.000 3.643 
567.000 3.634 
568.000 3.621 
569.000 3.606 
570.000 3.590 
571.000 3.574 
572.000 3.559 
573.000 3.546 
574.000 3.537 
575.000 3.531 
576.000 3.530 
577.000 3.531 
578.000 3.536 
579.000 3.544 
580.000 3.554 
581.000 3.564 
582.000 3.575 
583.000 3.585 
584.000 3.594 
585.000 3.600 
586.000 3.605 
587.000 3.607 
588.000 3.606 
589.000 3.603 
590.000 3.599 
591.000 3.593 
592.000 3.586 
593.000 3.579 
594.000 3.572 
595.000 3.566 
596.000 3.561 
597.000 3.558 
598.000 3.556 
599.000 3.556 
600.000 3.557 
601.000 3.560 
602.000 3.564 
603.000 3.568 
604.000 3.573 
605.000 3.578 
606.000 3.627 
607.000 3.730 
608.000 3.873 
609.000 4.038 
610.000 4.212 
611.000 4.387 
612.000 4.556 
613.000 4.714 
614.000 4.858 
615.000 4.988 
616.000 5.102 
617.000 5.201 
618.000 5.286 
619.000 5.358 
620.000 5.417 
621.000 5.466 
622.000 5.505 
623.000 5.536 
624.000 5.560 
625.000 5.579 
626.000 5.592 
627.000 5.602 
628.000 5.609 
629.000 5.613 
630.000 5.615 
631.000 5.616 
632.000 5.616 
633.000 5.615 
634.000 5.613 
635.000 5.611 
636.000 5.610 
637.000 5.608 
638.000 5.606 
639.000 5.604 
640.000 5.603 
641.000 5.601 
642.000 5.600 
643.000 5.599 
644.000 5.598 
645.000 5.597 
646.000 5.596 
647.000 5.596 
648.000 5.595 
649.000 5.595 
650.000 5.595 
651.000 5.594 
652.000 5.594 
653.000 5.594 
654.000 5.594 
655.000 5.594 
656.000 5.594 
657.000 5.594 
658.000 5.594 
659.000 5.594 
660.000 5.594 
661.000 5.594 
662.000 5.594 
663.000 5.594 
664.000 5.594 
665.000 5.594 
666.000 5.594 
667.000 5.594 
668.000 5.594 
669.000 5.594 
670.000 5.594 
671.000 5.594 
672.000 5.594 
673.000 5.594 
674.000 5.594 
675.000 5.594 
676.000 5.594 
677.000 5.594 
678.000 5.594 
679.000 5.594 
680.000 5.594 
681.000 5.594 
682.000 5.594 
683.000 5.594 
684.000 5.594 
685.000 5.594 
686.000 5.594 
687.000 5.594 
688.000 5.594 
689.000 5.594 
690.000 5.594 
691.000 5.594 
692.000 5.594 
693.000 5.594 
694.000 5.594 
695.000 5.594 
696.000 5.594 
697.000 5.594 
698.000 5.594 
699.000 5.594 
700.000 5.594 
701.000 5.594 
702.000 5.594 
703.000 5.594 
704.000 5.594 
705.000 5.594 
706.000 5.594 
707.000 5.594 
708.000 5.594 
709.000 5.594 
710.000 5.594 
711.000 5.594 
712.000 5.594 
713.000 5.594 
714.000 5.594 
715.000 5.594 
716.000 5.594 
717.000 5.594 
718.000 5.594 
719.000 5.594 
720.000 5.594 
721.000 5.594 
722.000 5.594 
723.000 5.594 
724.000 5.594 
725.000 5.594 
726.000 5.594 
727.000 5.594 
728.000 5.594 
729.000 5.594 
730.000 5.594 
731.000 5.594 
732.000 5.594 
733.000 5.594 
734.000 5.594 
735.000 5.594 
736.000 5.594 
737.000 5.594 
738.000 5.594 
739.000 5.594 
740.000 5.594 
741.000 5.594 
742.000 5.594 
743.000 5.594 
744.000 5.594 
745.000 5.594 
746.000 5.594 
747.000 5.594 
748.000 5.594 
749.000 5.594 
750.000 5.594 
751.000 5.594 
752.000 5.594 
753.000 5.594 
754.000 5.594 
755.000 5.594 
756.000 5.594 
757.000 5.594 
758.000 5.594 
759.000 5.594 
760.000 5.594 
761.000 5.594 
762.000 5.594 
763.000 5.594 
764.000 5.594 
765.000 5.594 
766.000 5.594 
767.000 5.594 
768.000 5.594 
769.000 5.594 
770.000 5.594 
771.000 5.594 
772.000 5.594 
773.000 5.594 
774.000 5.594 
775.000 5.594 
776.000 5.594 
777.000 5.594 
778.000 5.594 
779.000 5.594 
780.000 5.594 
781.000 5.594 
782.000 5.594 
783.000 5.594 
784.000 5.594 
785.000 5.594 
786.000 5.594 
787.000 5.594 
788.000 5.594 
789.000 5.594 
790.000 5.594 
791.000 5.594 
792.000 5.594 
793.000 5.594 
794.000 5.594 
795.000 5.594 
796.000 5.594 
797.000 5.594 
798.000 5.594 
799.000 5.594 
800.000 5.594 
