1.000 0.000 
2.000 0.000 
3.000 0.000 
4.000 0.000 
5.000 0.000 
6.000 0.000 
7.000 0.000 
8.000 0.000 
9.000 0.000 
10.000 0.000 
11.000 0.000 
12.000 -0.001 
13.000 -0.004 
14.000 -0.007 
15.000 -0.010 
16.000 -0.013 
17.000 -0.015 
18.000 -0.016 
19.000 -0.017 
20.000 -0.017 
21.000 -0.018 
22.000 -0.018 
23.000 -0.019 
24.000 -0.019 
25.000 -0.020 
26.000 -0.021 
27.000 -0.022 
28.000 -0.023 
29.000 -0.024 
30.000 -0.025 
31.000 -0.026 
32.000 -0.027 
33.000 -0.028 
34.000 -0.029 
35.000 -0.030 
36.000 -0.030 
37.000 -0.031 
38.000 -0.032 
39.000 -0.033 
40.000 -0.033 
41.000 -0.034 
42.000 -0.035 
43.000 -0.036 
44.000 -0.036 
45.000 -0.037 
46.000 -0.038 
47.000 -0.038 
48.000 -0.039 
49.000 -0.040 
50.000 -0.040 
51.000 -0.041 
52.000 -0.042 
53.000 -0.042 
54.000 -0.043 
55.000 -0.044 
56.000 -0.044 
57.000 -0.045 
58.000 -0.045 
59.000 -0.046 
60.000 -0.046 
61.000 -0.047 
62.000 -0.048 
63.000 -0.048 
64.000 -0.049 
65.000 -0.049 
66.000 -0.050 
67.000 -0.050 
68.000 -0.051 
69.000 -0.051 
70.000 -0.052 
71.000 -0.052 
72.000 -0.053 
73.000 -0.053 
74.000 -0.054 
75.000 -0.054 
76.000 -0.054 
77.000 -0.055 
78.000 -0.055 
79.000 -0.056 
80.000 -0.056 
81.000 -0.057 
82.000 -0.057 
83.000 -0.057 
84.000 -0.058 
85.000 -0.058 
86.000 -0.059 
87.000 -0.059 
88.000 -0.059 
89.000 -0.060 
90.000 -0.060 
91.000 -0.061 
92.000 -0.061 
93.000 -0.061 
94.000 -0.062 
95.000 -0.062 
96.000 -0.062 
97.000 -0.063 
98.000 -0.063 
99.000 -0.064 
100.000 -0.064 
101.000 -0.064 
102.000 -0.065 
103.000 -0.065 
104.000 -0.065 
105.000 -0.066 
106.000 -0.066 
107.000 -0.066 
108.000 -0.067 
109.000 -0.067 
110.000 -0.067 
111.000 -0.067 
112.000 -0.068 
113.000 -0.068 
114.000 -0.068 
115.000 -0.069 
116.000 -0.069 
117.000 -0.069 
118.000 -0.070 
119.000 -0.070 
120.000 -0.070 
121.000 -0.070 
122.000 -0.071 
123.000 -0.071 
124.000 -0.071 
125.000 -0.071 
126.000 -0.072 
127.000 -0.071 
128.000 -0.071 
129.000 -0.071 
130.000 -0.070 
131.000 -0.070 
132.000 -0.070 
133.000 -0.070 
134.000 -0.071 
135.000 -0.071 
136.000 -0.071 
137.000 -0.071 
138.000 -0.071 
139.000 -0.071 
140.000 -0.071 
141.000 -0.071 
142.000 -0.071 
143.000 -0.071 
144.000 -0.071 
145.000 -0.071 
146.000 -0.071 
147.000 -0.071 
148.000 -0.071 
149.000 -0.071 
150.000 -0.071 
151.000 -0.071 
152.000 -0.072 
153.000 -0.072 
154.000 -0.072 
155.000 -0.072 
156.000 -0.072 
157.000 -0.072 
158.000 -0.072 
159.000 -0.072 
160.000 -0.072 
161.000 -0.072 
162.000 -0.072 
163.000 -0.072 
164.000 -0.072 
165.000 -0.072 
166.000 -0.072 
167.000 -0.072 
168.000 -0.072 
169.000 -0.072 
170.000 -0.072 
171.000 -0.072 
172.000 -0.072 
173.000 -0.072 
174.000 -0.072 
175.000 -0.072 
176.000 -0.072 
177.000 -0.072 
178.000 -0.072 
179.000 -0.072 
180.000 -0.072 
181.000 -0.072 
182.000 -0.072 
183.000 -0.072 
184.000 -0.073 
185.000 -0.073 
186.000 -0.073 
187.000 -0.073 
188.000 -0.073 
189.000 -0.073 
190.000 -0.073 
191.000 -0.073 
192.000 -0.073 
193.000 -0.073 
194.000 -0.073 
195.000 -0.073 
196.000 -0.073 
197.000 -0.073 
198.000 -0.073 
199.000 -0.073 
200.000 -0.073 
201.000 -0.073 
202.000 -0.073 
203.000 -0.073 
204.000 -0.073 
205.000 -0.073 
206.000 -0.073 
207.000 -0.073 
208.000 -0.073 
209.000 -0.073 
210.000 -0.073 
211.000 -0.073 
212.000 -0.073 
213.000 -0.073 
214.000 -0.073 
215.000 -0.073 
216.000 -0.073 
217.000 -0.073 
218.000 -0.073 
219.000 -0.073 
220.000 -0.073 
221.000 -0.073 
222.000 -0.074 
223.000 -0.074 
224.000 -0.074 
225.000 -0.074 
226.000 -0.074 
227.000 -0.074 
228.000 -0.074 
229.000 -0.074 
230.000 -0.074 
231.000 -0.074 
232.000 -0.074 
233.000 -0.074 
234.000 -0.074 
235.000 -0.074 
236.000 -0.074 
237.000 -0.074 
238.000 -0.074 
239.000 -0.074 
240.000 -0.074 
241.000 -0.074 
242.000 -0.074 
243.000 -0.074 
244.000 -0.074 
245.000 -0.074 
246.000 -0.073 
247.000 -0.070 
248.000 -0.066 
249.000 -0.062 
250.000 -0.059 
251.000 -0.056 
252.000 -0.055 
253.000 -0.054 
254.000 -0.053 
255.000 -0.053 
256.000 -0.052 
257.000 -0.051 
258.000 -0.050 
259.000 -0.048 
260.000 -0.046 
261.000 -0.044 
262.000 -0.042 
263.000 -0.039 
264.000 -0.037 
265.000 -0.035 
266.000 -0.033 
267.000 -0.031 
268.000 -0.029 
269.000 -0.027 
270.000 -0.025 
271.000 -0.023 
272.000 -0.020 
273.000 -0.018 
274.000 -0.016 
275.000 -0.013 
276.000 -0.011 
277.000 -0.008 
278.000 -0.006 
279.000 -0.003 
280.000 -0.001 
281.000 0.002 
282.000 0.004 
283.000 0.007 
284.000 0.010 
285.000 0.012 
286.000 0.015 
287.000 0.018 
288.000 0.020 
289.000 0.023 
290.000 0.026 
291.000 0.029 
292.000 0.032 
293.000 0.034 
294.000 0.037 
295.000 0.040 
296.000 0.043 
297.000 0.046 
298.000 0.049 
299.000 0.052 
300.000 0.055 
301.000 0.058 
302.000 0.061 
303.000 0.064 
304.000 0.067 
305.000 0.070 
306.000 0.072 
307.000 0.075 
308.000 0.078 
309.000 0.081 
310.000 0.084 
311.000 0.087 
312.000 0.090 
313.000 0.093 
314.000 0.096 
315.000 0.099 
316.000 0.102 
317.000 0.104 
318.000 0.107 
319.000 0.110 
320.000 0.113 
321.000 0.115 
322.000 0.118 
323.000 0.121 
324.000 0.124 
325.000 0.126 
326.000 0.129 
327.000 0.132 
328.000 0.134 
329.000 0.137 
330.000 0.139 
331.000 0.142 
332.000 0.144 
333.000 0.147 
334.000 0.149 
335.000 0.151 
336.000 0.154 
337.000 0.156 
338.000 0.158 
339.000 0.161 
340.000 0.163 
341.000 0.165 
342.000 0.167 
343.000 0.169 
344.000 0.171 
345.000 0.173 
346.000 0.175 
347.000 0.177 
348.000 0.179 
349.000 0.181 
350.000 0.183 
351.000 0.185 
352.000 0.187 
353.000 0.188 
354.000 0.190 
355.000 0.192 
356.000 0.193 
357.000 0.195 
358.000 0.197 
359.000 0.198 
360.000 0.200 
361.000 0.201 
362.000 0.203 
363.000 0.204 
364.000 0.205 
365.000 0.207 
366.000 0.219 
367.000 0.248 
368.000 0.288 
369.000 0.333 
370.000 0.378 
371.000 0.419 
372.000 0.452 
373.000 0.476 
374.000 0.493 
375.000 0.503 
376.000 0.508 
377.000 0.511 
378.000 0.514 
379.000 0.518 
380.000 0.526 
381.000 0.536 
382.000 0.550 
383.000 0.566 
384.000 0.584 
385.000 0.604 
386.000 0.623 
387.000 0.642 
388.000 0.660 
389.000 0.676 
390.000 0.689 
391.000 0.701 
392.000 0.712 
393.000 0.720 
394.000 0.728 
395.000 0.735 
396.000 0.742 
397.000 0.748 
398.000 0.755 
399.000 0.762 
400.000 0.769 
401.000 0.776 
402.000 0.784 
403.000 0.791 
404.000 0.798 
405.000 0.805 
406.000 0.811 
407.000 0.817 
408.000 0.822 
409.000 0.826 
410.000 0.830 
411.000 0.834 
412.000 0.838 
413.000 0.841 
414.000 0.844 
415.000 0.847 
416.000 0.849 
417.000 0.852 
418.000 0.855 
419.000 0.857 
420.000 0.860 
421.000 0.862 
422.000 0.864 
423.000 0.866 
424.000 0.868 
425.000 0.870 
426.000 0.872 
427.000 0.873 
428.000 0.875 
429.000 0.876 
430.000 0.877 
431.000 0.878 
432.000 0.879 
433.000 0.880 
434.000 0.881 
435.000 0.882 
436.000 0.883 
437.000 0.884 
438.000 0.885 
439.000 0.885 
440.000 0.886 
441.000 0.887 
442.000 0.887 
443.000 0.888 
444.000 0.888 
445.000 0.889 
446.000 0.889 
447.000 0.890 
448.000 0.890 
449.000 0.891 
450.000 0.891 
451.000 0.891 
452.000 0.891 
453.000 0.892 
454.000 0.892 
455.000 0.892 
456.000 0.893 
457.000 0.893 
458.000 0.893 
459.000 0.893 
460.000 0.893 
461.000 0.894 
462.000 0.894 
463.000 0.894 
464.000 0.894 
465.000 0.894 
466.000 0.894 
467.000 0.894 
468.000 0.894 
469.000 0.895 
470.000 0.895 
471.000 0.895 
472.000 0.895 
473.000 0.895 
474.000 0.895 
475.000 0.895 
476.000 0.895 
477.000 0.895 
478.000 0.895 
479.000 0.895 
480.000 0.895 
481.000 0.895 
482.000 0.895 
483.000 0.895 
484.000 0.895 
485.000 0.895 
486.000 0.957 
487.000 1.109 
488.000 1.343 
489.000 1.636 
490.000 1.965 
491.000 2.304 
492.000 2.632 
493.000 2.931 
494.000 3.186 
495.000 3.389 
496.000 3.537 
497.000 3.630 
498.000 3.673 
499.000 3.674 
500.000 3.642 
501.000 3.588 
502.000 3.523 
503.000 3.455 
504.000 3.394 
505.000 3.345 
506.000 3.311 
507.000 3.295 
508.000 3.298 
509.000 3.316 
510.000 3.349 
511.000 3.392 
512.000 3.441 
513.000 3.493 
514.000 3.543 
515.000 3.589 
516.000 3.628 
517.000 3.658 
518.000 3.678 
519.000 3.688 
520.000 3.688 
521.000 3.680 
522.000 3.666 
523.000 3.647 
524.000 3.626 
525.000 3.604 
526.000 3.582 
527.000 3.564 
528.000 3.549 
529.000 3.538 
530.000 3.531 
531.000 3.529 
532.000 3.531 
533.000 3.536 
534.000 3.543 
535.000 3.552 
536.000 3.562 
537.000 3.572 
538.000 3.581 
539.000 3.588 
540.000 3.593 
541.000 3.597 
542.000 3.599 
543.000 3.599 
544.000 3.597 
545.000 3.594 
546.000 3.590 
547.000 3.585 
548.000 3.581 
549.000 3.576 
550.000 3.573 
551.000 3.570 
552.000 3.568 
553.000 3.566 
554.000 3.566 
555.000 3.567 
556.000 3.568 
557.000 3.569 
558.000 3.571 
559.000 3.573 
560.000 3.575 
561.000 3.577 
562.000 3.578 
563.000 3.580 
564.000 3.580 
565.000 3.581 
566.000 3.580 
567.000 3.580 
568.000 3.579 
569.000 3.579 
570.000 3.578 
571.000 3.577 
572.000 3.576 
573.000 3.575 
574.000 3.575 
575.000 3.574 
576.000 3.574 
577.000 3.574 
578.000 3.574 
579.000 3.574 
580.000 3.575 
581.000 3.575 
582.000 3.575 
583.000 3.576 
584.000 3.576 
585.000 3.577 
586.000 3.577 
587.000 3.577 
588.000 3.577 
589.000 3.577 
590.000 3.577 
591.000 3.577 
592.000 3.577 
593.000 3.576 
594.000 3.576 
595.000 3.576 
596.000 3.576 
597.000 3.576 
598.000 3.576 
599.000 3.576 
600.000 3.576 
601.000 3.576 
602.000 3.576 
603.000 3.576 
604.000 3.576 
605.000 3.576 
606.000 3.631 
607.000 3.743 
608.000 3.891 
609.000 4.059 
610.000 4.235 
611.000 4.410 
612.000 4.578 
613.000 4.734 
614.000 4.877 
615.000 5.005 
616.000 5.117 
617.000 5.214 
618.000 5.297 
619.000 5.367 
620.000 5.425 
621.000 5.472 
622.000 5.510 
623.000 5.540 
624.000 5.563 
625.000 5.581 
626.000 5.594 
627.000 5.603 
628.000 5.609 
629.000 5.613 
630.000 5.615 
631.000 5.616 
632.000 5.615 
633.000 5.614 
634.000 5.613 
635.000 5.611 
636.000 5.609 
637.000 5.607 
638.000 5.606 
639.000 5.604 
640.000 5.602 
641.000 5.601 
642.000 5.600 
643.000 5.599 
644.000 5.598 
645.000 5.597 
646.000 5.596 
647.000 5.596 
648.000 5.595 
649.000 5.595 
650.000 5.595 
651.000 5.594 
652.000 5.594 
653.000 5.594 
654.000 5.594 
655.000 5.594 
656.000 5.594 
657.000 5.594 
658.000 5.594 
659.000 5.594 
660.000 5.594 
661.000 5.594 
662.000 5.594 
663.000 5.594 
664.000 5.594 
665.000 5.594 
666.000 5.594 
667.000 5.594 
668.000 5.594 
669.000 5.594 
670.000 5.594 
671.000 5.594 
672.000 5.594 
673.000 5.594 
674.000 5.594 
675.000 5.594 
676.000 5.594 
677.000 5.594 
678.000 5.594 
679.000 5.594 
680.000 5.594 
681.000 5.594 
682.000 5.594 
683.000 5.594 
684.000 5.594 
685.000 5.594 
686.000 5.594 
687.000 5.594 
688.000 5.594 
689.000 5.594 
690.000 5.594 
691.000 5.594 
692.000 5.594 
693.000 5.594 
694.000 5.594 
695.000 5.594 
696.000 5.594 
697.000 5.594 
698.000 5.594 
699.000 5.594 
700.000 5.594 
701.000 5.594 
702.000 5.594 
703.000 5.594 
704.000 5.594 
705.000 5.594 
706.000 5.594 
707.000 5.594 
708.000 5.594 
709.000 5.594 
710.000 5.594 
711.000 5.594 
712.000 5.594 
713.000 5.594 
714.000 5.594 
715.000 5.594 
716.000 5.594 
717.000 5.594 
718.000 5.594 
719.000 5.594 
720.000 5.594 
721.000 5.594 
722.000 5.594 
723.000 5.594 
724.000 5.594 
725.000 5.594 
726.000 5.594 
727.000 5.594 
728.000 5.594 
729.000 5.594 
730.000 5.594 
731.000 5.594 
732.000 5.594 
733.000 5.594 
734.000 5.594 
735.000 5.594 
736.000 5.594 
737.000 5.594 
738.000 5.594 
739.000 5.594 
740.000 5.594 
741.000 5.594 
742.000 5.594 
743.000 5.594 
744.000 5.594 
745.000 5.594 
746.000 5.594 
747.000 5.594 
748.000 5.594 
749.000 5.594 
750.000 5.594 
751.000 5.594 
752.000 5.594 
753.000 5.594 
754.000 5.594 
755.000 5.594 
756.000 5.594 
757.000 5.594 
758.000 5.594 
759.000 5.594 
760.000 5.594 
761.000 5.594 
762.000 5.594 
763.000 5.594 
764.000 5.594 
765.000 5.594 
766.000 5.594 
767.000 5.594 
768.000 5.594 
769.000 5.594 
770.000 5.594 
771.000 5.594 
772.000 5.594 
773.000 5.594 
774.000 5.594 
775.000 5.594 
776.000 5.594 
777.000 5.594 
778.000 5.594 
779.000 5.594 
780.000 5.594 
781.000 5.594 
782.000 5.594 
783.000 5.594 
784.000 5.594 
785.000 5.594 
786.000 5.594 
787.000 5.594 
788.000 5.594 
789.000 5.594 
790.000 5.594 
791.000 5.594 
792.000 5.594 
793.000 5.594 
794.000 5.594 
795.000 5.594 
796.000 5.594 
797.000 5.594 
798.000 5.594 
799.000 5.594 
800.000 5.594 
