1.000 0.000 
2.000 0.000 
3.000 0.000 
4.000 0.000 
5.000 0.000 
6.000 0.000 
7.000 0.000 
8.000 0.000 
9.000 0.000 
10.000 0.000 
11.000 0.000 
12.000 -0.003 
13.000 -0.009 
14.000 -0.015 
15.000 -0.021 
16.000 -0.024 
17.000 -0.024 
18.000 -0.023 
19.000 -0.022 
20.000 -0.020 
21.000 -0.020 
22.000 -0.021 
23.000 -0.022 
24.000 -0.025 
25.000 -0.027 
26.000 -0.029 
27.000 -0.031 
28.000 -0.032 
29.000 -0.033 
30.000 -0.033 
31.000 -0.034 
32.000 -0.034 
33.000 -0.035 
34.000 -0.036 
35.000 -0.037 
36.000 -0.038 
37.000 -0.039 
38.000 -0.040 
39.000 -0.041 
40.000 -0.042 
41.000 -0.043 
42.000 -0.043 
43.000 -0.044 
44.000 -0.045 
45.000 -0.046 
46.000 -0.046 
47.000 -0.047 
48.000 -0.048 
49.000 -0.049 
50.000 -0.049 
51.000 -0.050 
52.000 -0.051 
53.000 -0.051 
54.000 -0.052 
55.000 -0.053 
56.000 -0.053 
57.000 -0.054 
58.000 -0.054 
59.000 -0.055 
60.000 -0.056 
61.000 -0.056 
62.000 -0.057 
63.000 -0.057 
64.000 -0.058 
65.000 -0.058 
66.000 -0.059 
67.000 -0.059 
68.000 -0.060 
69.000 -0.060 
70.000 -0.061 
71.000 -0.061 
72.000 -0.062 
73.000 -0.062 
74.000 -0.063 
75.000 -0.063 
76.000 -0.064 
77.000 -0.064 
78.000 -0.065 
79.000 -0.065 
80.000 -0.066 
81.000 -0.066 
82.000 -0.066 
83.000 -0.067 
84.000 -0.067 
85.000 -0.068 
86.000 -0.068 
87.000 -0.068 
88.000 -0.069 
89.000 -0.069 
90.000 -0.070 
91.000 -0.070 
92.000 -0.070 
93.000 -0.071 
94.000 -0.071 
95.000 -0.071 
96.000 -0.072 
97.000 -0.072 
98.000 -0.072 
99.000 -0.073 
100.000 -0.073 
101.000 -0.074 
102.000 -0.074 
103.000 -0.074 
104.000 -0.074 
105.000 -0.075 
106.000 -0.075 
107.000 -0.075 
108.000 -0.076 
109.000 -0.076 
110.000 -0.076 
111.000 -0.077 
112.000 -0.077 
113.000 -0.077 
114.000 -0.078 
115.000 -0.078 
116.000 -0.078 
117.000 -0.078 
118.000 -0.079 
119.000 -0.079 
120.000 -0.079 
121.000 -0.079 
122.000 -0.080 
123.000 -0.080 
124.000 -0.080 
125.000 -0.080 
126.000 -0.080 
127.000 -0.080 
128.000 -0.079 
129.000 -0.078 
130.000 -0.078 
131.000 -0.078 
132.000 -0.078 
133.000 -0.079 
134.000 -0.080 
135.000 -0.080 
136.000 -0.080 
137.000 -0.080 
138.000 -0.079 
139.000 -0.079 
140.000 -0.079 
141.000 -0.079 
142.000 -0.079 
143.000 -0.079 
144.000 -0.079 
145.000 -0.079 
146.000 -0.079 
147.000 -0.079 
148.000 -0.079 
149.000 -0.079 
150.000 -0.079 
151.000 -0.079 
152.000 -0.079 
153.000 -0.079 
154.000 -0.079 
155.000 -0.079 
156.000 -0.079 
157.000 -0.079 
158.000 -0.079 
159.000 -0.079 
160.000 -0.079 
161.000 -0.079 
162.000 -0.079 
163.000 -0.079 
164.000 -0.079 
165.000 -0.079 
166.000 -0.079 
167.000 -0.079 
168.000 -0.079 
169.000 -0.079 
170.000 -0.079 
171.000 -0.079 
172.000 -0.079 
173.000 -0.079 
174.000 -0.079 
175.000 -0.079 
176.000 -0.079 
177.000 -0.079 
178.000 -0.079 
179.000 -0.079 
180.000 -0.079 
181.000 -0.079 
182.000 -0.079 
183.000 -0.079 
184.000 -0.079 
185.000 -0.079 
186.000 -0.079 
187.000 -0.079 
188.000 -0.079 
189.000 -0.079 
190.000 -0.079 
191.000 -0.079 
192.000 -0.079 
193.000 -0.079 
194.000 -0.079 
195.000 -0.079 
196.000 -0.079 
197.000 -0.079 
198.000 -0.079 
199.000 -0.079 
200.000 -0.079 
201.000 -0.079 
202.000 -0.079 
203.000 -0.079 
204.000 -0.079 
205.000 -0.079 
206.000 -0.079 
207.000 -0.079 
208.000 -0.079 
209.000 -0.079 
210.000 -0.079 
211.000 -0.079 
212.000 -0.079 
213.000 -0.079 
214.000 -0.079 
215.000 -0.079 
216.000 -0.079 
217.000 -0.079 
218.000 -0.079 
219.000 -0.079 
220.000 -0.079 
221.000 -0.079 
222.000 -0.079 
223.000 -0.079 
224.000 -0.079 
225.000 -0.079 
226.000 -0.079 
227.000 -0.079 
228.000 -0.079 
229.000 -0.079 
230.000 -0.079 
231.000 -0.079 
232.000 -0.079 
233.000 -0.079 
234.000 -0.079 
235.000 -0.079 
236.000 -0.079 
237.000 -0.079 
238.000 -0.080 
239.000 -0.080 
240.000 -0.080 
241.000 -0.080 
242.000 -0.080 
243.000 -0.080 
244.000 -0.080 
245.000 -0.080 
246.000 -0.078 
247.000 -0.070 
248.000 -0.061 
249.000 -0.053 
250.000 -0.050 
251.000 -0.049 
252.000 -0.051 
253.000 -0.054 
254.000 -0.056 
255.000 -0.056 
256.000 -0.054 
257.000 -0.051 
258.000 -0.046 
259.000 -0.041 
260.000 -0.037 
261.000 -0.033 
262.000 -0.031 
263.000 -0.029 
264.000 -0.028 
265.000 -0.026 
266.000 -0.024 
267.000 -0.021 
268.000 -0.018 
269.000 -0.014 
270.000 -0.010 
271.000 -0.006 
272.000 -0.003 
273.000 0.001 
274.000 0.004 
275.000 0.007 
276.000 0.010 
277.000 0.013 
278.000 0.017 
279.000 0.020 
280.000 0.024 
281.000 0.028 
282.000 0.032 
283.000 0.036 
284.000 0.040 
285.000 0.043 
286.000 0.047 
287.000 0.051 
288.000 0.054 
289.000 0.058 
290.000 0.062 
291.000 0.066 
292.000 0.070 
293.000 0.074 
294.000 0.077 
295.000 0.081 
296.000 0.085 
297.000 0.089 
298.000 0.093 
299.000 0.096 
300.000 0.100 
301.000 0.104 
302.000 0.107 
303.000 0.111 
304.000 0.114 
305.000 0.118 
306.000 0.122 
307.000 0.125 
308.000 0.129 
309.000 0.132 
310.000 0.135 
311.000 0.138 
312.000 0.142 
313.000 0.145 
314.000 0.148 
315.000 0.151 
316.000 0.154 
317.000 0.157 
318.000 0.160 
319.000 0.163 
320.000 0.166 
321.000 0.168 
322.000 0.171 
323.000 0.174 
324.000 0.176 
325.000 0.179 
326.000 0.181 
327.000 0.183 
328.000 0.186 
329.000 0.188 
330.000 0.190 
331.000 0.192 
332.000 0.195 
333.000 0.197 
334.000 0.199 
335.000 0.201 
336.000 0.202 
337.000 0.204 
338.000 0.206 
339.000 0.208 
340.000 0.210 
341.000 0.211 
342.000 0.213 
343.000 0.214 
344.000 0.216 
345.000 0.217 
346.000 0.219 
347.000 0.220 
348.000 0.221 
349.000 0.223 
350.000 0.224 
351.000 0.225 
352.000 0.226 
353.000 0.228 
354.000 0.229 
355.000 0.230 
356.000 0.231 
357.000 0.232 
358.000 0.233 
359.000 0.234 
360.000 0.235 
361.000 0.235 
362.000 0.236 
363.000 0.237 
364.000 0.238 
365.000 0.239 
366.000 0.269 
367.000 0.338 
368.000 0.432 
369.000 0.526 
370.000 0.604 
371.000 0.652 
372.000 0.666 
373.000 0.650 
374.000 0.616 
375.000 0.575 
376.000 0.541 
377.000 0.521 
378.000 0.522 
379.000 0.543 
380.000 0.582 
381.000 0.633 
382.000 0.688 
383.000 0.739 
384.000 0.779 
385.000 0.804 
386.000 0.812 
387.000 0.805 
388.000 0.789 
389.000 0.770 
390.000 0.752 
391.000 0.741 
392.000 0.740 
393.000 0.749 
394.000 0.767 
395.000 0.791 
396.000 0.817 
397.000 0.842 
398.000 0.861 
399.000 0.874 
400.000 0.878 
401.000 0.875 
402.000 0.867 
403.000 0.856 
404.000 0.845 
405.000 0.838 
406.000 0.835 
407.000 0.837 
408.000 0.843 
409.000 0.854 
410.000 0.866 
411.000 0.878 
412.000 0.887 
413.000 0.894 
414.000 0.897 
415.000 0.895 
416.000 0.891 
417.000 0.886 
418.000 0.880 
419.000 0.875 
420.000 0.872 
421.000 0.872 
422.000 0.874 
423.000 0.878 
424.000 0.884 
425.000 0.889 
426.000 0.894 
427.000 0.898 
428.000 0.900 
429.000 0.899 
430.000 0.897 
431.000 0.895 
432.000 0.891 
433.000 0.888 
434.000 0.887 
435.000 0.886 
436.000 0.886 
437.000 0.888 
438.000 0.891 
439.000 0.893 
440.000 0.896 
441.000 0.898 
442.000 0.899 
443.000 0.899 
444.000 0.898 
445.000 0.897 
446.000 0.895 
447.000 0.893 
448.000 0.892 
449.000 0.892 
450.000 0.892 
451.000 0.892 
452.000 0.893 
453.000 0.895 
454.000 0.896 
455.000 0.897 
456.000 0.898 
457.000 0.898 
458.000 0.898 
459.000 0.897 
460.000 0.896 
461.000 0.895 
462.000 0.895 
463.000 0.894 
464.000 0.894 
465.000 0.894 
466.000 0.895 
467.000 0.895 
468.000 0.896 
469.000 0.896 
470.000 0.897 
471.000 0.897 
472.000 0.897 
473.000 0.897 
474.000 0.896 
475.000 0.896 
476.000 0.895 
477.000 0.895 
478.000 0.895 
479.000 0.895 
480.000 0.895 
481.000 0.896 
482.000 0.896 
483.000 0.896 
484.000 0.896 
485.000 0.897 
486.000 1.012 
487.000 1.264 
488.000 1.603 
489.000 1.991 
490.000 2.399 
491.000 2.807 
492.000 3.199 
493.000 3.566 
494.000 3.901 
495.000 4.201 
496.000 4.465 
497.000 4.592 
498.000 4.512 
499.000 4.261 
500.000 3.918 
501.000 3.558 
502.000 3.239 
503.000 3.003 
504.000 2.876 
505.000 2.866 
506.000 2.958 
507.000 3.121 
508.000 3.328 
509.000 3.558 
510.000 3.797 
511.000 4.033 
512.000 4.258 
513.000 4.441 
514.000 4.541 
515.000 4.545 
516.000 4.460 
517.000 4.309 
518.000 4.121 
519.000 3.924 
520.000 3.744 
521.000 3.603 
522.000 3.511 
523.000 3.475 
524.000 3.490 
525.000 3.548 
526.000 3.636 
527.000 3.736 
528.000 3.831 
529.000 3.905 
530.000 3.947 
531.000 3.951 
532.000 3.915 
533.000 3.846 
534.000 3.754 
535.000 3.652 
536.000 3.555 
537.000 3.473 
538.000 3.416 
539.000 3.389 
540.000 3.392 
541.000 3.422 
542.000 3.474 
543.000 3.538 
544.000 3.604 
545.000 3.663 
546.000 3.708 
547.000 3.732 
548.000 3.734 
549.000 3.715 
550.000 3.679 
551.000 3.633 
552.000 3.582 
553.000 3.535 
554.000 3.497 
555.000 3.474 
556.000 3.466 
557.000 3.474 
558.000 3.496 
559.000 3.528 
560.000 3.564 
561.000 3.599 
562.000 3.629 
563.000 3.650 
564.000 3.660 
565.000 3.658 
566.000 3.644 
567.000 3.623 
568.000 3.597 
569.000 3.570 
570.000 3.546 
571.000 3.528 
572.000 3.518 
573.000 3.517 
574.000 3.524 
575.000 3.538 
576.000 3.556 
577.000 3.575 
578.000 3.594 
579.000 3.608 
580.000 3.618 
581.000 3.621 
582.000 3.618 
583.000 3.609 
584.000 3.597 
585.000 3.582 
586.000 3.568 
587.000 3.556 
588.000 3.548 
589.000 3.544 
590.000 3.545 
591.000 3.550 
592.000 3.558 
593.000 3.568 
594.000 3.579 
595.000 3.588 
596.000 3.595 
597.000 3.599 
598.000 3.600 
599.000 3.597 
600.000 3.592 
601.000 3.585 
602.000 3.577 
603.000 3.570 
604.000 3.564 
605.000 3.560 
606.000 3.613 
607.000 3.724 
608.000 3.872 
609.000 4.041 
610.000 4.218 
611.000 4.395 
612.000 4.564 
613.000 4.722 
614.000 4.867 
615.000 4.996 
616.000 5.110 
617.000 5.208 
618.000 5.292 
619.000 5.363 
620.000 5.422 
621.000 5.470 
622.000 5.508 
623.000 5.539 
624.000 5.563 
625.000 5.580 
626.000 5.594 
627.000 5.603 
628.000 5.609 
629.000 5.613 
630.000 5.615 
631.000 5.616 
632.000 5.616 
633.000 5.615 
634.000 5.613 
635.000 5.611 
636.000 5.610 
637.000 5.608 
638.000 5.606 
639.000 5.604 
640.000 5.602 
641.000 5.601 
642.000 5.600 
643.000 5.599 
644.000 5.598 
645.000 5.597 
646.000 5.596 
647.000 5.596 
648.000 5.595 
649.000 5.595 
650.000 5.595 
651.000 5.594 
652.000 5.594 
653.000 5.594 
654.000 5.594 
655.000 5.594 
656.000 5.594 
657.000 5.594 
658.000 5.594 
659.000 5.594 
660.000 5.594 
661.000 5.594 
662.000 5.594 
663.000 5.594 
664.000 5.594 
665.000 5.594 
666.000 5.594 
667.000 5.594 
668.000 5.594 
669.000 5.594 
670.000 5.594 
671.000 5.594 
672.000 5.594 
673.000 5.594 
674.000 5.594 
675.000 5.594 
676.000 5.594 
677.000 5.594 
678.000 5.594 
679.000 5.594 
680.000 5.594 
681.000 5.594 
682.000 5.594 
683.000 5.594 
684.000 5.594 
685.000 5.594 
686.000 5.594 
687.000 5.594 
688.000 5.594 
689.000 5.594 
690.000 5.594 
691.000 5.594 
692.000 5.594 
693.000 5.594 
694.000 5.594 
695.000 5.594 
696.000 5.594 
697.000 5.594 
698.000 5.594 
699.000 5.594 
700.000 5.594 
701.000 5.594 
702.000 5.594 
703.000 5.594 
704.000 5.594 
705.000 5.594 
706.000 5.594 
707.000 5.594 
708.000 5.594 
709.000 5.594 
710.000 5.594 
711.000 5.594 
712.000 5.594 
713.000 5.594 
714.000 5.594 
715.000 5.594 
716.000 5.594 
717.000 5.594 
718.000 5.594 
719.000 5.594 
720.000 5.594 
721.000 5.594 
722.000 5.594 
723.000 5.594 
724.000 5.594 
725.000 5.594 
726.000 5.594 
727.000 5.594 
728.000 5.594 
729.000 5.594 
730.000 5.594 
731.000 5.594 
732.000 5.594 
733.000 5.594 
734.000 5.594 
735.000 5.594 
736.000 5.594 
737.000 5.594 
738.000 5.594 
739.000 5.594 
740.000 5.594 
741.000 5.594 
742.000 5.594 
743.000 5.594 
744.000 5.594 
745.000 5.594 
746.000 5.594 
747.000 5.594 
748.000 5.594 
749.000 5.594 
750.000 5.594 
751.000 5.594 
752.000 5.594 
753.000 5.594 
754.000 5.594 
755.000 5.594 
756.000 5.594 
757.000 5.594 
758.000 5.594 
759.000 5.594 
760.000 5.594 
761.000 5.594 
762.000 5.594 
763.000 5.594 
764.000 5.594 
765.000 5.594 
766.000 5.594 
767.000 5.594 
768.000 5.594 
769.000 5.594 
770.000 5.594 
771.000 5.594 
772.000 5.594 
773.000 5.594 
774.000 5.594 
775.000 5.594 
776.000 5.594 
777.000 5.594 
778.000 5.594 
779.000 5.594 
780.000 5.594 
781.000 5.594 
782.000 5.594 
783.000 5.594 
784.000 5.594 
785.000 5.594 
786.000 5.594 
787.000 5.594 
788.000 5.594 
789.000 5.594 
790.000 5.594 
791.000 5.594 
792.000 5.594 
793.000 5.594 
794.000 5.594 
795.000 5.594 
796.000 5.594 
797.000 5.594 
798.000 5.594 
799.000 5.594 
800.000 5.594 
