1.000 0.000 
2.000 0.000 
3.000 0.000 
4.000 0.000 
5.000 0.000 
6.000 0.000 
7.000 0.000 
8.000 0.000 
9.000 0.000 
10.000 0.000 
11.000 0.000 
12.000 -0.000 
13.000 -0.001 
14.000 -0.003 
15.000 -0.005 
16.000 -0.007 
17.000 -0.009 
18.000 -0.011 
19.000 -0.013 
20.000 -0.014 
21.000 -0.015 
22.000 -0.016 
23.000 -0.016 
24.000 -0.017 
25.000 -0.017 
26.000 -0.018 
27.000 -0.019 
28.000 -0.019 
29.000 -0.020 
30.000 -0.021 
31.000 -0.022 
32.000 -0.022 
33.000 -0.023 
34.000 -0.024 
35.000 -0.025 
36.000 -0.026 
37.000 -0.026 
38.000 -0.027 
39.000 -0.028 
40.000 -0.029 
41.000 -0.029 
42.000 -0.030 
43.000 -0.031 
44.000 -0.031 
45.000 -0.032 
46.000 -0.033 
47.000 -0.033 
48.000 -0.034 
49.000 -0.034 
50.000 -0.035 
51.000 -0.036 
52.000 -0.036 
53.000 -0.037 
54.000 -0.037 
55.000 -0.038 
56.000 -0.039 
57.000 -0.039 
58.000 -0.040 
59.000 -0.040 
60.000 -0.041 
61.000 -0.041 
62.000 -0.042 
63.000 -0.042 
64.000 -0.043 
65.000 -0.043 
66.000 -0.044 
67.000 -0.044 
68.000 -0.045 
69.000 -0.045 
70.000 -0.046 
71.000 -0.046 
72.000 -0.047 
73.000 -0.047 
74.000 -0.048 
75.000 -0.048 
76.000 -0.049 
77.000 -0.049 
78.000 -0.049 
79.000 -0.050 
80.000 -0.050 
81.000 -0.051 
82.000 -0.051 
83.000 -0.052 
84.000 -0.052 
85.000 -0.052 
86.000 -0.053 
87.000 -0.053 
88.000 -0.054 
89.000 -0.054 
90.000 -0.054 
91.000 -0.055 
92.000 -0.055 
93.000 -0.055 
94.000 -0.056 
95.000 -0.056 
96.000 -0.057 
97.000 -0.057 
98.000 -0.057 
99.000 -0.058 
100.000 -0.058 
101.000 -0.058 
102.000 -0.059 
103.000 -0.059 
104.000 -0.059 
105.000 -0.060 
106.000 -0.060 
107.000 -0.060 
108.000 -0.061 
109.000 -0.061 
110.000 -0.061 
111.000 -0.062 
112.000 -0.062 
113.000 -0.062 
114.000 -0.062 
115.000 -0.063 
116.000 -0.063 
117.000 -0.063 
118.000 -0.064 
119.000 -0.064 
120.000 -0.064 
121.000 -0.064 
122.000 -0.065 
123.000 -0.065 
124.000 -0.065 
125.000 -0.066 
126.000 -0.066 
127.000 -0.066 
128.000 -0.066 
129.000 -0.066 
130.000 -0.065 
131.000 -0.065 
132.000 -0.065 
133.000 -0.065 
134.000 -0.065 
135.000 -0.065 
136.000 -0.065 
137.000 -0.065 
138.000 -0.066 
139.000 -0.066 
140.000 -0.066 
141.000 -0.066 
142.000 -0.066 
143.000 -0.066 
144.000 -0.066 
145.000 -0.066 
146.000 -0.066 
147.000 -0.066 
148.000 -0.066 
149.000 -0.066 
150.000 -0.066 
151.000 -0.066 
152.000 -0.066 
153.000 -0.066 
154.000 -0.066 
155.000 -0.067 
156.000 -0.067 
157.000 -0.067 
158.000 -0.067 
159.000 -0.067 
160.000 -0.067 
161.000 -0.067 
162.000 -0.067 
163.000 -0.067 
164.000 -0.067 
165.000 -0.067 
166.000 -0.067 
167.000 -0.067 
168.000 -0.067 
169.000 -0.067 
170.000 -0.067 
171.000 -0.067 
172.000 -0.067 
173.000 -0.067 
174.000 -0.067 
175.000 -0.067 
176.000 -0.068 
177.000 -0.068 
178.000 -0.068 
179.000 -0.068 
180.000 -0.068 
181.000 -0.068 
182.000 -0.068 
183.000 -0.068 
184.000 -0.068 
185.000 -0.068 
186.000 -0.068 
187.000 -0.068 
188.000 -0.068 
189.000 -0.068 
190.000 -0.068 
191.000 -0.068 
192.000 -0.068 
193.000 -0.068 
194.000 -0.068 
195.000 -0.068 
196.000 -0.068 
197.000 -0.068 
198.000 -0.068 
199.000 -0.068 
200.000 -0.069 
201.000 -0.069 
202.000 -0.069 
203.000 -0.069 
204.000 -0.069 
205.000 -0.069 
206.000 -0.069 
207.000 -0.069 
208.000 -0.069 
209.000 -0.069 
210.000 -0.069 
211.000 -0.069 
212.000 -0.069 
213.000 -0.069 
214.000 -0.069 
215.000 -0.069 
216.000 -0.069 
217.000 -0.069 
218.000 -0.069 
219.000 -0.069 
220.000 -0.069 
221.000 -0.069 
222.000 -0.069 
223.000 -0.069 
224.000 -0.069 
225.000 -0.069 
226.000 -0.070 
227.000 -0.070 
228.000 -0.070 
229.000 -0.070 
230.000 -0.070 
231.000 -0.070 
232.000 -0.070 
233.000 -0.070 
234.000 -0.070 
235.000 -0.070 
236.000 -0.070 
237.000 -0.070 
238.000 -0.070 
239.000 -0.070 
240.000 -0.070 
241.000 -0.070 
242.000 -0.070 
243.000 -0.070 
244.000 -0.070 
245.000 -0.070 
246.000 -0.070 
247.000 -0.069 
248.000 -0.067 
249.000 -0.064 
250.000 -0.062 
251.000 -0.059 
252.000 -0.057 
253.000 -0.055 
254.000 -0.054 
255.000 -0.052 
256.000 -0.051 
257.000 -0.050 
258.000 -0.049 
259.000 -0.048 
260.000 -0.046 
261.000 -0.045 
262.000 -0.044 
263.000 -0.043 
264.000 -0.041 
265.000 -0.039 
266.000 -0.038 
267.000 -0.036 
268.000 -0.034 
269.000 -0.032 
270.000 -0.030 
271.000 -0.029 
272.000 -0.027 
273.000 -0.025 
274.000 -0.023 
275.000 -0.021 
276.000 -0.019 
277.000 -0.017 
278.000 -0.015 
279.000 -0.013 
280.000 -0.011 
281.000 -0.009 
282.000 -0.007 
283.000 -0.005 
284.000 -0.003 
285.000 -0.001 
286.000 0.001 
287.000 0.003 
288.000 0.006 
289.000 0.008 
290.000 0.010 
291.000 0.012 
292.000 0.015 
293.000 0.017 
294.000 0.019 
295.000 0.022 
296.000 0.024 
297.000 0.026 
298.000 0.029 
299.000 0.031 
300.000 0.034 
301.000 0.036 
302.000 0.038 
303.000 0.041 
304.000 0.043 
305.000 0.046 
306.000 0.048 
307.000 0.051 
308.000 0.053 
309.000 0.056 
310.000 0.058 
311.000 0.061 
312.000 0.063 
313.000 0.066 
314.000 0.068 
315.000 0.071 
316.000 0.073 
317.000 0.075 
318.000 0.078 
319.000 0.080 
320.000 0.083 
321.000 0.085 
322.000 0.088 
323.000 0.090 
324.000 0.093 
325.000 0.095 
326.000 0.098 
327.000 0.100 
328.000 0.102 
329.000 0.105 
330.000 0.107 
331.000 0.110 
332.000 0.112 
333.000 0.114 
334.000 0.117 
335.000 0.119 
336.000 0.121 
337.000 0.124 
338.000 0.126 
339.000 0.128 
340.000 0.130 
341.000 0.133 
342.000 0.135 
343.000 0.137 
344.000 0.139 
345.000 0.141 
346.000 0.143 
347.000 0.145 
348.000 0.147 
349.000 0.149 
350.000 0.151 
351.000 0.153 
352.000 0.155 
353.000 0.157 
354.000 0.159 
355.000 0.161 
356.000 0.163 
357.000 0.165 
358.000 0.167 
359.000 0.168 
360.000 0.170 
361.000 0.172 
362.000 0.174 
363.000 0.175 
364.000 0.177 
365.000 0.179 
366.000 0.184 
367.000 0.196 
368.000 0.215 
369.000 0.239 
370.000 0.266 
371.000 0.296 
372.000 0.325 
373.000 0.353 
374.000 0.378 
375.000 0.400 
376.000 0.420 
377.000 0.436 
378.000 0.449 
379.000 0.460 
380.000 0.470 
381.000 0.479 
382.000 0.488 
383.000 0.497 
384.000 0.507 
385.000 0.518 
386.000 0.530 
387.000 0.542 
388.000 0.556 
389.000 0.570 
390.000 0.585 
391.000 0.600 
392.000 0.615 
393.000 0.629 
394.000 0.643 
395.000 0.656 
396.000 0.668 
397.000 0.680 
398.000 0.690 
399.000 0.700 
400.000 0.709 
401.000 0.717 
402.000 0.725 
403.000 0.733 
404.000 0.740 
405.000 0.746 
406.000 0.753 
407.000 0.759 
408.000 0.766 
409.000 0.772 
410.000 0.778 
411.000 0.784 
412.000 0.790 
413.000 0.795 
414.000 0.801 
415.000 0.806 
416.000 0.811 
417.000 0.816 
418.000 0.820 
419.000 0.824 
420.000 0.828 
421.000 0.832 
422.000 0.835 
423.000 0.838 
424.000 0.841 
425.000 0.844 
426.000 0.847 
427.000 0.849 
428.000 0.852 
429.000 0.854 
430.000 0.856 
431.000 0.858 
432.000 0.860 
433.000 0.862 
434.000 0.864 
435.000 0.866 
436.000 0.868 
437.000 0.869 
438.000 0.871 
439.000 0.872 
440.000 0.873 
441.000 0.875 
442.000 0.876 
443.000 0.877 
444.000 0.878 
445.000 0.879 
446.000 0.880 
447.000 0.881 
448.000 0.882 
449.000 0.882 
450.000 0.883 
451.000 0.884 
452.000 0.885 
453.000 0.885 
454.000 0.886 
455.000 0.886 
456.000 0.887 
457.000 0.887 
458.000 0.888 
459.000 0.888 
460.000 0.889 
461.000 0.889 
462.000 0.890 
463.000 0.890 
464.000 0.890 
465.000 0.891 
466.000 0.891 
467.000 0.891 
468.000 0.891 
469.000 0.892 
470.000 0.892 
471.000 0.892 
472.000 0.892 
473.000 0.893 
474.000 0.893 
475.000 0.893 
476.000 0.893 
477.000 0.893 
478.000 0.893 
479.000 0.894 
480.000 0.894 
481.000 0.894 
482.000 0.894 
483.000 0.894 
484.000 0.894 
485.000 0.894 
486.000 0.919 
487.000 0.986 
488.000 1.101 
489.000 1.260 
490.000 1.457 
491.000 1.685 
492.000 1.932 
493.000 2.190 
494.000 2.448 
495.000 2.696 
496.000 2.928 
497.000 3.135 
498.000 3.315 
499.000 3.462 
500.000 3.576 
501.000 3.657 
502.000 3.706 
503.000 3.726 
504.000 3.722 
505.000 3.698 
506.000 3.658 
507.000 3.609 
508.000 3.555 
509.000 3.500 
510.000 3.450 
511.000 3.406 
512.000 3.370 
513.000 3.346 
514.000 3.333 
515.000 3.331 
516.000 3.339 
517.000 3.357 
518.000 3.382 
519.000 3.414 
520.000 3.450 
521.000 3.488 
522.000 3.526 
523.000 3.563 
524.000 3.596 
525.000 3.625 
526.000 3.649 
527.000 3.667 
528.000 3.678 
529.000 3.684 
530.000 3.684 
531.000 3.678 
532.000 3.668 
533.000 3.655 
534.000 3.639 
535.000 3.621 
536.000 3.604 
537.000 3.586 
538.000 3.570 
539.000 3.556 
540.000 3.544 
541.000 3.535 
542.000 3.529 
543.000 3.526 
544.000 3.526 
545.000 3.528 
546.000 3.532 
547.000 3.538 
548.000 3.546 
549.000 3.554 
550.000 3.562 
551.000 3.570 
552.000 3.578 
553.000 3.585 
554.000 3.591 
555.000 3.595 
556.000 3.598 
557.000 3.600 
558.000 3.600 
559.000 3.600 
560.000 3.598 
561.000 3.595 
562.000 3.591 
563.000 3.588 
564.000 3.584 
565.000 3.580 
566.000 3.576 
567.000 3.572 
568.000 3.569 
569.000 3.567 
570.000 3.566 
571.000 3.565 
572.000 3.564 
573.000 3.565 
574.000 3.566 
575.000 3.567 
576.000 3.568 
577.000 3.570 
578.000 3.572 
579.000 3.574 
580.000 3.576 
581.000 3.577 
582.000 3.579 
583.000 3.580 
584.000 3.581 
585.000 3.581 
586.000 3.582 
587.000 3.581 
588.000 3.581 
589.000 3.581 
590.000 3.580 
591.000 3.579 
592.000 3.578 
593.000 3.577 
594.000 3.576 
595.000 3.575 
596.000 3.575 
597.000 3.574 
598.000 3.574 
599.000 3.573 
600.000 3.573 
601.000 3.573 
602.000 3.574 
603.000 3.574 
604.000 3.574 
605.000 3.575 
606.000 3.597 
607.000 3.659 
608.000 3.766 
609.000 3.908 
610.000 4.071 
611.000 4.244 
612.000 4.416 
613.000 4.581 
614.000 4.736 
615.000 4.878 
616.000 5.004 
617.000 5.116 
618.000 5.213 
619.000 5.296 
620.000 5.365 
621.000 5.423 
622.000 5.470 
623.000 5.509 
624.000 5.539 
625.000 5.562 
626.000 5.580 
627.000 5.593 
628.000 5.602 
629.000 5.609 
630.000 5.613 
631.000 5.615 
632.000 5.615 
633.000 5.615 
634.000 5.614 
635.000 5.613 
636.000 5.611 
637.000 5.609 
638.000 5.607 
639.000 5.606 
640.000 5.604 
641.000 5.602 
642.000 5.601 
643.000 5.600 
644.000 5.599 
645.000 5.598 
646.000 5.597 
647.000 5.596 
648.000 5.596 
649.000 5.595 
650.000 5.595 
651.000 5.595 
652.000 5.594 
653.000 5.594 
654.000 5.594 
655.000 5.594 
656.000 5.594 
657.000 5.594 
658.000 5.594 
659.000 5.594 
660.000 5.594 
661.000 5.594 
662.000 5.594 
663.000 5.594 
664.000 5.594 
665.000 5.594 
666.000 5.594 
667.000 5.594 
668.000 5.594 
669.000 5.594 
670.000 5.594 
671.000 5.594 
672.000 5.594 
673.000 5.594 
674.000 5.594 
675.000 5.594 
676.000 5.594 
677.000 5.594 
678.000 5.594 
679.000 5.594 
680.000 5.594 
681.000 5.594 
682.000 5.594 
683.000 5.594 
684.000 5.594 
685.000 5.594 
686.000 5.594 
687.000 5.594 
688.000 5.594 
689.000 5.594 
690.000 5.594 
691.000 5.594 
692.000 5.594 
693.000 5.594 
694.000 5.594 
695.000 5.594 
696.000 5.594 
697.000 5.594 
698.000 5.594 
699.000 5.594 
700.000 5.594 
701.000 5.594 
702.000 5.594 
703.000 5.594 
704.000 5.594 
705.000 5.594 
706.000 5.594 
707.000 5.594 
708.000 5.594 
709.000 5.594 
710.000 5.594 
711.000 5.594 
712.000 5.594 
713.000 5.594 
714.000 5.594 
715.000 5.594 
716.000 5.594 
717.000 5.594 
718.000 5.594 
719.000 5.594 
720.000 5.594 
721.000 5.594 
722.000 5.594 
723.000 5.594 
724.000 5.594 
725.000 5.594 
726.000 5.594 
727.000 5.594 
728.000 5.594 
729.000 5.594 
730.000 5.594 
731.000 5.594 
732.000 5.594 
733.000 5.594 
734.000 5.594 
735.000 5.594 
736.000 5.594 
737.000 5.594 
738.000 5.594 
739.000 5.594 
740.000 5.594 
741.000 5.594 
742.000 5.594 
743.000 5.594 
744.000 5.594 
745.000 5.594 
746.000 5.594 
747.000 5.594 
748.000 5.594 
749.000 5.594 
750.000 5.594 
751.000 5.594 
752.000 5.594 
753.000 5.594 
754.000 5.594 
755.000 5.594 
756.000 5.594 
757.000 5.594 
758.000 5.594 
759.000 5.594 
760.000 5.594 
761.000 5.594 
762.000 5.594 
763.000 5.594 
764.000 5.594 
765.000 5.594 
766.000 5.594 
767.000 5.594 
768.000 5.594 
769.000 5.594 
770.000 5.594 
771.000 5.594 
772.000 5.594 
773.000 5.594 
774.000 5.594 
775.000 5.594 
776.000 5.594 
777.000 5.594 
778.000 5.594 
779.000 5.594 
780.000 5.594 
781.000 5.594 
782.000 5.594 
783.000 5.594 
784.000 5.594 
785.000 5.594 
786.000 5.594 
787.000 5.594 
788.000 5.594 
789.000 5.594 
790.000 5.594 
791.000 5.594 
792.000 5.594 
793.000 5.594 
794.000 5.594 
795.000 5.594 
796.000 5.594 
797.000 5.594 
798.000 5.594 
799.000 5.594 
800.000 5.594 
