1.000 0.000 
2.000 0.000 
3.000 0.000 
4.000 0.000 
5.000 0.000 
6.000 0.000 
7.000 0.000 
8.000 0.000 
9.000 0.000 
10.000 0.000 
11.000 0.000 
12.000 -0.001 
13.000 -0.003 
14.000 -0.006 
15.000 -0.009 
16.000 -0.012 
17.000 -0.015 
18.000 -0.017 
19.000 -0.018 
20.000 -0.019 
21.000 -0.020 
22.000 -0.020 
23.000 -0.020 
24.000 -0.020 
25.000 -0.021 
26.000 -0.022 
27.000 -0.022 
28.000 -0.023 
29.000 -0.025 
30.000 -0.026 
31.000 -0.027 
32.000 -0.028 
33.000 -0.029 
34.000 -0.030 
35.000 -0.031 
36.000 -0.032 
37.000 -0.032 
38.000 -0.033 
39.000 -0.034 
40.000 -0.034 
41.000 -0.035 
42.000 -0.036 
43.000 -0.037 
44.000 -0.037 
45.000 -0.038 
46.000 -0.039 
47.000 -0.040 
48.000 -0.040 
49.000 -0.041 
50.000 -0.042 
51.000 -0.042 
52.000 -0.043 
53.000 -0.043 
54.000 -0.044 
55.000 -0.045 
56.000 -0.045 
57.000 -0.046 
58.000 -0.046 
59.000 -0.047 
60.000 -0.048 
61.000 -0.048 
62.000 -0.049 
63.000 -0.049 
64.000 -0.050 
65.000 -0.050 
66.000 -0.051 
67.000 -0.051 
68.000 -0.052 
69.000 -0.052 
70.000 -0.053 
71.000 -0.053 
72.000 -0.054 
73.000 -0.054 
74.000 -0.055 
75.000 -0.055 
76.000 -0.056 
77.000 -0.056 
78.000 -0.057 
79.000 -0.057 
80.000 -0.057 
81.000 -0.058 
82.000 -0.058 
83.000 -0.059 
84.000 -0.059 
85.000 -0.060 
86.000 -0.060 
87.000 -0.060 
88.000 -0.061 
89.000 -0.061 
90.000 -0.062 
91.000 -0.062 
92.000 -0.062 
93.000 -0.063 
94.000 -0.063 
95.000 -0.063 
96.000 -0.064 
97.000 -0.064 
98.000 -0.064 
99.000 -0.065 
100.000 -0.065 
101.000 -0.066 
102.000 -0.066 
103.000 -0.066 
104.000 -0.067 
105.000 -0.067 
106.000 -0.067 
107.000 -0.067 
108.000 -0.068 
109.000 -0.068 
110.000 -0.068 
111.000 -0.069 
112.000 -0.069 
113.000 -0.069 
114.000 -0.070 
115.000 -0.070 
116.000 -0.070 
117.000 -0.071 
118.000 -0.071 
119.000 -0.071 
120.000 -0.071 
121.000 -0.072 
122.000 -0.072 
123.000 -0.072 
124.000 -0.072 
125.000 -0.073 
126.000 -0.073 
127.000 -0.073 
128.000 -0.072 
129.000 -0.072 
130.000 -0.072 
131.000 -0.072 
132.000 -0.071 
133.000 -0.071 
134.000 -0.072 
135.000 -0.072 
136.000 -0.072 
137.000 -0.072 
138.000 -0.072 
139.000 -0.072 
140.000 -0.072 
141.000 -0.073 
142.000 -0.073 
143.000 -0.073 
144.000 -0.072 
145.000 -0.072 
146.000 -0.072 
147.000 -0.072 
148.000 -0.073 
149.000 -0.073 
150.000 -0.073 
151.000 -0.073 
152.000 -0.073 
153.000 -0.073 
154.000 -0.073 
155.000 -0.073 
156.000 -0.073 
157.000 -0.073 
158.000 -0.073 
159.000 -0.073 
160.000 -0.073 
161.000 -0.073 
162.000 -0.073 
163.000 -0.073 
164.000 -0.073 
165.000 -0.073 
166.000 -0.073 
167.000 -0.073 
168.000 -0.073 
169.000 -0.073 
170.000 -0.073 
171.000 -0.073 
172.000 -0.073 
173.000 -0.073 
174.000 -0.073 
175.000 -0.073 
176.000 -0.073 
177.000 -0.073 
178.000 -0.073 
179.000 -0.073 
180.000 -0.073 
181.000 -0.073 
182.000 -0.073 
183.000 -0.074 
184.000 -0.074 
185.000 -0.074 
186.000 -0.074 
187.000 -0.074 
188.000 -0.074 
189.000 -0.074 
190.000 -0.074 
191.000 -0.074 
192.000 -0.074 
193.000 -0.074 
194.000 -0.074 
195.000 -0.074 
196.000 -0.074 
197.000 -0.074 
198.000 -0.074 
199.000 -0.074 
200.000 -0.074 
201.000 -0.074 
202.000 -0.074 
203.000 -0.074 
204.000 -0.074 
205.000 -0.074 
206.000 -0.074 
207.000 -0.074 
208.000 -0.074 
209.000 -0.074 
210.000 -0.074 
211.000 -0.074 
212.000 -0.074 
213.000 -0.074 
214.000 -0.074 
215.000 -0.074 
216.000 -0.074 
217.000 -0.074 
218.000 -0.074 
219.000 -0.074 
220.000 -0.074 
221.000 -0.074 
222.000 -0.074 
223.000 -0.074 
224.000 -0.074 
225.000 -0.074 
226.000 -0.075 
227.000 -0.075 
228.000 -0.075 
229.000 -0.075 
230.000 -0.075 
231.000 -0.075 
232.000 -0.075 
233.000 -0.075 
234.000 -0.075 
235.000 -0.075 
236.000 -0.075 
237.000 -0.075 
238.000 -0.075 
239.000 -0.075 
240.000 -0.075 
241.000 -0.075 
242.000 -0.075 
243.000 -0.075 
244.000 -0.075 
245.000 -0.075 
246.000 -0.074 
247.000 -0.072 
248.000 -0.069 
249.000 -0.065 
250.000 -0.061 
251.000 -0.057 
252.000 -0.055 
253.000 -0.053 
254.000 -0.052 
255.000 -0.051 
256.000 -0.051 
257.000 -0.050 
258.000 -0.049 
259.000 -0.048 
260.000 -0.046 
261.000 -0.045 
262.000 -0.042 
263.000 -0.040 
264.000 -0.037 
265.000 -0.035 
266.000 -0.032 
267.000 -0.030 
268.000 -0.028 
269.000 -0.025 
270.000 -0.023 
271.000 -0.021 
272.000 -0.019 
273.000 -0.016 
274.000 -0.014 
275.000 -0.012 
276.000 -0.009 
277.000 -0.007 
278.000 -0.004 
279.000 -0.001 
280.000 0.001 
281.000 0.004 
282.000 0.007 
283.000 0.010 
284.000 0.013 
285.000 0.015 
286.000 0.018 
287.000 0.021 
288.000 0.024 
289.000 0.027 
290.000 0.030 
291.000 0.033 
292.000 0.036 
293.000 0.039 
294.000 0.042 
295.000 0.045 
296.000 0.048 
297.000 0.051 
298.000 0.054 
299.000 0.057 
300.000 0.060 
301.000 0.063 
302.000 0.066 
303.000 0.069 
304.000 0.072 
305.000 0.075 
306.000 0.078 
307.000 0.081 
308.000 0.084 
309.000 0.087 
310.000 0.091 
311.000 0.094 
312.000 0.097 
313.000 0.100 
314.000 0.102 
315.000 0.105 
316.000 0.108 
317.000 0.111 
318.000 0.114 
319.000 0.117 
320.000 0.120 
321.000 0.123 
322.000 0.125 
323.000 0.128 
324.000 0.131 
325.000 0.134 
326.000 0.136 
327.000 0.139 
328.000 0.141 
329.000 0.144 
330.000 0.147 
331.000 0.149 
332.000 0.152 
333.000 0.154 
334.000 0.156 
335.000 0.159 
336.000 0.161 
337.000 0.163 
338.000 0.166 
339.000 0.168 
340.000 0.170 
341.000 0.172 
342.000 0.174 
343.000 0.176 
344.000 0.178 
345.000 0.180 
346.000 0.182 
347.000 0.184 
348.000 0.186 
349.000 0.188 
350.000 0.190 
351.000 0.192 
352.000 0.193 
353.000 0.195 
354.000 0.197 
355.000 0.198 
356.000 0.200 
357.000 0.201 
358.000 0.203 
359.000 0.204 
360.000 0.206 
361.000 0.207 
362.000 0.209 
363.000 0.210 
364.000 0.211 
365.000 0.213 
366.000 0.222 
367.000 0.245 
368.000 0.281 
369.000 0.326 
370.000 0.375 
371.000 0.424 
372.000 0.468 
373.000 0.504 
374.000 0.530 
375.000 0.548 
376.000 0.556 
377.000 0.558 
378.000 0.557 
379.000 0.554 
380.000 0.552 
381.000 0.552 
382.000 0.557 
383.000 0.567 
384.000 0.581 
385.000 0.599 
386.000 0.620 
387.000 0.643 
388.000 0.667 
389.000 0.689 
390.000 0.709 
391.000 0.727 
392.000 0.741 
393.000 0.752 
394.000 0.760 
395.000 0.766 
396.000 0.769 
397.000 0.771 
398.000 0.773 
399.000 0.775 
400.000 0.778 
401.000 0.782 
402.000 0.787 
403.000 0.793 
404.000 0.800 
405.000 0.808 
406.000 0.816 
407.000 0.824 
408.000 0.831 
409.000 0.838 
410.000 0.844 
411.000 0.848 
412.000 0.852 
413.000 0.855 
414.000 0.857 
415.000 0.858 
416.000 0.859 
417.000 0.859 
418.000 0.860 
419.000 0.861 
420.000 0.862 
421.000 0.864 
422.000 0.866 
423.000 0.868 
424.000 0.870 
425.000 0.873 
426.000 0.875 
427.000 0.878 
428.000 0.880 
429.000 0.881 
430.000 0.883 
431.000 0.884 
432.000 0.885 
433.000 0.885 
434.000 0.885 
435.000 0.886 
436.000 0.886 
437.000 0.886 
438.000 0.886 
439.000 0.886 
440.000 0.887 
441.000 0.887 
442.000 0.888 
443.000 0.889 
444.000 0.890 
445.000 0.890 
446.000 0.891 
447.000 0.891 
448.000 0.892 
449.000 0.892 
450.000 0.893 
451.000 0.893 
452.000 0.893 
453.000 0.893 
454.000 0.893 
455.000 0.893 
456.000 0.893 
457.000 0.893 
458.000 0.893 
459.000 0.893 
460.000 0.894 
461.000 0.894 
462.000 0.894 
463.000 0.894 
464.000 0.894 
465.000 0.895 
466.000 0.895 
467.000 0.895 
468.000 0.895 
469.000 0.895 
470.000 0.895 
471.000 0.895 
472.000 0.895 
473.000 0.895 
474.000 0.895 
475.000 0.895 
476.000 0.895 
477.000 0.895 
478.000 0.895 
479.000 0.895 
480.000 0.895 
481.000 0.895 
482.000 0.896 
483.000 0.896 
484.000 0.896 
485.000 0.896 
486.000 0.943 
487.000 1.068 
488.000 1.275 
489.000 1.553 
490.000 1.886 
491.000 2.251 
492.000 2.627 
493.000 2.989 
494.000 3.316 
495.000 3.592 
496.000 3.803 
497.000 3.942 
498.000 4.007 
499.000 4.003 
500.000 3.938 
501.000 3.827 
502.000 3.686 
503.000 3.532 
504.000 3.381 
505.000 3.246 
506.000 3.140 
507.000 3.067 
508.000 3.033 
509.000 3.037 
510.000 3.077 
511.000 3.147 
512.000 3.242 
513.000 3.352 
514.000 3.470 
515.000 3.587 
516.000 3.695 
517.000 3.787 
518.000 3.857 
519.000 3.903 
520.000 3.921 
521.000 3.913 
522.000 3.881 
523.000 3.830 
524.000 3.764 
525.000 3.690 
526.000 3.614 
527.000 3.541 
528.000 3.478 
529.000 3.427 
530.000 3.391 
531.000 3.373 
532.000 3.371 
533.000 3.384 
534.000 3.411 
535.000 3.448 
536.000 3.492 
537.000 3.539 
538.000 3.585 
539.000 3.628 
540.000 3.664 
541.000 3.690 
542.000 3.707 
543.000 3.713 
544.000 3.709 
545.000 3.695 
546.000 3.673 
547.000 3.647 
548.000 3.617 
549.000 3.586 
550.000 3.557 
551.000 3.532 
552.000 3.513 
553.000 3.499 
554.000 3.492 
555.000 3.492 
556.000 3.498 
557.000 3.510 
558.000 3.525 
559.000 3.543 
560.000 3.562 
561.000 3.581 
562.000 3.598 
563.000 3.612 
564.000 3.622 
565.000 3.629 
566.000 3.631 
567.000 3.629 
568.000 3.623 
569.000 3.614 
570.000 3.603 
571.000 3.591 
572.000 3.579 
573.000 3.567 
574.000 3.557 
575.000 3.549 
576.000 3.544 
577.000 3.542 
578.000 3.542 
579.000 3.545 
580.000 3.550 
581.000 3.556 
582.000 3.563 
583.000 3.571 
584.000 3.579 
585.000 3.585 
586.000 3.591 
587.000 3.595 
588.000 3.597 
589.000 3.598 
590.000 3.597 
591.000 3.594 
592.000 3.591 
593.000 3.586 
594.000 3.581 
595.000 3.577 
596.000 3.572 
597.000 3.568 
598.000 3.565 
599.000 3.563 
600.000 3.562 
601.000 3.562 
602.000 3.564 
603.000 3.566 
604.000 3.568 
605.000 3.571 
606.000 3.618 
607.000 3.719 
608.000 3.861 
609.000 4.025 
610.000 4.200 
611.000 4.376 
612.000 4.545 
613.000 4.704 
614.000 4.850 
615.000 4.980 
616.000 5.096 
617.000 5.196 
618.000 5.282 
619.000 5.354 
620.000 5.414 
621.000 5.463 
622.000 5.503 
623.000 5.535 
624.000 5.559 
625.000 5.578 
626.000 5.592 
627.000 5.602 
628.000 5.608 
629.000 5.613 
630.000 5.615 
631.000 5.616 
632.000 5.616 
633.000 5.615 
634.000 5.613 
635.000 5.612 
636.000 5.610 
637.000 5.608 
638.000 5.606 
639.000 5.604 
640.000 5.603 
641.000 5.601 
642.000 5.600 
643.000 5.599 
644.000 5.598 
645.000 5.597 
646.000 5.596 
647.000 5.596 
648.000 5.595 
649.000 5.595 
650.000 5.595 
651.000 5.594 
652.000 5.594 
653.000 5.594 
654.000 5.594 
655.000 5.594 
656.000 5.594 
657.000 5.594 
658.000 5.594 
659.000 5.594 
660.000 5.594 
661.000 5.594 
662.000 5.594 
663.000 5.594 
664.000 5.594 
665.000 5.594 
666.000 5.594 
667.000 5.594 
668.000 5.594 
669.000 5.594 
670.000 5.594 
671.000 5.594 
672.000 5.594 
673.000 5.594 
674.000 5.594 
675.000 5.594 
676.000 5.594 
677.000 5.594 
678.000 5.594 
679.000 5.594 
680.000 5.594 
681.000 5.594 
682.000 5.594 
683.000 5.594 
684.000 5.594 
685.000 5.594 
686.000 5.594 
687.000 5.594 
688.000 5.594 
689.000 5.594 
690.000 5.594 
691.000 5.594 
692.000 5.594 
693.000 5.594 
694.000 5.594 
695.000 5.594 
696.000 5.594 
697.000 5.594 
698.000 5.594 
699.000 5.594 
700.000 5.594 
701.000 5.594 
702.000 5.594 
703.000 5.594 
704.000 5.594 
705.000 5.594 
706.000 5.594 
707.000 5.594 
708.000 5.594 
709.000 5.594 
710.000 5.594 
711.000 5.594 
712.000 5.594 
713.000 5.594 
714.000 5.594 
715.000 5.594 
716.000 5.594 
717.000 5.594 
718.000 5.594 
719.000 5.594 
720.000 5.594 
721.000 5.594 
722.000 5.594 
723.000 5.594 
724.000 5.594 
725.000 5.594 
726.000 5.594 
727.000 5.594 
728.000 5.594 
729.000 5.594 
730.000 5.594 
731.000 5.594 
732.000 5.594 
733.000 5.594 
734.000 5.594 
735.000 5.594 
736.000 5.594 
737.000 5.594 
738.000 5.594 
739.000 5.594 
740.000 5.594 
741.000 5.594 
742.000 5.594 
743.000 5.594 
744.000 5.594 
745.000 5.594 
746.000 5.594 
747.000 5.594 
748.000 5.594 
749.000 5.594 
750.000 5.594 
751.000 5.594 
752.000 5.594 
753.000 5.594 
754.000 5.594 
755.000 5.594 
756.000 5.594 
757.000 5.594 
758.000 5.594 
759.000 5.594 
760.000 5.594 
761.000 5.594 
762.000 5.594 
763.000 5.594 
764.000 5.594 
765.000 5.594 
766.000 5.594 
767.000 5.594 
768.000 5.594 
769.000 5.594 
770.000 5.594 
771.000 5.594 
772.000 5.594 
773.000 5.594 
774.000 5.594 
775.000 5.594 
776.000 5.594 
777.000 5.594 
778.000 5.594 
779.000 5.594 
780.000 5.594 
781.000 5.594 
782.000 5.594 
783.000 5.594 
784.000 5.594 
785.000 5.594 
786.000 5.594 
787.000 5.594 
788.000 5.594 
789.000 5.594 
790.000 5.594 
791.000 5.594 
792.000 5.594 
793.000 5.594 
794.000 5.594 
795.000 5.594 
796.000 5.594 
797.000 5.594 
798.000 5.594 
799.000 5.594 
800.000 5.594 
