1.000 0.000 
2.000 0.000 
3.000 0.000 
4.000 0.000 
5.000 0.000 
6.000 0.000 
7.000 0.000 
8.000 0.000 
9.000 0.000 
10.000 0.000 
11.000 0.000 
12.000 -0.000 
13.000 -0.001 
14.000 -0.001 
15.000 -0.002 
16.000 -0.004 
17.000 -0.005 
18.000 -0.006 
19.000 -0.007 
20.000 -0.008 
21.000 -0.009 
22.000 -0.010 
23.000 -0.011 
24.000 -0.012 
25.000 -0.013 
26.000 -0.014 
27.000 -0.014 
28.000 -0.015 
29.000 -0.016 
30.000 -0.016 
31.000 -0.017 
32.000 -0.018 
33.000 -0.018 
34.000 -0.019 
35.000 -0.020 
36.000 -0.020 
37.000 -0.021 
38.000 -0.022 
39.000 -0.022 
40.000 -0.023 
41.000 -0.023 
42.000 -0.024 
43.000 -0.025 
44.000 -0.025 
45.000 -0.026 
46.000 -0.026 
47.000 -0.027 
48.000 -0.028 
49.000 -0.028 
50.000 -0.029 
51.000 -0.029 
52.000 -0.030 
53.000 -0.030 
54.000 -0.031 
55.000 -0.031 
56.000 -0.032 
57.000 -0.032 
58.000 -0.033 
59.000 -0.033 
60.000 -0.034 
61.000 -0.034 
62.000 -0.035 
63.000 -0.035 
64.000 -0.036 
65.000 -0.036 
66.000 -0.037 
67.000 -0.037 
68.000 -0.038 
69.000 -0.038 
70.000 -0.039 
71.000 -0.039 
72.000 -0.040 
73.000 -0.040 
74.000 -0.040 
75.000 -0.041 
76.000 -0.041 
77.000 -0.042 
78.000 -0.042 
79.000 -0.042 
80.000 -0.043 
81.000 -0.043 
82.000 -0.044 
83.000 -0.044 
84.000 -0.044 
85.000 -0.045 
86.000 -0.045 
87.000 -0.046 
88.000 -0.046 
89.000 -0.046 
90.000 -0.047 
91.000 -0.047 
92.000 -0.047 
93.000 -0.048 
94.000 -0.048 
95.000 -0.049 
96.000 -0.049 
97.000 -0.049 
98.000 -0.050 
99.000 -0.050 
100.000 -0.050 
101.000 -0.051 
102.000 -0.051 
103.000 -0.051 
104.000 -0.052 
105.000 -0.052 
106.000 -0.052 
107.000 -0.053 
108.000 -0.053 
109.000 -0.053 
110.000 -0.053 
111.000 -0.054 
112.000 -0.054 
113.000 -0.054 
114.000 -0.055 
115.000 -0.055 
116.000 -0.055 
117.000 -0.056 
118.000 -0.056 
119.000 -0.056 
120.000 -0.056 
121.000 -0.057 
122.000 -0.057 
123.000 -0.057 
124.000 -0.058 
125.000 -0.058 
126.000 -0.058 
127.000 -0.058 
128.000 -0.058 
129.000 -0.058 
130.000 -0.058 
131.000 -0.058 
132.000 -0.058 
133.000 -0.058 
134.000 -0.058 
135.000 -0.058 
136.000 -0.058 
137.000 -0.058 
138.000 -0.059 
139.000 -0.059 
140.000 -0.059 
141.000 -0.059 
142.000 -0.059 
143.000 -0.059 
144.000 -0.059 
145.000 -0.059 
146.000 -0.059 
147.000 -0.059 
148.000 -0.059 
149.000 -0.059 
150.000 -0.059 
151.000 -0.059 
152.000 -0.060 
153.000 -0.060 
154.000 -0.060 
155.000 -0.060 
156.000 -0.060 
157.000 -0.060 
158.000 -0.060 
159.000 -0.060 
160.000 -0.060 
161.000 -0.060 
162.000 -0.060 
163.000 -0.060 
164.000 -0.060 
165.000 -0.060 
166.000 -0.060 
167.000 -0.061 
168.000 -0.061 
169.000 -0.061 
170.000 -0.061 
171.000 -0.061 
172.000 -0.061 
173.000 -0.061 
174.000 -0.061 
175.000 -0.061 
176.000 -0.061 
177.000 -0.061 
178.000 -0.061 
179.000 -0.061 
180.000 -0.061 
181.000 -0.061 
182.000 -0.061 
183.000 -0.061 
184.000 -0.062 
185.000 -0.062 
186.000 -0.062 
187.000 -0.062 
188.000 -0.062 
189.000 -0.062 
190.000 -0.062 
191.000 -0.062 
192.000 -0.062 
193.000 -0.062 
194.000 -0.062 
195.000 -0.062 
196.000 -0.062 
197.000 -0.062 
198.000 -0.062 
199.000 -0.062 
200.000 -0.062 
201.000 -0.062 
202.000 -0.063 
203.000 -0.063 
204.000 -0.063 
205.000 -0.063 
206.000 -0.063 
207.000 -0.063 
208.000 -0.063 
209.000 -0.063 
210.000 -0.063 
211.000 -0.063 
212.000 -0.063 
213.000 -0.063 
214.000 -0.063 
215.000 -0.063 
216.000 -0.063 
217.000 -0.063 
218.000 -0.063 
219.000 -0.063 
220.000 -0.063 
221.000 -0.064 
222.000 -0.064 
223.000 -0.064 
224.000 -0.064 
225.000 -0.064 
226.000 -0.064 
227.000 -0.064 
228.000 -0.064 
229.000 -0.064 
230.000 -0.064 
231.000 -0.064 
232.000 -0.064 
233.000 -0.064 
234.000 -0.064 
235.000 -0.064 
236.000 -0.064 
237.000 -0.064 
238.000 -0.064 
239.000 -0.064 
240.000 -0.064 
241.000 -0.064 
242.000 -0.065 
243.000 -0.065 
244.000 -0.065 
245.000 -0.065 
246.000 -0.065 
247.000 -0.064 
248.000 -0.063 
249.000 -0.062 
250.000 -0.061 
251.000 -0.059 
252.000 -0.057 
253.000 -0.056 
254.000 -0.054 
255.000 -0.053 
256.000 -0.052 
257.000 -0.050 
258.000 -0.049 
259.000 -0.048 
260.000 -0.047 
261.000 -0.045 
262.000 -0.044 
263.000 -0.043 
264.000 -0.042 
265.000 -0.041 
266.000 -0.040 
267.000 -0.038 
268.000 -0.037 
269.000 -0.036 
270.000 -0.034 
271.000 -0.033 
272.000 -0.032 
273.000 -0.030 
274.000 -0.029 
275.000 -0.027 
276.000 -0.026 
277.000 -0.025 
278.000 -0.023 
279.000 -0.021 
280.000 -0.020 
281.000 -0.018 
282.000 -0.017 
283.000 -0.015 
284.000 -0.014 
285.000 -0.012 
286.000 -0.010 
287.000 -0.009 
288.000 -0.007 
289.000 -0.005 
290.000 -0.004 
291.000 -0.002 
292.000 -0.000 
293.000 0.001 
294.000 0.003 
295.000 0.005 
296.000 0.007 
297.000 0.008 
298.000 0.010 
299.000 0.012 
300.000 0.014 
301.000 0.016 
302.000 0.017 
303.000 0.019 
304.000 0.021 
305.000 0.023 
306.000 0.025 
307.000 0.027 
308.000 0.029 
309.000 0.031 
310.000 0.032 
311.000 0.034 
312.000 0.036 
313.000 0.038 
314.000 0.040 
315.000 0.042 
316.000 0.044 
317.000 0.046 
318.000 0.048 
319.000 0.050 
320.000 0.052 
321.000 0.054 
322.000 0.056 
323.000 0.058 
324.000 0.060 
325.000 0.062 
326.000 0.064 
327.000 0.066 
328.000 0.068 
329.000 0.070 
330.000 0.072 
331.000 0.074 
332.000 0.076 
333.000 0.078 
334.000 0.080 
335.000 0.082 
336.000 0.084 
337.000 0.086 
338.000 0.088 
339.000 0.090 
340.000 0.092 
341.000 0.094 
342.000 0.096 
343.000 0.098 
344.000 0.100 
345.000 0.102 
346.000 0.103 
347.000 0.105 
348.000 0.107 
349.000 0.109 
350.000 0.111 
351.000 0.113 
352.000 0.115 
353.000 0.117 
354.000 0.119 
355.000 0.120 
356.000 0.122 
357.000 0.124 
358.000 0.126 
359.000 0.128 
360.000 0.130 
361.000 0.131 
362.000 0.133 
363.000 0.135 
364.000 0.137 
365.000 0.138 
366.000 0.142 
367.000 0.147 
368.000 0.156 
369.000 0.168 
370.000 0.181 
371.000 0.197 
372.000 0.213 
373.000 0.230 
374.000 0.247 
375.000 0.263 
376.000 0.280 
377.000 0.296 
378.000 0.311 
379.000 0.326 
380.000 0.340 
381.000 0.353 
382.000 0.366 
383.000 0.378 
384.000 0.391 
385.000 0.403 
386.000 0.414 
387.000 0.426 
388.000 0.438 
389.000 0.450 
390.000 0.461 
391.000 0.473 
392.000 0.485 
393.000 0.497 
394.000 0.509 
395.000 0.521 
396.000 0.532 
397.000 0.544 
398.000 0.556 
399.000 0.567 
400.000 0.579 
401.000 0.590 
402.000 0.601 
403.000 0.611 
404.000 0.621 
405.000 0.632 
406.000 0.641 
407.000 0.651 
408.000 0.660 
409.000 0.669 
410.000 0.677 
411.000 0.686 
412.000 0.694 
413.000 0.702 
414.000 0.709 
415.000 0.717 
416.000 0.724 
417.000 0.730 
418.000 0.737 
419.000 0.743 
420.000 0.750 
421.000 0.756 
422.000 0.761 
423.000 0.767 
424.000 0.772 
425.000 0.777 
426.000 0.782 
427.000 0.787 
428.000 0.792 
429.000 0.796 
430.000 0.801 
431.000 0.805 
432.000 0.809 
433.000 0.813 
434.000 0.816 
435.000 0.820 
436.000 0.823 
437.000 0.826 
438.000 0.829 
439.000 0.832 
440.000 0.835 
441.000 0.838 
442.000 0.840 
443.000 0.843 
444.000 0.845 
445.000 0.848 
446.000 0.850 
447.000 0.852 
448.000 0.854 
449.000 0.856 
450.000 0.858 
451.000 0.859 
452.000 0.861 
453.000 0.863 
454.000 0.864 
455.000 0.866 
456.000 0.867 
457.000 0.868 
458.000 0.870 
459.000 0.871 
460.000 0.872 
461.000 0.873 
462.000 0.874 
463.000 0.875 
464.000 0.876 
465.000 0.877 
466.000 0.878 
467.000 0.879 
468.000 0.879 
469.000 0.880 
470.000 0.881 
471.000 0.882 
472.000 0.882 
473.000 0.883 
474.000 0.884 
475.000 0.884 
476.000 0.885 
477.000 0.885 
478.000 0.886 
479.000 0.886 
480.000 0.887 
481.000 0.887 
482.000 0.888 
483.000 0.888 
484.000 0.888 
485.000 0.889 
486.000 0.900 
487.000 0.931 
488.000 0.986 
489.000 1.066 
490.000 1.168 
491.000 1.291 
492.000 1.432 
493.000 1.586 
494.000 1.751 
495.000 1.922 
496.000 2.097 
497.000 2.271 
498.000 2.443 
499.000 2.608 
500.000 2.766 
501.000 2.913 
502.000 3.048 
503.000 3.170 
504.000 3.279 
505.000 3.373 
506.000 3.453 
507.000 3.519 
508.000 3.572 
509.000 3.612 
510.000 3.640 
511.000 3.658 
512.000 3.667 
513.000 3.668 
514.000 3.662 
515.000 3.651 
516.000 3.636 
517.000 3.619 
518.000 3.600 
519.000 3.581 
520.000 3.562 
521.000 3.544 
522.000 3.529 
523.000 3.515 
524.000 3.504 
525.000 3.496 
526.000 3.490 
527.000 3.488 
528.000 3.487 
529.000 3.490 
530.000 3.494 
531.000 3.500 
532.000 3.508 
533.000 3.516 
534.000 3.526 
535.000 3.536 
536.000 3.546 
537.000 3.556 
538.000 3.565 
539.000 3.574 
540.000 3.582 
541.000 3.589 
542.000 3.594 
543.000 3.599 
544.000 3.603 
545.000 3.605 
546.000 3.606 
547.000 3.607 
548.000 3.606 
549.000 3.605 
550.000 3.602 
551.000 3.600 
552.000 3.597 
553.000 3.593 
554.000 3.590 
555.000 3.586 
556.000 3.583 
557.000 3.579 
558.000 3.576 
559.000 3.574 
560.000 3.571 
561.000 3.569 
562.000 3.568 
563.000 3.566 
564.000 3.566 
565.000 3.565 
566.000 3.565 
567.000 3.565 
568.000 3.566 
569.000 3.567 
570.000 3.568 
571.000 3.569 
572.000 3.570 
573.000 3.571 
574.000 3.573 
575.000 3.574 
576.000 3.575 
577.000 3.576 
578.000 3.577 
579.000 3.578 
580.000 3.579 
581.000 3.579 
582.000 3.580 
583.000 3.580 
584.000 3.580 
585.000 3.580 
586.000 3.580 
587.000 3.580 
588.000 3.579 
589.000 3.579 
590.000 3.578 
591.000 3.578 
592.000 3.578 
593.000 3.577 
594.000 3.577 
595.000 3.576 
596.000 3.576 
597.000 3.576 
598.000 3.575 
599.000 3.575 
600.000 3.575 
601.000 3.575 
602.000 3.575 
603.000 3.575 
604.000 3.575 
605.000 3.575 
606.000 3.584 
607.000 3.613 
608.000 3.664 
609.000 3.740 
610.000 3.840 
611.000 3.963 
612.000 4.107 
613.000 4.263 
614.000 4.423 
615.000 4.579 
616.000 4.728 
617.000 4.866 
618.000 4.990 
619.000 5.100 
620.000 5.197 
621.000 5.280 
622.000 5.351 
623.000 5.410 
624.000 5.458 
625.000 5.498 
626.000 5.529 
627.000 5.554 
628.000 5.573 
629.000 5.587 
630.000 5.598 
631.000 5.605 
632.000 5.610 
633.000 5.612 
634.000 5.614 
635.000 5.614 
636.000 5.613 
637.000 5.612 
638.000 5.611 
639.000 5.609 
640.000 5.607 
641.000 5.606 
642.000 5.604 
643.000 5.602 
644.000 5.601 
645.000 5.600 
646.000 5.599 
647.000 5.598 
648.000 5.597 
649.000 5.596 
650.000 5.596 
651.000 5.595 
652.000 5.595 
653.000 5.595 
654.000 5.594 
655.000 5.594 
656.000 5.594 
657.000 5.594 
658.000 5.594 
659.000 5.594 
660.000 5.594 
661.000 5.594 
662.000 5.594 
663.000 5.594 
664.000 5.594 
665.000 5.594 
666.000 5.594 
667.000 5.594 
668.000 5.594 
669.000 5.594 
670.000 5.594 
671.000 5.594 
672.000 5.594 
673.000 5.594 
674.000 5.594 
675.000 5.594 
676.000 5.594 
677.000 5.594 
678.000 5.594 
679.000 5.594 
680.000 5.594 
681.000 5.594 
682.000 5.594 
683.000 5.594 
684.000 5.594 
685.000 5.594 
686.000 5.594 
687.000 5.594 
688.000 5.594 
689.000 5.594 
690.000 5.594 
691.000 5.594 
692.000 5.594 
693.000 5.594 
694.000 5.594 
695.000 5.594 
696.000 5.594 
697.000 5.594 
698.000 5.594 
699.000 5.594 
700.000 5.594 
701.000 5.594 
702.000 5.594 
703.000 5.594 
704.000 5.594 
705.000 5.594 
706.000 5.594 
707.000 5.594 
708.000 5.594 
709.000 5.594 
710.000 5.594 
711.000 5.594 
712.000 5.594 
713.000 5.594 
714.000 5.594 
715.000 5.594 
716.000 5.594 
717.000 5.594 
718.000 5.594 
719.000 5.594 
720.000 5.594 
721.000 5.594 
722.000 5.594 
723.000 5.594 
724.000 5.594 
725.000 5.594 
726.000 5.594 
727.000 5.594 
728.000 5.594 
729.000 5.594 
730.000 5.594 
731.000 5.594 
732.000 5.594 
733.000 5.594 
734.000 5.594 
735.000 5.594 
736.000 5.594 
737.000 5.594 
738.000 5.594 
739.000 5.594 
740.000 5.594 
741.000 5.594 
742.000 5.594 
743.000 5.594 
744.000 5.594 
745.000 5.594 
746.000 5.594 
747.000 5.594 
748.000 5.594 
749.000 5.594 
750.000 5.594 
751.000 5.594 
752.000 5.594 
753.000 5.594 
754.000 5.594 
755.000 5.594 
756.000 5.594 
757.000 5.594 
758.000 5.594 
759.000 5.594 
760.000 5.594 
761.000 5.594 
762.000 5.594 
763.000 5.594 
764.000 5.594 
765.000 5.594 
766.000 5.594 
767.000 5.594 
768.000 5.594 
769.000 5.594 
770.000 5.594 
771.000 5.594 
772.000 5.594 
773.000 5.594 
774.000 5.594 
775.000 5.594 
776.000 5.594 
777.000 5.594 
778.000 5.594 
779.000 5.594 
780.000 5.594 
781.000 5.594 
782.000 5.594 
783.000 5.594 
784.000 5.594 
785.000 5.594 
786.000 5.594 
787.000 5.594 
788.000 5.594 
789.000 5.594 
790.000 5.594 
791.000 5.594 
792.000 5.594 
793.000 5.594 
794.000 5.594 
795.000 5.594 
796.000 5.594 
797.000 5.594 
798.000 5.594 
799.000 5.594 
800.000 5.594 
