1.000 0.000 
2.000 0.000 
3.000 0.000 
4.000 0.000 
5.000 0.000 
6.000 0.000 
7.000 0.000 
8.000 0.000 
9.000 0.000 
10.000 0.000 
11.000 0.000 
12.000 -0.001 
13.000 -0.003 
14.000 -0.006 
15.000 -0.009 
16.000 -0.013 
17.000 -0.015 
18.000 -0.017 
19.000 -0.019 
20.000 -0.019 
21.000 -0.020 
22.000 -0.020 
23.000 -0.020 
24.000 -0.020 
25.000 -0.021 
26.000 -0.022 
27.000 -0.023 
28.000 -0.024 
29.000 -0.025 
30.000 -0.026 
31.000 -0.027 
32.000 -0.028 
33.000 -0.029 
34.000 -0.030 
35.000 -0.031 
36.000 -0.032 
37.000 -0.033 
38.000 -0.033 
39.000 -0.034 
40.000 -0.035 
41.000 -0.035 
42.000 -0.036 
43.000 -0.037 
44.000 -0.038 
45.000 -0.038 
46.000 -0.039 
47.000 -0.040 
48.000 -0.041 
49.000 -0.041 
50.000 -0.042 
51.000 -0.043 
52.000 -0.043 
53.000 -0.044 
54.000 -0.044 
55.000 -0.045 
56.000 -0.046 
57.000 -0.046 
58.000 -0.047 
59.000 -0.047 
60.000 -0.048 
61.000 -0.048 
62.000 -0.049 
63.000 -0.050 
64.000 -0.050 
65.000 -0.051 
66.000 -0.051 
67.000 -0.052 
68.000 -0.052 
69.000 -0.053 
70.000 -0.053 
71.000 -0.054 
72.000 -0.054 
73.000 -0.055 
74.000 -0.055 
75.000 -0.056 
76.000 -0.056 
77.000 -0.056 
78.000 -0.057 
79.000 -0.057 
80.000 -0.058 
81.000 -0.058 
82.000 -0.059 
83.000 -0.059 
84.000 -0.059 
85.000 -0.060 
86.000 -0.060 
87.000 -0.061 
88.000 -0.061 
89.000 -0.061 
90.000 -0.062 
91.000 -0.062 
92.000 -0.063 
93.000 -0.063 
94.000 -0.063 
95.000 -0.064 
96.000 -0.064 
97.000 -0.064 
98.000 -0.065 
99.000 -0.065 
100.000 -0.066 
101.000 -0.066 
102.000 -0.066 
103.000 -0.067 
104.000 -0.067 
105.000 -0.067 
106.000 -0.067 
107.000 -0.068 
108.000 -0.068 
109.000 -0.068 
110.000 -0.069 
111.000 -0.069 
112.000 -0.069 
113.000 -0.070 
114.000 -0.070 
115.000 -0.070 
116.000 -0.071 
117.000 -0.071 
118.000 -0.071 
119.000 -0.071 
120.000 -0.072 
121.000 -0.072 
122.000 -0.072 
123.000 -0.073 
124.000 -0.073 
125.000 -0.073 
126.000 -0.073 
127.000 -0.073 
128.000 -0.073 
129.000 -0.072 
130.000 -0.072 
131.000 -0.072 
132.000 -0.072 
133.000 -0.072 
134.000 -0.072 
135.000 -0.072 
136.000 -0.072 
137.000 -0.072 
138.000 -0.073 
139.000 -0.073 
140.000 -0.073 
141.000 -0.073 
142.000 -0.073 
143.000 -0.073 
144.000 -0.073 
145.000 -0.073 
146.000 -0.073 
147.000 -0.073 
148.000 -0.073 
149.000 -0.073 
150.000 -0.073 
151.000 -0.073 
152.000 -0.073 
153.000 -0.073 
154.000 -0.073 
155.000 -0.073 
156.000 -0.073 
157.000 -0.073 
158.000 -0.073 
159.000 -0.073 
160.000 -0.073 
161.000 -0.073 
162.000 -0.073 
163.000 -0.073 
164.000 -0.073 
165.000 -0.073 
166.000 -0.073 
167.000 -0.073 
168.000 -0.073 
169.000 -0.073 
170.000 -0.073 
171.000 -0.073 
172.000 -0.074 
173.000 -0.074 
174.000 -0.074 
175.000 -0.074 
176.000 -0.074 
177.000 -0.074 
178.000 -0.074 
179.000 -0.074 
180.000 -0.074 
181.000 -0.074 
182.000 -0.074 
183.000 -0.074 
184.000 -0.074 
185.000 -0.074 
186.000 -0.074 
187.000 -0.074 
188.000 -0.074 
189.000 -0.074 
190.000 -0.074 
191.000 -0.074 
192.000 -0.074 
193.000 -0.074 
194.000 -0.074 
195.000 -0.074 
196.000 -0.074 
197.000 -0.074 
198.000 -0.074 
199.000 -0.074 
200.000 -0.074 
201.000 -0.074 
202.000 -0.074 
203.000 -0.074 
204.000 -0.074 
205.000 -0.074 
206.000 -0.074 
207.000 -0.074 
208.000 -0.074 
209.000 -0.074 
210.000 -0.074 
211.000 -0.074 
212.000 -0.074 
213.000 -0.074 
214.000 -0.074 
215.000 -0.075 
216.000 -0.075 
217.000 -0.075 
218.000 -0.075 
219.000 -0.075 
220.000 -0.075 
221.000 -0.075 
222.000 -0.075 
223.000 -0.075 
224.000 -0.075 
225.000 -0.075 
226.000 -0.075 
227.000 -0.075 
228.000 -0.075 
229.000 -0.075 
230.000 -0.075 
231.000 -0.075 
232.000 -0.075 
233.000 -0.075 
234.000 -0.075 
235.000 -0.075 
236.000 -0.075 
237.000 -0.075 
238.000 -0.075 
239.000 -0.075 
240.000 -0.075 
241.000 -0.075 
242.000 -0.075 
243.000 -0.075 
244.000 -0.075 
245.000 -0.075 
246.000 -0.075 
247.000 -0.072 
248.000 -0.069 
249.000 -0.065 
250.000 -0.061 
251.000 -0.057 
252.000 -0.054 
253.000 -0.053 
254.000 -0.052 
255.000 -0.051 
256.000 -0.050 
257.000 -0.050 
258.000 -0.049 
259.000 -0.048 
260.000 -0.046 
261.000 -0.045 
262.000 -0.042 
263.000 -0.040 
264.000 -0.037 
265.000 -0.035 
266.000 -0.032 
267.000 -0.030 
268.000 -0.027 
269.000 -0.025 
270.000 -0.023 
271.000 -0.020 
272.000 -0.018 
273.000 -0.016 
274.000 -0.014 
275.000 -0.011 
276.000 -0.009 
277.000 -0.006 
278.000 -0.003 
279.000 -0.001 
280.000 0.002 
281.000 0.005 
282.000 0.008 
283.000 0.011 
284.000 0.013 
285.000 0.016 
286.000 0.019 
287.000 0.022 
288.000 0.025 
289.000 0.028 
290.000 0.031 
291.000 0.034 
292.000 0.037 
293.000 0.040 
294.000 0.043 
295.000 0.046 
296.000 0.049 
297.000 0.052 
298.000 0.055 
299.000 0.058 
300.000 0.061 
301.000 0.064 
302.000 0.068 
303.000 0.071 
304.000 0.074 
305.000 0.077 
306.000 0.080 
307.000 0.083 
308.000 0.086 
309.000 0.089 
310.000 0.092 
311.000 0.095 
312.000 0.098 
313.000 0.101 
314.000 0.104 
315.000 0.107 
316.000 0.110 
317.000 0.113 
318.000 0.116 
319.000 0.119 
320.000 0.122 
321.000 0.124 
322.000 0.127 
323.000 0.130 
324.000 0.133 
325.000 0.135 
326.000 0.138 
327.000 0.141 
328.000 0.143 
329.000 0.146 
330.000 0.148 
331.000 0.151 
332.000 0.153 
333.000 0.156 
334.000 0.158 
335.000 0.161 
336.000 0.163 
337.000 0.165 
338.000 0.167 
339.000 0.170 
340.000 0.172 
341.000 0.174 
342.000 0.176 
343.000 0.178 
344.000 0.180 
345.000 0.182 
346.000 0.184 
347.000 0.186 
348.000 0.188 
349.000 0.190 
350.000 0.191 
351.000 0.193 
352.000 0.195 
353.000 0.197 
354.000 0.198 
355.000 0.200 
356.000 0.201 
357.000 0.203 
358.000 0.204 
359.000 0.206 
360.000 0.207 
361.000 0.209 
362.000 0.210 
363.000 0.211 
364.000 0.213 
365.000 0.214 
366.000 0.224 
367.000 0.247 
368.000 0.284 
369.000 0.330 
370.000 0.380 
371.000 0.430 
372.000 0.474 
373.000 0.511 
374.000 0.538 
375.000 0.556 
376.000 0.564 
377.000 0.565 
378.000 0.562 
379.000 0.558 
380.000 0.555 
381.000 0.555 
382.000 0.559 
383.000 0.569 
384.000 0.583 
385.000 0.601 
386.000 0.623 
387.000 0.647 
388.000 0.671 
389.000 0.694 
390.000 0.715 
391.000 0.733 
392.000 0.748 
393.000 0.759 
394.000 0.766 
395.000 0.771 
396.000 0.774 
397.000 0.775 
398.000 0.776 
399.000 0.777 
400.000 0.780 
401.000 0.783 
402.000 0.788 
403.000 0.794 
404.000 0.801 
405.000 0.809 
406.000 0.818 
407.000 0.826 
408.000 0.834 
409.000 0.841 
410.000 0.847 
411.000 0.852 
412.000 0.855 
413.000 0.857 
414.000 0.859 
415.000 0.860 
416.000 0.860 
417.000 0.860 
418.000 0.861 
419.000 0.862 
420.000 0.863 
421.000 0.864 
422.000 0.866 
423.000 0.869 
424.000 0.871 
425.000 0.874 
426.000 0.876 
427.000 0.879 
428.000 0.881 
429.000 0.883 
430.000 0.884 
431.000 0.885 
432.000 0.886 
433.000 0.886 
434.000 0.886 
435.000 0.886 
436.000 0.886 
437.000 0.886 
438.000 0.886 
439.000 0.887 
440.000 0.887 
441.000 0.888 
442.000 0.888 
443.000 0.889 
444.000 0.890 
445.000 0.891 
446.000 0.891 
447.000 0.892 
448.000 0.892 
449.000 0.893 
450.000 0.893 
451.000 0.893 
452.000 0.893 
453.000 0.893 
454.000 0.893 
455.000 0.893 
456.000 0.893 
457.000 0.893 
458.000 0.893 
459.000 0.893 
460.000 0.894 
461.000 0.894 
462.000 0.894 
463.000 0.894 
464.000 0.895 
465.000 0.895 
466.000 0.895 
467.000 0.895 
468.000 0.895 
469.000 0.895 
470.000 0.895 
471.000 0.895 
472.000 0.895 
473.000 0.895 
474.000 0.895 
475.000 0.895 
476.000 0.895 
477.000 0.895 
478.000 0.895 
479.000 0.895 
480.000 0.895 
481.000 0.895 
482.000 0.896 
483.000 0.896 
484.000 0.896 
485.000 0.896 
486.000 0.944 
487.000 1.070 
488.000 1.279 
489.000 1.562 
490.000 1.901 
491.000 2.273 
492.000 2.656 
493.000 3.025 
494.000 3.358 
495.000 3.638 
496.000 3.850 
497.000 3.987 
498.000 4.046 
499.000 4.032 
500.000 3.956 
501.000 3.832 
502.000 3.677 
503.000 3.511 
504.000 3.350 
505.000 3.208 
506.000 3.098 
507.000 3.025 
508.000 2.994 
509.000 3.004 
510.000 3.052 
511.000 3.133 
512.000 3.239 
513.000 3.361 
514.000 3.490 
515.000 3.617 
516.000 3.732 
517.000 3.829 
518.000 3.901 
519.000 3.945 
520.000 3.958 
521.000 3.943 
522.000 3.902 
523.000 3.840 
524.000 3.763 
525.000 3.678 
526.000 3.592 
527.000 3.513 
528.000 3.445 
529.000 3.392 
530.000 3.357 
531.000 3.342 
532.000 3.345 
533.000 3.366 
534.000 3.401 
535.000 3.447 
536.000 3.499 
537.000 3.554 
538.000 3.607 
539.000 3.654 
540.000 3.692 
541.000 3.719 
542.000 3.734 
543.000 3.736 
544.000 3.727 
545.000 3.706 
546.000 3.678 
547.000 3.644 
548.000 3.608 
549.000 3.572 
550.000 3.539 
551.000 3.512 
552.000 3.491 
553.000 3.478 
554.000 3.474 
555.000 3.477 
556.000 3.488 
557.000 3.504 
558.000 3.525 
559.000 3.548 
560.000 3.572 
561.000 3.594 
562.000 3.613 
563.000 3.628 
564.000 3.639 
565.000 3.644 
566.000 3.643 
567.000 3.638 
568.000 3.628 
569.000 3.616 
570.000 3.601 
571.000 3.585 
572.000 3.570 
573.000 3.557 
574.000 3.546 
575.000 3.538 
576.000 3.533 
577.000 3.532 
578.000 3.534 
579.000 3.540 
580.000 3.547 
581.000 3.556 
582.000 3.566 
583.000 3.576 
584.000 3.586 
585.000 3.594 
586.000 3.600 
587.000 3.603 
588.000 3.605 
589.000 3.604 
590.000 3.601 
591.000 3.597 
592.000 3.591 
593.000 3.585 
594.000 3.578 
595.000 3.572 
596.000 3.566 
597.000 3.562 
598.000 3.559 
599.000 3.557 
600.000 3.557 
601.000 3.559 
602.000 3.561 
603.000 3.565 
604.000 3.569 
605.000 3.573 
606.000 3.621 
607.000 3.724 
608.000 3.866 
609.000 4.031 
610.000 4.206 
611.000 4.381 
612.000 4.550 
613.000 4.708 
614.000 4.854 
615.000 4.984 
616.000 5.099 
617.000 5.198 
618.000 5.284 
619.000 5.356 
620.000 5.416 
621.000 5.465 
622.000 5.504 
623.000 5.535 
624.000 5.560 
625.000 5.578 
626.000 5.592 
627.000 5.602 
628.000 5.608 
629.000 5.613 
630.000 5.615 
631.000 5.616 
632.000 5.616 
633.000 5.615 
634.000 5.613 
635.000 5.612 
636.000 5.610 
637.000 5.608 
638.000 5.606 
639.000 5.604 
640.000 5.603 
641.000 5.601 
642.000 5.600 
643.000 5.599 
644.000 5.598 
645.000 5.597 
646.000 5.596 
647.000 5.596 
648.000 5.595 
649.000 5.595 
650.000 5.595 
651.000 5.594 
652.000 5.594 
653.000 5.594 
654.000 5.594 
655.000 5.594 
656.000 5.594 
657.000 5.594 
658.000 5.594 
659.000 5.594 
660.000 5.594 
661.000 5.594 
662.000 5.594 
663.000 5.594 
664.000 5.594 
665.000 5.594 
666.000 5.594 
667.000 5.594 
668.000 5.594 
669.000 5.594 
670.000 5.594 
671.000 5.594 
672.000 5.594 
673.000 5.594 
674.000 5.594 
675.000 5.594 
676.000 5.594 
677.000 5.594 
678.000 5.594 
679.000 5.594 
680.000 5.594 
681.000 5.594 
682.000 5.594 
683.000 5.594 
684.000 5.594 
685.000 5.594 
686.000 5.594 
687.000 5.594 
688.000 5.594 
689.000 5.594 
690.000 5.594 
691.000 5.594 
692.000 5.594 
693.000 5.594 
694.000 5.594 
695.000 5.594 
696.000 5.594 
697.000 5.594 
698.000 5.594 
699.000 5.594 
700.000 5.594 
701.000 5.594 
702.000 5.594 
703.000 5.594 
704.000 5.594 
705.000 5.594 
706.000 5.594 
707.000 5.594 
708.000 5.594 
709.000 5.594 
710.000 5.594 
711.000 5.594 
712.000 5.594 
713.000 5.594 
714.000 5.594 
715.000 5.594 
716.000 5.594 
717.000 5.594 
718.000 5.594 
719.000 5.594 
720.000 5.594 
721.000 5.594 
722.000 5.594 
723.000 5.594 
724.000 5.594 
725.000 5.594 
726.000 5.594 
727.000 5.594 
728.000 5.594 
729.000 5.594 
730.000 5.594 
731.000 5.594 
732.000 5.594 
733.000 5.594 
734.000 5.594 
735.000 5.594 
736.000 5.594 
737.000 5.594 
738.000 5.594 
739.000 5.594 
740.000 5.594 
741.000 5.594 
742.000 5.594 
743.000 5.594 
744.000 5.594 
745.000 5.594 
746.000 5.594 
747.000 5.594 
748.000 5.594 
749.000 5.594 
750.000 5.594 
751.000 5.594 
752.000 5.594 
753.000 5.594 
754.000 5.594 
755.000 5.594 
756.000 5.594 
757.000 5.594 
758.000 5.594 
759.000 5.594 
760.000 5.594 
761.000 5.594 
762.000 5.594 
763.000 5.594 
764.000 5.594 
765.000 5.594 
766.000 5.594 
767.000 5.594 
768.000 5.594 
769.000 5.594 
770.000 5.594 
771.000 5.594 
772.000 5.594 
773.000 5.594 
774.000 5.594 
775.000 5.594 
776.000 5.594 
777.000 5.594 
778.000 5.594 
779.000 5.594 
780.000 5.594 
781.000 5.594 
782.000 5.594 
783.000 5.594 
784.000 5.594 
785.000 5.594 
786.000 5.594 
787.000 5.594 
788.000 5.594 
789.000 5.594 
790.000 5.594 
791.000 5.594 
792.000 5.594 
793.000 5.594 
794.000 5.594 
795.000 5.594 
796.000 5.594 
797.000 5.594 
798.000 5.594 
799.000 5.594 
800.000 5.594 
