1.000 0.000 
2.000 0.000 
3.000 0.000 
4.000 0.000 
5.000 0.000 
6.000 0.000 
7.000 0.000 
8.000 0.000 
9.000 0.000 
10.000 0.000 
11.000 0.000 
12.000 -0.002 
13.000 -0.007 
14.000 -0.013 
15.000 -0.018 
16.000 -0.022 
17.000 -0.024 
18.000 -0.025 
19.000 -0.024 
20.000 -0.022 
21.000 -0.021 
22.000 -0.021 
23.000 -0.021 
24.000 -0.023 
25.000 -0.025 
26.000 -0.027 
27.000 -0.029 
28.000 -0.031 
29.000 -0.033 
30.000 -0.034 
31.000 -0.034 
32.000 -0.035 
33.000 -0.035 
34.000 -0.036 
35.000 -0.036 
36.000 -0.037 
37.000 -0.038 
38.000 -0.039 
39.000 -0.040 
40.000 -0.042 
41.000 -0.042 
42.000 -0.043 
43.000 -0.044 
44.000 -0.045 
45.000 -0.045 
46.000 -0.046 
47.000 -0.047 
48.000 -0.047 
49.000 -0.048 
50.000 -0.049 
51.000 -0.049 
52.000 -0.050 
53.000 -0.051 
54.000 -0.052 
55.000 -0.052 
56.000 -0.053 
57.000 -0.053 
58.000 -0.054 
59.000 -0.054 
60.000 -0.055 
61.000 -0.056 
62.000 -0.056 
63.000 -0.057 
64.000 -0.057 
65.000 -0.058 
66.000 -0.058 
67.000 -0.059 
68.000 -0.059 
69.000 -0.060 
70.000 -0.060 
71.000 -0.061 
72.000 -0.061 
73.000 -0.062 
74.000 -0.062 
75.000 -0.063 
76.000 -0.063 
77.000 -0.064 
78.000 -0.064 
79.000 -0.065 
80.000 -0.065 
81.000 -0.066 
82.000 -0.066 
83.000 -0.066 
84.000 -0.067 
85.000 -0.067 
86.000 -0.068 
87.000 -0.068 
88.000 -0.068 
89.000 -0.069 
90.000 -0.069 
91.000 -0.070 
92.000 -0.070 
93.000 -0.070 
94.000 -0.071 
95.000 -0.071 
96.000 -0.071 
97.000 -0.072 
98.000 -0.072 
99.000 -0.072 
100.000 -0.073 
101.000 -0.073 
102.000 -0.073 
103.000 -0.074 
104.000 -0.074 
105.000 -0.074 
106.000 -0.075 
107.000 -0.075 
108.000 -0.075 
109.000 -0.076 
110.000 -0.076 
111.000 -0.076 
112.000 -0.076 
113.000 -0.077 
114.000 -0.077 
115.000 -0.077 
116.000 -0.078 
117.000 -0.078 
118.000 -0.078 
119.000 -0.078 
120.000 -0.079 
121.000 -0.079 
122.000 -0.079 
123.000 -0.080 
124.000 -0.080 
125.000 -0.080 
126.000 -0.080 
127.000 -0.080 
128.000 -0.079 
129.000 -0.078 
130.000 -0.078 
131.000 -0.078 
132.000 -0.078 
133.000 -0.078 
134.000 -0.079 
135.000 -0.079 
136.000 -0.079 
137.000 -0.079 
138.000 -0.079 
139.000 -0.079 
140.000 -0.079 
141.000 -0.079 
142.000 -0.079 
143.000 -0.079 
144.000 -0.079 
145.000 -0.079 
146.000 -0.079 
147.000 -0.079 
148.000 -0.079 
149.000 -0.079 
150.000 -0.079 
151.000 -0.079 
152.000 -0.079 
153.000 -0.079 
154.000 -0.079 
155.000 -0.079 
156.000 -0.079 
157.000 -0.079 
158.000 -0.079 
159.000 -0.079 
160.000 -0.079 
161.000 -0.079 
162.000 -0.079 
163.000 -0.079 
164.000 -0.079 
165.000 -0.079 
166.000 -0.079 
167.000 -0.079 
168.000 -0.079 
169.000 -0.079 
170.000 -0.079 
171.000 -0.079 
172.000 -0.079 
173.000 -0.079 
174.000 -0.079 
175.000 -0.079 
176.000 -0.079 
177.000 -0.079 
178.000 -0.079 
179.000 -0.079 
180.000 -0.079 
181.000 -0.079 
182.000 -0.079 
183.000 -0.079 
184.000 -0.079 
185.000 -0.079 
186.000 -0.079 
187.000 -0.079 
188.000 -0.079 
189.000 -0.079 
190.000 -0.079 
191.000 -0.079 
192.000 -0.079 
193.000 -0.079 
194.000 -0.079 
195.000 -0.079 
196.000 -0.079 
197.000 -0.079 
198.000 -0.079 
199.000 -0.079 
200.000 -0.079 
201.000 -0.079 
202.000 -0.079 
203.000 -0.079 
204.000 -0.079 
205.000 -0.079 
206.000 -0.079 
207.000 -0.079 
208.000 -0.079 
209.000 -0.079 
210.000 -0.079 
211.000 -0.079 
212.000 -0.079 
213.000 -0.079 
214.000 -0.079 
215.000 -0.079 
216.000 -0.079 
217.000 -0.079 
218.000 -0.079 
219.000 -0.079 
220.000 -0.079 
221.000 -0.079 
222.000 -0.079 
223.000 -0.079 
224.000 -0.079 
225.000 -0.079 
226.000 -0.079 
227.000 -0.079 
228.000 -0.079 
229.000 -0.079 
230.000 -0.079 
231.000 -0.079 
232.000 -0.079 
233.000 -0.079 
234.000 -0.079 
235.000 -0.079 
236.000 -0.079 
237.000 -0.079 
238.000 -0.079 
239.000 -0.079 
240.000 -0.079 
241.000 -0.079 
242.000 -0.079 
243.000 -0.079 
244.000 -0.079 
245.000 -0.079 
246.000 -0.078 
247.000 -0.073 
248.000 -0.065 
249.000 -0.057 
250.000 -0.052 
251.000 -0.049 
252.000 -0.049 
253.000 -0.050 
254.000 -0.052 
255.000 -0.054 
256.000 -0.054 
257.000 -0.053 
258.000 -0.050 
259.000 -0.046 
260.000 -0.041 
261.000 -0.036 
262.000 -0.032 
263.000 -0.028 
264.000 -0.026 
265.000 -0.024 
266.000 -0.022 
267.000 -0.021 
268.000 -0.019 
269.000 -0.017 
270.000 -0.014 
271.000 -0.010 
272.000 -0.006 
273.000 -0.002 
274.000 0.002 
275.000 0.006 
276.000 0.010 
277.000 0.013 
278.000 0.016 
279.000 0.019 
280.000 0.022 
281.000 0.025 
282.000 0.029 
283.000 0.033 
284.000 0.037 
285.000 0.041 
286.000 0.045 
287.000 0.049 
288.000 0.053 
289.000 0.056 
290.000 0.060 
291.000 0.064 
292.000 0.067 
293.000 0.071 
294.000 0.075 
295.000 0.078 
296.000 0.082 
297.000 0.086 
298.000 0.090 
299.000 0.094 
300.000 0.098 
301.000 0.101 
302.000 0.105 
303.000 0.108 
304.000 0.112 
305.000 0.115 
306.000 0.119 
307.000 0.122 
308.000 0.126 
309.000 0.129 
310.000 0.132 
311.000 0.136 
312.000 0.139 
313.000 0.142 
314.000 0.145 
315.000 0.149 
316.000 0.152 
317.000 0.155 
318.000 0.157 
319.000 0.160 
320.000 0.163 
321.000 0.166 
322.000 0.168 
323.000 0.171 
324.000 0.174 
325.000 0.176 
326.000 0.179 
327.000 0.181 
328.000 0.184 
329.000 0.186 
330.000 0.188 
331.000 0.190 
332.000 0.192 
333.000 0.195 
334.000 0.197 
335.000 0.199 
336.000 0.201 
337.000 0.202 
338.000 0.204 
339.000 0.206 
340.000 0.208 
341.000 0.209 
342.000 0.211 
343.000 0.213 
344.000 0.214 
345.000 0.216 
346.000 0.217 
347.000 0.219 
348.000 0.220 
349.000 0.221 
350.000 0.223 
351.000 0.224 
352.000 0.225 
353.000 0.226 
354.000 0.227 
355.000 0.228 
356.000 0.230 
357.000 0.231 
358.000 0.232 
359.000 0.233 
360.000 0.234 
361.000 0.234 
362.000 0.235 
363.000 0.236 
364.000 0.237 
365.000 0.238 
366.000 0.259 
367.000 0.313 
368.000 0.391 
369.000 0.481 
370.000 0.567 
371.000 0.635 
372.000 0.676 
373.000 0.686 
374.000 0.669 
375.000 0.634 
376.000 0.591 
377.000 0.553 
378.000 0.528 
379.000 0.520 
380.000 0.533 
381.000 0.565 
382.000 0.613 
383.000 0.670 
384.000 0.729 
385.000 0.782 
386.000 0.821 
387.000 0.844 
388.000 0.848 
389.000 0.837 
390.000 0.814 
391.000 0.786 
392.000 0.760 
393.000 0.741 
394.000 0.732 
395.000 0.735 
396.000 0.751 
397.000 0.776 
398.000 0.807 
399.000 0.840 
400.000 0.870 
401.000 0.893 
402.000 0.906 
403.000 0.908 
404.000 0.901 
405.000 0.886 
406.000 0.868 
407.000 0.849 
408.000 0.834 
409.000 0.825 
410.000 0.823 
411.000 0.829 
412.000 0.841 
413.000 0.857 
414.000 0.876 
415.000 0.893 
416.000 0.907 
417.000 0.916 
418.000 0.918 
419.000 0.914 
420.000 0.906 
421.000 0.894 
422.000 0.882 
423.000 0.871 
424.000 0.863 
425.000 0.860 
426.000 0.861 
427.000 0.867 
428.000 0.876 
429.000 0.886 
430.000 0.897 
431.000 0.906 
432.000 0.911 
433.000 0.914 
434.000 0.912 
435.000 0.908 
436.000 0.901 
437.000 0.893 
438.000 0.886 
439.000 0.880 
440.000 0.877 
441.000 0.877 
442.000 0.879 
443.000 0.884 
444.000 0.890 
445.000 0.896 
446.000 0.902 
447.000 0.906 
448.000 0.908 
449.000 0.908 
450.000 0.905 
451.000 0.902 
452.000 0.897 
453.000 0.892 
454.000 0.889 
455.000 0.886 
456.000 0.885 
457.000 0.886 
458.000 0.888 
459.000 0.892 
460.000 0.895 
461.000 0.899 
462.000 0.902 
463.000 0.903 
464.000 0.904 
465.000 0.903 
466.000 0.901 
467.000 0.898 
468.000 0.895 
469.000 0.892 
470.000 0.891 
471.000 0.890 
472.000 0.890 
473.000 0.891 
474.000 0.893 
475.000 0.895 
476.000 0.897 
477.000 0.899 
478.000 0.900 
479.000 0.901 
480.000 0.900 
481.000 0.899 
482.000 0.898 
483.000 0.896 
484.000 0.894 
485.000 0.893 
486.000 0.992 
487.000 1.222 
488.000 1.548 
489.000 1.928 
490.000 2.333 
491.000 2.742 
492.000 3.136 
493.000 3.507 
494.000 3.847 
495.000 4.153 
496.000 4.423 
497.000 4.602 
498.000 4.625 
499.000 4.479 
500.000 4.199 
501.000 3.846 
502.000 3.481 
503.000 3.158 
504.000 2.916 
505.000 2.777 
506.000 2.752 
507.000 2.832 
508.000 2.992 
509.000 3.201 
510.000 3.438 
511.000 3.686 
512.000 3.933 
513.000 4.169 
514.000 4.389 
515.000 4.554 
516.000 4.622 
517.000 4.574 
518.000 4.416 
519.000 4.174 
520.000 3.885 
521.000 3.590 
522.000 3.327 
523.000 3.123 
524.000 2.997 
525.000 2.959 
526.000 3.006 
527.000 3.129 
528.000 3.307 
529.000 3.518 
530.000 3.742 
531.000 3.954 
532.000 4.128 
533.000 4.242 
534.000 4.282 
535.000 4.244 
536.000 4.136 
537.000 3.974 
538.000 3.780 
539.000 3.581 
540.000 3.402 
541.000 3.261 
542.000 3.173 
543.000 3.144 
544.000 3.174 
545.000 3.256 
546.000 3.379 
547.000 3.527 
548.000 3.680 
549.000 3.820 
550.000 3.930 
551.000 3.996 
552.000 4.010 
553.000 3.972 
554.000 3.888 
555.000 3.770 
556.000 3.635 
557.000 3.501 
558.000 3.383 
559.000 3.296 
560.000 3.248 
561.000 3.243 
562.000 3.279 
563.000 3.350 
564.000 3.446 
565.000 3.557 
566.000 3.666 
567.000 3.763 
568.000 3.834 
569.000 3.872 
570.000 3.872 
571.000 3.837 
572.000 3.771 
573.000 3.684 
574.000 3.588 
575.000 3.495 
576.000 3.417 
577.000 3.363 
578.000 3.337 
579.000 3.341 
580.000 3.375 
581.000 3.431 
582.000 3.504 
583.000 3.583 
584.000 3.660 
585.000 3.724 
586.000 3.768 
587.000 3.787 
588.000 3.780 
589.000 3.748 
590.000 3.697 
591.000 3.633 
592.000 3.565 
593.000 3.501 
594.000 3.450 
595.000 3.417 
596.000 3.404 
597.000 3.413 
598.000 3.442 
599.000 3.486 
600.000 3.540 
601.000 3.596 
602.000 3.649 
603.000 3.690 
604.000 3.717 
605.000 3.725 
606.000 3.780 
607.000 3.885 
608.000 4.024 
609.000 4.180 
610.000 4.343 
611.000 4.505 
612.000 4.660 
613.000 4.805 
614.000 4.936 
615.000 5.054 
616.000 5.157 
617.000 5.247 
618.000 5.323 
619.000 5.387 
620.000 5.440 
621.000 5.483 
622.000 5.518 
623.000 5.545 
624.000 5.567 
625.000 5.583 
626.000 5.595 
627.000 5.603 
628.000 5.609 
629.000 5.612 
630.000 5.614 
631.000 5.614 
632.000 5.614 
633.000 5.613 
634.000 5.612 
635.000 5.610 
636.000 5.608 
637.000 5.606 
638.000 5.605 
639.000 5.603 
640.000 5.602 
641.000 5.600 
642.000 5.599 
643.000 5.598 
644.000 5.597 
645.000 5.597 
646.000 5.596 
647.000 5.596 
648.000 5.595 
649.000 5.595 
650.000 5.595 
651.000 5.594 
652.000 5.594 
653.000 5.594 
654.000 5.594 
655.000 5.594 
656.000 5.594 
657.000 5.594 
658.000 5.594 
659.000 5.594 
660.000 5.594 
661.000 5.594 
662.000 5.594 
663.000 5.594 
664.000 5.594 
665.000 5.594 
666.000 5.594 
667.000 5.594 
668.000 5.594 
669.000 5.594 
670.000 5.594 
671.000 5.594 
672.000 5.594 
673.000 5.594 
674.000 5.594 
675.000 5.594 
676.000 5.594 
677.000 5.594 
678.000 5.594 
679.000 5.594 
680.000 5.594 
681.000 5.594 
682.000 5.594 
683.000 5.594 
684.000 5.594 
685.000 5.594 
686.000 5.594 
687.000 5.594 
688.000 5.594 
689.000 5.594 
690.000 5.594 
691.000 5.594 
692.000 5.594 
693.000 5.594 
694.000 5.594 
695.000 5.594 
696.000 5.594 
697.000 5.594 
698.000 5.594 
699.000 5.594 
700.000 5.594 
701.000 5.594 
702.000 5.594 
703.000 5.594 
704.000 5.594 
705.000 5.594 
706.000 5.594 
707.000 5.594 
708.000 5.594 
709.000 5.594 
710.000 5.594 
711.000 5.594 
712.000 5.594 
713.000 5.594 
714.000 5.594 
715.000 5.594 
716.000 5.594 
717.000 5.594 
718.000 5.594 
719.000 5.594 
720.000 5.594 
721.000 5.594 
722.000 5.594 
723.000 5.594 
724.000 5.594 
725.000 5.594 
726.000 5.594 
727.000 5.594 
728.000 5.594 
729.000 5.594 
730.000 5.594 
731.000 5.594 
732.000 5.594 
733.000 5.594 
734.000 5.594 
735.000 5.594 
736.000 5.594 
737.000 5.594 
738.000 5.594 
739.000 5.594 
740.000 5.594 
741.000 5.594 
742.000 5.594 
743.000 5.594 
744.000 5.594 
745.000 5.594 
746.000 5.594 
747.000 5.594 
748.000 5.594 
749.000 5.594 
750.000 5.594 
751.000 5.594 
752.000 5.594 
753.000 5.594 
754.000 5.594 
755.000 5.594 
756.000 5.594 
757.000 5.594 
758.000 5.594 
759.000 5.594 
760.000 5.594 
761.000 5.594 
762.000 5.594 
763.000 5.594 
764.000 5.594 
765.000 5.594 
766.000 5.594 
767.000 5.594 
768.000 5.594 
769.000 5.594 
770.000 5.594 
771.000 5.594 
772.000 5.594 
773.000 5.594 
774.000 5.594 
775.000 5.594 
776.000 5.594 
777.000 5.594 
778.000 5.594 
779.000 5.594 
780.000 5.594 
781.000 5.594 
782.000 5.594 
783.000 5.594 
784.000 5.594 
785.000 5.594 
786.000 5.594 
787.000 5.594 
788.000 5.594 
789.000 5.594 
790.000 5.594 
791.000 5.594 
792.000 5.594 
793.000 5.594 
794.000 5.594 
795.000 5.594 
796.000 5.594 
797.000 5.594 
798.000 5.594 
799.000 5.594 
800.000 5.594 
