1.000 0.000 
2.000 0.000 
3.000 0.000 
4.000 0.000 
5.000 0.000 
6.000 0.000 
7.000 0.000 
8.000 0.000 
9.000 0.000 
10.000 0.000 
11.000 0.000 
12.000 -0.002 
13.000 -0.007 
14.000 -0.014 
15.000 -0.020 
16.000 -0.024 
17.000 -0.026 
18.000 -0.026 
19.000 -0.025 
20.000 -0.023 
21.000 -0.021 
22.000 -0.021 
23.000 -0.021 
24.000 -0.023 
25.000 -0.026 
26.000 -0.028 
27.000 -0.031 
28.000 -0.033 
29.000 -0.035 
30.000 -0.036 
31.000 -0.036 
32.000 -0.036 
33.000 -0.036 
34.000 -0.036 
35.000 -0.037 
36.000 -0.038 
37.000 -0.039 
38.000 -0.041 
39.000 -0.042 
40.000 -0.043 
41.000 -0.044 
42.000 -0.045 
43.000 -0.045 
44.000 -0.046 
45.000 -0.046 
46.000 -0.047 
47.000 -0.048 
48.000 -0.048 
49.000 -0.049 
50.000 -0.050 
51.000 -0.051 
52.000 -0.052 
53.000 -0.052 
54.000 -0.053 
55.000 -0.054 
56.000 -0.054 
57.000 -0.055 
58.000 -0.055 
59.000 -0.056 
60.000 -0.056 
61.000 -0.057 
62.000 -0.058 
63.000 -0.058 
64.000 -0.059 
65.000 -0.059 
66.000 -0.060 
67.000 -0.060 
68.000 -0.061 
69.000 -0.061 
70.000 -0.062 
71.000 -0.062 
72.000 -0.063 
73.000 -0.063 
74.000 -0.064 
75.000 -0.064 
76.000 -0.065 
77.000 -0.065 
78.000 -0.066 
79.000 -0.066 
80.000 -0.066 
81.000 -0.067 
82.000 -0.067 
83.000 -0.068 
84.000 -0.068 
85.000 -0.069 
86.000 -0.069 
87.000 -0.069 
88.000 -0.070 
89.000 -0.070 
90.000 -0.070 
91.000 -0.071 
92.000 -0.071 
93.000 -0.072 
94.000 -0.072 
95.000 -0.072 
96.000 -0.073 
97.000 -0.073 
98.000 -0.073 
99.000 -0.074 
100.000 -0.074 
101.000 -0.074 
102.000 -0.075 
103.000 -0.075 
104.000 -0.075 
105.000 -0.076 
106.000 -0.076 
107.000 -0.076 
108.000 -0.077 
109.000 -0.077 
110.000 -0.077 
111.000 -0.077 
112.000 -0.078 
113.000 -0.078 
114.000 -0.078 
115.000 -0.079 
116.000 -0.079 
117.000 -0.079 
118.000 -0.079 
119.000 -0.080 
120.000 -0.080 
121.000 -0.080 
122.000 -0.081 
123.000 -0.081 
124.000 -0.081 
125.000 -0.081 
126.000 -0.081 
127.000 -0.081 
128.000 -0.080 
129.000 -0.079 
130.000 -0.079 
131.000 -0.079 
132.000 -0.079 
133.000 -0.079 
134.000 -0.080 
135.000 -0.080 
136.000 -0.081 
137.000 -0.081 
138.000 -0.081 
139.000 -0.080 
140.000 -0.080 
141.000 -0.080 
142.000 -0.080 
143.000 -0.080 
144.000 -0.080 
145.000 -0.080 
146.000 -0.080 
147.000 -0.080 
148.000 -0.080 
149.000 -0.080 
150.000 -0.080 
151.000 -0.080 
152.000 -0.080 
153.000 -0.080 
154.000 -0.080 
155.000 -0.080 
156.000 -0.080 
157.000 -0.080 
158.000 -0.080 
159.000 -0.080 
160.000 -0.080 
161.000 -0.080 
162.000 -0.080 
163.000 -0.080 
164.000 -0.080 
165.000 -0.080 
166.000 -0.080 
167.000 -0.080 
168.000 -0.080 
169.000 -0.080 
170.000 -0.080 
171.000 -0.080 
172.000 -0.080 
173.000 -0.080 
174.000 -0.080 
175.000 -0.080 
176.000 -0.080 
177.000 -0.080 
178.000 -0.080 
179.000 -0.080 
180.000 -0.080 
181.000 -0.080 
182.000 -0.080 
183.000 -0.080 
184.000 -0.080 
185.000 -0.080 
186.000 -0.080 
187.000 -0.080 
188.000 -0.080 
189.000 -0.080 
190.000 -0.080 
191.000 -0.080 
192.000 -0.080 
193.000 -0.080 
194.000 -0.080 
195.000 -0.080 
196.000 -0.080 
197.000 -0.080 
198.000 -0.080 
199.000 -0.080 
200.000 -0.080 
201.000 -0.080 
202.000 -0.080 
203.000 -0.080 
204.000 -0.080 
205.000 -0.080 
206.000 -0.080 
207.000 -0.080 
208.000 -0.080 
209.000 -0.080 
210.000 -0.080 
211.000 -0.080 
212.000 -0.080 
213.000 -0.080 
214.000 -0.080 
215.000 -0.080 
216.000 -0.080 
217.000 -0.080 
218.000 -0.080 
219.000 -0.080 
220.000 -0.080 
221.000 -0.080 
222.000 -0.080 
223.000 -0.080 
224.000 -0.080 
225.000 -0.080 
226.000 -0.080 
227.000 -0.080 
228.000 -0.080 
229.000 -0.080 
230.000 -0.080 
231.000 -0.080 
232.000 -0.080 
233.000 -0.080 
234.000 -0.080 
235.000 -0.080 
236.000 -0.080 
237.000 -0.080 
238.000 -0.080 
239.000 -0.080 
240.000 -0.080 
241.000 -0.080 
242.000 -0.080 
243.000 -0.080 
244.000 -0.080 
245.000 -0.080 
246.000 -0.079 
247.000 -0.073 
248.000 -0.064 
249.000 -0.056 
250.000 -0.049 
251.000 -0.047 
252.000 -0.047 
253.000 -0.050 
254.000 -0.053 
255.000 -0.055 
256.000 -0.055 
257.000 -0.054 
258.000 -0.050 
259.000 -0.045 
260.000 -0.039 
261.000 -0.033 
262.000 -0.028 
263.000 -0.025 
264.000 -0.023 
265.000 -0.022 
266.000 -0.021 
267.000 -0.020 
268.000 -0.018 
269.000 -0.015 
270.000 -0.012 
271.000 -0.007 
272.000 -0.002 
273.000 0.003 
274.000 0.007 
275.000 0.011 
276.000 0.015 
277.000 0.018 
278.000 0.020 
279.000 0.023 
280.000 0.026 
281.000 0.029 
282.000 0.033 
283.000 0.037 
284.000 0.042 
285.000 0.046 
286.000 0.051 
287.000 0.055 
288.000 0.059 
289.000 0.063 
290.000 0.067 
291.000 0.070 
292.000 0.074 
293.000 0.077 
294.000 0.081 
295.000 0.085 
296.000 0.089 
297.000 0.093 
298.000 0.097 
299.000 0.101 
300.000 0.105 
301.000 0.109 
302.000 0.113 
303.000 0.116 
304.000 0.120 
305.000 0.123 
306.000 0.126 
307.000 0.130 
308.000 0.133 
309.000 0.137 
310.000 0.140 
311.000 0.144 
312.000 0.147 
313.000 0.150 
314.000 0.154 
315.000 0.157 
316.000 0.159 
317.000 0.162 
318.000 0.165 
319.000 0.168 
320.000 0.170 
321.000 0.173 
322.000 0.176 
323.000 0.178 
324.000 0.181 
325.000 0.184 
326.000 0.186 
327.000 0.188 
328.000 0.191 
329.000 0.193 
330.000 0.195 
331.000 0.197 
332.000 0.199 
333.000 0.201 
334.000 0.203 
335.000 0.205 
336.000 0.207 
337.000 0.208 
338.000 0.210 
339.000 0.212 
340.000 0.214 
341.000 0.215 
342.000 0.217 
343.000 0.218 
344.000 0.219 
345.000 0.221 
346.000 0.222 
347.000 0.223 
348.000 0.225 
349.000 0.226 
350.000 0.227 
351.000 0.228 
352.000 0.230 
353.000 0.231 
354.000 0.232 
355.000 0.233 
356.000 0.234 
357.000 0.235 
358.000 0.235 
359.000 0.236 
360.000 0.237 
361.000 0.238 
362.000 0.239 
363.000 0.240 
364.000 0.240 
365.000 0.241 
366.000 0.265 
367.000 0.323 
368.000 0.411 
369.000 0.511 
370.000 0.606 
371.000 0.680 
372.000 0.719 
373.000 0.721 
374.000 0.690 
375.000 0.639 
376.000 0.582 
377.000 0.533 
378.000 0.503 
379.000 0.497 
380.000 0.519 
381.000 0.565 
382.000 0.630 
383.000 0.704 
384.000 0.778 
385.000 0.840 
386.000 0.880 
387.000 0.894 
388.000 0.883 
389.000 0.850 
390.000 0.806 
391.000 0.761 
392.000 0.723 
393.000 0.700 
394.000 0.696 
395.000 0.711 
396.000 0.744 
397.000 0.790 
398.000 0.841 
399.000 0.889 
400.000 0.927 
401.000 0.949 
402.000 0.953 
403.000 0.938 
404.000 0.909 
405.000 0.873 
406.000 0.837 
407.000 0.807 
408.000 0.789 
409.000 0.784 
410.000 0.795 
411.000 0.818 
412.000 0.850 
413.000 0.885 
414.000 0.918 
415.000 0.943 
416.000 0.956 
417.000 0.956 
418.000 0.943 
419.000 0.921 
420.000 0.893 
421.000 0.866 
422.000 0.843 
423.000 0.829 
424.000 0.825 
425.000 0.833 
426.000 0.849 
427.000 0.872 
428.000 0.897 
429.000 0.921 
430.000 0.938 
431.000 0.947 
432.000 0.946 
433.000 0.935 
434.000 0.918 
435.000 0.898 
436.000 0.877 
437.000 0.860 
438.000 0.850 
439.000 0.848 
440.000 0.853 
441.000 0.865 
442.000 0.882 
443.000 0.900 
444.000 0.917 
445.000 0.929 
446.000 0.935 
447.000 0.934 
448.000 0.926 
449.000 0.913 
450.000 0.898 
451.000 0.883 
452.000 0.871 
453.000 0.863 
454.000 0.861 
455.000 0.866 
456.000 0.875 
457.000 0.887 
458.000 0.900 
459.000 0.912 
460.000 0.921 
461.000 0.925 
462.000 0.924 
463.000 0.918 
464.000 0.909 
465.000 0.897 
466.000 0.886 
467.000 0.878 
468.000 0.872 
469.000 0.871 
470.000 0.874 
471.000 0.881 
472.000 0.890 
473.000 0.900 
474.000 0.908 
475.000 0.915 
476.000 0.917 
477.000 0.916 
478.000 0.912 
479.000 0.905 
480.000 0.897 
481.000 0.889 
482.000 0.882 
483.000 0.879 
484.000 0.878 
485.000 0.880 
486.000 0.991 
487.000 1.236 
488.000 1.570 
489.000 1.957 
490.000 2.365 
491.000 2.774 
492.000 3.169 
493.000 3.538 
494.000 3.876 
495.000 4.179 
496.000 4.446 
497.000 4.678 
498.000 4.777 
499.000 4.653 
500.000 4.305 
501.000 3.812 
502.000 3.277 
503.000 2.789 
504.000 2.408 
505.000 2.172 
506.000 2.099 
507.000 2.172 
508.000 2.350 
509.000 2.597 
510.000 2.882 
511.000 3.185 
512.000 3.489 
513.000 3.783 
514.000 4.058 
515.000 4.309 
516.000 4.535 
517.000 4.735 
518.000 4.908 
519.000 5.050 
520.000 5.103 
521.000 5.032 
522.000 4.852 
523.000 4.605 
524.000 4.341 
525.000 4.099 
526.000 3.909 
527.000 3.789 
528.000 3.745 
529.000 3.776 
530.000 3.864 
531.000 3.990 
532.000 4.139 
533.000 4.285 
534.000 4.402 
535.000 4.465 
536.000 4.459 
537.000 4.378 
538.000 4.228 
539.000 4.026 
540.000 3.797 
541.000 3.570 
542.000 3.372 
543.000 3.224 
544.000 3.140 
545.000 3.126 
546.000 3.179 
547.000 3.290 
548.000 3.444 
549.000 3.619 
550.000 3.793 
551.000 3.941 
552.000 4.043 
553.000 4.084 
554.000 4.057 
555.000 3.967 
556.000 3.826 
557.000 3.656 
558.000 3.482 
559.000 3.326 
560.000 3.208 
561.000 3.142 
562.000 3.135 
563.000 3.184 
564.000 3.284 
565.000 3.421 
566.000 3.577 
567.000 3.732 
568.000 3.867 
569.000 3.962 
570.000 4.005 
571.000 3.990 
572.000 3.919 
573.000 3.804 
574.000 3.660 
575.000 3.510 
576.000 3.374 
577.000 3.268 
578.000 3.206 
579.000 3.194 
580.000 3.232 
581.000 3.314 
582.000 3.429 
583.000 3.562 
584.000 3.697 
585.000 3.815 
586.000 3.901 
587.000 3.943 
588.000 3.935 
589.000 3.879 
590.000 3.784 
591.000 3.662 
592.000 3.533 
593.000 3.414 
594.000 3.319 
595.000 3.261 
596.000 3.246 
597.000 3.274 
598.000 3.341 
599.000 3.438 
600.000 3.552 
601.000 3.668 
602.000 3.772 
603.000 3.849 
604.000 3.889 
605.000 3.887 
606.000 3.925 
607.000 4.013 
608.000 4.135 
609.000 4.275 
610.000 4.423 
611.000 4.572 
612.000 4.715 
613.000 4.849 
614.000 4.971 
615.000 5.081 
616.000 5.178 
617.000 5.262 
618.000 5.334 
619.000 5.394 
620.000 5.445 
621.000 5.486 
622.000 5.519 
623.000 5.545 
624.000 5.566 
625.000 5.581 
626.000 5.593 
627.000 5.601 
628.000 5.606 
629.000 5.610 
630.000 5.612 
631.000 5.612 
632.000 5.612 
633.000 5.611 
634.000 5.610 
635.000 5.609 
636.000 5.607 
637.000 5.606 
638.000 5.604 
639.000 5.603 
640.000 5.601 
641.000 5.600 
642.000 5.599 
643.000 5.598 
644.000 5.597 
645.000 5.597 
646.000 5.596 
647.000 5.595 
648.000 5.595 
649.000 5.595 
650.000 5.595 
651.000 5.594 
652.000 5.594 
653.000 5.594 
654.000 5.594 
655.000 5.594 
656.000 5.594 
657.000 5.594 
658.000 5.594 
659.000 5.594 
660.000 5.594 
661.000 5.594 
662.000 5.594 
663.000 5.594 
664.000 5.594 
665.000 5.594 
666.000 5.594 
667.000 5.594 
668.000 5.594 
669.000 5.594 
670.000 5.594 
671.000 5.594 
672.000 5.594 
673.000 5.594 
674.000 5.594 
675.000 5.594 
676.000 5.594 
677.000 5.594 
678.000 5.594 
679.000 5.594 
680.000 5.594 
681.000 5.594 
682.000 5.594 
683.000 5.594 
684.000 5.594 
685.000 5.594 
686.000 5.594 
687.000 5.594 
688.000 5.594 
689.000 5.594 
690.000 5.594 
691.000 5.594 
692.000 5.594 
693.000 5.594 
694.000 5.594 
695.000 5.594 
696.000 5.594 
697.000 5.594 
698.000 5.594 
699.000 5.594 
700.000 5.594 
701.000 5.594 
702.000 5.594 
703.000 5.594 
704.000 5.594 
705.000 5.594 
706.000 5.594 
707.000 5.594 
708.000 5.594 
709.000 5.594 
710.000 5.594 
711.000 5.594 
712.000 5.594 
713.000 5.594 
714.000 5.594 
715.000 5.594 
716.000 5.594 
717.000 5.594 
718.000 5.594 
719.000 5.594 
720.000 5.594 
721.000 5.594 
722.000 5.594 
723.000 5.594 
724.000 5.594 
725.000 5.594 
726.000 5.594 
727.000 5.594 
728.000 5.594 
729.000 5.594 
730.000 5.594 
731.000 5.594 
732.000 5.594 
733.000 5.594 
734.000 5.594 
735.000 5.594 
736.000 5.594 
737.000 5.594 
738.000 5.594 
739.000 5.594 
740.000 5.594 
741.000 5.594 
742.000 5.594 
743.000 5.594 
744.000 5.594 
745.000 5.594 
746.000 5.594 
747.000 5.594 
748.000 5.594 
749.000 5.594 
750.000 5.594 
751.000 5.594 
752.000 5.594 
753.000 5.594 
754.000 5.594 
755.000 5.594 
756.000 5.594 
757.000 5.594 
758.000 5.594 
759.000 5.594 
760.000 5.594 
761.000 5.594 
762.000 5.594 
763.000 5.594 
764.000 5.594 
765.000 5.594 
766.000 5.594 
767.000 5.594 
768.000 5.594 
769.000 5.594 
770.000 5.594 
771.000 5.594 
772.000 5.594 
773.000 5.594 
774.000 5.594 
775.000 5.594 
776.000 5.594 
777.000 5.594 
778.000 5.594 
779.000 5.594 
780.000 5.594 
781.000 5.594 
782.000 5.594 
783.000 5.594 
784.000 5.594 
785.000 5.594 
786.000 5.594 
787.000 5.594 
788.000 5.594 
789.000 5.594 
790.000 5.594 
791.000 5.594 
792.000 5.594 
793.000 5.594 
794.000 5.594 
795.000 5.594 
796.000 5.594 
797.000 5.594 
798.000 5.594 
799.000 5.594 
800.000 5.594 
