1.000 0.000 
2.000 0.000 
3.000 0.000 
4.000 0.000 
5.000 0.000 
6.000 0.000 
7.000 0.000 
8.000 0.000 
9.000 0.000 
10.000 0.000 
11.000 0.000 
12.000 -0.001 
13.000 -0.003 
14.000 -0.005 
15.000 -0.008 
16.000 -0.011 
17.000 -0.014 
18.000 -0.016 
19.000 -0.017 
20.000 -0.018 
21.000 -0.019 
22.000 -0.019 
23.000 -0.020 
24.000 -0.020 
25.000 -0.020 
26.000 -0.021 
27.000 -0.022 
28.000 -0.023 
29.000 -0.024 
30.000 -0.025 
31.000 -0.026 
32.000 -0.027 
33.000 -0.028 
34.000 -0.029 
35.000 -0.030 
36.000 -0.031 
37.000 -0.032 
38.000 -0.032 
39.000 -0.033 
40.000 -0.034 
41.000 -0.034 
42.000 -0.035 
43.000 -0.036 
44.000 -0.037 
45.000 -0.037 
46.000 -0.038 
47.000 -0.039 
48.000 -0.039 
49.000 -0.040 
50.000 -0.041 
51.000 -0.041 
52.000 -0.042 
53.000 -0.043 
54.000 -0.043 
55.000 -0.044 
56.000 -0.044 
57.000 -0.045 
58.000 -0.046 
59.000 -0.046 
60.000 -0.047 
61.000 -0.047 
62.000 -0.048 
63.000 -0.048 
64.000 -0.049 
65.000 -0.049 
66.000 -0.050 
67.000 -0.050 
68.000 -0.051 
69.000 -0.051 
70.000 -0.052 
71.000 -0.052 
72.000 -0.053 
73.000 -0.053 
74.000 -0.054 
75.000 -0.054 
76.000 -0.055 
77.000 -0.055 
78.000 -0.056 
79.000 -0.056 
80.000 -0.057 
81.000 -0.057 
82.000 -0.057 
83.000 -0.058 
84.000 -0.058 
85.000 -0.059 
86.000 -0.059 
87.000 -0.059 
88.000 -0.060 
89.000 -0.060 
90.000 -0.061 
91.000 -0.061 
92.000 -0.061 
93.000 -0.062 
94.000 -0.062 
95.000 -0.062 
96.000 -0.063 
97.000 -0.063 
98.000 -0.064 
99.000 -0.064 
100.000 -0.064 
101.000 -0.065 
102.000 -0.065 
103.000 -0.065 
104.000 -0.066 
105.000 -0.066 
106.000 -0.066 
107.000 -0.067 
108.000 -0.067 
109.000 -0.067 
110.000 -0.068 
111.000 -0.068 
112.000 -0.068 
113.000 -0.068 
114.000 -0.069 
115.000 -0.069 
116.000 -0.069 
117.000 -0.070 
118.000 -0.070 
119.000 -0.070 
120.000 -0.070 
121.000 -0.071 
122.000 -0.071 
123.000 -0.071 
124.000 -0.072 
125.000 -0.072 
126.000 -0.072 
127.000 -0.072 
128.000 -0.072 
129.000 -0.071 
130.000 -0.071 
131.000 -0.071 
132.000 -0.071 
133.000 -0.071 
134.000 -0.071 
135.000 -0.071 
136.000 -0.071 
137.000 -0.071 
138.000 -0.071 
139.000 -0.072 
140.000 -0.072 
141.000 -0.072 
142.000 -0.072 
143.000 -0.072 
144.000 -0.072 
145.000 -0.072 
146.000 -0.072 
147.000 -0.072 
148.000 -0.072 
149.000 -0.072 
150.000 -0.072 
151.000 -0.072 
152.000 -0.072 
153.000 -0.072 
154.000 -0.072 
155.000 -0.072 
156.000 -0.072 
157.000 -0.072 
158.000 -0.072 
159.000 -0.072 
160.000 -0.072 
161.000 -0.072 
162.000 -0.072 
163.000 -0.072 
164.000 -0.072 
165.000 -0.072 
166.000 -0.072 
167.000 -0.072 
168.000 -0.072 
169.000 -0.072 
170.000 -0.072 
171.000 -0.072 
172.000 -0.073 
173.000 -0.073 
174.000 -0.073 
175.000 -0.073 
176.000 -0.073 
177.000 -0.073 
178.000 -0.073 
179.000 -0.073 
180.000 -0.073 
181.000 -0.073 
182.000 -0.073 
183.000 -0.073 
184.000 -0.073 
185.000 -0.073 
186.000 -0.073 
187.000 -0.073 
188.000 -0.073 
189.000 -0.073 
190.000 -0.073 
191.000 -0.073 
192.000 -0.073 
193.000 -0.073 
194.000 -0.073 
195.000 -0.073 
196.000 -0.073 
197.000 -0.073 
198.000 -0.073 
199.000 -0.073 
200.000 -0.073 
201.000 -0.073 
202.000 -0.073 
203.000 -0.073 
204.000 -0.073 
205.000 -0.073 
206.000 -0.073 
207.000 -0.073 
208.000 -0.073 
209.000 -0.073 
210.000 -0.074 
211.000 -0.074 
212.000 -0.074 
213.000 -0.074 
214.000 -0.074 
215.000 -0.074 
216.000 -0.074 
217.000 -0.074 
218.000 -0.074 
219.000 -0.074 
220.000 -0.074 
221.000 -0.074 
222.000 -0.074 
223.000 -0.074 
224.000 -0.074 
225.000 -0.074 
226.000 -0.074 
227.000 -0.074 
228.000 -0.074 
229.000 -0.074 
230.000 -0.074 
231.000 -0.074 
232.000 -0.074 
233.000 -0.074 
234.000 -0.074 
235.000 -0.074 
236.000 -0.074 
237.000 -0.074 
238.000 -0.074 
239.000 -0.074 
240.000 -0.074 
241.000 -0.074 
242.000 -0.074 
243.000 -0.074 
244.000 -0.074 
245.000 -0.074 
246.000 -0.074 
247.000 -0.072 
248.000 -0.069 
249.000 -0.065 
250.000 -0.061 
251.000 -0.058 
252.000 -0.055 
253.000 -0.053 
254.000 -0.052 
255.000 -0.051 
256.000 -0.050 
257.000 -0.050 
258.000 -0.049 
259.000 -0.048 
260.000 -0.046 
261.000 -0.045 
262.000 -0.043 
263.000 -0.041 
264.000 -0.038 
265.000 -0.036 
266.000 -0.034 
267.000 -0.031 
268.000 -0.029 
269.000 -0.027 
270.000 -0.024 
271.000 -0.022 
272.000 -0.020 
273.000 -0.018 
274.000 -0.015 
275.000 -0.013 
276.000 -0.011 
277.000 -0.008 
278.000 -0.006 
279.000 -0.003 
280.000 -0.001 
281.000 0.002 
282.000 0.005 
283.000 0.007 
284.000 0.010 
285.000 0.013 
286.000 0.016 
287.000 0.018 
288.000 0.021 
289.000 0.024 
290.000 0.027 
291.000 0.030 
292.000 0.032 
293.000 0.035 
294.000 0.038 
295.000 0.041 
296.000 0.044 
297.000 0.047 
298.000 0.050 
299.000 0.053 
300.000 0.056 
301.000 0.059 
302.000 0.062 
303.000 0.065 
304.000 0.068 
305.000 0.071 
306.000 0.074 
307.000 0.077 
308.000 0.080 
309.000 0.083 
310.000 0.086 
311.000 0.089 
312.000 0.092 
313.000 0.095 
314.000 0.098 
315.000 0.100 
316.000 0.103 
317.000 0.106 
318.000 0.109 
319.000 0.112 
320.000 0.115 
321.000 0.118 
322.000 0.120 
323.000 0.123 
324.000 0.126 
325.000 0.128 
326.000 0.131 
327.000 0.134 
328.000 0.136 
329.000 0.139 
330.000 0.141 
331.000 0.144 
332.000 0.146 
333.000 0.149 
334.000 0.151 
335.000 0.154 
336.000 0.156 
337.000 0.158 
338.000 0.161 
339.000 0.163 
340.000 0.165 
341.000 0.167 
342.000 0.169 
343.000 0.171 
344.000 0.173 
345.000 0.175 
346.000 0.177 
347.000 0.179 
348.000 0.181 
349.000 0.183 
350.000 0.185 
351.000 0.187 
352.000 0.189 
353.000 0.190 
354.000 0.192 
355.000 0.194 
356.000 0.195 
357.000 0.197 
358.000 0.199 
359.000 0.200 
360.000 0.202 
361.000 0.203 
362.000 0.205 
363.000 0.206 
364.000 0.207 
365.000 0.209 
366.000 0.217 
367.000 0.238 
368.000 0.270 
369.000 0.311 
370.000 0.356 
371.000 0.402 
372.000 0.444 
373.000 0.480 
374.000 0.509 
375.000 0.529 
376.000 0.542 
377.000 0.548 
378.000 0.550 
379.000 0.550 
380.000 0.549 
381.000 0.550 
382.000 0.554 
383.000 0.562 
384.000 0.573 
385.000 0.588 
386.000 0.606 
387.000 0.626 
388.000 0.648 
389.000 0.669 
390.000 0.689 
391.000 0.708 
392.000 0.724 
393.000 0.738 
394.000 0.748 
395.000 0.756 
396.000 0.762 
397.000 0.767 
398.000 0.770 
399.000 0.773 
400.000 0.776 
401.000 0.779 
402.000 0.783 
403.000 0.788 
404.000 0.793 
405.000 0.800 
406.000 0.807 
407.000 0.814 
408.000 0.821 
409.000 0.828 
410.000 0.835 
411.000 0.840 
412.000 0.845 
413.000 0.849 
414.000 0.852 
415.000 0.855 
416.000 0.857 
417.000 0.858 
418.000 0.859 
419.000 0.860 
420.000 0.861 
421.000 0.862 
422.000 0.864 
423.000 0.865 
424.000 0.867 
425.000 0.869 
426.000 0.871 
427.000 0.874 
428.000 0.876 
429.000 0.878 
430.000 0.879 
431.000 0.881 
432.000 0.882 
433.000 0.883 
434.000 0.884 
435.000 0.885 
436.000 0.885 
437.000 0.886 
438.000 0.886 
439.000 0.886 
440.000 0.887 
441.000 0.887 
442.000 0.887 
443.000 0.888 
444.000 0.888 
445.000 0.889 
446.000 0.889 
447.000 0.890 
448.000 0.891 
449.000 0.891 
450.000 0.892 
451.000 0.892 
452.000 0.892 
453.000 0.893 
454.000 0.893 
455.000 0.893 
456.000 0.893 
457.000 0.893 
458.000 0.893 
459.000 0.893 
460.000 0.893 
461.000 0.894 
462.000 0.894 
463.000 0.894 
464.000 0.894 
465.000 0.894 
466.000 0.894 
467.000 0.894 
468.000 0.895 
469.000 0.895 
470.000 0.895 
471.000 0.895 
472.000 0.895 
473.000 0.895 
474.000 0.895 
475.000 0.895 
476.000 0.895 
477.000 0.895 
478.000 0.895 
479.000 0.895 
480.000 0.895 
481.000 0.895 
482.000 0.895 
483.000 0.895 
484.000 0.895 
485.000 0.896 
486.000 0.938 
487.000 1.050 
488.000 1.237 
489.000 1.491 
490.000 1.799 
491.000 2.141 
492.000 2.498 
493.000 2.850 
494.000 3.176 
495.000 3.462 
496.000 3.694 
497.000 3.862 
498.000 3.964 
499.000 4.000 
500.000 3.975 
501.000 3.901 
502.000 3.789 
503.000 3.654 
504.000 3.511 
505.000 3.373 
506.000 3.252 
507.000 3.156 
508.000 3.092 
509.000 3.061 
510.000 3.065 
511.000 3.100 
512.000 3.163 
513.000 3.247 
514.000 3.346 
515.000 3.453 
516.000 3.561 
517.000 3.661 
518.000 3.749 
519.000 3.819 
520.000 3.868 
521.000 3.893 
522.000 3.895 
523.000 3.876 
524.000 3.837 
525.000 3.784 
526.000 3.720 
527.000 3.653 
528.000 3.585 
529.000 3.522 
530.000 3.469 
531.000 3.427 
532.000 3.400 
533.000 3.386 
534.000 3.387 
535.000 3.401 
536.000 3.426 
537.000 3.460 
538.000 3.499 
539.000 3.541 
540.000 3.582 
541.000 3.620 
542.000 3.652 
543.000 3.676 
544.000 3.692 
545.000 3.699 
546.000 3.698 
547.000 3.688 
548.000 3.671 
549.000 3.649 
550.000 3.623 
551.000 3.597 
552.000 3.571 
553.000 3.547 
554.000 3.528 
555.000 3.513 
556.000 3.504 
557.000 3.500 
558.000 3.502 
559.000 3.509 
560.000 3.520 
561.000 3.534 
562.000 3.550 
563.000 3.566 
564.000 3.582 
565.000 3.596 
566.000 3.608 
567.000 3.617 
568.000 3.622 
569.000 3.624 
570.000 3.622 
571.000 3.618 
572.000 3.610 
573.000 3.601 
574.000 3.591 
575.000 3.581 
576.000 3.571 
577.000 3.562 
578.000 3.555 
579.000 3.550 
580.000 3.547 
581.000 3.546 
582.000 3.547 
583.000 3.551 
584.000 3.555 
585.000 3.561 
586.000 3.567 
587.000 3.574 
588.000 3.580 
589.000 3.585 
590.000 3.590 
591.000 3.593 
592.000 3.594 
593.000 3.595 
594.000 3.594 
595.000 3.592 
596.000 3.589 
597.000 3.585 
598.000 3.581 
599.000 3.577 
600.000 3.573 
601.000 3.570 
602.000 3.567 
603.000 3.565 
604.000 3.564 
605.000 3.564 
606.000 3.603 
607.000 3.698 
608.000 3.836 
609.000 3.999 
610.000 4.173 
611.000 4.349 
612.000 4.520 
613.000 4.681 
614.000 4.829 
615.000 4.962 
616.000 5.080 
617.000 5.182 
618.000 5.270 
619.000 5.344 
620.000 5.406 
621.000 5.457 
622.000 5.498 
623.000 5.531 
624.000 5.556 
625.000 5.576 
626.000 5.590 
627.000 5.600 
628.000 5.608 
629.000 5.612 
630.000 5.615 
631.000 5.616 
632.000 5.616 
633.000 5.615 
634.000 5.614 
635.000 5.612 
636.000 5.610 
637.000 5.608 
638.000 5.606 
639.000 5.604 
640.000 5.603 
641.000 5.601 
642.000 5.600 
643.000 5.599 
644.000 5.598 
645.000 5.597 
646.000 5.596 
647.000 5.596 
648.000 5.595 
649.000 5.595 
650.000 5.595 
651.000 5.594 
652.000 5.594 
653.000 5.594 
654.000 5.594 
655.000 5.594 
656.000 5.594 
657.000 5.594 
658.000 5.594 
659.000 5.594 
660.000 5.594 
661.000 5.594 
662.000 5.594 
663.000 5.594 
664.000 5.594 
665.000 5.594 
666.000 5.594 
667.000 5.594 
668.000 5.594 
669.000 5.594 
670.000 5.594 
671.000 5.594 
672.000 5.594 
673.000 5.594 
674.000 5.594 
675.000 5.594 
676.000 5.594 
677.000 5.594 
678.000 5.594 
679.000 5.594 
680.000 5.594 
681.000 5.594 
682.000 5.594 
683.000 5.594 
684.000 5.594 
685.000 5.594 
686.000 5.594 
687.000 5.594 
688.000 5.594 
689.000 5.594 
690.000 5.594 
691.000 5.594 
692.000 5.594 
693.000 5.594 
694.000 5.594 
695.000 5.594 
696.000 5.594 
697.000 5.594 
698.000 5.594 
699.000 5.594 
700.000 5.594 
701.000 5.594 
702.000 5.594 
703.000 5.594 
704.000 5.594 
705.000 5.594 
706.000 5.594 
707.000 5.594 
708.000 5.594 
709.000 5.594 
710.000 5.594 
711.000 5.594 
712.000 5.594 
713.000 5.594 
714.000 5.594 
715.000 5.594 
716.000 5.594 
717.000 5.594 
718.000 5.594 
719.000 5.594 
720.000 5.594 
721.000 5.594 
722.000 5.594 
723.000 5.594 
724.000 5.594 
725.000 5.594 
726.000 5.594 
727.000 5.594 
728.000 5.594 
729.000 5.594 
730.000 5.594 
731.000 5.594 
732.000 5.594 
733.000 5.594 
734.000 5.594 
735.000 5.594 
736.000 5.594 
737.000 5.594 
738.000 5.594 
739.000 5.594 
740.000 5.594 
741.000 5.594 
742.000 5.594 
743.000 5.594 
744.000 5.594 
745.000 5.594 
746.000 5.594 
747.000 5.594 
748.000 5.594 
749.000 5.594 
750.000 5.594 
751.000 5.594 
752.000 5.594 
753.000 5.594 
754.000 5.594 
755.000 5.594 
756.000 5.594 
757.000 5.594 
758.000 5.594 
759.000 5.594 
760.000 5.594 
761.000 5.594 
762.000 5.594 
763.000 5.594 
764.000 5.594 
765.000 5.594 
766.000 5.594 
767.000 5.594 
768.000 5.594 
769.000 5.594 
770.000 5.594 
771.000 5.594 
772.000 5.594 
773.000 5.594 
774.000 5.594 
775.000 5.594 
776.000 5.594 
777.000 5.594 
778.000 5.594 
779.000 5.594 
780.000 5.594 
781.000 5.594 
782.000 5.594 
783.000 5.594 
784.000 5.594 
785.000 5.594 
786.000 5.594 
787.000 5.594 
788.000 5.594 
789.000 5.594 
790.000 5.594 
791.000 5.594 
792.000 5.594 
793.000 5.594 
794.000 5.594 
795.000 5.594 
796.000 5.594 
797.000 5.594 
798.000 5.594 
799.000 5.594 
800.000 5.594 
