1.000 0.000 
2.000 0.000 
3.000 0.000 
4.000 0.000 
5.000 0.000 
6.000 0.000 
7.000 0.000 
8.000 0.000 
9.000 0.000 
10.000 0.000 
11.000 0.000 
12.000 -0.000 
13.000 -0.001 
14.000 -0.003 
15.000 -0.005 
16.000 -0.007 
17.000 -0.009 
18.000 -0.010 
19.000 -0.012 
20.000 -0.013 
21.000 -0.014 
22.000 -0.015 
23.000 -0.016 
24.000 -0.016 
25.000 -0.017 
26.000 -0.017 
27.000 -0.018 
28.000 -0.019 
29.000 -0.019 
30.000 -0.020 
31.000 -0.021 
32.000 -0.022 
33.000 -0.022 
34.000 -0.023 
35.000 -0.024 
36.000 -0.025 
37.000 -0.026 
38.000 -0.026 
39.000 -0.027 
40.000 -0.028 
41.000 -0.028 
42.000 -0.029 
43.000 -0.030 
44.000 -0.030 
45.000 -0.031 
46.000 -0.032 
47.000 -0.032 
48.000 -0.033 
49.000 -0.034 
50.000 -0.034 
51.000 -0.035 
52.000 -0.035 
53.000 -0.036 
54.000 -0.036 
55.000 -0.037 
56.000 -0.038 
57.000 -0.038 
58.000 -0.039 
59.000 -0.039 
60.000 -0.040 
61.000 -0.040 
62.000 -0.041 
63.000 -0.041 
64.000 -0.042 
65.000 -0.042 
66.000 -0.043 
67.000 -0.043 
68.000 -0.044 
69.000 -0.044 
70.000 -0.045 
71.000 -0.045 
72.000 -0.046 
73.000 -0.046 
74.000 -0.047 
75.000 -0.047 
76.000 -0.047 
77.000 -0.048 
78.000 -0.048 
79.000 -0.049 
80.000 -0.049 
81.000 -0.050 
82.000 -0.050 
83.000 -0.050 
84.000 -0.051 
85.000 -0.051 
86.000 -0.052 
87.000 -0.052 
88.000 -0.052 
89.000 -0.053 
90.000 -0.053 
91.000 -0.054 
92.000 -0.054 
93.000 -0.054 
94.000 -0.055 
95.000 -0.055 
96.000 -0.055 
97.000 -0.056 
98.000 -0.056 
99.000 -0.056 
100.000 -0.057 
101.000 -0.057 
102.000 -0.057 
103.000 -0.058 
104.000 -0.058 
105.000 -0.058 
106.000 -0.059 
107.000 -0.059 
108.000 -0.059 
109.000 -0.060 
110.000 -0.060 
111.000 -0.060 
112.000 -0.061 
113.000 -0.061 
114.000 -0.061 
115.000 -0.062 
116.000 -0.062 
117.000 -0.062 
118.000 -0.062 
119.000 -0.063 
120.000 -0.063 
121.000 -0.063 
122.000 -0.064 
123.000 -0.064 
124.000 -0.064 
125.000 -0.064 
126.000 -0.065 
127.000 -0.065 
128.000 -0.065 
129.000 -0.064 
130.000 -0.064 
131.000 -0.064 
132.000 -0.064 
133.000 -0.064 
134.000 -0.064 
135.000 -0.064 
136.000 -0.064 
137.000 -0.064 
138.000 -0.064 
139.000 -0.065 
140.000 -0.065 
141.000 -0.065 
142.000 -0.065 
143.000 -0.065 
144.000 -0.065 
145.000 -0.065 
146.000 -0.065 
147.000 -0.065 
148.000 -0.065 
149.000 -0.065 
150.000 -0.065 
151.000 -0.065 
152.000 -0.065 
153.000 -0.065 
154.000 -0.065 
155.000 -0.065 
156.000 -0.066 
157.000 -0.066 
158.000 -0.066 
159.000 -0.066 
160.000 -0.066 
161.000 -0.066 
162.000 -0.066 
163.000 -0.066 
164.000 -0.066 
165.000 -0.066 
166.000 -0.066 
167.000 -0.066 
168.000 -0.066 
169.000 -0.066 
170.000 -0.066 
171.000 -0.066 
172.000 -0.066 
173.000 -0.066 
174.000 -0.066 
175.000 -0.066 
176.000 -0.067 
177.000 -0.067 
178.000 -0.067 
179.000 -0.067 
180.000 -0.067 
181.000 -0.067 
182.000 -0.067 
183.000 -0.067 
184.000 -0.067 
185.000 -0.067 
186.000 -0.067 
187.000 -0.067 
188.000 -0.067 
189.000 -0.067 
190.000 -0.067 
191.000 -0.067 
192.000 -0.067 
193.000 -0.067 
194.000 -0.067 
195.000 -0.067 
196.000 -0.067 
197.000 -0.067 
198.000 -0.068 
199.000 -0.068 
200.000 -0.068 
201.000 -0.068 
202.000 -0.068 
203.000 -0.068 
204.000 -0.068 
205.000 -0.068 
206.000 -0.068 
207.000 -0.068 
208.000 -0.068 
209.000 -0.068 
210.000 -0.068 
211.000 -0.068 
212.000 -0.068 
213.000 -0.068 
214.000 -0.068 
215.000 -0.068 
216.000 -0.068 
217.000 -0.068 
218.000 -0.068 
219.000 -0.068 
220.000 -0.068 
221.000 -0.068 
222.000 -0.068 
223.000 -0.069 
224.000 -0.069 
225.000 -0.069 
226.000 -0.069 
227.000 -0.069 
228.000 -0.069 
229.000 -0.069 
230.000 -0.069 
231.000 -0.069 
232.000 -0.069 
233.000 -0.069 
234.000 -0.069 
235.000 -0.069 
236.000 -0.069 
237.000 -0.069 
238.000 -0.069 
239.000 -0.069 
240.000 -0.069 
241.000 -0.069 
242.000 -0.069 
243.000 -0.069 
244.000 -0.069 
245.000 -0.069 
246.000 -0.069 
247.000 -0.068 
248.000 -0.066 
249.000 -0.064 
250.000 -0.062 
251.000 -0.059 
252.000 -0.057 
253.000 -0.055 
254.000 -0.054 
255.000 -0.052 
256.000 -0.051 
257.000 -0.050 
258.000 -0.049 
259.000 -0.048 
260.000 -0.046 
261.000 -0.045 
262.000 -0.044 
263.000 -0.043 
264.000 -0.041 
265.000 -0.040 
266.000 -0.038 
267.000 -0.036 
268.000 -0.035 
269.000 -0.033 
270.000 -0.031 
271.000 -0.029 
272.000 -0.028 
273.000 -0.026 
274.000 -0.024 
275.000 -0.022 
276.000 -0.020 
277.000 -0.018 
278.000 -0.017 
279.000 -0.015 
280.000 -0.013 
281.000 -0.011 
282.000 -0.009 
283.000 -0.007 
284.000 -0.005 
285.000 -0.003 
286.000 -0.001 
287.000 0.001 
288.000 0.003 
289.000 0.006 
290.000 0.008 
291.000 0.010 
292.000 0.012 
293.000 0.014 
294.000 0.016 
295.000 0.019 
296.000 0.021 
297.000 0.023 
298.000 0.025 
299.000 0.028 
300.000 0.030 
301.000 0.032 
302.000 0.035 
303.000 0.037 
304.000 0.039 
305.000 0.042 
306.000 0.044 
307.000 0.046 
308.000 0.049 
309.000 0.051 
310.000 0.054 
311.000 0.056 
312.000 0.058 
313.000 0.061 
314.000 0.063 
315.000 0.066 
316.000 0.068 
317.000 0.070 
318.000 0.073 
319.000 0.075 
320.000 0.078 
321.000 0.080 
322.000 0.082 
323.000 0.085 
324.000 0.087 
325.000 0.090 
326.000 0.092 
327.000 0.094 
328.000 0.097 
329.000 0.099 
330.000 0.101 
331.000 0.104 
332.000 0.106 
333.000 0.108 
334.000 0.111 
335.000 0.113 
336.000 0.115 
337.000 0.117 
338.000 0.120 
339.000 0.122 
340.000 0.124 
341.000 0.126 
342.000 0.128 
343.000 0.130 
344.000 0.133 
345.000 0.135 
346.000 0.137 
347.000 0.139 
348.000 0.141 
349.000 0.143 
350.000 0.145 
351.000 0.147 
352.000 0.149 
353.000 0.151 
354.000 0.153 
355.000 0.155 
356.000 0.157 
357.000 0.158 
358.000 0.160 
359.000 0.162 
360.000 0.164 
361.000 0.166 
362.000 0.167 
363.000 0.169 
364.000 0.171 
365.000 0.173 
366.000 0.178 
367.000 0.189 
368.000 0.206 
369.000 0.227 
370.000 0.253 
371.000 0.280 
372.000 0.307 
373.000 0.333 
374.000 0.357 
375.000 0.379 
376.000 0.398 
377.000 0.414 
378.000 0.428 
379.000 0.440 
380.000 0.451 
381.000 0.461 
382.000 0.471 
383.000 0.481 
384.000 0.491 
385.000 0.502 
386.000 0.513 
387.000 0.526 
388.000 0.539 
389.000 0.552 
390.000 0.566 
391.000 0.581 
392.000 0.595 
393.000 0.609 
394.000 0.623 
395.000 0.636 
396.000 0.648 
397.000 0.660 
398.000 0.671 
399.000 0.681 
400.000 0.691 
401.000 0.700 
402.000 0.709 
403.000 0.717 
404.000 0.724 
405.000 0.732 
406.000 0.739 
407.000 0.746 
408.000 0.752 
409.000 0.759 
410.000 0.765 
411.000 0.771 
412.000 0.777 
413.000 0.783 
414.000 0.789 
415.000 0.795 
416.000 0.800 
417.000 0.805 
418.000 0.810 
419.000 0.814 
420.000 0.818 
421.000 0.822 
422.000 0.826 
423.000 0.830 
424.000 0.833 
425.000 0.836 
426.000 0.839 
427.000 0.842 
428.000 0.845 
429.000 0.848 
430.000 0.850 
431.000 0.852 
432.000 0.855 
433.000 0.857 
434.000 0.859 
435.000 0.861 
436.000 0.863 
437.000 0.864 
438.000 0.866 
439.000 0.868 
440.000 0.869 
441.000 0.871 
442.000 0.872 
443.000 0.873 
444.000 0.875 
445.000 0.876 
446.000 0.877 
447.000 0.878 
448.000 0.879 
449.000 0.880 
450.000 0.881 
451.000 0.881 
452.000 0.882 
453.000 0.883 
454.000 0.884 
455.000 0.884 
456.000 0.885 
457.000 0.885 
458.000 0.886 
459.000 0.887 
460.000 0.887 
461.000 0.888 
462.000 0.888 
463.000 0.888 
464.000 0.889 
465.000 0.889 
466.000 0.890 
467.000 0.890 
468.000 0.890 
469.000 0.891 
470.000 0.891 
471.000 0.891 
472.000 0.891 
473.000 0.892 
474.000 0.892 
475.000 0.892 
476.000 0.892 
477.000 0.893 
478.000 0.893 
479.000 0.893 
480.000 0.893 
481.000 0.893 
482.000 0.893 
483.000 0.894 
484.000 0.894 
485.000 0.894 
486.000 0.917 
487.000 0.978 
488.000 1.083 
489.000 1.230 
490.000 1.413 
491.000 1.624 
492.000 1.855 
493.000 2.097 
494.000 2.341 
495.000 2.578 
496.000 2.803 
497.000 3.007 
498.000 3.188 
499.000 3.341 
500.000 3.465 
501.000 3.560 
502.000 3.626 
503.000 3.665 
504.000 3.681 
505.000 3.676 
506.000 3.656 
507.000 3.624 
508.000 3.585 
509.000 3.542 
510.000 3.499 
511.000 3.459 
512.000 3.424 
513.000 3.397 
514.000 3.379 
515.000 3.369 
516.000 3.367 
517.000 3.374 
518.000 3.389 
519.000 3.409 
520.000 3.435 
521.000 3.463 
522.000 3.494 
523.000 3.525 
524.000 3.554 
525.000 3.582 
526.000 3.606 
527.000 3.626 
528.000 3.642 
529.000 3.653 
530.000 3.660 
531.000 3.661 
532.000 3.659 
533.000 3.653 
534.000 3.645 
535.000 3.633 
536.000 3.621 
537.000 3.608 
538.000 3.594 
539.000 3.581 
540.000 3.570 
541.000 3.560 
542.000 3.551 
543.000 3.545 
544.000 3.541 
545.000 3.539 
546.000 3.539 
547.000 3.540 
548.000 3.543 
549.000 3.548 
550.000 3.553 
551.000 3.559 
552.000 3.565 
553.000 3.571 
554.000 3.576 
555.000 3.581 
556.000 3.585 
557.000 3.589 
558.000 3.591 
559.000 3.593 
560.000 3.593 
561.000 3.593 
562.000 3.592 
563.000 3.590 
564.000 3.588 
565.000 3.586 
566.000 3.583 
567.000 3.580 
568.000 3.578 
569.000 3.575 
570.000 3.573 
571.000 3.571 
572.000 3.570 
573.000 3.569 
574.000 3.568 
575.000 3.568 
576.000 3.569 
577.000 3.569 
578.000 3.570 
579.000 3.571 
580.000 3.572 
581.000 3.573 
582.000 3.575 
583.000 3.576 
584.000 3.577 
585.000 3.578 
586.000 3.578 
587.000 3.579 
588.000 3.579 
589.000 3.579 
590.000 3.579 
591.000 3.579 
592.000 3.579 
593.000 3.579 
594.000 3.578 
595.000 3.578 
596.000 3.577 
597.000 3.576 
598.000 3.576 
599.000 3.575 
600.000 3.575 
601.000 3.575 
602.000 3.575 
603.000 3.574 
604.000 3.574 
605.000 3.574 
606.000 3.595 
607.000 3.651 
608.000 3.749 
609.000 3.884 
610.000 4.044 
611.000 4.214 
612.000 4.386 
613.000 4.552 
614.000 4.709 
615.000 4.853 
616.000 4.982 
617.000 5.096 
618.000 5.196 
619.000 5.281 
620.000 5.353 
621.000 5.413 
622.000 5.462 
623.000 5.502 
624.000 5.533 
625.000 5.558 
626.000 5.577 
627.000 5.591 
628.000 5.601 
629.000 5.607 
630.000 5.612 
631.000 5.614 
632.000 5.615 
633.000 5.615 
634.000 5.614 
635.000 5.613 
636.000 5.611 
637.000 5.610 
638.000 5.608 
639.000 5.606 
640.000 5.604 
641.000 5.603 
642.000 5.601 
643.000 5.600 
644.000 5.599 
645.000 5.598 
646.000 5.597 
647.000 5.596 
648.000 5.596 
649.000 5.595 
650.000 5.595 
651.000 5.595 
652.000 5.594 
653.000 5.594 
654.000 5.594 
655.000 5.594 
656.000 5.594 
657.000 5.594 
658.000 5.594 
659.000 5.594 
660.000 5.594 
661.000 5.594 
662.000 5.594 
663.000 5.594 
664.000 5.594 
665.000 5.594 
666.000 5.594 
667.000 5.594 
668.000 5.594 
669.000 5.594 
670.000 5.594 
671.000 5.594 
672.000 5.594 
673.000 5.594 
674.000 5.594 
675.000 5.594 
676.000 5.594 
677.000 5.594 
678.000 5.594 
679.000 5.594 
680.000 5.594 
681.000 5.594 
682.000 5.594 
683.000 5.594 
684.000 5.594 
685.000 5.594 
686.000 5.594 
687.000 5.594 
688.000 5.594 
689.000 5.594 
690.000 5.594 
691.000 5.594 
692.000 5.594 
693.000 5.594 
694.000 5.594 
695.000 5.594 
696.000 5.594 
697.000 5.594 
698.000 5.594 
699.000 5.594 
700.000 5.594 
701.000 5.594 
702.000 5.594 
703.000 5.594 
704.000 5.594 
705.000 5.594 
706.000 5.594 
707.000 5.594 
708.000 5.594 
709.000 5.594 
710.000 5.594 
711.000 5.594 
712.000 5.594 
713.000 5.594 
714.000 5.594 
715.000 5.594 
716.000 5.594 
717.000 5.594 
718.000 5.594 
719.000 5.594 
720.000 5.594 
721.000 5.594 
722.000 5.594 
723.000 5.594 
724.000 5.594 
725.000 5.594 
726.000 5.594 
727.000 5.594 
728.000 5.594 
729.000 5.594 
730.000 5.594 
731.000 5.594 
732.000 5.594 
733.000 5.594 
734.000 5.594 
735.000 5.594 
736.000 5.594 
737.000 5.594 
738.000 5.594 
739.000 5.594 
740.000 5.594 
741.000 5.594 
742.000 5.594 
743.000 5.594 
744.000 5.594 
745.000 5.594 
746.000 5.594 
747.000 5.594 
748.000 5.594 
749.000 5.594 
750.000 5.594 
751.000 5.594 
752.000 5.594 
753.000 5.594 
754.000 5.594 
755.000 5.594 
756.000 5.594 
757.000 5.594 
758.000 5.594 
759.000 5.594 
760.000 5.594 
761.000 5.594 
762.000 5.594 
763.000 5.594 
764.000 5.594 
765.000 5.594 
766.000 5.594 
767.000 5.594 
768.000 5.594 
769.000 5.594 
770.000 5.594 
771.000 5.594 
772.000 5.594 
773.000 5.594 
774.000 5.594 
775.000 5.594 
776.000 5.594 
777.000 5.594 
778.000 5.594 
779.000 5.594 
780.000 5.594 
781.000 5.594 
782.000 5.594 
783.000 5.594 
784.000 5.594 
785.000 5.594 
786.000 5.594 
787.000 5.594 
788.000 5.594 
789.000 5.594 
790.000 5.594 
791.000 5.594 
792.000 5.594 
793.000 5.594 
794.000 5.594 
795.000 5.594 
796.000 5.594 
797.000 5.594 
798.000 5.594 
799.000 5.594 
800.000 5.594 
