1.000 0.000 
2.000 0.000 
3.000 0.000 
4.000 0.000 
5.000 0.000 
6.000 0.000 
7.000 0.000 
8.000 0.000 
9.000 0.000 
10.000 0.000 
11.000 0.000 
12.000 -0.001 
13.000 -0.003 
14.000 -0.006 
15.000 -0.009 
16.000 -0.012 
17.000 -0.015 
18.000 -0.017 
19.000 -0.018 
20.000 -0.019 
21.000 -0.019 
22.000 -0.020 
23.000 -0.020 
24.000 -0.020 
25.000 -0.021 
26.000 -0.021 
27.000 -0.022 
28.000 -0.023 
29.000 -0.024 
30.000 -0.025 
31.000 -0.027 
32.000 -0.028 
33.000 -0.029 
34.000 -0.030 
35.000 -0.031 
36.000 -0.031 
37.000 -0.032 
38.000 -0.033 
39.000 -0.034 
40.000 -0.034 
41.000 -0.035 
42.000 -0.036 
43.000 -0.036 
44.000 -0.037 
45.000 -0.038 
46.000 -0.039 
47.000 -0.039 
48.000 -0.040 
49.000 -0.041 
50.000 -0.041 
51.000 -0.042 
52.000 -0.043 
53.000 -0.043 
54.000 -0.044 
55.000 -0.044 
56.000 -0.045 
57.000 -0.046 
58.000 -0.046 
59.000 -0.047 
60.000 -0.047 
61.000 -0.048 
62.000 -0.048 
63.000 -0.049 
64.000 -0.050 
65.000 -0.050 
66.000 -0.051 
67.000 -0.051 
68.000 -0.052 
69.000 -0.052 
70.000 -0.053 
71.000 -0.053 
72.000 -0.054 
73.000 -0.054 
74.000 -0.054 
75.000 -0.055 
76.000 -0.055 
77.000 -0.056 
78.000 -0.056 
79.000 -0.057 
80.000 -0.057 
81.000 -0.058 
82.000 -0.058 
83.000 -0.058 
84.000 -0.059 
85.000 -0.059 
86.000 -0.060 
87.000 -0.060 
88.000 -0.060 
89.000 -0.061 
90.000 -0.061 
91.000 -0.062 
92.000 -0.062 
93.000 -0.062 
94.000 -0.063 
95.000 -0.063 
96.000 -0.063 
97.000 -0.064 
98.000 -0.064 
99.000 -0.065 
100.000 -0.065 
101.000 -0.065 
102.000 -0.066 
103.000 -0.066 
104.000 -0.066 
105.000 -0.067 
106.000 -0.067 
107.000 -0.067 
108.000 -0.068 
109.000 -0.068 
110.000 -0.068 
111.000 -0.068 
112.000 -0.069 
113.000 -0.069 
114.000 -0.069 
115.000 -0.070 
116.000 -0.070 
117.000 -0.070 
118.000 -0.071 
119.000 -0.071 
120.000 -0.071 
121.000 -0.071 
122.000 -0.072 
123.000 -0.072 
124.000 -0.072 
125.000 -0.072 
126.000 -0.073 
127.000 -0.073 
128.000 -0.072 
129.000 -0.072 
130.000 -0.072 
131.000 -0.071 
132.000 -0.071 
133.000 -0.071 
134.000 -0.071 
135.000 -0.072 
136.000 -0.072 
137.000 -0.072 
138.000 -0.072 
139.000 -0.072 
140.000 -0.072 
141.000 -0.072 
142.000 -0.072 
143.000 -0.072 
144.000 -0.072 
145.000 -0.072 
146.000 -0.072 
147.000 -0.072 
148.000 -0.072 
149.000 -0.072 
150.000 -0.072 
151.000 -0.072 
152.000 -0.072 
153.000 -0.072 
154.000 -0.073 
155.000 -0.073 
156.000 -0.073 
157.000 -0.073 
158.000 -0.073 
159.000 -0.073 
160.000 -0.073 
161.000 -0.073 
162.000 -0.073 
163.000 -0.073 
164.000 -0.073 
165.000 -0.073 
166.000 -0.073 
167.000 -0.073 
168.000 -0.073 
169.000 -0.073 
170.000 -0.073 
171.000 -0.073 
172.000 -0.073 
173.000 -0.073 
174.000 -0.073 
175.000 -0.073 
176.000 -0.073 
177.000 -0.073 
178.000 -0.073 
179.000 -0.073 
180.000 -0.073 
181.000 -0.073 
182.000 -0.073 
183.000 -0.073 
184.000 -0.073 
185.000 -0.073 
186.000 -0.073 
187.000 -0.073 
188.000 -0.073 
189.000 -0.073 
190.000 -0.073 
191.000 -0.074 
192.000 -0.074 
193.000 -0.074 
194.000 -0.074 
195.000 -0.074 
196.000 -0.074 
197.000 -0.074 
198.000 -0.074 
199.000 -0.074 
200.000 -0.074 
201.000 -0.074 
202.000 -0.074 
203.000 -0.074 
204.000 -0.074 
205.000 -0.074 
206.000 -0.074 
207.000 -0.074 
208.000 -0.074 
209.000 -0.074 
210.000 -0.074 
211.000 -0.074 
212.000 -0.074 
213.000 -0.074 
214.000 -0.074 
215.000 -0.074 
216.000 -0.074 
217.000 -0.074 
218.000 -0.074 
219.000 -0.074 
220.000 -0.074 
221.000 -0.074 
222.000 -0.074 
223.000 -0.074 
224.000 -0.074 
225.000 -0.074 
226.000 -0.074 
227.000 -0.074 
228.000 -0.074 
229.000 -0.074 
230.000 -0.074 
231.000 -0.074 
232.000 -0.074 
233.000 -0.074 
234.000 -0.075 
235.000 -0.075 
236.000 -0.075 
237.000 -0.075 
238.000 -0.075 
239.000 -0.075 
240.000 -0.075 
241.000 -0.075 
242.000 -0.075 
243.000 -0.075 
244.000 -0.075 
245.000 -0.075 
246.000 -0.074 
247.000 -0.072 
248.000 -0.069 
249.000 -0.065 
250.000 -0.061 
251.000 -0.058 
252.000 -0.055 
253.000 -0.053 
254.000 -0.052 
255.000 -0.051 
256.000 -0.050 
257.000 -0.050 
258.000 -0.049 
259.000 -0.048 
260.000 -0.046 
261.000 -0.045 
262.000 -0.043 
263.000 -0.040 
264.000 -0.038 
265.000 -0.035 
266.000 -0.033 
267.000 -0.030 
268.000 -0.028 
269.000 -0.026 
270.000 -0.023 
271.000 -0.021 
272.000 -0.019 
273.000 -0.017 
274.000 -0.015 
275.000 -0.012 
276.000 -0.010 
277.000 -0.007 
278.000 -0.005 
279.000 -0.002 
280.000 0.001 
281.000 0.003 
282.000 0.006 
283.000 0.009 
284.000 0.012 
285.000 0.015 
286.000 0.017 
287.000 0.020 
288.000 0.023 
289.000 0.026 
290.000 0.029 
291.000 0.032 
292.000 0.035 
293.000 0.038 
294.000 0.041 
295.000 0.044 
296.000 0.047 
297.000 0.050 
298.000 0.053 
299.000 0.056 
300.000 0.059 
301.000 0.062 
302.000 0.065 
303.000 0.068 
304.000 0.071 
305.000 0.074 
306.000 0.077 
307.000 0.080 
308.000 0.083 
309.000 0.086 
310.000 0.089 
311.000 0.092 
312.000 0.095 
313.000 0.098 
314.000 0.101 
315.000 0.104 
316.000 0.107 
317.000 0.110 
318.000 0.113 
319.000 0.115 
320.000 0.118 
321.000 0.121 
322.000 0.124 
323.000 0.127 
324.000 0.129 
325.000 0.132 
326.000 0.135 
327.000 0.137 
328.000 0.140 
329.000 0.142 
330.000 0.145 
331.000 0.148 
332.000 0.150 
333.000 0.152 
334.000 0.155 
335.000 0.157 
336.000 0.160 
337.000 0.162 
338.000 0.164 
339.000 0.166 
340.000 0.169 
341.000 0.171 
342.000 0.173 
343.000 0.175 
344.000 0.177 
345.000 0.179 
346.000 0.181 
347.000 0.183 
348.000 0.185 
349.000 0.187 
350.000 0.188 
351.000 0.190 
352.000 0.192 
353.000 0.194 
354.000 0.195 
355.000 0.197 
356.000 0.199 
357.000 0.200 
358.000 0.202 
359.000 0.203 
360.000 0.205 
361.000 0.206 
362.000 0.207 
363.000 0.209 
364.000 0.210 
365.000 0.212 
366.000 0.221 
367.000 0.243 
368.000 0.277 
369.000 0.320 
370.000 0.368 
371.000 0.416 
372.000 0.459 
373.000 0.496 
374.000 0.524 
375.000 0.543 
376.000 0.553 
377.000 0.557 
378.000 0.557 
379.000 0.554 
380.000 0.553 
381.000 0.553 
382.000 0.557 
383.000 0.565 
384.000 0.578 
385.000 0.595 
386.000 0.615 
387.000 0.636 
388.000 0.659 
389.000 0.681 
390.000 0.702 
391.000 0.721 
392.000 0.736 
393.000 0.749 
394.000 0.758 
395.000 0.764 
396.000 0.769 
397.000 0.772 
398.000 0.774 
399.000 0.776 
400.000 0.778 
401.000 0.781 
402.000 0.785 
403.000 0.791 
404.000 0.797 
405.000 0.805 
406.000 0.812 
407.000 0.820 
408.000 0.828 
409.000 0.835 
410.000 0.841 
411.000 0.846 
412.000 0.850 
413.000 0.854 
414.000 0.856 
415.000 0.858 
416.000 0.859 
417.000 0.860 
418.000 0.860 
419.000 0.861 
420.000 0.862 
421.000 0.863 
422.000 0.865 
423.000 0.867 
424.000 0.869 
425.000 0.871 
426.000 0.874 
427.000 0.876 
428.000 0.878 
429.000 0.880 
430.000 0.882 
431.000 0.883 
432.000 0.884 
433.000 0.885 
434.000 0.885 
435.000 0.886 
436.000 0.886 
437.000 0.886 
438.000 0.886 
439.000 0.886 
440.000 0.887 
441.000 0.887 
442.000 0.888 
443.000 0.888 
444.000 0.889 
445.000 0.890 
446.000 0.890 
447.000 0.891 
448.000 0.892 
449.000 0.892 
450.000 0.892 
451.000 0.893 
452.000 0.893 
453.000 0.893 
454.000 0.893 
455.000 0.893 
456.000 0.893 
457.000 0.893 
458.000 0.893 
459.000 0.893 
460.000 0.894 
461.000 0.894 
462.000 0.894 
463.000 0.894 
464.000 0.894 
465.000 0.894 
466.000 0.895 
467.000 0.895 
468.000 0.895 
469.000 0.895 
470.000 0.895 
471.000 0.895 
472.000 0.895 
473.000 0.895 
474.000 0.895 
475.000 0.895 
476.000 0.895 
477.000 0.895 
478.000 0.895 
479.000 0.895 
480.000 0.895 
481.000 0.895 
482.000 0.895 
483.000 0.895 
484.000 0.896 
485.000 0.896 
486.000 0.941 
487.000 1.060 
488.000 1.258 
489.000 1.527 
490.000 1.850 
491.000 2.208 
492.000 2.578 
493.000 2.939 
494.000 3.269 
495.000 3.553 
496.000 3.775 
497.000 3.928 
498.000 4.009 
499.000 4.021 
500.000 3.970 
501.000 3.871 
502.000 3.737 
503.000 3.585 
504.000 3.431 
505.000 3.290 
506.000 3.173 
507.000 3.087 
508.000 3.038 
509.000 3.027 
510.000 3.052 
511.000 3.110 
512.000 3.194 
513.000 3.299 
514.000 3.414 
515.000 3.532 
516.000 3.645 
517.000 3.746 
518.000 3.828 
519.000 3.887 
520.000 3.920 
521.000 3.926 
522.000 3.907 
523.000 3.866 
524.000 3.808 
525.000 3.737 
526.000 3.661 
527.000 3.585 
528.000 3.515 
529.000 3.455 
530.000 3.409 
531.000 3.378 
532.000 3.365 
533.000 3.368 
534.000 3.385 
535.000 3.416 
536.000 3.455 
537.000 3.501 
538.000 3.549 
539.000 3.595 
540.000 3.637 
541.000 3.672 
542.000 3.698 
543.000 3.713 
544.000 3.717 
545.000 3.712 
546.000 3.696 
547.000 3.674 
548.000 3.646 
549.000 3.616 
550.000 3.584 
551.000 3.555 
552.000 3.530 
553.000 3.509 
554.000 3.496 
555.000 3.489 
556.000 3.488 
557.000 3.495 
558.000 3.506 
559.000 3.522 
560.000 3.540 
561.000 3.560 
562.000 3.579 
563.000 3.597 
564.000 3.612 
565.000 3.623 
566.000 3.631 
567.000 3.633 
568.000 3.632 
569.000 3.626 
570.000 3.618 
571.000 3.607 
572.000 3.594 
573.000 3.582 
574.000 3.570 
575.000 3.559 
576.000 3.550 
577.000 3.544 
578.000 3.540 
579.000 3.540 
580.000 3.542 
581.000 3.546 
582.000 3.552 
583.000 3.560 
584.000 3.568 
585.000 3.576 
586.000 3.583 
587.000 3.590 
588.000 3.595 
589.000 3.598 
590.000 3.599 
591.000 3.599 
592.000 3.597 
593.000 3.594 
594.000 3.590 
595.000 3.585 
596.000 3.579 
597.000 3.574 
598.000 3.570 
599.000 3.566 
600.000 3.563 
601.000 3.562 
602.000 3.561 
603.000 3.562 
604.000 3.563 
605.000 3.566 
606.000 3.610 
607.000 3.709 
608.000 3.849 
609.000 4.013 
610.000 4.188 
611.000 4.364 
612.000 4.534 
613.000 4.694 
614.000 4.841 
615.000 4.973 
616.000 5.089 
617.000 5.190 
618.000 5.277 
619.000 5.350 
620.000 5.411 
621.000 5.461 
622.000 5.501 
623.000 5.533 
624.000 5.558 
625.000 5.577 
626.000 5.591 
627.000 5.601 
628.000 5.608 
629.000 5.612 
630.000 5.615 
631.000 5.616 
632.000 5.616 
633.000 5.615 
634.000 5.613 
635.000 5.612 
636.000 5.610 
637.000 5.608 
638.000 5.606 
639.000 5.604 
640.000 5.603 
641.000 5.601 
642.000 5.600 
643.000 5.599 
644.000 5.598 
645.000 5.597 
646.000 5.596 
647.000 5.596 
648.000 5.595 
649.000 5.595 
650.000 5.595 
651.000 5.594 
652.000 5.594 
653.000 5.594 
654.000 5.594 
655.000 5.594 
656.000 5.594 
657.000 5.594 
658.000 5.594 
659.000 5.594 
660.000 5.594 
661.000 5.594 
662.000 5.594 
663.000 5.594 
664.000 5.594 
665.000 5.594 
666.000 5.594 
667.000 5.594 
668.000 5.594 
669.000 5.594 
670.000 5.594 
671.000 5.594 
672.000 5.594 
673.000 5.594 
674.000 5.594 
675.000 5.594 
676.000 5.594 
677.000 5.594 
678.000 5.594 
679.000 5.594 
680.000 5.594 
681.000 5.594 
682.000 5.594 
683.000 5.594 
684.000 5.594 
685.000 5.594 
686.000 5.594 
687.000 5.594 
688.000 5.594 
689.000 5.594 
690.000 5.594 
691.000 5.594 
692.000 5.594 
693.000 5.594 
694.000 5.594 
695.000 5.594 
696.000 5.594 
697.000 5.594 
698.000 5.594 
699.000 5.594 
700.000 5.594 
701.000 5.594 
702.000 5.594 
703.000 5.594 
704.000 5.594 
705.000 5.594 
706.000 5.594 
707.000 5.594 
708.000 5.594 
709.000 5.594 
710.000 5.594 
711.000 5.594 
712.000 5.594 
713.000 5.594 
714.000 5.594 
715.000 5.594 
716.000 5.594 
717.000 5.594 
718.000 5.594 
719.000 5.594 
720.000 5.594 
721.000 5.594 
722.000 5.594 
723.000 5.594 
724.000 5.594 
725.000 5.594 
726.000 5.594 
727.000 5.594 
728.000 5.594 
729.000 5.594 
730.000 5.594 
731.000 5.594 
732.000 5.594 
733.000 5.594 
734.000 5.594 
735.000 5.594 
736.000 5.594 
737.000 5.594 
738.000 5.594 
739.000 5.594 
740.000 5.594 
741.000 5.594 
742.000 5.594 
743.000 5.594 
744.000 5.594 
745.000 5.594 
746.000 5.594 
747.000 5.594 
748.000 5.594 
749.000 5.594 
750.000 5.594 
751.000 5.594 
752.000 5.594 
753.000 5.594 
754.000 5.594 
755.000 5.594 
756.000 5.594 
757.000 5.594 
758.000 5.594 
759.000 5.594 
760.000 5.594 
761.000 5.594 
762.000 5.594 
763.000 5.594 
764.000 5.594 
765.000 5.594 
766.000 5.594 
767.000 5.594 
768.000 5.594 
769.000 5.594 
770.000 5.594 
771.000 5.594 
772.000 5.594 
773.000 5.594 
774.000 5.594 
775.000 5.594 
776.000 5.594 
777.000 5.594 
778.000 5.594 
779.000 5.594 
780.000 5.594 
781.000 5.594 
782.000 5.594 
783.000 5.594 
784.000 5.594 
785.000 5.594 
786.000 5.594 
787.000 5.594 
788.000 5.594 
789.000 5.594 
790.000 5.594 
791.000 5.594 
792.000 5.594 
793.000 5.594 
794.000 5.594 
795.000 5.594 
796.000 5.594 
797.000 5.594 
798.000 5.594 
799.000 5.594 
800.000 5.594 
