1.000 0.000 
2.000 0.000 
3.000 0.000 
4.000 0.000 
5.000 0.000 
6.000 0.000 
7.000 0.000 
8.000 0.000 
9.000 0.000 
10.000 0.000 
11.000 0.000 
12.000 -0.001 
13.000 -0.005 
14.000 -0.009 
15.000 -0.013 
16.000 -0.017 
17.000 -0.020 
18.000 -0.021 
19.000 -0.022 
20.000 -0.022 
21.000 -0.021 
22.000 -0.021 
23.000 -0.021 
24.000 -0.021 
25.000 -0.022 
26.000 -0.024 
27.000 -0.025 
28.000 -0.027 
29.000 -0.029 
30.000 -0.030 
31.000 -0.031 
32.000 -0.032 
33.000 -0.033 
34.000 -0.034 
35.000 -0.034 
36.000 -0.035 
37.000 -0.035 
38.000 -0.036 
39.000 -0.037 
40.000 -0.038 
41.000 -0.039 
42.000 -0.040 
43.000 -0.041 
44.000 -0.041 
45.000 -0.042 
46.000 -0.043 
47.000 -0.043 
48.000 -0.044 
49.000 -0.045 
50.000 -0.045 
51.000 -0.046 
52.000 -0.047 
53.000 -0.047 
54.000 -0.048 
55.000 -0.049 
56.000 -0.049 
57.000 -0.050 
58.000 -0.050 
59.000 -0.051 
60.000 -0.052 
61.000 -0.052 
62.000 -0.053 
63.000 -0.053 
64.000 -0.054 
65.000 -0.054 
66.000 -0.055 
67.000 -0.055 
68.000 -0.056 
69.000 -0.056 
70.000 -0.057 
71.000 -0.057 
72.000 -0.058 
73.000 -0.058 
74.000 -0.059 
75.000 -0.059 
76.000 -0.060 
77.000 -0.060 
78.000 -0.061 
79.000 -0.061 
80.000 -0.062 
81.000 -0.062 
82.000 -0.062 
83.000 -0.063 
84.000 -0.063 
85.000 -0.064 
86.000 -0.064 
87.000 -0.064 
88.000 -0.065 
89.000 -0.065 
90.000 -0.066 
91.000 -0.066 
92.000 -0.066 
93.000 -0.067 
94.000 -0.067 
95.000 -0.068 
96.000 -0.068 
97.000 -0.068 
98.000 -0.069 
99.000 -0.069 
100.000 -0.069 
101.000 -0.070 
102.000 -0.070 
103.000 -0.070 
104.000 -0.071 
105.000 -0.071 
106.000 -0.071 
107.000 -0.072 
108.000 -0.072 
109.000 -0.072 
110.000 -0.072 
111.000 -0.073 
112.000 -0.073 
113.000 -0.073 
114.000 -0.074 
115.000 -0.074 
116.000 -0.074 
117.000 -0.075 
118.000 -0.075 
119.000 -0.075 
120.000 -0.075 
121.000 -0.076 
122.000 -0.076 
123.000 -0.076 
124.000 -0.076 
125.000 -0.077 
126.000 -0.077 
127.000 -0.077 
128.000 -0.076 
129.000 -0.075 
130.000 -0.075 
131.000 -0.075 
132.000 -0.075 
133.000 -0.075 
134.000 -0.075 
135.000 -0.076 
136.000 -0.076 
137.000 -0.076 
138.000 -0.076 
139.000 -0.076 
140.000 -0.076 
141.000 -0.076 
142.000 -0.076 
143.000 -0.076 
144.000 -0.076 
145.000 -0.076 
146.000 -0.076 
147.000 -0.076 
148.000 -0.076 
149.000 -0.076 
150.000 -0.076 
151.000 -0.076 
152.000 -0.076 
153.000 -0.076 
154.000 -0.076 
155.000 -0.076 
156.000 -0.076 
157.000 -0.076 
158.000 -0.076 
159.000 -0.076 
160.000 -0.076 
161.000 -0.076 
162.000 -0.076 
163.000 -0.076 
164.000 -0.076 
165.000 -0.076 
166.000 -0.076 
167.000 -0.076 
168.000 -0.076 
169.000 -0.076 
170.000 -0.076 
171.000 -0.076 
172.000 -0.076 
173.000 -0.076 
174.000 -0.076 
175.000 -0.076 
176.000 -0.076 
177.000 -0.076 
178.000 -0.076 
179.000 -0.077 
180.000 -0.077 
181.000 -0.077 
182.000 -0.077 
183.000 -0.077 
184.000 -0.077 
185.000 -0.077 
186.000 -0.077 
187.000 -0.077 
188.000 -0.077 
189.000 -0.077 
190.000 -0.077 
191.000 -0.077 
192.000 -0.077 
193.000 -0.077 
194.000 -0.077 
195.000 -0.077 
196.000 -0.077 
197.000 -0.077 
198.000 -0.077 
199.000 -0.077 
200.000 -0.077 
201.000 -0.077 
202.000 -0.077 
203.000 -0.077 
204.000 -0.077 
205.000 -0.077 
206.000 -0.077 
207.000 -0.077 
208.000 -0.077 
209.000 -0.077 
210.000 -0.077 
211.000 -0.077 
212.000 -0.077 
213.000 -0.077 
214.000 -0.077 
215.000 -0.077 
216.000 -0.077 
217.000 -0.077 
218.000 -0.077 
219.000 -0.077 
220.000 -0.077 
221.000 -0.077 
222.000 -0.077 
223.000 -0.077 
224.000 -0.077 
225.000 -0.077 
226.000 -0.077 
227.000 -0.077 
228.000 -0.077 
229.000 -0.077 
230.000 -0.077 
231.000 -0.077 
232.000 -0.077 
233.000 -0.077 
234.000 -0.077 
235.000 -0.077 
236.000 -0.077 
237.000 -0.077 
238.000 -0.077 
239.000 -0.077 
240.000 -0.077 
241.000 -0.077 
242.000 -0.077 
243.000 -0.077 
244.000 -0.077 
245.000 -0.077 
246.000 -0.077 
247.000 -0.073 
248.000 -0.068 
249.000 -0.062 
250.000 -0.057 
251.000 -0.053 
252.000 -0.051 
253.000 -0.051 
254.000 -0.051 
255.000 -0.052 
256.000 -0.052 
257.000 -0.051 
258.000 -0.050 
259.000 -0.048 
260.000 -0.045 
261.000 -0.042 
262.000 -0.038 
263.000 -0.035 
264.000 -0.032 
265.000 -0.029 
266.000 -0.027 
267.000 -0.024 
268.000 -0.022 
269.000 -0.020 
270.000 -0.018 
271.000 -0.016 
272.000 -0.013 
273.000 -0.010 
274.000 -0.007 
275.000 -0.004 
276.000 -0.001 
277.000 0.003 
278.000 0.006 
279.000 0.009 
280.000 0.012 
281.000 0.015 
282.000 0.018 
283.000 0.021 
284.000 0.025 
285.000 0.028 
286.000 0.031 
287.000 0.034 
288.000 0.038 
289.000 0.041 
290.000 0.045 
291.000 0.048 
292.000 0.052 
293.000 0.055 
294.000 0.058 
295.000 0.062 
296.000 0.065 
297.000 0.069 
298.000 0.072 
299.000 0.076 
300.000 0.079 
301.000 0.082 
302.000 0.086 
303.000 0.089 
304.000 0.093 
305.000 0.096 
306.000 0.099 
307.000 0.103 
308.000 0.106 
309.000 0.109 
310.000 0.112 
311.000 0.116 
312.000 0.119 
313.000 0.122 
314.000 0.125 
315.000 0.128 
316.000 0.131 
317.000 0.134 
318.000 0.137 
319.000 0.140 
320.000 0.143 
321.000 0.146 
322.000 0.149 
323.000 0.151 
324.000 0.154 
325.000 0.157 
326.000 0.159 
327.000 0.162 
328.000 0.165 
329.000 0.167 
330.000 0.170 
331.000 0.172 
332.000 0.174 
333.000 0.177 
334.000 0.179 
335.000 0.181 
336.000 0.183 
337.000 0.185 
338.000 0.187 
339.000 0.189 
340.000 0.191 
341.000 0.193 
342.000 0.195 
343.000 0.197 
344.000 0.199 
345.000 0.201 
346.000 0.202 
347.000 0.204 
348.000 0.206 
349.000 0.207 
350.000 0.209 
351.000 0.210 
352.000 0.212 
353.000 0.213 
354.000 0.215 
355.000 0.216 
356.000 0.217 
357.000 0.219 
358.000 0.220 
359.000 0.221 
360.000 0.222 
361.000 0.223 
362.000 0.225 
363.000 0.226 
364.000 0.227 
365.000 0.228 
366.000 0.242 
367.000 0.279 
368.000 0.334 
369.000 0.400 
370.000 0.468 
371.000 0.530 
372.000 0.578 
373.000 0.608 
374.000 0.621 
375.000 0.617 
376.000 0.603 
377.000 0.583 
378.000 0.565 
379.000 0.551 
380.000 0.547 
381.000 0.554 
382.000 0.571 
383.000 0.597 
384.000 0.631 
385.000 0.667 
386.000 0.704 
387.000 0.738 
388.000 0.765 
389.000 0.784 
390.000 0.795 
391.000 0.798 
392.000 0.795 
393.000 0.788 
394.000 0.779 
395.000 0.772 
396.000 0.767 
397.000 0.767 
398.000 0.771 
399.000 0.780 
400.000 0.792 
401.000 0.807 
402.000 0.823 
403.000 0.838 
404.000 0.851 
405.000 0.862 
406.000 0.868 
407.000 0.871 
408.000 0.871 
409.000 0.868 
410.000 0.864 
411.000 0.859 
412.000 0.855 
413.000 0.852 
414.000 0.852 
415.000 0.853 
416.000 0.857 
417.000 0.862 
418.000 0.868 
419.000 0.874 
420.000 0.880 
421.000 0.886 
422.000 0.889 
423.000 0.892 
424.000 0.892 
425.000 0.892 
426.000 0.890 
427.000 0.887 
428.000 0.885 
429.000 0.883 
430.000 0.881 
431.000 0.881 
432.000 0.881 
433.000 0.882 
434.000 0.885 
435.000 0.887 
436.000 0.890 
437.000 0.892 
438.000 0.894 
439.000 0.896 
440.000 0.897 
441.000 0.897 
442.000 0.896 
443.000 0.895 
444.000 0.894 
445.000 0.893 
446.000 0.892 
447.000 0.891 
448.000 0.890 
449.000 0.891 
450.000 0.891 
451.000 0.892 
452.000 0.893 
453.000 0.894 
454.000 0.895 
455.000 0.896 
456.000 0.897 
457.000 0.897 
458.000 0.897 
459.000 0.897 
460.000 0.896 
461.000 0.895 
462.000 0.895 
463.000 0.894 
464.000 0.894 
465.000 0.894 
466.000 0.894 
467.000 0.894 
468.000 0.895 
469.000 0.895 
470.000 0.896 
471.000 0.896 
472.000 0.896 
473.000 0.897 
474.000 0.897 
475.000 0.897 
476.000 0.896 
477.000 0.896 
478.000 0.896 
479.000 0.896 
480.000 0.895 
481.000 0.895 
482.000 0.895 
483.000 0.895 
484.000 0.895 
485.000 0.895 
486.000 0.967 
487.000 1.152 
488.000 1.443 
489.000 1.802 
490.000 2.197 
491.000 2.603 
492.000 3.002 
493.000 3.380 
494.000 3.730 
495.000 4.024 
496.000 4.226 
497.000 4.316 
498.000 4.292 
499.000 4.169 
500.000 3.974 
501.000 3.737 
502.000 3.492 
503.000 3.270 
504.000 3.091 
505.000 2.972 
506.000 2.921 
507.000 2.937 
508.000 3.016 
509.000 3.147 
510.000 3.316 
511.000 3.506 
512.000 3.698 
513.000 3.873 
514.000 4.017 
515.000 4.115 
516.000 4.160 
517.000 4.149 
518.000 4.085 
519.000 3.977 
520.000 3.840 
521.000 3.688 
522.000 3.537 
523.000 3.403 
524.000 3.298 
525.000 3.228 
526.000 3.197 
527.000 3.207 
528.000 3.253 
529.000 3.328 
530.000 3.424 
531.000 3.531 
532.000 3.637 
533.000 3.733 
534.000 3.810 
535.000 3.861 
536.000 3.882 
537.000 3.873 
538.000 3.836 
539.000 3.776 
540.000 3.701 
541.000 3.619 
542.000 3.538 
543.000 3.467 
544.000 3.412 
545.000 3.376 
546.000 3.363 
547.000 3.371 
548.000 3.399 
549.000 3.443 
550.000 3.497 
551.000 3.556 
552.000 3.615 
553.000 3.666 
554.000 3.707 
555.000 3.732 
556.000 3.741 
557.000 3.734 
558.000 3.712 
559.000 3.678 
560.000 3.636 
561.000 3.591 
562.000 3.548 
563.000 3.510 
564.000 3.481 
565.000 3.463 
566.000 3.458 
567.000 3.464 
568.000 3.481 
569.000 3.506 
570.000 3.536 
571.000 3.569 
572.000 3.601 
573.000 3.628 
574.000 3.649 
575.000 3.662 
576.000 3.666 
577.000 3.660 
578.000 3.647 
579.000 3.628 
580.000 3.605 
581.000 3.581 
582.000 3.557 
583.000 3.537 
584.000 3.522 
585.000 3.513 
586.000 3.511 
587.000 3.515 
588.000 3.525 
589.000 3.540 
590.000 3.557 
591.000 3.575 
592.000 3.592 
593.000 3.606 
594.000 3.617 
595.000 3.623 
596.000 3.625 
597.000 3.621 
598.000 3.614 
599.000 3.603 
600.000 3.590 
601.000 3.576 
602.000 3.564 
603.000 3.553 
604.000 3.545 
605.000 3.541 
606.000 3.594 
607.000 3.706 
608.000 3.856 
609.000 4.026 
610.000 4.205 
611.000 4.383 
612.000 4.554 
613.000 4.714 
614.000 4.860 
615.000 4.990 
616.000 5.105 
617.000 5.204 
618.000 5.289 
619.000 5.361 
620.000 5.420 
621.000 5.468 
622.000 5.507 
623.000 5.538 
624.000 5.562 
625.000 5.580 
626.000 5.594 
627.000 5.603 
628.000 5.609 
629.000 5.613 
630.000 5.616 
631.000 5.616 
632.000 5.616 
633.000 5.615 
634.000 5.613 
635.000 5.612 
636.000 5.610 
637.000 5.608 
638.000 5.606 
639.000 5.604 
640.000 5.603 
641.000 5.601 
642.000 5.600 
643.000 5.599 
644.000 5.598 
645.000 5.597 
646.000 5.596 
647.000 5.596 
648.000 5.595 
649.000 5.595 
650.000 5.595 
651.000 5.594 
652.000 5.594 
653.000 5.594 
654.000 5.594 
655.000 5.594 
656.000 5.594 
657.000 5.594 
658.000 5.594 
659.000 5.594 
660.000 5.594 
661.000 5.594 
662.000 5.594 
663.000 5.594 
664.000 5.594 
665.000 5.594 
666.000 5.594 
667.000 5.594 
668.000 5.594 
669.000 5.594 
670.000 5.594 
671.000 5.594 
672.000 5.594 
673.000 5.594 
674.000 5.594 
675.000 5.594 
676.000 5.594 
677.000 5.594 
678.000 5.594 
679.000 5.594 
680.000 5.594 
681.000 5.594 
682.000 5.594 
683.000 5.594 
684.000 5.594 
685.000 5.594 
686.000 5.594 
687.000 5.594 
688.000 5.594 
689.000 5.594 
690.000 5.594 
691.000 5.594 
692.000 5.594 
693.000 5.594 
694.000 5.594 
695.000 5.594 
696.000 5.594 
697.000 5.594 
698.000 5.594 
699.000 5.594 
700.000 5.594 
701.000 5.594 
702.000 5.594 
703.000 5.594 
704.000 5.594 
705.000 5.594 
706.000 5.594 
707.000 5.594 
708.000 5.594 
709.000 5.594 
710.000 5.594 
711.000 5.594 
712.000 5.594 
713.000 5.594 
714.000 5.594 
715.000 5.594 
716.000 5.594 
717.000 5.594 
718.000 5.594 
719.000 5.594 
720.000 5.594 
721.000 5.594 
722.000 5.594 
723.000 5.594 
724.000 5.594 
725.000 5.594 
726.000 5.594 
727.000 5.594 
728.000 5.594 
729.000 5.594 
730.000 5.594 
731.000 5.594 
732.000 5.594 
733.000 5.594 
734.000 5.594 
735.000 5.594 
736.000 5.594 
737.000 5.594 
738.000 5.594 
739.000 5.594 
740.000 5.594 
741.000 5.594 
742.000 5.594 
743.000 5.594 
744.000 5.594 
745.000 5.594 
746.000 5.594 
747.000 5.594 
748.000 5.594 
749.000 5.594 
750.000 5.594 
751.000 5.594 
752.000 5.594 
753.000 5.594 
754.000 5.594 
755.000 5.594 
756.000 5.594 
757.000 5.594 
758.000 5.594 
759.000 5.594 
760.000 5.594 
761.000 5.594 
762.000 5.594 
763.000 5.594 
764.000 5.594 
765.000 5.594 
766.000 5.594 
767.000 5.594 
768.000 5.594 
769.000 5.594 
770.000 5.594 
771.000 5.594 
772.000 5.594 
773.000 5.594 
774.000 5.594 
775.000 5.594 
776.000 5.594 
777.000 5.594 
778.000 5.594 
779.000 5.594 
780.000 5.594 
781.000 5.594 
782.000 5.594 
783.000 5.594 
784.000 5.594 
785.000 5.594 
786.000 5.594 
787.000 5.594 
788.000 5.594 
789.000 5.594 
790.000 5.594 
791.000 5.594 
792.000 5.594 
793.000 5.594 
794.000 5.594 
795.000 5.594 
796.000 5.594 
797.000 5.594 
798.000 5.594 
799.000 5.594 
800.000 5.594 
