1.000 0.000 
2.000 0.000 
3.000 0.000 
4.000 0.000 
5.000 0.000 
6.000 0.000 
7.000 0.000 
8.000 0.000 
9.000 0.000 
10.000 0.000 
11.000 0.000 
12.000 -0.001 
13.000 -0.002 
14.000 -0.005 
15.000 -0.008 
16.000 -0.011 
17.000 -0.013 
18.000 -0.015 
19.000 -0.017 
20.000 -0.018 
21.000 -0.018 
22.000 -0.019 
23.000 -0.019 
24.000 -0.020 
25.000 -0.020 
26.000 -0.021 
27.000 -0.021 
28.000 -0.022 
29.000 -0.023 
30.000 -0.024 
31.000 -0.025 
32.000 -0.026 
33.000 -0.027 
34.000 -0.028 
35.000 -0.029 
36.000 -0.030 
37.000 -0.031 
38.000 -0.031 
39.000 -0.032 
40.000 -0.033 
41.000 -0.034 
42.000 -0.034 
43.000 -0.035 
44.000 -0.036 
45.000 -0.036 
46.000 -0.037 
47.000 -0.038 
48.000 -0.038 
49.000 -0.039 
50.000 -0.040 
51.000 -0.040 
52.000 -0.041 
53.000 -0.042 
54.000 -0.042 
55.000 -0.043 
56.000 -0.043 
57.000 -0.044 
58.000 -0.045 
59.000 -0.045 
60.000 -0.046 
61.000 -0.046 
62.000 -0.047 
63.000 -0.047 
64.000 -0.048 
65.000 -0.048 
66.000 -0.049 
67.000 -0.049 
68.000 -0.050 
69.000 -0.050 
70.000 -0.051 
71.000 -0.051 
72.000 -0.052 
73.000 -0.052 
74.000 -0.053 
75.000 -0.053 
76.000 -0.054 
77.000 -0.054 
78.000 -0.055 
79.000 -0.055 
80.000 -0.056 
81.000 -0.056 
82.000 -0.056 
83.000 -0.057 
84.000 -0.057 
85.000 -0.058 
86.000 -0.058 
87.000 -0.058 
88.000 -0.059 
89.000 -0.059 
90.000 -0.060 
91.000 -0.060 
92.000 -0.060 
93.000 -0.061 
94.000 -0.061 
95.000 -0.061 
96.000 -0.062 
97.000 -0.062 
98.000 -0.063 
99.000 -0.063 
100.000 -0.063 
101.000 -0.064 
102.000 -0.064 
103.000 -0.064 
104.000 -0.065 
105.000 -0.065 
106.000 -0.065 
107.000 -0.066 
108.000 -0.066 
109.000 -0.066 
110.000 -0.066 
111.000 -0.067 
112.000 -0.067 
113.000 -0.067 
114.000 -0.068 
115.000 -0.068 
116.000 -0.068 
117.000 -0.069 
118.000 -0.069 
119.000 -0.069 
120.000 -0.069 
121.000 -0.070 
122.000 -0.070 
123.000 -0.070 
124.000 -0.071 
125.000 -0.071 
126.000 -0.071 
127.000 -0.071 
128.000 -0.071 
129.000 -0.070 
130.000 -0.070 
131.000 -0.070 
132.000 -0.070 
133.000 -0.070 
134.000 -0.070 
135.000 -0.070 
136.000 -0.070 
137.000 -0.070 
138.000 -0.070 
139.000 -0.071 
140.000 -0.071 
141.000 -0.071 
142.000 -0.071 
143.000 -0.071 
144.000 -0.071 
145.000 -0.071 
146.000 -0.071 
147.000 -0.071 
148.000 -0.071 
149.000 -0.071 
150.000 -0.071 
151.000 -0.071 
152.000 -0.071 
153.000 -0.071 
154.000 -0.071 
155.000 -0.071 
156.000 -0.071 
157.000 -0.071 
158.000 -0.071 
159.000 -0.071 
160.000 -0.071 
161.000 -0.071 
162.000 -0.071 
163.000 -0.071 
164.000 -0.071 
165.000 -0.071 
166.000 -0.071 
167.000 -0.072 
168.000 -0.072 
169.000 -0.072 
170.000 -0.072 
171.000 -0.072 
172.000 -0.072 
173.000 -0.072 
174.000 -0.072 
175.000 -0.072 
176.000 -0.072 
177.000 -0.072 
178.000 -0.072 
179.000 -0.072 
180.000 -0.072 
181.000 -0.072 
182.000 -0.072 
183.000 -0.072 
184.000 -0.072 
185.000 -0.072 
186.000 -0.072 
187.000 -0.072 
188.000 -0.072 
189.000 -0.072 
190.000 -0.072 
191.000 -0.072 
192.000 -0.072 
193.000 -0.072 
194.000 -0.072 
195.000 -0.072 
196.000 -0.072 
197.000 -0.072 
198.000 -0.072 
199.000 -0.072 
200.000 -0.073 
201.000 -0.073 
202.000 -0.073 
203.000 -0.073 
204.000 -0.073 
205.000 -0.073 
206.000 -0.073 
207.000 -0.073 
208.000 -0.073 
209.000 -0.073 
210.000 -0.073 
211.000 -0.073 
212.000 -0.073 
213.000 -0.073 
214.000 -0.073 
215.000 -0.073 
216.000 -0.073 
217.000 -0.073 
218.000 -0.073 
219.000 -0.073 
220.000 -0.073 
221.000 -0.073 
222.000 -0.073 
223.000 -0.073 
224.000 -0.073 
225.000 -0.073 
226.000 -0.073 
227.000 -0.073 
228.000 -0.073 
229.000 -0.073 
230.000 -0.073 
231.000 -0.073 
232.000 -0.073 
233.000 -0.073 
234.000 -0.073 
235.000 -0.073 
236.000 -0.073 
237.000 -0.073 
238.000 -0.074 
239.000 -0.074 
240.000 -0.074 
241.000 -0.074 
242.000 -0.074 
243.000 -0.074 
244.000 -0.074 
245.000 -0.074 
246.000 -0.073 
247.000 -0.071 
248.000 -0.069 
249.000 -0.065 
250.000 -0.062 
251.000 -0.058 
252.000 -0.056 
253.000 -0.054 
254.000 -0.052 
255.000 -0.051 
256.000 -0.050 
257.000 -0.050 
258.000 -0.049 
259.000 -0.048 
260.000 -0.046 
261.000 -0.045 
262.000 -0.043 
263.000 -0.041 
264.000 -0.039 
265.000 -0.037 
266.000 -0.035 
267.000 -0.032 
268.000 -0.030 
269.000 -0.028 
270.000 -0.026 
271.000 -0.023 
272.000 -0.021 
273.000 -0.019 
274.000 -0.017 
275.000 -0.015 
276.000 -0.012 
277.000 -0.010 
278.000 -0.008 
279.000 -0.005 
280.000 -0.003 
281.000 -0.000 
282.000 0.002 
283.000 0.005 
284.000 0.008 
285.000 0.010 
286.000 0.013 
287.000 0.016 
288.000 0.018 
289.000 0.021 
290.000 0.024 
291.000 0.026 
292.000 0.029 
293.000 0.032 
294.000 0.035 
295.000 0.038 
296.000 0.040 
297.000 0.043 
298.000 0.046 
299.000 0.049 
300.000 0.052 
301.000 0.055 
302.000 0.058 
303.000 0.061 
304.000 0.063 
305.000 0.066 
306.000 0.069 
307.000 0.072 
308.000 0.075 
309.000 0.078 
310.000 0.081 
311.000 0.084 
312.000 0.087 
313.000 0.090 
314.000 0.092 
315.000 0.095 
316.000 0.098 
317.000 0.101 
318.000 0.104 
319.000 0.106 
320.000 0.109 
321.000 0.112 
322.000 0.115 
323.000 0.117 
324.000 0.120 
325.000 0.123 
326.000 0.125 
327.000 0.128 
328.000 0.131 
329.000 0.133 
330.000 0.136 
331.000 0.138 
332.000 0.141 
333.000 0.143 
334.000 0.145 
335.000 0.148 
336.000 0.150 
337.000 0.153 
338.000 0.155 
339.000 0.157 
340.000 0.159 
341.000 0.162 
342.000 0.164 
343.000 0.166 
344.000 0.168 
345.000 0.170 
346.000 0.172 
347.000 0.174 
348.000 0.176 
349.000 0.178 
350.000 0.180 
351.000 0.182 
352.000 0.183 
353.000 0.185 
354.000 0.187 
355.000 0.189 
356.000 0.190 
357.000 0.192 
358.000 0.194 
359.000 0.195 
360.000 0.197 
361.000 0.198 
362.000 0.200 
363.000 0.201 
364.000 0.203 
365.000 0.204 
366.000 0.212 
367.000 0.231 
368.000 0.260 
369.000 0.297 
370.000 0.339 
371.000 0.381 
372.000 0.422 
373.000 0.457 
374.000 0.486 
375.000 0.508 
376.000 0.523 
377.000 0.532 
378.000 0.537 
379.000 0.539 
380.000 0.541 
381.000 0.543 
382.000 0.547 
383.000 0.555 
384.000 0.565 
385.000 0.578 
386.000 0.594 
387.000 0.612 
388.000 0.631 
389.000 0.651 
390.000 0.670 
391.000 0.689 
392.000 0.705 
393.000 0.720 
394.000 0.732 
395.000 0.742 
396.000 0.750 
397.000 0.756 
398.000 0.761 
399.000 0.766 
400.000 0.770 
401.000 0.773 
402.000 0.778 
403.000 0.782 
404.000 0.787 
405.000 0.793 
406.000 0.799 
407.000 0.806 
408.000 0.812 
409.000 0.819 
410.000 0.825 
411.000 0.831 
412.000 0.836 
413.000 0.841 
414.000 0.845 
415.000 0.849 
416.000 0.851 
417.000 0.854 
418.000 0.856 
419.000 0.857 
420.000 0.859 
421.000 0.860 
422.000 0.862 
423.000 0.863 
424.000 0.865 
425.000 0.866 
426.000 0.868 
427.000 0.870 
428.000 0.872 
429.000 0.874 
430.000 0.876 
431.000 0.878 
432.000 0.879 
433.000 0.880 
434.000 0.882 
435.000 0.883 
436.000 0.883 
437.000 0.884 
438.000 0.885 
439.000 0.885 
440.000 0.886 
441.000 0.886 
442.000 0.887 
443.000 0.887 
444.000 0.887 
445.000 0.888 
446.000 0.888 
447.000 0.889 
448.000 0.889 
449.000 0.890 
450.000 0.890 
451.000 0.891 
452.000 0.891 
453.000 0.892 
454.000 0.892 
455.000 0.892 
456.000 0.893 
457.000 0.893 
458.000 0.893 
459.000 0.893 
460.000 0.893 
461.000 0.893 
462.000 0.893 
463.000 0.894 
464.000 0.894 
465.000 0.894 
466.000 0.894 
467.000 0.894 
468.000 0.894 
469.000 0.894 
470.000 0.894 
471.000 0.895 
472.000 0.895 
473.000 0.895 
474.000 0.895 
475.000 0.895 
476.000 0.895 
477.000 0.895 
478.000 0.895 
479.000 0.895 
480.000 0.895 
481.000 0.895 
482.000 0.895 
483.000 0.895 
484.000 0.895 
485.000 0.895 
486.000 0.934 
487.000 1.037 
488.000 1.209 
489.000 1.443 
490.000 1.729 
491.000 2.049 
492.000 2.386 
493.000 2.722 
494.000 3.040 
495.000 3.324 
496.000 3.563 
497.000 3.748 
498.000 3.874 
499.000 3.940 
500.000 3.951 
501.000 3.912 
502.000 3.834 
503.000 3.728 
504.000 3.606 
505.000 3.481 
506.000 3.364 
507.000 3.263 
508.000 3.186 
509.000 3.135 
510.000 3.113 
511.000 3.120 
512.000 3.153 
513.000 3.209 
514.000 3.282 
515.000 3.367 
516.000 3.459 
517.000 3.550 
518.000 3.637 
519.000 3.712 
520.000 3.773 
521.000 3.818 
522.000 3.843 
523.000 3.849 
524.000 3.838 
525.000 3.810 
526.000 3.770 
527.000 3.720 
528.000 3.666 
529.000 3.610 
530.000 3.557 
531.000 3.510 
532.000 3.471 
533.000 3.442 
534.000 3.425 
535.000 3.419 
536.000 3.424 
537.000 3.438 
538.000 3.460 
539.000 3.488 
540.000 3.519 
541.000 3.552 
542.000 3.584 
543.000 3.613 
544.000 3.637 
545.000 3.656 
546.000 3.668 
547.000 3.673 
548.000 3.672 
549.000 3.664 
550.000 3.652 
551.000 3.635 
552.000 3.616 
553.000 3.596 
554.000 3.577 
555.000 3.559 
556.000 3.543 
557.000 3.531 
558.000 3.523 
559.000 3.519 
560.000 3.519 
561.000 3.523 
562.000 3.529 
563.000 3.539 
564.000 3.550 
565.000 3.561 
566.000 3.573 
567.000 3.584 
568.000 3.594 
569.000 3.602 
570.000 3.607 
571.000 3.610 
572.000 3.611 
573.000 3.609 
574.000 3.605 
575.000 3.600 
576.000 3.594 
577.000 3.587 
578.000 3.579 
579.000 3.573 
580.000 3.567 
581.000 3.562 
582.000 3.558 
583.000 3.556 
584.000 3.555 
585.000 3.556 
586.000 3.558 
587.000 3.561 
588.000 3.565 
589.000 3.569 
590.000 3.573 
591.000 3.577 
592.000 3.581 
593.000 3.584 
594.000 3.586 
595.000 3.588 
596.000 3.589 
597.000 3.588 
598.000 3.587 
599.000 3.586 
600.000 3.583 
601.000 3.581 
602.000 3.578 
603.000 3.576 
604.000 3.574 
605.000 3.572 
606.000 3.605 
607.000 3.694 
608.000 3.828 
609.000 3.989 
610.000 4.162 
611.000 4.337 
612.000 4.508 
613.000 4.670 
614.000 4.819 
615.000 4.953 
616.000 5.071 
617.000 5.175 
618.000 5.264 
619.000 5.339 
620.000 5.402 
621.000 5.453 
622.000 5.495 
623.000 5.528 
624.000 5.554 
625.000 5.574 
626.000 5.589 
627.000 5.600 
628.000 5.607 
629.000 5.612 
630.000 5.614 
631.000 5.616 
632.000 5.616 
633.000 5.615 
634.000 5.614 
635.000 5.612 
636.000 5.610 
637.000 5.608 
638.000 5.606 
639.000 5.605 
640.000 5.603 
641.000 5.601 
642.000 5.600 
643.000 5.599 
644.000 5.598 
645.000 5.597 
646.000 5.596 
647.000 5.596 
648.000 5.595 
649.000 5.595 
650.000 5.595 
651.000 5.594 
652.000 5.594 
653.000 5.594 
654.000 5.594 
655.000 5.594 
656.000 5.594 
657.000 5.594 
658.000 5.594 
659.000 5.594 
660.000 5.594 
661.000 5.594 
662.000 5.594 
663.000 5.594 
664.000 5.594 
665.000 5.594 
666.000 5.594 
667.000 5.594 
668.000 5.594 
669.000 5.594 
670.000 5.594 
671.000 5.594 
672.000 5.594 
673.000 5.594 
674.000 5.594 
675.000 5.594 
676.000 5.594 
677.000 5.594 
678.000 5.594 
679.000 5.594 
680.000 5.594 
681.000 5.594 
682.000 5.594 
683.000 5.594 
684.000 5.594 
685.000 5.594 
686.000 5.594 
687.000 5.594 
688.000 5.594 
689.000 5.594 
690.000 5.594 
691.000 5.594 
692.000 5.594 
693.000 5.594 
694.000 5.594 
695.000 5.594 
696.000 5.594 
697.000 5.594 
698.000 5.594 
699.000 5.594 
700.000 5.594 
701.000 5.594 
702.000 5.594 
703.000 5.594 
704.000 5.594 
705.000 5.594 
706.000 5.594 
707.000 5.594 
708.000 5.594 
709.000 5.594 
710.000 5.594 
711.000 5.594 
712.000 5.594 
713.000 5.594 
714.000 5.594 
715.000 5.594 
716.000 5.594 
717.000 5.594 
718.000 5.594 
719.000 5.594 
720.000 5.594 
721.000 5.594 
722.000 5.594 
723.000 5.594 
724.000 5.594 
725.000 5.594 
726.000 5.594 
727.000 5.594 
728.000 5.594 
729.000 5.594 
730.000 5.594 
731.000 5.594 
732.000 5.594 
733.000 5.594 
734.000 5.594 
735.000 5.594 
736.000 5.594 
737.000 5.594 
738.000 5.594 
739.000 5.594 
740.000 5.594 
741.000 5.594 
742.000 5.594 
743.000 5.594 
744.000 5.594 
745.000 5.594 
746.000 5.594 
747.000 5.594 
748.000 5.594 
749.000 5.594 
750.000 5.594 
751.000 5.594 
752.000 5.594 
753.000 5.594 
754.000 5.594 
755.000 5.594 
756.000 5.594 
757.000 5.594 
758.000 5.594 
759.000 5.594 
760.000 5.594 
761.000 5.594 
762.000 5.594 
763.000 5.594 
764.000 5.594 
765.000 5.594 
766.000 5.594 
767.000 5.594 
768.000 5.594 
769.000 5.594 
770.000 5.594 
771.000 5.594 
772.000 5.594 
773.000 5.594 
774.000 5.594 
775.000 5.594 
776.000 5.594 
777.000 5.594 
778.000 5.594 
779.000 5.594 
780.000 5.594 
781.000 5.594 
782.000 5.594 
783.000 5.594 
784.000 5.594 
785.000 5.594 
786.000 5.594 
787.000 5.594 
788.000 5.594 
789.000 5.594 
790.000 5.594 
791.000 5.594 
792.000 5.594 
793.000 5.594 
794.000 5.594 
795.000 5.594 
796.000 5.594 
797.000 5.594 
798.000 5.594 
799.000 5.594 
800.000 5.594 
