1.000 0.000 
2.000 0.000 
3.000 0.000 
4.000 0.000 
5.000 0.000 
6.000 0.000 
7.000 0.000 
8.000 0.000 
9.000 0.000 
10.000 0.000 
11.000 0.000 
12.000 -0.002 
13.000 -0.007 
14.000 -0.012 
15.000 -0.015 
16.000 -0.017 
17.000 -0.018 
18.000 -0.018 
19.000 -0.018 
20.000 -0.018 
21.000 -0.019 
22.000 -0.019 
23.000 -0.020 
24.000 -0.022 
25.000 -0.023 
26.000 -0.024 
27.000 -0.025 
28.000 -0.027 
29.000 -0.028 
30.000 -0.028 
31.000 -0.029 
32.000 -0.030 
33.000 -0.031 
34.000 -0.032 
35.000 -0.033 
36.000 -0.033 
37.000 -0.034 
38.000 -0.035 
39.000 -0.036 
40.000 -0.037 
41.000 -0.038 
42.000 -0.038 
43.000 -0.039 
44.000 -0.040 
45.000 -0.040 
46.000 -0.041 
47.000 -0.042 
48.000 -0.043 
49.000 -0.043 
50.000 -0.044 
51.000 -0.045 
52.000 -0.045 
53.000 -0.046 
54.000 -0.046 
55.000 -0.047 
56.000 -0.048 
57.000 -0.048 
58.000 -0.049 
59.000 -0.049 
60.000 -0.050 
61.000 -0.051 
62.000 -0.051 
63.000 -0.052 
64.000 -0.052 
65.000 -0.053 
66.000 -0.053 
67.000 -0.054 
68.000 -0.054 
69.000 -0.055 
70.000 -0.055 
71.000 -0.056 
72.000 -0.056 
73.000 -0.057 
74.000 -0.057 
75.000 -0.058 
76.000 -0.058 
77.000 -0.059 
78.000 -0.059 
79.000 -0.059 
80.000 -0.060 
81.000 -0.060 
82.000 -0.061 
83.000 -0.061 
84.000 -0.062 
85.000 -0.062 
86.000 -0.062 
87.000 -0.063 
88.000 -0.063 
89.000 -0.064 
90.000 -0.064 
91.000 -0.064 
92.000 -0.065 
93.000 -0.065 
94.000 -0.065 
95.000 -0.066 
96.000 -0.066 
97.000 -0.067 
98.000 -0.067 
99.000 -0.067 
100.000 -0.068 
101.000 -0.068 
102.000 -0.068 
103.000 -0.069 
104.000 -0.069 
105.000 -0.069 
106.000 -0.070 
107.000 -0.070 
108.000 -0.070 
109.000 -0.070 
110.000 -0.071 
111.000 -0.071 
112.000 -0.071 
113.000 -0.072 
114.000 -0.072 
115.000 -0.072 
116.000 -0.073 
117.000 -0.073 
118.000 -0.073 
119.000 -0.073 
120.000 -0.074 
121.000 -0.074 
122.000 -0.074 
123.000 -0.075 
124.000 -0.075 
125.000 -0.075 
126.000 -0.075 
127.000 -0.074 
128.000 -0.074 
129.000 -0.073 
130.000 -0.073 
131.000 -0.073 
132.000 -0.074 
133.000 -0.074 
134.000 -0.074 
135.000 -0.074 
136.000 -0.074 
137.000 -0.074 
138.000 -0.074 
139.000 -0.074 
140.000 -0.074 
141.000 -0.074 
142.000 -0.074 
143.000 -0.074 
144.000 -0.074 
145.000 -0.074 
146.000 -0.074 
147.000 -0.074 
148.000 -0.075 
149.000 -0.075 
150.000 -0.075 
151.000 -0.075 
152.000 -0.075 
153.000 -0.075 
154.000 -0.075 
155.000 -0.075 
156.000 -0.075 
157.000 -0.075 
158.000 -0.075 
159.000 -0.075 
160.000 -0.075 
161.000 -0.075 
162.000 -0.075 
163.000 -0.075 
164.000 -0.075 
165.000 -0.075 
166.000 -0.075 
167.000 -0.075 
168.000 -0.075 
169.000 -0.075 
170.000 -0.075 
171.000 -0.075 
172.000 -0.075 
173.000 -0.075 
174.000 -0.075 
175.000 -0.075 
176.000 -0.075 
177.000 -0.075 
178.000 -0.075 
179.000 -0.075 
180.000 -0.075 
181.000 -0.075 
182.000 -0.075 
183.000 -0.075 
184.000 -0.075 
185.000 -0.075 
186.000 -0.075 
187.000 -0.075 
188.000 -0.075 
189.000 -0.075 
190.000 -0.075 
191.000 -0.075 
192.000 -0.075 
193.000 -0.075 
194.000 -0.075 
195.000 -0.075 
196.000 -0.075 
197.000 -0.075 
198.000 -0.076 
199.000 -0.076 
200.000 -0.076 
201.000 -0.076 
202.000 -0.076 
203.000 -0.076 
204.000 -0.076 
205.000 -0.076 
206.000 -0.076 
207.000 -0.076 
208.000 -0.076 
209.000 -0.076 
210.000 -0.076 
211.000 -0.076 
212.000 -0.076 
213.000 -0.076 
214.000 -0.076 
215.000 -0.076 
216.000 -0.076 
217.000 -0.076 
218.000 -0.076 
219.000 -0.076 
220.000 -0.076 
221.000 -0.076 
222.000 -0.076 
223.000 -0.076 
224.000 -0.076 
225.000 -0.076 
226.000 -0.076 
227.000 -0.076 
228.000 -0.076 
229.000 -0.076 
230.000 -0.076 
231.000 -0.076 
232.000 -0.076 
233.000 -0.076 
234.000 -0.076 
235.000 -0.076 
236.000 -0.076 
237.000 -0.076 
238.000 -0.076 
239.000 -0.076 
240.000 -0.076 
241.000 -0.076 
242.000 -0.076 
243.000 -0.076 
244.000 -0.076 
245.000 -0.076 
246.000 -0.075 
247.000 -0.069 
248.000 -0.063 
249.000 -0.058 
250.000 -0.056 
251.000 -0.055 
252.000 -0.055 
253.000 -0.055 
254.000 -0.055 
255.000 -0.054 
256.000 -0.052 
257.000 -0.050 
258.000 -0.048 
259.000 -0.045 
260.000 -0.043 
261.000 -0.041 
262.000 -0.038 
263.000 -0.036 
264.000 -0.034 
265.000 -0.032 
266.000 -0.029 
267.000 -0.027 
268.000 -0.025 
269.000 -0.022 
270.000 -0.020 
271.000 -0.017 
272.000 -0.014 
273.000 -0.012 
274.000 -0.009 
275.000 -0.006 
276.000 -0.004 
277.000 -0.001 
278.000 0.002 
279.000 0.005 
280.000 0.008 
281.000 0.011 
282.000 0.014 
283.000 0.017 
284.000 0.020 
285.000 0.023 
286.000 0.026 
287.000 0.029 
288.000 0.032 
289.000 0.035 
290.000 0.039 
291.000 0.042 
292.000 0.045 
293.000 0.048 
294.000 0.052 
295.000 0.055 
296.000 0.058 
297.000 0.061 
298.000 0.065 
299.000 0.068 
300.000 0.071 
301.000 0.074 
302.000 0.078 
303.000 0.081 
304.000 0.084 
305.000 0.087 
306.000 0.090 
307.000 0.094 
308.000 0.097 
309.000 0.100 
310.000 0.103 
311.000 0.106 
312.000 0.109 
313.000 0.112 
314.000 0.115 
315.000 0.118 
316.000 0.121 
317.000 0.124 
318.000 0.127 
319.000 0.130 
320.000 0.133 
321.000 0.136 
322.000 0.139 
323.000 0.141 
324.000 0.144 
325.000 0.147 
326.000 0.150 
327.000 0.152 
328.000 0.155 
329.000 0.157 
330.000 0.160 
331.000 0.162 
332.000 0.165 
333.000 0.167 
334.000 0.169 
335.000 0.171 
336.000 0.174 
337.000 0.176 
338.000 0.178 
339.000 0.180 
340.000 0.182 
341.000 0.184 
342.000 0.186 
343.000 0.188 
344.000 0.190 
345.000 0.192 
346.000 0.194 
347.000 0.196 
348.000 0.197 
349.000 0.199 
350.000 0.201 
351.000 0.202 
352.000 0.204 
353.000 0.205 
354.000 0.207 
355.000 0.208 
356.000 0.210 
357.000 0.211 
358.000 0.213 
359.000 0.214 
360.000 0.215 
361.000 0.217 
362.000 0.218 
363.000 0.219 
364.000 0.220 
365.000 0.221 
366.000 0.248 
367.000 0.300 
368.000 0.361 
369.000 0.418 
370.000 0.466 
371.000 0.501 
372.000 0.522 
373.000 0.531 
374.000 0.532 
375.000 0.529 
376.000 0.527 
377.000 0.529 
378.000 0.535 
379.000 0.547 
380.000 0.564 
381.000 0.585 
382.000 0.607 
383.000 0.630 
384.000 0.652 
385.000 0.672 
386.000 0.689 
387.000 0.702 
388.000 0.713 
389.000 0.722 
390.000 0.729 
391.000 0.736 
392.000 0.742 
393.000 0.749 
394.000 0.756 
395.000 0.764 
396.000 0.772 
397.000 0.780 
398.000 0.789 
399.000 0.797 
400.000 0.804 
401.000 0.811 
402.000 0.817 
403.000 0.822 
404.000 0.827 
405.000 0.831 
406.000 0.835 
407.000 0.838 
408.000 0.841 
409.000 0.845 
410.000 0.848 
411.000 0.851 
412.000 0.854 
413.000 0.857 
414.000 0.859 
415.000 0.862 
416.000 0.865 
417.000 0.867 
418.000 0.869 
419.000 0.871 
420.000 0.872 
421.000 0.874 
422.000 0.875 
423.000 0.877 
424.000 0.878 
425.000 0.879 
426.000 0.880 
427.000 0.881 
428.000 0.882 
429.000 0.883 
430.000 0.884 
431.000 0.885 
432.000 0.886 
433.000 0.886 
434.000 0.887 
435.000 0.888 
436.000 0.888 
437.000 0.889 
438.000 0.889 
439.000 0.890 
440.000 0.890 
441.000 0.890 
442.000 0.891 
443.000 0.891 
444.000 0.891 
445.000 0.892 
446.000 0.892 
447.000 0.892 
448.000 0.893 
449.000 0.893 
450.000 0.893 
451.000 0.893 
452.000 0.893 
453.000 0.894 
454.000 0.894 
455.000 0.894 
456.000 0.894 
457.000 0.894 
458.000 0.894 
459.000 0.894 
460.000 0.895 
461.000 0.895 
462.000 0.895 
463.000 0.895 
464.000 0.895 
465.000 0.895 
466.000 0.895 
467.000 0.895 
468.000 0.895 
469.000 0.895 
470.000 0.895 
471.000 0.895 
472.000 0.895 
473.000 0.895 
474.000 0.895 
475.000 0.895 
476.000 0.896 
477.000 0.896 
478.000 0.896 
479.000 0.896 
480.000 0.896 
481.000 0.896 
482.000 0.896 
483.000 0.896 
484.000 0.896 
485.000 0.896 
486.000 1.011 
487.000 1.263 
488.000 1.602 
489.000 1.990 
490.000 2.394 
491.000 2.781 
492.000 3.122 
493.000 3.401 
494.000 3.608 
495.000 3.742 
496.000 3.810 
497.000 3.821 
498.000 3.789 
499.000 3.727 
500.000 3.651 
501.000 3.573 
502.000 3.504 
503.000 3.451 
504.000 3.418 
505.000 3.406 
506.000 3.413 
507.000 3.436 
508.000 3.472 
509.000 3.514 
510.000 3.557 
511.000 3.598 
512.000 3.633 
513.000 3.658 
514.000 3.674 
515.000 3.679 
516.000 3.675 
517.000 3.663 
518.000 3.646 
519.000 3.625 
520.000 3.604 
521.000 3.585 
522.000 3.568 
523.000 3.555 
524.000 3.547 
525.000 3.543 
526.000 3.544 
527.000 3.548 
528.000 3.554 
529.000 3.562 
530.000 3.570 
531.000 3.578 
532.000 3.584 
533.000 3.589 
534.000 3.592 
535.000 3.593 
536.000 3.592 
537.000 3.590 
538.000 3.586 
539.000 3.583 
540.000 3.579 
541.000 3.576 
542.000 3.573 
543.000 3.571 
544.000 3.570 
545.000 3.569 
546.000 3.570 
547.000 3.571 
548.000 3.572 
549.000 3.574 
550.000 3.575 
551.000 3.576 
552.000 3.578 
553.000 3.578 
554.000 3.579 
555.000 3.579 
556.000 3.579 
557.000 3.578 
558.000 3.578 
559.000 3.577 
560.000 3.576 
561.000 3.576 
562.000 3.575 
563.000 3.575 
564.000 3.575 
565.000 3.575 
566.000 3.575 
567.000 3.575 
568.000 3.575 
569.000 3.576 
570.000 3.576 
571.000 3.576 
572.000 3.576 
573.000 3.576 
574.000 3.577 
575.000 3.577 
576.000 3.576 
577.000 3.576 
578.000 3.576 
579.000 3.576 
580.000 3.576 
581.000 3.576 
582.000 3.576 
583.000 3.576 
584.000 3.576 
585.000 3.576 
586.000 3.576 
587.000 3.576 
588.000 3.576 
589.000 3.576 
590.000 3.576 
591.000 3.576 
592.000 3.576 
593.000 3.576 
594.000 3.576 
595.000 3.576 
596.000 3.576 
597.000 3.576 
598.000 3.576 
599.000 3.576 
600.000 3.576 
601.000 3.576 
602.000 3.576 
603.000 3.576 
604.000 3.576 
605.000 3.576 
606.000 3.631 
607.000 3.743 
608.000 3.891 
609.000 4.059 
610.000 4.235 
611.000 4.410 
612.000 4.578 
613.000 4.734 
614.000 4.877 
615.000 5.005 
616.000 5.117 
617.000 5.214 
618.000 5.297 
619.000 5.367 
620.000 5.425 
621.000 5.472 
622.000 5.510 
623.000 5.540 
624.000 5.563 
625.000 5.581 
626.000 5.594 
627.000 5.603 
628.000 5.609 
629.000 5.613 
630.000 5.615 
631.000 5.616 
632.000 5.615 
633.000 5.614 
634.000 5.613 
635.000 5.611 
636.000 5.609 
637.000 5.607 
638.000 5.606 
639.000 5.604 
640.000 5.602 
641.000 5.601 
642.000 5.600 
643.000 5.599 
644.000 5.598 
645.000 5.597 
646.000 5.596 
647.000 5.596 
648.000 5.595 
649.000 5.595 
650.000 5.595 
651.000 5.594 
652.000 5.594 
653.000 5.594 
654.000 5.594 
655.000 5.594 
656.000 5.594 
657.000 5.594 
658.000 5.594 
659.000 5.594 
660.000 5.594 
661.000 5.594 
662.000 5.594 
663.000 5.594 
664.000 5.594 
665.000 5.594 
666.000 5.594 
667.000 5.594 
668.000 5.594 
669.000 5.594 
670.000 5.594 
671.000 5.594 
672.000 5.594 
673.000 5.594 
674.000 5.594 
675.000 5.594 
676.000 5.594 
677.000 5.594 
678.000 5.594 
679.000 5.594 
680.000 5.594 
681.000 5.594 
682.000 5.594 
683.000 5.594 
684.000 5.594 
685.000 5.594 
686.000 5.594 
687.000 5.594 
688.000 5.594 
689.000 5.594 
690.000 5.594 
691.000 5.594 
692.000 5.594 
693.000 5.594 
694.000 5.594 
695.000 5.594 
696.000 5.594 
697.000 5.594 
698.000 5.594 
699.000 5.594 
700.000 5.594 
701.000 5.594 
702.000 5.594 
703.000 5.594 
704.000 5.594 
705.000 5.594 
706.000 5.594 
707.000 5.594 
708.000 5.594 
709.000 5.594 
710.000 5.594 
711.000 5.594 
712.000 5.594 
713.000 5.594 
714.000 5.594 
715.000 5.594 
716.000 5.594 
717.000 5.594 
718.000 5.594 
719.000 5.594 
720.000 5.594 
721.000 5.594 
722.000 5.594 
723.000 5.594 
724.000 5.594 
725.000 5.594 
726.000 5.594 
727.000 5.594 
728.000 5.594 
729.000 5.594 
730.000 5.594 
731.000 5.594 
732.000 5.594 
733.000 5.594 
734.000 5.594 
735.000 5.594 
736.000 5.594 
737.000 5.594 
738.000 5.594 
739.000 5.594 
740.000 5.594 
741.000 5.594 
742.000 5.594 
743.000 5.594 
744.000 5.594 
745.000 5.594 
746.000 5.594 
747.000 5.594 
748.000 5.594 
749.000 5.594 
750.000 5.594 
751.000 5.594 
752.000 5.594 
753.000 5.594 
754.000 5.594 
755.000 5.594 
756.000 5.594 
757.000 5.594 
758.000 5.594 
759.000 5.594 
760.000 5.594 
761.000 5.594 
762.000 5.594 
763.000 5.594 
764.000 5.594 
765.000 5.594 
766.000 5.594 
767.000 5.594 
768.000 5.594 
769.000 5.594 
770.000 5.594 
771.000 5.594 
772.000 5.594 
773.000 5.594 
774.000 5.594 
775.000 5.594 
776.000 5.594 
777.000 5.594 
778.000 5.594 
779.000 5.594 
780.000 5.594 
781.000 5.594 
782.000 5.594 
783.000 5.594 
784.000 5.594 
785.000 5.594 
786.000 5.594 
787.000 5.594 
788.000 5.594 
789.000 5.594 
790.000 5.594 
791.000 5.594 
792.000 5.594 
793.000 5.594 
794.000 5.594 
795.000 5.594 
796.000 5.594 
797.000 5.594 
798.000 5.594 
799.000 5.594 
800.000 5.594 
