1.000 0.000 
2.000 0.000 
3.000 0.000 
4.000 0.000 
5.000 0.000 
6.000 0.000 
7.000 0.000 
8.000 0.000 
9.000 0.000 
10.000 0.000 
11.000 0.000 
12.000 -0.002 
13.000 -0.007 
14.000 -0.013 
15.000 -0.018 
16.000 -0.021 
17.000 -0.023 
18.000 -0.023 
19.000 -0.022 
20.000 -0.021 
21.000 -0.020 
22.000 -0.020 
23.000 -0.021 
24.000 -0.023 
25.000 -0.025 
26.000 -0.027 
27.000 -0.029 
28.000 -0.030 
29.000 -0.031 
30.000 -0.032 
31.000 -0.033 
32.000 -0.033 
33.000 -0.034 
34.000 -0.035 
35.000 -0.035 
36.000 -0.036 
37.000 -0.037 
38.000 -0.038 
39.000 -0.039 
40.000 -0.040 
41.000 -0.041 
42.000 -0.042 
43.000 -0.043 
44.000 -0.043 
45.000 -0.044 
46.000 -0.045 
47.000 -0.045 
48.000 -0.046 
49.000 -0.047 
50.000 -0.047 
51.000 -0.048 
52.000 -0.049 
53.000 -0.050 
54.000 -0.050 
55.000 -0.051 
56.000 -0.051 
57.000 -0.052 
58.000 -0.053 
59.000 -0.053 
60.000 -0.054 
61.000 -0.054 
62.000 -0.055 
63.000 -0.055 
64.000 -0.056 
65.000 -0.057 
66.000 -0.057 
67.000 -0.058 
68.000 -0.058 
69.000 -0.059 
70.000 -0.059 
71.000 -0.060 
72.000 -0.060 
73.000 -0.061 
74.000 -0.061 
75.000 -0.061 
76.000 -0.062 
77.000 -0.062 
78.000 -0.063 
79.000 -0.063 
80.000 -0.064 
81.000 -0.064 
82.000 -0.065 
83.000 -0.065 
84.000 -0.065 
85.000 -0.066 
86.000 -0.066 
87.000 -0.067 
88.000 -0.067 
89.000 -0.067 
90.000 -0.068 
91.000 -0.068 
92.000 -0.069 
93.000 -0.069 
94.000 -0.069 
95.000 -0.070 
96.000 -0.070 
97.000 -0.070 
98.000 -0.071 
99.000 -0.071 
100.000 -0.071 
101.000 -0.072 
102.000 -0.072 
103.000 -0.072 
104.000 -0.073 
105.000 -0.073 
106.000 -0.073 
107.000 -0.074 
108.000 -0.074 
109.000 -0.074 
110.000 -0.075 
111.000 -0.075 
112.000 -0.075 
113.000 -0.075 
114.000 -0.076 
115.000 -0.076 
116.000 -0.076 
117.000 -0.077 
118.000 -0.077 
119.000 -0.077 
120.000 -0.077 
121.000 -0.078 
122.000 -0.078 
123.000 -0.078 
124.000 -0.078 
125.000 -0.079 
126.000 -0.079 
127.000 -0.078 
128.000 -0.077 
129.000 -0.077 
130.000 -0.076 
131.000 -0.076 
132.000 -0.077 
133.000 -0.077 
134.000 -0.078 
135.000 -0.078 
136.000 -0.078 
137.000 -0.078 
138.000 -0.078 
139.000 -0.078 
140.000 -0.078 
141.000 -0.078 
142.000 -0.078 
143.000 -0.078 
144.000 -0.078 
145.000 -0.078 
146.000 -0.078 
147.000 -0.078 
148.000 -0.078 
149.000 -0.078 
150.000 -0.078 
151.000 -0.078 
152.000 -0.078 
153.000 -0.078 
154.000 -0.078 
155.000 -0.078 
156.000 -0.078 
157.000 -0.078 
158.000 -0.078 
159.000 -0.078 
160.000 -0.078 
161.000 -0.078 
162.000 -0.078 
163.000 -0.078 
164.000 -0.078 
165.000 -0.078 
166.000 -0.078 
167.000 -0.078 
168.000 -0.078 
169.000 -0.078 
170.000 -0.078 
171.000 -0.078 
172.000 -0.078 
173.000 -0.078 
174.000 -0.078 
175.000 -0.078 
176.000 -0.078 
177.000 -0.078 
178.000 -0.078 
179.000 -0.078 
180.000 -0.078 
181.000 -0.078 
182.000 -0.078 
183.000 -0.078 
184.000 -0.078 
185.000 -0.078 
186.000 -0.078 
187.000 -0.078 
188.000 -0.078 
189.000 -0.078 
190.000 -0.078 
191.000 -0.078 
192.000 -0.078 
193.000 -0.078 
194.000 -0.078 
195.000 -0.078 
196.000 -0.078 
197.000 -0.078 
198.000 -0.078 
199.000 -0.078 
200.000 -0.078 
201.000 -0.078 
202.000 -0.078 
203.000 -0.078 
204.000 -0.078 
205.000 -0.078 
206.000 -0.078 
207.000 -0.078 
208.000 -0.078 
209.000 -0.078 
210.000 -0.078 
211.000 -0.078 
212.000 -0.078 
213.000 -0.078 
214.000 -0.078 
215.000 -0.078 
216.000 -0.078 
217.000 -0.078 
218.000 -0.078 
219.000 -0.078 
220.000 -0.078 
221.000 -0.078 
222.000 -0.078 
223.000 -0.078 
224.000 -0.078 
225.000 -0.078 
226.000 -0.078 
227.000 -0.078 
228.000 -0.078 
229.000 -0.078 
230.000 -0.078 
231.000 -0.078 
232.000 -0.078 
233.000 -0.078 
234.000 -0.078 
235.000 -0.078 
236.000 -0.078 
237.000 -0.078 
238.000 -0.078 
239.000 -0.078 
240.000 -0.078 
241.000 -0.078 
242.000 -0.079 
243.000 -0.079 
244.000 -0.079 
245.000 -0.079 
246.000 -0.077 
247.000 -0.072 
248.000 -0.064 
249.000 -0.057 
250.000 -0.053 
251.000 -0.051 
252.000 -0.051 
253.000 -0.053 
254.000 -0.054 
255.000 -0.054 
256.000 -0.054 
257.000 -0.052 
258.000 -0.049 
259.000 -0.045 
260.000 -0.041 
261.000 -0.037 
262.000 -0.034 
263.000 -0.031 
264.000 -0.029 
265.000 -0.027 
266.000 -0.025 
267.000 -0.023 
268.000 -0.021 
269.000 -0.018 
270.000 -0.015 
271.000 -0.011 
272.000 -0.008 
273.000 -0.004 
274.000 -0.001 
275.000 0.002 
276.000 0.005 
277.000 0.008 
278.000 0.012 
279.000 0.015 
280.000 0.018 
281.000 0.021 
282.000 0.025 
283.000 0.028 
284.000 0.032 
285.000 0.036 
286.000 0.039 
287.000 0.043 
288.000 0.047 
289.000 0.050 
290.000 0.054 
291.000 0.057 
292.000 0.061 
293.000 0.065 
294.000 0.068 
295.000 0.072 
296.000 0.075 
297.000 0.079 
298.000 0.083 
299.000 0.086 
300.000 0.090 
301.000 0.094 
302.000 0.097 
303.000 0.101 
304.000 0.104 
305.000 0.108 
306.000 0.111 
307.000 0.114 
308.000 0.118 
309.000 0.121 
310.000 0.124 
311.000 0.128 
312.000 0.131 
313.000 0.134 
314.000 0.137 
315.000 0.140 
316.000 0.143 
317.000 0.146 
318.000 0.149 
319.000 0.152 
320.000 0.155 
321.000 0.158 
322.000 0.161 
323.000 0.163 
324.000 0.166 
325.000 0.169 
326.000 0.171 
327.000 0.174 
328.000 0.176 
329.000 0.178 
330.000 0.181 
331.000 0.183 
332.000 0.185 
333.000 0.188 
334.000 0.190 
335.000 0.192 
336.000 0.194 
337.000 0.196 
338.000 0.198 
339.000 0.200 
340.000 0.201 
341.000 0.203 
342.000 0.205 
343.000 0.207 
344.000 0.208 
345.000 0.210 
346.000 0.211 
347.000 0.213 
348.000 0.214 
349.000 0.216 
350.000 0.217 
351.000 0.219 
352.000 0.220 
353.000 0.221 
354.000 0.222 
355.000 0.224 
356.000 0.225 
357.000 0.226 
358.000 0.227 
359.000 0.228 
360.000 0.229 
361.000 0.230 
362.000 0.231 
363.000 0.232 
364.000 0.233 
365.000 0.234 
366.000 0.257 
367.000 0.311 
368.000 0.388 
369.000 0.470 
370.000 0.544 
371.000 0.600 
372.000 0.630 
373.000 0.635 
374.000 0.621 
375.000 0.595 
376.000 0.567 
377.000 0.545 
378.000 0.535 
379.000 0.538 
380.000 0.557 
381.000 0.589 
382.000 0.629 
383.000 0.673 
384.000 0.715 
385.000 0.750 
386.000 0.775 
387.000 0.790 
388.000 0.793 
389.000 0.788 
390.000 0.779 
391.000 0.768 
392.000 0.759 
393.000 0.755 
394.000 0.757 
395.000 0.765 
396.000 0.778 
397.000 0.796 
398.000 0.815 
399.000 0.833 
400.000 0.848 
401.000 0.859 
402.000 0.865 
403.000 0.866 
404.000 0.864 
405.000 0.859 
406.000 0.854 
407.000 0.849 
408.000 0.846 
409.000 0.846 
410.000 0.848 
411.000 0.853 
412.000 0.860 
413.000 0.867 
414.000 0.875 
415.000 0.881 
416.000 0.886 
417.000 0.889 
418.000 0.890 
419.000 0.888 
420.000 0.886 
421.000 0.884 
422.000 0.881 
423.000 0.879 
424.000 0.878 
425.000 0.879 
426.000 0.880 
427.000 0.883 
428.000 0.886 
429.000 0.889 
430.000 0.892 
431.000 0.894 
432.000 0.895 
433.000 0.895 
434.000 0.895 
435.000 0.894 
436.000 0.893 
437.000 0.891 
438.000 0.890 
439.000 0.890 
440.000 0.890 
441.000 0.890 
442.000 0.891 
443.000 0.892 
444.000 0.893 
445.000 0.895 
446.000 0.896 
447.000 0.896 
448.000 0.896 
449.000 0.896 
450.000 0.896 
451.000 0.895 
452.000 0.895 
453.000 0.894 
454.000 0.894 
455.000 0.894 
456.000 0.894 
457.000 0.894 
458.000 0.895 
459.000 0.895 
460.000 0.896 
461.000 0.896 
462.000 0.896 
463.000 0.896 
464.000 0.896 
465.000 0.896 
466.000 0.896 
467.000 0.896 
468.000 0.895 
469.000 0.895 
470.000 0.895 
471.000 0.895 
472.000 0.895 
473.000 0.895 
474.000 0.896 
475.000 0.896 
476.000 0.896 
477.000 0.896 
478.000 0.896 
479.000 0.896 
480.000 0.896 
481.000 0.896 
482.000 0.896 
483.000 0.896 
484.000 0.896 
485.000 0.896 
486.000 1.001 
487.000 1.240 
488.000 1.570 
489.000 1.953 
490.000 2.360 
491.000 2.768 
492.000 3.161 
493.000 3.530 
494.000 3.868 
495.000 4.172 
496.000 4.360 
497.000 4.377 
498.000 4.230 
499.000 3.964 
500.000 3.637 
501.000 3.303 
502.000 3.010 
503.000 2.792 
504.000 2.669 
505.000 2.649 
506.000 2.727 
507.000 2.886 
508.000 3.099 
509.000 3.343 
510.000 3.599 
511.000 3.854 
512.000 4.074 
513.000 4.227 
514.000 4.296 
515.000 4.278 
516.000 4.181 
517.000 4.023 
518.000 3.830 
519.000 3.628 
520.000 3.443 
521.000 3.295 
522.000 3.197 
523.000 3.156 
524.000 3.172 
525.000 3.237 
526.000 3.341 
527.000 3.468 
528.000 3.603 
529.000 3.729 
530.000 3.832 
531.000 3.900 
532.000 3.928 
533.000 3.915 
534.000 3.864 
535.000 3.786 
536.000 3.691 
537.000 3.592 
538.000 3.501 
539.000 3.429 
540.000 3.381 
541.000 3.362 
542.000 3.370 
543.000 3.404 
544.000 3.456 
545.000 3.520 
546.000 3.586 
547.000 3.648 
548.000 3.697 
549.000 3.729 
550.000 3.742 
551.000 3.734 
552.000 3.709 
553.000 3.671 
554.000 3.625 
555.000 3.577 
556.000 3.533 
557.000 3.499 
558.000 3.476 
559.000 3.468 
560.000 3.473 
561.000 3.490 
562.000 3.517 
563.000 3.548 
564.000 3.581 
565.000 3.611 
566.000 3.635 
567.000 3.650 
568.000 3.656 
569.000 3.651 
570.000 3.639 
571.000 3.620 
572.000 3.597 
573.000 3.574 
574.000 3.553 
575.000 3.536 
576.000 3.526 
577.000 3.522 
578.000 3.525 
579.000 3.534 
580.000 3.547 
581.000 3.563 
582.000 3.579 
583.000 3.594 
584.000 3.605 
585.000 3.612 
586.000 3.615 
587.000 3.612 
588.000 3.606 
589.000 3.596 
590.000 3.585 
591.000 3.574 
592.000 3.564 
593.000 3.556 
594.000 3.551 
595.000 3.549 
596.000 3.551 
597.000 3.556 
598.000 3.562 
599.000 3.570 
600.000 3.578 
601.000 3.585 
602.000 3.590 
603.000 3.594 
604.000 3.595 
605.000 3.593 
606.000 3.647 
607.000 3.757 
608.000 3.903 
609.000 4.069 
610.000 4.243 
611.000 4.417 
612.000 4.583 
613.000 4.739 
614.000 4.881 
615.000 5.008 
616.000 5.119 
617.000 5.216 
618.000 5.298 
619.000 5.368 
620.000 5.425 
621.000 5.472 
622.000 5.510 
623.000 5.540 
624.000 5.563 
625.000 5.581 
626.000 5.594 
627.000 5.603 
628.000 5.609 
629.000 5.613 
630.000 5.615 
631.000 5.616 
632.000 5.615 
633.000 5.614 
634.000 5.613 
635.000 5.611 
636.000 5.609 
637.000 5.607 
638.000 5.606 
639.000 5.604 
640.000 5.602 
641.000 5.601 
642.000 5.600 
643.000 5.599 
644.000 5.598 
645.000 5.597 
646.000 5.596 
647.000 5.596 
648.000 5.595 
649.000 5.595 
650.000 5.595 
651.000 5.594 
652.000 5.594 
653.000 5.594 
654.000 5.594 
655.000 5.594 
656.000 5.594 
657.000 5.594 
658.000 5.594 
659.000 5.594 
660.000 5.594 
661.000 5.594 
662.000 5.594 
663.000 5.594 
664.000 5.594 
665.000 5.594 
666.000 5.594 
667.000 5.594 
668.000 5.594 
669.000 5.594 
670.000 5.594 
671.000 5.594 
672.000 5.594 
673.000 5.594 
674.000 5.594 
675.000 5.594 
676.000 5.594 
677.000 5.594 
678.000 5.594 
679.000 5.594 
680.000 5.594 
681.000 5.594 
682.000 5.594 
683.000 5.594 
684.000 5.594 
685.000 5.594 
686.000 5.594 
687.000 5.594 
688.000 5.594 
689.000 5.594 
690.000 5.594 
691.000 5.594 
692.000 5.594 
693.000 5.594 
694.000 5.594 
695.000 5.594 
696.000 5.594 
697.000 5.594 
698.000 5.594 
699.000 5.594 
700.000 5.594 
701.000 5.594 
702.000 5.594 
703.000 5.594 
704.000 5.594 
705.000 5.594 
706.000 5.594 
707.000 5.594 
708.000 5.594 
709.000 5.594 
710.000 5.594 
711.000 5.594 
712.000 5.594 
713.000 5.594 
714.000 5.594 
715.000 5.594 
716.000 5.594 
717.000 5.594 
718.000 5.594 
719.000 5.594 
720.000 5.594 
721.000 5.594 
722.000 5.594 
723.000 5.594 
724.000 5.594 
725.000 5.594 
726.000 5.594 
727.000 5.594 
728.000 5.594 
729.000 5.594 
730.000 5.594 
731.000 5.594 
732.000 5.594 
733.000 5.594 
734.000 5.594 
735.000 5.594 
736.000 5.594 
737.000 5.594 
738.000 5.594 
739.000 5.594 
740.000 5.594 
741.000 5.594 
742.000 5.594 
743.000 5.594 
744.000 5.594 
745.000 5.594 
746.000 5.594 
747.000 5.594 
748.000 5.594 
749.000 5.594 
750.000 5.594 
751.000 5.594 
752.000 5.594 
753.000 5.594 
754.000 5.594 
755.000 5.594 
756.000 5.594 
757.000 5.594 
758.000 5.594 
759.000 5.594 
760.000 5.594 
761.000 5.594 
762.000 5.594 
763.000 5.594 
764.000 5.594 
765.000 5.594 
766.000 5.594 
767.000 5.594 
768.000 5.594 
769.000 5.594 
770.000 5.594 
771.000 5.594 
772.000 5.594 
773.000 5.594 
774.000 5.594 
775.000 5.594 
776.000 5.594 
777.000 5.594 
778.000 5.594 
779.000 5.594 
780.000 5.594 
781.000 5.594 
782.000 5.594 
783.000 5.594 
784.000 5.594 
785.000 5.594 
786.000 5.594 
787.000 5.594 
788.000 5.594 
789.000 5.594 
790.000 5.594 
791.000 5.594 
792.000 5.594 
793.000 5.594 
794.000 5.594 
795.000 5.594 
796.000 5.594 
797.000 5.594 
798.000 5.594 
799.000 5.594 
800.000 5.594 
