1.000 0.000 
2.000 0.000 
3.000 0.000 
4.000 0.000 
5.000 0.000 
6.000 0.000 
7.000 0.000 
8.000 0.000 
9.000 0.000 
10.000 0.000 
11.000 0.000 
12.000 -0.001 
13.000 -0.003 
14.000 -0.005 
15.000 -0.008 
16.000 -0.011 
17.000 -0.014 
18.000 -0.016 
19.000 -0.017 
20.000 -0.018 
21.000 -0.019 
22.000 -0.019 
23.000 -0.020 
24.000 -0.020 
25.000 -0.020 
26.000 -0.021 
27.000 -0.022 
28.000 -0.023 
29.000 -0.024 
30.000 -0.025 
31.000 -0.026 
32.000 -0.027 
33.000 -0.028 
34.000 -0.029 
35.000 -0.030 
36.000 -0.031 
37.000 -0.031 
38.000 -0.032 
39.000 -0.033 
40.000 -0.034 
41.000 -0.034 
42.000 -0.035 
43.000 -0.036 
44.000 -0.036 
45.000 -0.037 
46.000 -0.038 
47.000 -0.038 
48.000 -0.039 
49.000 -0.040 
50.000 -0.040 
51.000 -0.041 
52.000 -0.042 
53.000 -0.042 
54.000 -0.043 
55.000 -0.044 
56.000 -0.044 
57.000 -0.045 
58.000 -0.045 
59.000 -0.046 
60.000 -0.046 
61.000 -0.047 
62.000 -0.048 
63.000 -0.048 
64.000 -0.049 
65.000 -0.049 
66.000 -0.050 
67.000 -0.050 
68.000 -0.051 
69.000 -0.051 
70.000 -0.052 
71.000 -0.052 
72.000 -0.053 
73.000 -0.053 
74.000 -0.054 
75.000 -0.054 
76.000 -0.054 
77.000 -0.055 
78.000 -0.055 
79.000 -0.056 
80.000 -0.056 
81.000 -0.057 
82.000 -0.057 
83.000 -0.058 
84.000 -0.058 
85.000 -0.058 
86.000 -0.059 
87.000 -0.059 
88.000 -0.060 
89.000 -0.060 
90.000 -0.060 
91.000 -0.061 
92.000 -0.061 
93.000 -0.061 
94.000 -0.062 
95.000 -0.062 
96.000 -0.063 
97.000 -0.063 
98.000 -0.063 
99.000 -0.064 
100.000 -0.064 
101.000 -0.064 
102.000 -0.065 
103.000 -0.065 
104.000 -0.065 
105.000 -0.066 
106.000 -0.066 
107.000 -0.066 
108.000 -0.067 
109.000 -0.067 
110.000 -0.067 
111.000 -0.068 
112.000 -0.068 
113.000 -0.068 
114.000 -0.068 
115.000 -0.069 
116.000 -0.069 
117.000 -0.069 
118.000 -0.070 
119.000 -0.070 
120.000 -0.070 
121.000 -0.070 
122.000 -0.071 
123.000 -0.071 
124.000 -0.071 
125.000 -0.072 
126.000 -0.072 
127.000 -0.072 
128.000 -0.071 
129.000 -0.071 
130.000 -0.071 
131.000 -0.071 
132.000 -0.070 
133.000 -0.070 
134.000 -0.071 
135.000 -0.071 
136.000 -0.071 
137.000 -0.071 
138.000 -0.071 
139.000 -0.071 
140.000 -0.071 
141.000 -0.071 
142.000 -0.071 
143.000 -0.071 
144.000 -0.071 
145.000 -0.071 
146.000 -0.071 
147.000 -0.071 
148.000 -0.071 
149.000 -0.072 
150.000 -0.072 
151.000 -0.072 
152.000 -0.072 
153.000 -0.072 
154.000 -0.072 
155.000 -0.072 
156.000 -0.072 
157.000 -0.072 
158.000 -0.072 
159.000 -0.072 
160.000 -0.072 
161.000 -0.072 
162.000 -0.072 
163.000 -0.072 
164.000 -0.072 
165.000 -0.072 
166.000 -0.072 
167.000 -0.072 
168.000 -0.072 
169.000 -0.072 
170.000 -0.072 
171.000 -0.072 
172.000 -0.072 
173.000 -0.072 
174.000 -0.072 
175.000 -0.072 
176.000 -0.072 
177.000 -0.072 
178.000 -0.072 
179.000 -0.072 
180.000 -0.073 
181.000 -0.073 
182.000 -0.073 
183.000 -0.073 
184.000 -0.073 
185.000 -0.073 
186.000 -0.073 
187.000 -0.073 
188.000 -0.073 
189.000 -0.073 
190.000 -0.073 
191.000 -0.073 
192.000 -0.073 
193.000 -0.073 
194.000 -0.073 
195.000 -0.073 
196.000 -0.073 
197.000 -0.073 
198.000 -0.073 
199.000 -0.073 
200.000 -0.073 
201.000 -0.073 
202.000 -0.073 
203.000 -0.073 
204.000 -0.073 
205.000 -0.073 
206.000 -0.073 
207.000 -0.073 
208.000 -0.073 
209.000 -0.073 
210.000 -0.073 
211.000 -0.073 
212.000 -0.073 
213.000 -0.073 
214.000 -0.073 
215.000 -0.073 
216.000 -0.073 
217.000 -0.073 
218.000 -0.074 
219.000 -0.074 
220.000 -0.074 
221.000 -0.074 
222.000 -0.074 
223.000 -0.074 
224.000 -0.074 
225.000 -0.074 
226.000 -0.074 
227.000 -0.074 
228.000 -0.074 
229.000 -0.074 
230.000 -0.074 
231.000 -0.074 
232.000 -0.074 
233.000 -0.074 
234.000 -0.074 
235.000 -0.074 
236.000 -0.074 
237.000 -0.074 
238.000 -0.074 
239.000 -0.074 
240.000 -0.074 
241.000 -0.074 
242.000 -0.074 
243.000 -0.074 
244.000 -0.074 
245.000 -0.074 
246.000 -0.074 
247.000 -0.072 
248.000 -0.069 
249.000 -0.065 
250.000 -0.061 
251.000 -0.058 
252.000 -0.055 
253.000 -0.053 
254.000 -0.052 
255.000 -0.051 
256.000 -0.050 
257.000 -0.050 
258.000 -0.049 
259.000 -0.048 
260.000 -0.046 
261.000 -0.045 
262.000 -0.043 
263.000 -0.041 
264.000 -0.039 
265.000 -0.036 
266.000 -0.034 
267.000 -0.032 
268.000 -0.029 
269.000 -0.027 
270.000 -0.025 
271.000 -0.022 
272.000 -0.020 
273.000 -0.018 
274.000 -0.016 
275.000 -0.014 
276.000 -0.011 
277.000 -0.009 
278.000 -0.006 
279.000 -0.004 
280.000 -0.001 
281.000 0.001 
282.000 0.004 
283.000 0.007 
284.000 0.009 
285.000 0.012 
286.000 0.015 
287.000 0.018 
288.000 0.020 
289.000 0.023 
290.000 0.026 
291.000 0.029 
292.000 0.031 
293.000 0.034 
294.000 0.037 
295.000 0.040 
296.000 0.043 
297.000 0.046 
298.000 0.049 
299.000 0.052 
300.000 0.055 
301.000 0.058 
302.000 0.061 
303.000 0.064 
304.000 0.067 
305.000 0.070 
306.000 0.073 
307.000 0.076 
308.000 0.079 
309.000 0.081 
310.000 0.084 
311.000 0.087 
312.000 0.090 
313.000 0.093 
314.000 0.096 
315.000 0.099 
316.000 0.102 
317.000 0.105 
318.000 0.108 
319.000 0.110 
320.000 0.113 
321.000 0.116 
322.000 0.119 
323.000 0.121 
324.000 0.124 
325.000 0.127 
326.000 0.129 
327.000 0.132 
328.000 0.135 
329.000 0.137 
330.000 0.140 
331.000 0.142 
332.000 0.145 
333.000 0.147 
334.000 0.150 
335.000 0.152 
336.000 0.154 
337.000 0.157 
338.000 0.159 
339.000 0.161 
340.000 0.163 
341.000 0.166 
342.000 0.168 
343.000 0.170 
344.000 0.172 
345.000 0.174 
346.000 0.176 
347.000 0.178 
348.000 0.180 
349.000 0.182 
350.000 0.184 
351.000 0.185 
352.000 0.187 
353.000 0.189 
354.000 0.191 
355.000 0.192 
356.000 0.194 
357.000 0.196 
358.000 0.197 
359.000 0.199 
360.000 0.200 
361.000 0.202 
362.000 0.203 
363.000 0.205 
364.000 0.206 
365.000 0.208 
366.000 0.216 
367.000 0.236 
368.000 0.267 
369.000 0.307 
370.000 0.351 
371.000 0.396 
372.000 0.437 
373.000 0.474 
374.000 0.502 
375.000 0.523 
376.000 0.536 
377.000 0.544 
378.000 0.546 
379.000 0.547 
380.000 0.547 
381.000 0.548 
382.000 0.552 
383.000 0.560 
384.000 0.571 
385.000 0.585 
386.000 0.603 
387.000 0.622 
388.000 0.643 
389.000 0.664 
390.000 0.684 
391.000 0.702 
392.000 0.719 
393.000 0.732 
394.000 0.744 
395.000 0.752 
396.000 0.759 
397.000 0.764 
398.000 0.768 
399.000 0.771 
400.000 0.774 
401.000 0.778 
402.000 0.782 
403.000 0.786 
404.000 0.792 
405.000 0.798 
406.000 0.805 
407.000 0.812 
408.000 0.819 
409.000 0.825 
410.000 0.832 
411.000 0.838 
412.000 0.843 
413.000 0.847 
414.000 0.850 
415.000 0.853 
416.000 0.855 
417.000 0.857 
418.000 0.858 
419.000 0.860 
420.000 0.861 
421.000 0.862 
422.000 0.863 
423.000 0.865 
424.000 0.867 
425.000 0.868 
426.000 0.871 
427.000 0.873 
428.000 0.875 
429.000 0.877 
430.000 0.878 
431.000 0.880 
432.000 0.881 
433.000 0.883 
434.000 0.884 
435.000 0.884 
436.000 0.885 
437.000 0.885 
438.000 0.886 
439.000 0.886 
440.000 0.886 
441.000 0.887 
442.000 0.887 
443.000 0.888 
444.000 0.888 
445.000 0.889 
446.000 0.889 
447.000 0.890 
448.000 0.890 
449.000 0.891 
450.000 0.891 
451.000 0.892 
452.000 0.892 
453.000 0.892 
454.000 0.893 
455.000 0.893 
456.000 0.893 
457.000 0.893 
458.000 0.893 
459.000 0.893 
460.000 0.893 
461.000 0.894 
462.000 0.894 
463.000 0.894 
464.000 0.894 
465.000 0.894 
466.000 0.894 
467.000 0.894 
468.000 0.894 
469.000 0.895 
470.000 0.895 
471.000 0.895 
472.000 0.895 
473.000 0.895 
474.000 0.895 
475.000 0.895 
476.000 0.895 
477.000 0.895 
478.000 0.895 
479.000 0.895 
480.000 0.895 
481.000 0.895 
482.000 0.895 
483.000 0.895 
484.000 0.895 
485.000 0.895 
486.000 0.937 
487.000 1.046 
488.000 1.228 
489.000 1.477 
490.000 1.778 
491.000 2.113 
492.000 2.465 
493.000 2.812 
494.000 3.136 
495.000 3.422 
496.000 3.656 
497.000 3.830 
498.000 3.940 
499.000 3.985 
500.000 3.971 
501.000 3.908 
502.000 3.806 
503.000 3.679 
504.000 3.542 
505.000 3.407 
506.000 3.286 
507.000 3.188 
508.000 3.118 
509.000 3.081 
510.000 3.076 
511.000 3.102 
512.000 3.156 
513.000 3.232 
514.000 3.324 
515.000 3.425 
516.000 3.528 
517.000 3.627 
518.000 3.715 
519.000 3.788 
520.000 3.841 
521.000 3.873 
522.000 3.883 
523.000 3.872 
524.000 3.842 
525.000 3.796 
526.000 3.739 
527.000 3.676 
528.000 3.612 
529.000 3.550 
530.000 3.496 
531.000 3.451 
532.000 3.419 
533.000 3.400 
534.000 3.395 
535.000 3.403 
536.000 3.421 
537.000 3.449 
538.000 3.484 
539.000 3.522 
540.000 3.561 
541.000 3.598 
542.000 3.631 
543.000 3.658 
544.000 3.677 
545.000 3.689 
546.000 3.692 
547.000 3.687 
548.000 3.675 
549.000 3.657 
550.000 3.635 
551.000 3.611 
552.000 3.587 
553.000 3.564 
554.000 3.543 
555.000 3.526 
556.000 3.514 
557.000 3.507 
558.000 3.506 
559.000 3.509 
560.000 3.517 
561.000 3.527 
562.000 3.541 
563.000 3.556 
564.000 3.571 
565.000 3.585 
566.000 3.597 
567.000 3.608 
568.000 3.615 
569.000 3.619 
570.000 3.620 
571.000 3.618 
572.000 3.613 
573.000 3.606 
574.000 3.598 
575.000 3.589 
576.000 3.579 
577.000 3.570 
578.000 3.563 
579.000 3.556 
580.000 3.552 
581.000 3.550 
582.000 3.549 
583.000 3.550 
584.000 3.553 
585.000 3.558 
586.000 3.563 
587.000 3.568 
588.000 3.574 
589.000 3.580 
590.000 3.584 
591.000 3.588 
592.000 3.591 
593.000 3.592 
594.000 3.593 
595.000 3.592 
596.000 3.590 
597.000 3.587 
598.000 3.584 
599.000 3.581 
600.000 3.577 
601.000 3.574 
602.000 3.571 
603.000 3.568 
604.000 3.567 
605.000 3.566 
606.000 3.603 
607.000 3.696 
608.000 3.833 
609.000 3.995 
610.000 4.169 
611.000 4.345 
612.000 4.516 
613.000 4.677 
614.000 4.825 
615.000 4.959 
616.000 5.077 
617.000 5.180 
618.000 5.268 
619.000 5.342 
620.000 5.405 
621.000 5.456 
622.000 5.497 
623.000 5.530 
624.000 5.555 
625.000 5.575 
626.000 5.590 
627.000 5.600 
628.000 5.607 
629.000 5.612 
630.000 5.615 
631.000 5.616 
632.000 5.616 
633.000 5.615 
634.000 5.614 
635.000 5.612 
636.000 5.610 
637.000 5.608 
638.000 5.606 
639.000 5.605 
640.000 5.603 
641.000 5.601 
642.000 5.600 
643.000 5.599 
644.000 5.598 
645.000 5.597 
646.000 5.596 
647.000 5.596 
648.000 5.595 
649.000 5.595 
650.000 5.595 
651.000 5.594 
652.000 5.594 
653.000 5.594 
654.000 5.594 
655.000 5.594 
656.000 5.594 
657.000 5.594 
658.000 5.594 
659.000 5.594 
660.000 5.594 
661.000 5.594 
662.000 5.594 
663.000 5.594 
664.000 5.594 
665.000 5.594 
666.000 5.594 
667.000 5.594 
668.000 5.594 
669.000 5.594 
670.000 5.594 
671.000 5.594 
672.000 5.594 
673.000 5.594 
674.000 5.594 
675.000 5.594 
676.000 5.594 
677.000 5.594 
678.000 5.594 
679.000 5.594 
680.000 5.594 
681.000 5.594 
682.000 5.594 
683.000 5.594 
684.000 5.594 
685.000 5.594 
686.000 5.594 
687.000 5.594 
688.000 5.594 
689.000 5.594 
690.000 5.594 
691.000 5.594 
692.000 5.594 
693.000 5.594 
694.000 5.594 
695.000 5.594 
696.000 5.594 
697.000 5.594 
698.000 5.594 
699.000 5.594 
700.000 5.594 
701.000 5.594 
702.000 5.594 
703.000 5.594 
704.000 5.594 
705.000 5.594 
706.000 5.594 
707.000 5.594 
708.000 5.594 
709.000 5.594 
710.000 5.594 
711.000 5.594 
712.000 5.594 
713.000 5.594 
714.000 5.594 
715.000 5.594 
716.000 5.594 
717.000 5.594 
718.000 5.594 
719.000 5.594 
720.000 5.594 
721.000 5.594 
722.000 5.594 
723.000 5.594 
724.000 5.594 
725.000 5.594 
726.000 5.594 
727.000 5.594 
728.000 5.594 
729.000 5.594 
730.000 5.594 
731.000 5.594 
732.000 5.594 
733.000 5.594 
734.000 5.594 
735.000 5.594 
736.000 5.594 
737.000 5.594 
738.000 5.594 
739.000 5.594 
740.000 5.594 
741.000 5.594 
742.000 5.594 
743.000 5.594 
744.000 5.594 
745.000 5.594 
746.000 5.594 
747.000 5.594 
748.000 5.594 
749.000 5.594 
750.000 5.594 
751.000 5.594 
752.000 5.594 
753.000 5.594 
754.000 5.594 
755.000 5.594 
756.000 5.594 
757.000 5.594 
758.000 5.594 
759.000 5.594 
760.000 5.594 
761.000 5.594 
762.000 5.594 
763.000 5.594 
764.000 5.594 
765.000 5.594 
766.000 5.594 
767.000 5.594 
768.000 5.594 
769.000 5.594 
770.000 5.594 
771.000 5.594 
772.000 5.594 
773.000 5.594 
774.000 5.594 
775.000 5.594 
776.000 5.594 
777.000 5.594 
778.000 5.594 
779.000 5.594 
780.000 5.594 
781.000 5.594 
782.000 5.594 
783.000 5.594 
784.000 5.594 
785.000 5.594 
786.000 5.594 
787.000 5.594 
788.000 5.594 
789.000 5.594 
790.000 5.594 
791.000 5.594 
792.000 5.594 
793.000 5.594 
794.000 5.594 
795.000 5.594 
796.000 5.594 
797.000 5.594 
798.000 5.594 
799.000 5.594 
800.000 5.594 
