1.000 0.000 
2.000 0.000 
3.000 0.000 
4.000 0.000 
5.000 0.000 
6.000 0.000 
7.000 0.000 
8.000 0.000 
9.000 0.000 
10.000 0.000 
11.000 0.000 
12.000 -0.002 
13.000 -0.007 
14.000 -0.014 
15.000 -0.021 
16.000 -0.025 
17.000 -0.028 
18.000 -0.028 
19.000 -0.027 
20.000 -0.024 
21.000 -0.022 
22.000 -0.021 
23.000 -0.021 
24.000 -0.023 
25.000 -0.025 
26.000 -0.029 
27.000 -0.032 
28.000 -0.035 
29.000 -0.037 
30.000 -0.038 
31.000 -0.038 
32.000 -0.037 
33.000 -0.037 
34.000 -0.037 
35.000 -0.037 
36.000 -0.038 
37.000 -0.040 
38.000 -0.041 
39.000 -0.043 
40.000 -0.045 
41.000 -0.046 
42.000 -0.047 
43.000 -0.047 
44.000 -0.047 
45.000 -0.048 
46.000 -0.048 
47.000 -0.049 
48.000 -0.049 
49.000 -0.050 
50.000 -0.051 
51.000 -0.052 
52.000 -0.053 
53.000 -0.054 
54.000 -0.054 
55.000 -0.055 
56.000 -0.055 
57.000 -0.056 
58.000 -0.056 
59.000 -0.057 
60.000 -0.057 
61.000 -0.058 
62.000 -0.059 
63.000 -0.059 
64.000 -0.060 
65.000 -0.061 
66.000 -0.061 
67.000 -0.062 
68.000 -0.062 
69.000 -0.063 
70.000 -0.063 
71.000 -0.064 
72.000 -0.064 
73.000 -0.064 
74.000 -0.065 
75.000 -0.065 
76.000 -0.066 
77.000 -0.066 
78.000 -0.067 
79.000 -0.067 
80.000 -0.068 
81.000 -0.068 
82.000 -0.069 
83.000 -0.069 
84.000 -0.069 
85.000 -0.070 
86.000 -0.070 
87.000 -0.071 
88.000 -0.071 
89.000 -0.071 
90.000 -0.072 
91.000 -0.072 
92.000 -0.072 
93.000 -0.073 
94.000 -0.073 
95.000 -0.074 
96.000 -0.074 
97.000 -0.074 
98.000 -0.075 
99.000 -0.075 
100.000 -0.075 
101.000 -0.076 
102.000 -0.076 
103.000 -0.076 
104.000 -0.077 
105.000 -0.077 
106.000 -0.077 
107.000 -0.077 
108.000 -0.078 
109.000 -0.078 
110.000 -0.078 
111.000 -0.079 
112.000 -0.079 
113.000 -0.079 
114.000 -0.080 
115.000 -0.080 
116.000 -0.080 
117.000 -0.080 
118.000 -0.081 
119.000 -0.081 
120.000 -0.081 
121.000 -0.081 
122.000 -0.082 
123.000 -0.082 
124.000 -0.082 
125.000 -0.083 
126.000 -0.083 
127.000 -0.082 
128.000 -0.081 
129.000 -0.080 
130.000 -0.080 
131.000 -0.080 
132.000 -0.080 
133.000 -0.080 
134.000 -0.081 
135.000 -0.082 
136.000 -0.082 
137.000 -0.082 
138.000 -0.082 
139.000 -0.082 
140.000 -0.081 
141.000 -0.081 
142.000 -0.081 
143.000 -0.081 
144.000 -0.081 
145.000 -0.081 
146.000 -0.081 
147.000 -0.081 
148.000 -0.081 
149.000 -0.081 
150.000 -0.081 
151.000 -0.081 
152.000 -0.081 
153.000 -0.081 
154.000 -0.081 
155.000 -0.081 
156.000 -0.081 
157.000 -0.081 
158.000 -0.081 
159.000 -0.081 
160.000 -0.081 
161.000 -0.081 
162.000 -0.081 
163.000 -0.081 
164.000 -0.081 
165.000 -0.081 
166.000 -0.081 
167.000 -0.081 
168.000 -0.081 
169.000 -0.081 
170.000 -0.081 
171.000 -0.081 
172.000 -0.081 
173.000 -0.081 
174.000 -0.081 
175.000 -0.081 
176.000 -0.081 
177.000 -0.081 
178.000 -0.081 
179.000 -0.081 
180.000 -0.081 
181.000 -0.081 
182.000 -0.081 
183.000 -0.081 
184.000 -0.081 
185.000 -0.081 
186.000 -0.081 
187.000 -0.081 
188.000 -0.081 
189.000 -0.081 
190.000 -0.081 
191.000 -0.081 
192.000 -0.081 
193.000 -0.081 
194.000 -0.081 
195.000 -0.081 
196.000 -0.081 
197.000 -0.081 
198.000 -0.081 
199.000 -0.081 
200.000 -0.081 
201.000 -0.081 
202.000 -0.081 
203.000 -0.081 
204.000 -0.081 
205.000 -0.081 
206.000 -0.081 
207.000 -0.081 
208.000 -0.081 
209.000 -0.081 
210.000 -0.081 
211.000 -0.081 
212.000 -0.081 
213.000 -0.081 
214.000 -0.081 
215.000 -0.081 
216.000 -0.081 
217.000 -0.081 
218.000 -0.081 
219.000 -0.081 
220.000 -0.081 
221.000 -0.081 
222.000 -0.081 
223.000 -0.081 
224.000 -0.081 
225.000 -0.081 
226.000 -0.081 
227.000 -0.081 
228.000 -0.081 
229.000 -0.081 
230.000 -0.081 
231.000 -0.081 
232.000 -0.081 
233.000 -0.081 
234.000 -0.081 
235.000 -0.081 
236.000 -0.081 
237.000 -0.081 
238.000 -0.081 
239.000 -0.081 
240.000 -0.081 
241.000 -0.081 
242.000 -0.081 
243.000 -0.081 
244.000 -0.081 
245.000 -0.081 
246.000 -0.079 
247.000 -0.074 
248.000 -0.065 
249.000 -0.055 
250.000 -0.048 
251.000 -0.044 
252.000 -0.045 
253.000 -0.047 
254.000 -0.051 
255.000 -0.054 
256.000 -0.056 
257.000 -0.055 
258.000 -0.051 
259.000 -0.045 
260.000 -0.038 
261.000 -0.031 
262.000 -0.025 
263.000 -0.020 
264.000 -0.018 
265.000 -0.017 
266.000 -0.018 
267.000 -0.018 
268.000 -0.017 
269.000 -0.015 
270.000 -0.012 
271.000 -0.007 
272.000 -0.001 
273.000 0.006 
274.000 0.012 
275.000 0.017 
276.000 0.021 
277.000 0.024 
278.000 0.026 
279.000 0.028 
280.000 0.030 
281.000 0.032 
282.000 0.036 
283.000 0.040 
284.000 0.046 
285.000 0.051 
286.000 0.057 
287.000 0.062 
288.000 0.067 
289.000 0.071 
290.000 0.074 
291.000 0.077 
292.000 0.080 
293.000 0.083 
294.000 0.086 
295.000 0.090 
296.000 0.094 
297.000 0.099 
298.000 0.104 
299.000 0.109 
300.000 0.113 
301.000 0.118 
302.000 0.121 
303.000 0.125 
304.000 0.128 
305.000 0.130 
306.000 0.133 
307.000 0.136 
308.000 0.140 
309.000 0.143 
310.000 0.147 
311.000 0.151 
312.000 0.155 
313.000 0.158 
314.000 0.162 
315.000 0.165 
316.000 0.167 
317.000 0.170 
318.000 0.172 
319.000 0.174 
320.000 0.177 
321.000 0.179 
322.000 0.182 
323.000 0.185 
324.000 0.187 
325.000 0.190 
326.000 0.193 
327.000 0.195 
328.000 0.198 
329.000 0.200 
330.000 0.201 
331.000 0.203 
332.000 0.205 
333.000 0.206 
334.000 0.208 
335.000 0.210 
336.000 0.212 
337.000 0.214 
338.000 0.215 
339.000 0.217 
340.000 0.219 
341.000 0.221 
342.000 0.222 
343.000 0.223 
344.000 0.224 
345.000 0.225 
346.000 0.226 
347.000 0.228 
348.000 0.229 
349.000 0.230 
350.000 0.231 
351.000 0.232 
352.000 0.233 
353.000 0.235 
354.000 0.236 
355.000 0.237 
356.000 0.237 
357.000 0.238 
358.000 0.239 
359.000 0.239 
360.000 0.240 
361.000 0.241 
362.000 0.241 
363.000 0.242 
364.000 0.243 
365.000 0.244 
366.000 0.267 
367.000 0.327 
368.000 0.419 
369.000 0.528 
370.000 0.634 
371.000 0.718 
372.000 0.766 
373.000 0.768 
374.000 0.730 
375.000 0.665 
376.000 0.591 
377.000 0.525 
378.000 0.480 
379.000 0.465 
380.000 0.483 
381.000 0.535 
382.000 0.614 
383.000 0.710 
384.000 0.808 
385.000 0.893 
386.000 0.950 
387.000 0.970 
388.000 0.951 
389.000 0.899 
390.000 0.826 
391.000 0.750 
392.000 0.685 
393.000 0.642 
394.000 0.628 
395.000 0.646 
396.000 0.694 
397.000 0.764 
398.000 0.847 
399.000 0.929 
400.000 0.997 
401.000 1.037 
402.000 1.044 
403.000 1.015 
404.000 0.959 
405.000 0.886 
406.000 0.812 
407.000 0.750 
408.000 0.709 
409.000 0.696 
410.000 0.713 
411.000 0.756 
412.000 0.820 
413.000 0.894 
414.000 0.966 
415.000 1.024 
416.000 1.056 
417.000 1.056 
418.000 1.025 
419.000 0.970 
420.000 0.901 
421.000 0.832 
422.000 0.775 
423.000 0.738 
424.000 0.727 
425.000 0.743 
426.000 0.784 
427.000 0.843 
428.000 0.910 
429.000 0.975 
430.000 1.025 
431.000 1.052 
432.000 1.050 
433.000 1.019 
434.000 0.967 
435.000 0.903 
436.000 0.839 
437.000 0.786 
438.000 0.753 
439.000 0.744 
440.000 0.760 
441.000 0.799 
442.000 0.854 
443.000 0.916 
444.000 0.975 
445.000 1.020 
446.000 1.042 
447.000 1.038 
448.000 1.009 
449.000 0.960 
450.000 0.900 
451.000 0.842 
452.000 0.794 
453.000 0.764 
454.000 0.758 
455.000 0.774 
456.000 0.810 
457.000 0.862 
458.000 0.919 
459.000 0.972 
460.000 1.012 
461.000 1.032 
462.000 1.027 
463.000 0.998 
464.000 0.952 
465.000 0.897 
466.000 0.844 
467.000 0.800 
468.000 0.774 
469.000 0.769 
470.000 0.785 
471.000 0.820 
472.000 0.868 
473.000 0.920 
474.000 0.969 
475.000 1.005 
476.000 1.021 
477.000 1.015 
478.000 0.988 
479.000 0.945 
480.000 0.894 
481.000 0.845 
482.000 0.806 
483.000 0.783 
484.000 0.779 
485.000 0.795 
486.000 0.928 
487.000 1.194 
488.000 1.545 
489.000 1.945 
490.000 2.363 
491.000 2.779 
492.000 3.178 
493.000 3.550 
494.000 3.889 
495.000 4.193 
496.000 4.460 
497.000 4.691 
498.000 4.889 
499.000 4.944 
500.000 4.743 
501.000 4.275 
502.000 3.647 
503.000 2.994 
504.000 2.423 
505.000 2.000 
506.000 1.757 
507.000 1.707 
508.000 1.816 
509.000 2.034 
510.000 2.320 
511.000 2.644 
512.000 2.982 
513.000 3.319 
514.000 3.642 
515.000 3.943 
516.000 4.218 
517.000 4.463 
518.000 4.679 
519.000 4.866 
520.000 5.025 
521.000 5.159 
522.000 5.270 
523.000 5.334 
524.000 5.263 
525.000 5.017 
526.000 4.638 
527.000 4.205 
528.000 3.798 
529.000 3.473 
530.000 3.265 
531.000 3.191 
532.000 3.227 
533.000 3.341 
534.000 3.505 
535.000 3.699 
536.000 3.907 
537.000 4.116 
538.000 4.319 
539.000 4.511 
540.000 4.686 
541.000 4.844 
542.000 4.976 
543.000 5.025 
544.000 4.951 
545.000 4.756 
546.000 4.477 
547.000 4.165 
548.000 3.867 
549.000 3.621 
550.000 3.454 
551.000 3.381 
552.000 3.404 
553.000 3.501 
554.000 3.648 
555.000 3.824 
556.000 4.014 
557.000 4.207 
558.000 4.395 
559.000 4.541 
560.000 4.613 
561.000 4.592 
562.000 4.478 
563.000 4.285 
564.000 4.044 
565.000 3.786 
566.000 3.547 
567.000 3.354 
568.000 3.228 
569.000 3.181 
570.000 3.214 
571.000 3.321 
572.000 3.481 
573.000 3.673 
574.000 3.879 
575.000 4.073 
576.000 4.225 
577.000 4.310 
578.000 4.311 
579.000 4.224 
580.000 4.059 
581.000 3.840 
582.000 3.598 
583.000 3.368 
584.000 3.178 
585.000 3.052 
586.000 3.004 
587.000 3.038 
588.000 3.148 
589.000 3.316 
590.000 3.520 
591.000 3.741 
592.000 3.958 
593.000 4.138 
594.000 4.253 
595.000 4.283 
596.000 4.220 
597.000 4.070 
598.000 3.857 
599.000 3.612 
600.000 3.371 
601.000 3.167 
602.000 3.026 
603.000 2.964 
604.000 2.986 
605.000 3.090 
606.000 3.256 
607.000 3.460 
608.000 3.684 
609.000 3.913 
610.000 4.138 
611.000 4.351 
612.000 4.548 
613.000 4.726 
614.000 4.885 
615.000 5.024 
616.000 5.143 
617.000 5.244 
618.000 5.329 
619.000 5.399 
620.000 5.455 
621.000 5.501 
622.000 5.536 
623.000 5.564 
624.000 5.584 
625.000 5.599 
626.000 5.609 
627.000 5.616 
628.000 5.620 
629.000 5.622 
630.000 5.622 
631.000 5.621 
632.000 5.620 
633.000 5.618 
634.000 5.615 
635.000 5.613 
636.000 5.611 
637.000 5.608 
638.000 5.606 
639.000 5.604 
640.000 5.602 
641.000 5.601 
642.000 5.599 
643.000 5.598 
644.000 5.597 
645.000 5.597 
646.000 5.596 
647.000 5.595 
648.000 5.595 
649.000 5.595 
650.000 5.594 
651.000 5.594 
652.000 5.594 
653.000 5.594 
654.000 5.594 
655.000 5.594 
656.000 5.594 
657.000 5.594 
658.000 5.594 
659.000 5.594 
660.000 5.594 
661.000 5.594 
662.000 5.594 
663.000 5.594 
664.000 5.594 
665.000 5.594 
666.000 5.594 
667.000 5.594 
668.000 5.594 
669.000 5.594 
670.000 5.594 
671.000 5.594 
672.000 5.594 
673.000 5.594 
674.000 5.594 
675.000 5.594 
676.000 5.594 
677.000 5.594 
678.000 5.594 
679.000 5.594 
680.000 5.594 
681.000 5.594 
682.000 5.594 
683.000 5.594 
684.000 5.594 
685.000 5.594 
686.000 5.594 
687.000 5.594 
688.000 5.594 
689.000 5.594 
690.000 5.594 
691.000 5.594 
692.000 5.594 
693.000 5.594 
694.000 5.594 
695.000 5.594 
696.000 5.594 
697.000 5.594 
698.000 5.594 
699.000 5.594 
700.000 5.594 
701.000 5.594 
702.000 5.594 
703.000 5.594 
704.000 5.594 
705.000 5.594 
706.000 5.594 
707.000 5.594 
708.000 5.594 
709.000 5.594 
710.000 5.594 
711.000 5.594 
712.000 5.594 
713.000 5.594 
714.000 5.594 
715.000 5.594 
716.000 5.594 
717.000 5.594 
718.000 5.594 
719.000 5.594 
720.000 5.594 
721.000 5.594 
722.000 5.594 
723.000 5.594 
724.000 5.594 
725.000 5.594 
726.000 5.594 
727.000 5.594 
728.000 5.594 
729.000 5.594 
730.000 5.594 
731.000 5.594 
732.000 5.594 
733.000 5.594 
734.000 5.594 
735.000 5.594 
736.000 5.594 
737.000 5.594 
738.000 5.594 
739.000 5.594 
740.000 5.594 
741.000 5.594 
742.000 5.594 
743.000 5.594 
744.000 5.594 
745.000 5.594 
746.000 5.594 
747.000 5.594 
748.000 5.594 
749.000 5.594 
750.000 5.594 
751.000 5.594 
752.000 5.594 
753.000 5.594 
754.000 5.594 
755.000 5.594 
756.000 5.594 
757.000 5.594 
758.000 5.594 
759.000 5.594 
760.000 5.594 
761.000 5.594 
762.000 5.594 
763.000 5.594 
764.000 5.594 
765.000 5.594 
766.000 5.594 
767.000 5.594 
768.000 5.594 
769.000 5.594 
770.000 5.594 
771.000 5.594 
772.000 5.594 
773.000 5.594 
774.000 5.594 
775.000 5.594 
776.000 5.594 
777.000 5.594 
778.000 5.594 
779.000 5.594 
780.000 5.594 
781.000 5.594 
782.000 5.594 
783.000 5.594 
784.000 5.594 
785.000 5.594 
786.000 5.594 
787.000 5.594 
788.000 5.594 
789.000 5.594 
790.000 5.594 
791.000 5.594 
792.000 5.594 
793.000 5.594 
794.000 5.594 
795.000 5.594 
796.000 5.594 
797.000 5.594 
798.000 5.594 
799.000 5.594 
800.000 5.594 
