1.000 0.000 
2.000 0.000 
3.000 0.000 
4.000 0.000 
5.000 0.000 
6.000 0.000 
7.000 0.000 
8.000 0.000 
9.000 0.000 
10.000 0.000 
11.000 0.000 
12.000 -0.001 
13.000 -0.004 
14.000 -0.007 
15.000 -0.011 
16.000 -0.015 
17.000 -0.018 
18.000 -0.019 
19.000 -0.020 
20.000 -0.021 
21.000 -0.021 
22.000 -0.021 
23.000 -0.021 
24.000 -0.021 
25.000 -0.022 
26.000 -0.023 
27.000 -0.024 
28.000 -0.025 
29.000 -0.027 
30.000 -0.028 
31.000 -0.029 
32.000 -0.030 
33.000 -0.031 
34.000 -0.032 
35.000 -0.033 
36.000 -0.034 
37.000 -0.034 
38.000 -0.035 
39.000 -0.036 
40.000 -0.036 
41.000 -0.037 
42.000 -0.038 
43.000 -0.039 
44.000 -0.040 
45.000 -0.040 
46.000 -0.041 
47.000 -0.042 
48.000 -0.042 
49.000 -0.043 
50.000 -0.044 
51.000 -0.044 
52.000 -0.045 
53.000 -0.046 
54.000 -0.046 
55.000 -0.047 
56.000 -0.048 
57.000 -0.048 
58.000 -0.049 
59.000 -0.049 
60.000 -0.050 
61.000 -0.050 
62.000 -0.051 
63.000 -0.052 
64.000 -0.052 
65.000 -0.053 
66.000 -0.053 
67.000 -0.054 
68.000 -0.054 
69.000 -0.055 
70.000 -0.055 
71.000 -0.056 
72.000 -0.056 
73.000 -0.057 
74.000 -0.057 
75.000 -0.058 
76.000 -0.058 
77.000 -0.059 
78.000 -0.059 
79.000 -0.059 
80.000 -0.060 
81.000 -0.060 
82.000 -0.061 
83.000 -0.061 
84.000 -0.062 
85.000 -0.062 
86.000 -0.062 
87.000 -0.063 
88.000 -0.063 
89.000 -0.064 
90.000 -0.064 
91.000 -0.064 
92.000 -0.065 
93.000 -0.065 
94.000 -0.065 
95.000 -0.066 
96.000 -0.066 
97.000 -0.066 
98.000 -0.067 
99.000 -0.067 
100.000 -0.068 
101.000 -0.068 
102.000 -0.068 
103.000 -0.069 
104.000 -0.069 
105.000 -0.069 
106.000 -0.070 
107.000 -0.070 
108.000 -0.070 
109.000 -0.070 
110.000 -0.071 
111.000 -0.071 
112.000 -0.071 
113.000 -0.072 
114.000 -0.072 
115.000 -0.072 
116.000 -0.073 
117.000 -0.073 
118.000 -0.073 
119.000 -0.073 
120.000 -0.074 
121.000 -0.074 
122.000 -0.074 
123.000 -0.075 
124.000 -0.075 
125.000 -0.075 
126.000 -0.075 
127.000 -0.075 
128.000 -0.075 
129.000 -0.074 
130.000 -0.074 
131.000 -0.073 
132.000 -0.073 
133.000 -0.074 
134.000 -0.074 
135.000 -0.074 
136.000 -0.074 
137.000 -0.074 
138.000 -0.075 
139.000 -0.075 
140.000 -0.075 
141.000 -0.075 
142.000 -0.075 
143.000 -0.075 
144.000 -0.074 
145.000 -0.074 
146.000 -0.074 
147.000 -0.074 
148.000 -0.074 
149.000 -0.075 
150.000 -0.075 
151.000 -0.075 
152.000 -0.075 
153.000 -0.075 
154.000 -0.075 
155.000 -0.075 
156.000 -0.075 
157.000 -0.075 
158.000 -0.075 
159.000 -0.075 
160.000 -0.075 
161.000 -0.075 
162.000 -0.075 
163.000 -0.075 
164.000 -0.075 
165.000 -0.075 
166.000 -0.075 
167.000 -0.075 
168.000 -0.075 
169.000 -0.075 
170.000 -0.075 
171.000 -0.075 
172.000 -0.075 
173.000 -0.075 
174.000 -0.075 
175.000 -0.075 
176.000 -0.075 
177.000 -0.075 
178.000 -0.075 
179.000 -0.075 
180.000 -0.075 
181.000 -0.075 
182.000 -0.075 
183.000 -0.075 
184.000 -0.075 
185.000 -0.075 
186.000 -0.075 
187.000 -0.075 
188.000 -0.075 
189.000 -0.075 
190.000 -0.075 
191.000 -0.075 
192.000 -0.075 
193.000 -0.075 
194.000 -0.075 
195.000 -0.076 
196.000 -0.076 
197.000 -0.076 
198.000 -0.076 
199.000 -0.076 
200.000 -0.076 
201.000 -0.076 
202.000 -0.076 
203.000 -0.076 
204.000 -0.076 
205.000 -0.076 
206.000 -0.076 
207.000 -0.076 
208.000 -0.076 
209.000 -0.076 
210.000 -0.076 
211.000 -0.076 
212.000 -0.076 
213.000 -0.076 
214.000 -0.076 
215.000 -0.076 
216.000 -0.076 
217.000 -0.076 
218.000 -0.076 
219.000 -0.076 
220.000 -0.076 
221.000 -0.076 
222.000 -0.076 
223.000 -0.076 
224.000 -0.076 
225.000 -0.076 
226.000 -0.076 
227.000 -0.076 
228.000 -0.076 
229.000 -0.076 
230.000 -0.076 
231.000 -0.076 
232.000 -0.076 
233.000 -0.076 
234.000 -0.076 
235.000 -0.076 
236.000 -0.076 
237.000 -0.076 
238.000 -0.076 
239.000 -0.076 
240.000 -0.076 
241.000 -0.076 
242.000 -0.076 
243.000 -0.076 
244.000 -0.076 
245.000 -0.076 
246.000 -0.076 
247.000 -0.073 
248.000 -0.069 
249.000 -0.064 
250.000 -0.059 
251.000 -0.055 
252.000 -0.053 
253.000 -0.052 
254.000 -0.051 
255.000 -0.051 
256.000 -0.051 
257.000 -0.050 
258.000 -0.050 
259.000 -0.048 
260.000 -0.046 
261.000 -0.044 
262.000 -0.041 
263.000 -0.038 
264.000 -0.035 
265.000 -0.032 
266.000 -0.029 
267.000 -0.027 
268.000 -0.024 
269.000 -0.022 
270.000 -0.020 
271.000 -0.018 
272.000 -0.015 
273.000 -0.013 
274.000 -0.010 
275.000 -0.008 
276.000 -0.005 
277.000 -0.002 
278.000 0.001 
279.000 0.004 
280.000 0.007 
281.000 0.010 
282.000 0.013 
283.000 0.016 
284.000 0.019 
285.000 0.022 
286.000 0.025 
287.000 0.028 
288.000 0.031 
289.000 0.035 
290.000 0.038 
291.000 0.041 
292.000 0.044 
293.000 0.048 
294.000 0.051 
295.000 0.054 
296.000 0.057 
297.000 0.061 
298.000 0.064 
299.000 0.067 
300.000 0.071 
301.000 0.074 
302.000 0.077 
303.000 0.080 
304.000 0.084 
305.000 0.087 
306.000 0.090 
307.000 0.093 
308.000 0.096 
309.000 0.100 
310.000 0.103 
311.000 0.106 
312.000 0.109 
313.000 0.112 
314.000 0.115 
315.000 0.118 
316.000 0.121 
317.000 0.124 
318.000 0.127 
319.000 0.130 
320.000 0.133 
321.000 0.136 
322.000 0.139 
323.000 0.142 
324.000 0.144 
325.000 0.147 
326.000 0.150 
327.000 0.152 
328.000 0.155 
329.000 0.157 
330.000 0.160 
331.000 0.162 
332.000 0.165 
333.000 0.167 
334.000 0.169 
335.000 0.172 
336.000 0.174 
337.000 0.176 
338.000 0.178 
339.000 0.180 
340.000 0.183 
341.000 0.185 
342.000 0.187 
343.000 0.189 
344.000 0.190 
345.000 0.192 
346.000 0.194 
347.000 0.196 
348.000 0.198 
349.000 0.199 
350.000 0.201 
351.000 0.203 
352.000 0.204 
353.000 0.206 
354.000 0.207 
355.000 0.209 
356.000 0.210 
357.000 0.212 
358.000 0.213 
359.000 0.214 
360.000 0.216 
361.000 0.217 
362.000 0.218 
363.000 0.219 
364.000 0.221 
365.000 0.222 
366.000 0.234 
367.000 0.262 
368.000 0.307 
369.000 0.362 
370.000 0.421 
371.000 0.477 
372.000 0.526 
373.000 0.562 
374.000 0.585 
375.000 0.595 
376.000 0.594 
377.000 0.585 
378.000 0.574 
379.000 0.564 
380.000 0.558 
381.000 0.557 
382.000 0.565 
383.000 0.580 
384.000 0.601 
385.000 0.627 
386.000 0.656 
387.000 0.686 
388.000 0.714 
389.000 0.739 
390.000 0.759 
391.000 0.773 
392.000 0.782 
393.000 0.786 
394.000 0.786 
395.000 0.784 
396.000 0.781 
397.000 0.778 
398.000 0.777 
399.000 0.778 
400.000 0.782 
401.000 0.789 
402.000 0.798 
403.000 0.808 
404.000 0.820 
405.000 0.831 
406.000 0.841 
407.000 0.850 
408.000 0.857 
409.000 0.862 
410.000 0.864 
411.000 0.865 
412.000 0.865 
413.000 0.863 
414.000 0.861 
415.000 0.860 
416.000 0.859 
417.000 0.859 
418.000 0.860 
419.000 0.863 
420.000 0.866 
421.000 0.870 
422.000 0.874 
423.000 0.878 
424.000 0.881 
425.000 0.884 
426.000 0.886 
427.000 0.888 
428.000 0.889 
429.000 0.889 
430.000 0.888 
431.000 0.887 
432.000 0.886 
433.000 0.885 
434.000 0.885 
435.000 0.885 
436.000 0.885 
437.000 0.886 
438.000 0.887 
439.000 0.888 
440.000 0.889 
441.000 0.891 
442.000 0.892 
443.000 0.893 
444.000 0.894 
445.000 0.894 
446.000 0.895 
447.000 0.894 
448.000 0.894 
449.000 0.894 
450.000 0.893 
451.000 0.893 
452.000 0.893 
453.000 0.893 
454.000 0.893 
455.000 0.893 
456.000 0.893 
457.000 0.894 
458.000 0.894 
459.000 0.895 
460.000 0.895 
461.000 0.895 
462.000 0.896 
463.000 0.896 
464.000 0.896 
465.000 0.896 
466.000 0.896 
467.000 0.895 
468.000 0.895 
469.000 0.895 
470.000 0.895 
471.000 0.895 
472.000 0.895 
473.000 0.895 
474.000 0.895 
475.000 0.895 
476.000 0.895 
477.000 0.896 
478.000 0.896 
479.000 0.896 
480.000 0.896 
481.000 0.896 
482.000 0.896 
483.000 0.896 
484.000 0.896 
485.000 0.896 
486.000 0.954 
487.000 1.105 
488.000 1.355 
489.000 1.684 
490.000 2.062 
491.000 2.461 
492.000 2.860 
493.000 3.243 
494.000 3.590 
495.000 3.873 
496.000 4.073 
497.000 4.179 
498.000 4.192 
499.000 4.120 
500.000 3.980 
501.000 3.795 
502.000 3.589 
503.000 3.387 
504.000 3.208 
505.000 3.068 
506.000 2.977 
507.000 2.940 
508.000 2.957 
509.000 3.024 
510.000 3.131 
511.000 3.270 
512.000 3.427 
513.000 3.589 
514.000 3.742 
515.000 3.875 
516.000 3.977 
517.000 4.042 
518.000 4.065 
519.000 4.046 
520.000 3.990 
521.000 3.903 
522.000 3.795 
523.000 3.677 
524.000 3.559 
525.000 3.453 
526.000 3.365 
527.000 3.302 
528.000 3.267 
529.000 3.262 
530.000 3.283 
531.000 3.329 
532.000 3.393 
533.000 3.469 
534.000 3.550 
535.000 3.629 
536.000 3.699 
537.000 3.755 
538.000 3.794 
539.000 3.812 
540.000 3.809 
541.000 3.787 
542.000 3.749 
543.000 3.698 
544.000 3.641 
545.000 3.582 
546.000 3.527 
547.000 3.480 
548.000 3.445 
549.000 3.423 
550.000 3.415 
551.000 3.422 
552.000 3.442 
553.000 3.471 
554.000 3.508 
555.000 3.548 
556.000 3.589 
557.000 3.626 
558.000 3.656 
559.000 3.678 
560.000 3.690 
561.000 3.692 
562.000 3.684 
563.000 3.667 
564.000 3.644 
565.000 3.617 
566.000 3.588 
567.000 3.559 
568.000 3.535 
569.000 3.515 
570.000 3.502 
571.000 3.496 
572.000 3.497 
573.000 3.505 
574.000 3.518 
575.000 3.536 
576.000 3.555 
577.000 3.576 
578.000 3.595 
579.000 3.611 
580.000 3.624 
581.000 3.631 
582.000 3.634 
583.000 3.631 
584.000 3.624 
585.000 3.614 
586.000 3.600 
587.000 3.586 
588.000 3.572 
589.000 3.559 
590.000 3.548 
591.000 3.540 
592.000 3.536 
593.000 3.536 
594.000 3.539 
595.000 3.545 
596.000 3.553 
597.000 3.562 
598.000 3.573 
599.000 3.582 
600.000 3.591 
601.000 3.598 
602.000 3.603 
603.000 3.605 
604.000 3.604 
605.000 3.601 
606.000 3.650 
607.000 3.756 
608.000 3.899 
609.000 4.063 
610.000 4.236 
611.000 4.409 
612.000 4.576 
613.000 4.731 
614.000 4.874 
615.000 5.001 
616.000 5.113 
617.000 5.211 
618.000 5.294 
619.000 5.364 
620.000 5.422 
621.000 5.470 
622.000 5.508 
623.000 5.538 
624.000 5.562 
625.000 5.580 
626.000 5.593 
627.000 5.602 
628.000 5.609 
629.000 5.613 
630.000 5.615 
631.000 5.616 
632.000 5.615 
633.000 5.614 
634.000 5.613 
635.000 5.611 
636.000 5.609 
637.000 5.607 
638.000 5.606 
639.000 5.604 
640.000 5.602 
641.000 5.601 
642.000 5.600 
643.000 5.599 
644.000 5.598 
645.000 5.597 
646.000 5.596 
647.000 5.596 
648.000 5.595 
649.000 5.595 
650.000 5.595 
651.000 5.594 
652.000 5.594 
653.000 5.594 
654.000 5.594 
655.000 5.594 
656.000 5.594 
657.000 5.594 
658.000 5.594 
659.000 5.594 
660.000 5.594 
661.000 5.594 
662.000 5.594 
663.000 5.594 
664.000 5.594 
665.000 5.594 
666.000 5.594 
667.000 5.594 
668.000 5.594 
669.000 5.594 
670.000 5.594 
671.000 5.594 
672.000 5.594 
673.000 5.594 
674.000 5.594 
675.000 5.594 
676.000 5.594 
677.000 5.594 
678.000 5.594 
679.000 5.594 
680.000 5.594 
681.000 5.594 
682.000 5.594 
683.000 5.594 
684.000 5.594 
685.000 5.594 
686.000 5.594 
687.000 5.594 
688.000 5.594 
689.000 5.594 
690.000 5.594 
691.000 5.594 
692.000 5.594 
693.000 5.594 
694.000 5.594 
695.000 5.594 
696.000 5.594 
697.000 5.594 
698.000 5.594 
699.000 5.594 
700.000 5.594 
701.000 5.594 
702.000 5.594 
703.000 5.594 
704.000 5.594 
705.000 5.594 
706.000 5.594 
707.000 5.594 
708.000 5.594 
709.000 5.594 
710.000 5.594 
711.000 5.594 
712.000 5.594 
713.000 5.594 
714.000 5.594 
715.000 5.594 
716.000 5.594 
717.000 5.594 
718.000 5.594 
719.000 5.594 
720.000 5.594 
721.000 5.594 
722.000 5.594 
723.000 5.594 
724.000 5.594 
725.000 5.594 
726.000 5.594 
727.000 5.594 
728.000 5.594 
729.000 5.594 
730.000 5.594 
731.000 5.594 
732.000 5.594 
733.000 5.594 
734.000 5.594 
735.000 5.594 
736.000 5.594 
737.000 5.594 
738.000 5.594 
739.000 5.594 
740.000 5.594 
741.000 5.594 
742.000 5.594 
743.000 5.594 
744.000 5.594 
745.000 5.594 
746.000 5.594 
747.000 5.594 
748.000 5.594 
749.000 5.594 
750.000 5.594 
751.000 5.594 
752.000 5.594 
753.000 5.594 
754.000 5.594 
755.000 5.594 
756.000 5.594 
757.000 5.594 
758.000 5.594 
759.000 5.594 
760.000 5.594 
761.000 5.594 
762.000 5.594 
763.000 5.594 
764.000 5.594 
765.000 5.594 
766.000 5.594 
767.000 5.594 
768.000 5.594 
769.000 5.594 
770.000 5.594 
771.000 5.594 
772.000 5.594 
773.000 5.594 
774.000 5.594 
775.000 5.594 
776.000 5.594 
777.000 5.594 
778.000 5.594 
779.000 5.594 
780.000 5.594 
781.000 5.594 
782.000 5.594 
783.000 5.594 
784.000 5.594 
785.000 5.594 
786.000 5.594 
787.000 5.594 
788.000 5.594 
789.000 5.594 
790.000 5.594 
791.000 5.594 
792.000 5.594 
793.000 5.594 
794.000 5.594 
795.000 5.594 
796.000 5.594 
797.000 5.594 
798.000 5.594 
799.000 5.594 
800.000 5.594 
