1.000 0.000 
2.000 0.000 
3.000 0.000 
4.000 0.000 
5.000 0.000 
6.000 0.000 
7.000 0.000 
8.000 0.000 
9.000 0.000 
10.000 0.000 
11.000 0.000 
12.000 -0.000 
13.000 -0.002 
14.000 -0.004 
15.000 -0.006 
16.000 -0.008 
17.000 -0.010 
18.000 -0.012 
19.000 -0.014 
20.000 -0.015 
21.000 -0.016 
22.000 -0.016 
23.000 -0.017 
24.000 -0.018 
25.000 -0.018 
26.000 -0.019 
27.000 -0.019 
28.000 -0.020 
29.000 -0.021 
30.000 -0.022 
31.000 -0.023 
32.000 -0.023 
33.000 -0.024 
34.000 -0.025 
35.000 -0.026 
36.000 -0.027 
37.000 -0.028 
38.000 -0.028 
39.000 -0.029 
40.000 -0.030 
41.000 -0.031 
42.000 -0.031 
43.000 -0.032 
44.000 -0.033 
45.000 -0.033 
46.000 -0.034 
47.000 -0.034 
48.000 -0.035 
49.000 -0.036 
50.000 -0.036 
51.000 -0.037 
52.000 -0.038 
53.000 -0.038 
54.000 -0.039 
55.000 -0.039 
56.000 -0.040 
57.000 -0.041 
58.000 -0.041 
59.000 -0.042 
60.000 -0.042 
61.000 -0.043 
62.000 -0.043 
63.000 -0.044 
64.000 -0.044 
65.000 -0.045 
66.000 -0.045 
67.000 -0.046 
68.000 -0.046 
69.000 -0.047 
70.000 -0.047 
71.000 -0.048 
72.000 -0.048 
73.000 -0.049 
74.000 -0.049 
75.000 -0.050 
76.000 -0.050 
77.000 -0.050 
78.000 -0.051 
79.000 -0.051 
80.000 -0.052 
81.000 -0.052 
82.000 -0.053 
83.000 -0.053 
84.000 -0.053 
85.000 -0.054 
86.000 -0.054 
87.000 -0.055 
88.000 -0.055 
89.000 -0.055 
90.000 -0.056 
91.000 -0.056 
92.000 -0.057 
93.000 -0.057 
94.000 -0.057 
95.000 -0.058 
96.000 -0.058 
97.000 -0.058 
98.000 -0.059 
99.000 -0.059 
100.000 -0.059 
101.000 -0.060 
102.000 -0.060 
103.000 -0.060 
104.000 -0.061 
105.000 -0.061 
106.000 -0.061 
107.000 -0.062 
108.000 -0.062 
109.000 -0.062 
110.000 -0.063 
111.000 -0.063 
112.000 -0.063 
113.000 -0.064 
114.000 -0.064 
115.000 -0.064 
116.000 -0.065 
117.000 -0.065 
118.000 -0.065 
119.000 -0.065 
120.000 -0.066 
121.000 -0.066 
122.000 -0.066 
123.000 -0.067 
124.000 -0.067 
125.000 -0.067 
126.000 -0.067 
127.000 -0.067 
128.000 -0.067 
129.000 -0.067 
130.000 -0.067 
131.000 -0.067 
132.000 -0.067 
133.000 -0.067 
134.000 -0.067 
135.000 -0.067 
136.000 -0.067 
137.000 -0.067 
138.000 -0.067 
139.000 -0.067 
140.000 -0.067 
141.000 -0.067 
142.000 -0.067 
143.000 -0.067 
144.000 -0.067 
145.000 -0.067 
146.000 -0.067 
147.000 -0.068 
148.000 -0.068 
149.000 -0.068 
150.000 -0.068 
151.000 -0.068 
152.000 -0.068 
153.000 -0.068 
154.000 -0.068 
155.000 -0.068 
156.000 -0.068 
157.000 -0.068 
158.000 -0.068 
159.000 -0.068 
160.000 -0.068 
161.000 -0.068 
162.000 -0.068 
163.000 -0.068 
164.000 -0.068 
165.000 -0.068 
166.000 -0.068 
167.000 -0.068 
168.000 -0.068 
169.000 -0.068 
170.000 -0.068 
171.000 -0.069 
172.000 -0.069 
173.000 -0.069 
174.000 -0.069 
175.000 -0.069 
176.000 -0.069 
177.000 -0.069 
178.000 -0.069 
179.000 -0.069 
180.000 -0.069 
181.000 -0.069 
182.000 -0.069 
183.000 -0.069 
184.000 -0.069 
185.000 -0.069 
186.000 -0.069 
187.000 -0.069 
188.000 -0.069 
189.000 -0.069 
190.000 -0.069 
191.000 -0.069 
192.000 -0.069 
193.000 -0.069 
194.000 -0.069 
195.000 -0.069 
196.000 -0.070 
197.000 -0.070 
198.000 -0.070 
199.000 -0.070 
200.000 -0.070 
201.000 -0.070 
202.000 -0.070 
203.000 -0.070 
204.000 -0.070 
205.000 -0.070 
206.000 -0.070 
207.000 -0.070 
208.000 -0.070 
209.000 -0.070 
210.000 -0.070 
211.000 -0.070 
212.000 -0.070 
213.000 -0.070 
214.000 -0.070 
215.000 -0.070 
216.000 -0.070 
217.000 -0.070 
218.000 -0.070 
219.000 -0.070 
220.000 -0.070 
221.000 -0.070 
222.000 -0.070 
223.000 -0.070 
224.000 -0.071 
225.000 -0.071 
226.000 -0.071 
227.000 -0.071 
228.000 -0.071 
229.000 -0.071 
230.000 -0.071 
231.000 -0.071 
232.000 -0.071 
233.000 -0.071 
234.000 -0.071 
235.000 -0.071 
236.000 -0.071 
237.000 -0.071 
238.000 -0.071 
239.000 -0.071 
240.000 -0.071 
241.000 -0.071 
242.000 -0.071 
243.000 -0.071 
244.000 -0.071 
245.000 -0.071 
246.000 -0.071 
247.000 -0.070 
248.000 -0.067 
249.000 -0.065 
250.000 -0.062 
251.000 -0.059 
252.000 -0.057 
253.000 -0.055 
254.000 -0.053 
255.000 -0.052 
256.000 -0.051 
257.000 -0.050 
258.000 -0.049 
259.000 -0.048 
260.000 -0.046 
261.000 -0.045 
262.000 -0.044 
263.000 -0.042 
264.000 -0.041 
265.000 -0.039 
266.000 -0.037 
267.000 -0.035 
268.000 -0.033 
269.000 -0.031 
270.000 -0.029 
271.000 -0.027 
272.000 -0.025 
273.000 -0.023 
274.000 -0.021 
275.000 -0.019 
276.000 -0.017 
277.000 -0.015 
278.000 -0.013 
279.000 -0.011 
280.000 -0.009 
281.000 -0.007 
282.000 -0.005 
283.000 -0.003 
284.000 -0.000 
285.000 0.002 
286.000 0.004 
287.000 0.006 
288.000 0.009 
289.000 0.011 
290.000 0.014 
291.000 0.016 
292.000 0.018 
293.000 0.021 
294.000 0.023 
295.000 0.026 
296.000 0.028 
297.000 0.031 
298.000 0.033 
299.000 0.036 
300.000 0.038 
301.000 0.041 
302.000 0.043 
303.000 0.046 
304.000 0.048 
305.000 0.051 
306.000 0.054 
307.000 0.056 
308.000 0.059 
309.000 0.061 
310.000 0.064 
311.000 0.067 
312.000 0.069 
313.000 0.072 
314.000 0.074 
315.000 0.077 
316.000 0.080 
317.000 0.082 
318.000 0.085 
319.000 0.087 
320.000 0.090 
321.000 0.092 
322.000 0.095 
323.000 0.098 
324.000 0.100 
325.000 0.103 
326.000 0.105 
327.000 0.108 
328.000 0.110 
329.000 0.113 
330.000 0.115 
331.000 0.117 
332.000 0.120 
333.000 0.122 
334.000 0.125 
335.000 0.127 
336.000 0.129 
337.000 0.132 
338.000 0.134 
339.000 0.136 
340.000 0.138 
341.000 0.141 
342.000 0.143 
343.000 0.145 
344.000 0.147 
345.000 0.149 
346.000 0.151 
347.000 0.153 
348.000 0.155 
349.000 0.158 
350.000 0.160 
351.000 0.161 
352.000 0.163 
353.000 0.165 
354.000 0.167 
355.000 0.169 
356.000 0.171 
357.000 0.173 
358.000 0.175 
359.000 0.176 
360.000 0.178 
361.000 0.180 
362.000 0.181 
363.000 0.183 
364.000 0.185 
365.000 0.186 
366.000 0.192 
367.000 0.206 
368.000 0.227 
369.000 0.254 
370.000 0.285 
371.000 0.317 
372.000 0.349 
373.000 0.379 
374.000 0.406 
375.000 0.429 
376.000 0.448 
377.000 0.463 
378.000 0.475 
379.000 0.485 
380.000 0.493 
381.000 0.501 
382.000 0.509 
383.000 0.517 
384.000 0.526 
385.000 0.537 
386.000 0.549 
387.000 0.563 
388.000 0.577 
389.000 0.592 
390.000 0.608 
391.000 0.624 
392.000 0.639 
393.000 0.654 
394.000 0.668 
395.000 0.681 
396.000 0.693 
397.000 0.703 
398.000 0.713 
399.000 0.722 
400.000 0.730 
401.000 0.737 
402.000 0.744 
403.000 0.750 
404.000 0.756 
405.000 0.763 
406.000 0.768 
407.000 0.774 
408.000 0.780 
409.000 0.786 
410.000 0.792 
411.000 0.798 
412.000 0.804 
413.000 0.809 
414.000 0.814 
415.000 0.819 
416.000 0.824 
417.000 0.828 
418.000 0.832 
419.000 0.836 
420.000 0.839 
421.000 0.842 
422.000 0.845 
423.000 0.848 
424.000 0.850 
425.000 0.853 
426.000 0.855 
427.000 0.857 
428.000 0.859 
429.000 0.861 
430.000 0.863 
431.000 0.865 
432.000 0.866 
433.000 0.868 
434.000 0.870 
435.000 0.871 
436.000 0.873 
437.000 0.874 
438.000 0.876 
439.000 0.877 
440.000 0.878 
441.000 0.879 
442.000 0.880 
443.000 0.881 
444.000 0.882 
445.000 0.883 
446.000 0.883 
447.000 0.884 
448.000 0.885 
449.000 0.885 
450.000 0.886 
451.000 0.886 
452.000 0.887 
453.000 0.887 
454.000 0.888 
455.000 0.888 
456.000 0.889 
457.000 0.889 
458.000 0.890 
459.000 0.890 
460.000 0.890 
461.000 0.891 
462.000 0.891 
463.000 0.891 
464.000 0.892 
465.000 0.892 
466.000 0.892 
467.000 0.892 
468.000 0.893 
469.000 0.893 
470.000 0.893 
471.000 0.893 
472.000 0.893 
473.000 0.893 
474.000 0.894 
475.000 0.894 
476.000 0.894 
477.000 0.894 
478.000 0.894 
479.000 0.894 
480.000 0.894 
481.000 0.894 
482.000 0.894 
483.000 0.895 
484.000 0.895 
485.000 0.895 
486.000 0.923 
487.000 0.998 
488.000 1.125 
489.000 1.302 
490.000 1.521 
491.000 1.770 
492.000 2.040 
493.000 2.319 
494.000 2.594 
495.000 2.856 
496.000 3.095 
497.000 3.303 
498.000 3.477 
499.000 3.612 
500.000 3.708 
501.000 3.766 
502.000 3.788 
503.000 3.779 
504.000 3.746 
505.000 3.693 
506.000 3.629 
507.000 3.558 
508.000 3.488 
509.000 3.422 
510.000 3.367 
511.000 3.323 
512.000 3.294 
513.000 3.279 
514.000 3.280 
515.000 3.294 
516.000 3.320 
517.000 3.356 
518.000 3.399 
519.000 3.447 
520.000 3.497 
521.000 3.546 
522.000 3.591 
523.000 3.632 
524.000 3.666 
525.000 3.692 
526.000 3.710 
527.000 3.718 
528.000 3.719 
529.000 3.712 
530.000 3.699 
531.000 3.680 
532.000 3.658 
533.000 3.634 
534.000 3.609 
535.000 3.584 
536.000 3.562 
537.000 3.542 
538.000 3.526 
539.000 3.515 
540.000 3.507 
541.000 3.505 
542.000 3.506 
543.000 3.510 
544.000 3.518 
545.000 3.528 
546.000 3.540 
547.000 3.553 
548.000 3.565 
549.000 3.577 
550.000 3.588 
551.000 3.597 
552.000 3.605 
553.000 3.610 
554.000 3.613 
555.000 3.613 
556.000 3.612 
557.000 3.609 
558.000 3.604 
559.000 3.599 
560.000 3.592 
561.000 3.586 
562.000 3.580 
563.000 3.574 
564.000 3.568 
565.000 3.564 
566.000 3.560 
567.000 3.558 
568.000 3.557 
569.000 3.557 
570.000 3.558 
571.000 3.560 
572.000 3.563 
573.000 3.566 
574.000 3.569 
575.000 3.572 
576.000 3.575 
577.000 3.578 
578.000 3.581 
579.000 3.583 
580.000 3.584 
581.000 3.585 
582.000 3.586 
583.000 3.585 
584.000 3.585 
585.000 3.584 
586.000 3.582 
587.000 3.581 
588.000 3.579 
589.000 3.577 
590.000 3.576 
591.000 3.574 
592.000 3.573 
593.000 3.572 
594.000 3.571 
595.000 3.571 
596.000 3.571 
597.000 3.571 
598.000 3.572 
599.000 3.572 
600.000 3.573 
601.000 3.574 
602.000 3.575 
603.000 3.576 
604.000 3.576 
605.000 3.577 
606.000 3.603 
607.000 3.672 
608.000 3.788 
609.000 3.937 
610.000 4.104 
611.000 4.277 
612.000 4.449 
613.000 4.613 
614.000 4.766 
615.000 4.905 
616.000 5.028 
617.000 5.137 
618.000 5.231 
619.000 5.311 
620.000 5.378 
621.000 5.434 
622.000 5.479 
623.000 5.516 
624.000 5.544 
625.000 5.566 
626.000 5.583 
627.000 5.595 
628.000 5.604 
629.000 5.610 
630.000 5.613 
631.000 5.615 
632.000 5.616 
633.000 5.615 
634.000 5.614 
635.000 5.612 
636.000 5.611 
637.000 5.609 
638.000 5.607 
639.000 5.605 
640.000 5.604 
641.000 5.602 
642.000 5.601 
643.000 5.599 
644.000 5.598 
645.000 5.597 
646.000 5.597 
647.000 5.596 
648.000 5.596 
649.000 5.595 
650.000 5.595 
651.000 5.595 
652.000 5.594 
653.000 5.594 
654.000 5.594 
655.000 5.594 
656.000 5.594 
657.000 5.594 
658.000 5.594 
659.000 5.594 
660.000 5.594 
661.000 5.594 
662.000 5.594 
663.000 5.594 
664.000 5.594 
665.000 5.594 
666.000 5.594 
667.000 5.594 
668.000 5.594 
669.000 5.594 
670.000 5.594 
671.000 5.594 
672.000 5.594 
673.000 5.594 
674.000 5.594 
675.000 5.594 
676.000 5.594 
677.000 5.594 
678.000 5.594 
679.000 5.594 
680.000 5.594 
681.000 5.594 
682.000 5.594 
683.000 5.594 
684.000 5.594 
685.000 5.594 
686.000 5.594 
687.000 5.594 
688.000 5.594 
689.000 5.594 
690.000 5.594 
691.000 5.594 
692.000 5.594 
693.000 5.594 
694.000 5.594 
695.000 5.594 
696.000 5.594 
697.000 5.594 
698.000 5.594 
699.000 5.594 
700.000 5.594 
701.000 5.594 
702.000 5.594 
703.000 5.594 
704.000 5.594 
705.000 5.594 
706.000 5.594 
707.000 5.594 
708.000 5.594 
709.000 5.594 
710.000 5.594 
711.000 5.594 
712.000 5.594 
713.000 5.594 
714.000 5.594 
715.000 5.594 
716.000 5.594 
717.000 5.594 
718.000 5.594 
719.000 5.594 
720.000 5.594 
721.000 5.594 
722.000 5.594 
723.000 5.594 
724.000 5.594 
725.000 5.594 
726.000 5.594 
727.000 5.594 
728.000 5.594 
729.000 5.594 
730.000 5.594 
731.000 5.594 
732.000 5.594 
733.000 5.594 
734.000 5.594 
735.000 5.594 
736.000 5.594 
737.000 5.594 
738.000 5.594 
739.000 5.594 
740.000 5.594 
741.000 5.594 
742.000 5.594 
743.000 5.594 
744.000 5.594 
745.000 5.594 
746.000 5.594 
747.000 5.594 
748.000 5.594 
749.000 5.594 
750.000 5.594 
751.000 5.594 
752.000 5.594 
753.000 5.594 
754.000 5.594 
755.000 5.594 
756.000 5.594 
757.000 5.594 
758.000 5.594 
759.000 5.594 
760.000 5.594 
761.000 5.594 
762.000 5.594 
763.000 5.594 
764.000 5.594 
765.000 5.594 
766.000 5.594 
767.000 5.594 
768.000 5.594 
769.000 5.594 
770.000 5.594 
771.000 5.594 
772.000 5.594 
773.000 5.594 
774.000 5.594 
775.000 5.594 
776.000 5.594 
777.000 5.594 
778.000 5.594 
779.000 5.594 
780.000 5.594 
781.000 5.594 
782.000 5.594 
783.000 5.594 
784.000 5.594 
785.000 5.594 
786.000 5.594 
787.000 5.594 
788.000 5.594 
789.000 5.594 
790.000 5.594 
791.000 5.594 
792.000 5.594 
793.000 5.594 
794.000 5.594 
795.000 5.594 
796.000 5.594 
797.000 5.594 
798.000 5.594 
799.000 5.594 
800.000 5.594 
