1.000 0.000 
2.000 0.000 
3.000 0.000 
4.000 0.000 
5.000 0.000 
6.000 0.000 
7.000 0.000 
8.000 0.000 
9.000 0.000 
10.000 0.000 
11.000 0.000 
12.000 -0.002 
13.000 -0.006 
14.000 -0.011 
15.000 -0.016 
16.000 -0.021 
17.000 -0.024 
18.000 -0.025 
19.000 -0.025 
20.000 -0.024 
21.000 -0.023 
22.000 -0.022 
23.000 -0.022 
24.000 -0.022 
25.000 -0.024 
26.000 -0.026 
27.000 -0.028 
28.000 -0.030 
29.000 -0.032 
30.000 -0.034 
31.000 -0.035 
32.000 -0.036 
33.000 -0.036 
34.000 -0.036 
35.000 -0.037 
36.000 -0.037 
37.000 -0.038 
38.000 -0.039 
39.000 -0.040 
40.000 -0.041 
41.000 -0.042 
42.000 -0.043 
43.000 -0.044 
44.000 -0.045 
45.000 -0.046 
46.000 -0.046 
47.000 -0.047 
48.000 -0.047 
49.000 -0.048 
50.000 -0.049 
51.000 -0.049 
52.000 -0.050 
53.000 -0.051 
54.000 -0.051 
55.000 -0.052 
56.000 -0.053 
57.000 -0.053 
58.000 -0.054 
59.000 -0.055 
60.000 -0.055 
61.000 -0.056 
62.000 -0.056 
63.000 -0.057 
64.000 -0.057 
65.000 -0.058 
66.000 -0.058 
67.000 -0.059 
68.000 -0.059 
69.000 -0.060 
70.000 -0.061 
71.000 -0.061 
72.000 -0.062 
73.000 -0.062 
74.000 -0.062 
75.000 -0.063 
76.000 -0.063 
77.000 -0.064 
78.000 -0.064 
79.000 -0.065 
80.000 -0.065 
81.000 -0.066 
82.000 -0.066 
83.000 -0.066 
84.000 -0.067 
85.000 -0.067 
86.000 -0.068 
87.000 -0.068 
88.000 -0.068 
89.000 -0.069 
90.000 -0.069 
91.000 -0.070 
92.000 -0.070 
93.000 -0.070 
94.000 -0.071 
95.000 -0.071 
96.000 -0.071 
97.000 -0.072 
98.000 -0.072 
99.000 -0.072 
100.000 -0.073 
101.000 -0.073 
102.000 -0.073 
103.000 -0.074 
104.000 -0.074 
105.000 -0.074 
106.000 -0.075 
107.000 -0.075 
108.000 -0.075 
109.000 -0.076 
110.000 -0.076 
111.000 -0.076 
112.000 -0.077 
113.000 -0.077 
114.000 -0.077 
115.000 -0.077 
116.000 -0.078 
117.000 -0.078 
118.000 -0.078 
119.000 -0.079 
120.000 -0.079 
121.000 -0.079 
122.000 -0.079 
123.000 -0.080 
124.000 -0.080 
125.000 -0.080 
126.000 -0.080 
127.000 -0.080 
128.000 -0.079 
129.000 -0.078 
130.000 -0.078 
131.000 -0.078 
132.000 -0.078 
133.000 -0.078 
134.000 -0.078 
135.000 -0.079 
136.000 -0.079 
137.000 -0.079 
138.000 -0.080 
139.000 -0.079 
140.000 -0.079 
141.000 -0.079 
142.000 -0.079 
143.000 -0.079 
144.000 -0.079 
145.000 -0.079 
146.000 -0.079 
147.000 -0.079 
148.000 -0.079 
149.000 -0.079 
150.000 -0.079 
151.000 -0.079 
152.000 -0.079 
153.000 -0.079 
154.000 -0.079 
155.000 -0.079 
156.000 -0.079 
157.000 -0.079 
158.000 -0.079 
159.000 -0.079 
160.000 -0.079 
161.000 -0.079 
162.000 -0.079 
163.000 -0.079 
164.000 -0.079 
165.000 -0.079 
166.000 -0.079 
167.000 -0.079 
168.000 -0.079 
169.000 -0.079 
170.000 -0.079 
171.000 -0.079 
172.000 -0.079 
173.000 -0.079 
174.000 -0.079 
175.000 -0.079 
176.000 -0.079 
177.000 -0.079 
178.000 -0.079 
179.000 -0.079 
180.000 -0.079 
181.000 -0.079 
182.000 -0.079 
183.000 -0.079 
184.000 -0.079 
185.000 -0.079 
186.000 -0.079 
187.000 -0.079 
188.000 -0.079 
189.000 -0.079 
190.000 -0.079 
191.000 -0.079 
192.000 -0.079 
193.000 -0.079 
194.000 -0.079 
195.000 -0.079 
196.000 -0.079 
197.000 -0.079 
198.000 -0.079 
199.000 -0.079 
200.000 -0.079 
201.000 -0.079 
202.000 -0.079 
203.000 -0.079 
204.000 -0.079 
205.000 -0.079 
206.000 -0.079 
207.000 -0.079 
208.000 -0.079 
209.000 -0.079 
210.000 -0.079 
211.000 -0.079 
212.000 -0.079 
213.000 -0.079 
214.000 -0.079 
215.000 -0.079 
216.000 -0.079 
217.000 -0.079 
218.000 -0.079 
219.000 -0.079 
220.000 -0.079 
221.000 -0.079 
222.000 -0.079 
223.000 -0.079 
224.000 -0.079 
225.000 -0.079 
226.000 -0.079 
227.000 -0.079 
228.000 -0.079 
229.000 -0.079 
230.000 -0.079 
231.000 -0.079 
232.000 -0.079 
233.000 -0.079 
234.000 -0.079 
235.000 -0.079 
236.000 -0.079 
237.000 -0.079 
238.000 -0.079 
239.000 -0.079 
240.000 -0.079 
241.000 -0.079 
242.000 -0.079 
243.000 -0.079 
244.000 -0.079 
245.000 -0.079 
246.000 -0.078 
247.000 -0.074 
248.000 -0.067 
249.000 -0.060 
250.000 -0.053 
251.000 -0.049 
252.000 -0.048 
253.000 -0.048 
254.000 -0.050 
255.000 -0.051 
256.000 -0.053 
257.000 -0.053 
258.000 -0.051 
259.000 -0.048 
260.000 -0.044 
261.000 -0.039 
262.000 -0.034 
263.000 -0.029 
264.000 -0.025 
265.000 -0.022 
266.000 -0.020 
267.000 -0.019 
268.000 -0.017 
269.000 -0.016 
270.000 -0.014 
271.000 -0.011 
272.000 -0.008 
273.000 -0.004 
274.000 0.000 
275.000 0.005 
276.000 0.009 
277.000 0.013 
278.000 0.017 
279.000 0.021 
280.000 0.024 
281.000 0.027 
282.000 0.030 
283.000 0.033 
284.000 0.036 
285.000 0.040 
286.000 0.043 
287.000 0.048 
288.000 0.052 
289.000 0.056 
290.000 0.060 
291.000 0.064 
292.000 0.068 
293.000 0.072 
294.000 0.075 
295.000 0.079 
296.000 0.082 
297.000 0.086 
298.000 0.090 
299.000 0.093 
300.000 0.097 
301.000 0.101 
302.000 0.105 
303.000 0.109 
304.000 0.112 
305.000 0.116 
306.000 0.120 
307.000 0.123 
308.000 0.126 
309.000 0.130 
310.000 0.133 
311.000 0.136 
312.000 0.139 
313.000 0.142 
314.000 0.145 
315.000 0.149 
316.000 0.152 
317.000 0.155 
318.000 0.158 
319.000 0.161 
320.000 0.164 
321.000 0.166 
322.000 0.169 
323.000 0.172 
324.000 0.174 
325.000 0.177 
326.000 0.179 
327.000 0.181 
328.000 0.184 
329.000 0.186 
330.000 0.188 
331.000 0.191 
332.000 0.193 
333.000 0.195 
334.000 0.197 
335.000 0.199 
336.000 0.201 
337.000 0.203 
338.000 0.205 
339.000 0.206 
340.000 0.208 
341.000 0.210 
342.000 0.211 
343.000 0.213 
344.000 0.215 
345.000 0.216 
346.000 0.218 
347.000 0.219 
348.000 0.220 
349.000 0.222 
350.000 0.223 
351.000 0.224 
352.000 0.225 
353.000 0.227 
354.000 0.228 
355.000 0.229 
356.000 0.230 
357.000 0.231 
358.000 0.232 
359.000 0.233 
360.000 0.234 
361.000 0.235 
362.000 0.236 
363.000 0.236 
364.000 0.237 
365.000 0.238 
366.000 0.256 
367.000 0.301 
368.000 0.371 
369.000 0.456 
370.000 0.544 
371.000 0.622 
372.000 0.679 
373.000 0.707 
374.000 0.706 
375.000 0.681 
376.000 0.640 
377.000 0.594 
378.000 0.553 
379.000 0.526 
380.000 0.518 
381.000 0.531 
382.000 0.563 
383.000 0.613 
384.000 0.674 
385.000 0.738 
386.000 0.798 
387.000 0.847 
388.000 0.877 
389.000 0.888 
390.000 0.878 
391.000 0.853 
392.000 0.818 
393.000 0.780 
394.000 0.748 
395.000 0.725 
396.000 0.716 
397.000 0.722 
398.000 0.743 
399.000 0.775 
400.000 0.815 
401.000 0.857 
402.000 0.895 
403.000 0.924 
404.000 0.941 
405.000 0.944 
406.000 0.934 
407.000 0.912 
408.000 0.884 
409.000 0.855 
410.000 0.828 
411.000 0.809 
412.000 0.800 
413.000 0.802 
414.000 0.815 
415.000 0.836 
416.000 0.862 
417.000 0.890 
418.000 0.916 
419.000 0.935 
420.000 0.946 
421.000 0.948 
422.000 0.939 
423.000 0.923 
424.000 0.902 
425.000 0.880 
426.000 0.860 
427.000 0.846 
428.000 0.838 
429.000 0.838 
430.000 0.846 
431.000 0.860 
432.000 0.878 
433.000 0.897 
434.000 0.915 
435.000 0.929 
436.000 0.937 
437.000 0.938 
438.000 0.932 
439.000 0.921 
440.000 0.906 
441.000 0.890 
442.000 0.875 
443.000 0.864 
444.000 0.857 
445.000 0.857 
446.000 0.862 
447.000 0.871 
448.000 0.884 
449.000 0.898 
450.000 0.911 
451.000 0.921 
452.000 0.926 
453.000 0.927 
454.000 0.923 
455.000 0.915 
456.000 0.905 
457.000 0.893 
458.000 0.883 
459.000 0.874 
460.000 0.869 
461.000 0.869 
462.000 0.872 
463.000 0.878 
464.000 0.887 
465.000 0.897 
466.000 0.906 
467.000 0.913 
468.000 0.918 
469.000 0.919 
470.000 0.916 
471.000 0.911 
472.000 0.903 
473.000 0.895 
474.000 0.887 
475.000 0.881 
476.000 0.877 
477.000 0.877 
478.000 0.879 
479.000 0.883 
480.000 0.889 
481.000 0.896 
482.000 0.903 
483.000 0.908 
484.000 0.911 
485.000 0.912 
486.000 0.996 
487.000 1.206 
488.000 1.517 
489.000 1.889 
490.000 2.290 
491.000 2.696 
492.000 3.092 
493.000 3.464 
494.000 3.808 
495.000 4.117 
496.000 4.391 
497.000 4.607 
498.000 4.714 
499.000 4.679 
500.000 4.506 
501.000 4.230 
502.000 3.901 
503.000 3.570 
504.000 3.281 
505.000 3.065 
506.000 2.942 
507.000 2.920 
508.000 2.996 
509.000 3.146 
510.000 3.343 
511.000 3.566 
512.000 3.800 
513.000 4.031 
514.000 4.253 
515.000 4.454 
516.000 4.601 
517.000 4.666 
518.000 4.636 
519.000 4.513 
520.000 4.315 
521.000 4.067 
522.000 3.801 
523.000 3.549 
524.000 3.336 
525.000 3.183 
526.000 3.102 
527.000 3.095 
528.000 3.161 
529.000 3.288 
530.000 3.462 
531.000 3.661 
532.000 3.863 
533.000 4.044 
534.000 4.180 
535.000 4.254 
536.000 4.254 
537.000 4.180 
538.000 4.037 
539.000 3.846 
540.000 3.629 
541.000 3.414 
542.000 3.226 
543.000 3.084 
544.000 3.002 
545.000 2.987 
546.000 3.037 
547.000 3.147 
548.000 3.304 
549.000 3.491 
550.000 3.688 
551.000 3.873 
552.000 4.024 
553.000 4.124 
554.000 4.161 
555.000 4.128 
556.000 4.030 
557.000 3.879 
558.000 3.696 
559.000 3.502 
560.000 3.323 
561.000 3.178 
562.000 3.081 
563.000 3.043 
564.000 3.064 
565.000 3.142 
566.000 3.268 
567.000 3.427 
568.000 3.603 
569.000 3.776 
570.000 3.926 
571.000 4.037 
572.000 4.094 
573.000 4.091 
574.000 4.027 
575.000 3.910 
576.000 3.756 
577.000 3.584 
578.000 3.415 
579.000 3.270 
580.000 3.163 
581.000 3.105 
582.000 3.101 
583.000 3.151 
584.000 3.247 
585.000 3.379 
586.000 3.533 
587.000 3.691 
588.000 3.837 
589.000 3.953 
590.000 4.025 
591.000 4.045 
592.000 4.010 
593.000 3.924 
594.000 3.798 
595.000 3.649 
596.000 3.495 
597.000 3.353 
598.000 3.241 
599.000 3.170 
600.000 3.145 
601.000 3.170 
602.000 3.239 
603.000 3.346 
604.000 3.477 
605.000 3.620 
606.000 3.786 
607.000 3.970 
608.000 4.161 
609.000 4.350 
610.000 4.529 
611.000 4.696 
612.000 4.847 
613.000 4.982 
614.000 5.100 
615.000 5.202 
616.000 5.289 
617.000 5.362 
618.000 5.422 
619.000 5.471 
620.000 5.511 
621.000 5.541 
622.000 5.565 
623.000 5.583 
624.000 5.596 
625.000 5.606 
626.000 5.612 
627.000 5.615 
628.000 5.617 
629.000 5.618 
630.000 5.617 
631.000 5.616 
632.000 5.614 
633.000 5.612 
634.000 5.610 
635.000 5.608 
636.000 5.606 
637.000 5.604 
638.000 5.603 
639.000 5.601 
640.000 5.600 
641.000 5.599 
642.000 5.598 
643.000 5.597 
644.000 5.596 
645.000 5.596 
646.000 5.595 
647.000 5.595 
648.000 5.595 
649.000 5.594 
650.000 5.594 
651.000 5.594 
652.000 5.594 
653.000 5.594 
654.000 5.594 
655.000 5.594 
656.000 5.594 
657.000 5.594 
658.000 5.594 
659.000 5.594 
660.000 5.594 
661.000 5.594 
662.000 5.594 
663.000 5.594 
664.000 5.594 
665.000 5.594 
666.000 5.594 
667.000 5.594 
668.000 5.594 
669.000 5.594 
670.000 5.594 
671.000 5.594 
672.000 5.594 
673.000 5.594 
674.000 5.594 
675.000 5.594 
676.000 5.594 
677.000 5.594 
678.000 5.594 
679.000 5.594 
680.000 5.594 
681.000 5.594 
682.000 5.594 
683.000 5.594 
684.000 5.594 
685.000 5.594 
686.000 5.594 
687.000 5.594 
688.000 5.594 
689.000 5.594 
690.000 5.594 
691.000 5.594 
692.000 5.594 
693.000 5.594 
694.000 5.594 
695.000 5.594 
696.000 5.594 
697.000 5.594 
698.000 5.594 
699.000 5.594 
700.000 5.594 
701.000 5.594 
702.000 5.594 
703.000 5.594 
704.000 5.594 
705.000 5.594 
706.000 5.594 
707.000 5.594 
708.000 5.594 
709.000 5.594 
710.000 5.594 
711.000 5.594 
712.000 5.594 
713.000 5.594 
714.000 5.594 
715.000 5.594 
716.000 5.594 
717.000 5.594 
718.000 5.594 
719.000 5.594 
720.000 5.594 
721.000 5.594 
722.000 5.594 
723.000 5.594 
724.000 5.594 
725.000 5.594 
726.000 5.594 
727.000 5.594 
728.000 5.594 
729.000 5.594 
730.000 5.594 
731.000 5.594 
732.000 5.594 
733.000 5.594 
734.000 5.594 
735.000 5.594 
736.000 5.594 
737.000 5.594 
738.000 5.594 
739.000 5.594 
740.000 5.594 
741.000 5.594 
742.000 5.594 
743.000 5.594 
744.000 5.594 
745.000 5.594 
746.000 5.594 
747.000 5.594 
748.000 5.594 
749.000 5.594 
750.000 5.594 
751.000 5.594 
752.000 5.594 
753.000 5.594 
754.000 5.594 
755.000 5.594 
756.000 5.594 
757.000 5.594 
758.000 5.594 
759.000 5.594 
760.000 5.594 
761.000 5.594 
762.000 5.594 
763.000 5.594 
764.000 5.594 
765.000 5.594 
766.000 5.594 
767.000 5.594 
768.000 5.594 
769.000 5.594 
770.000 5.594 
771.000 5.594 
772.000 5.594 
773.000 5.594 
774.000 5.594 
775.000 5.594 
776.000 5.594 
777.000 5.594 
778.000 5.594 
779.000 5.594 
780.000 5.594 
781.000 5.594 
782.000 5.594 
783.000 5.594 
784.000 5.594 
785.000 5.594 
786.000 5.594 
787.000 5.594 
788.000 5.594 
789.000 5.594 
790.000 5.594 
791.000 5.594 
792.000 5.594 
793.000 5.594 
794.000 5.594 
795.000 5.594 
796.000 5.594 
797.000 5.594 
798.000 5.594 
799.000 5.594 
800.000 5.594 
