1.000 0.000 
2.000 0.000 
3.000 0.000 
4.000 0.000 
5.000 0.000 
6.000 0.000 
7.000 0.000 
8.000 0.000 
9.000 0.000 
10.000 0.000 
11.000 0.000 
12.000 -0.000 
13.000 -0.002 
14.000 -0.003 
15.000 -0.005 
16.000 -0.008 
17.000 -0.010 
18.000 -0.011 
19.000 -0.013 
20.000 -0.014 
21.000 -0.015 
22.000 -0.016 
23.000 -0.016 
24.000 -0.017 
25.000 -0.018 
26.000 -0.018 
27.000 -0.019 
28.000 -0.020 
29.000 -0.020 
30.000 -0.021 
31.000 -0.022 
32.000 -0.023 
33.000 -0.024 
34.000 -0.024 
35.000 -0.025 
36.000 -0.026 
37.000 -0.027 
38.000 -0.027 
39.000 -0.028 
40.000 -0.029 
41.000 -0.030 
42.000 -0.030 
43.000 -0.031 
44.000 -0.032 
45.000 -0.032 
46.000 -0.033 
47.000 -0.034 
48.000 -0.034 
49.000 -0.035 
50.000 -0.035 
51.000 -0.036 
52.000 -0.037 
53.000 -0.037 
54.000 -0.038 
55.000 -0.038 
56.000 -0.039 
57.000 -0.039 
58.000 -0.040 
59.000 -0.041 
60.000 -0.041 
61.000 -0.042 
62.000 -0.042 
63.000 -0.043 
64.000 -0.043 
65.000 -0.044 
66.000 -0.044 
67.000 -0.045 
68.000 -0.045 
69.000 -0.046 
70.000 -0.046 
71.000 -0.047 
72.000 -0.047 
73.000 -0.048 
74.000 -0.048 
75.000 -0.048 
76.000 -0.049 
77.000 -0.049 
78.000 -0.050 
79.000 -0.050 
80.000 -0.051 
81.000 -0.051 
82.000 -0.051 
83.000 -0.052 
84.000 -0.052 
85.000 -0.053 
86.000 -0.053 
87.000 -0.053 
88.000 -0.054 
89.000 -0.054 
90.000 -0.055 
91.000 -0.055 
92.000 -0.055 
93.000 -0.056 
94.000 -0.056 
95.000 -0.056 
96.000 -0.057 
97.000 -0.057 
98.000 -0.058 
99.000 -0.058 
100.000 -0.058 
101.000 -0.059 
102.000 -0.059 
103.000 -0.059 
104.000 -0.060 
105.000 -0.060 
106.000 -0.060 
107.000 -0.061 
108.000 -0.061 
109.000 -0.061 
110.000 -0.062 
111.000 -0.062 
112.000 -0.062 
113.000 -0.062 
114.000 -0.063 
115.000 -0.063 
116.000 -0.063 
117.000 -0.064 
118.000 -0.064 
119.000 -0.064 
120.000 -0.064 
121.000 -0.065 
122.000 -0.065 
123.000 -0.065 
124.000 -0.066 
125.000 -0.066 
126.000 -0.066 
127.000 -0.066 
128.000 -0.066 
129.000 -0.066 
130.000 -0.066 
131.000 -0.066 
132.000 -0.065 
133.000 -0.065 
134.000 -0.065 
135.000 -0.066 
136.000 -0.066 
137.000 -0.066 
138.000 -0.066 
139.000 -0.066 
140.000 -0.066 
141.000 -0.066 
142.000 -0.066 
143.000 -0.066 
144.000 -0.066 
145.000 -0.066 
146.000 -0.066 
147.000 -0.066 
148.000 -0.066 
149.000 -0.067 
150.000 -0.067 
151.000 -0.067 
152.000 -0.067 
153.000 -0.067 
154.000 -0.067 
155.000 -0.067 
156.000 -0.067 
157.000 -0.067 
158.000 -0.067 
159.000 -0.067 
160.000 -0.067 
161.000 -0.067 
162.000 -0.067 
163.000 -0.067 
164.000 -0.067 
165.000 -0.067 
166.000 -0.067 
167.000 -0.067 
168.000 -0.067 
169.000 -0.067 
170.000 -0.068 
171.000 -0.068 
172.000 -0.068 
173.000 -0.068 
174.000 -0.068 
175.000 -0.068 
176.000 -0.068 
177.000 -0.068 
178.000 -0.068 
179.000 -0.068 
180.000 -0.068 
181.000 -0.068 
182.000 -0.068 
183.000 -0.068 
184.000 -0.068 
185.000 -0.068 
186.000 -0.068 
187.000 -0.068 
188.000 -0.068 
189.000 -0.068 
190.000 -0.068 
191.000 -0.068 
192.000 -0.068 
193.000 -0.068 
194.000 -0.069 
195.000 -0.069 
196.000 -0.069 
197.000 -0.069 
198.000 -0.069 
199.000 -0.069 
200.000 -0.069 
201.000 -0.069 
202.000 -0.069 
203.000 -0.069 
204.000 -0.069 
205.000 -0.069 
206.000 -0.069 
207.000 -0.069 
208.000 -0.069 
209.000 -0.069 
210.000 -0.069 
211.000 -0.069 
212.000 -0.069 
213.000 -0.069 
214.000 -0.069 
215.000 -0.069 
216.000 -0.069 
217.000 -0.069 
218.000 -0.069 
219.000 -0.069 
220.000 -0.070 
221.000 -0.070 
222.000 -0.070 
223.000 -0.070 
224.000 -0.070 
225.000 -0.070 
226.000 -0.070 
227.000 -0.070 
228.000 -0.070 
229.000 -0.070 
230.000 -0.070 
231.000 -0.070 
232.000 -0.070 
233.000 -0.070 
234.000 -0.070 
235.000 -0.070 
236.000 -0.070 
237.000 -0.070 
238.000 -0.070 
239.000 -0.070 
240.000 -0.070 
241.000 -0.070 
242.000 -0.070 
243.000 -0.070 
244.000 -0.070 
245.000 -0.070 
246.000 -0.070 
247.000 -0.069 
248.000 -0.067 
249.000 -0.064 
250.000 -0.062 
251.000 -0.059 
252.000 -0.057 
253.000 -0.055 
254.000 -0.053 
255.000 -0.052 
256.000 -0.051 
257.000 -0.050 
258.000 -0.049 
259.000 -0.048 
260.000 -0.047 
261.000 -0.045 
262.000 -0.044 
263.000 -0.042 
264.000 -0.041 
265.000 -0.039 
266.000 -0.038 
267.000 -0.036 
268.000 -0.034 
269.000 -0.032 
270.000 -0.030 
271.000 -0.028 
272.000 -0.026 
273.000 -0.024 
274.000 -0.023 
275.000 -0.021 
276.000 -0.019 
277.000 -0.017 
278.000 -0.015 
279.000 -0.013 
280.000 -0.011 
281.000 -0.009 
282.000 -0.007 
283.000 -0.005 
284.000 -0.002 
285.000 -0.000 
286.000 0.002 
287.000 0.004 
288.000 0.006 
289.000 0.009 
290.000 0.011 
291.000 0.013 
292.000 0.015 
293.000 0.018 
294.000 0.020 
295.000 0.023 
296.000 0.025 
297.000 0.027 
298.000 0.030 
299.000 0.032 
300.000 0.034 
301.000 0.037 
302.000 0.039 
303.000 0.042 
304.000 0.044 
305.000 0.047 
306.000 0.049 
307.000 0.052 
308.000 0.054 
309.000 0.057 
310.000 0.059 
311.000 0.062 
312.000 0.064 
313.000 0.067 
314.000 0.069 
315.000 0.072 
316.000 0.074 
317.000 0.077 
318.000 0.079 
319.000 0.082 
320.000 0.084 
321.000 0.087 
322.000 0.089 
323.000 0.092 
324.000 0.094 
325.000 0.097 
326.000 0.099 
327.000 0.102 
328.000 0.104 
329.000 0.106 
330.000 0.109 
331.000 0.111 
332.000 0.114 
333.000 0.116 
334.000 0.118 
335.000 0.121 
336.000 0.123 
337.000 0.125 
338.000 0.128 
339.000 0.130 
340.000 0.132 
341.000 0.134 
342.000 0.136 
343.000 0.139 
344.000 0.141 
345.000 0.143 
346.000 0.145 
347.000 0.147 
348.000 0.149 
349.000 0.151 
350.000 0.153 
351.000 0.155 
352.000 0.157 
353.000 0.159 
354.000 0.161 
355.000 0.163 
356.000 0.165 
357.000 0.166 
358.000 0.168 
359.000 0.170 
360.000 0.172 
361.000 0.174 
362.000 0.175 
363.000 0.177 
364.000 0.179 
365.000 0.180 
366.000 0.186 
367.000 0.199 
368.000 0.218 
369.000 0.243 
370.000 0.272 
371.000 0.302 
372.000 0.332 
373.000 0.360 
374.000 0.385 
375.000 0.407 
376.000 0.425 
377.000 0.440 
378.000 0.453 
379.000 0.464 
380.000 0.473 
381.000 0.482 
382.000 0.491 
383.000 0.500 
384.000 0.510 
385.000 0.522 
386.000 0.534 
387.000 0.547 
388.000 0.561 
389.000 0.576 
390.000 0.591 
391.000 0.606 
392.000 0.621 
393.000 0.635 
394.000 0.649 
395.000 0.661 
396.000 0.673 
397.000 0.684 
398.000 0.695 
399.000 0.704 
400.000 0.713 
401.000 0.721 
402.000 0.728 
403.000 0.736 
404.000 0.743 
405.000 0.749 
406.000 0.756 
407.000 0.762 
408.000 0.769 
409.000 0.775 
410.000 0.781 
411.000 0.787 
412.000 0.793 
413.000 0.799 
414.000 0.804 
415.000 0.809 
416.000 0.814 
417.000 0.818 
418.000 0.823 
419.000 0.827 
420.000 0.830 
421.000 0.834 
422.000 0.837 
423.000 0.840 
424.000 0.843 
425.000 0.846 
426.000 0.848 
427.000 0.851 
428.000 0.853 
429.000 0.855 
430.000 0.858 
431.000 0.860 
432.000 0.862 
433.000 0.864 
434.000 0.865 
435.000 0.867 
436.000 0.869 
437.000 0.870 
438.000 0.872 
439.000 0.873 
440.000 0.874 
441.000 0.876 
442.000 0.877 
443.000 0.878 
444.000 0.879 
445.000 0.880 
446.000 0.881 
447.000 0.881 
448.000 0.882 
449.000 0.883 
450.000 0.884 
451.000 0.884 
452.000 0.885 
453.000 0.886 
454.000 0.886 
455.000 0.887 
456.000 0.887 
457.000 0.888 
458.000 0.888 
459.000 0.889 
460.000 0.889 
461.000 0.889 
462.000 0.890 
463.000 0.890 
464.000 0.891 
465.000 0.891 
466.000 0.891 
467.000 0.891 
468.000 0.892 
469.000 0.892 
470.000 0.892 
471.000 0.892 
472.000 0.893 
473.000 0.893 
474.000 0.893 
475.000 0.893 
476.000 0.893 
477.000 0.893 
478.000 0.894 
479.000 0.894 
480.000 0.894 
481.000 0.894 
482.000 0.894 
483.000 0.894 
484.000 0.894 
485.000 0.894 
486.000 0.921 
487.000 0.992 
488.000 1.113 
489.000 1.279 
490.000 1.484 
491.000 1.719 
492.000 1.972 
493.000 2.234 
494.000 2.493 
495.000 2.741 
496.000 2.969 
497.000 3.171 
498.000 3.343 
499.000 3.482 
500.000 3.586 
501.000 3.657 
502.000 3.697 
503.000 3.710 
504.000 3.699 
505.000 3.670 
506.000 3.628 
507.000 3.579 
508.000 3.526 
509.000 3.475 
510.000 3.429 
511.000 3.391 
512.000 3.363 
513.000 3.345 
514.000 3.339 
515.000 3.343 
516.000 3.356 
517.000 3.379 
518.000 3.407 
519.000 3.441 
520.000 3.477 
521.000 3.514 
522.000 3.550 
523.000 3.584 
524.000 3.613 
525.000 3.638 
526.000 3.657 
527.000 3.670 
528.000 3.677 
529.000 3.678 
530.000 3.674 
531.000 3.665 
532.000 3.653 
533.000 3.639 
534.000 3.622 
535.000 3.605 
536.000 3.589 
537.000 3.574 
538.000 3.560 
539.000 3.548 
540.000 3.540 
541.000 3.534 
542.000 3.530 
543.000 3.530 
544.000 3.532 
545.000 3.536 
546.000 3.541 
547.000 3.548 
548.000 3.555 
549.000 3.563 
550.000 3.571 
551.000 3.578 
552.000 3.584 
553.000 3.589 
554.000 3.594 
555.000 3.596 
556.000 3.598 
557.000 3.598 
558.000 3.597 
559.000 3.595 
560.000 3.593 
561.000 3.589 
562.000 3.586 
563.000 3.582 
564.000 3.579 
565.000 3.575 
566.000 3.572 
567.000 3.570 
568.000 3.568 
569.000 3.567 
570.000 3.566 
571.000 3.566 
572.000 3.566 
573.000 3.567 
574.000 3.568 
575.000 3.570 
576.000 3.571 
577.000 3.573 
578.000 3.575 
579.000 3.576 
580.000 3.578 
581.000 3.579 
582.000 3.580 
583.000 3.580 
584.000 3.581 
585.000 3.581 
586.000 3.581 
587.000 3.580 
588.000 3.580 
589.000 3.579 
590.000 3.578 
591.000 3.577 
592.000 3.577 
593.000 3.576 
594.000 3.575 
595.000 3.575 
596.000 3.574 
597.000 3.574 
598.000 3.574 
599.000 3.574 
600.000 3.574 
601.000 3.574 
602.000 3.574 
603.000 3.575 
604.000 3.575 
605.000 3.575 
606.000 3.599 
607.000 3.665 
608.000 3.777 
609.000 3.924 
610.000 4.090 
611.000 4.263 
612.000 4.436 
613.000 4.600 
614.000 4.754 
615.000 4.894 
616.000 5.019 
617.000 5.129 
618.000 5.224 
619.000 5.305 
620.000 5.373 
621.000 5.430 
622.000 5.476 
623.000 5.513 
624.000 5.542 
625.000 5.565 
626.000 5.582 
627.000 5.595 
628.000 5.603 
629.000 5.609 
630.000 5.613 
631.000 5.615 
632.000 5.616 
633.000 5.615 
634.000 5.614 
635.000 5.613 
636.000 5.611 
637.000 5.609 
638.000 5.607 
639.000 5.605 
640.000 5.604 
641.000 5.602 
642.000 5.601 
643.000 5.600 
644.000 5.598 
645.000 5.598 
646.000 5.597 
647.000 5.596 
648.000 5.596 
649.000 5.595 
650.000 5.595 
651.000 5.595 
652.000 5.594 
653.000 5.594 
654.000 5.594 
655.000 5.594 
656.000 5.594 
657.000 5.594 
658.000 5.594 
659.000 5.594 
660.000 5.594 
661.000 5.594 
662.000 5.594 
663.000 5.594 
664.000 5.594 
665.000 5.594 
666.000 5.594 
667.000 5.594 
668.000 5.594 
669.000 5.594 
670.000 5.594 
671.000 5.594 
672.000 5.594 
673.000 5.594 
674.000 5.594 
675.000 5.594 
676.000 5.594 
677.000 5.594 
678.000 5.594 
679.000 5.594 
680.000 5.594 
681.000 5.594 
682.000 5.594 
683.000 5.594 
684.000 5.594 
685.000 5.594 
686.000 5.594 
687.000 5.594 
688.000 5.594 
689.000 5.594 
690.000 5.594 
691.000 5.594 
692.000 5.594 
693.000 5.594 
694.000 5.594 
695.000 5.594 
696.000 5.594 
697.000 5.594 
698.000 5.594 
699.000 5.594 
700.000 5.594 
701.000 5.594 
702.000 5.594 
703.000 5.594 
704.000 5.594 
705.000 5.594 
706.000 5.594 
707.000 5.594 
708.000 5.594 
709.000 5.594 
710.000 5.594 
711.000 5.594 
712.000 5.594 
713.000 5.594 
714.000 5.594 
715.000 5.594 
716.000 5.594 
717.000 5.594 
718.000 5.594 
719.000 5.594 
720.000 5.594 
721.000 5.594 
722.000 5.594 
723.000 5.594 
724.000 5.594 
725.000 5.594 
726.000 5.594 
727.000 5.594 
728.000 5.594 
729.000 5.594 
730.000 5.594 
731.000 5.594 
732.000 5.594 
733.000 5.594 
734.000 5.594 
735.000 5.594 
736.000 5.594 
737.000 5.594 
738.000 5.594 
739.000 5.594 
740.000 5.594 
741.000 5.594 
742.000 5.594 
743.000 5.594 
744.000 5.594 
745.000 5.594 
746.000 5.594 
747.000 5.594 
748.000 5.594 
749.000 5.594 
750.000 5.594 
751.000 5.594 
752.000 5.594 
753.000 5.594 
754.000 5.594 
755.000 5.594 
756.000 5.594 
757.000 5.594 
758.000 5.594 
759.000 5.594 
760.000 5.594 
761.000 5.594 
762.000 5.594 
763.000 5.594 
764.000 5.594 
765.000 5.594 
766.000 5.594 
767.000 5.594 
768.000 5.594 
769.000 5.594 
770.000 5.594 
771.000 5.594 
772.000 5.594 
773.000 5.594 
774.000 5.594 
775.000 5.594 
776.000 5.594 
777.000 5.594 
778.000 5.594 
779.000 5.594 
780.000 5.594 
781.000 5.594 
782.000 5.594 
783.000 5.594 
784.000 5.594 
785.000 5.594 
786.000 5.594 
787.000 5.594 
788.000 5.594 
789.000 5.594 
790.000 5.594 
791.000 5.594 
792.000 5.594 
793.000 5.594 
794.000 5.594 
795.000 5.594 
796.000 5.594 
797.000 5.594 
798.000 5.594 
799.000 5.594 
800.000 5.594 
