1.000 0.000 
2.000 0.000 
3.000 0.000 
4.000 0.000 
5.000 0.000 
6.000 0.000 
7.000 0.000 
8.000 0.000 
9.000 0.000 
10.000 0.000 
11.000 0.000 
12.000 -0.002 
13.000 -0.007 
14.000 -0.014 
15.000 -0.019 
16.000 -0.023 
17.000 -0.025 
18.000 -0.025 
19.000 -0.024 
20.000 -0.022 
21.000 -0.021 
22.000 -0.021 
23.000 -0.021 
24.000 -0.023 
25.000 -0.025 
26.000 -0.028 
27.000 -0.030 
28.000 -0.032 
29.000 -0.034 
30.000 -0.034 
31.000 -0.035 
32.000 -0.035 
33.000 -0.035 
34.000 -0.036 
35.000 -0.037 
36.000 -0.038 
37.000 -0.039 
38.000 -0.040 
39.000 -0.041 
40.000 -0.042 
41.000 -0.043 
42.000 -0.044 
43.000 -0.045 
44.000 -0.045 
45.000 -0.046 
46.000 -0.046 
47.000 -0.047 
48.000 -0.048 
49.000 -0.049 
50.000 -0.049 
51.000 -0.050 
52.000 -0.051 
53.000 -0.052 
54.000 -0.052 
55.000 -0.053 
56.000 -0.053 
57.000 -0.054 
58.000 -0.054 
59.000 -0.055 
60.000 -0.056 
61.000 -0.056 
62.000 -0.057 
63.000 -0.057 
64.000 -0.058 
65.000 -0.059 
66.000 -0.059 
67.000 -0.060 
68.000 -0.060 
69.000 -0.061 
70.000 -0.061 
71.000 -0.062 
72.000 -0.062 
73.000 -0.063 
74.000 -0.063 
75.000 -0.063 
76.000 -0.064 
77.000 -0.064 
78.000 -0.065 
79.000 -0.065 
80.000 -0.066 
81.000 -0.066 
82.000 -0.067 
83.000 -0.067 
84.000 -0.067 
85.000 -0.068 
86.000 -0.068 
87.000 -0.069 
88.000 -0.069 
89.000 -0.069 
90.000 -0.070 
91.000 -0.070 
92.000 -0.070 
93.000 -0.071 
94.000 -0.071 
95.000 -0.072 
96.000 -0.072 
97.000 -0.072 
98.000 -0.073 
99.000 -0.073 
100.000 -0.073 
101.000 -0.074 
102.000 -0.074 
103.000 -0.074 
104.000 -0.075 
105.000 -0.075 
106.000 -0.075 
107.000 -0.076 
108.000 -0.076 
109.000 -0.076 
110.000 -0.076 
111.000 -0.077 
112.000 -0.077 
113.000 -0.077 
114.000 -0.078 
115.000 -0.078 
116.000 -0.078 
117.000 -0.078 
118.000 -0.079 
119.000 -0.079 
120.000 -0.079 
121.000 -0.080 
122.000 -0.080 
123.000 -0.080 
124.000 -0.080 
125.000 -0.081 
126.000 -0.081 
127.000 -0.080 
128.000 -0.079 
129.000 -0.078 
130.000 -0.078 
131.000 -0.078 
132.000 -0.078 
133.000 -0.079 
134.000 -0.079 
135.000 -0.080 
136.000 -0.080 
137.000 -0.080 
138.000 -0.080 
139.000 -0.080 
140.000 -0.079 
141.000 -0.079 
142.000 -0.079 
143.000 -0.079 
144.000 -0.079 
145.000 -0.079 
146.000 -0.079 
147.000 -0.079 
148.000 -0.080 
149.000 -0.080 
150.000 -0.079 
151.000 -0.079 
152.000 -0.079 
153.000 -0.079 
154.000 -0.079 
155.000 -0.079 
156.000 -0.079 
157.000 -0.079 
158.000 -0.079 
159.000 -0.079 
160.000 -0.079 
161.000 -0.079 
162.000 -0.079 
163.000 -0.079 
164.000 -0.079 
165.000 -0.079 
166.000 -0.079 
167.000 -0.079 
168.000 -0.079 
169.000 -0.079 
170.000 -0.079 
171.000 -0.079 
172.000 -0.079 
173.000 -0.079 
174.000 -0.079 
175.000 -0.079 
176.000 -0.079 
177.000 -0.079 
178.000 -0.079 
179.000 -0.079 
180.000 -0.079 
181.000 -0.079 
182.000 -0.079 
183.000 -0.079 
184.000 -0.079 
185.000 -0.079 
186.000 -0.079 
187.000 -0.079 
188.000 -0.079 
189.000 -0.079 
190.000 -0.079 
191.000 -0.079 
192.000 -0.079 
193.000 -0.079 
194.000 -0.079 
195.000 -0.079 
196.000 -0.079 
197.000 -0.080 
198.000 -0.080 
199.000 -0.080 
200.000 -0.080 
201.000 -0.080 
202.000 -0.080 
203.000 -0.080 
204.000 -0.080 
205.000 -0.080 
206.000 -0.080 
207.000 -0.080 
208.000 -0.080 
209.000 -0.080 
210.000 -0.080 
211.000 -0.080 
212.000 -0.080 
213.000 -0.080 
214.000 -0.080 
215.000 -0.080 
216.000 -0.080 
217.000 -0.080 
218.000 -0.080 
219.000 -0.080 
220.000 -0.080 
221.000 -0.080 
222.000 -0.080 
223.000 -0.080 
224.000 -0.080 
225.000 -0.080 
226.000 -0.080 
227.000 -0.080 
228.000 -0.080 
229.000 -0.080 
230.000 -0.080 
231.000 -0.080 
232.000 -0.080 
233.000 -0.080 
234.000 -0.080 
235.000 -0.080 
236.000 -0.080 
237.000 -0.080 
238.000 -0.080 
239.000 -0.080 
240.000 -0.080 
241.000 -0.080 
242.000 -0.080 
243.000 -0.080 
244.000 -0.080 
245.000 -0.080 
246.000 -0.078 
247.000 -0.073 
248.000 -0.064 
249.000 -0.056 
250.000 -0.050 
251.000 -0.048 
252.000 -0.049 
253.000 -0.051 
254.000 -0.053 
255.000 -0.055 
256.000 -0.055 
257.000 -0.053 
258.000 -0.049 
259.000 -0.044 
260.000 -0.039 
261.000 -0.034 
262.000 -0.030 
263.000 -0.027 
264.000 -0.025 
265.000 -0.024 
266.000 -0.022 
267.000 -0.021 
268.000 -0.019 
269.000 -0.016 
270.000 -0.012 
271.000 -0.008 
272.000 -0.004 
273.000 0.001 
274.000 0.005 
275.000 0.008 
276.000 0.012 
277.000 0.015 
278.000 0.017 
279.000 0.020 
280.000 0.024 
281.000 0.027 
282.000 0.031 
283.000 0.035 
284.000 0.039 
285.000 0.043 
286.000 0.048 
287.000 0.052 
288.000 0.055 
289.000 0.059 
290.000 0.063 
291.000 0.066 
292.000 0.070 
293.000 0.074 
294.000 0.077 
295.000 0.081 
296.000 0.085 
297.000 0.089 
298.000 0.093 
299.000 0.097 
300.000 0.101 
301.000 0.105 
302.000 0.108 
303.000 0.112 
304.000 0.115 
305.000 0.119 
306.000 0.122 
307.000 0.126 
308.000 0.129 
309.000 0.132 
310.000 0.136 
311.000 0.139 
312.000 0.142 
313.000 0.146 
314.000 0.149 
315.000 0.152 
316.000 0.155 
317.000 0.158 
318.000 0.161 
319.000 0.163 
320.000 0.166 
321.000 0.169 
322.000 0.172 
323.000 0.174 
324.000 0.177 
325.000 0.179 
326.000 0.182 
327.000 0.184 
328.000 0.187 
329.000 0.189 
330.000 0.191 
331.000 0.193 
332.000 0.195 
333.000 0.197 
334.000 0.199 
335.000 0.201 
336.000 0.203 
337.000 0.205 
338.000 0.207 
339.000 0.209 
340.000 0.210 
341.000 0.212 
342.000 0.213 
343.000 0.215 
344.000 0.216 
345.000 0.218 
346.000 0.219 
347.000 0.221 
348.000 0.222 
349.000 0.223 
350.000 0.225 
351.000 0.226 
352.000 0.227 
353.000 0.228 
354.000 0.229 
355.000 0.230 
356.000 0.231 
357.000 0.232 
358.000 0.233 
359.000 0.234 
360.000 0.235 
361.000 0.236 
362.000 0.237 
363.000 0.238 
364.000 0.238 
365.000 0.239 
366.000 0.263 
367.000 0.321 
368.000 0.405 
369.000 0.500 
370.000 0.589 
371.000 0.656 
372.000 0.692 
373.000 0.693 
374.000 0.667 
375.000 0.624 
376.000 0.577 
377.000 0.538 
378.000 0.515 
379.000 0.514 
380.000 0.536 
381.000 0.577 
382.000 0.634 
383.000 0.698 
384.000 0.759 
385.000 0.810 
386.000 0.844 
387.000 0.856 
388.000 0.849 
389.000 0.827 
390.000 0.797 
391.000 0.765 
392.000 0.739 
393.000 0.725 
394.000 0.724 
395.000 0.737 
396.000 0.763 
397.000 0.797 
398.000 0.834 
399.000 0.869 
400.000 0.896 
401.000 0.912 
402.000 0.916 
403.000 0.907 
404.000 0.890 
405.000 0.868 
406.000 0.846 
407.000 0.828 
408.000 0.817 
409.000 0.815 
410.000 0.822 
411.000 0.837 
412.000 0.857 
413.000 0.879 
414.000 0.899 
415.000 0.914 
416.000 0.923 
417.000 0.924 
418.000 0.917 
419.000 0.905 
420.000 0.891 
421.000 0.876 
422.000 0.864 
423.000 0.856 
424.000 0.854 
425.000 0.858 
426.000 0.867 
427.000 0.879 
428.000 0.892 
429.000 0.904 
430.000 0.913 
431.000 0.918 
432.000 0.918 
433.000 0.914 
434.000 0.906 
435.000 0.896 
436.000 0.887 
437.000 0.879 
438.000 0.874 
439.000 0.872 
440.000 0.875 
441.000 0.880 
442.000 0.887 
443.000 0.895 
444.000 0.903 
445.000 0.908 
446.000 0.911 
447.000 0.911 
448.000 0.908 
449.000 0.903 
450.000 0.897 
451.000 0.891 
452.000 0.886 
453.000 0.883 
454.000 0.882 
455.000 0.883 
456.000 0.887 
457.000 0.891 
458.000 0.896 
459.000 0.901 
460.000 0.904 
461.000 0.906 
462.000 0.906 
463.000 0.904 
464.000 0.901 
465.000 0.897 
466.000 0.893 
467.000 0.890 
468.000 0.888 
469.000 0.887 
470.000 0.888 
471.000 0.890 
472.000 0.893 
473.000 0.896 
474.000 0.899 
475.000 0.901 
476.000 0.902 
477.000 0.902 
478.000 0.901 
479.000 0.899 
480.000 0.897 
481.000 0.895 
482.000 0.892 
483.000 0.891 
484.000 0.891 
485.000 0.891 
486.000 0.999 
487.000 1.242 
488.000 1.574 
489.000 1.959 
490.000 2.367 
491.000 2.775 
492.000 3.169 
493.000 3.537 
494.000 3.875 
495.000 4.178 
496.000 4.445 
497.000 4.632 
498.000 4.675 
499.000 4.556 
500.000 4.311 
501.000 4.000 
502.000 3.682 
503.000 3.405 
504.000 3.204 
505.000 3.099 
506.000 3.097 
507.000 3.185 
508.000 3.337 
509.000 3.528 
510.000 3.740 
511.000 3.958 
512.000 4.174 
513.000 4.376 
514.000 4.530 
515.000 4.607 
516.000 4.598 
517.000 4.506 
518.000 4.349 
519.000 4.151 
520.000 3.938 
521.000 3.737 
522.000 3.568 
523.000 3.449 
524.000 3.386 
525.000 3.382 
526.000 3.432 
527.000 3.523 
528.000 3.641 
529.000 3.767 
530.000 3.883 
531.000 3.971 
532.000 4.018 
533.000 4.017 
534.000 3.967 
535.000 3.875 
536.000 3.754 
537.000 3.620 
538.000 3.490 
539.000 3.381 
540.000 3.305 
541.000 3.268 
542.000 3.274 
543.000 3.319 
544.000 3.397 
545.000 3.496 
546.000 3.603 
547.000 3.704 
548.000 3.787 
549.000 3.841 
550.000 3.859 
551.000 3.840 
552.000 3.788 
553.000 3.711 
554.000 3.619 
555.000 3.527 
556.000 3.445 
557.000 3.384 
558.000 3.351 
559.000 3.348 
560.000 3.374 
561.000 3.426 
562.000 3.495 
563.000 3.572 
564.000 3.649 
565.000 3.713 
566.000 3.759 
567.000 3.779 
568.000 3.773 
569.000 3.742 
570.000 3.690 
571.000 3.626 
572.000 3.559 
573.000 3.497 
574.000 3.447 
575.000 3.417 
576.000 3.408 
577.000 3.421 
578.000 3.454 
579.000 3.501 
580.000 3.557 
581.000 3.613 
582.000 3.663 
583.000 3.700 
584.000 3.720 
585.000 3.721 
586.000 3.703 
587.000 3.670 
588.000 3.626 
589.000 3.577 
590.000 3.530 
591.000 3.491 
592.000 3.465 
593.000 3.454 
594.000 3.459 
595.000 3.479 
596.000 3.511 
597.000 3.550 
598.000 3.591 
599.000 3.629 
600.000 3.659 
601.000 3.677 
602.000 3.682 
603.000 3.673 
604.000 3.651 
605.000 3.621 
606.000 3.651 
607.000 3.743 
608.000 3.878 
609.000 4.037 
610.000 4.207 
611.000 4.379 
612.000 4.546 
613.000 4.703 
614.000 4.847 
615.000 4.977 
616.000 5.092 
617.000 5.192 
618.000 5.278 
619.000 5.350 
620.000 5.411 
621.000 5.460 
622.000 5.500 
623.000 5.532 
624.000 5.557 
625.000 5.576 
626.000 5.590 
627.000 5.600 
628.000 5.607 
629.000 5.612 
630.000 5.614 
631.000 5.615 
632.000 5.615 
633.000 5.614 
634.000 5.613 
635.000 5.611 
636.000 5.610 
637.000 5.608 
638.000 5.606 
639.000 5.604 
640.000 5.603 
641.000 5.601 
642.000 5.600 
643.000 5.599 
644.000 5.598 
645.000 5.597 
646.000 5.596 
647.000 5.596 
648.000 5.595 
649.000 5.595 
650.000 5.595 
651.000 5.594 
652.000 5.594 
653.000 5.594 
654.000 5.594 
655.000 5.594 
656.000 5.594 
657.000 5.594 
658.000 5.594 
659.000 5.594 
660.000 5.594 
661.000 5.594 
662.000 5.594 
663.000 5.594 
664.000 5.594 
665.000 5.594 
666.000 5.594 
667.000 5.594 
668.000 5.594 
669.000 5.594 
670.000 5.594 
671.000 5.594 
672.000 5.594 
673.000 5.594 
674.000 5.594 
675.000 5.594 
676.000 5.594 
677.000 5.594 
678.000 5.594 
679.000 5.594 
680.000 5.594 
681.000 5.594 
682.000 5.594 
683.000 5.594 
684.000 5.594 
685.000 5.594 
686.000 5.594 
687.000 5.594 
688.000 5.594 
689.000 5.594 
690.000 5.594 
691.000 5.594 
692.000 5.594 
693.000 5.594 
694.000 5.594 
695.000 5.594 
696.000 5.594 
697.000 5.594 
698.000 5.594 
699.000 5.594 
700.000 5.594 
701.000 5.594 
702.000 5.594 
703.000 5.594 
704.000 5.594 
705.000 5.594 
706.000 5.594 
707.000 5.594 
708.000 5.594 
709.000 5.594 
710.000 5.594 
711.000 5.594 
712.000 5.594 
713.000 5.594 
714.000 5.594 
715.000 5.594 
716.000 5.594 
717.000 5.594 
718.000 5.594 
719.000 5.594 
720.000 5.594 
721.000 5.594 
722.000 5.594 
723.000 5.594 
724.000 5.594 
725.000 5.594 
726.000 5.594 
727.000 5.594 
728.000 5.594 
729.000 5.594 
730.000 5.594 
731.000 5.594 
732.000 5.594 
733.000 5.594 
734.000 5.594 
735.000 5.594 
736.000 5.594 
737.000 5.594 
738.000 5.594 
739.000 5.594 
740.000 5.594 
741.000 5.594 
742.000 5.594 
743.000 5.594 
744.000 5.594 
745.000 5.594 
746.000 5.594 
747.000 5.594 
748.000 5.594 
749.000 5.594 
750.000 5.594 
751.000 5.594 
752.000 5.594 
753.000 5.594 
754.000 5.594 
755.000 5.594 
756.000 5.594 
757.000 5.594 
758.000 5.594 
759.000 5.594 
760.000 5.594 
761.000 5.594 
762.000 5.594 
763.000 5.594 
764.000 5.594 
765.000 5.594 
766.000 5.594 
767.000 5.594 
768.000 5.594 
769.000 5.594 
770.000 5.594 
771.000 5.594 
772.000 5.594 
773.000 5.594 
774.000 5.594 
775.000 5.594 
776.000 5.594 
777.000 5.594 
778.000 5.594 
779.000 5.594 
780.000 5.594 
781.000 5.594 
782.000 5.594 
783.000 5.594 
784.000 5.594 
785.000 5.594 
786.000 5.594 
787.000 5.594 
788.000 5.594 
789.000 5.594 
790.000 5.594 
791.000 5.594 
792.000 5.594 
793.000 5.594 
794.000 5.594 
795.000 5.594 
796.000 5.594 
797.000 5.594 
798.000 5.594 
799.000 5.594 
800.000 5.594 
