1.000 0.000 
2.000 0.000 
3.000 0.000 
4.000 0.000 
5.000 0.000 
6.000 0.000 
7.000 0.000 
8.000 0.000 
9.000 0.000 
10.000 0.000 
11.000 0.000 
12.000 -0.001 
13.000 -0.004 
14.000 -0.008 
15.000 -0.012 
16.000 -0.016 
17.000 -0.019 
18.000 -0.020 
19.000 -0.021 
20.000 -0.021 
21.000 -0.021 
22.000 -0.021 
23.000 -0.021 
24.000 -0.021 
25.000 -0.022 
26.000 -0.023 
27.000 -0.024 
28.000 -0.026 
29.000 -0.027 
30.000 -0.029 
31.000 -0.030 
32.000 -0.031 
33.000 -0.032 
34.000 -0.033 
35.000 -0.033 
36.000 -0.034 
37.000 -0.035 
38.000 -0.035 
39.000 -0.036 
40.000 -0.037 
41.000 -0.038 
42.000 -0.039 
43.000 -0.039 
44.000 -0.040 
45.000 -0.041 
46.000 -0.042 
47.000 -0.043 
48.000 -0.043 
49.000 -0.044 
50.000 -0.045 
51.000 -0.045 
52.000 -0.046 
53.000 -0.046 
54.000 -0.047 
55.000 -0.048 
56.000 -0.048 
57.000 -0.049 
58.000 -0.049 
59.000 -0.050 
60.000 -0.051 
61.000 -0.051 
62.000 -0.052 
63.000 -0.052 
64.000 -0.053 
65.000 -0.053 
66.000 -0.054 
67.000 -0.054 
68.000 -0.055 
69.000 -0.055 
70.000 -0.056 
71.000 -0.056 
72.000 -0.057 
73.000 -0.057 
74.000 -0.058 
75.000 -0.058 
76.000 -0.059 
77.000 -0.059 
78.000 -0.060 
79.000 -0.060 
80.000 -0.061 
81.000 -0.061 
82.000 -0.061 
83.000 -0.062 
84.000 -0.062 
85.000 -0.063 
86.000 -0.063 
87.000 -0.063 
88.000 -0.064 
89.000 -0.064 
90.000 -0.065 
91.000 -0.065 
92.000 -0.065 
93.000 -0.066 
94.000 -0.066 
95.000 -0.067 
96.000 -0.067 
97.000 -0.067 
98.000 -0.068 
99.000 -0.068 
100.000 -0.068 
101.000 -0.069 
102.000 -0.069 
103.000 -0.069 
104.000 -0.070 
105.000 -0.070 
106.000 -0.070 
107.000 -0.071 
108.000 -0.071 
109.000 -0.071 
110.000 -0.071 
111.000 -0.072 
112.000 -0.072 
113.000 -0.072 
114.000 -0.073 
115.000 -0.073 
116.000 -0.073 
117.000 -0.074 
118.000 -0.074 
119.000 -0.074 
120.000 -0.074 
121.000 -0.075 
122.000 -0.075 
123.000 -0.075 
124.000 -0.075 
125.000 -0.076 
126.000 -0.076 
127.000 -0.076 
128.000 -0.075 
129.000 -0.075 
130.000 -0.074 
131.000 -0.074 
132.000 -0.074 
133.000 -0.074 
134.000 -0.074 
135.000 -0.075 
136.000 -0.075 
137.000 -0.075 
138.000 -0.075 
139.000 -0.075 
140.000 -0.075 
141.000 -0.075 
142.000 -0.075 
143.000 -0.075 
144.000 -0.075 
145.000 -0.075 
146.000 -0.075 
147.000 -0.075 
148.000 -0.075 
149.000 -0.075 
150.000 -0.075 
151.000 -0.075 
152.000 -0.075 
153.000 -0.075 
154.000 -0.075 
155.000 -0.075 
156.000 -0.075 
157.000 -0.075 
158.000 -0.075 
159.000 -0.075 
160.000 -0.075 
161.000 -0.075 
162.000 -0.075 
163.000 -0.075 
164.000 -0.075 
165.000 -0.076 
166.000 -0.076 
167.000 -0.076 
168.000 -0.076 
169.000 -0.076 
170.000 -0.076 
171.000 -0.076 
172.000 -0.076 
173.000 -0.076 
174.000 -0.076 
175.000 -0.076 
176.000 -0.076 
177.000 -0.076 
178.000 -0.076 
179.000 -0.076 
180.000 -0.076 
181.000 -0.076 
182.000 -0.076 
183.000 -0.076 
184.000 -0.076 
185.000 -0.076 
186.000 -0.076 
187.000 -0.076 
188.000 -0.076 
189.000 -0.076 
190.000 -0.076 
191.000 -0.076 
192.000 -0.076 
193.000 -0.076 
194.000 -0.076 
195.000 -0.076 
196.000 -0.076 
197.000 -0.076 
198.000 -0.076 
199.000 -0.076 
200.000 -0.076 
201.000 -0.076 
202.000 -0.076 
203.000 -0.076 
204.000 -0.076 
205.000 -0.076 
206.000 -0.076 
207.000 -0.076 
208.000 -0.076 
209.000 -0.076 
210.000 -0.076 
211.000 -0.076 
212.000 -0.076 
213.000 -0.076 
214.000 -0.076 
215.000 -0.076 
216.000 -0.076 
217.000 -0.076 
218.000 -0.076 
219.000 -0.076 
220.000 -0.076 
221.000 -0.076 
222.000 -0.076 
223.000 -0.076 
224.000 -0.076 
225.000 -0.076 
226.000 -0.077 
227.000 -0.077 
228.000 -0.077 
229.000 -0.077 
230.000 -0.077 
231.000 -0.077 
232.000 -0.077 
233.000 -0.077 
234.000 -0.077 
235.000 -0.077 
236.000 -0.077 
237.000 -0.077 
238.000 -0.077 
239.000 -0.077 
240.000 -0.077 
241.000 -0.077 
242.000 -0.077 
243.000 -0.077 
244.000 -0.077 
245.000 -0.077 
246.000 -0.076 
247.000 -0.073 
248.000 -0.068 
249.000 -0.063 
250.000 -0.058 
251.000 -0.054 
252.000 -0.052 
253.000 -0.051 
254.000 -0.051 
255.000 -0.051 
256.000 -0.051 
257.000 -0.051 
258.000 -0.050 
259.000 -0.048 
260.000 -0.046 
261.000 -0.043 
262.000 -0.040 
263.000 -0.037 
264.000 -0.034 
265.000 -0.031 
266.000 -0.028 
267.000 -0.026 
268.000 -0.023 
269.000 -0.021 
270.000 -0.019 
271.000 -0.017 
272.000 -0.014 
273.000 -0.012 
274.000 -0.009 
275.000 -0.006 
276.000 -0.003 
277.000 -0.000 
278.000 0.003 
279.000 0.006 
280.000 0.009 
281.000 0.012 
282.000 0.015 
283.000 0.018 
284.000 0.021 
285.000 0.025 
286.000 0.028 
287.000 0.031 
288.000 0.034 
289.000 0.037 
290.000 0.041 
291.000 0.044 
292.000 0.047 
293.000 0.051 
294.000 0.054 
295.000 0.057 
296.000 0.061 
297.000 0.064 
298.000 0.067 
299.000 0.071 
300.000 0.074 
301.000 0.077 
302.000 0.081 
303.000 0.084 
304.000 0.087 
305.000 0.091 
306.000 0.094 
307.000 0.097 
308.000 0.100 
309.000 0.104 
310.000 0.107 
311.000 0.110 
312.000 0.113 
313.000 0.116 
314.000 0.119 
315.000 0.122 
316.000 0.126 
317.000 0.129 
318.000 0.131 
319.000 0.134 
320.000 0.137 
321.000 0.140 
322.000 0.143 
323.000 0.146 
324.000 0.148 
325.000 0.151 
326.000 0.154 
327.000 0.156 
328.000 0.159 
329.000 0.161 
330.000 0.164 
331.000 0.166 
332.000 0.169 
333.000 0.171 
334.000 0.173 
335.000 0.176 
336.000 0.178 
337.000 0.180 
338.000 0.182 
339.000 0.184 
340.000 0.186 
341.000 0.188 
342.000 0.190 
343.000 0.192 
344.000 0.194 
345.000 0.196 
346.000 0.198 
347.000 0.199 
348.000 0.201 
349.000 0.203 
350.000 0.204 
351.000 0.206 
352.000 0.208 
353.000 0.209 
354.000 0.210 
355.000 0.212 
356.000 0.213 
357.000 0.215 
358.000 0.216 
359.000 0.217 
360.000 0.219 
361.000 0.220 
362.000 0.221 
363.000 0.222 
364.000 0.223 
365.000 0.224 
366.000 0.237 
367.000 0.270 
368.000 0.319 
369.000 0.379 
370.000 0.442 
371.000 0.500 
372.000 0.549 
373.000 0.583 
374.000 0.601 
375.000 0.605 
376.000 0.598 
377.000 0.584 
378.000 0.570 
379.000 0.558 
380.000 0.552 
381.000 0.555 
382.000 0.566 
383.000 0.586 
384.000 0.613 
385.000 0.644 
386.000 0.677 
387.000 0.708 
388.000 0.737 
389.000 0.759 
390.000 0.776 
391.000 0.785 
392.000 0.789 
393.000 0.788 
394.000 0.784 
395.000 0.779 
396.000 0.775 
397.000 0.772 
398.000 0.773 
399.000 0.777 
400.000 0.785 
401.000 0.795 
402.000 0.807 
403.000 0.820 
404.000 0.833 
405.000 0.844 
406.000 0.854 
407.000 0.861 
408.000 0.865 
409.000 0.866 
410.000 0.866 
411.000 0.864 
412.000 0.861 
413.000 0.859 
414.000 0.857 
415.000 0.856 
416.000 0.857 
417.000 0.859 
418.000 0.862 
419.000 0.866 
420.000 0.871 
421.000 0.876 
422.000 0.880 
423.000 0.884 
424.000 0.887 
425.000 0.889 
426.000 0.889 
427.000 0.889 
428.000 0.888 
429.000 0.887 
430.000 0.886 
431.000 0.884 
432.000 0.884 
433.000 0.883 
434.000 0.884 
435.000 0.884 
436.000 0.886 
437.000 0.888 
438.000 0.889 
439.000 0.891 
440.000 0.893 
441.000 0.894 
442.000 0.895 
443.000 0.895 
444.000 0.895 
445.000 0.895 
446.000 0.894 
447.000 0.893 
448.000 0.893 
449.000 0.892 
450.000 0.892 
451.000 0.892 
452.000 0.892 
453.000 0.892 
454.000 0.893 
455.000 0.894 
456.000 0.894 
457.000 0.895 
458.000 0.896 
459.000 0.896 
460.000 0.896 
461.000 0.896 
462.000 0.896 
463.000 0.896 
464.000 0.895 
465.000 0.895 
466.000 0.895 
467.000 0.895 
468.000 0.895 
469.000 0.895 
470.000 0.895 
471.000 0.895 
472.000 0.895 
473.000 0.895 
474.000 0.896 
475.000 0.896 
476.000 0.896 
477.000 0.896 
478.000 0.896 
479.000 0.896 
480.000 0.896 
481.000 0.896 
482.000 0.896 
483.000 0.896 
484.000 0.896 
485.000 0.896 
486.000 0.959 
487.000 1.126 
488.000 1.399 
489.000 1.747 
490.000 2.136 
491.000 2.540 
492.000 2.940 
493.000 3.321 
494.000 3.668 
495.000 3.951 
496.000 4.149 
497.000 4.251 
498.000 4.257 
499.000 4.178 
500.000 4.035 
501.000 3.849 
502.000 3.647 
503.000 3.452 
504.000 3.284 
505.000 3.158 
506.000 3.081 
507.000 3.058 
508.000 3.087 
509.000 3.162 
510.000 3.273 
511.000 3.410 
512.000 3.559 
513.000 3.705 
514.000 3.837 
515.000 3.942 
516.000 4.012 
517.000 4.042 
518.000 4.031 
519.000 3.982 
520.000 3.901 
521.000 3.798 
522.000 3.683 
523.000 3.568 
524.000 3.463 
525.000 3.378 
526.000 3.317 
527.000 3.285 
528.000 3.282 
529.000 3.306 
530.000 3.354 
531.000 3.419 
532.000 3.495 
533.000 3.574 
534.000 3.650 
535.000 3.715 
536.000 3.764 
537.000 3.794 
538.000 3.803 
539.000 3.791 
540.000 3.760 
541.000 3.715 
542.000 3.661 
543.000 3.603 
544.000 3.546 
545.000 3.496 
546.000 3.457 
547.000 3.432 
548.000 3.421 
549.000 3.425 
550.000 3.443 
551.000 3.471 
552.000 3.508 
553.000 3.548 
554.000 3.589 
555.000 3.626 
556.000 3.657 
557.000 3.678 
558.000 3.689 
559.000 3.689 
560.000 3.679 
561.000 3.661 
562.000 3.636 
563.000 3.607 
564.000 3.577 
565.000 3.550 
566.000 3.526 
567.000 3.509 
568.000 3.498 
569.000 3.496 
570.000 3.501 
571.000 3.512 
572.000 3.529 
573.000 3.548 
574.000 3.570 
575.000 3.590 
576.000 3.608 
577.000 3.622 
578.000 3.631 
579.000 3.634 
580.000 3.632 
581.000 3.625 
582.000 3.615 
583.000 3.601 
584.000 3.586 
585.000 3.571 
586.000 3.557 
587.000 3.546 
588.000 3.539 
589.000 3.535 
590.000 3.535 
591.000 3.539 
592.000 3.546 
593.000 3.555 
594.000 3.566 
595.000 3.577 
596.000 3.587 
597.000 3.595 
598.000 3.601 
599.000 3.605 
600.000 3.606 
601.000 3.604 
602.000 3.599 
603.000 3.593 
604.000 3.586 
605.000 3.578 
606.000 3.627 
607.000 3.735 
608.000 3.880 
609.000 4.047 
610.000 4.222 
611.000 4.397 
612.000 4.565 
613.000 4.723 
614.000 4.867 
615.000 4.995 
616.000 5.109 
617.000 5.207 
618.000 5.291 
619.000 5.362 
620.000 5.421 
621.000 5.469 
622.000 5.507 
623.000 5.538 
624.000 5.562 
625.000 5.580 
626.000 5.593 
627.000 5.603 
628.000 5.609 
629.000 5.613 
630.000 5.615 
631.000 5.616 
632.000 5.616 
633.000 5.615 
634.000 5.613 
635.000 5.611 
636.000 5.609 
637.000 5.608 
638.000 5.606 
639.000 5.604 
640.000 5.602 
641.000 5.601 
642.000 5.600 
643.000 5.599 
644.000 5.598 
645.000 5.597 
646.000 5.596 
647.000 5.596 
648.000 5.595 
649.000 5.595 
650.000 5.595 
651.000 5.594 
652.000 5.594 
653.000 5.594 
654.000 5.594 
655.000 5.594 
656.000 5.594 
657.000 5.594 
658.000 5.594 
659.000 5.594 
660.000 5.594 
661.000 5.594 
662.000 5.594 
663.000 5.594 
664.000 5.594 
665.000 5.594 
666.000 5.594 
667.000 5.594 
668.000 5.594 
669.000 5.594 
670.000 5.594 
671.000 5.594 
672.000 5.594 
673.000 5.594 
674.000 5.594 
675.000 5.594 
676.000 5.594 
677.000 5.594 
678.000 5.594 
679.000 5.594 
680.000 5.594 
681.000 5.594 
682.000 5.594 
683.000 5.594 
684.000 5.594 
685.000 5.594 
686.000 5.594 
687.000 5.594 
688.000 5.594 
689.000 5.594 
690.000 5.594 
691.000 5.594 
692.000 5.594 
693.000 5.594 
694.000 5.594 
695.000 5.594 
696.000 5.594 
697.000 5.594 
698.000 5.594 
699.000 5.594 
700.000 5.594 
701.000 5.594 
702.000 5.594 
703.000 5.594 
704.000 5.594 
705.000 5.594 
706.000 5.594 
707.000 5.594 
708.000 5.594 
709.000 5.594 
710.000 5.594 
711.000 5.594 
712.000 5.594 
713.000 5.594 
714.000 5.594 
715.000 5.594 
716.000 5.594 
717.000 5.594 
718.000 5.594 
719.000 5.594 
720.000 5.594 
721.000 5.594 
722.000 5.594 
723.000 5.594 
724.000 5.594 
725.000 5.594 
726.000 5.594 
727.000 5.594 
728.000 5.594 
729.000 5.594 
730.000 5.594 
731.000 5.594 
732.000 5.594 
733.000 5.594 
734.000 5.594 
735.000 5.594 
736.000 5.594 
737.000 5.594 
738.000 5.594 
739.000 5.594 
740.000 5.594 
741.000 5.594 
742.000 5.594 
743.000 5.594 
744.000 5.594 
745.000 5.594 
746.000 5.594 
747.000 5.594 
748.000 5.594 
749.000 5.594 
750.000 5.594 
751.000 5.594 
752.000 5.594 
753.000 5.594 
754.000 5.594 
755.000 5.594 
756.000 5.594 
757.000 5.594 
758.000 5.594 
759.000 5.594 
760.000 5.594 
761.000 5.594 
762.000 5.594 
763.000 5.594 
764.000 5.594 
765.000 5.594 
766.000 5.594 
767.000 5.594 
768.000 5.594 
769.000 5.594 
770.000 5.594 
771.000 5.594 
772.000 5.594 
773.000 5.594 
774.000 5.594 
775.000 5.594 
776.000 5.594 
777.000 5.594 
778.000 5.594 
779.000 5.594 
780.000 5.594 
781.000 5.594 
782.000 5.594 
783.000 5.594 
784.000 5.594 
785.000 5.594 
786.000 5.594 
787.000 5.594 
788.000 5.594 
789.000 5.594 
790.000 5.594 
791.000 5.594 
792.000 5.594 
793.000 5.594 
794.000 5.594 
795.000 5.594 
796.000 5.594 
797.000 5.594 
798.000 5.594 
799.000 5.594 
800.000 5.594 
