1.000 0.000 
2.000 0.000 
3.000 0.000 
4.000 0.000 
5.000 0.000 
6.000 0.000 
7.000 0.000 
8.000 0.000 
9.000 0.000 
10.000 0.000 
11.000 0.000 
12.000 -0.006 
13.000 -0.017 
14.000 -0.027 
15.000 -0.032 
16.000 -0.032 
17.000 -0.027 
18.000 -0.021 
19.000 -0.016 
20.000 -0.016 
21.000 -0.019 
22.000 -0.026 
23.000 -0.032 
24.000 -0.037 
25.000 -0.039 
26.000 -0.038 
27.000 -0.036 
28.000 -0.034 
29.000 -0.033 
30.000 -0.034 
31.000 -0.037 
32.000 -0.041 
33.000 -0.044 
34.000 -0.046 
35.000 -0.046 
36.000 -0.046 
37.000 -0.045 
38.000 -0.044 
39.000 -0.045 
40.000 -0.046 
41.000 -0.048 
42.000 -0.050 
43.000 -0.052 
44.000 -0.053 
45.000 -0.053 
46.000 -0.053 
47.000 -0.053 
48.000 -0.053 
49.000 -0.054 
50.000 -0.055 
51.000 -0.057 
52.000 -0.058 
53.000 -0.059 
54.000 -0.059 
55.000 -0.059 
56.000 -0.060 
57.000 -0.060 
58.000 -0.060 
59.000 -0.061 
60.000 -0.062 
61.000 -0.063 
62.000 -0.064 
63.000 -0.064 
64.000 -0.065 
65.000 -0.065 
66.000 -0.065 
67.000 -0.066 
68.000 -0.066 
69.000 -0.067 
70.000 -0.068 
71.000 -0.068 
72.000 -0.069 
73.000 -0.069 
74.000 -0.069 
75.000 -0.070 
76.000 -0.070 
77.000 -0.071 
78.000 -0.071 
79.000 -0.072 
80.000 -0.072 
81.000 -0.073 
82.000 -0.073 
83.000 -0.073 
84.000 -0.074 
85.000 -0.074 
86.000 -0.074 
87.000 -0.075 
88.000 -0.075 
89.000 -0.076 
90.000 -0.076 
91.000 -0.076 
92.000 -0.077 
93.000 -0.077 
94.000 -0.077 
95.000 -0.078 
96.000 -0.078 
97.000 -0.079 
98.000 -0.079 
99.000 -0.079 
100.000 -0.080 
101.000 -0.080 
102.000 -0.080 
103.000 -0.080 
104.000 -0.081 
105.000 -0.081 
106.000 -0.081 
107.000 -0.082 
108.000 -0.082 
109.000 -0.082 
110.000 -0.083 
111.000 -0.083 
112.000 -0.083 
113.000 -0.083 
114.000 -0.084 
115.000 -0.084 
116.000 -0.084 
117.000 -0.085 
118.000 -0.085 
119.000 -0.085 
120.000 -0.085 
121.000 -0.086 
122.000 -0.086 
123.000 -0.086 
124.000 -0.086 
125.000 -0.087 
126.000 -0.086 
127.000 -0.085 
128.000 -0.083 
129.000 -0.082 
130.000 -0.083 
131.000 -0.084 
132.000 -0.085 
133.000 -0.086 
134.000 -0.086 
135.000 -0.086 
136.000 -0.085 
137.000 -0.084 
138.000 -0.083 
139.000 -0.084 
140.000 -0.084 
141.000 -0.085 
142.000 -0.085 
143.000 -0.085 
144.000 -0.085 
145.000 -0.085 
146.000 -0.084 
147.000 -0.084 
148.000 -0.084 
149.000 -0.084 
150.000 -0.084 
151.000 -0.085 
152.000 -0.085 
153.000 -0.085 
154.000 -0.084 
155.000 -0.084 
156.000 -0.084 
157.000 -0.084 
158.000 -0.084 
159.000 -0.084 
160.000 -0.084 
161.000 -0.084 
162.000 -0.084 
163.000 -0.084 
164.000 -0.084 
165.000 -0.084 
166.000 -0.084 
167.000 -0.084 
168.000 -0.084 
169.000 -0.084 
170.000 -0.084 
171.000 -0.084 
172.000 -0.084 
173.000 -0.084 
174.000 -0.084 
175.000 -0.084 
176.000 -0.084 
177.000 -0.084 
178.000 -0.084 
179.000 -0.084 
180.000 -0.084 
181.000 -0.084 
182.000 -0.084 
183.000 -0.084 
184.000 -0.084 
185.000 -0.084 
186.000 -0.084 
187.000 -0.084 
188.000 -0.084 
189.000 -0.084 
190.000 -0.084 
191.000 -0.084 
192.000 -0.084 
193.000 -0.084 
194.000 -0.084 
195.000 -0.084 
196.000 -0.084 
197.000 -0.084 
198.000 -0.083 
199.000 -0.083 
200.000 -0.083 
201.000 -0.083 
202.000 -0.083 
203.000 -0.083 
204.000 -0.083 
205.000 -0.083 
206.000 -0.083 
207.000 -0.083 
208.000 -0.083 
209.000 -0.083 
210.000 -0.083 
211.000 -0.083 
212.000 -0.083 
213.000 -0.083 
214.000 -0.083 
215.000 -0.083 
216.000 -0.083 
217.000 -0.083 
218.000 -0.083 
219.000 -0.083 
220.000 -0.083 
221.000 -0.083 
222.000 -0.083 
223.000 -0.083 
224.000 -0.083 
225.000 -0.083 
226.000 -0.083 
227.000 -0.083 
228.000 -0.083 
229.000 -0.083 
230.000 -0.083 
231.000 -0.083 
232.000 -0.083 
233.000 -0.083 
234.000 -0.083 
235.000 -0.083 
236.000 -0.083 
237.000 -0.083 
238.000 -0.083 
239.000 -0.083 
240.000 -0.083 
241.000 -0.083 
242.000 -0.083 
243.000 -0.083 
244.000 -0.083 
245.000 -0.083 
246.000 -0.079 
247.000 -0.061 
248.000 -0.043 
249.000 -0.035 
250.000 -0.038 
251.000 -0.048 
252.000 -0.058 
253.000 -0.065 
254.000 -0.065 
255.000 -0.058 
256.000 -0.045 
257.000 -0.031 
258.000 -0.021 
259.000 -0.018 
260.000 -0.021 
261.000 -0.028 
262.000 -0.032 
263.000 -0.033 
264.000 -0.029 
265.000 -0.019 
266.000 -0.007 
267.000 0.004 
268.000 0.011 
269.000 0.012 
270.000 0.011 
271.000 0.008 
272.000 0.007 
273.000 0.009 
274.000 0.015 
275.000 0.025 
276.000 0.036 
277.000 0.045 
278.000 0.050 
279.000 0.053 
280.000 0.053 
281.000 0.052 
282.000 0.053 
283.000 0.056 
284.000 0.063 
285.000 0.071 
286.000 0.080 
287.000 0.088 
288.000 0.094 
289.000 0.097 
290.000 0.098 
291.000 0.099 
292.000 0.100 
293.000 0.103 
294.000 0.108 
295.000 0.115 
296.000 0.123 
297.000 0.130 
298.000 0.135 
299.000 0.138 
300.000 0.140 
301.000 0.141 
302.000 0.142 
303.000 0.145 
304.000 0.148 
305.000 0.154 
306.000 0.159 
307.000 0.165 
308.000 0.170 
309.000 0.173 
310.000 0.175 
311.000 0.176 
312.000 0.177 
313.000 0.179 
314.000 0.181 
315.000 0.184 
316.000 0.189 
317.000 0.193 
318.000 0.197 
319.000 0.200 
320.000 0.202 
321.000 0.203 
322.000 0.204 
323.000 0.205 
324.000 0.206 
325.000 0.208 
326.000 0.210 
327.000 0.214 
328.000 0.217 
329.000 0.219 
330.000 0.221 
331.000 0.222 
332.000 0.223 
333.000 0.223 
334.000 0.224 
335.000 0.225 
336.000 0.226 
337.000 0.228 
338.000 0.231 
339.000 0.233 
340.000 0.234 
341.000 0.236 
342.000 0.236 
343.000 0.236 
344.000 0.236 
345.000 0.237 
346.000 0.237 
347.000 0.239 
348.000 0.240 
349.000 0.242 
350.000 0.243 
351.000 0.244 
352.000 0.245 
353.000 0.245 
354.000 0.245 
355.000 0.245 
356.000 0.245 
357.000 0.246 
358.000 0.247 
359.000 0.248 
360.000 0.249 
361.000 0.250 
362.000 0.250 
363.000 0.251 
364.000 0.251 
365.000 0.251 
366.000 0.311 
367.000 0.450 
368.000 0.618 
369.000 0.753 
370.000 0.811 
371.000 0.780 
372.000 0.680 
373.000 0.558 
374.000 0.453 
375.000 0.392 
376.000 0.393 
377.000 0.460 
378.000 0.584 
379.000 0.740 
380.000 0.887 
381.000 0.983 
382.000 0.997 
383.000 0.931 
384.000 0.815 
385.000 0.691 
386.000 0.593 
387.000 0.545 
388.000 0.558 
389.000 0.634 
390.000 0.757 
391.000 0.900 
392.000 1.024 
393.000 1.092 
394.000 1.081 
395.000 0.999 
396.000 0.877 
397.000 0.754 
398.000 0.661 
399.000 0.618 
400.000 0.637 
401.000 0.714 
402.000 0.834 
403.000 0.967 
404.000 1.076 
405.000 1.128 
406.000 1.105 
407.000 1.016 
408.000 0.894 
409.000 0.775 
410.000 0.687 
411.000 0.650 
412.000 0.673 
413.000 0.751 
414.000 0.868 
415.000 0.994 
416.000 1.093 
417.000 1.134 
418.000 1.104 
419.000 1.014 
420.000 0.894 
421.000 0.780 
422.000 0.698 
423.000 0.667 
424.000 0.693 
425.000 0.772 
426.000 0.886 
427.000 1.006 
428.000 1.097 
429.000 1.131 
430.000 1.095 
431.000 1.005 
432.000 0.888 
433.000 0.779 
434.000 0.703 
435.000 0.677 
436.000 0.707 
437.000 0.787 
438.000 0.898 
439.000 1.012 
440.000 1.096 
441.000 1.123 
442.000 1.084 
443.000 0.994 
444.000 0.881 
445.000 0.777 
446.000 0.707 
447.000 0.686 
448.000 0.719 
449.000 0.799 
450.000 0.908 
451.000 1.017 
452.000 1.094 
453.000 1.115 
454.000 1.073 
455.000 0.983 
456.000 0.873 
457.000 0.775 
458.000 0.710 
459.000 0.694 
460.000 0.730 
461.000 0.810 
462.000 0.916 
463.000 1.020 
464.000 1.091 
465.000 1.106 
466.000 1.061 
467.000 0.972 
468.000 0.866 
469.000 0.773 
470.000 0.714 
471.000 0.702 
472.000 0.740 
473.000 0.820 
474.000 0.924 
475.000 1.022 
476.000 1.087 
477.000 1.098 
478.000 1.051 
479.000 0.962 
480.000 0.860 
481.000 0.772 
482.000 0.717 
483.000 0.709 
484.000 0.750 
485.000 0.830 
486.000 1.018 
487.000 1.321 
488.000 1.694 
489.000 2.103 
490.000 2.522 
491.000 2.933 
492.000 3.322 
493.000 3.683 
494.000 4.009 
495.000 4.298 
496.000 4.552 
497.000 4.770 
498.000 4.955 
499.000 5.109 
500.000 5.120 
501.000 4.892 
502.000 4.610 
503.000 4.418 
504.000 4.326 
505.000 4.308 
506.000 4.342 
507.000 4.413 
508.000 4.508 
509.000 4.614 
510.000 4.727 
511.000 4.838 
512.000 4.945 
513.000 5.045 
514.000 5.136 
515.000 5.218 
516.000 5.289 
517.000 5.351 
518.000 5.404 
519.000 5.449 
520.000 5.486 
521.000 5.516 
522.000 4.962 
523.000 3.857 
524.000 2.829 
525.000 2.056 
526.000 1.572 
527.000 1.362 
528.000 1.370 
529.000 1.533 
530.000 1.798 
531.000 2.127 
532.000 2.489 
533.000 2.860 
534.000 3.224 
535.000 3.570 
536.000 3.890 
537.000 4.180 
538.000 4.438 
539.000 4.663 
540.000 4.858 
541.000 5.022 
542.000 5.160 
543.000 5.274 
544.000 5.367 
545.000 5.441 
546.000 5.499 
547.000 5.543 
548.000 5.577 
549.000 5.601 
550.000 5.618 
551.000 5.536 
552.000 5.274 
553.000 5.017 
554.000 4.844 
555.000 4.748 
556.000 4.712 
557.000 4.719 
558.000 4.757 
559.000 4.814 
560.000 4.884 
561.000 4.960 
562.000 5.037 
563.000 5.112 
564.000 5.183 
565.000 5.249 
566.000 5.308 
567.000 5.361 
568.000 5.407 
569.000 5.446 
570.000 5.480 
571.000 5.508 
572.000 5.531 
573.000 5.549 
574.000 5.564 
575.000 5.576 
576.000 5.124 
577.000 4.166 
578.000 3.270 
579.000 2.614 
580.000 2.235 
581.000 2.092 
582.000 2.120 
583.000 2.269 
584.000 2.497 
585.000 2.774 
586.000 3.075 
587.000 3.381 
588.000 3.680 
589.000 3.963 
590.000 4.224 
591.000 4.459 
592.000 4.668 
593.000 4.851 
594.000 5.007 
595.000 5.140 
596.000 5.251 
597.000 5.342 
598.000 5.416 
599.000 5.475 
600.000 5.521 
601.000 5.557 
602.000 5.583 
603.000 5.602 
604.000 5.616 
605.000 4.931 
606.000 4.387 
607.000 4.047 
608.000 3.864 
609.000 3.798 
610.000 3.818 
611.000 3.898 
612.000 4.018 
613.000 4.161 
614.000 4.315 
615.000 4.472 
616.000 4.625 
617.000 4.769 
618.000 4.902 
619.000 5.021 
620.000 5.127 
621.000 5.220 
622.000 5.299 
623.000 5.366 
624.000 5.422 
625.000 5.468 
626.000 5.506 
627.000 5.535 
628.000 5.558 
629.000 5.576 
630.000 5.589 
631.000 5.599 
632.000 5.606 
633.000 5.610 
634.000 5.612 
635.000 5.613 
636.000 5.613 
637.000 5.613 
638.000 5.612 
639.000 5.610 
640.000 5.608 
641.000 5.607 
642.000 5.605 
643.000 5.603 
644.000 5.602 
645.000 5.601 
646.000 5.600 
647.000 5.598 
648.000 5.598 
649.000 5.597 
650.000 5.596 
651.000 5.596 
652.000 5.595 
653.000 5.595 
654.000 5.595 
655.000 5.594 
656.000 5.594 
657.000 5.594 
658.000 5.594 
659.000 5.594 
660.000 5.594 
661.000 5.594 
662.000 5.594 
663.000 5.594 
664.000 5.594 
665.000 5.594 
666.000 5.594 
667.000 5.594 
668.000 5.594 
669.000 5.594 
670.000 5.594 
671.000 5.594 
672.000 5.594 
673.000 5.594 
674.000 5.594 
675.000 5.594 
676.000 5.594 
677.000 5.594 
678.000 5.594 
679.000 5.594 
680.000 5.594 
681.000 5.594 
682.000 5.594 
683.000 5.594 
684.000 5.594 
685.000 5.594 
686.000 5.594 
687.000 5.594 
688.000 5.594 
689.000 5.594 
690.000 5.594 
691.000 5.594 
692.000 5.594 
693.000 5.594 
694.000 5.594 
695.000 5.594 
696.000 5.594 
697.000 5.594 
698.000 5.594 
699.000 5.594 
700.000 5.594 
701.000 5.594 
702.000 5.594 
703.000 5.594 
704.000 5.594 
705.000 5.594 
706.000 5.594 
707.000 5.594 
708.000 5.594 
709.000 5.594 
710.000 5.594 
711.000 5.594 
712.000 5.594 
713.000 5.594 
714.000 5.594 
715.000 5.594 
716.000 5.594 
717.000 5.594 
718.000 5.594 
719.000 5.594 
720.000 5.594 
721.000 5.594 
722.000 5.594 
723.000 5.594 
724.000 5.594 
725.000 5.594 
726.000 5.594 
727.000 5.594 
728.000 5.594 
729.000 5.594 
730.000 5.594 
731.000 5.594 
732.000 5.594 
733.000 5.594 
734.000 5.594 
735.000 5.594 
736.000 5.594 
737.000 5.594 
738.000 5.594 
739.000 5.594 
740.000 5.594 
741.000 5.594 
742.000 5.594 
743.000 5.594 
744.000 5.594 
745.000 5.594 
746.000 5.594 
747.000 5.594 
748.000 5.594 
749.000 5.594 
750.000 5.594 
751.000 5.594 
752.000 5.594 
753.000 5.594 
754.000 5.594 
755.000 5.594 
756.000 5.594 
757.000 5.594 
758.000 5.594 
759.000 5.594 
760.000 5.594 
761.000 5.594 
762.000 5.594 
763.000 5.594 
764.000 5.594 
765.000 5.594 
766.000 5.594 
767.000 5.594 
768.000 5.594 
769.000 5.594 
770.000 5.594 
771.000 5.594 
772.000 5.594 
773.000 5.594 
774.000 5.594 
775.000 5.594 
776.000 5.594 
777.000 5.594 
778.000 5.594 
779.000 5.594 
780.000 5.594 
781.000 5.594 
782.000 5.594 
783.000 5.594 
784.000 5.594 
785.000 5.594 
786.000 5.594 
787.000 5.594 
788.000 5.594 
789.000 5.594 
790.000 5.594 
791.000 5.594 
792.000 5.594 
793.000 5.594 
794.000 5.594 
795.000 5.594 
796.000 5.594 
797.000 5.594 
798.000 5.594 
799.000 5.594 
800.000 5.594 
