1.000 0.000 
2.000 0.000 
3.000 0.000 
4.000 0.000 
5.000 0.000 
6.000 0.000 
7.000 0.000 
8.000 0.000 
9.000 0.000 
10.000 0.000 
11.000 0.000 
12.000 -0.003 
13.000 -0.008 
14.000 -0.013 
15.000 -0.017 
16.000 -0.019 
17.000 -0.020 
18.000 -0.020 
19.000 -0.019 
20.000 -0.019 
21.000 -0.019 
22.000 -0.020 
23.000 -0.021 
24.000 -0.023 
25.000 -0.025 
26.000 -0.026 
27.000 -0.027 
28.000 -0.028 
29.000 -0.029 
30.000 -0.030 
31.000 -0.031 
32.000 -0.032 
33.000 -0.033 
34.000 -0.033 
35.000 -0.034 
36.000 -0.035 
37.000 -0.036 
38.000 -0.037 
39.000 -0.038 
40.000 -0.039 
41.000 -0.039 
42.000 -0.040 
43.000 -0.041 
44.000 -0.042 
45.000 -0.042 
46.000 -0.043 
47.000 -0.044 
48.000 -0.044 
49.000 -0.045 
50.000 -0.046 
51.000 -0.047 
52.000 -0.047 
53.000 -0.048 
54.000 -0.048 
55.000 -0.049 
56.000 -0.050 
57.000 -0.050 
58.000 -0.051 
59.000 -0.051 
60.000 -0.052 
61.000 -0.053 
62.000 -0.053 
63.000 -0.054 
64.000 -0.054 
65.000 -0.055 
66.000 -0.055 
67.000 -0.056 
68.000 -0.056 
69.000 -0.057 
70.000 -0.057 
71.000 -0.058 
72.000 -0.058 
73.000 -0.059 
74.000 -0.059 
75.000 -0.060 
76.000 -0.060 
77.000 -0.061 
78.000 -0.061 
79.000 -0.062 
80.000 -0.062 
81.000 -0.062 
82.000 -0.063 
83.000 -0.063 
84.000 -0.064 
85.000 -0.064 
86.000 -0.064 
87.000 -0.065 
88.000 -0.065 
89.000 -0.066 
90.000 -0.066 
91.000 -0.066 
92.000 -0.067 
93.000 -0.067 
94.000 -0.068 
95.000 -0.068 
96.000 -0.068 
97.000 -0.069 
98.000 -0.069 
99.000 -0.069 
100.000 -0.070 
101.000 -0.070 
102.000 -0.070 
103.000 -0.071 
104.000 -0.071 
105.000 -0.071 
106.000 -0.072 
107.000 -0.072 
108.000 -0.072 
109.000 -0.073 
110.000 -0.073 
111.000 -0.073 
112.000 -0.073 
113.000 -0.074 
114.000 -0.074 
115.000 -0.074 
116.000 -0.075 
117.000 -0.075 
118.000 -0.075 
119.000 -0.075 
120.000 -0.076 
121.000 -0.076 
122.000 -0.076 
123.000 -0.077 
124.000 -0.077 
125.000 -0.077 
126.000 -0.077 
127.000 -0.076 
128.000 -0.076 
129.000 -0.075 
130.000 -0.075 
131.000 -0.075 
132.000 -0.076 
133.000 -0.076 
134.000 -0.076 
135.000 -0.076 
136.000 -0.076 
137.000 -0.076 
138.000 -0.076 
139.000 -0.076 
140.000 -0.076 
141.000 -0.076 
142.000 -0.076 
143.000 -0.076 
144.000 -0.076 
145.000 -0.076 
146.000 -0.076 
147.000 -0.076 
148.000 -0.076 
149.000 -0.076 
150.000 -0.076 
151.000 -0.076 
152.000 -0.076 
153.000 -0.076 
154.000 -0.076 
155.000 -0.076 
156.000 -0.076 
157.000 -0.076 
158.000 -0.076 
159.000 -0.076 
160.000 -0.076 
161.000 -0.076 
162.000 -0.076 
163.000 -0.076 
164.000 -0.076 
165.000 -0.077 
166.000 -0.077 
167.000 -0.077 
168.000 -0.077 
169.000 -0.077 
170.000 -0.077 
171.000 -0.077 
172.000 -0.077 
173.000 -0.077 
174.000 -0.077 
175.000 -0.077 
176.000 -0.077 
177.000 -0.077 
178.000 -0.077 
179.000 -0.077 
180.000 -0.077 
181.000 -0.077 
182.000 -0.077 
183.000 -0.077 
184.000 -0.077 
185.000 -0.077 
186.000 -0.077 
187.000 -0.077 
188.000 -0.077 
189.000 -0.077 
190.000 -0.077 
191.000 -0.077 
192.000 -0.077 
193.000 -0.077 
194.000 -0.077 
195.000 -0.077 
196.000 -0.077 
197.000 -0.077 
198.000 -0.077 
199.000 -0.077 
200.000 -0.077 
201.000 -0.077 
202.000 -0.077 
203.000 -0.077 
204.000 -0.077 
205.000 -0.077 
206.000 -0.077 
207.000 -0.077 
208.000 -0.077 
209.000 -0.077 
210.000 -0.077 
211.000 -0.077 
212.000 -0.077 
213.000 -0.077 
214.000 -0.077 
215.000 -0.077 
216.000 -0.077 
217.000 -0.077 
218.000 -0.077 
219.000 -0.077 
220.000 -0.077 
221.000 -0.077 
222.000 -0.077 
223.000 -0.077 
224.000 -0.077 
225.000 -0.077 
226.000 -0.077 
227.000 -0.077 
228.000 -0.077 
229.000 -0.077 
230.000 -0.077 
231.000 -0.077 
232.000 -0.077 
233.000 -0.077 
234.000 -0.077 
235.000 -0.077 
236.000 -0.077 
237.000 -0.077 
238.000 -0.077 
239.000 -0.077 
240.000 -0.077 
241.000 -0.077 
242.000 -0.077 
243.000 -0.077 
244.000 -0.077 
245.000 -0.077 
246.000 -0.076 
247.000 -0.069 
248.000 -0.062 
249.000 -0.057 
250.000 -0.054 
251.000 -0.054 
252.000 -0.054 
253.000 -0.055 
254.000 -0.055 
255.000 -0.054 
256.000 -0.053 
257.000 -0.050 
258.000 -0.047 
259.000 -0.044 
260.000 -0.041 
261.000 -0.039 
262.000 -0.036 
263.000 -0.034 
264.000 -0.032 
265.000 -0.030 
266.000 -0.027 
267.000 -0.025 
268.000 -0.022 
269.000 -0.019 
270.000 -0.017 
271.000 -0.014 
272.000 -0.011 
273.000 -0.008 
274.000 -0.005 
275.000 -0.002 
276.000 0.001 
277.000 0.004 
278.000 0.007 
279.000 0.010 
280.000 0.013 
281.000 0.017 
282.000 0.020 
283.000 0.023 
284.000 0.026 
285.000 0.030 
286.000 0.033 
287.000 0.036 
288.000 0.040 
289.000 0.043 
290.000 0.047 
291.000 0.050 
292.000 0.053 
293.000 0.057 
294.000 0.060 
295.000 0.064 
296.000 0.067 
297.000 0.071 
298.000 0.074 
299.000 0.078 
300.000 0.081 
301.000 0.084 
302.000 0.088 
303.000 0.091 
304.000 0.095 
305.000 0.098 
306.000 0.101 
307.000 0.105 
308.000 0.108 
309.000 0.111 
310.000 0.114 
311.000 0.118 
312.000 0.121 
313.000 0.124 
314.000 0.127 
315.000 0.130 
316.000 0.133 
317.000 0.136 
318.000 0.139 
319.000 0.142 
320.000 0.145 
321.000 0.148 
322.000 0.151 
323.000 0.153 
324.000 0.156 
325.000 0.159 
326.000 0.161 
327.000 0.164 
328.000 0.166 
329.000 0.169 
330.000 0.171 
331.000 0.173 
332.000 0.176 
333.000 0.178 
334.000 0.180 
335.000 0.182 
336.000 0.185 
337.000 0.187 
338.000 0.189 
339.000 0.191 
340.000 0.193 
341.000 0.195 
342.000 0.196 
343.000 0.198 
344.000 0.200 
345.000 0.202 
346.000 0.203 
347.000 0.205 
348.000 0.207 
349.000 0.208 
350.000 0.210 
351.000 0.211 
352.000 0.213 
353.000 0.214 
354.000 0.216 
355.000 0.217 
356.000 0.218 
357.000 0.219 
358.000 0.221 
359.000 0.222 
360.000 0.223 
361.000 0.224 
362.000 0.225 
363.000 0.226 
364.000 0.227 
365.000 0.228 
366.000 0.258 
367.000 0.318 
368.000 0.390 
369.000 0.458 
370.000 0.513 
371.000 0.549 
372.000 0.567 
373.000 0.568 
374.000 0.560 
375.000 0.549 
376.000 0.540 
377.000 0.537 
378.000 0.543 
379.000 0.558 
380.000 0.580 
381.000 0.607 
382.000 0.636 
383.000 0.664 
384.000 0.689 
385.000 0.709 
386.000 0.724 
387.000 0.734 
388.000 0.741 
389.000 0.745 
390.000 0.747 
391.000 0.751 
392.000 0.755 
393.000 0.761 
394.000 0.769 
395.000 0.778 
396.000 0.788 
397.000 0.798 
398.000 0.808 
399.000 0.816 
400.000 0.824 
401.000 0.829 
402.000 0.834 
403.000 0.837 
404.000 0.840 
405.000 0.842 
406.000 0.844 
407.000 0.847 
408.000 0.849 
409.000 0.852 
410.000 0.855 
411.000 0.859 
412.000 0.862 
413.000 0.865 
414.000 0.868 
415.000 0.870 
416.000 0.872 
417.000 0.874 
418.000 0.876 
419.000 0.877 
420.000 0.878 
421.000 0.879 
422.000 0.879 
423.000 0.880 
424.000 0.881 
425.000 0.882 
426.000 0.884 
427.000 0.885 
428.000 0.886 
429.000 0.886 
430.000 0.887 
431.000 0.888 
432.000 0.889 
433.000 0.889 
434.000 0.889 
435.000 0.890 
436.000 0.890 
437.000 0.891 
438.000 0.891 
439.000 0.891 
440.000 0.892 
441.000 0.892 
442.000 0.892 
443.000 0.893 
444.000 0.893 
445.000 0.893 
446.000 0.893 
447.000 0.894 
448.000 0.894 
449.000 0.894 
450.000 0.894 
451.000 0.894 
452.000 0.894 
453.000 0.894 
454.000 0.894 
455.000 0.895 
456.000 0.895 
457.000 0.895 
458.000 0.895 
459.000 0.895 
460.000 0.895 
461.000 0.895 
462.000 0.895 
463.000 0.895 
464.000 0.895 
465.000 0.895 
466.000 0.895 
467.000 0.895 
468.000 0.895 
469.000 0.895 
470.000 0.896 
471.000 0.896 
472.000 0.896 
473.000 0.896 
474.000 0.896 
475.000 0.896 
476.000 0.896 
477.000 0.896 
478.000 0.896 
479.000 0.896 
480.000 0.896 
481.000 0.896 
482.000 0.896 
483.000 0.896 
484.000 0.896 
485.000 0.896 
486.000 1.011 
487.000 1.263 
488.000 1.602 
489.000 1.990 
490.000 2.398 
491.000 2.806 
492.000 3.199 
493.000 3.565 
494.000 3.827 
495.000 3.953 
496.000 3.964 
497.000 3.886 
498.000 3.749 
499.000 3.583 
500.000 3.420 
501.000 3.283 
502.000 3.189 
503.000 3.144 
504.000 3.149 
505.000 3.199 
506.000 3.283 
507.000 3.390 
508.000 3.505 
509.000 3.616 
510.000 3.711 
511.000 3.782 
512.000 3.825 
513.000 3.837 
514.000 3.823 
515.000 3.786 
516.000 3.734 
517.000 3.675 
518.000 3.616 
519.000 3.563 
520.000 3.522 
521.000 3.494 
522.000 3.482 
523.000 3.483 
524.000 3.496 
525.000 3.518 
526.000 3.544 
527.000 3.572 
528.000 3.597 
529.000 3.617 
530.000 3.630 
531.000 3.636 
532.000 3.636 
533.000 3.629 
534.000 3.617 
535.000 3.603 
536.000 3.588 
537.000 3.574 
538.000 3.562 
539.000 3.554 
540.000 3.549 
541.000 3.549 
542.000 3.551 
543.000 3.556 
544.000 3.563 
545.000 3.570 
546.000 3.577 
547.000 3.583 
548.000 3.588 
549.000 3.590 
550.000 3.591 
551.000 3.590 
552.000 3.587 
553.000 3.584 
554.000 3.580 
555.000 3.576 
556.000 3.573 
557.000 3.571 
558.000 3.569 
559.000 3.569 
560.000 3.569 
561.000 3.570 
562.000 3.572 
563.000 3.574 
564.000 3.576 
565.000 3.577 
566.000 3.579 
567.000 3.579 
568.000 3.580 
569.000 3.580 
570.000 3.579 
571.000 3.578 
572.000 3.577 
573.000 3.576 
574.000 3.576 
575.000 3.575 
576.000 3.574 
577.000 3.574 
578.000 3.574 
579.000 3.574 
580.000 3.575 
581.000 3.575 
582.000 3.576 
583.000 3.576 
584.000 3.577 
585.000 3.577 
586.000 3.577 
587.000 3.577 
588.000 3.577 
589.000 3.577 
590.000 3.576 
591.000 3.576 
592.000 3.576 
593.000 3.576 
594.000 3.576 
595.000 3.576 
596.000 3.575 
597.000 3.576 
598.000 3.576 
599.000 3.576 
600.000 3.576 
601.000 3.576 
602.000 3.576 
603.000 3.576 
604.000 3.576 
605.000 3.576 
606.000 3.631 
607.000 3.743 
608.000 3.891 
609.000 4.059 
610.000 4.235 
611.000 4.410 
612.000 4.578 
613.000 4.734 
614.000 4.877 
615.000 5.005 
616.000 5.117 
617.000 5.214 
618.000 5.297 
619.000 5.367 
620.000 5.425 
621.000 5.472 
622.000 5.510 
623.000 5.540 
624.000 5.563 
625.000 5.581 
626.000 5.594 
627.000 5.603 
628.000 5.609 
629.000 5.613 
630.000 5.615 
631.000 5.616 
632.000 5.615 
633.000 5.614 
634.000 5.613 
635.000 5.611 
636.000 5.609 
637.000 5.607 
638.000 5.606 
639.000 5.604 
640.000 5.602 
641.000 5.601 
642.000 5.600 
643.000 5.599 
644.000 5.598 
645.000 5.597 
646.000 5.596 
647.000 5.596 
648.000 5.595 
649.000 5.595 
650.000 5.595 
651.000 5.594 
652.000 5.594 
653.000 5.594 
654.000 5.594 
655.000 5.594 
656.000 5.594 
657.000 5.594 
658.000 5.594 
659.000 5.594 
660.000 5.594 
661.000 5.594 
662.000 5.594 
663.000 5.594 
664.000 5.594 
665.000 5.594 
666.000 5.594 
667.000 5.594 
668.000 5.594 
669.000 5.594 
670.000 5.594 
671.000 5.594 
672.000 5.594 
673.000 5.594 
674.000 5.594 
675.000 5.594 
676.000 5.594 
677.000 5.594 
678.000 5.594 
679.000 5.594 
680.000 5.594 
681.000 5.594 
682.000 5.594 
683.000 5.594 
684.000 5.594 
685.000 5.594 
686.000 5.594 
687.000 5.594 
688.000 5.594 
689.000 5.594 
690.000 5.594 
691.000 5.594 
692.000 5.594 
693.000 5.594 
694.000 5.594 
695.000 5.594 
696.000 5.594 
697.000 5.594 
698.000 5.594 
699.000 5.594 
700.000 5.594 
701.000 5.594 
702.000 5.594 
703.000 5.594 
704.000 5.594 
705.000 5.594 
706.000 5.594 
707.000 5.594 
708.000 5.594 
709.000 5.594 
710.000 5.594 
711.000 5.594 
712.000 5.594 
713.000 5.594 
714.000 5.594 
715.000 5.594 
716.000 5.594 
717.000 5.594 
718.000 5.594 
719.000 5.594 
720.000 5.594 
721.000 5.594 
722.000 5.594 
723.000 5.594 
724.000 5.594 
725.000 5.594 
726.000 5.594 
727.000 5.594 
728.000 5.594 
729.000 5.594 
730.000 5.594 
731.000 5.594 
732.000 5.594 
733.000 5.594 
734.000 5.594 
735.000 5.594 
736.000 5.594 
737.000 5.594 
738.000 5.594 
739.000 5.594 
740.000 5.594 
741.000 5.594 
742.000 5.594 
743.000 5.594 
744.000 5.594 
745.000 5.594 
746.000 5.594 
747.000 5.594 
748.000 5.594 
749.000 5.594 
750.000 5.594 
751.000 5.594 
752.000 5.594 
753.000 5.594 
754.000 5.594 
755.000 5.594 
756.000 5.594 
757.000 5.594 
758.000 5.594 
759.000 5.594 
760.000 5.594 
761.000 5.594 
762.000 5.594 
763.000 5.594 
764.000 5.594 
765.000 5.594 
766.000 5.594 
767.000 5.594 
768.000 5.594 
769.000 5.594 
770.000 5.594 
771.000 5.594 
772.000 5.594 
773.000 5.594 
774.000 5.594 
775.000 5.594 
776.000 5.594 
777.000 5.594 
778.000 5.594 
779.000 5.594 
780.000 5.594 
781.000 5.594 
782.000 5.594 
783.000 5.594 
784.000 5.594 
785.000 5.594 
786.000 5.594 
787.000 5.594 
788.000 5.594 
789.000 5.594 
790.000 5.594 
791.000 5.594 
792.000 5.594 
793.000 5.594 
794.000 5.594 
795.000 5.594 
796.000 5.594 
797.000 5.594 
798.000 5.594 
799.000 5.594 
800.000 5.594 
