1.000 0.000 
2.000 0.000 
3.000 0.000 
4.000 0.000 
5.000 0.000 
6.000 0.000 
7.000 0.000 
8.000 0.000 
9.000 0.000 
10.000 0.000 
11.000 0.000 
12.000 -0.002 
13.000 -0.008 
14.000 -0.015 
15.000 -0.021 
16.000 -0.024 
17.000 -0.025 
18.000 -0.024 
19.000 -0.022 
20.000 -0.021 
21.000 -0.020 
22.000 -0.020 
23.000 -0.021 
24.000 -0.024 
25.000 -0.027 
26.000 -0.029 
27.000 -0.031 
28.000 -0.033 
29.000 -0.033 
30.000 -0.034 
31.000 -0.034 
32.000 -0.034 
33.000 -0.035 
34.000 -0.036 
35.000 -0.037 
36.000 -0.038 
37.000 -0.039 
38.000 -0.040 
39.000 -0.041 
40.000 -0.042 
41.000 -0.043 
42.000 -0.043 
43.000 -0.044 
44.000 -0.045 
45.000 -0.045 
46.000 -0.046 
47.000 -0.047 
48.000 -0.048 
49.000 -0.049 
50.000 -0.049 
51.000 -0.050 
52.000 -0.051 
53.000 -0.051 
54.000 -0.052 
55.000 -0.052 
56.000 -0.053 
57.000 -0.054 
58.000 -0.054 
59.000 -0.055 
60.000 -0.056 
61.000 -0.056 
62.000 -0.057 
63.000 -0.057 
64.000 -0.058 
65.000 -0.058 
66.000 -0.059 
67.000 -0.059 
68.000 -0.060 
69.000 -0.060 
70.000 -0.061 
71.000 -0.061 
72.000 -0.062 
73.000 -0.062 
74.000 -0.063 
75.000 -0.063 
76.000 -0.064 
77.000 -0.064 
78.000 -0.065 
79.000 -0.065 
80.000 -0.065 
81.000 -0.066 
82.000 -0.066 
83.000 -0.067 
84.000 -0.067 
85.000 -0.068 
86.000 -0.068 
87.000 -0.068 
88.000 -0.069 
89.000 -0.069 
90.000 -0.070 
91.000 -0.070 
92.000 -0.070 
93.000 -0.071 
94.000 -0.071 
95.000 -0.071 
96.000 -0.072 
97.000 -0.072 
98.000 -0.072 
99.000 -0.073 
100.000 -0.073 
101.000 -0.073 
102.000 -0.074 
103.000 -0.074 
104.000 -0.074 
105.000 -0.075 
106.000 -0.075 
107.000 -0.075 
108.000 -0.076 
109.000 -0.076 
110.000 -0.076 
111.000 -0.077 
112.000 -0.077 
113.000 -0.077 
114.000 -0.077 
115.000 -0.078 
116.000 -0.078 
117.000 -0.078 
118.000 -0.079 
119.000 -0.079 
120.000 -0.079 
121.000 -0.079 
122.000 -0.080 
123.000 -0.080 
124.000 -0.080 
125.000 -0.080 
126.000 -0.080 
127.000 -0.080 
128.000 -0.079 
129.000 -0.078 
130.000 -0.078 
131.000 -0.078 
132.000 -0.078 
133.000 -0.079 
134.000 -0.079 
135.000 -0.080 
136.000 -0.080 
137.000 -0.080 
138.000 -0.079 
139.000 -0.079 
140.000 -0.079 
141.000 -0.079 
142.000 -0.079 
143.000 -0.079 
144.000 -0.079 
145.000 -0.079 
146.000 -0.079 
147.000 -0.079 
148.000 -0.079 
149.000 -0.079 
150.000 -0.079 
151.000 -0.079 
152.000 -0.079 
153.000 -0.079 
154.000 -0.079 
155.000 -0.079 
156.000 -0.079 
157.000 -0.079 
158.000 -0.079 
159.000 -0.079 
160.000 -0.079 
161.000 -0.079 
162.000 -0.079 
163.000 -0.079 
164.000 -0.079 
165.000 -0.079 
166.000 -0.079 
167.000 -0.079 
168.000 -0.079 
169.000 -0.079 
170.000 -0.079 
171.000 -0.079 
172.000 -0.079 
173.000 -0.079 
174.000 -0.079 
175.000 -0.079 
176.000 -0.079 
177.000 -0.079 
178.000 -0.079 
179.000 -0.079 
180.000 -0.079 
181.000 -0.079 
182.000 -0.079 
183.000 -0.079 
184.000 -0.079 
185.000 -0.079 
186.000 -0.079 
187.000 -0.079 
188.000 -0.079 
189.000 -0.079 
190.000 -0.079 
191.000 -0.079 
192.000 -0.079 
193.000 -0.079 
194.000 -0.079 
195.000 -0.079 
196.000 -0.079 
197.000 -0.079 
198.000 -0.079 
199.000 -0.079 
200.000 -0.079 
201.000 -0.079 
202.000 -0.079 
203.000 -0.079 
204.000 -0.079 
205.000 -0.079 
206.000 -0.079 
207.000 -0.079 
208.000 -0.079 
209.000 -0.079 
210.000 -0.079 
211.000 -0.079 
212.000 -0.079 
213.000 -0.079 
214.000 -0.079 
215.000 -0.079 
216.000 -0.079 
217.000 -0.079 
218.000 -0.079 
219.000 -0.079 
220.000 -0.079 
221.000 -0.079 
222.000 -0.079 
223.000 -0.079 
224.000 -0.079 
225.000 -0.079 
226.000 -0.079 
227.000 -0.079 
228.000 -0.079 
229.000 -0.079 
230.000 -0.079 
231.000 -0.079 
232.000 -0.079 
233.000 -0.079 
234.000 -0.079 
235.000 -0.079 
236.000 -0.079 
237.000 -0.079 
238.000 -0.079 
239.000 -0.079 
240.000 -0.079 
241.000 -0.079 
242.000 -0.079 
243.000 -0.079 
244.000 -0.079 
245.000 -0.079 
246.000 -0.078 
247.000 -0.071 
248.000 -0.062 
249.000 -0.053 
250.000 -0.049 
251.000 -0.048 
252.000 -0.050 
253.000 -0.053 
254.000 -0.056 
255.000 -0.056 
256.000 -0.055 
257.000 -0.052 
258.000 -0.047 
259.000 -0.042 
260.000 -0.036 
261.000 -0.032 
262.000 -0.029 
263.000 -0.028 
264.000 -0.027 
265.000 -0.026 
266.000 -0.024 
267.000 -0.022 
268.000 -0.019 
269.000 -0.015 
270.000 -0.011 
271.000 -0.006 
272.000 -0.002 
273.000 0.001 
274.000 0.005 
275.000 0.007 
276.000 0.010 
277.000 0.013 
278.000 0.016 
279.000 0.019 
280.000 0.023 
281.000 0.027 
282.000 0.031 
283.000 0.035 
284.000 0.040 
285.000 0.043 
286.000 0.047 
287.000 0.051 
288.000 0.054 
289.000 0.058 
290.000 0.061 
291.000 0.065 
292.000 0.069 
293.000 0.073 
294.000 0.077 
295.000 0.081 
296.000 0.085 
297.000 0.089 
298.000 0.092 
299.000 0.096 
300.000 0.100 
301.000 0.103 
302.000 0.107 
303.000 0.110 
304.000 0.114 
305.000 0.117 
306.000 0.121 
307.000 0.125 
308.000 0.128 
309.000 0.131 
310.000 0.135 
311.000 0.138 
312.000 0.141 
313.000 0.144 
314.000 0.147 
315.000 0.150 
316.000 0.153 
317.000 0.156 
318.000 0.159 
319.000 0.162 
320.000 0.165 
321.000 0.168 
322.000 0.170 
323.000 0.173 
324.000 0.176 
325.000 0.178 
326.000 0.180 
327.000 0.183 
328.000 0.185 
329.000 0.187 
330.000 0.190 
331.000 0.192 
332.000 0.194 
333.000 0.196 
334.000 0.198 
335.000 0.200 
336.000 0.202 
337.000 0.204 
338.000 0.206 
339.000 0.207 
340.000 0.209 
341.000 0.211 
342.000 0.212 
343.000 0.214 
344.000 0.215 
345.000 0.217 
346.000 0.218 
347.000 0.220 
348.000 0.221 
349.000 0.222 
350.000 0.224 
351.000 0.225 
352.000 0.226 
353.000 0.227 
354.000 0.228 
355.000 0.229 
356.000 0.230 
357.000 0.231 
358.000 0.232 
359.000 0.233 
360.000 0.234 
361.000 0.235 
362.000 0.236 
363.000 0.237 
364.000 0.238 
365.000 0.238 
366.000 0.266 
367.000 0.332 
368.000 0.424 
369.000 0.523 
370.000 0.607 
371.000 0.662 
372.000 0.681 
373.000 0.666 
374.000 0.627 
375.000 0.580 
376.000 0.537 
377.000 0.510 
378.000 0.504 
379.000 0.522 
380.000 0.562 
381.000 0.618 
382.000 0.681 
383.000 0.741 
384.000 0.790 
385.000 0.821 
386.000 0.831 
387.000 0.823 
388.000 0.800 
389.000 0.772 
390.000 0.746 
391.000 0.727 
392.000 0.721 
393.000 0.728 
394.000 0.748 
395.000 0.777 
396.000 0.811 
397.000 0.844 
398.000 0.872 
399.000 0.889 
400.000 0.895 
401.000 0.891 
402.000 0.877 
403.000 0.860 
404.000 0.842 
405.000 0.828 
406.000 0.820 
407.000 0.820 
408.000 0.828 
409.000 0.843 
410.000 0.861 
411.000 0.879 
412.000 0.895 
413.000 0.905 
414.000 0.910 
415.000 0.908 
416.000 0.901 
417.000 0.890 
418.000 0.879 
419.000 0.869 
420.000 0.862 
421.000 0.860 
422.000 0.863 
423.000 0.870 
424.000 0.879 
425.000 0.889 
426.000 0.898 
427.000 0.905 
428.000 0.909 
429.000 0.908 
430.000 0.905 
431.000 0.899 
432.000 0.892 
433.000 0.886 
434.000 0.881 
435.000 0.878 
436.000 0.879 
437.000 0.882 
438.000 0.886 
439.000 0.892 
440.000 0.898 
441.000 0.902 
442.000 0.905 
443.000 0.905 
444.000 0.903 
445.000 0.900 
446.000 0.896 
447.000 0.892 
448.000 0.889 
449.000 0.887 
450.000 0.887 
451.000 0.888 
452.000 0.890 
453.000 0.893 
454.000 0.897 
455.000 0.899 
456.000 0.901 
457.000 0.902 
458.000 0.901 
459.000 0.900 
460.000 0.897 
461.000 0.895 
462.000 0.893 
463.000 0.891 
464.000 0.891 
465.000 0.891 
466.000 0.892 
467.000 0.894 
468.000 0.896 
469.000 0.898 
470.000 0.899 
471.000 0.899 
472.000 0.899 
473.000 0.899 
474.000 0.897 
475.000 0.896 
476.000 0.895 
477.000 0.894 
478.000 0.893 
479.000 0.893 
480.000 0.894 
481.000 0.895 
482.000 0.896 
483.000 0.897 
484.000 0.897 
485.000 0.898 
486.000 1.014 
487.000 1.265 
488.000 1.604 
489.000 1.992 
490.000 2.401 
491.000 2.808 
492.000 3.200 
493.000 3.567 
494.000 3.902 
495.000 4.201 
496.000 4.465 
497.000 4.604 
498.000 4.537 
499.000 4.281 
500.000 3.916 
501.000 3.523 
502.000 3.171 
503.000 2.907 
504.000 2.759 
505.000 2.739 
506.000 2.829 
507.000 2.995 
508.000 3.209 
509.000 3.449 
510.000 3.699 
511.000 3.946 
512.000 4.182 
513.000 4.401 
514.000 4.588 
515.000 4.697 
516.000 4.706 
517.000 4.623 
518.000 4.474 
519.000 4.289 
520.000 4.100 
521.000 3.931 
522.000 3.800 
523.000 3.717 
524.000 3.685 
525.000 3.701 
526.000 3.753 
527.000 3.827 
528.000 3.906 
529.000 3.975 
530.000 4.018 
531.000 4.026 
532.000 3.995 
533.000 3.927 
534.000 3.830 
535.000 3.719 
536.000 3.606 
537.000 3.506 
538.000 3.429 
539.000 3.384 
540.000 3.373 
541.000 3.395 
542.000 3.444 
543.000 3.511 
544.000 3.586 
545.000 3.658 
546.000 3.716 
547.000 3.753 
548.000 3.764 
549.000 3.749 
550.000 3.711 
551.000 3.657 
552.000 3.596 
553.000 3.536 
554.000 3.486 
555.000 3.451 
556.000 3.437 
557.000 3.442 
558.000 3.466 
559.000 3.505 
560.000 3.551 
561.000 3.599 
562.000 3.641 
563.000 3.672 
564.000 3.688 
565.000 3.688 
566.000 3.673 
567.000 3.645 
568.000 3.609 
569.000 3.571 
570.000 3.537 
571.000 3.509 
572.000 3.493 
573.000 3.490 
574.000 3.498 
575.000 3.518 
576.000 3.544 
577.000 3.573 
578.000 3.602 
579.000 3.625 
580.000 3.640 
581.000 3.646 
582.000 3.642 
583.000 3.629 
584.000 3.609 
585.000 3.586 
586.000 3.563 
587.000 3.543 
588.000 3.529 
589.000 3.523 
590.000 3.524 
591.000 3.532 
592.000 3.546 
593.000 3.564 
594.000 3.582 
595.000 3.598 
596.000 3.611 
597.000 3.618 
598.000 3.618 
599.000 3.613 
600.000 3.603 
601.000 3.590 
602.000 3.576 
603.000 3.562 
604.000 3.551 
605.000 3.545 
606.000 3.596 
607.000 3.707 
608.000 3.855 
609.000 4.025 
610.000 4.203 
611.000 4.381 
612.000 4.552 
613.000 4.712 
614.000 4.858 
615.000 4.988 
616.000 5.103 
617.000 5.203 
618.000 5.288 
619.000 5.360 
620.000 5.419 
621.000 5.468 
622.000 5.507 
623.000 5.538 
624.000 5.562 
625.000 5.580 
626.000 5.593 
627.000 5.603 
628.000 5.609 
629.000 5.613 
630.000 5.615 
631.000 5.616 
632.000 5.616 
633.000 5.615 
634.000 5.613 
635.000 5.612 
636.000 5.610 
637.000 5.608 
638.000 5.606 
639.000 5.604 
640.000 5.603 
641.000 5.601 
642.000 5.600 
643.000 5.599 
644.000 5.598 
645.000 5.597 
646.000 5.596 
647.000 5.596 
648.000 5.595 
649.000 5.595 
650.000 5.595 
651.000 5.594 
652.000 5.594 
653.000 5.594 
654.000 5.594 
655.000 5.594 
656.000 5.594 
657.000 5.594 
658.000 5.594 
659.000 5.594 
660.000 5.594 
661.000 5.594 
662.000 5.594 
663.000 5.594 
664.000 5.594 
665.000 5.594 
666.000 5.594 
667.000 5.594 
668.000 5.594 
669.000 5.594 
670.000 5.594 
671.000 5.594 
672.000 5.594 
673.000 5.594 
674.000 5.594 
675.000 5.594 
676.000 5.594 
677.000 5.594 
678.000 5.594 
679.000 5.594 
680.000 5.594 
681.000 5.594 
682.000 5.594 
683.000 5.594 
684.000 5.594 
685.000 5.594 
686.000 5.594 
687.000 5.594 
688.000 5.594 
689.000 5.594 
690.000 5.594 
691.000 5.594 
692.000 5.594 
693.000 5.594 
694.000 5.594 
695.000 5.594 
696.000 5.594 
697.000 5.594 
698.000 5.594 
699.000 5.594 
700.000 5.594 
701.000 5.594 
702.000 5.594 
703.000 5.594 
704.000 5.594 
705.000 5.594 
706.000 5.594 
707.000 5.594 
708.000 5.594 
709.000 5.594 
710.000 5.594 
711.000 5.594 
712.000 5.594 
713.000 5.594 
714.000 5.594 
715.000 5.594 
716.000 5.594 
717.000 5.594 
718.000 5.594 
719.000 5.594 
720.000 5.594 
721.000 5.594 
722.000 5.594 
723.000 5.594 
724.000 5.594 
725.000 5.594 
726.000 5.594 
727.000 5.594 
728.000 5.594 
729.000 5.594 
730.000 5.594 
731.000 5.594 
732.000 5.594 
733.000 5.594 
734.000 5.594 
735.000 5.594 
736.000 5.594 
737.000 5.594 
738.000 5.594 
739.000 5.594 
740.000 5.594 
741.000 5.594 
742.000 5.594 
743.000 5.594 
744.000 5.594 
745.000 5.594 
746.000 5.594 
747.000 5.594 
748.000 5.594 
749.000 5.594 
750.000 5.594 
751.000 5.594 
752.000 5.594 
753.000 5.594 
754.000 5.594 
755.000 5.594 
756.000 5.594 
757.000 5.594 
758.000 5.594 
759.000 5.594 
760.000 5.594 
761.000 5.594 
762.000 5.594 
763.000 5.594 
764.000 5.594 
765.000 5.594 
766.000 5.594 
767.000 5.594 
768.000 5.594 
769.000 5.594 
770.000 5.594 
771.000 5.594 
772.000 5.594 
773.000 5.594 
774.000 5.594 
775.000 5.594 
776.000 5.594 
777.000 5.594 
778.000 5.594 
779.000 5.594 
780.000 5.594 
781.000 5.594 
782.000 5.594 
783.000 5.594 
784.000 5.594 
785.000 5.594 
786.000 5.594 
787.000 5.594 
788.000 5.594 
789.000 5.594 
790.000 5.594 
791.000 5.594 
792.000 5.594 
793.000 5.594 
794.000 5.594 
795.000 5.594 
796.000 5.594 
797.000 5.594 
798.000 5.594 
799.000 5.594 
800.000 5.594 
