1.000 0.000 
2.000 0.000 
3.000 0.000 
4.000 0.000 
5.000 0.000 
6.000 0.000 
7.000 0.000 
8.000 0.000 
9.000 0.000 
10.000 0.000 
11.000 0.000 
12.000 -0.001 
13.000 -0.002 
14.000 -0.004 
15.000 -0.007 
16.000 -0.009 
17.000 -0.012 
18.000 -0.014 
19.000 -0.015 
20.000 -0.016 
21.000 -0.017 
22.000 -0.018 
23.000 -0.018 
24.000 -0.019 
25.000 -0.019 
26.000 -0.020 
27.000 -0.021 
28.000 -0.021 
29.000 -0.022 
30.000 -0.023 
31.000 -0.024 
32.000 -0.025 
33.000 -0.026 
34.000 -0.027 
35.000 -0.028 
36.000 -0.029 
37.000 -0.029 
38.000 -0.030 
39.000 -0.031 
40.000 -0.032 
41.000 -0.032 
42.000 -0.033 
43.000 -0.034 
44.000 -0.034 
45.000 -0.035 
46.000 -0.036 
47.000 -0.036 
48.000 -0.037 
49.000 -0.038 
50.000 -0.038 
51.000 -0.039 
52.000 -0.039 
53.000 -0.040 
54.000 -0.041 
55.000 -0.041 
56.000 -0.042 
57.000 -0.042 
58.000 -0.043 
59.000 -0.044 
60.000 -0.044 
61.000 -0.045 
62.000 -0.045 
63.000 -0.046 
64.000 -0.046 
65.000 -0.047 
66.000 -0.047 
67.000 -0.048 
68.000 -0.048 
69.000 -0.049 
70.000 -0.049 
71.000 -0.050 
72.000 -0.050 
73.000 -0.051 
74.000 -0.051 
75.000 -0.052 
76.000 -0.052 
77.000 -0.053 
78.000 -0.053 
79.000 -0.053 
80.000 -0.054 
81.000 -0.054 
82.000 -0.055 
83.000 -0.055 
84.000 -0.055 
85.000 -0.056 
86.000 -0.056 
87.000 -0.057 
88.000 -0.057 
89.000 -0.057 
90.000 -0.058 
91.000 -0.058 
92.000 -0.059 
93.000 -0.059 
94.000 -0.059 
95.000 -0.060 
96.000 -0.060 
97.000 -0.060 
98.000 -0.061 
99.000 -0.061 
100.000 -0.061 
101.000 -0.062 
102.000 -0.062 
103.000 -0.063 
104.000 -0.063 
105.000 -0.063 
106.000 -0.063 
107.000 -0.064 
108.000 -0.064 
109.000 -0.064 
110.000 -0.065 
111.000 -0.065 
112.000 -0.065 
113.000 -0.066 
114.000 -0.066 
115.000 -0.066 
116.000 -0.067 
117.000 -0.067 
118.000 -0.067 
119.000 -0.067 
120.000 -0.068 
121.000 -0.068 
122.000 -0.068 
123.000 -0.069 
124.000 -0.069 
125.000 -0.069 
126.000 -0.069 
127.000 -0.069 
128.000 -0.069 
129.000 -0.069 
130.000 -0.069 
131.000 -0.068 
132.000 -0.068 
133.000 -0.068 
134.000 -0.068 
135.000 -0.068 
136.000 -0.069 
137.000 -0.069 
138.000 -0.069 
139.000 -0.069 
140.000 -0.069 
141.000 -0.069 
142.000 -0.069 
143.000 -0.069 
144.000 -0.069 
145.000 -0.069 
146.000 -0.069 
147.000 -0.069 
148.000 -0.069 
149.000 -0.069 
150.000 -0.069 
151.000 -0.069 
152.000 -0.069 
153.000 -0.070 
154.000 -0.070 
155.000 -0.070 
156.000 -0.070 
157.000 -0.070 
158.000 -0.070 
159.000 -0.070 
160.000 -0.070 
161.000 -0.070 
162.000 -0.070 
163.000 -0.070 
164.000 -0.070 
165.000 -0.070 
166.000 -0.070 
167.000 -0.070 
168.000 -0.070 
169.000 -0.070 
170.000 -0.070 
171.000 -0.070 
172.000 -0.070 
173.000 -0.070 
174.000 -0.070 
175.000 -0.070 
176.000 -0.070 
177.000 -0.070 
178.000 -0.070 
179.000 -0.071 
180.000 -0.071 
181.000 -0.071 
182.000 -0.071 
183.000 -0.071 
184.000 -0.071 
185.000 -0.071 
186.000 -0.071 
187.000 -0.071 
188.000 -0.071 
189.000 -0.071 
190.000 -0.071 
191.000 -0.071 
192.000 -0.071 
193.000 -0.071 
194.000 -0.071 
195.000 -0.071 
196.000 -0.071 
197.000 -0.071 
198.000 -0.071 
199.000 -0.071 
200.000 -0.071 
201.000 -0.071 
202.000 -0.071 
203.000 -0.071 
204.000 -0.071 
205.000 -0.071 
206.000 -0.071 
207.000 -0.071 
208.000 -0.071 
209.000 -0.072 
210.000 -0.072 
211.000 -0.072 
212.000 -0.072 
213.000 -0.072 
214.000 -0.072 
215.000 -0.072 
216.000 -0.072 
217.000 -0.072 
218.000 -0.072 
219.000 -0.072 
220.000 -0.072 
221.000 -0.072 
222.000 -0.072 
223.000 -0.072 
224.000 -0.072 
225.000 -0.072 
226.000 -0.072 
227.000 -0.072 
228.000 -0.072 
229.000 -0.072 
230.000 -0.072 
231.000 -0.072 
232.000 -0.072 
233.000 -0.072 
234.000 -0.072 
235.000 -0.072 
236.000 -0.072 
237.000 -0.072 
238.000 -0.072 
239.000 -0.072 
240.000 -0.072 
241.000 -0.072 
242.000 -0.072 
243.000 -0.073 
244.000 -0.073 
245.000 -0.073 
246.000 -0.072 
247.000 -0.071 
248.000 -0.068 
249.000 -0.065 
250.000 -0.062 
251.000 -0.059 
252.000 -0.057 
253.000 -0.054 
254.000 -0.053 
255.000 -0.051 
256.000 -0.050 
257.000 -0.050 
258.000 -0.049 
259.000 -0.048 
260.000 -0.046 
261.000 -0.045 
262.000 -0.044 
263.000 -0.042 
264.000 -0.040 
265.000 -0.038 
266.000 -0.036 
267.000 -0.034 
268.000 -0.032 
269.000 -0.029 
270.000 -0.027 
271.000 -0.025 
272.000 -0.023 
273.000 -0.021 
274.000 -0.019 
275.000 -0.017 
276.000 -0.015 
277.000 -0.013 
278.000 -0.010 
279.000 -0.008 
280.000 -0.006 
281.000 -0.004 
282.000 -0.001 
283.000 0.001 
284.000 0.004 
285.000 0.006 
286.000 0.009 
287.000 0.011 
288.000 0.014 
289.000 0.016 
290.000 0.019 
291.000 0.021 
292.000 0.024 
293.000 0.027 
294.000 0.029 
295.000 0.032 
296.000 0.035 
297.000 0.037 
298.000 0.040 
299.000 0.043 
300.000 0.045 
301.000 0.048 
302.000 0.051 
303.000 0.054 
304.000 0.056 
305.000 0.059 
306.000 0.062 
307.000 0.065 
308.000 0.067 
309.000 0.070 
310.000 0.073 
311.000 0.076 
312.000 0.078 
313.000 0.081 
314.000 0.084 
315.000 0.087 
316.000 0.089 
317.000 0.092 
318.000 0.095 
319.000 0.098 
320.000 0.100 
321.000 0.103 
322.000 0.106 
323.000 0.108 
324.000 0.111 
325.000 0.113 
326.000 0.116 
327.000 0.119 
328.000 0.121 
329.000 0.124 
330.000 0.126 
331.000 0.129 
332.000 0.131 
333.000 0.134 
334.000 0.136 
335.000 0.138 
336.000 0.141 
337.000 0.143 
338.000 0.145 
339.000 0.148 
340.000 0.150 
341.000 0.152 
342.000 0.154 
343.000 0.156 
344.000 0.159 
345.000 0.161 
346.000 0.163 
347.000 0.165 
348.000 0.167 
349.000 0.169 
350.000 0.171 
351.000 0.173 
352.000 0.175 
353.000 0.176 
354.000 0.178 
355.000 0.180 
356.000 0.182 
357.000 0.184 
358.000 0.185 
359.000 0.187 
360.000 0.189 
361.000 0.190 
362.000 0.192 
363.000 0.193 
364.000 0.195 
365.000 0.196 
366.000 0.203 
367.000 0.219 
368.000 0.244 
369.000 0.276 
370.000 0.313 
371.000 0.350 
372.000 0.387 
373.000 0.420 
374.000 0.449 
375.000 0.472 
376.000 0.490 
377.000 0.503 
378.000 0.511 
379.000 0.518 
380.000 0.522 
381.000 0.527 
382.000 0.533 
383.000 0.540 
384.000 0.549 
385.000 0.560 
386.000 0.574 
387.000 0.589 
388.000 0.606 
389.000 0.623 
390.000 0.641 
391.000 0.658 
392.000 0.674 
393.000 0.690 
394.000 0.703 
395.000 0.715 
396.000 0.726 
397.000 0.735 
398.000 0.742 
399.000 0.749 
400.000 0.755 
401.000 0.760 
402.000 0.765 
403.000 0.770 
404.000 0.775 
405.000 0.781 
406.000 0.786 
407.000 0.792 
408.000 0.798 
409.000 0.804 
410.000 0.810 
411.000 0.816 
412.000 0.822 
413.000 0.827 
414.000 0.832 
415.000 0.836 
416.000 0.840 
417.000 0.844 
418.000 0.847 
419.000 0.849 
420.000 0.852 
421.000 0.854 
422.000 0.856 
423.000 0.858 
424.000 0.859 
425.000 0.861 
426.000 0.863 
427.000 0.865 
428.000 0.867 
429.000 0.868 
430.000 0.870 
431.000 0.872 
432.000 0.874 
433.000 0.875 
434.000 0.877 
435.000 0.878 
436.000 0.879 
437.000 0.880 
438.000 0.881 
439.000 0.882 
440.000 0.883 
441.000 0.884 
442.000 0.884 
443.000 0.885 
444.000 0.885 
445.000 0.886 
446.000 0.886 
447.000 0.887 
448.000 0.887 
449.000 0.888 
450.000 0.888 
451.000 0.889 
452.000 0.889 
453.000 0.890 
454.000 0.890 
455.000 0.891 
456.000 0.891 
457.000 0.891 
458.000 0.892 
459.000 0.892 
460.000 0.892 
461.000 0.892 
462.000 0.893 
463.000 0.893 
464.000 0.893 
465.000 0.893 
466.000 0.893 
467.000 0.893 
468.000 0.894 
469.000 0.894 
470.000 0.894 
471.000 0.894 
472.000 0.894 
473.000 0.894 
474.000 0.894 
475.000 0.894 
476.000 0.895 
477.000 0.895 
478.000 0.895 
479.000 0.895 
480.000 0.895 
481.000 0.895 
482.000 0.895 
483.000 0.895 
484.000 0.895 
485.000 0.895 
486.000 0.928 
487.000 1.017 
488.000 1.166 
489.000 1.371 
490.000 1.624 
491.000 1.910 
492.000 2.216 
493.000 2.527 
494.000 2.828 
495.000 3.106 
496.000 3.351 
497.000 3.554 
498.000 3.709 
499.000 3.815 
500.000 3.872 
501.000 3.882 
502.000 3.853 
503.000 3.793 
504.000 3.709 
505.000 3.613 
506.000 3.512 
507.000 3.416 
508.000 3.331 
509.000 3.262 
510.000 3.214 
511.000 3.188 
512.000 3.184 
513.000 3.201 
514.000 3.237 
515.000 3.288 
516.000 3.350 
517.000 3.420 
518.000 3.492 
519.000 3.563 
520.000 3.629 
521.000 3.686 
522.000 3.732 
523.000 3.766 
524.000 3.785 
525.000 3.791 
526.000 3.783 
527.000 3.764 
528.000 3.736 
529.000 3.701 
530.000 3.661 
531.000 3.620 
532.000 3.580 
533.000 3.544 
534.000 3.512 
535.000 3.488 
536.000 3.470 
537.000 3.461 
538.000 3.459 
539.000 3.464 
540.000 3.476 
541.000 3.492 
542.000 3.512 
543.000 3.534 
544.000 3.557 
545.000 3.579 
546.000 3.599 
547.000 3.616 
548.000 3.630 
549.000 3.639 
550.000 3.643 
551.000 3.644 
552.000 3.640 
553.000 3.633 
554.000 3.623 
555.000 3.611 
556.000 3.598 
557.000 3.585 
558.000 3.573 
559.000 3.562 
560.000 3.552 
561.000 3.545 
562.000 3.540 
563.000 3.538 
564.000 3.538 
565.000 3.541 
566.000 3.545 
567.000 3.551 
568.000 3.557 
569.000 3.565 
570.000 3.572 
571.000 3.579 
572.000 3.585 
573.000 3.590 
574.000 3.594 
575.000 3.597 
576.000 3.598 
577.000 3.597 
578.000 3.596 
579.000 3.593 
580.000 3.590 
581.000 3.586 
582.000 3.582 
583.000 3.578 
584.000 3.574 
585.000 3.570 
586.000 3.568 
587.000 3.565 
588.000 3.564 
589.000 3.564 
590.000 3.564 
591.000 3.565 
592.000 3.567 
593.000 3.569 
594.000 3.571 
595.000 3.573 
596.000 3.575 
597.000 3.578 
598.000 3.579 
599.000 3.581 
600.000 3.582 
601.000 3.583 
602.000 3.583 
603.000 3.583 
604.000 3.582 
605.000 3.581 
606.000 3.610 
607.000 3.690 
608.000 3.815 
609.000 3.970 
610.000 4.140 
611.000 4.314 
612.000 4.485 
613.000 4.647 
614.000 4.797 
615.000 4.933 
616.000 5.054 
617.000 5.159 
618.000 5.250 
619.000 5.327 
620.000 5.392 
621.000 5.445 
622.000 5.488 
623.000 5.523 
624.000 5.550 
625.000 5.571 
626.000 5.586 
627.000 5.598 
628.000 5.606 
629.000 5.611 
630.000 5.614 
631.000 5.615 
632.000 5.616 
633.000 5.615 
634.000 5.614 
635.000 5.612 
636.000 5.610 
637.000 5.608 
638.000 5.607 
639.000 5.605 
640.000 5.603 
641.000 5.602 
642.000 5.600 
643.000 5.599 
644.000 5.598 
645.000 5.597 
646.000 5.597 
647.000 5.596 
648.000 5.595 
649.000 5.595 
650.000 5.595 
651.000 5.595 
652.000 5.594 
653.000 5.594 
654.000 5.594 
655.000 5.594 
656.000 5.594 
657.000 5.594 
658.000 5.594 
659.000 5.594 
660.000 5.594 
661.000 5.594 
662.000 5.594 
663.000 5.594 
664.000 5.594 
665.000 5.594 
666.000 5.594 
667.000 5.594 
668.000 5.594 
669.000 5.594 
670.000 5.594 
671.000 5.594 
672.000 5.594 
673.000 5.594 
674.000 5.594 
675.000 5.594 
676.000 5.594 
677.000 5.594 
678.000 5.594 
679.000 5.594 
680.000 5.594 
681.000 5.594 
682.000 5.594 
683.000 5.594 
684.000 5.594 
685.000 5.594 
686.000 5.594 
687.000 5.594 
688.000 5.594 
689.000 5.594 
690.000 5.594 
691.000 5.594 
692.000 5.594 
693.000 5.594 
694.000 5.594 
695.000 5.594 
696.000 5.594 
697.000 5.594 
698.000 5.594 
699.000 5.594 
700.000 5.594 
701.000 5.594 
702.000 5.594 
703.000 5.594 
704.000 5.594 
705.000 5.594 
706.000 5.594 
707.000 5.594 
708.000 5.594 
709.000 5.594 
710.000 5.594 
711.000 5.594 
712.000 5.594 
713.000 5.594 
714.000 5.594 
715.000 5.594 
716.000 5.594 
717.000 5.594 
718.000 5.594 
719.000 5.594 
720.000 5.594 
721.000 5.594 
722.000 5.594 
723.000 5.594 
724.000 5.594 
725.000 5.594 
726.000 5.594 
727.000 5.594 
728.000 5.594 
729.000 5.594 
730.000 5.594 
731.000 5.594 
732.000 5.594 
733.000 5.594 
734.000 5.594 
735.000 5.594 
736.000 5.594 
737.000 5.594 
738.000 5.594 
739.000 5.594 
740.000 5.594 
741.000 5.594 
742.000 5.594 
743.000 5.594 
744.000 5.594 
745.000 5.594 
746.000 5.594 
747.000 5.594 
748.000 5.594 
749.000 5.594 
750.000 5.594 
751.000 5.594 
752.000 5.594 
753.000 5.594 
754.000 5.594 
755.000 5.594 
756.000 5.594 
757.000 5.594 
758.000 5.594 
759.000 5.594 
760.000 5.594 
761.000 5.594 
762.000 5.594 
763.000 5.594 
764.000 5.594 
765.000 5.594 
766.000 5.594 
767.000 5.594 
768.000 5.594 
769.000 5.594 
770.000 5.594 
771.000 5.594 
772.000 5.594 
773.000 5.594 
774.000 5.594 
775.000 5.594 
776.000 5.594 
777.000 5.594 
778.000 5.594 
779.000 5.594 
780.000 5.594 
781.000 5.594 
782.000 5.594 
783.000 5.594 
784.000 5.594 
785.000 5.594 
786.000 5.594 
787.000 5.594 
788.000 5.594 
789.000 5.594 
790.000 5.594 
791.000 5.594 
792.000 5.594 
793.000 5.594 
794.000 5.594 
795.000 5.594 
796.000 5.594 
797.000 5.594 
798.000 5.594 
799.000 5.594 
800.000 5.594 
