1.000 0.000 
2.000 0.000 
3.000 0.000 
4.000 0.000 
5.000 0.000 
6.000 0.000 
7.000 0.000 
8.000 0.000 
9.000 0.000 
10.000 0.000 
11.000 0.000 
12.000 -0.003 
13.000 -0.008 
14.000 -0.014 
15.000 -0.018 
16.000 -0.020 
17.000 -0.021 
18.000 -0.020 
19.000 -0.020 
20.000 -0.019 
21.000 -0.020 
22.000 -0.020 
23.000 -0.022 
24.000 -0.023 
25.000 -0.025 
26.000 -0.027 
27.000 -0.028 
28.000 -0.029 
29.000 -0.030 
30.000 -0.031 
31.000 -0.031 
32.000 -0.032 
33.000 -0.033 
34.000 -0.034 
35.000 -0.035 
36.000 -0.036 
37.000 -0.037 
38.000 -0.038 
39.000 -0.039 
40.000 -0.039 
41.000 -0.040 
42.000 -0.041 
43.000 -0.042 
44.000 -0.042 
45.000 -0.043 
46.000 -0.044 
47.000 -0.045 
48.000 -0.045 
49.000 -0.046 
50.000 -0.047 
51.000 -0.047 
52.000 -0.048 
53.000 -0.049 
54.000 -0.049 
55.000 -0.050 
56.000 -0.050 
57.000 -0.051 
58.000 -0.052 
59.000 -0.052 
60.000 -0.053 
61.000 -0.053 
62.000 -0.054 
63.000 -0.054 
64.000 -0.055 
65.000 -0.056 
66.000 -0.056 
67.000 -0.057 
68.000 -0.057 
69.000 -0.058 
70.000 -0.058 
71.000 -0.059 
72.000 -0.059 
73.000 -0.060 
74.000 -0.060 
75.000 -0.060 
76.000 -0.061 
77.000 -0.061 
78.000 -0.062 
79.000 -0.062 
80.000 -0.063 
81.000 -0.063 
82.000 -0.064 
83.000 -0.064 
84.000 -0.064 
85.000 -0.065 
86.000 -0.065 
87.000 -0.066 
88.000 -0.066 
89.000 -0.066 
90.000 -0.067 
91.000 -0.067 
92.000 -0.068 
93.000 -0.068 
94.000 -0.068 
95.000 -0.069 
96.000 -0.069 
97.000 -0.069 
98.000 -0.070 
99.000 -0.070 
100.000 -0.070 
101.000 -0.071 
102.000 -0.071 
103.000 -0.071 
104.000 -0.072 
105.000 -0.072 
106.000 -0.072 
107.000 -0.073 
108.000 -0.073 
109.000 -0.073 
110.000 -0.074 
111.000 -0.074 
112.000 -0.074 
113.000 -0.074 
114.000 -0.075 
115.000 -0.075 
116.000 -0.075 
117.000 -0.076 
118.000 -0.076 
119.000 -0.076 
120.000 -0.076 
121.000 -0.077 
122.000 -0.077 
123.000 -0.077 
124.000 -0.078 
125.000 -0.078 
126.000 -0.078 
127.000 -0.077 
128.000 -0.076 
129.000 -0.076 
130.000 -0.076 
131.000 -0.076 
132.000 -0.076 
133.000 -0.077 
134.000 -0.077 
135.000 -0.077 
136.000 -0.077 
137.000 -0.077 
138.000 -0.077 
139.000 -0.077 
140.000 -0.077 
141.000 -0.077 
142.000 -0.077 
143.000 -0.077 
144.000 -0.077 
145.000 -0.077 
146.000 -0.077 
147.000 -0.077 
148.000 -0.077 
149.000 -0.077 
150.000 -0.077 
151.000 -0.077 
152.000 -0.077 
153.000 -0.077 
154.000 -0.077 
155.000 -0.077 
156.000 -0.077 
157.000 -0.077 
158.000 -0.077 
159.000 -0.077 
160.000 -0.077 
161.000 -0.077 
162.000 -0.077 
163.000 -0.077 
164.000 -0.077 
165.000 -0.077 
166.000 -0.077 
167.000 -0.077 
168.000 -0.077 
169.000 -0.077 
170.000 -0.077 
171.000 -0.077 
172.000 -0.077 
173.000 -0.077 
174.000 -0.077 
175.000 -0.077 
176.000 -0.077 
177.000 -0.077 
178.000 -0.077 
179.000 -0.077 
180.000 -0.077 
181.000 -0.077 
182.000 -0.077 
183.000 -0.077 
184.000 -0.077 
185.000 -0.077 
186.000 -0.077 
187.000 -0.077 
188.000 -0.077 
189.000 -0.077 
190.000 -0.077 
191.000 -0.077 
192.000 -0.077 
193.000 -0.077 
194.000 -0.077 
195.000 -0.077 
196.000 -0.077 
197.000 -0.077 
198.000 -0.077 
199.000 -0.077 
200.000 -0.078 
201.000 -0.078 
202.000 -0.078 
203.000 -0.078 
204.000 -0.078 
205.000 -0.078 
206.000 -0.078 
207.000 -0.078 
208.000 -0.078 
209.000 -0.078 
210.000 -0.078 
211.000 -0.078 
212.000 -0.078 
213.000 -0.078 
214.000 -0.078 
215.000 -0.078 
216.000 -0.078 
217.000 -0.078 
218.000 -0.078 
219.000 -0.078 
220.000 -0.078 
221.000 -0.078 
222.000 -0.078 
223.000 -0.078 
224.000 -0.078 
225.000 -0.078 
226.000 -0.078 
227.000 -0.078 
228.000 -0.078 
229.000 -0.078 
230.000 -0.078 
231.000 -0.078 
232.000 -0.078 
233.000 -0.078 
234.000 -0.078 
235.000 -0.078 
236.000 -0.078 
237.000 -0.078 
238.000 -0.078 
239.000 -0.078 
240.000 -0.078 
241.000 -0.078 
242.000 -0.078 
243.000 -0.078 
244.000 -0.078 
245.000 -0.078 
246.000 -0.076 
247.000 -0.069 
248.000 -0.061 
249.000 -0.056 
250.000 -0.054 
251.000 -0.053 
252.000 -0.054 
253.000 -0.055 
254.000 -0.055 
255.000 -0.055 
256.000 -0.053 
257.000 -0.050 
258.000 -0.047 
259.000 -0.043 
260.000 -0.040 
261.000 -0.038 
262.000 -0.035 
263.000 -0.033 
264.000 -0.031 
265.000 -0.029 
266.000 -0.027 
267.000 -0.024 
268.000 -0.021 
269.000 -0.018 
270.000 -0.015 
271.000 -0.012 
272.000 -0.009 
273.000 -0.006 
274.000 -0.003 
275.000 -0.000 
276.000 0.003 
277.000 0.006 
278.000 0.009 
279.000 0.012 
280.000 0.016 
281.000 0.019 
282.000 0.022 
283.000 0.026 
284.000 0.029 
285.000 0.032 
286.000 0.036 
287.000 0.039 
288.000 0.043 
289.000 0.046 
290.000 0.050 
291.000 0.053 
292.000 0.057 
293.000 0.060 
294.000 0.064 
295.000 0.067 
296.000 0.071 
297.000 0.074 
298.000 0.078 
299.000 0.081 
300.000 0.085 
301.000 0.088 
302.000 0.092 
303.000 0.095 
304.000 0.099 
305.000 0.102 
306.000 0.106 
307.000 0.109 
308.000 0.112 
309.000 0.116 
310.000 0.119 
311.000 0.122 
312.000 0.125 
313.000 0.128 
314.000 0.131 
315.000 0.135 
316.000 0.138 
317.000 0.141 
318.000 0.144 
319.000 0.146 
320.000 0.149 
321.000 0.152 
322.000 0.155 
323.000 0.158 
324.000 0.160 
325.000 0.163 
326.000 0.165 
327.000 0.168 
328.000 0.170 
329.000 0.173 
330.000 0.175 
331.000 0.178 
332.000 0.180 
333.000 0.182 
334.000 0.184 
335.000 0.186 
336.000 0.189 
337.000 0.191 
338.000 0.193 
339.000 0.195 
340.000 0.196 
341.000 0.198 
342.000 0.200 
343.000 0.202 
344.000 0.204 
345.000 0.205 
346.000 0.207 
347.000 0.209 
348.000 0.210 
349.000 0.212 
350.000 0.213 
351.000 0.214 
352.000 0.216 
353.000 0.217 
354.000 0.219 
355.000 0.220 
356.000 0.221 
357.000 0.222 
358.000 0.223 
359.000 0.225 
360.000 0.226 
361.000 0.227 
362.000 0.228 
363.000 0.229 
364.000 0.230 
365.000 0.231 
366.000 0.261 
367.000 0.325 
368.000 0.401 
369.000 0.473 
370.000 0.531 
371.000 0.568 
372.000 0.583 
373.000 0.581 
374.000 0.569 
375.000 0.554 
376.000 0.542 
377.000 0.538 
378.000 0.544 
379.000 0.560 
380.000 0.585 
381.000 0.615 
382.000 0.647 
383.000 0.678 
384.000 0.704 
385.000 0.724 
386.000 0.738 
387.000 0.746 
388.000 0.749 
389.000 0.751 
390.000 0.752 
391.000 0.754 
392.000 0.758 
393.000 0.764 
394.000 0.772 
395.000 0.783 
396.000 0.794 
397.000 0.805 
398.000 0.816 
399.000 0.824 
400.000 0.831 
401.000 0.836 
402.000 0.840 
403.000 0.842 
404.000 0.843 
405.000 0.845 
406.000 0.846 
407.000 0.848 
408.000 0.851 
409.000 0.854 
410.000 0.858 
411.000 0.862 
412.000 0.865 
413.000 0.868 
414.000 0.871 
415.000 0.874 
416.000 0.875 
417.000 0.877 
418.000 0.878 
419.000 0.878 
420.000 0.879 
421.000 0.880 
422.000 0.880 
423.000 0.881 
424.000 0.882 
425.000 0.884 
426.000 0.885 
427.000 0.886 
428.000 0.887 
429.000 0.888 
430.000 0.889 
431.000 0.889 
432.000 0.890 
433.000 0.890 
434.000 0.890 
435.000 0.890 
436.000 0.891 
437.000 0.891 
438.000 0.891 
439.000 0.892 
440.000 0.892 
441.000 0.892 
442.000 0.893 
443.000 0.893 
444.000 0.893 
445.000 0.894 
446.000 0.894 
447.000 0.894 
448.000 0.894 
449.000 0.894 
450.000 0.894 
451.000 0.894 
452.000 0.894 
453.000 0.894 
454.000 0.895 
455.000 0.895 
456.000 0.895 
457.000 0.895 
458.000 0.895 
459.000 0.895 
460.000 0.895 
461.000 0.895 
462.000 0.895 
463.000 0.895 
464.000 0.895 
465.000 0.895 
466.000 0.895 
467.000 0.895 
468.000 0.896 
469.000 0.896 
470.000 0.896 
471.000 0.896 
472.000 0.896 
473.000 0.896 
474.000 0.896 
475.000 0.896 
476.000 0.896 
477.000 0.896 
478.000 0.896 
479.000 0.896 
480.000 0.896 
481.000 0.896 
482.000 0.896 
483.000 0.896 
484.000 0.896 
485.000 0.896 
486.000 1.011 
487.000 1.263 
488.000 1.602 
489.000 1.990 
490.000 2.398 
491.000 2.806 
492.000 3.199 
493.000 3.565 
494.000 3.890 
495.000 4.144 
496.000 4.321 
497.000 4.427 
498.000 4.475 
499.000 4.481 
500.000 4.456 
501.000 4.410 
502.000 4.350 
503.000 4.282 
504.000 4.210 
505.000 4.138 
506.000 4.069 
507.000 4.003 
508.000 3.943 
509.000 3.888 
510.000 3.840 
511.000 3.797 
512.000 3.760 
513.000 3.729 
514.000 3.703 
515.000 3.680 
516.000 3.662 
517.000 3.646 
518.000 3.633 
519.000 3.622 
520.000 3.613 
521.000 3.605 
522.000 3.598 
523.000 3.592 
524.000 3.588 
525.000 3.584 
526.000 3.581 
527.000 3.578 
528.000 3.576 
529.000 3.575 
530.000 3.574 
531.000 3.574 
532.000 3.574 
533.000 3.574 
534.000 3.574 
535.000 3.574 
536.000 3.575 
537.000 3.575 
538.000 3.575 
539.000 3.575 
540.000 3.576 
541.000 3.576 
542.000 3.576 
543.000 3.576 
544.000 3.576 
545.000 3.576 
546.000 3.576 
547.000 3.576 
548.000 3.576 
549.000 3.576 
550.000 3.576 
551.000 3.576 
552.000 3.576 
553.000 3.576 
554.000 3.576 
555.000 3.576 
556.000 3.576 
557.000 3.576 
558.000 3.576 
559.000 3.576 
560.000 3.576 
561.000 3.576 
562.000 3.576 
563.000 3.576 
564.000 3.576 
565.000 3.576 
566.000 3.576 
567.000 3.576 
568.000 3.576 
569.000 3.576 
570.000 3.576 
571.000 3.576 
572.000 3.576 
573.000 3.576 
574.000 3.576 
575.000 3.576 
576.000 3.576 
577.000 3.576 
578.000 3.576 
579.000 3.576 
580.000 3.576 
581.000 3.576 
582.000 3.576 
583.000 3.576 
584.000 3.576 
585.000 3.576 
586.000 3.576 
587.000 3.576 
588.000 3.576 
589.000 3.576 
590.000 3.576 
591.000 3.576 
592.000 3.576 
593.000 3.576 
594.000 3.576 
595.000 3.576 
596.000 3.576 
597.000 3.576 
598.000 3.576 
599.000 3.576 
600.000 3.576 
601.000 3.576 
602.000 3.576 
603.000 3.576 
604.000 3.576 
605.000 3.576 
606.000 3.631 
607.000 3.743 
608.000 3.891 
609.000 4.059 
610.000 4.235 
611.000 4.410 
612.000 4.578 
613.000 4.734 
614.000 4.877 
615.000 5.005 
616.000 5.117 
617.000 5.214 
618.000 5.297 
619.000 5.367 
620.000 5.425 
621.000 5.472 
622.000 5.510 
623.000 5.540 
624.000 5.563 
625.000 5.581 
626.000 5.594 
627.000 5.603 
628.000 5.609 
629.000 5.613 
630.000 5.615 
631.000 5.616 
632.000 5.615 
633.000 5.614 
634.000 5.613 
635.000 5.611 
636.000 5.609 
637.000 5.607 
638.000 5.606 
639.000 5.604 
640.000 5.602 
641.000 5.601 
642.000 5.600 
643.000 5.599 
644.000 5.598 
645.000 5.597 
646.000 5.596 
647.000 5.596 
648.000 5.595 
649.000 5.595 
650.000 5.595 
651.000 5.594 
652.000 5.594 
653.000 5.594 
654.000 5.594 
655.000 5.594 
656.000 5.594 
657.000 5.594 
658.000 5.594 
659.000 5.594 
660.000 5.594 
661.000 5.594 
662.000 5.594 
663.000 5.594 
664.000 5.594 
665.000 5.594 
666.000 5.594 
667.000 5.594 
668.000 5.594 
669.000 5.594 
670.000 5.594 
671.000 5.594 
672.000 5.594 
673.000 5.594 
674.000 5.594 
675.000 5.594 
676.000 5.594 
677.000 5.594 
678.000 5.594 
679.000 5.594 
680.000 5.594 
681.000 5.594 
682.000 5.594 
683.000 5.594 
684.000 5.594 
685.000 5.594 
686.000 5.594 
687.000 5.594 
688.000 5.594 
689.000 5.594 
690.000 5.594 
691.000 5.594 
692.000 5.594 
693.000 5.594 
694.000 5.594 
695.000 5.594 
696.000 5.594 
697.000 5.594 
698.000 5.594 
699.000 5.594 
700.000 5.594 
701.000 5.594 
702.000 5.594 
703.000 5.594 
704.000 5.594 
705.000 5.594 
706.000 5.594 
707.000 5.594 
708.000 5.594 
709.000 5.594 
710.000 5.594 
711.000 5.594 
712.000 5.594 
713.000 5.594 
714.000 5.594 
715.000 5.594 
716.000 5.594 
717.000 5.594 
718.000 5.594 
719.000 5.594 
720.000 5.594 
721.000 5.594 
722.000 5.594 
723.000 5.594 
724.000 5.594 
725.000 5.594 
726.000 5.594 
727.000 5.594 
728.000 5.594 
729.000 5.594 
730.000 5.594 
731.000 5.594 
732.000 5.594 
733.000 5.594 
734.000 5.594 
735.000 5.594 
736.000 5.594 
737.000 5.594 
738.000 5.594 
739.000 5.594 
740.000 5.594 
741.000 5.594 
742.000 5.594 
743.000 5.594 
744.000 5.594 
745.000 5.594 
746.000 5.594 
747.000 5.594 
748.000 5.594 
749.000 5.594 
750.000 5.594 
751.000 5.594 
752.000 5.594 
753.000 5.594 
754.000 5.594 
755.000 5.594 
756.000 5.594 
757.000 5.594 
758.000 5.594 
759.000 5.594 
760.000 5.594 
761.000 5.594 
762.000 5.594 
763.000 5.594 
764.000 5.594 
765.000 5.594 
766.000 5.594 
767.000 5.594 
768.000 5.594 
769.000 5.594 
770.000 5.594 
771.000 5.594 
772.000 5.594 
773.000 5.594 
774.000 5.594 
775.000 5.594 
776.000 5.594 
777.000 5.594 
778.000 5.594 
779.000 5.594 
780.000 5.594 
781.000 5.594 
782.000 5.594 
783.000 5.594 
784.000 5.594 
785.000 5.594 
786.000 5.594 
787.000 5.594 
788.000 5.594 
789.000 5.594 
790.000 5.594 
791.000 5.594 
792.000 5.594 
793.000 5.594 
794.000 5.594 
795.000 5.594 
796.000 5.594 
797.000 5.594 
798.000 5.594 
799.000 5.594 
800.000 5.594 
