1.000 0.000 
2.000 0.000 
3.000 0.000 
4.000 0.000 
5.000 0.000 
6.000 0.000 
7.000 0.000 
8.000 0.000 
9.000 0.000 
10.000 0.000 
11.000 0.000 
12.000 -0.002 
13.000 -0.006 
14.000 -0.012 
15.000 -0.019 
16.000 -0.025 
17.000 -0.029 
18.000 -0.032 
19.000 -0.032 
20.000 -0.031 
21.000 -0.029 
22.000 -0.026 
23.000 -0.024 
24.000 -0.023 
25.000 -0.023 
26.000 -0.025 
27.000 -0.028 
28.000 -0.032 
29.000 -0.036 
30.000 -0.039 
31.000 -0.042 
32.000 -0.044 
33.000 -0.044 
34.000 -0.044 
35.000 -0.043 
36.000 -0.042 
37.000 -0.042 
38.000 -0.041 
39.000 -0.042 
40.000 -0.043 
41.000 -0.045 
42.000 -0.047 
43.000 -0.049 
44.000 -0.051 
45.000 -0.052 
46.000 -0.053 
47.000 -0.054 
48.000 -0.054 
49.000 -0.054 
50.000 -0.054 
51.000 -0.054 
52.000 -0.054 
53.000 -0.054 
54.000 -0.055 
55.000 -0.056 
56.000 -0.057 
57.000 -0.059 
58.000 -0.060 
59.000 -0.061 
60.000 -0.061 
61.000 -0.062 
62.000 -0.062 
63.000 -0.062 
64.000 -0.063 
65.000 -0.063 
66.000 -0.063 
67.000 -0.064 
68.000 -0.064 
69.000 -0.065 
70.000 -0.066 
71.000 -0.066 
72.000 -0.067 
73.000 -0.068 
74.000 -0.068 
75.000 -0.069 
76.000 -0.069 
77.000 -0.069 
78.000 -0.070 
79.000 -0.070 
80.000 -0.070 
81.000 -0.071 
82.000 -0.071 
83.000 -0.071 
84.000 -0.072 
85.000 -0.072 
86.000 -0.073 
87.000 -0.073 
88.000 -0.074 
89.000 -0.074 
90.000 -0.075 
91.000 -0.075 
92.000 -0.075 
93.000 -0.075 
94.000 -0.076 
95.000 -0.076 
96.000 -0.076 
97.000 -0.077 
98.000 -0.077 
99.000 -0.078 
100.000 -0.078 
101.000 -0.078 
102.000 -0.079 
103.000 -0.079 
104.000 -0.079 
105.000 -0.080 
106.000 -0.080 
107.000 -0.080 
108.000 -0.080 
109.000 -0.081 
110.000 -0.081 
111.000 -0.081 
112.000 -0.082 
113.000 -0.082 
114.000 -0.082 
115.000 -0.082 
116.000 -0.083 
117.000 -0.083 
118.000 -0.083 
119.000 -0.084 
120.000 -0.084 
121.000 -0.084 
122.000 -0.084 
123.000 -0.085 
124.000 -0.085 
125.000 -0.085 
126.000 -0.085 
127.000 -0.085 
128.000 -0.084 
129.000 -0.083 
130.000 -0.083 
131.000 -0.082 
132.000 -0.082 
133.000 -0.082 
134.000 -0.082 
135.000 -0.083 
136.000 -0.084 
137.000 -0.084 
138.000 -0.084 
139.000 -0.085 
140.000 -0.084 
141.000 -0.084 
142.000 -0.084 
143.000 -0.083 
144.000 -0.083 
145.000 -0.083 
146.000 -0.083 
147.000 -0.083 
148.000 -0.083 
149.000 -0.083 
150.000 -0.083 
151.000 -0.084 
152.000 -0.084 
153.000 -0.084 
154.000 -0.084 
155.000 -0.083 
156.000 -0.083 
157.000 -0.083 
158.000 -0.083 
159.000 -0.083 
160.000 -0.083 
161.000 -0.083 
162.000 -0.083 
163.000 -0.083 
164.000 -0.083 
165.000 -0.083 
166.000 -0.083 
167.000 -0.083 
168.000 -0.083 
169.000 -0.083 
170.000 -0.083 
171.000 -0.083 
172.000 -0.083 
173.000 -0.083 
174.000 -0.083 
175.000 -0.083 
176.000 -0.083 
177.000 -0.083 
178.000 -0.083 
179.000 -0.083 
180.000 -0.083 
181.000 -0.083 
182.000 -0.083 
183.000 -0.083 
184.000 -0.083 
185.000 -0.083 
186.000 -0.083 
187.000 -0.083 
188.000 -0.083 
189.000 -0.083 
190.000 -0.083 
191.000 -0.083 
192.000 -0.083 
193.000 -0.083 
194.000 -0.083 
195.000 -0.083 
196.000 -0.083 
197.000 -0.083 
198.000 -0.083 
199.000 -0.083 
200.000 -0.083 
201.000 -0.083 
202.000 -0.082 
203.000 -0.082 
204.000 -0.082 
205.000 -0.082 
206.000 -0.083 
207.000 -0.083 
208.000 -0.082 
209.000 -0.082 
210.000 -0.082 
211.000 -0.082 
212.000 -0.082 
213.000 -0.082 
214.000 -0.082 
215.000 -0.082 
216.000 -0.082 
217.000 -0.082 
218.000 -0.082 
219.000 -0.082 
220.000 -0.082 
221.000 -0.082 
222.000 -0.082 
223.000 -0.082 
224.000 -0.082 
225.000 -0.082 
226.000 -0.082 
227.000 -0.082 
228.000 -0.082 
229.000 -0.082 
230.000 -0.082 
231.000 -0.082 
232.000 -0.082 
233.000 -0.082 
234.000 -0.082 
235.000 -0.082 
236.000 -0.082 
237.000 -0.082 
238.000 -0.082 
239.000 -0.082 
240.000 -0.082 
241.000 -0.082 
242.000 -0.082 
243.000 -0.082 
244.000 -0.082 
245.000 -0.082 
246.000 -0.081 
247.000 -0.077 
248.000 -0.070 
249.000 -0.060 
250.000 -0.051 
251.000 -0.043 
252.000 -0.039 
253.000 -0.038 
254.000 -0.040 
255.000 -0.044 
256.000 -0.048 
257.000 -0.051 
258.000 -0.053 
259.000 -0.052 
260.000 -0.048 
261.000 -0.041 
262.000 -0.033 
263.000 -0.023 
264.000 -0.013 
265.000 -0.005 
266.000 0.001 
267.000 0.003 
268.000 0.003 
269.000 0.002 
270.000 -0.001 
271.000 -0.002 
272.000 -0.003 
273.000 -0.001 
274.000 0.003 
275.000 0.010 
276.000 0.019 
277.000 0.029 
278.000 0.039 
279.000 0.048 
280.000 0.055 
281.000 0.060 
282.000 0.062 
283.000 0.062 
284.000 0.061 
285.000 0.060 
286.000 0.060 
287.000 0.061 
288.000 0.064 
289.000 0.070 
290.000 0.078 
291.000 0.087 
292.000 0.097 
293.000 0.107 
294.000 0.115 
295.000 0.121 
296.000 0.124 
297.000 0.125 
298.000 0.125 
299.000 0.124 
300.000 0.122 
301.000 0.122 
302.000 0.124 
303.000 0.127 
304.000 0.133 
305.000 0.140 
306.000 0.148 
307.000 0.157 
308.000 0.165 
309.000 0.172 
310.000 0.176 
311.000 0.179 
312.000 0.179 
313.000 0.177 
314.000 0.175 
315.000 0.173 
316.000 0.172 
317.000 0.173 
318.000 0.175 
319.000 0.180 
320.000 0.186 
321.000 0.193 
322.000 0.201 
323.000 0.207 
324.000 0.213 
325.000 0.216 
326.000 0.217 
327.000 0.216 
328.000 0.214 
329.000 0.211 
330.000 0.208 
331.000 0.206 
332.000 0.205 
333.000 0.207 
334.000 0.210 
335.000 0.215 
336.000 0.221 
337.000 0.228 
338.000 0.234 
339.000 0.238 
340.000 0.241 
341.000 0.241 
342.000 0.240 
343.000 0.237 
344.000 0.233 
345.000 0.229 
346.000 0.226 
347.000 0.225 
348.000 0.225 
349.000 0.228 
350.000 0.232 
351.000 0.237 
352.000 0.243 
353.000 0.249 
354.000 0.253 
355.000 0.255 
356.000 0.255 
357.000 0.254 
358.000 0.250 
359.000 0.246 
360.000 0.242 
361.000 0.238 
362.000 0.236 
363.000 0.236 
364.000 0.237 
365.000 0.241 
366.000 0.263 
367.000 0.317 
368.000 0.403 
369.000 0.514 
370.000 0.638 
371.000 0.758 
372.000 0.856 
373.000 0.913 
374.000 0.918 
375.000 0.869 
376.000 0.776 
377.000 0.660 
378.000 0.545 
379.000 0.449 
380.000 0.386 
381.000 0.364 
382.000 0.389 
383.000 0.462 
384.000 0.578 
385.000 0.729 
386.000 0.898 
387.000 1.064 
388.000 1.201 
389.000 1.282 
390.000 1.286 
391.000 1.205 
392.000 1.053 
393.000 0.860 
394.000 0.666 
395.000 0.502 
396.000 0.385 
397.000 0.326 
398.000 0.332 
399.000 0.404 
400.000 0.542 
401.000 0.736 
402.000 0.965 
403.000 1.203 
404.000 1.413 
405.000 1.555 
406.000 1.591 
407.000 1.494 
408.000 1.275 
409.000 0.987 
410.000 0.700 
411.000 0.463 
412.000 0.293 
413.000 0.198 
414.000 0.181 
415.000 0.251 
416.000 0.409 
417.000 0.649 
418.000 0.949 
419.000 1.275 
420.000 1.579 
421.000 1.805 
422.000 1.890 
423.000 1.777 
424.000 1.471 
425.000 1.069 
426.000 0.692 
427.000 0.402 
428.000 0.205 
429.000 0.090 
430.000 0.060 
431.000 0.129 
432.000 0.307 
433.000 0.592 
434.000 0.959 
435.000 1.366 
436.000 1.752 
437.000 2.044 
438.000 2.148 
439.000 1.975 
440.000 1.543 
441.000 1.037 
442.000 0.618 
443.000 0.327 
444.000 0.141 
445.000 0.032 
446.000 0.005 
447.000 0.089 
448.000 0.299 
449.000 0.632 
450.000 1.052 
451.000 1.511 
452.000 1.941 
453.000 2.251 
454.000 2.320 
455.000 2.041 
456.000 1.498 
457.000 0.950 
458.000 0.540 
459.000 0.271 
460.000 0.102 
461.000 0.006 
462.000 -0.001 
463.000 0.116 
464.000 0.372 
465.000 0.745 
466.000 1.189 
467.000 1.666 
468.000 2.107 
469.000 2.397 
470.000 2.385 
471.000 1.963 
472.000 1.340 
473.000 0.803 
474.000 0.436 
475.000 0.204 
476.000 0.060 
477.000 -0.019 
478.000 -0.003 
479.000 0.146 
480.000 0.437 
481.000 0.834 
482.000 1.292 
483.000 1.774 
484.000 2.204 
485.000 2.463 
486.000 2.626 
487.000 2.755 
488.000 2.878 
489.000 3.001 
490.000 3.123 
491.000 3.242 
492.000 3.356 
493.000 3.460 
494.000 3.547 
495.000 3.613 
496.000 3.652 
497.000 3.663 
498.000 3.646 
499.000 3.604 
500.000 3.542 
501.000 3.471 
502.000 3.400 
503.000 3.340 
504.000 3.300 
505.000 3.287 
506.000 3.306 
507.000 3.358 
508.000 3.440 
509.000 3.546 
510.000 3.665 
511.000 3.784 
512.000 3.890 
513.000 3.967 
514.000 4.002 
515.000 3.985 
516.000 3.913 
517.000 3.789 
518.000 3.625 
519.000 3.439 
520.000 3.254 
521.000 3.095 
522.000 2.980 
523.000 2.927 
524.000 2.944 
525.000 3.034 
526.000 3.189 
527.000 3.387 
528.000 3.610 
529.000 3.841 
530.000 4.070 
531.000 4.279 
532.000 4.435 
533.000 4.505 
534.000 4.465 
535.000 4.304 
536.000 4.030 
537.000 3.676 
538.000 3.289 
539.000 2.922 
540.000 2.621 
541.000 2.419 
542.000 2.339 
543.000 2.389 
544.000 2.544 
545.000 2.767 
546.000 3.029 
547.000 3.310 
548.000 3.594 
549.000 3.869 
550.000 4.128 
551.000 4.366 
552.000 4.580 
553.000 4.769 
554.000 4.934 
555.000 5.053 
556.000 5.062 
557.000 4.904 
558.000 4.562 
559.000 4.069 
560.000 3.504 
561.000 2.956 
562.000 2.495 
563.000 2.169 
564.000 2.006 
565.000 2.009 
566.000 2.145 
567.000 2.368 
568.000 2.647 
569.000 2.953 
570.000 3.268 
571.000 3.577 
572.000 3.871 
573.000 4.143 
574.000 4.389 
575.000 4.609 
576.000 4.801 
577.000 4.966 
578.000 5.106 
579.000 5.224 
580.000 5.321 
581.000 5.375 
582.000 5.299 
583.000 5.022 
584.000 4.535 
585.000 3.905 
586.000 3.245 
587.000 2.655 
588.000 2.201 
589.000 1.920 
590.000 1.833 
591.000 1.911 
592.000 2.103 
593.000 2.368 
594.000 2.676 
595.000 3.002 
596.000 3.329 
597.000 3.644 
598.000 3.940 
599.000 4.211 
600.000 4.454 
601.000 4.669 
602.000 4.855 
603.000 5.014 
604.000 5.149 
605.000 5.260 
606.000 5.352 
607.000 5.426 
608.000 5.484 
609.000 5.530 
610.000 5.564 
611.000 5.590 
612.000 5.608 
613.000 5.621 
614.000 5.629 
615.000 5.633 
616.000 5.634 
617.000 5.634 
618.000 5.632 
619.000 5.630 
620.000 5.627 
621.000 5.623 
622.000 5.620 
623.000 5.616 
624.000 5.613 
625.000 5.610 
626.000 5.607 
627.000 5.605 
628.000 5.603 
629.000 5.601 
630.000 5.599 
631.000 5.598 
632.000 5.597 
633.000 5.596 
634.000 5.596 
635.000 5.595 
636.000 5.595 
637.000 5.594 
638.000 5.594 
639.000 5.594 
640.000 5.594 
641.000 5.594 
642.000 5.594 
643.000 5.594 
644.000 5.594 
645.000 5.594 
646.000 5.594 
647.000 5.594 
648.000 5.594 
649.000 5.594 
650.000 5.594 
651.000 5.594 
652.000 5.594 
653.000 5.594 
654.000 5.594 
655.000 5.594 
656.000 5.594 
657.000 5.594 
658.000 5.594 
659.000 5.594 
660.000 5.594 
661.000 5.594 
662.000 5.594 
663.000 5.594 
664.000 5.594 
665.000 5.594 
666.000 5.594 
667.000 5.594 
668.000 5.594 
669.000 5.594 
670.000 5.594 
671.000 5.594 
672.000 5.594 
673.000 5.594 
674.000 5.594 
675.000 5.594 
676.000 5.594 
677.000 5.594 
678.000 5.594 
679.000 5.594 
680.000 5.594 
681.000 5.594 
682.000 5.594 
683.000 5.594 
684.000 5.594 
685.000 5.594 
686.000 5.594 
687.000 5.594 
688.000 5.594 
689.000 5.594 
690.000 5.594 
691.000 5.594 
692.000 5.594 
693.000 5.594 
694.000 5.594 
695.000 5.594 
696.000 5.594 
697.000 5.594 
698.000 5.594 
699.000 5.594 
700.000 5.594 
701.000 5.594 
702.000 5.594 
703.000 5.594 
704.000 5.594 
705.000 5.594 
706.000 5.594 
707.000 5.594 
708.000 5.594 
709.000 5.594 
710.000 5.594 
711.000 5.594 
712.000 5.594 
713.000 5.594 
714.000 5.594 
715.000 5.594 
716.000 5.594 
717.000 5.594 
718.000 5.594 
719.000 5.594 
720.000 5.594 
721.000 5.594 
722.000 5.594 
723.000 5.594 
724.000 5.594 
725.000 5.594 
726.000 5.594 
727.000 5.594 
728.000 5.594 
729.000 5.594 
730.000 5.594 
731.000 5.594 
732.000 5.594 
733.000 5.594 
734.000 5.594 
735.000 5.594 
736.000 5.594 
737.000 5.594 
738.000 5.594 
739.000 5.594 
740.000 5.594 
741.000 5.594 
742.000 5.594 
743.000 5.594 
744.000 5.594 
745.000 5.594 
746.000 5.594 
747.000 5.594 
748.000 5.594 
749.000 5.594 
750.000 5.594 
751.000 5.594 
752.000 5.594 
753.000 5.594 
754.000 5.594 
755.000 5.594 
756.000 5.594 
757.000 5.594 
758.000 5.594 
759.000 5.594 
760.000 5.594 
761.000 5.594 
762.000 5.594 
763.000 5.594 
764.000 5.594 
765.000 5.594 
766.000 5.594 
767.000 5.594 
768.000 5.594 
769.000 5.594 
770.000 5.594 
771.000 5.594 
772.000 5.594 
773.000 5.594 
774.000 5.594 
775.000 5.594 
776.000 5.594 
777.000 5.594 
778.000 5.594 
779.000 5.594 
780.000 5.594 
781.000 5.594 
782.000 5.594 
783.000 5.594 
784.000 5.594 
785.000 5.594 
786.000 5.594 
787.000 5.594 
788.000 5.594 
789.000 5.594 
790.000 5.594 
791.000 5.594 
792.000 5.594 
793.000 5.594 
794.000 5.594 
795.000 5.594 
796.000 5.594 
797.000 5.594 
798.000 5.594 
799.000 5.594 
800.000 5.594 
