1.000 0.000 
2.000 0.000 
3.000 0.000 
4.000 0.000 
5.000 0.000 
6.000 0.000 
7.000 0.000 
8.000 0.000 
9.000 0.000 
10.000 0.000 
11.000 0.000 
12.000 -0.002 
13.000 -0.006 
14.000 -0.012 
15.000 -0.017 
16.000 -0.021 
17.000 -0.023 
18.000 -0.024 
19.000 -0.023 
20.000 -0.022 
21.000 -0.021 
22.000 -0.021 
23.000 -0.021 
24.000 -0.023 
25.000 -0.024 
26.000 -0.027 
27.000 -0.029 
28.000 -0.031 
29.000 -0.032 
30.000 -0.033 
31.000 -0.034 
32.000 -0.034 
33.000 -0.035 
34.000 -0.035 
35.000 -0.036 
36.000 -0.037 
37.000 -0.038 
38.000 -0.039 
39.000 -0.040 
40.000 -0.041 
41.000 -0.042 
42.000 -0.043 
43.000 -0.043 
44.000 -0.044 
45.000 -0.045 
46.000 -0.045 
47.000 -0.046 
48.000 -0.047 
49.000 -0.047 
50.000 -0.048 
51.000 -0.049 
52.000 -0.050 
53.000 -0.050 
54.000 -0.051 
55.000 -0.052 
56.000 -0.052 
57.000 -0.053 
58.000 -0.053 
59.000 -0.054 
60.000 -0.055 
61.000 -0.055 
62.000 -0.056 
63.000 -0.056 
64.000 -0.057 
65.000 -0.057 
66.000 -0.058 
67.000 -0.058 
68.000 -0.059 
69.000 -0.059 
70.000 -0.060 
71.000 -0.060 
72.000 -0.061 
73.000 -0.061 
74.000 -0.062 
75.000 -0.062 
76.000 -0.063 
77.000 -0.063 
78.000 -0.064 
79.000 -0.064 
80.000 -0.065 
81.000 -0.065 
82.000 -0.065 
83.000 -0.066 
84.000 -0.066 
85.000 -0.067 
86.000 -0.067 
87.000 -0.067 
88.000 -0.068 
89.000 -0.068 
90.000 -0.069 
91.000 -0.069 
92.000 -0.069 
93.000 -0.070 
94.000 -0.070 
95.000 -0.070 
96.000 -0.071 
97.000 -0.071 
98.000 -0.072 
99.000 -0.072 
100.000 -0.072 
101.000 -0.073 
102.000 -0.073 
103.000 -0.073 
104.000 -0.074 
105.000 -0.074 
106.000 -0.074 
107.000 -0.074 
108.000 -0.075 
109.000 -0.075 
110.000 -0.075 
111.000 -0.076 
112.000 -0.076 
113.000 -0.076 
114.000 -0.077 
115.000 -0.077 
116.000 -0.077 
117.000 -0.077 
118.000 -0.078 
119.000 -0.078 
120.000 -0.078 
121.000 -0.079 
122.000 -0.079 
123.000 -0.079 
124.000 -0.079 
125.000 -0.080 
126.000 -0.080 
127.000 -0.079 
128.000 -0.078 
129.000 -0.078 
130.000 -0.077 
131.000 -0.077 
132.000 -0.077 
133.000 -0.078 
134.000 -0.078 
135.000 -0.079 
136.000 -0.079 
137.000 -0.079 
138.000 -0.079 
139.000 -0.079 
140.000 -0.079 
141.000 -0.078 
142.000 -0.078 
143.000 -0.078 
144.000 -0.078 
145.000 -0.078 
146.000 -0.078 
147.000 -0.078 
148.000 -0.079 
149.000 -0.079 
150.000 -0.079 
151.000 -0.079 
152.000 -0.079 
153.000 -0.079 
154.000 -0.078 
155.000 -0.078 
156.000 -0.078 
157.000 -0.079 
158.000 -0.079 
159.000 -0.079 
160.000 -0.079 
161.000 -0.079 
162.000 -0.079 
163.000 -0.079 
164.000 -0.079 
165.000 -0.079 
166.000 -0.079 
167.000 -0.079 
168.000 -0.079 
169.000 -0.079 
170.000 -0.079 
171.000 -0.079 
172.000 -0.079 
173.000 -0.079 
174.000 -0.079 
175.000 -0.079 
176.000 -0.079 
177.000 -0.079 
178.000 -0.079 
179.000 -0.079 
180.000 -0.079 
181.000 -0.079 
182.000 -0.079 
183.000 -0.079 
184.000 -0.079 
185.000 -0.079 
186.000 -0.079 
187.000 -0.079 
188.000 -0.079 
189.000 -0.079 
190.000 -0.079 
191.000 -0.079 
192.000 -0.079 
193.000 -0.079 
194.000 -0.079 
195.000 -0.079 
196.000 -0.079 
197.000 -0.079 
198.000 -0.079 
199.000 -0.079 
200.000 -0.079 
201.000 -0.079 
202.000 -0.079 
203.000 -0.079 
204.000 -0.079 
205.000 -0.079 
206.000 -0.079 
207.000 -0.079 
208.000 -0.079 
209.000 -0.079 
210.000 -0.079 
211.000 -0.079 
212.000 -0.079 
213.000 -0.079 
214.000 -0.079 
215.000 -0.079 
216.000 -0.079 
217.000 -0.079 
218.000 -0.079 
219.000 -0.079 
220.000 -0.079 
221.000 -0.079 
222.000 -0.079 
223.000 -0.079 
224.000 -0.079 
225.000 -0.079 
226.000 -0.079 
227.000 -0.079 
228.000 -0.079 
229.000 -0.079 
230.000 -0.079 
231.000 -0.079 
232.000 -0.079 
233.000 -0.079 
234.000 -0.079 
235.000 -0.079 
236.000 -0.079 
237.000 -0.079 
238.000 -0.079 
239.000 -0.079 
240.000 -0.079 
241.000 -0.079 
242.000 -0.079 
243.000 -0.079 
244.000 -0.079 
245.000 -0.079 
246.000 -0.078 
247.000 -0.073 
248.000 -0.065 
249.000 -0.058 
250.000 -0.053 
251.000 -0.050 
252.000 -0.049 
253.000 -0.051 
254.000 -0.052 
255.000 -0.054 
256.000 -0.054 
257.000 -0.053 
258.000 -0.050 
259.000 -0.046 
260.000 -0.042 
261.000 -0.037 
262.000 -0.033 
263.000 -0.029 
264.000 -0.027 
265.000 -0.025 
266.000 -0.023 
267.000 -0.021 
268.000 -0.020 
269.000 -0.017 
270.000 -0.014 
271.000 -0.011 
272.000 -0.007 
273.000 -0.003 
274.000 0.001 
275.000 0.004 
276.000 0.008 
277.000 0.011 
278.000 0.014 
279.000 0.017 
280.000 0.021 
281.000 0.024 
282.000 0.027 
283.000 0.031 
284.000 0.035 
285.000 0.038 
286.000 0.042 
287.000 0.046 
288.000 0.050 
289.000 0.054 
290.000 0.058 
291.000 0.061 
292.000 0.065 
293.000 0.068 
294.000 0.072 
295.000 0.076 
296.000 0.079 
297.000 0.083 
298.000 0.087 
299.000 0.091 
300.000 0.095 
301.000 0.098 
302.000 0.102 
303.000 0.105 
304.000 0.109 
305.000 0.112 
306.000 0.116 
307.000 0.119 
308.000 0.123 
309.000 0.126 
310.000 0.129 
311.000 0.133 
312.000 0.136 
313.000 0.139 
314.000 0.142 
315.000 0.145 
316.000 0.148 
317.000 0.151 
318.000 0.154 
319.000 0.157 
320.000 0.160 
321.000 0.163 
322.000 0.166 
323.000 0.168 
324.000 0.171 
325.000 0.173 
326.000 0.176 
327.000 0.178 
328.000 0.181 
329.000 0.183 
330.000 0.185 
331.000 0.188 
332.000 0.190 
333.000 0.192 
334.000 0.194 
335.000 0.196 
336.000 0.198 
337.000 0.200 
338.000 0.202 
339.000 0.204 
340.000 0.205 
341.000 0.207 
342.000 0.209 
343.000 0.210 
344.000 0.212 
345.000 0.214 
346.000 0.215 
347.000 0.217 
348.000 0.218 
349.000 0.219 
350.000 0.221 
351.000 0.222 
352.000 0.223 
353.000 0.224 
354.000 0.226 
355.000 0.227 
356.000 0.228 
357.000 0.229 
358.000 0.230 
359.000 0.231 
360.000 0.232 
361.000 0.233 
362.000 0.234 
363.000 0.235 
364.000 0.236 
365.000 0.236 
366.000 0.257 
367.000 0.308 
368.000 0.383 
369.000 0.469 
370.000 0.552 
371.000 0.618 
372.000 0.659 
373.000 0.672 
374.000 0.660 
375.000 0.630 
376.000 0.594 
377.000 0.559 
378.000 0.536 
379.000 0.528 
380.000 0.539 
381.000 0.566 
382.000 0.608 
383.000 0.659 
384.000 0.712 
385.000 0.761 
386.000 0.800 
387.000 0.824 
388.000 0.833 
389.000 0.828 
390.000 0.813 
391.000 0.791 
392.000 0.770 
393.000 0.753 
394.000 0.744 
395.000 0.745 
396.000 0.755 
397.000 0.775 
398.000 0.800 
399.000 0.827 
400.000 0.853 
401.000 0.875 
402.000 0.889 
403.000 0.895 
404.000 0.893 
405.000 0.885 
406.000 0.872 
407.000 0.858 
408.000 0.846 
409.000 0.837 
410.000 0.833 
411.000 0.835 
412.000 0.842 
413.000 0.854 
414.000 0.867 
415.000 0.881 
416.000 0.894 
417.000 0.903 
418.000 0.907 
419.000 0.908 
420.000 0.904 
421.000 0.897 
422.000 0.889 
423.000 0.880 
424.000 0.874 
425.000 0.869 
426.000 0.868 
427.000 0.870 
428.000 0.875 
429.000 0.882 
430.000 0.889 
431.000 0.896 
432.000 0.902 
433.000 0.905 
434.000 0.906 
435.000 0.905 
436.000 0.902 
437.000 0.897 
438.000 0.893 
439.000 0.888 
440.000 0.885 
441.000 0.883 
442.000 0.883 
443.000 0.885 
444.000 0.888 
445.000 0.892 
446.000 0.896 
447.000 0.899 
448.000 0.902 
449.000 0.903 
450.000 0.903 
451.000 0.901 
452.000 0.899 
453.000 0.896 
454.000 0.894 
455.000 0.891 
456.000 0.890 
457.000 0.889 
458.000 0.890 
459.000 0.891 
460.000 0.893 
461.000 0.895 
462.000 0.897 
463.000 0.899 
464.000 0.900 
465.000 0.900 
466.000 0.900 
467.000 0.899 
468.000 0.897 
469.000 0.896 
470.000 0.894 
471.000 0.893 
472.000 0.893 
473.000 0.892 
474.000 0.893 
475.000 0.894 
476.000 0.895 
477.000 0.896 
478.000 0.897 
479.000 0.898 
480.000 0.898 
481.000 0.898 
482.000 0.898 
483.000 0.897 
484.000 0.896 
485.000 0.896 
486.000 0.991 
487.000 1.218 
488.000 1.541 
489.000 1.920 
490.000 2.324 
491.000 2.732 
492.000 3.127 
493.000 3.499 
494.000 3.839 
495.000 4.146 
496.000 4.413 
497.000 4.595 
498.000 4.662 
499.000 4.618 
500.000 4.490 
501.000 4.313 
502.000 4.120 
503.000 3.939 
504.000 3.792 
505.000 3.693 
506.000 3.647 
507.000 3.652 
508.000 3.703 
509.000 3.786 
510.000 3.887 
511.000 3.989 
512.000 4.074 
513.000 4.129 
514.000 4.143 
515.000 4.113 
516.000 4.038 
517.000 3.929 
518.000 3.795 
519.000 3.654 
520.000 3.521 
521.000 3.409 
522.000 3.328 
523.000 3.286 
524.000 3.284 
525.000 3.318 
526.000 3.384 
527.000 3.472 
528.000 3.569 
529.000 3.665 
530.000 3.748 
531.000 3.808 
532.000 3.839 
533.000 3.838 
534.000 3.806 
535.000 3.748 
536.000 3.673 
537.000 3.591 
538.000 3.512 
539.000 3.444 
540.000 3.396 
541.000 3.372 
542.000 3.373 
543.000 3.399 
544.000 3.444 
545.000 3.503 
546.000 3.568 
547.000 3.632 
548.000 3.687 
549.000 3.727 
550.000 3.747 
551.000 3.747 
552.000 3.726 
553.000 3.689 
554.000 3.640 
555.000 3.586 
556.000 3.534 
557.000 3.490 
558.000 3.458 
559.000 3.442 
560.000 3.443 
561.000 3.459 
562.000 3.488 
563.000 3.527 
564.000 3.570 
565.000 3.612 
566.000 3.648 
567.000 3.674 
568.000 3.687 
569.000 3.687 
570.000 3.674 
571.000 3.650 
572.000 3.618 
573.000 3.583 
574.000 3.549 
575.000 3.520 
576.000 3.499 
577.000 3.488 
578.000 3.488 
579.000 3.499 
580.000 3.518 
581.000 3.543 
582.000 3.571 
583.000 3.599 
584.000 3.622 
585.000 3.639 
586.000 3.648 
587.000 3.648 
588.000 3.640 
589.000 3.624 
590.000 3.603 
591.000 3.581 
592.000 3.558 
593.000 3.539 
594.000 3.526 
595.000 3.518 
596.000 3.518 
597.000 3.525 
598.000 3.538 
599.000 3.554 
600.000 3.573 
601.000 3.591 
602.000 3.606 
603.000 3.617 
604.000 3.623 
605.000 3.623 
606.000 3.676 
607.000 3.785 
608.000 3.929 
609.000 4.093 
610.000 4.264 
611.000 4.435 
612.000 4.599 
613.000 4.752 
614.000 4.892 
615.000 5.017 
616.000 5.127 
617.000 5.222 
618.000 5.303 
619.000 5.372 
620.000 5.428 
621.000 5.474 
622.000 5.512 
623.000 5.541 
624.000 5.564 
625.000 5.581 
626.000 5.594 
627.000 5.603 
628.000 5.609 
629.000 5.613 
630.000 5.615 
631.000 5.615 
632.000 5.615 
633.000 5.614 
634.000 5.613 
635.000 5.611 
636.000 5.609 
637.000 5.607 
638.000 5.605 
639.000 5.604 
640.000 5.602 
641.000 5.601 
642.000 5.600 
643.000 5.598 
644.000 5.598 
645.000 5.597 
646.000 5.596 
647.000 5.596 
648.000 5.595 
649.000 5.595 
650.000 5.595 
651.000 5.594 
652.000 5.594 
653.000 5.594 
654.000 5.594 
655.000 5.594 
656.000 5.594 
657.000 5.594 
658.000 5.594 
659.000 5.594 
660.000 5.594 
661.000 5.594 
662.000 5.594 
663.000 5.594 
664.000 5.594 
665.000 5.594 
666.000 5.594 
667.000 5.594 
668.000 5.594 
669.000 5.594 
670.000 5.594 
671.000 5.594 
672.000 5.594 
673.000 5.594 
674.000 5.594 
675.000 5.594 
676.000 5.594 
677.000 5.594 
678.000 5.594 
679.000 5.594 
680.000 5.594 
681.000 5.594 
682.000 5.594 
683.000 5.594 
684.000 5.594 
685.000 5.594 
686.000 5.594 
687.000 5.594 
688.000 5.594 
689.000 5.594 
690.000 5.594 
691.000 5.594 
692.000 5.594 
693.000 5.594 
694.000 5.594 
695.000 5.594 
696.000 5.594 
697.000 5.594 
698.000 5.594 
699.000 5.594 
700.000 5.594 
701.000 5.594 
702.000 5.594 
703.000 5.594 
704.000 5.594 
705.000 5.594 
706.000 5.594 
707.000 5.594 
708.000 5.594 
709.000 5.594 
710.000 5.594 
711.000 5.594 
712.000 5.594 
713.000 5.594 
714.000 5.594 
715.000 5.594 
716.000 5.594 
717.000 5.594 
718.000 5.594 
719.000 5.594 
720.000 5.594 
721.000 5.594 
722.000 5.594 
723.000 5.594 
724.000 5.594 
725.000 5.594 
726.000 5.594 
727.000 5.594 
728.000 5.594 
729.000 5.594 
730.000 5.594 
731.000 5.594 
732.000 5.594 
733.000 5.594 
734.000 5.594 
735.000 5.594 
736.000 5.594 
737.000 5.594 
738.000 5.594 
739.000 5.594 
740.000 5.594 
741.000 5.594 
742.000 5.594 
743.000 5.594 
744.000 5.594 
745.000 5.594 
746.000 5.594 
747.000 5.594 
748.000 5.594 
749.000 5.594 
750.000 5.594 
751.000 5.594 
752.000 5.594 
753.000 5.594 
754.000 5.594 
755.000 5.594 
756.000 5.594 
757.000 5.594 
758.000 5.594 
759.000 5.594 
760.000 5.594 
761.000 5.594 
762.000 5.594 
763.000 5.594 
764.000 5.594 
765.000 5.594 
766.000 5.594 
767.000 5.594 
768.000 5.594 
769.000 5.594 
770.000 5.594 
771.000 5.594 
772.000 5.594 
773.000 5.594 
774.000 5.594 
775.000 5.594 
776.000 5.594 
777.000 5.594 
778.000 5.594 
779.000 5.594 
780.000 5.594 
781.000 5.594 
782.000 5.594 
783.000 5.594 
784.000 5.594 
785.000 5.594 
786.000 5.594 
787.000 5.594 
788.000 5.594 
789.000 5.594 
790.000 5.594 
791.000 5.594 
792.000 5.594 
793.000 5.594 
794.000 5.594 
795.000 5.594 
796.000 5.594 
797.000 5.594 
798.000 5.594 
799.000 5.594 
800.000 5.594 
