1.000 0.000 
2.000 0.000 
3.000 0.000 
4.000 0.000 
5.000 0.000 
6.000 0.000 
7.000 0.000 
8.000 0.000 
9.000 0.000 
10.000 0.000 
11.000 0.000 
12.000 -0.002 
13.000 -0.006 
14.000 -0.011 
15.000 -0.016 
16.000 -0.020 
17.000 -0.022 
18.000 -0.023 
19.000 -0.022 
20.000 -0.022 
21.000 -0.021 
22.000 -0.021 
23.000 -0.021 
24.000 -0.022 
25.000 -0.024 
26.000 -0.026 
27.000 -0.028 
28.000 -0.029 
29.000 -0.031 
30.000 -0.032 
31.000 -0.033 
32.000 -0.033 
33.000 -0.034 
34.000 -0.034 
35.000 -0.035 
36.000 -0.036 
37.000 -0.037 
38.000 -0.038 
39.000 -0.039 
40.000 -0.040 
41.000 -0.041 
42.000 -0.041 
43.000 -0.042 
44.000 -0.043 
45.000 -0.044 
46.000 -0.044 
47.000 -0.045 
48.000 -0.046 
49.000 -0.046 
50.000 -0.047 
51.000 -0.048 
52.000 -0.048 
53.000 -0.049 
54.000 -0.050 
55.000 -0.050 
56.000 -0.051 
57.000 -0.052 
58.000 -0.052 
59.000 -0.053 
60.000 -0.053 
61.000 -0.054 
62.000 -0.054 
63.000 -0.055 
64.000 -0.055 
65.000 -0.056 
66.000 -0.057 
67.000 -0.057 
68.000 -0.058 
69.000 -0.058 
70.000 -0.059 
71.000 -0.059 
72.000 -0.060 
73.000 -0.060 
74.000 -0.061 
75.000 -0.061 
76.000 -0.061 
77.000 -0.062 
78.000 -0.062 
79.000 -0.063 
80.000 -0.063 
81.000 -0.064 
82.000 -0.064 
83.000 -0.065 
84.000 -0.065 
85.000 -0.065 
86.000 -0.066 
87.000 -0.066 
88.000 -0.067 
89.000 -0.067 
90.000 -0.067 
91.000 -0.068 
92.000 -0.068 
93.000 -0.068 
94.000 -0.069 
95.000 -0.069 
96.000 -0.070 
97.000 -0.070 
98.000 -0.070 
99.000 -0.071 
100.000 -0.071 
101.000 -0.071 
102.000 -0.072 
103.000 -0.072 
104.000 -0.072 
105.000 -0.073 
106.000 -0.073 
107.000 -0.073 
108.000 -0.073 
109.000 -0.074 
110.000 -0.074 
111.000 -0.074 
112.000 -0.075 
113.000 -0.075 
114.000 -0.075 
115.000 -0.076 
116.000 -0.076 
117.000 -0.076 
118.000 -0.076 
119.000 -0.077 
120.000 -0.077 
121.000 -0.077 
122.000 -0.078 
123.000 -0.078 
124.000 -0.078 
125.000 -0.078 
126.000 -0.078 
127.000 -0.078 
128.000 -0.077 
129.000 -0.077 
130.000 -0.076 
131.000 -0.076 
132.000 -0.076 
133.000 -0.077 
134.000 -0.077 
135.000 -0.077 
136.000 -0.078 
137.000 -0.078 
138.000 -0.078 
139.000 -0.078 
140.000 -0.077 
141.000 -0.077 
142.000 -0.077 
143.000 -0.077 
144.000 -0.077 
145.000 -0.077 
146.000 -0.077 
147.000 -0.077 
148.000 -0.077 
149.000 -0.077 
150.000 -0.077 
151.000 -0.077 
152.000 -0.077 
153.000 -0.077 
154.000 -0.077 
155.000 -0.077 
156.000 -0.077 
157.000 -0.077 
158.000 -0.077 
159.000 -0.078 
160.000 -0.078 
161.000 -0.078 
162.000 -0.078 
163.000 -0.078 
164.000 -0.078 
165.000 -0.078 
166.000 -0.078 
167.000 -0.078 
168.000 -0.078 
169.000 -0.078 
170.000 -0.078 
171.000 -0.078 
172.000 -0.078 
173.000 -0.078 
174.000 -0.078 
175.000 -0.078 
176.000 -0.078 
177.000 -0.078 
178.000 -0.078 
179.000 -0.078 
180.000 -0.078 
181.000 -0.078 
182.000 -0.078 
183.000 -0.078 
184.000 -0.078 
185.000 -0.078 
186.000 -0.078 
187.000 -0.078 
188.000 -0.078 
189.000 -0.078 
190.000 -0.078 
191.000 -0.078 
192.000 -0.078 
193.000 -0.078 
194.000 -0.078 
195.000 -0.078 
196.000 -0.078 
197.000 -0.078 
198.000 -0.078 
199.000 -0.078 
200.000 -0.078 
201.000 -0.078 
202.000 -0.078 
203.000 -0.078 
204.000 -0.078 
205.000 -0.078 
206.000 -0.078 
207.000 -0.078 
208.000 -0.078 
209.000 -0.078 
210.000 -0.078 
211.000 -0.078 
212.000 -0.078 
213.000 -0.078 
214.000 -0.078 
215.000 -0.078 
216.000 -0.078 
217.000 -0.078 
218.000 -0.078 
219.000 -0.078 
220.000 -0.078 
221.000 -0.078 
222.000 -0.078 
223.000 -0.078 
224.000 -0.078 
225.000 -0.078 
226.000 -0.078 
227.000 -0.078 
228.000 -0.078 
229.000 -0.078 
230.000 -0.078 
231.000 -0.078 
232.000 -0.078 
233.000 -0.078 
234.000 -0.078 
235.000 -0.078 
236.000 -0.078 
237.000 -0.078 
238.000 -0.078 
239.000 -0.078 
240.000 -0.078 
241.000 -0.078 
242.000 -0.078 
243.000 -0.078 
244.000 -0.078 
245.000 -0.078 
246.000 -0.077 
247.000 -0.073 
248.000 -0.066 
249.000 -0.059 
250.000 -0.054 
251.000 -0.051 
252.000 -0.051 
253.000 -0.051 
254.000 -0.053 
255.000 -0.053 
256.000 -0.053 
257.000 -0.052 
258.000 -0.050 
259.000 -0.046 
260.000 -0.043 
261.000 -0.039 
262.000 -0.035 
263.000 -0.032 
264.000 -0.029 
265.000 -0.027 
266.000 -0.025 
267.000 -0.023 
268.000 -0.021 
269.000 -0.019 
270.000 -0.016 
271.000 -0.013 
272.000 -0.010 
273.000 -0.006 
274.000 -0.003 
275.000 0.001 
276.000 0.004 
277.000 0.007 
278.000 0.010 
279.000 0.014 
280.000 0.017 
281.000 0.020 
282.000 0.023 
283.000 0.027 
284.000 0.030 
285.000 0.034 
286.000 0.037 
287.000 0.041 
288.000 0.044 
289.000 0.048 
290.000 0.052 
291.000 0.055 
292.000 0.059 
293.000 0.062 
294.000 0.066 
295.000 0.069 
296.000 0.073 
297.000 0.077 
298.000 0.080 
299.000 0.084 
300.000 0.087 
301.000 0.091 
302.000 0.095 
303.000 0.098 
304.000 0.102 
305.000 0.105 
306.000 0.108 
307.000 0.112 
308.000 0.115 
309.000 0.118 
310.000 0.122 
311.000 0.125 
312.000 0.128 
313.000 0.131 
314.000 0.135 
315.000 0.138 
316.000 0.141 
317.000 0.144 
318.000 0.147 
319.000 0.150 
320.000 0.152 
321.000 0.155 
322.000 0.158 
323.000 0.161 
324.000 0.163 
325.000 0.166 
326.000 0.169 
327.000 0.171 
328.000 0.174 
329.000 0.176 
330.000 0.178 
331.000 0.181 
332.000 0.183 
333.000 0.185 
334.000 0.187 
335.000 0.189 
336.000 0.192 
337.000 0.194 
338.000 0.195 
339.000 0.197 
340.000 0.199 
341.000 0.201 
342.000 0.203 
343.000 0.205 
344.000 0.206 
345.000 0.208 
346.000 0.210 
347.000 0.211 
348.000 0.213 
349.000 0.214 
350.000 0.216 
351.000 0.217 
352.000 0.218 
353.000 0.220 
354.000 0.221 
355.000 0.222 
356.000 0.223 
357.000 0.224 
358.000 0.226 
359.000 0.227 
360.000 0.228 
361.000 0.229 
362.000 0.230 
363.000 0.231 
364.000 0.232 
365.000 0.233 
366.000 0.252 
367.000 0.299 
368.000 0.368 
369.000 0.445 
370.000 0.520 
371.000 0.581 
372.000 0.621 
373.000 0.638 
374.000 0.633 
375.000 0.614 
376.000 0.588 
377.000 0.563 
378.000 0.545 
379.000 0.540 
380.000 0.547 
381.000 0.569 
382.000 0.601 
383.000 0.641 
384.000 0.684 
385.000 0.725 
386.000 0.759 
387.000 0.784 
388.000 0.798 
389.000 0.802 
390.000 0.798 
391.000 0.788 
392.000 0.776 
393.000 0.766 
394.000 0.760 
395.000 0.759 
396.000 0.765 
397.000 0.776 
398.000 0.792 
399.000 0.810 
400.000 0.829 
401.000 0.846 
402.000 0.860 
403.000 0.869 
404.000 0.873 
405.000 0.872 
406.000 0.868 
407.000 0.863 
408.000 0.856 
409.000 0.851 
410.000 0.848 
411.000 0.847 
412.000 0.849 
413.000 0.854 
414.000 0.861 
415.000 0.869 
416.000 0.877 
417.000 0.884 
418.000 0.889 
419.000 0.892 
420.000 0.893 
421.000 0.892 
422.000 0.890 
423.000 0.887 
424.000 0.883 
425.000 0.881 
426.000 0.879 
427.000 0.878 
428.000 0.879 
429.000 0.881 
430.000 0.884 
431.000 0.888 
432.000 0.891 
433.000 0.894 
434.000 0.896 
435.000 0.897 
436.000 0.897 
437.000 0.896 
438.000 0.895 
439.000 0.893 
440.000 0.892 
441.000 0.890 
442.000 0.890 
443.000 0.889 
444.000 0.890 
445.000 0.891 
446.000 0.892 
447.000 0.893 
448.000 0.895 
449.000 0.896 
450.000 0.897 
451.000 0.897 
452.000 0.897 
453.000 0.897 
454.000 0.896 
455.000 0.895 
456.000 0.895 
457.000 0.894 
458.000 0.894 
459.000 0.893 
460.000 0.894 
461.000 0.894 
462.000 0.895 
463.000 0.895 
464.000 0.896 
465.000 0.896 
466.000 0.897 
467.000 0.897 
468.000 0.897 
469.000 0.897 
470.000 0.896 
471.000 0.896 
472.000 0.895 
473.000 0.895 
474.000 0.895 
475.000 0.895 
476.000 0.895 
477.000 0.895 
478.000 0.895 
479.000 0.896 
480.000 0.896 
481.000 0.896 
482.000 0.896 
483.000 0.896 
484.000 0.896 
485.000 0.896 
486.000 0.987 
487.000 1.207 
488.000 1.526 
489.000 1.902 
490.000 2.306 
491.000 2.713 
492.000 3.109 
493.000 3.481 
494.000 3.824 
495.000 4.130 
496.000 4.363 
497.000 4.496 
498.000 4.525 
499.000 4.468 
500.000 4.348 
501.000 4.192 
502.000 4.025 
503.000 3.868 
504.000 3.738 
505.000 3.645 
506.000 3.594 
507.000 3.585 
508.000 3.613 
509.000 3.668 
510.000 3.741 
511.000 3.819 
512.000 3.890 
513.000 3.943 
514.000 3.971 
515.000 3.970 
516.000 3.938 
517.000 3.878 
518.000 3.799 
519.000 3.708 
520.000 3.615 
521.000 3.529 
522.000 3.459 
523.000 3.410 
524.000 3.385 
525.000 3.386 
526.000 3.408 
527.000 3.450 
528.000 3.503 
529.000 3.562 
530.000 3.620 
531.000 3.670 
532.000 3.707 
533.000 3.728 
534.000 3.731 
535.000 3.717 
536.000 3.688 
537.000 3.649 
538.000 3.605 
539.000 3.560 
540.000 3.521 
541.000 3.490 
542.000 3.472 
543.000 3.466 
544.000 3.472 
545.000 3.490 
546.000 3.516 
547.000 3.548 
548.000 3.580 
549.000 3.610 
550.000 3.635 
551.000 3.652 
552.000 3.659 
553.000 3.657 
554.000 3.646 
555.000 3.628 
556.000 3.605 
557.000 3.581 
558.000 3.558 
559.000 3.539 
560.000 3.525 
561.000 3.517 
562.000 3.517 
563.000 3.523 
564.000 3.535 
565.000 3.550 
566.000 3.568 
567.000 3.585 
568.000 3.600 
569.000 3.612 
570.000 3.619 
571.000 3.620 
572.000 3.617 
573.000 3.610 
574.000 3.599 
575.000 3.587 
576.000 3.574 
577.000 3.562 
578.000 3.553 
579.000 3.546 
580.000 3.544 
581.000 3.545 
582.000 3.550 
583.000 3.557 
584.000 3.566 
585.000 3.575 
586.000 3.584 
587.000 3.592 
588.000 3.597 
589.000 3.599 
590.000 3.599 
591.000 3.597 
592.000 3.592 
593.000 3.586 
594.000 3.579 
595.000 3.572 
596.000 3.566 
597.000 3.562 
598.000 3.559 
599.000 3.559 
600.000 3.560 
601.000 3.563 
602.000 3.568 
603.000 3.572 
604.000 3.577 
605.000 3.582 
606.000 3.640 
607.000 3.754 
608.000 3.903 
609.000 4.071 
610.000 4.247 
611.000 4.421 
612.000 4.588 
613.000 4.744 
614.000 4.886 
615.000 5.012 
616.000 5.123 
617.000 5.220 
618.000 5.302 
619.000 5.371 
620.000 5.428 
621.000 5.475 
622.000 5.512 
623.000 5.542 
624.000 5.565 
625.000 5.582 
626.000 5.595 
627.000 5.604 
628.000 5.610 
629.000 5.613 
630.000 5.615 
631.000 5.616 
632.000 5.615 
633.000 5.614 
634.000 5.613 
635.000 5.611 
636.000 5.609 
637.000 5.607 
638.000 5.606 
639.000 5.604 
640.000 5.602 
641.000 5.601 
642.000 5.600 
643.000 5.599 
644.000 5.598 
645.000 5.597 
646.000 5.596 
647.000 5.596 
648.000 5.595 
649.000 5.595 
650.000 5.595 
651.000 5.594 
652.000 5.594 
653.000 5.594 
654.000 5.594 
655.000 5.594 
656.000 5.594 
657.000 5.594 
658.000 5.594 
659.000 5.594 
660.000 5.594 
661.000 5.594 
662.000 5.594 
663.000 5.594 
664.000 5.594 
665.000 5.594 
666.000 5.594 
667.000 5.594 
668.000 5.594 
669.000 5.594 
670.000 5.594 
671.000 5.594 
672.000 5.594 
673.000 5.594 
674.000 5.594 
675.000 5.594 
676.000 5.594 
677.000 5.594 
678.000 5.594 
679.000 5.594 
680.000 5.594 
681.000 5.594 
682.000 5.594 
683.000 5.594 
684.000 5.594 
685.000 5.594 
686.000 5.594 
687.000 5.594 
688.000 5.594 
689.000 5.594 
690.000 5.594 
691.000 5.594 
692.000 5.594 
693.000 5.594 
694.000 5.594 
695.000 5.594 
696.000 5.594 
697.000 5.594 
698.000 5.594 
699.000 5.594 
700.000 5.594 
701.000 5.594 
702.000 5.594 
703.000 5.594 
704.000 5.594 
705.000 5.594 
706.000 5.594 
707.000 5.594 
708.000 5.594 
709.000 5.594 
710.000 5.594 
711.000 5.594 
712.000 5.594 
713.000 5.594 
714.000 5.594 
715.000 5.594 
716.000 5.594 
717.000 5.594 
718.000 5.594 
719.000 5.594 
720.000 5.594 
721.000 5.594 
722.000 5.594 
723.000 5.594 
724.000 5.594 
725.000 5.594 
726.000 5.594 
727.000 5.594 
728.000 5.594 
729.000 5.594 
730.000 5.594 
731.000 5.594 
732.000 5.594 
733.000 5.594 
734.000 5.594 
735.000 5.594 
736.000 5.594 
737.000 5.594 
738.000 5.594 
739.000 5.594 
740.000 5.594 
741.000 5.594 
742.000 5.594 
743.000 5.594 
744.000 5.594 
745.000 5.594 
746.000 5.594 
747.000 5.594 
748.000 5.594 
749.000 5.594 
750.000 5.594 
751.000 5.594 
752.000 5.594 
753.000 5.594 
754.000 5.594 
755.000 5.594 
756.000 5.594 
757.000 5.594 
758.000 5.594 
759.000 5.594 
760.000 5.594 
761.000 5.594 
762.000 5.594 
763.000 5.594 
764.000 5.594 
765.000 5.594 
766.000 5.594 
767.000 5.594 
768.000 5.594 
769.000 5.594 
770.000 5.594 
771.000 5.594 
772.000 5.594 
773.000 5.594 
774.000 5.594 
775.000 5.594 
776.000 5.594 
777.000 5.594 
778.000 5.594 
779.000 5.594 
780.000 5.594 
781.000 5.594 
782.000 5.594 
783.000 5.594 
784.000 5.594 
785.000 5.594 
786.000 5.594 
787.000 5.594 
788.000 5.594 
789.000 5.594 
790.000 5.594 
791.000 5.594 
792.000 5.594 
793.000 5.594 
794.000 5.594 
795.000 5.594 
796.000 5.594 
797.000 5.594 
798.000 5.594 
799.000 5.594 
800.000 5.594 
