1.000 0.000 
2.000 0.000 
3.000 0.000 
4.000 0.000 
5.000 0.000 
6.000 0.000 
7.000 0.000 
8.000 0.000 
9.000 0.000 
10.000 0.000 
11.000 0.000 
12.000 -0.002 
13.000 -0.008 
14.000 -0.014 
15.000 -0.020 
16.000 -0.024 
17.000 -0.026 
18.000 -0.026 
19.000 -0.024 
20.000 -0.022 
21.000 -0.021 
22.000 -0.020 
23.000 -0.021 
24.000 -0.023 
25.000 -0.026 
26.000 -0.029 
27.000 -0.032 
28.000 -0.033 
29.000 -0.035 
30.000 -0.035 
31.000 -0.035 
32.000 -0.035 
33.000 -0.036 
34.000 -0.036 
35.000 -0.037 
36.000 -0.038 
37.000 -0.040 
38.000 -0.041 
39.000 -0.042 
40.000 -0.043 
41.000 -0.044 
42.000 -0.045 
43.000 -0.045 
44.000 -0.046 
45.000 -0.046 
46.000 -0.047 
47.000 -0.048 
48.000 -0.048 
49.000 -0.049 
50.000 -0.050 
51.000 -0.051 
52.000 -0.052 
53.000 -0.052 
54.000 -0.053 
55.000 -0.053 
56.000 -0.054 
57.000 -0.055 
58.000 -0.055 
59.000 -0.056 
60.000 -0.056 
61.000 -0.057 
62.000 -0.058 
63.000 -0.058 
64.000 -0.059 
65.000 -0.059 
66.000 -0.060 
67.000 -0.060 
68.000 -0.061 
69.000 -0.061 
70.000 -0.062 
71.000 -0.062 
72.000 -0.063 
73.000 -0.063 
74.000 -0.064 
75.000 -0.064 
76.000 -0.065 
77.000 -0.065 
78.000 -0.066 
79.000 -0.066 
80.000 -0.066 
81.000 -0.067 
82.000 -0.067 
83.000 -0.068 
84.000 -0.068 
85.000 -0.068 
86.000 -0.069 
87.000 -0.069 
88.000 -0.070 
89.000 -0.070 
90.000 -0.070 
91.000 -0.071 
92.000 -0.071 
93.000 -0.072 
94.000 -0.072 
95.000 -0.072 
96.000 -0.073 
97.000 -0.073 
98.000 -0.073 
99.000 -0.074 
100.000 -0.074 
101.000 -0.074 
102.000 -0.075 
103.000 -0.075 
104.000 -0.075 
105.000 -0.076 
106.000 -0.076 
107.000 -0.076 
108.000 -0.077 
109.000 -0.077 
110.000 -0.077 
111.000 -0.077 
112.000 -0.078 
113.000 -0.078 
114.000 -0.078 
115.000 -0.079 
116.000 -0.079 
117.000 -0.079 
118.000 -0.079 
119.000 -0.080 
120.000 -0.080 
121.000 -0.080 
122.000 -0.080 
123.000 -0.081 
124.000 -0.081 
125.000 -0.081 
126.000 -0.081 
127.000 -0.081 
128.000 -0.080 
129.000 -0.079 
130.000 -0.079 
131.000 -0.079 
132.000 -0.079 
133.000 -0.079 
134.000 -0.080 
135.000 -0.080 
136.000 -0.081 
137.000 -0.081 
138.000 -0.080 
139.000 -0.080 
140.000 -0.080 
141.000 -0.080 
142.000 -0.080 
143.000 -0.080 
144.000 -0.080 
145.000 -0.080 
146.000 -0.080 
147.000 -0.080 
148.000 -0.080 
149.000 -0.080 
150.000 -0.080 
151.000 -0.080 
152.000 -0.080 
153.000 -0.080 
154.000 -0.080 
155.000 -0.080 
156.000 -0.080 
157.000 -0.080 
158.000 -0.080 
159.000 -0.080 
160.000 -0.080 
161.000 -0.080 
162.000 -0.080 
163.000 -0.080 
164.000 -0.080 
165.000 -0.080 
166.000 -0.080 
167.000 -0.080 
168.000 -0.080 
169.000 -0.080 
170.000 -0.080 
171.000 -0.080 
172.000 -0.080 
173.000 -0.080 
174.000 -0.080 
175.000 -0.080 
176.000 -0.080 
177.000 -0.080 
178.000 -0.080 
179.000 -0.080 
180.000 -0.080 
181.000 -0.080 
182.000 -0.080 
183.000 -0.080 
184.000 -0.080 
185.000 -0.080 
186.000 -0.080 
187.000 -0.080 
188.000 -0.080 
189.000 -0.080 
190.000 -0.080 
191.000 -0.080 
192.000 -0.080 
193.000 -0.080 
194.000 -0.080 
195.000 -0.080 
196.000 -0.080 
197.000 -0.080 
198.000 -0.080 
199.000 -0.080 
200.000 -0.080 
201.000 -0.080 
202.000 -0.080 
203.000 -0.080 
204.000 -0.080 
205.000 -0.080 
206.000 -0.080 
207.000 -0.080 
208.000 -0.080 
209.000 -0.080 
210.000 -0.080 
211.000 -0.080 
212.000 -0.080 
213.000 -0.080 
214.000 -0.080 
215.000 -0.080 
216.000 -0.080 
217.000 -0.080 
218.000 -0.080 
219.000 -0.080 
220.000 -0.080 
221.000 -0.080 
222.000 -0.080 
223.000 -0.080 
224.000 -0.080 
225.000 -0.080 
226.000 -0.080 
227.000 -0.080 
228.000 -0.080 
229.000 -0.080 
230.000 -0.080 
231.000 -0.080 
232.000 -0.080 
233.000 -0.080 
234.000 -0.080 
235.000 -0.080 
236.000 -0.080 
237.000 -0.080 
238.000 -0.080 
239.000 -0.080 
240.000 -0.080 
241.000 -0.080 
242.000 -0.080 
243.000 -0.080 
244.000 -0.080 
245.000 -0.080 
246.000 -0.079 
247.000 -0.072 
248.000 -0.063 
249.000 -0.055 
250.000 -0.049 
251.000 -0.047 
252.000 -0.048 
253.000 -0.051 
254.000 -0.054 
255.000 -0.056 
256.000 -0.055 
257.000 -0.053 
258.000 -0.049 
259.000 -0.043 
260.000 -0.038 
261.000 -0.032 
262.000 -0.028 
263.000 -0.025 
264.000 -0.024 
265.000 -0.023 
266.000 -0.022 
267.000 -0.021 
268.000 -0.018 
269.000 -0.015 
270.000 -0.011 
271.000 -0.006 
272.000 -0.001 
273.000 0.003 
274.000 0.007 
275.000 0.011 
276.000 0.014 
277.000 0.017 
278.000 0.019 
279.000 0.022 
280.000 0.025 
281.000 0.029 
282.000 0.033 
283.000 0.038 
284.000 0.042 
285.000 0.047 
286.000 0.051 
287.000 0.055 
288.000 0.059 
289.000 0.062 
290.000 0.066 
291.000 0.069 
292.000 0.073 
293.000 0.077 
294.000 0.081 
295.000 0.085 
296.000 0.089 
297.000 0.093 
298.000 0.097 
299.000 0.101 
300.000 0.105 
301.000 0.109 
302.000 0.112 
303.000 0.116 
304.000 0.119 
305.000 0.122 
306.000 0.126 
307.000 0.130 
308.000 0.133 
309.000 0.137 
310.000 0.140 
311.000 0.143 
312.000 0.147 
313.000 0.150 
314.000 0.153 
315.000 0.156 
316.000 0.159 
317.000 0.162 
318.000 0.164 
319.000 0.167 
320.000 0.170 
321.000 0.173 
322.000 0.176 
323.000 0.178 
324.000 0.181 
325.000 0.183 
326.000 0.186 
327.000 0.188 
328.000 0.190 
329.000 0.192 
330.000 0.194 
331.000 0.197 
332.000 0.199 
333.000 0.201 
334.000 0.203 
335.000 0.204 
336.000 0.206 
337.000 0.208 
338.000 0.210 
339.000 0.212 
340.000 0.213 
341.000 0.215 
342.000 0.216 
343.000 0.218 
344.000 0.219 
345.000 0.221 
346.000 0.222 
347.000 0.223 
348.000 0.225 
349.000 0.226 
350.000 0.227 
351.000 0.228 
352.000 0.229 
353.000 0.230 
354.000 0.231 
355.000 0.232 
356.000 0.233 
357.000 0.234 
358.000 0.235 
359.000 0.236 
360.000 0.237 
361.000 0.238 
362.000 0.239 
363.000 0.239 
364.000 0.240 
365.000 0.241 
366.000 0.266 
367.000 0.328 
368.000 0.418 
369.000 0.519 
370.000 0.612 
371.000 0.681 
372.000 0.713 
373.000 0.708 
374.000 0.672 
375.000 0.620 
376.000 0.566 
377.000 0.523 
378.000 0.500 
379.000 0.503 
380.000 0.532 
381.000 0.584 
382.000 0.652 
383.000 0.725 
384.000 0.792 
385.000 0.844 
386.000 0.873 
387.000 0.877 
388.000 0.858 
389.000 0.822 
390.000 0.781 
391.000 0.742 
392.000 0.715 
393.000 0.703 
394.000 0.710 
395.000 0.734 
396.000 0.772 
397.000 0.817 
398.000 0.863 
399.000 0.902 
400.000 0.928 
401.000 0.937 
402.000 0.930 
403.000 0.909 
404.000 0.880 
405.000 0.848 
406.000 0.821 
407.000 0.802 
408.000 0.796 
409.000 0.802 
410.000 0.820 
411.000 0.847 
412.000 0.877 
413.000 0.905 
414.000 0.928 
415.000 0.941 
416.000 0.942 
417.000 0.933 
418.000 0.915 
419.000 0.893 
420.000 0.871 
421.000 0.852 
422.000 0.840 
423.000 0.838 
424.000 0.844 
425.000 0.857 
426.000 0.876 
427.000 0.896 
428.000 0.914 
429.000 0.928 
430.000 0.934 
431.000 0.932 
432.000 0.924 
433.000 0.910 
434.000 0.894 
435.000 0.879 
436.000 0.867 
437.000 0.860 
438.000 0.859 
439.000 0.865 
440.000 0.875 
441.000 0.888 
442.000 0.902 
443.000 0.914 
444.000 0.921 
445.000 0.924 
446.000 0.922 
447.000 0.914 
448.000 0.904 
449.000 0.893 
450.000 0.883 
451.000 0.875 
452.000 0.872 
453.000 0.872 
454.000 0.877 
455.000 0.885 
456.000 0.894 
457.000 0.903 
458.000 0.910 
459.000 0.915 
460.000 0.916 
461.000 0.913 
462.000 0.907 
463.000 0.900 
464.000 0.892 
465.000 0.886 
466.000 0.881 
467.000 0.879 
468.000 0.880 
469.000 0.884 
470.000 0.890 
471.000 0.896 
472.000 0.902 
473.000 0.907 
474.000 0.910 
475.000 0.909 
476.000 0.907 
477.000 0.903 
478.000 0.898 
479.000 0.892 
480.000 0.888 
481.000 0.885 
482.000 0.885 
483.000 0.886 
484.000 0.889 
485.000 0.893 
486.000 1.010 
487.000 1.262 
488.000 1.601 
489.000 1.990 
490.000 2.398 
491.000 2.806 
492.000 3.199 
493.000 3.565 
494.000 3.900 
495.000 4.200 
496.000 4.465 
497.000 4.675 
498.000 4.767 
499.000 4.713 
500.000 4.541 
501.000 4.305 
502.000 4.059 
503.000 3.844 
504.000 3.691 
505.000 3.616 
506.000 3.623 
507.000 3.699 
508.000 3.824 
509.000 3.977 
510.000 4.146 
511.000 4.313 
512.000 4.448 
513.000 4.524 
514.000 4.523 
515.000 4.443 
516.000 4.291 
517.000 4.089 
518.000 3.863 
519.000 3.642 
520.000 3.451 
521.000 3.311 
522.000 3.234 
523.000 3.225 
524.000 3.278 
525.000 3.385 
526.000 3.528 
527.000 3.685 
528.000 3.836 
529.000 3.957 
530.000 4.032 
531.000 4.048 
532.000 4.003 
533.000 3.904 
534.000 3.766 
535.000 3.610 
536.000 3.457 
537.000 3.329 
538.000 3.240 
539.000 3.200 
540.000 3.213 
541.000 3.274 
542.000 3.374 
543.000 3.500 
544.000 3.635 
545.000 3.760 
546.000 3.859 
547.000 3.918 
548.000 3.930 
549.000 3.893 
550.000 3.814 
551.000 3.705 
552.000 3.583 
553.000 3.466 
554.000 3.368 
555.000 3.302 
556.000 3.275 
557.000 3.290 
558.000 3.342 
559.000 3.425 
560.000 3.527 
561.000 3.634 
562.000 3.731 
563.000 3.806 
564.000 3.849 
565.000 3.853 
566.000 3.820 
567.000 3.755 
568.000 3.668 
569.000 3.571 
570.000 3.479 
571.000 3.404 
572.000 3.354 
573.000 3.337 
574.000 3.352 
575.000 3.396 
576.000 3.464 
577.000 3.546 
578.000 3.630 
579.000 3.706 
580.000 3.763 
581.000 3.793 
582.000 3.793 
583.000 3.764 
584.000 3.710 
585.000 3.640 
586.000 3.563 
587.000 3.492 
588.000 3.434 
589.000 3.397 
590.000 3.386 
591.000 3.401 
592.000 3.439 
593.000 3.494 
594.000 3.559 
595.000 3.626 
596.000 3.684 
597.000 3.727 
598.000 3.748 
599.000 3.746 
600.000 3.720 
601.000 3.676 
602.000 3.620 
603.000 3.559 
604.000 3.503 
605.000 3.459 
606.000 3.486 
607.000 3.583 
608.000 3.726 
609.000 3.897 
610.000 4.081 
611.000 4.267 
612.000 4.448 
613.000 4.619 
614.000 4.776 
615.000 4.918 
616.000 5.043 
617.000 5.153 
618.000 5.246 
619.000 5.326 
620.000 5.392 
621.000 5.446 
622.000 5.490 
623.000 5.525 
624.000 5.552 
625.000 5.573 
626.000 5.589 
627.000 5.600 
628.000 5.608 
629.000 5.613 
630.000 5.616 
631.000 5.617 
632.000 5.617 
633.000 5.616 
634.000 5.615 
635.000 5.613 
636.000 5.611 
637.000 5.609 
638.000 5.607 
639.000 5.605 
640.000 5.603 
641.000 5.602 
642.000 5.600 
643.000 5.599 
644.000 5.598 
645.000 5.597 
646.000 5.597 
647.000 5.596 
648.000 5.595 
649.000 5.595 
650.000 5.595 
651.000 5.594 
652.000 5.594 
653.000 5.594 
654.000 5.594 
655.000 5.594 
656.000 5.594 
657.000 5.594 
658.000 5.594 
659.000 5.594 
660.000 5.594 
661.000 5.594 
662.000 5.594 
663.000 5.594 
664.000 5.594 
665.000 5.594 
666.000 5.594 
667.000 5.594 
668.000 5.594 
669.000 5.594 
670.000 5.594 
671.000 5.594 
672.000 5.594 
673.000 5.594 
674.000 5.594 
675.000 5.594 
676.000 5.594 
677.000 5.594 
678.000 5.594 
679.000 5.594 
680.000 5.594 
681.000 5.594 
682.000 5.594 
683.000 5.594 
684.000 5.594 
685.000 5.594 
686.000 5.594 
687.000 5.594 
688.000 5.594 
689.000 5.594 
690.000 5.594 
691.000 5.594 
692.000 5.594 
693.000 5.594 
694.000 5.594 
695.000 5.594 
696.000 5.594 
697.000 5.594 
698.000 5.594 
699.000 5.594 
700.000 5.594 
701.000 5.594 
702.000 5.594 
703.000 5.594 
704.000 5.594 
705.000 5.594 
706.000 5.594 
707.000 5.594 
708.000 5.594 
709.000 5.594 
710.000 5.594 
711.000 5.594 
712.000 5.594 
713.000 5.594 
714.000 5.594 
715.000 5.594 
716.000 5.594 
717.000 5.594 
718.000 5.594 
719.000 5.594 
720.000 5.594 
721.000 5.594 
722.000 5.594 
723.000 5.594 
724.000 5.594 
725.000 5.594 
726.000 5.594 
727.000 5.594 
728.000 5.594 
729.000 5.594 
730.000 5.594 
731.000 5.594 
732.000 5.594 
733.000 5.594 
734.000 5.594 
735.000 5.594 
736.000 5.594 
737.000 5.594 
738.000 5.594 
739.000 5.594 
740.000 5.594 
741.000 5.594 
742.000 5.594 
743.000 5.594 
744.000 5.594 
745.000 5.594 
746.000 5.594 
747.000 5.594 
748.000 5.594 
749.000 5.594 
750.000 5.594 
751.000 5.594 
752.000 5.594 
753.000 5.594 
754.000 5.594 
755.000 5.594 
756.000 5.594 
757.000 5.594 
758.000 5.594 
759.000 5.594 
760.000 5.594 
761.000 5.594 
762.000 5.594 
763.000 5.594 
764.000 5.594 
765.000 5.594 
766.000 5.594 
767.000 5.594 
768.000 5.594 
769.000 5.594 
770.000 5.594 
771.000 5.594 
772.000 5.594 
773.000 5.594 
774.000 5.594 
775.000 5.594 
776.000 5.594 
777.000 5.594 
778.000 5.594 
779.000 5.594 
780.000 5.594 
781.000 5.594 
782.000 5.594 
783.000 5.594 
784.000 5.594 
785.000 5.594 
786.000 5.594 
787.000 5.594 
788.000 5.594 
789.000 5.594 
790.000 5.594 
791.000 5.594 
792.000 5.594 
793.000 5.594 
794.000 5.594 
795.000 5.594 
796.000 5.594 
797.000 5.594 
798.000 5.594 
799.000 5.594 
800.000 5.594 
