1.000 0.000 
2.000 0.000 
3.000 0.000 
4.000 0.000 
5.000 0.000 
6.000 0.000 
7.000 0.000 
8.000 0.000 
9.000 0.000 
10.000 0.000 
11.000 0.000 
12.000 -0.002 
13.000 -0.006 
14.000 -0.011 
15.000 -0.016 
16.000 -0.019 
17.000 -0.021 
18.000 -0.022 
19.000 -0.021 
20.000 -0.021 
21.000 -0.020 
22.000 -0.020 
23.000 -0.021 
24.000 -0.022 
25.000 -0.024 
26.000 -0.025 
27.000 -0.027 
28.000 -0.029 
29.000 -0.030 
30.000 -0.031 
31.000 -0.032 
32.000 -0.032 
33.000 -0.033 
34.000 -0.034 
35.000 -0.034 
36.000 -0.035 
37.000 -0.036 
38.000 -0.037 
39.000 -0.038 
40.000 -0.039 
41.000 -0.040 
42.000 -0.041 
43.000 -0.041 
44.000 -0.042 
45.000 -0.043 
46.000 -0.043 
47.000 -0.044 
48.000 -0.045 
49.000 -0.046 
50.000 -0.046 
51.000 -0.047 
52.000 -0.048 
53.000 -0.048 
54.000 -0.049 
55.000 -0.049 
56.000 -0.050 
57.000 -0.051 
58.000 -0.051 
59.000 -0.052 
60.000 -0.052 
61.000 -0.053 
62.000 -0.054 
63.000 -0.054 
64.000 -0.055 
65.000 -0.055 
66.000 -0.056 
67.000 -0.056 
68.000 -0.057 
69.000 -0.057 
70.000 -0.058 
71.000 -0.058 
72.000 -0.059 
73.000 -0.059 
74.000 -0.060 
75.000 -0.060 
76.000 -0.061 
77.000 -0.061 
78.000 -0.062 
79.000 -0.062 
80.000 -0.062 
81.000 -0.063 
82.000 -0.063 
83.000 -0.064 
84.000 -0.064 
85.000 -0.064 
86.000 -0.065 
87.000 -0.065 
88.000 -0.066 
89.000 -0.066 
90.000 -0.066 
91.000 -0.067 
92.000 -0.067 
93.000 -0.068 
94.000 -0.068 
95.000 -0.068 
96.000 -0.069 
97.000 -0.069 
98.000 -0.069 
99.000 -0.070 
100.000 -0.070 
101.000 -0.070 
102.000 -0.071 
103.000 -0.071 
104.000 -0.071 
105.000 -0.072 
106.000 -0.072 
107.000 -0.072 
108.000 -0.073 
109.000 -0.073 
110.000 -0.073 
111.000 -0.074 
112.000 -0.074 
113.000 -0.074 
114.000 -0.074 
115.000 -0.075 
116.000 -0.075 
117.000 -0.075 
118.000 -0.076 
119.000 -0.076 
120.000 -0.076 
121.000 -0.076 
122.000 -0.077 
123.000 -0.077 
124.000 -0.077 
125.000 -0.077 
126.000 -0.078 
127.000 -0.077 
128.000 -0.076 
129.000 -0.076 
130.000 -0.075 
131.000 -0.075 
132.000 -0.076 
133.000 -0.076 
134.000 -0.076 
135.000 -0.077 
136.000 -0.077 
137.000 -0.077 
138.000 -0.077 
139.000 -0.077 
140.000 -0.077 
141.000 -0.076 
142.000 -0.076 
143.000 -0.076 
144.000 -0.076 
145.000 -0.077 
146.000 -0.077 
147.000 -0.077 
148.000 -0.077 
149.000 -0.077 
150.000 -0.077 
151.000 -0.077 
152.000 -0.077 
153.000 -0.077 
154.000 -0.077 
155.000 -0.077 
156.000 -0.077 
157.000 -0.077 
158.000 -0.077 
159.000 -0.077 
160.000 -0.077 
161.000 -0.077 
162.000 -0.077 
163.000 -0.077 
164.000 -0.077 
165.000 -0.077 
166.000 -0.077 
167.000 -0.077 
168.000 -0.077 
169.000 -0.077 
170.000 -0.077 
171.000 -0.077 
172.000 -0.077 
173.000 -0.077 
174.000 -0.077 
175.000 -0.077 
176.000 -0.077 
177.000 -0.077 
178.000 -0.077 
179.000 -0.077 
180.000 -0.077 
181.000 -0.077 
182.000 -0.077 
183.000 -0.077 
184.000 -0.077 
185.000 -0.077 
186.000 -0.077 
187.000 -0.077 
188.000 -0.077 
189.000 -0.077 
190.000 -0.077 
191.000 -0.077 
192.000 -0.077 
193.000 -0.077 
194.000 -0.077 
195.000 -0.077 
196.000 -0.077 
197.000 -0.077 
198.000 -0.077 
199.000 -0.077 
200.000 -0.077 
201.000 -0.077 
202.000 -0.077 
203.000 -0.077 
204.000 -0.077 
205.000 -0.077 
206.000 -0.077 
207.000 -0.077 
208.000 -0.077 
209.000 -0.077 
210.000 -0.077 
211.000 -0.077 
212.000 -0.077 
213.000 -0.077 
214.000 -0.077 
215.000 -0.077 
216.000 -0.077 
217.000 -0.077 
218.000 -0.077 
219.000 -0.078 
220.000 -0.078 
221.000 -0.078 
222.000 -0.078 
223.000 -0.078 
224.000 -0.078 
225.000 -0.078 
226.000 -0.078 
227.000 -0.078 
228.000 -0.078 
229.000 -0.078 
230.000 -0.078 
231.000 -0.078 
232.000 -0.078 
233.000 -0.078 
234.000 -0.078 
235.000 -0.078 
236.000 -0.078 
237.000 -0.078 
238.000 -0.078 
239.000 -0.078 
240.000 -0.078 
241.000 -0.078 
242.000 -0.078 
243.000 -0.078 
244.000 -0.078 
245.000 -0.078 
246.000 -0.077 
247.000 -0.072 
248.000 -0.065 
249.000 -0.059 
250.000 -0.054 
251.000 -0.052 
252.000 -0.052 
253.000 -0.052 
254.000 -0.053 
255.000 -0.054 
256.000 -0.053 
257.000 -0.052 
258.000 -0.049 
259.000 -0.046 
260.000 -0.042 
261.000 -0.039 
262.000 -0.036 
263.000 -0.033 
264.000 -0.031 
265.000 -0.028 
266.000 -0.026 
267.000 -0.024 
268.000 -0.022 
269.000 -0.020 
270.000 -0.017 
271.000 -0.014 
272.000 -0.011 
273.000 -0.008 
274.000 -0.004 
275.000 -0.001 
276.000 0.002 
277.000 0.005 
278.000 0.008 
279.000 0.011 
280.000 0.014 
281.000 0.017 
282.000 0.021 
283.000 0.024 
284.000 0.027 
285.000 0.031 
286.000 0.034 
287.000 0.038 
288.000 0.041 
289.000 0.045 
290.000 0.048 
291.000 0.052 
292.000 0.055 
293.000 0.059 
294.000 0.062 
295.000 0.065 
296.000 0.069 
297.000 0.073 
298.000 0.076 
299.000 0.080 
300.000 0.083 
301.000 0.087 
302.000 0.090 
303.000 0.093 
304.000 0.097 
305.000 0.100 
306.000 0.104 
307.000 0.107 
308.000 0.110 
309.000 0.114 
310.000 0.117 
311.000 0.120 
312.000 0.123 
313.000 0.126 
314.000 0.130 
315.000 0.133 
316.000 0.136 
317.000 0.139 
318.000 0.142 
319.000 0.145 
320.000 0.147 
321.000 0.150 
322.000 0.153 
323.000 0.156 
324.000 0.158 
325.000 0.161 
326.000 0.164 
327.000 0.166 
328.000 0.169 
329.000 0.171 
330.000 0.174 
331.000 0.176 
332.000 0.178 
333.000 0.181 
334.000 0.183 
335.000 0.185 
336.000 0.187 
337.000 0.189 
338.000 0.191 
339.000 0.193 
340.000 0.195 
341.000 0.197 
342.000 0.199 
343.000 0.201 
344.000 0.202 
345.000 0.204 
346.000 0.206 
347.000 0.207 
348.000 0.209 
349.000 0.210 
350.000 0.212 
351.000 0.213 
352.000 0.215 
353.000 0.216 
354.000 0.217 
355.000 0.219 
356.000 0.220 
357.000 0.221 
358.000 0.222 
359.000 0.224 
360.000 0.225 
361.000 0.226 
362.000 0.227 
363.000 0.228 
364.000 0.229 
365.000 0.230 
366.000 0.250 
367.000 0.298 
368.000 0.366 
369.000 0.440 
370.000 0.510 
371.000 0.564 
372.000 0.599 
373.000 0.612 
374.000 0.607 
375.000 0.590 
376.000 0.569 
377.000 0.550 
378.000 0.540 
379.000 0.540 
380.000 0.552 
381.000 0.575 
382.000 0.607 
383.000 0.644 
384.000 0.681 
385.000 0.715 
386.000 0.743 
387.000 0.763 
388.000 0.774 
389.000 0.778 
390.000 0.775 
391.000 0.770 
392.000 0.764 
393.000 0.760 
394.000 0.759 
395.000 0.763 
396.000 0.771 
397.000 0.783 
398.000 0.797 
399.000 0.812 
400.000 0.826 
401.000 0.838 
402.000 0.848 
403.000 0.854 
404.000 0.857 
405.000 0.858 
406.000 0.856 
407.000 0.853 
408.000 0.851 
409.000 0.850 
410.000 0.849 
411.000 0.851 
412.000 0.854 
413.000 0.859 
414.000 0.864 
415.000 0.870 
416.000 0.875 
417.000 0.879 
418.000 0.883 
419.000 0.884 
420.000 0.885 
421.000 0.885 
422.000 0.884 
423.000 0.882 
424.000 0.881 
425.000 0.881 
426.000 0.881 
427.000 0.881 
428.000 0.883 
429.000 0.884 
430.000 0.886 
431.000 0.888 
432.000 0.890 
433.000 0.892 
434.000 0.893 
435.000 0.893 
436.000 0.893 
437.000 0.893 
438.000 0.892 
439.000 0.892 
440.000 0.891 
441.000 0.891 
442.000 0.891 
443.000 0.891 
444.000 0.892 
445.000 0.892 
446.000 0.893 
447.000 0.894 
448.000 0.894 
449.000 0.895 
450.000 0.895 
451.000 0.895 
452.000 0.895 
453.000 0.895 
454.000 0.895 
455.000 0.895 
456.000 0.894 
457.000 0.894 
458.000 0.894 
459.000 0.894 
460.000 0.895 
461.000 0.895 
462.000 0.895 
463.000 0.895 
464.000 0.896 
465.000 0.896 
466.000 0.896 
467.000 0.896 
468.000 0.896 
469.000 0.896 
470.000 0.896 
471.000 0.896 
472.000 0.895 
473.000 0.895 
474.000 0.895 
475.000 0.895 
476.000 0.896 
477.000 0.896 
478.000 0.896 
479.000 0.896 
480.000 0.896 
481.000 0.896 
482.000 0.896 
483.000 0.896 
484.000 0.896 
485.000 0.896 
486.000 0.990 
487.000 1.214 
488.000 1.535 
489.000 1.913 
490.000 2.317 
491.000 2.725 
492.000 3.120 
493.000 3.492 
494.000 3.833 
495.000 4.093 
496.000 4.228 
497.000 4.228 
498.000 4.114 
499.000 3.918 
500.000 3.680 
501.000 3.439 
502.000 3.226 
503.000 3.066 
504.000 2.973 
505.000 2.952 
506.000 3.001 
507.000 3.109 
508.000 3.262 
509.000 3.440 
510.000 3.625 
511.000 3.796 
512.000 3.936 
513.000 4.031 
514.000 4.074 
515.000 4.064 
516.000 4.006 
517.000 3.910 
518.000 3.790 
519.000 3.661 
520.000 3.539 
521.000 3.436 
522.000 3.360 
523.000 3.318 
524.000 3.311 
525.000 3.335 
526.000 3.385 
527.000 3.455 
528.000 3.533 
529.000 3.612 
530.000 3.682 
531.000 3.736 
532.000 3.770 
533.000 3.780 
534.000 3.769 
535.000 3.738 
536.000 3.693 
537.000 3.640 
538.000 3.585 
539.000 3.535 
540.000 3.494 
541.000 3.467 
542.000 3.454 
543.000 3.456 
544.000 3.472 
545.000 3.498 
546.000 3.530 
547.000 3.566 
548.000 3.599 
549.000 3.628 
550.000 3.649 
551.000 3.660 
552.000 3.662 
553.000 3.654 
554.000 3.638 
555.000 3.617 
556.000 3.593 
557.000 3.570 
558.000 3.550 
559.000 3.534 
560.000 3.524 
561.000 3.521 
562.000 3.524 
563.000 3.533 
564.000 3.546 
565.000 3.561 
566.000 3.576 
567.000 3.590 
568.000 3.602 
569.000 3.610 
570.000 3.613 
571.000 3.612 
572.000 3.607 
573.000 3.600 
574.000 3.590 
575.000 3.580 
576.000 3.570 
577.000 3.562 
578.000 3.556 
579.000 3.552 
580.000 3.552 
581.000 3.554 
582.000 3.559 
583.000 3.565 
584.000 3.572 
585.000 3.578 
586.000 3.584 
587.000 3.589 
588.000 3.591 
589.000 3.592 
590.000 3.591 
591.000 3.588 
592.000 3.585 
593.000 3.580 
594.000 3.576 
595.000 3.572 
596.000 3.569 
597.000 3.566 
598.000 3.565 
599.000 3.566 
600.000 3.567 
601.000 3.569 
602.000 3.572 
603.000 3.575 
604.000 3.578 
605.000 3.580 
606.000 3.637 
607.000 3.750 
608.000 3.898 
609.000 4.066 
610.000 4.242 
611.000 4.416 
612.000 4.584 
613.000 4.740 
614.000 4.882 
615.000 5.009 
616.000 5.121 
617.000 5.217 
618.000 5.300 
619.000 5.369 
620.000 5.427 
621.000 5.473 
622.000 5.511 
623.000 5.541 
624.000 5.564 
625.000 5.581 
626.000 5.594 
627.000 5.603 
628.000 5.610 
629.000 5.613 
630.000 5.615 
631.000 5.616 
632.000 5.615 
633.000 5.614 
634.000 5.613 
635.000 5.611 
636.000 5.609 
637.000 5.607 
638.000 5.606 
639.000 5.604 
640.000 5.602 
641.000 5.601 
642.000 5.600 
643.000 5.599 
644.000 5.598 
645.000 5.597 
646.000 5.596 
647.000 5.596 
648.000 5.595 
649.000 5.595 
650.000 5.595 
651.000 5.594 
652.000 5.594 
653.000 5.594 
654.000 5.594 
655.000 5.594 
656.000 5.594 
657.000 5.594 
658.000 5.594 
659.000 5.594 
660.000 5.594 
661.000 5.594 
662.000 5.594 
663.000 5.594 
664.000 5.594 
665.000 5.594 
666.000 5.594 
667.000 5.594 
668.000 5.594 
669.000 5.594 
670.000 5.594 
671.000 5.594 
672.000 5.594 
673.000 5.594 
674.000 5.594 
675.000 5.594 
676.000 5.594 
677.000 5.594 
678.000 5.594 
679.000 5.594 
680.000 5.594 
681.000 5.594 
682.000 5.594 
683.000 5.594 
684.000 5.594 
685.000 5.594 
686.000 5.594 
687.000 5.594 
688.000 5.594 
689.000 5.594 
690.000 5.594 
691.000 5.594 
692.000 5.594 
693.000 5.594 
694.000 5.594 
695.000 5.594 
696.000 5.594 
697.000 5.594 
698.000 5.594 
699.000 5.594 
700.000 5.594 
701.000 5.594 
702.000 5.594 
703.000 5.594 
704.000 5.594 
705.000 5.594 
706.000 5.594 
707.000 5.594 
708.000 5.594 
709.000 5.594 
710.000 5.594 
711.000 5.594 
712.000 5.594 
713.000 5.594 
714.000 5.594 
715.000 5.594 
716.000 5.594 
717.000 5.594 
718.000 5.594 
719.000 5.594 
720.000 5.594 
721.000 5.594 
722.000 5.594 
723.000 5.594 
724.000 5.594 
725.000 5.594 
726.000 5.594 
727.000 5.594 
728.000 5.594 
729.000 5.594 
730.000 5.594 
731.000 5.594 
732.000 5.594 
733.000 5.594 
734.000 5.594 
735.000 5.594 
736.000 5.594 
737.000 5.594 
738.000 5.594 
739.000 5.594 
740.000 5.594 
741.000 5.594 
742.000 5.594 
743.000 5.594 
744.000 5.594 
745.000 5.594 
746.000 5.594 
747.000 5.594 
748.000 5.594 
749.000 5.594 
750.000 5.594 
751.000 5.594 
752.000 5.594 
753.000 5.594 
754.000 5.594 
755.000 5.594 
756.000 5.594 
757.000 5.594 
758.000 5.594 
759.000 5.594 
760.000 5.594 
761.000 5.594 
762.000 5.594 
763.000 5.594 
764.000 5.594 
765.000 5.594 
766.000 5.594 
767.000 5.594 
768.000 5.594 
769.000 5.594 
770.000 5.594 
771.000 5.594 
772.000 5.594 
773.000 5.594 
774.000 5.594 
775.000 5.594 
776.000 5.594 
777.000 5.594 
778.000 5.594 
779.000 5.594 
780.000 5.594 
781.000 5.594 
782.000 5.594 
783.000 5.594 
784.000 5.594 
785.000 5.594 
786.000 5.594 
787.000 5.594 
788.000 5.594 
789.000 5.594 
790.000 5.594 
791.000 5.594 
792.000 5.594 
793.000 5.594 
794.000 5.594 
795.000 5.594 
796.000 5.594 
797.000 5.594 
798.000 5.594 
799.000 5.594 
800.000 5.594 
