1.000 0.000 
2.000 0.000 
3.000 0.000 
4.000 0.000 
5.000 0.000 
6.000 0.000 
7.000 0.000 
8.000 0.000 
9.000 0.000 
10.000 0.000 
11.000 0.000 
12.000 -0.000 
13.000 -0.000 
14.000 -0.001 
15.000 -0.001 
16.000 -0.002 
17.000 -0.002 
18.000 -0.003 
19.000 -0.003 
20.000 -0.004 
21.000 -0.005 
22.000 -0.005 
23.000 -0.006 
24.000 -0.006 
25.000 -0.007 
26.000 -0.007 
27.000 -0.008 
28.000 -0.008 
29.000 -0.009 
30.000 -0.009 
31.000 -0.009 
32.000 -0.010 
33.000 -0.010 
34.000 -0.011 
35.000 -0.011 
36.000 -0.012 
37.000 -0.012 
38.000 -0.012 
39.000 -0.013 
40.000 -0.013 
41.000 -0.014 
42.000 -0.014 
43.000 -0.014 
44.000 -0.015 
45.000 -0.015 
46.000 -0.016 
47.000 -0.016 
48.000 -0.016 
49.000 -0.017 
50.000 -0.017 
51.000 -0.018 
52.000 -0.018 
53.000 -0.018 
54.000 -0.019 
55.000 -0.019 
56.000 -0.020 
57.000 -0.020 
58.000 -0.020 
59.000 -0.021 
60.000 -0.021 
61.000 -0.021 
62.000 -0.022 
63.000 -0.022 
64.000 -0.022 
65.000 -0.023 
66.000 -0.023 
67.000 -0.023 
68.000 -0.024 
69.000 -0.024 
70.000 -0.025 
71.000 -0.025 
72.000 -0.025 
73.000 -0.026 
74.000 -0.026 
75.000 -0.026 
76.000 -0.027 
77.000 -0.027 
78.000 -0.027 
79.000 -0.027 
80.000 -0.028 
81.000 -0.028 
82.000 -0.028 
83.000 -0.029 
84.000 -0.029 
85.000 -0.029 
86.000 -0.030 
87.000 -0.030 
88.000 -0.030 
89.000 -0.031 
90.000 -0.031 
91.000 -0.031 
92.000 -0.031 
93.000 -0.032 
94.000 -0.032 
95.000 -0.032 
96.000 -0.033 
97.000 -0.033 
98.000 -0.033 
99.000 -0.033 
100.000 -0.034 
101.000 -0.034 
102.000 -0.034 
103.000 -0.035 
104.000 -0.035 
105.000 -0.035 
106.000 -0.035 
107.000 -0.036 
108.000 -0.036 
109.000 -0.036 
110.000 -0.036 
111.000 -0.037 
112.000 -0.037 
113.000 -0.037 
114.000 -0.038 
115.000 -0.038 
116.000 -0.038 
117.000 -0.038 
118.000 -0.039 
119.000 -0.039 
120.000 -0.039 
121.000 -0.039 
122.000 -0.040 
123.000 -0.040 
124.000 -0.040 
125.000 -0.040 
126.000 -0.040 
127.000 -0.041 
128.000 -0.041 
129.000 -0.041 
130.000 -0.041 
131.000 -0.041 
132.000 -0.041 
133.000 -0.041 
134.000 -0.041 
135.000 -0.041 
136.000 -0.041 
137.000 -0.041 
138.000 -0.042 
139.000 -0.042 
140.000 -0.042 
141.000 -0.042 
142.000 -0.042 
143.000 -0.042 
144.000 -0.042 
145.000 -0.042 
146.000 -0.042 
147.000 -0.042 
148.000 -0.042 
149.000 -0.043 
150.000 -0.043 
151.000 -0.043 
152.000 -0.043 
153.000 -0.043 
154.000 -0.043 
155.000 -0.043 
156.000 -0.043 
157.000 -0.043 
158.000 -0.043 
159.000 -0.043 
160.000 -0.044 
161.000 -0.044 
162.000 -0.044 
163.000 -0.044 
164.000 -0.044 
165.000 -0.044 
166.000 -0.044 
167.000 -0.044 
168.000 -0.044 
169.000 -0.044 
170.000 -0.044 
171.000 -0.044 
172.000 -0.044 
173.000 -0.045 
174.000 -0.045 
175.000 -0.045 
176.000 -0.045 
177.000 -0.045 
178.000 -0.045 
179.000 -0.045 
180.000 -0.045 
181.000 -0.045 
182.000 -0.045 
183.000 -0.045 
184.000 -0.045 
185.000 -0.046 
186.000 -0.046 
187.000 -0.046 
188.000 -0.046 
189.000 -0.046 
190.000 -0.046 
191.000 -0.046 
192.000 -0.046 
193.000 -0.046 
194.000 -0.046 
195.000 -0.046 
196.000 -0.046 
197.000 -0.046 
198.000 -0.047 
199.000 -0.047 
200.000 -0.047 
201.000 -0.047 
202.000 -0.047 
203.000 -0.047 
204.000 -0.047 
205.000 -0.047 
206.000 -0.047 
207.000 -0.047 
208.000 -0.047 
209.000 -0.047 
210.000 -0.047 
211.000 -0.047 
212.000 -0.048 
213.000 -0.048 
214.000 -0.048 
215.000 -0.048 
216.000 -0.048 
217.000 -0.048 
218.000 -0.048 
219.000 -0.048 
220.000 -0.048 
221.000 -0.048 
222.000 -0.048 
223.000 -0.048 
224.000 -0.048 
225.000 -0.048 
226.000 -0.049 
227.000 -0.049 
228.000 -0.049 
229.000 -0.049 
230.000 -0.049 
231.000 -0.049 
232.000 -0.049 
233.000 -0.049 
234.000 -0.049 
235.000 -0.049 
236.000 -0.049 
237.000 -0.049 
238.000 -0.049 
239.000 -0.049 
240.000 -0.049 
241.000 -0.050 
242.000 -0.050 
243.000 -0.050 
244.000 -0.050 
245.000 -0.050 
246.000 -0.050 
247.000 -0.050 
248.000 -0.049 
249.000 -0.048 
250.000 -0.048 
251.000 -0.047 
252.000 -0.046 
253.000 -0.045 
254.000 -0.044 
255.000 -0.044 
256.000 -0.043 
257.000 -0.042 
258.000 -0.041 
259.000 -0.040 
260.000 -0.040 
261.000 -0.039 
262.000 -0.038 
263.000 -0.037 
264.000 -0.037 
265.000 -0.036 
266.000 -0.035 
267.000 -0.034 
268.000 -0.034 
269.000 -0.033 
270.000 -0.032 
271.000 -0.031 
272.000 -0.031 
273.000 -0.030 
274.000 -0.029 
275.000 -0.028 
276.000 -0.027 
277.000 -0.027 
278.000 -0.026 
279.000 -0.025 
280.000 -0.024 
281.000 -0.023 
282.000 -0.022 
283.000 -0.022 
284.000 -0.021 
285.000 -0.020 
286.000 -0.019 
287.000 -0.018 
288.000 -0.017 
289.000 -0.016 
290.000 -0.016 
291.000 -0.015 
292.000 -0.014 
293.000 -0.013 
294.000 -0.012 
295.000 -0.011 
296.000 -0.010 
297.000 -0.009 
298.000 -0.008 
299.000 -0.007 
300.000 -0.006 
301.000 -0.005 
302.000 -0.005 
303.000 -0.004 
304.000 -0.003 
305.000 -0.002 
306.000 -0.001 
307.000 0.000 
308.000 0.001 
309.000 0.002 
310.000 0.003 
311.000 0.004 
312.000 0.005 
313.000 0.006 
314.000 0.007 
315.000 0.008 
316.000 0.009 
317.000 0.010 
318.000 0.011 
319.000 0.012 
320.000 0.013 
321.000 0.014 
322.000 0.015 
323.000 0.016 
324.000 0.017 
325.000 0.018 
326.000 0.019 
327.000 0.020 
328.000 0.021 
329.000 0.022 
330.000 0.024 
331.000 0.025 
332.000 0.026 
333.000 0.027 
334.000 0.028 
335.000 0.029 
336.000 0.030 
337.000 0.031 
338.000 0.032 
339.000 0.033 
340.000 0.034 
341.000 0.035 
342.000 0.036 
343.000 0.037 
344.000 0.039 
345.000 0.040 
346.000 0.041 
347.000 0.042 
348.000 0.043 
349.000 0.044 
350.000 0.045 
351.000 0.046 
352.000 0.047 
353.000 0.048 
354.000 0.050 
355.000 0.051 
356.000 0.052 
357.000 0.053 
358.000 0.054 
359.000 0.055 
360.000 0.056 
361.000 0.057 
362.000 0.058 
363.000 0.060 
364.000 0.061 
365.000 0.062 
366.000 0.063 
367.000 0.066 
368.000 0.069 
369.000 0.074 
370.000 0.079 
371.000 0.084 
372.000 0.090 
373.000 0.096 
374.000 0.102 
375.000 0.108 
376.000 0.115 
377.000 0.121 
378.000 0.127 
379.000 0.133 
380.000 0.139 
381.000 0.146 
382.000 0.152 
383.000 0.158 
384.000 0.164 
385.000 0.170 
386.000 0.177 
387.000 0.183 
388.000 0.189 
389.000 0.196 
390.000 0.202 
391.000 0.209 
392.000 0.216 
393.000 0.223 
394.000 0.229 
395.000 0.236 
396.000 0.243 
397.000 0.250 
398.000 0.257 
399.000 0.264 
400.000 0.271 
401.000 0.278 
402.000 0.286 
403.000 0.293 
404.000 0.300 
405.000 0.307 
406.000 0.315 
407.000 0.322 
408.000 0.329 
409.000 0.337 
410.000 0.344 
411.000 0.351 
412.000 0.359 
413.000 0.366 
414.000 0.373 
415.000 0.381 
416.000 0.388 
417.000 0.395 
418.000 0.403 
419.000 0.410 
420.000 0.417 
421.000 0.424 
422.000 0.431 
423.000 0.439 
424.000 0.446 
425.000 0.453 
426.000 0.460 
427.000 0.467 
428.000 0.474 
429.000 0.481 
430.000 0.488 
431.000 0.494 
432.000 0.501 
433.000 0.508 
434.000 0.515 
435.000 0.521 
436.000 0.528 
437.000 0.534 
438.000 0.541 
439.000 0.547 
440.000 0.553 
441.000 0.560 
442.000 0.566 
443.000 0.572 
444.000 0.578 
445.000 0.584 
446.000 0.590 
447.000 0.596 
448.000 0.601 
449.000 0.607 
450.000 0.613 
451.000 0.618 
452.000 0.624 
453.000 0.629 
454.000 0.634 
455.000 0.640 
456.000 0.645 
457.000 0.650 
458.000 0.655 
459.000 0.660 
460.000 0.665 
461.000 0.669 
462.000 0.674 
463.000 0.679 
464.000 0.683 
465.000 0.688 
466.000 0.692 
467.000 0.697 
468.000 0.701 
469.000 0.705 
470.000 0.709 
471.000 0.713 
472.000 0.717 
473.000 0.721 
474.000 0.725 
475.000 0.729 
476.000 0.732 
477.000 0.736 
478.000 0.740 
479.000 0.743 
480.000 0.746 
481.000 0.750 
482.000 0.753 
483.000 0.756 
484.000 0.760 
485.000 0.763 
486.000 0.770 
487.000 0.786 
488.000 0.813 
489.000 0.849 
490.000 0.895 
491.000 0.950 
492.000 1.012 
493.000 1.080 
494.000 1.153 
495.000 1.230 
496.000 1.308 
497.000 1.388 
498.000 1.469 
499.000 1.550 
500.000 1.631 
501.000 1.710 
502.000 1.789 
503.000 1.865 
504.000 1.941 
505.000 2.014 
506.000 2.085 
507.000 2.154 
508.000 2.221 
509.000 2.287 
510.000 2.350 
511.000 2.411 
512.000 2.470 
513.000 2.527 
514.000 2.582 
515.000 2.636 
516.000 2.687 
517.000 2.737 
518.000 2.784 
519.000 2.830 
520.000 2.874 
521.000 2.917 
522.000 2.957 
523.000 2.996 
524.000 3.033 
525.000 3.069 
526.000 3.102 
527.000 3.134 
528.000 3.165 
529.000 3.194 
530.000 3.221 
531.000 3.247 
532.000 3.271 
533.000 3.294 
534.000 3.316 
535.000 3.336 
536.000 3.355 
537.000 3.373 
538.000 3.389 
539.000 3.405 
540.000 3.419 
541.000 3.432 
542.000 3.444 
543.000 3.456 
544.000 3.466 
545.000 3.476 
546.000 3.484 
547.000 3.493 
548.000 3.500 
549.000 3.507 
550.000 3.513 
551.000 3.519 
552.000 3.524 
553.000 3.529 
554.000 3.533 
555.000 3.537 
556.000 3.541 
557.000 3.544 
558.000 3.547 
559.000 3.549 
560.000 3.552 
561.000 3.554 
562.000 3.556 
563.000 3.558 
564.000 3.560 
565.000 3.561 
566.000 3.562 
567.000 3.564 
568.000 3.565 
569.000 3.566 
570.000 3.567 
571.000 3.568 
572.000 3.568 
573.000 3.569 
574.000 3.570 
575.000 3.570 
576.000 3.571 
577.000 3.571 
578.000 3.572 
579.000 3.572 
580.000 3.572 
581.000 3.573 
582.000 3.573 
583.000 3.573 
584.000 3.574 
585.000 3.574 
586.000 3.574 
587.000 3.574 
588.000 3.574 
589.000 3.574 
590.000 3.575 
591.000 3.575 
592.000 3.575 
593.000 3.575 
594.000 3.575 
595.000 3.575 
596.000 3.575 
597.000 3.575 
598.000 3.575 
599.000 3.575 
600.000 3.575 
601.000 3.576 
602.000 3.576 
603.000 3.576 
604.000 3.576 
605.000 3.576 
606.000 3.580 
607.000 3.592 
608.000 3.615 
609.000 3.649 
610.000 3.694 
611.000 3.750 
612.000 3.816 
613.000 3.891 
614.000 3.973 
615.000 4.061 
616.000 4.153 
617.000 4.249 
618.000 4.347 
619.000 4.445 
620.000 4.542 
621.000 4.639 
622.000 4.733 
623.000 4.824 
624.000 4.912 
625.000 4.996 
626.000 5.076 
627.000 5.150 
628.000 5.219 
629.000 5.282 
630.000 5.339 
631.000 5.388 
632.000 5.430 
633.000 5.467 
634.000 5.497 
635.000 5.522 
636.000 5.543 
637.000 5.559 
638.000 5.572 
639.000 5.582 
640.000 5.589 
641.000 5.595 
642.000 5.599 
643.000 5.601 
644.000 5.603 
645.000 5.604 
646.000 5.604 
647.000 5.604 
648.000 5.603 
649.000 5.602 
650.000 5.602 
651.000 5.601 
652.000 5.600 
653.000 5.599 
654.000 5.598 
655.000 5.598 
656.000 5.597 
657.000 5.597 
658.000 5.596 
659.000 5.596 
660.000 5.595 
661.000 5.595 
662.000 5.595 
663.000 5.595 
664.000 5.594 
665.000 5.594 
666.000 5.594 
667.000 5.594 
668.000 5.594 
669.000 5.594 
670.000 5.594 
671.000 5.594 
672.000 5.594 
673.000 5.594 
674.000 5.594 
675.000 5.594 
676.000 5.594 
677.000 5.594 
678.000 5.594 
679.000 5.594 
680.000 5.594 
681.000 5.594 
682.000 5.594 
683.000 5.594 
684.000 5.594 
685.000 5.594 
686.000 5.594 
687.000 5.594 
688.000 5.594 
689.000 5.594 
690.000 5.594 
691.000 5.594 
692.000 5.594 
693.000 5.594 
694.000 5.594 
695.000 5.594 
696.000 5.594 
697.000 5.594 
698.000 5.594 
699.000 5.594 
700.000 5.594 
701.000 5.594 
702.000 5.594 
703.000 5.594 
704.000 5.594 
705.000 5.594 
706.000 5.594 
707.000 5.594 
708.000 5.594 
709.000 5.594 
710.000 5.594 
711.000 5.594 
712.000 5.594 
713.000 5.594 
714.000 5.594 
715.000 5.594 
716.000 5.594 
717.000 5.594 
718.000 5.594 
719.000 5.594 
720.000 5.594 
721.000 5.594 
722.000 5.594 
723.000 5.594 
724.000 5.594 
725.000 5.594 
726.000 5.594 
727.000 5.594 
728.000 5.594 
729.000 5.594 
730.000 5.594 
731.000 5.594 
732.000 5.594 
733.000 5.594 
734.000 5.594 
735.000 5.594 
736.000 5.594 
737.000 5.594 
738.000 5.594 
739.000 5.594 
740.000 5.594 
741.000 5.594 
742.000 5.594 
743.000 5.594 
744.000 5.594 
745.000 5.594 
746.000 5.594 
747.000 5.594 
748.000 5.594 
749.000 5.594 
750.000 5.594 
751.000 5.594 
752.000 5.594 
753.000 5.594 
754.000 5.594 
755.000 5.594 
756.000 5.594 
757.000 5.594 
758.000 5.594 
759.000 5.594 
760.000 5.594 
761.000 5.594 
762.000 5.594 
763.000 5.594 
764.000 5.594 
765.000 5.594 
766.000 5.594 
767.000 5.594 
768.000 5.594 
769.000 5.594 
770.000 5.594 
771.000 5.594 
772.000 5.594 
773.000 5.594 
774.000 5.594 
775.000 5.594 
776.000 5.594 
777.000 5.594 
778.000 5.594 
779.000 5.594 
780.000 5.594 
781.000 5.594 
782.000 5.594 
783.000 5.594 
784.000 5.594 
785.000 5.594 
786.000 5.594 
787.000 5.594 
788.000 5.594 
789.000 5.594 
790.000 5.594 
791.000 5.594 
792.000 5.594 
793.000 5.594 
794.000 5.594 
795.000 5.594 
796.000 5.594 
797.000 5.594 
798.000 5.594 
799.000 5.594 
800.000 5.594 
