1.000 0.000 
2.000 0.000 
3.000 0.000 
4.000 0.000 
5.000 0.000 
6.000 0.000 
7.000 0.000 
8.000 0.000 
9.000 0.000 
10.000 0.000 
11.000 0.000 
12.000 -0.000 
13.000 -0.001 
14.000 -0.001 
15.000 -0.002 
16.000 -0.003 
17.000 -0.004 
18.000 -0.005 
19.000 -0.006 
20.000 -0.007 
21.000 -0.008 
22.000 -0.009 
23.000 -0.010 
24.000 -0.011 
25.000 -0.011 
26.000 -0.012 
27.000 -0.013 
28.000 -0.013 
29.000 -0.014 
30.000 -0.015 
31.000 -0.015 
32.000 -0.016 
33.000 -0.016 
34.000 -0.017 
35.000 -0.018 
36.000 -0.018 
37.000 -0.019 
38.000 -0.019 
39.000 -0.020 
40.000 -0.021 
41.000 -0.021 
42.000 -0.022 
43.000 -0.022 
44.000 -0.023 
45.000 -0.023 
46.000 -0.024 
47.000 -0.024 
48.000 -0.025 
49.000 -0.025 
50.000 -0.026 
51.000 -0.027 
52.000 -0.027 
53.000 -0.028 
54.000 -0.028 
55.000 -0.029 
56.000 -0.029 
57.000 -0.030 
58.000 -0.030 
59.000 -0.030 
60.000 -0.031 
61.000 -0.031 
62.000 -0.032 
63.000 -0.032 
64.000 -0.033 
65.000 -0.033 
66.000 -0.034 
67.000 -0.034 
68.000 -0.035 
69.000 -0.035 
70.000 -0.035 
71.000 -0.036 
72.000 -0.036 
73.000 -0.037 
74.000 -0.037 
75.000 -0.038 
76.000 -0.038 
77.000 -0.038 
78.000 -0.039 
79.000 -0.039 
80.000 -0.040 
81.000 -0.040 
82.000 -0.040 
83.000 -0.041 
84.000 -0.041 
85.000 -0.041 
86.000 -0.042 
87.000 -0.042 
88.000 -0.043 
89.000 -0.043 
90.000 -0.043 
91.000 -0.044 
92.000 -0.044 
93.000 -0.044 
94.000 -0.045 
95.000 -0.045 
96.000 -0.045 
97.000 -0.046 
98.000 -0.046 
99.000 -0.046 
100.000 -0.047 
101.000 -0.047 
102.000 -0.047 
103.000 -0.048 
104.000 -0.048 
105.000 -0.048 
106.000 -0.049 
107.000 -0.049 
108.000 -0.049 
109.000 -0.049 
110.000 -0.050 
111.000 -0.050 
112.000 -0.050 
113.000 -0.051 
114.000 -0.051 
115.000 -0.051 
116.000 -0.052 
117.000 -0.052 
118.000 -0.052 
119.000 -0.052 
120.000 -0.053 
121.000 -0.053 
122.000 -0.053 
123.000 -0.054 
124.000 -0.054 
125.000 -0.054 
126.000 -0.054 
127.000 -0.054 
128.000 -0.055 
129.000 -0.055 
130.000 -0.055 
131.000 -0.055 
132.000 -0.055 
133.000 -0.055 
134.000 -0.055 
135.000 -0.055 
136.000 -0.055 
137.000 -0.055 
138.000 -0.055 
139.000 -0.055 
140.000 -0.055 
141.000 -0.055 
142.000 -0.055 
143.000 -0.055 
144.000 -0.055 
145.000 -0.055 
146.000 -0.056 
147.000 -0.056 
148.000 -0.056 
149.000 -0.056 
150.000 -0.056 
151.000 -0.056 
152.000 -0.056 
153.000 -0.056 
154.000 -0.056 
155.000 -0.056 
156.000 -0.056 
157.000 -0.056 
158.000 -0.056 
159.000 -0.057 
160.000 -0.057 
161.000 -0.057 
162.000 -0.057 
163.000 -0.057 
164.000 -0.057 
165.000 -0.057 
166.000 -0.057 
167.000 -0.057 
168.000 -0.057 
169.000 -0.057 
170.000 -0.057 
171.000 -0.057 
172.000 -0.057 
173.000 -0.058 
174.000 -0.058 
175.000 -0.058 
176.000 -0.058 
177.000 -0.058 
178.000 -0.058 
179.000 -0.058 
180.000 -0.058 
181.000 -0.058 
182.000 -0.058 
183.000 -0.058 
184.000 -0.058 
185.000 -0.058 
186.000 -0.058 
187.000 -0.058 
188.000 -0.058 
189.000 -0.059 
190.000 -0.059 
191.000 -0.059 
192.000 -0.059 
193.000 -0.059 
194.000 -0.059 
195.000 -0.059 
196.000 -0.059 
197.000 -0.059 
198.000 -0.059 
199.000 -0.059 
200.000 -0.059 
201.000 -0.059 
202.000 -0.059 
203.000 -0.059 
204.000 -0.059 
205.000 -0.060 
206.000 -0.060 
207.000 -0.060 
208.000 -0.060 
209.000 -0.060 
210.000 -0.060 
211.000 -0.060 
212.000 -0.060 
213.000 -0.060 
214.000 -0.060 
215.000 -0.060 
216.000 -0.060 
217.000 -0.060 
218.000 -0.060 
219.000 -0.060 
220.000 -0.060 
221.000 -0.060 
222.000 -0.060 
223.000 -0.061 
224.000 -0.061 
225.000 -0.061 
226.000 -0.061 
227.000 -0.061 
228.000 -0.061 
229.000 -0.061 
230.000 -0.061 
231.000 -0.061 
232.000 -0.061 
233.000 -0.061 
234.000 -0.061 
235.000 -0.061 
236.000 -0.061 
237.000 -0.061 
238.000 -0.061 
239.000 -0.061 
240.000 -0.061 
241.000 -0.061 
242.000 -0.062 
243.000 -0.062 
244.000 -0.062 
245.000 -0.062 
246.000 -0.062 
247.000 -0.061 
248.000 -0.060 
249.000 -0.059 
250.000 -0.058 
251.000 -0.057 
252.000 -0.055 
253.000 -0.054 
254.000 -0.053 
255.000 -0.051 
256.000 -0.050 
257.000 -0.049 
258.000 -0.048 
259.000 -0.047 
260.000 -0.046 
261.000 -0.045 
262.000 -0.044 
263.000 -0.042 
264.000 -0.041 
265.000 -0.040 
266.000 -0.039 
267.000 -0.038 
268.000 -0.037 
269.000 -0.036 
270.000 -0.035 
271.000 -0.033 
272.000 -0.032 
273.000 -0.031 
274.000 -0.030 
275.000 -0.028 
276.000 -0.027 
277.000 -0.026 
278.000 -0.025 
279.000 -0.023 
280.000 -0.022 
281.000 -0.021 
282.000 -0.019 
283.000 -0.018 
284.000 -0.016 
285.000 -0.015 
286.000 -0.014 
287.000 -0.012 
288.000 -0.011 
289.000 -0.009 
290.000 -0.008 
291.000 -0.006 
292.000 -0.005 
293.000 -0.003 
294.000 -0.002 
295.000 -0.000 
296.000 0.001 
297.000 0.003 
298.000 0.004 
299.000 0.006 
300.000 0.007 
301.000 0.009 
302.000 0.011 
303.000 0.012 
304.000 0.014 
305.000 0.015 
306.000 0.017 
307.000 0.019 
308.000 0.020 
309.000 0.022 
310.000 0.024 
311.000 0.025 
312.000 0.027 
313.000 0.029 
314.000 0.030 
315.000 0.032 
316.000 0.034 
317.000 0.035 
318.000 0.037 
319.000 0.039 
320.000 0.041 
321.000 0.042 
322.000 0.044 
323.000 0.046 
324.000 0.048 
325.000 0.049 
326.000 0.051 
327.000 0.053 
328.000 0.055 
329.000 0.056 
330.000 0.058 
331.000 0.060 
332.000 0.062 
333.000 0.064 
334.000 0.065 
335.000 0.067 
336.000 0.069 
337.000 0.071 
338.000 0.072 
339.000 0.074 
340.000 0.076 
341.000 0.078 
342.000 0.079 
343.000 0.081 
344.000 0.083 
345.000 0.085 
346.000 0.087 
347.000 0.088 
348.000 0.090 
349.000 0.092 
350.000 0.094 
351.000 0.095 
352.000 0.097 
353.000 0.099 
354.000 0.100 
355.000 0.102 
356.000 0.104 
357.000 0.106 
358.000 0.107 
359.000 0.109 
360.000 0.111 
361.000 0.112 
362.000 0.114 
363.000 0.116 
364.000 0.117 
365.000 0.119 
366.000 0.122 
367.000 0.127 
368.000 0.134 
369.000 0.144 
370.000 0.155 
371.000 0.167 
372.000 0.180 
373.000 0.194 
374.000 0.208 
375.000 0.222 
376.000 0.235 
377.000 0.248 
378.000 0.261 
379.000 0.273 
380.000 0.285 
381.000 0.297 
382.000 0.309 
383.000 0.320 
384.000 0.331 
385.000 0.342 
386.000 0.353 
387.000 0.364 
388.000 0.375 
389.000 0.386 
390.000 0.397 
391.000 0.408 
392.000 0.419 
393.000 0.430 
394.000 0.441 
395.000 0.453 
396.000 0.464 
397.000 0.475 
398.000 0.486 
399.000 0.497 
400.000 0.508 
401.000 0.519 
402.000 0.529 
403.000 0.540 
404.000 0.550 
405.000 0.561 
406.000 0.571 
407.000 0.580 
408.000 0.590 
409.000 0.599 
410.000 0.609 
411.000 0.618 
412.000 0.626 
413.000 0.635 
414.000 0.643 
415.000 0.652 
416.000 0.660 
417.000 0.667 
418.000 0.675 
419.000 0.682 
420.000 0.690 
421.000 0.697 
422.000 0.703 
423.000 0.710 
424.000 0.717 
425.000 0.723 
426.000 0.729 
427.000 0.735 
428.000 0.741 
429.000 0.746 
430.000 0.752 
431.000 0.757 
432.000 0.762 
433.000 0.767 
434.000 0.772 
435.000 0.776 
436.000 0.781 
437.000 0.785 
438.000 0.789 
439.000 0.793 
440.000 0.797 
441.000 0.801 
442.000 0.805 
443.000 0.808 
444.000 0.812 
445.000 0.815 
446.000 0.818 
447.000 0.821 
448.000 0.824 
449.000 0.827 
450.000 0.829 
451.000 0.832 
452.000 0.835 
453.000 0.837 
454.000 0.839 
455.000 0.842 
456.000 0.844 
457.000 0.846 
458.000 0.848 
459.000 0.850 
460.000 0.852 
461.000 0.853 
462.000 0.855 
463.000 0.857 
464.000 0.858 
465.000 0.860 
466.000 0.861 
467.000 0.863 
468.000 0.864 
469.000 0.865 
470.000 0.867 
471.000 0.868 
472.000 0.869 
473.000 0.870 
474.000 0.871 
475.000 0.872 
476.000 0.873 
477.000 0.874 
478.000 0.875 
479.000 0.876 
480.000 0.877 
481.000 0.877 
482.000 0.878 
483.000 0.879 
484.000 0.880 
485.000 0.880 
486.000 0.890 
487.000 0.917 
488.000 0.964 
489.000 1.032 
490.000 1.120 
491.000 1.225 
492.000 1.344 
493.000 1.475 
494.000 1.615 
495.000 1.760 
496.000 1.909 
497.000 2.058 
498.000 2.206 
499.000 2.349 
500.000 2.487 
501.000 2.618 
502.000 2.741 
503.000 2.855 
504.000 2.960 
505.000 3.055 
506.000 3.140 
507.000 3.215 
508.000 3.281 
509.000 3.337 
510.000 3.385 
511.000 3.426 
512.000 3.458 
513.000 3.485 
514.000 3.505 
515.000 3.521 
516.000 3.532 
517.000 3.540 
518.000 3.545 
519.000 3.548 
520.000 3.549 
521.000 3.549 
522.000 3.548 
523.000 3.546 
524.000 3.545 
525.000 3.543 
526.000 3.542 
527.000 3.541 
528.000 3.541 
529.000 3.541 
530.000 3.542 
531.000 3.543 
532.000 3.545 
533.000 3.547 
534.000 3.549 
535.000 3.552 
536.000 3.555 
537.000 3.558 
538.000 3.561 
539.000 3.564 
540.000 3.567 
541.000 3.570 
542.000 3.573 
543.000 3.575 
544.000 3.577 
545.000 3.579 
546.000 3.580 
547.000 3.581 
548.000 3.582 
549.000 3.583 
550.000 3.583 
551.000 3.583 
552.000 3.583 
553.000 3.583 
554.000 3.582 
555.000 3.582 
556.000 3.581 
557.000 3.580 
558.000 3.580 
559.000 3.579 
560.000 3.578 
561.000 3.577 
562.000 3.577 
563.000 3.576 
564.000 3.576 
565.000 3.575 
566.000 3.575 
567.000 3.575 
568.000 3.574 
569.000 3.574 
570.000 3.574 
571.000 3.574 
572.000 3.574 
573.000 3.574 
574.000 3.574 
575.000 3.575 
576.000 3.575 
577.000 3.575 
578.000 3.575 
579.000 3.575 
580.000 3.575 
581.000 3.576 
582.000 3.576 
583.000 3.576 
584.000 3.576 
585.000 3.576 
586.000 3.576 
587.000 3.576 
588.000 3.576 
589.000 3.576 
590.000 3.577 
591.000 3.577 
592.000 3.576 
593.000 3.576 
594.000 3.576 
595.000 3.576 
596.000 3.576 
597.000 3.576 
598.000 3.576 
599.000 3.576 
600.000 3.576 
601.000 3.576 
602.000 3.576 
603.000 3.576 
604.000 3.576 
605.000 3.576 
606.000 3.584 
607.000 3.608 
608.000 3.652 
609.000 3.717 
610.000 3.802 
611.000 3.908 
612.000 4.031 
613.000 4.168 
614.000 4.317 
615.000 4.470 
616.000 4.620 
617.000 4.762 
618.000 4.894 
619.000 5.013 
620.000 5.119 
621.000 5.212 
622.000 5.291 
623.000 5.359 
624.000 5.416 
625.000 5.463 
626.000 5.501 
627.000 5.531 
628.000 5.555 
629.000 5.573 
630.000 5.587 
631.000 5.597 
632.000 5.604 
633.000 5.609 
634.000 5.611 
635.000 5.613 
636.000 5.613 
637.000 5.612 
638.000 5.611 
639.000 5.610 
640.000 5.608 
641.000 5.607 
642.000 5.605 
643.000 5.604 
644.000 5.602 
645.000 5.601 
646.000 5.600 
647.000 5.599 
648.000 5.598 
649.000 5.597 
650.000 5.596 
651.000 5.596 
652.000 5.595 
653.000 5.595 
654.000 5.595 
655.000 5.594 
656.000 5.594 
657.000 5.594 
658.000 5.594 
659.000 5.594 
660.000 5.594 
661.000 5.594 
662.000 5.594 
663.000 5.594 
664.000 5.594 
665.000 5.594 
666.000 5.594 
667.000 5.594 
668.000 5.594 
669.000 5.594 
670.000 5.594 
671.000 5.594 
672.000 5.594 
673.000 5.594 
674.000 5.594 
675.000 5.594 
676.000 5.594 
677.000 5.594 
678.000 5.594 
679.000 5.594 
680.000 5.594 
681.000 5.594 
682.000 5.594 
683.000 5.594 
684.000 5.594 
685.000 5.594 
686.000 5.594 
687.000 5.594 
688.000 5.594 
689.000 5.594 
690.000 5.594 
691.000 5.594 
692.000 5.594 
693.000 5.594 
694.000 5.594 
695.000 5.594 
696.000 5.594 
697.000 5.594 
698.000 5.594 
699.000 5.594 
700.000 5.594 
701.000 5.594 
702.000 5.594 
703.000 5.594 
704.000 5.594 
705.000 5.594 
706.000 5.594 
707.000 5.594 
708.000 5.594 
709.000 5.594 
710.000 5.594 
711.000 5.594 
712.000 5.594 
713.000 5.594 
714.000 5.594 
715.000 5.594 
716.000 5.594 
717.000 5.594 
718.000 5.594 
719.000 5.594 
720.000 5.594 
721.000 5.594 
722.000 5.594 
723.000 5.594 
724.000 5.594 
725.000 5.594 
726.000 5.594 
727.000 5.594 
728.000 5.594 
729.000 5.594 
730.000 5.594 
731.000 5.594 
732.000 5.594 
733.000 5.594 
734.000 5.594 
735.000 5.594 
736.000 5.594 
737.000 5.594 
738.000 5.594 
739.000 5.594 
740.000 5.594 
741.000 5.594 
742.000 5.594 
743.000 5.594 
744.000 5.594 
745.000 5.594 
746.000 5.594 
747.000 5.594 
748.000 5.594 
749.000 5.594 
750.000 5.594 
751.000 5.594 
752.000 5.594 
753.000 5.594 
754.000 5.594 
755.000 5.594 
756.000 5.594 
757.000 5.594 
758.000 5.594 
759.000 5.594 
760.000 5.594 
761.000 5.594 
762.000 5.594 
763.000 5.594 
764.000 5.594 
765.000 5.594 
766.000 5.594 
767.000 5.594 
768.000 5.594 
769.000 5.594 
770.000 5.594 
771.000 5.594 
772.000 5.594 
773.000 5.594 
774.000 5.594 
775.000 5.594 
776.000 5.594 
777.000 5.594 
778.000 5.594 
779.000 5.594 
780.000 5.594 
781.000 5.594 
782.000 5.594 
783.000 5.594 
784.000 5.594 
785.000 5.594 
786.000 5.594 
787.000 5.594 
788.000 5.594 
789.000 5.594 
790.000 5.594 
791.000 5.594 
792.000 5.594 
793.000 5.594 
794.000 5.594 
795.000 5.594 
796.000 5.594 
797.000 5.594 
798.000 5.594 
799.000 5.594 
800.000 5.594 
