1.000 0.000 
2.000 0.000 
3.000 0.000 
4.000 0.000 
5.000 0.000 
6.000 0.000 
7.000 0.000 
8.000 0.000 
9.000 0.000 
10.000 0.000 
11.000 0.000 
12.000 -0.000 
13.000 -0.001 
14.000 -0.003 
15.000 -0.004 
16.000 -0.006 
17.000 -0.008 
18.000 -0.010 
19.000 -0.011 
20.000 -0.012 
21.000 -0.013 
22.000 -0.014 
23.000 -0.015 
24.000 -0.016 
25.000 -0.016 
26.000 -0.017 
27.000 -0.018 
28.000 -0.018 
29.000 -0.019 
30.000 -0.020 
31.000 -0.020 
32.000 -0.021 
33.000 -0.022 
34.000 -0.023 
35.000 -0.023 
36.000 -0.024 
37.000 -0.025 
38.000 -0.026 
39.000 -0.026 
40.000 -0.027 
41.000 -0.028 
42.000 -0.028 
43.000 -0.029 
44.000 -0.030 
45.000 -0.030 
46.000 -0.031 
47.000 -0.031 
48.000 -0.032 
49.000 -0.033 
50.000 -0.033 
51.000 -0.034 
52.000 -0.034 
53.000 -0.035 
54.000 -0.036 
55.000 -0.036 
56.000 -0.037 
57.000 -0.037 
58.000 -0.038 
59.000 -0.038 
60.000 -0.039 
61.000 -0.039 
62.000 -0.040 
63.000 -0.040 
64.000 -0.041 
65.000 -0.041 
66.000 -0.042 
67.000 -0.042 
68.000 -0.043 
69.000 -0.043 
70.000 -0.044 
71.000 -0.044 
72.000 -0.045 
73.000 -0.045 
74.000 -0.046 
75.000 -0.046 
76.000 -0.047 
77.000 -0.047 
78.000 -0.047 
79.000 -0.048 
80.000 -0.048 
81.000 -0.049 
82.000 -0.049 
83.000 -0.049 
84.000 -0.050 
85.000 -0.050 
86.000 -0.051 
87.000 -0.051 
88.000 -0.051 
89.000 -0.052 
90.000 -0.052 
91.000 -0.053 
92.000 -0.053 
93.000 -0.053 
94.000 -0.054 
95.000 -0.054 
96.000 -0.054 
97.000 -0.055 
98.000 -0.055 
99.000 -0.055 
100.000 -0.056 
101.000 -0.056 
102.000 -0.056 
103.000 -0.057 
104.000 -0.057 
105.000 -0.057 
106.000 -0.058 
107.000 -0.058 
108.000 -0.058 
109.000 -0.059 
110.000 -0.059 
111.000 -0.059 
112.000 -0.060 
113.000 -0.060 
114.000 -0.060 
115.000 -0.061 
116.000 -0.061 
117.000 -0.061 
118.000 -0.061 
119.000 -0.062 
120.000 -0.062 
121.000 -0.062 
122.000 -0.063 
123.000 -0.063 
124.000 -0.063 
125.000 -0.063 
126.000 -0.064 
127.000 -0.064 
128.000 -0.064 
129.000 -0.064 
130.000 -0.063 
131.000 -0.063 
132.000 -0.063 
133.000 -0.063 
134.000 -0.063 
135.000 -0.063 
136.000 -0.063 
137.000 -0.063 
138.000 -0.064 
139.000 -0.064 
140.000 -0.064 
141.000 -0.064 
142.000 -0.064 
143.000 -0.064 
144.000 -0.064 
145.000 -0.064 
146.000 -0.064 
147.000 -0.064 
148.000 -0.064 
149.000 -0.064 
150.000 -0.064 
151.000 -0.064 
152.000 -0.064 
153.000 -0.065 
154.000 -0.065 
155.000 -0.065 
156.000 -0.065 
157.000 -0.065 
158.000 -0.065 
159.000 -0.065 
160.000 -0.065 
161.000 -0.065 
162.000 -0.065 
163.000 -0.065 
164.000 -0.065 
165.000 -0.065 
166.000 -0.065 
167.000 -0.065 
168.000 -0.065 
169.000 -0.065 
170.000 -0.065 
171.000 -0.065 
172.000 -0.066 
173.000 -0.066 
174.000 -0.066 
175.000 -0.066 
176.000 -0.066 
177.000 -0.066 
178.000 -0.066 
179.000 -0.066 
180.000 -0.066 
181.000 -0.066 
182.000 -0.066 
183.000 -0.066 
184.000 -0.066 
185.000 -0.066 
186.000 -0.066 
187.000 -0.066 
188.000 -0.066 
189.000 -0.066 
190.000 -0.066 
191.000 -0.066 
192.000 -0.066 
193.000 -0.067 
194.000 -0.067 
195.000 -0.067 
196.000 -0.067 
197.000 -0.067 
198.000 -0.067 
199.000 -0.067 
200.000 -0.067 
201.000 -0.067 
202.000 -0.067 
203.000 -0.067 
204.000 -0.067 
205.000 -0.067 
206.000 -0.067 
207.000 -0.067 
208.000 -0.067 
209.000 -0.067 
210.000 -0.067 
211.000 -0.067 
212.000 -0.067 
213.000 -0.067 
214.000 -0.067 
215.000 -0.067 
216.000 -0.068 
217.000 -0.068 
218.000 -0.068 
219.000 -0.068 
220.000 -0.068 
221.000 -0.068 
222.000 -0.068 
223.000 -0.068 
224.000 -0.068 
225.000 -0.068 
226.000 -0.068 
227.000 -0.068 
228.000 -0.068 
229.000 -0.068 
230.000 -0.068 
231.000 -0.068 
232.000 -0.068 
233.000 -0.068 
234.000 -0.068 
235.000 -0.068 
236.000 -0.068 
237.000 -0.068 
238.000 -0.068 
239.000 -0.068 
240.000 -0.068 
241.000 -0.068 
242.000 -0.069 
243.000 -0.069 
244.000 -0.069 
245.000 -0.069 
246.000 -0.068 
247.000 -0.067 
248.000 -0.066 
249.000 -0.064 
250.000 -0.061 
251.000 -0.059 
252.000 -0.057 
253.000 -0.055 
254.000 -0.054 
255.000 -0.052 
256.000 -0.051 
257.000 -0.050 
258.000 -0.049 
259.000 -0.047 
260.000 -0.046 
261.000 -0.045 
262.000 -0.044 
263.000 -0.043 
264.000 -0.041 
265.000 -0.040 
266.000 -0.038 
267.000 -0.037 
268.000 -0.035 
269.000 -0.033 
270.000 -0.032 
271.000 -0.030 
272.000 -0.028 
273.000 -0.027 
274.000 -0.025 
275.000 -0.023 
276.000 -0.021 
277.000 -0.019 
278.000 -0.018 
279.000 -0.016 
280.000 -0.014 
281.000 -0.012 
282.000 -0.010 
283.000 -0.008 
284.000 -0.006 
285.000 -0.004 
286.000 -0.002 
287.000 -0.000 
288.000 0.002 
289.000 0.004 
290.000 0.006 
291.000 0.008 
292.000 0.010 
293.000 0.012 
294.000 0.014 
295.000 0.016 
296.000 0.019 
297.000 0.021 
298.000 0.023 
299.000 0.025 
300.000 0.027 
301.000 0.030 
302.000 0.032 
303.000 0.034 
304.000 0.036 
305.000 0.039 
306.000 0.041 
307.000 0.043 
308.000 0.045 
309.000 0.048 
310.000 0.050 
311.000 0.052 
312.000 0.055 
313.000 0.057 
314.000 0.059 
315.000 0.062 
316.000 0.064 
317.000 0.066 
318.000 0.069 
319.000 0.071 
320.000 0.073 
321.000 0.076 
322.000 0.078 
323.000 0.080 
324.000 0.083 
325.000 0.085 
326.000 0.087 
327.000 0.090 
328.000 0.092 
329.000 0.094 
330.000 0.097 
331.000 0.099 
332.000 0.101 
333.000 0.103 
334.000 0.106 
335.000 0.108 
336.000 0.110 
337.000 0.112 
338.000 0.114 
339.000 0.117 
340.000 0.119 
341.000 0.121 
342.000 0.123 
343.000 0.125 
344.000 0.127 
345.000 0.129 
346.000 0.132 
347.000 0.134 
348.000 0.136 
349.000 0.138 
350.000 0.140 
351.000 0.142 
352.000 0.144 
353.000 0.146 
354.000 0.148 
355.000 0.149 
356.000 0.151 
357.000 0.153 
358.000 0.155 
359.000 0.157 
360.000 0.159 
361.000 0.160 
362.000 0.162 
363.000 0.164 
364.000 0.166 
365.000 0.167 
366.000 0.172 
367.000 0.182 
368.000 0.198 
369.000 0.219 
370.000 0.242 
371.000 0.267 
372.000 0.293 
373.000 0.317 
374.000 0.340 
375.000 0.361 
376.000 0.380 
377.000 0.397 
378.000 0.411 
379.000 0.424 
380.000 0.435 
381.000 0.445 
382.000 0.456 
383.000 0.466 
384.000 0.476 
385.000 0.487 
386.000 0.499 
387.000 0.511 
388.000 0.524 
389.000 0.537 
390.000 0.551 
391.000 0.565 
392.000 0.579 
393.000 0.592 
394.000 0.606 
395.000 0.619 
396.000 0.631 
397.000 0.643 
398.000 0.655 
399.000 0.665 
400.000 0.675 
401.000 0.685 
402.000 0.694 
403.000 0.702 
404.000 0.711 
405.000 0.718 
406.000 0.726 
407.000 0.733 
408.000 0.740 
409.000 0.747 
410.000 0.754 
411.000 0.760 
412.000 0.767 
413.000 0.773 
414.000 0.779 
415.000 0.784 
416.000 0.790 
417.000 0.795 
418.000 0.800 
419.000 0.805 
420.000 0.810 
421.000 0.814 
422.000 0.818 
423.000 0.822 
424.000 0.826 
425.000 0.829 
426.000 0.832 
427.000 0.836 
428.000 0.839 
429.000 0.841 
430.000 0.844 
431.000 0.847 
432.000 0.849 
433.000 0.851 
434.000 0.854 
435.000 0.856 
436.000 0.858 
437.000 0.860 
438.000 0.862 
439.000 0.863 
440.000 0.865 
441.000 0.867 
442.000 0.868 
443.000 0.870 
444.000 0.871 
445.000 0.872 
446.000 0.874 
447.000 0.875 
448.000 0.876 
449.000 0.877 
450.000 0.878 
451.000 0.879 
452.000 0.880 
453.000 0.881 
454.000 0.881 
455.000 0.882 
456.000 0.883 
457.000 0.884 
458.000 0.884 
459.000 0.885 
460.000 0.885 
461.000 0.886 
462.000 0.886 
463.000 0.887 
464.000 0.887 
465.000 0.888 
466.000 0.888 
467.000 0.889 
468.000 0.889 
469.000 0.889 
470.000 0.890 
471.000 0.890 
472.000 0.890 
473.000 0.891 
474.000 0.891 
475.000 0.891 
476.000 0.892 
477.000 0.892 
478.000 0.892 
479.000 0.892 
480.000 0.892 
481.000 0.893 
482.000 0.893 
483.000 0.893 
484.000 0.893 
485.000 0.893 
486.000 0.914 
487.000 0.972 
488.000 1.070 
489.000 1.208 
490.000 1.379 
491.000 1.578 
492.000 1.797 
493.000 2.026 
494.000 2.259 
495.000 2.487 
496.000 2.705 
497.000 2.906 
498.000 3.086 
499.000 3.242 
500.000 3.372 
501.000 3.475 
502.000 3.552 
503.000 3.605 
504.000 3.635 
505.000 3.645 
506.000 3.639 
507.000 3.621 
508.000 3.594 
509.000 3.561 
510.000 3.526 
511.000 3.492 
512.000 3.461 
513.000 3.434 
514.000 3.414 
515.000 3.401 
516.000 3.394 
517.000 3.395 
518.000 3.402 
519.000 3.416 
520.000 3.433 
521.000 3.455 
522.000 3.479 
523.000 3.504 
524.000 3.530 
525.000 3.554 
526.000 3.577 
527.000 3.597 
528.000 3.614 
529.000 3.628 
530.000 3.637 
531.000 3.643 
532.000 3.645 
533.000 3.644 
534.000 3.640 
535.000 3.634 
536.000 3.626 
537.000 3.616 
538.000 3.606 
539.000 3.595 
540.000 3.585 
541.000 3.576 
542.000 3.567 
543.000 3.560 
544.000 3.554 
545.000 3.550 
546.000 3.548 
547.000 3.547 
548.000 3.547 
549.000 3.549 
550.000 3.552 
551.000 3.555 
552.000 3.559 
553.000 3.564 
554.000 3.568 
555.000 3.573 
556.000 3.577 
557.000 3.580 
558.000 3.583 
559.000 3.586 
560.000 3.587 
561.000 3.588 
562.000 3.589 
563.000 3.588 
564.000 3.588 
565.000 3.586 
566.000 3.585 
567.000 3.583 
568.000 3.581 
569.000 3.579 
570.000 3.577 
571.000 3.576 
572.000 3.574 
573.000 3.573 
574.000 3.572 
575.000 3.571 
576.000 3.571 
577.000 3.571 
578.000 3.571 
579.000 3.571 
580.000 3.572 
581.000 3.572 
582.000 3.573 
583.000 3.574 
584.000 3.575 
585.000 3.575 
586.000 3.576 
587.000 3.577 
588.000 3.577 
589.000 3.578 
590.000 3.578 
591.000 3.578 
592.000 3.578 
593.000 3.578 
594.000 3.578 
595.000 3.578 
596.000 3.578 
597.000 3.577 
598.000 3.577 
599.000 3.577 
600.000 3.576 
601.000 3.576 
602.000 3.576 
603.000 3.575 
604.000 3.575 
605.000 3.575 
606.000 3.594 
607.000 3.646 
608.000 3.737 
609.000 3.867 
610.000 4.023 
611.000 4.192 
612.000 4.364 
613.000 4.531 
614.000 4.689 
615.000 4.834 
616.000 4.965 
617.000 5.081 
618.000 5.183 
619.000 5.270 
620.000 5.343 
621.000 5.405 
622.000 5.456 
623.000 5.496 
624.000 5.529 
625.000 5.555 
626.000 5.574 
627.000 5.589 
628.000 5.599 
629.000 5.607 
630.000 5.611 
631.000 5.614 
632.000 5.615 
633.000 5.615 
634.000 5.614 
635.000 5.613 
636.000 5.612 
637.000 5.610 
638.000 5.608 
639.000 5.606 
640.000 5.604 
641.000 5.603 
642.000 5.601 
643.000 5.600 
644.000 5.599 
645.000 5.598 
646.000 5.597 
647.000 5.596 
648.000 5.596 
649.000 5.595 
650.000 5.595 
651.000 5.595 
652.000 5.594 
653.000 5.594 
654.000 5.594 
655.000 5.594 
656.000 5.594 
657.000 5.594 
658.000 5.594 
659.000 5.594 
660.000 5.594 
661.000 5.594 
662.000 5.594 
663.000 5.594 
664.000 5.594 
665.000 5.594 
666.000 5.594 
667.000 5.594 
668.000 5.594 
669.000 5.594 
670.000 5.594 
671.000 5.594 
672.000 5.594 
673.000 5.594 
674.000 5.594 
675.000 5.594 
676.000 5.594 
677.000 5.594 
678.000 5.594 
679.000 5.594 
680.000 5.594 
681.000 5.594 
682.000 5.594 
683.000 5.594 
684.000 5.594 
685.000 5.594 
686.000 5.594 
687.000 5.594 
688.000 5.594 
689.000 5.594 
690.000 5.594 
691.000 5.594 
692.000 5.594 
693.000 5.594 
694.000 5.594 
695.000 5.594 
696.000 5.594 
697.000 5.594 
698.000 5.594 
699.000 5.594 
700.000 5.594 
701.000 5.594 
702.000 5.594 
703.000 5.594 
704.000 5.594 
705.000 5.594 
706.000 5.594 
707.000 5.594 
708.000 5.594 
709.000 5.594 
710.000 5.594 
711.000 5.594 
712.000 5.594 
713.000 5.594 
714.000 5.594 
715.000 5.594 
716.000 5.594 
717.000 5.594 
718.000 5.594 
719.000 5.594 
720.000 5.594 
721.000 5.594 
722.000 5.594 
723.000 5.594 
724.000 5.594 
725.000 5.594 
726.000 5.594 
727.000 5.594 
728.000 5.594 
729.000 5.594 
730.000 5.594 
731.000 5.594 
732.000 5.594 
733.000 5.594 
734.000 5.594 
735.000 5.594 
736.000 5.594 
737.000 5.594 
738.000 5.594 
739.000 5.594 
740.000 5.594 
741.000 5.594 
742.000 5.594 
743.000 5.594 
744.000 5.594 
745.000 5.594 
746.000 5.594 
747.000 5.594 
748.000 5.594 
749.000 5.594 
750.000 5.594 
751.000 5.594 
752.000 5.594 
753.000 5.594 
754.000 5.594 
755.000 5.594 
756.000 5.594 
757.000 5.594 
758.000 5.594 
759.000 5.594 
760.000 5.594 
761.000 5.594 
762.000 5.594 
763.000 5.594 
764.000 5.594 
765.000 5.594 
766.000 5.594 
767.000 5.594 
768.000 5.594 
769.000 5.594 
770.000 5.594 
771.000 5.594 
772.000 5.594 
773.000 5.594 
774.000 5.594 
775.000 5.594 
776.000 5.594 
777.000 5.594 
778.000 5.594 
779.000 5.594 
780.000 5.594 
781.000 5.594 
782.000 5.594 
783.000 5.594 
784.000 5.594 
785.000 5.594 
786.000 5.594 
787.000 5.594 
788.000 5.594 
789.000 5.594 
790.000 5.594 
791.000 5.594 
792.000 5.594 
793.000 5.594 
794.000 5.594 
795.000 5.594 
796.000 5.594 
797.000 5.594 
798.000 5.594 
799.000 5.594 
800.000 5.594 
