1.000 0.000 
2.000 0.000 
3.000 0.000 
4.000 0.000 
5.000 0.000 
6.000 0.000 
7.000 0.000 
8.000 0.000 
9.000 0.000 
10.000 0.000 
11.000 0.000 
12.000 -0.002 
13.000 -0.006 
14.000 -0.011 
15.000 -0.015 
16.000 -0.018 
17.000 -0.020 
18.000 -0.021 
19.000 -0.021 
20.000 -0.020 
21.000 -0.020 
22.000 -0.020 
23.000 -0.021 
24.000 -0.022 
25.000 -0.023 
26.000 -0.025 
27.000 -0.026 
28.000 -0.028 
29.000 -0.029 
30.000 -0.030 
31.000 -0.031 
32.000 -0.032 
33.000 -0.032 
34.000 -0.033 
35.000 -0.034 
36.000 -0.035 
37.000 -0.035 
38.000 -0.036 
39.000 -0.037 
40.000 -0.038 
41.000 -0.039 
42.000 -0.040 
43.000 -0.041 
44.000 -0.041 
45.000 -0.042 
46.000 -0.043 
47.000 -0.043 
48.000 -0.044 
49.000 -0.045 
50.000 -0.045 
51.000 -0.046 
52.000 -0.047 
53.000 -0.047 
54.000 -0.048 
55.000 -0.049 
56.000 -0.049 
57.000 -0.050 
58.000 -0.050 
59.000 -0.051 
60.000 -0.052 
61.000 -0.052 
62.000 -0.053 
63.000 -0.053 
64.000 -0.054 
65.000 -0.054 
66.000 -0.055 
67.000 -0.055 
68.000 -0.056 
69.000 -0.056 
70.000 -0.057 
71.000 -0.057 
72.000 -0.058 
73.000 -0.058 
74.000 -0.059 
75.000 -0.059 
76.000 -0.060 
77.000 -0.060 
78.000 -0.061 
79.000 -0.061 
80.000 -0.062 
81.000 -0.062 
82.000 -0.062 
83.000 -0.063 
84.000 -0.063 
85.000 -0.064 
86.000 -0.064 
87.000 -0.064 
88.000 -0.065 
89.000 -0.065 
90.000 -0.066 
91.000 -0.066 
92.000 -0.066 
93.000 -0.067 
94.000 -0.067 
95.000 -0.067 
96.000 -0.068 
97.000 -0.068 
98.000 -0.069 
99.000 -0.069 
100.000 -0.069 
101.000 -0.070 
102.000 -0.070 
103.000 -0.070 
104.000 -0.071 
105.000 -0.071 
106.000 -0.071 
107.000 -0.072 
108.000 -0.072 
109.000 -0.072 
110.000 -0.072 
111.000 -0.073 
112.000 -0.073 
113.000 -0.073 
114.000 -0.074 
115.000 -0.074 
116.000 -0.074 
117.000 -0.074 
118.000 -0.075 
119.000 -0.075 
120.000 -0.075 
121.000 -0.076 
122.000 -0.076 
123.000 -0.076 
124.000 -0.076 
125.000 -0.077 
126.000 -0.077 
127.000 -0.076 
128.000 -0.076 
129.000 -0.075 
130.000 -0.075 
131.000 -0.075 
132.000 -0.075 
133.000 -0.075 
134.000 -0.076 
135.000 -0.076 
136.000 -0.076 
137.000 -0.076 
138.000 -0.076 
139.000 -0.076 
140.000 -0.076 
141.000 -0.076 
142.000 -0.076 
143.000 -0.076 
144.000 -0.076 
145.000 -0.076 
146.000 -0.076 
147.000 -0.076 
148.000 -0.076 
149.000 -0.076 
150.000 -0.076 
151.000 -0.076 
152.000 -0.076 
153.000 -0.076 
154.000 -0.076 
155.000 -0.076 
156.000 -0.076 
157.000 -0.076 
158.000 -0.076 
159.000 -0.076 
160.000 -0.076 
161.000 -0.076 
162.000 -0.076 
163.000 -0.076 
164.000 -0.076 
165.000 -0.076 
166.000 -0.076 
167.000 -0.076 
168.000 -0.076 
169.000 -0.076 
170.000 -0.076 
171.000 -0.076 
172.000 -0.076 
173.000 -0.076 
174.000 -0.076 
175.000 -0.076 
176.000 -0.076 
177.000 -0.076 
178.000 -0.076 
179.000 -0.076 
180.000 -0.076 
181.000 -0.076 
182.000 -0.076 
183.000 -0.077 
184.000 -0.077 
185.000 -0.077 
186.000 -0.077 
187.000 -0.077 
188.000 -0.077 
189.000 -0.077 
190.000 -0.077 
191.000 -0.077 
192.000 -0.077 
193.000 -0.077 
194.000 -0.077 
195.000 -0.077 
196.000 -0.077 
197.000 -0.077 
198.000 -0.077 
199.000 -0.077 
200.000 -0.077 
201.000 -0.077 
202.000 -0.077 
203.000 -0.077 
204.000 -0.077 
205.000 -0.077 
206.000 -0.077 
207.000 -0.077 
208.000 -0.077 
209.000 -0.077 
210.000 -0.077 
211.000 -0.077 
212.000 -0.077 
213.000 -0.077 
214.000 -0.077 
215.000 -0.077 
216.000 -0.077 
217.000 -0.077 
218.000 -0.077 
219.000 -0.077 
220.000 -0.077 
221.000 -0.077 
222.000 -0.077 
223.000 -0.077 
224.000 -0.077 
225.000 -0.077 
226.000 -0.077 
227.000 -0.077 
228.000 -0.077 
229.000 -0.077 
230.000 -0.077 
231.000 -0.077 
232.000 -0.077 
233.000 -0.077 
234.000 -0.077 
235.000 -0.077 
236.000 -0.077 
237.000 -0.077 
238.000 -0.077 
239.000 -0.077 
240.000 -0.077 
241.000 -0.077 
242.000 -0.077 
243.000 -0.077 
244.000 -0.077 
245.000 -0.077 
246.000 -0.076 
247.000 -0.072 
248.000 -0.066 
249.000 -0.060 
250.000 -0.055 
251.000 -0.053 
252.000 -0.052 
253.000 -0.053 
254.000 -0.053 
255.000 -0.053 
256.000 -0.053 
257.000 -0.052 
258.000 -0.049 
259.000 -0.047 
260.000 -0.043 
261.000 -0.040 
262.000 -0.037 
263.000 -0.034 
264.000 -0.032 
265.000 -0.029 
266.000 -0.027 
267.000 -0.025 
268.000 -0.023 
269.000 -0.021 
270.000 -0.018 
271.000 -0.015 
272.000 -0.012 
273.000 -0.009 
274.000 -0.006 
275.000 -0.003 
276.000 -0.000 
277.000 0.003 
278.000 0.006 
279.000 0.009 
280.000 0.012 
281.000 0.015 
282.000 0.018 
283.000 0.021 
284.000 0.025 
285.000 0.028 
286.000 0.031 
287.000 0.035 
288.000 0.038 
289.000 0.041 
290.000 0.045 
291.000 0.048 
292.000 0.052 
293.000 0.055 
294.000 0.058 
295.000 0.062 
296.000 0.065 
297.000 0.069 
298.000 0.072 
299.000 0.075 
300.000 0.079 
301.000 0.082 
302.000 0.086 
303.000 0.089 
304.000 0.092 
305.000 0.096 
306.000 0.099 
307.000 0.102 
308.000 0.106 
309.000 0.109 
310.000 0.112 
311.000 0.115 
312.000 0.119 
313.000 0.122 
314.000 0.125 
315.000 0.128 
316.000 0.131 
317.000 0.134 
318.000 0.137 
319.000 0.140 
320.000 0.143 
321.000 0.146 
322.000 0.148 
323.000 0.151 
324.000 0.154 
325.000 0.156 
326.000 0.159 
327.000 0.162 
328.000 0.164 
329.000 0.167 
330.000 0.169 
331.000 0.172 
332.000 0.174 
333.000 0.176 
334.000 0.178 
335.000 0.181 
336.000 0.183 
337.000 0.185 
338.000 0.187 
339.000 0.189 
340.000 0.191 
341.000 0.193 
342.000 0.195 
343.000 0.197 
344.000 0.198 
345.000 0.200 
346.000 0.202 
347.000 0.204 
348.000 0.205 
349.000 0.207 
350.000 0.208 
351.000 0.210 
352.000 0.211 
353.000 0.213 
354.000 0.214 
355.000 0.216 
356.000 0.217 
357.000 0.218 
358.000 0.219 
359.000 0.221 
360.000 0.222 
361.000 0.223 
362.000 0.224 
363.000 0.225 
364.000 0.226 
365.000 0.227 
366.000 0.246 
367.000 0.291 
368.000 0.353 
369.000 0.423 
370.000 0.488 
371.000 0.541 
372.000 0.577 
373.000 0.593 
374.000 0.594 
375.000 0.583 
376.000 0.567 
377.000 0.552 
378.000 0.543 
379.000 0.543 
380.000 0.552 
381.000 0.571 
382.000 0.598 
383.000 0.630 
384.000 0.663 
385.000 0.695 
386.000 0.722 
387.000 0.744 
388.000 0.758 
389.000 0.766 
390.000 0.768 
391.000 0.767 
392.000 0.765 
393.000 0.762 
394.000 0.762 
395.000 0.764 
396.000 0.770 
397.000 0.779 
398.000 0.790 
399.000 0.802 
400.000 0.815 
401.000 0.826 
402.000 0.836 
403.000 0.844 
404.000 0.849 
405.000 0.852 
406.000 0.853 
407.000 0.853 
408.000 0.852 
409.000 0.852 
410.000 0.851 
411.000 0.852 
412.000 0.854 
413.000 0.857 
414.000 0.861 
415.000 0.865 
416.000 0.869 
417.000 0.874 
418.000 0.877 
419.000 0.880 
420.000 0.881 
421.000 0.882 
422.000 0.883 
423.000 0.883 
424.000 0.882 
425.000 0.882 
426.000 0.882 
427.000 0.882 
428.000 0.883 
429.000 0.884 
430.000 0.885 
431.000 0.886 
432.000 0.888 
433.000 0.889 
434.000 0.890 
435.000 0.891 
436.000 0.892 
437.000 0.892 
438.000 0.892 
439.000 0.892 
440.000 0.892 
441.000 0.892 
442.000 0.892 
443.000 0.892 
444.000 0.892 
445.000 0.892 
446.000 0.892 
447.000 0.893 
448.000 0.893 
449.000 0.894 
450.000 0.894 
451.000 0.895 
452.000 0.895 
453.000 0.895 
454.000 0.895 
455.000 0.895 
456.000 0.895 
457.000 0.895 
458.000 0.895 
459.000 0.895 
460.000 0.895 
461.000 0.895 
462.000 0.895 
463.000 0.895 
464.000 0.895 
465.000 0.895 
466.000 0.895 
467.000 0.896 
468.000 0.896 
469.000 0.896 
470.000 0.896 
471.000 0.896 
472.000 0.896 
473.000 0.896 
474.000 0.896 
475.000 0.896 
476.000 0.896 
477.000 0.896 
478.000 0.896 
479.000 0.896 
480.000 0.896 
481.000 0.896 
482.000 0.896 
483.000 0.896 
484.000 0.896 
485.000 0.896 
486.000 0.985 
487.000 1.202 
488.000 1.518 
489.000 1.894 
490.000 2.297 
491.000 2.705 
492.000 3.101 
493.000 3.474 
494.000 3.792 
495.000 4.019 
496.000 4.138 
497.000 4.153 
498.000 4.082 
499.000 3.947 
500.000 3.778 
501.000 3.600 
502.000 3.439 
503.000 3.311 
504.000 3.228 
505.000 3.195 
506.000 3.210 
507.000 3.269 
508.000 3.361 
509.000 3.474 
510.000 3.596 
511.000 3.712 
512.000 3.811 
513.000 3.883 
514.000 3.923 
515.000 3.929 
516.000 3.903 
517.000 3.849 
518.000 3.775 
519.000 3.692 
520.000 3.607 
521.000 3.530 
522.000 3.467 
523.000 3.424 
524.000 3.402 
525.000 3.402 
526.000 3.421 
527.000 3.455 
528.000 3.500 
529.000 3.549 
530.000 3.598 
531.000 3.641 
532.000 3.673 
533.000 3.694 
534.000 3.701 
535.000 3.694 
536.000 3.677 
537.000 3.651 
538.000 3.620 
539.000 3.587 
540.000 3.557 
541.000 3.532 
542.000 3.514 
543.000 3.504 
544.000 3.503 
545.000 3.510 
546.000 3.523 
547.000 3.540 
548.000 3.560 
549.000 3.579 
550.000 3.597 
551.000 3.611 
552.000 3.620 
553.000 3.624 
554.000 3.622 
555.000 3.616 
556.000 3.607 
557.000 3.595 
558.000 3.582 
559.000 3.570 
560.000 3.560 
561.000 3.552 
562.000 3.548 
563.000 3.547 
564.000 3.549 
565.000 3.553 
566.000 3.560 
567.000 3.568 
568.000 3.576 
569.000 3.583 
570.000 3.589 
571.000 3.593 
572.000 3.595 
573.000 3.594 
574.000 3.592 
575.000 3.589 
576.000 3.584 
577.000 3.579 
578.000 3.574 
579.000 3.570 
580.000 3.567 
581.000 3.565 
582.000 3.564 
583.000 3.565 
584.000 3.567 
585.000 3.569 
586.000 3.572 
587.000 3.575 
588.000 3.578 
589.000 3.581 
590.000 3.582 
591.000 3.583 
592.000 3.583 
593.000 3.583 
594.000 3.581 
595.000 3.580 
596.000 3.578 
597.000 3.576 
598.000 3.574 
599.000 3.573 
600.000 3.572 
601.000 3.571 
602.000 3.572 
603.000 3.572 
604.000 3.573 
605.000 3.574 
606.000 3.630 
607.000 3.743 
608.000 3.891 
609.000 4.060 
610.000 4.236 
611.000 4.411 
612.000 4.579 
613.000 4.735 
614.000 4.878 
615.000 5.006 
616.000 5.118 
617.000 5.215 
618.000 5.298 
619.000 5.368 
620.000 5.425 
621.000 5.473 
622.000 5.511 
623.000 5.541 
624.000 5.564 
625.000 5.581 
626.000 5.594 
627.000 5.603 
628.000 5.609 
629.000 5.613 
630.000 5.615 
631.000 5.616 
632.000 5.615 
633.000 5.614 
634.000 5.613 
635.000 5.611 
636.000 5.609 
637.000 5.607 
638.000 5.606 
639.000 5.604 
640.000 5.602 
641.000 5.601 
642.000 5.600 
643.000 5.599 
644.000 5.598 
645.000 5.597 
646.000 5.596 
647.000 5.596 
648.000 5.595 
649.000 5.595 
650.000 5.595 
651.000 5.594 
652.000 5.594 
653.000 5.594 
654.000 5.594 
655.000 5.594 
656.000 5.594 
657.000 5.594 
658.000 5.594 
659.000 5.594 
660.000 5.594 
661.000 5.594 
662.000 5.594 
663.000 5.594 
664.000 5.594 
665.000 5.594 
666.000 5.594 
667.000 5.594 
668.000 5.594 
669.000 5.594 
670.000 5.594 
671.000 5.594 
672.000 5.594 
673.000 5.594 
674.000 5.594 
675.000 5.594 
676.000 5.594 
677.000 5.594 
678.000 5.594 
679.000 5.594 
680.000 5.594 
681.000 5.594 
682.000 5.594 
683.000 5.594 
684.000 5.594 
685.000 5.594 
686.000 5.594 
687.000 5.594 
688.000 5.594 
689.000 5.594 
690.000 5.594 
691.000 5.594 
692.000 5.594 
693.000 5.594 
694.000 5.594 
695.000 5.594 
696.000 5.594 
697.000 5.594 
698.000 5.594 
699.000 5.594 
700.000 5.594 
701.000 5.594 
702.000 5.594 
703.000 5.594 
704.000 5.594 
705.000 5.594 
706.000 5.594 
707.000 5.594 
708.000 5.594 
709.000 5.594 
710.000 5.594 
711.000 5.594 
712.000 5.594 
713.000 5.594 
714.000 5.594 
715.000 5.594 
716.000 5.594 
717.000 5.594 
718.000 5.594 
719.000 5.594 
720.000 5.594 
721.000 5.594 
722.000 5.594 
723.000 5.594 
724.000 5.594 
725.000 5.594 
726.000 5.594 
727.000 5.594 
728.000 5.594 
729.000 5.594 
730.000 5.594 
731.000 5.594 
732.000 5.594 
733.000 5.594 
734.000 5.594 
735.000 5.594 
736.000 5.594 
737.000 5.594 
738.000 5.594 
739.000 5.594 
740.000 5.594 
741.000 5.594 
742.000 5.594 
743.000 5.594 
744.000 5.594 
745.000 5.594 
746.000 5.594 
747.000 5.594 
748.000 5.594 
749.000 5.594 
750.000 5.594 
751.000 5.594 
752.000 5.594 
753.000 5.594 
754.000 5.594 
755.000 5.594 
756.000 5.594 
757.000 5.594 
758.000 5.594 
759.000 5.594 
760.000 5.594 
761.000 5.594 
762.000 5.594 
763.000 5.594 
764.000 5.594 
765.000 5.594 
766.000 5.594 
767.000 5.594 
768.000 5.594 
769.000 5.594 
770.000 5.594 
771.000 5.594 
772.000 5.594 
773.000 5.594 
774.000 5.594 
775.000 5.594 
776.000 5.594 
777.000 5.594 
778.000 5.594 
779.000 5.594 
780.000 5.594 
781.000 5.594 
782.000 5.594 
783.000 5.594 
784.000 5.594 
785.000 5.594 
786.000 5.594 
787.000 5.594 
788.000 5.594 
789.000 5.594 
790.000 5.594 
791.000 5.594 
792.000 5.594 
793.000 5.594 
794.000 5.594 
795.000 5.594 
796.000 5.594 
797.000 5.594 
798.000 5.594 
799.000 5.594 
800.000 5.594 
