1.000 0.000 
2.000 0.000 
3.000 0.000 
4.000 0.000 
5.000 0.000 
6.000 0.000 
7.000 0.000 
8.000 0.000 
9.000 0.000 
10.000 0.000 
11.000 0.000 
12.000 -0.000 
13.000 -0.001 
14.000 -0.003 
15.000 -0.004 
16.000 -0.006 
17.000 -0.009 
18.000 -0.011 
19.000 -0.012 
20.000 -0.014 
21.000 -0.016 
22.000 -0.017 
23.000 -0.018 
24.000 -0.019 
25.000 -0.020 
26.000 -0.021 
27.000 -0.022 
28.000 -0.022 
29.000 -0.023 
30.000 -0.024 
31.000 -0.024 
32.000 -0.025 
33.000 -0.026 
34.000 -0.027 
35.000 -0.027 
36.000 -0.028 
37.000 -0.029 
38.000 -0.030 
39.000 -0.031 
40.000 -0.032 
41.000 -0.032 
42.000 -0.033 
43.000 -0.034 
44.000 -0.035 
45.000 -0.035 
46.000 -0.036 
47.000 -0.037 
48.000 -0.037 
49.000 -0.038 
50.000 -0.039 
51.000 -0.039 
52.000 -0.040 
53.000 -0.041 
54.000 -0.041 
55.000 -0.042 
56.000 -0.042 
57.000 -0.043 
58.000 -0.044 
59.000 -0.044 
60.000 -0.045 
61.000 -0.045 
62.000 -0.046 
63.000 -0.046 
64.000 -0.047 
65.000 -0.047 
66.000 -0.048 
67.000 -0.048 
68.000 -0.049 
69.000 -0.049 
70.000 -0.050 
71.000 -0.050 
72.000 -0.051 
73.000 -0.051 
74.000 -0.052 
75.000 -0.052 
76.000 -0.053 
77.000 -0.053 
78.000 -0.054 
79.000 -0.054 
80.000 -0.055 
81.000 -0.055 
82.000 -0.055 
83.000 -0.056 
84.000 -0.056 
85.000 -0.057 
86.000 -0.057 
87.000 -0.057 
88.000 -0.058 
89.000 -0.058 
90.000 -0.059 
91.000 -0.059 
92.000 -0.059 
93.000 -0.060 
94.000 -0.060 
95.000 -0.061 
96.000 -0.061 
97.000 -0.061 
98.000 -0.062 
99.000 -0.062 
100.000 -0.062 
101.000 -0.063 
102.000 -0.063 
103.000 -0.063 
104.000 -0.064 
105.000 -0.064 
106.000 -0.064 
107.000 -0.065 
108.000 -0.065 
109.000 -0.065 
110.000 -0.066 
111.000 -0.066 
112.000 -0.066 
113.000 -0.067 
114.000 -0.067 
115.000 -0.067 
116.000 -0.067 
117.000 -0.068 
118.000 -0.068 
119.000 -0.068 
120.000 -0.069 
121.000 -0.069 
122.000 -0.069 
123.000 -0.069 
124.000 -0.070 
125.000 -0.070 
126.000 -0.070 
127.000 -0.070 
128.000 -0.070 
129.000 -0.070 
130.000 -0.070 
131.000 -0.070 
132.000 -0.070 
133.000 -0.070 
134.000 -0.070 
135.000 -0.070 
136.000 -0.070 
137.000 -0.070 
138.000 -0.070 
139.000 -0.070 
140.000 -0.070 
141.000 -0.070 
142.000 -0.070 
143.000 -0.070 
144.000 -0.070 
145.000 -0.070 
146.000 -0.070 
147.000 -0.070 
148.000 -0.070 
149.000 -0.070 
150.000 -0.071 
151.000 -0.071 
152.000 -0.071 
153.000 -0.071 
154.000 -0.071 
155.000 -0.071 
156.000 -0.071 
157.000 -0.071 
158.000 -0.071 
159.000 -0.071 
160.000 -0.071 
161.000 -0.071 
162.000 -0.071 
163.000 -0.071 
164.000 -0.071 
165.000 -0.071 
166.000 -0.071 
167.000 -0.071 
168.000 -0.071 
169.000 -0.071 
170.000 -0.071 
171.000 -0.071 
172.000 -0.071 
173.000 -0.071 
174.000 -0.071 
175.000 -0.071 
176.000 -0.071 
177.000 -0.071 
178.000 -0.071 
179.000 -0.071 
180.000 -0.072 
181.000 -0.072 
182.000 -0.072 
183.000 -0.072 
184.000 -0.072 
185.000 -0.072 
186.000 -0.072 
187.000 -0.072 
188.000 -0.072 
189.000 -0.072 
190.000 -0.072 
191.000 -0.072 
192.000 -0.072 
193.000 -0.072 
194.000 -0.072 
195.000 -0.072 
196.000 -0.072 
197.000 -0.072 
198.000 -0.072 
199.000 -0.072 
200.000 -0.072 
201.000 -0.072 
202.000 -0.072 
203.000 -0.072 
204.000 -0.072 
205.000 -0.072 
206.000 -0.072 
207.000 -0.072 
208.000 -0.072 
209.000 -0.072 
210.000 -0.072 
211.000 -0.072 
212.000 -0.072 
213.000 -0.072 
214.000 -0.073 
215.000 -0.073 
216.000 -0.073 
217.000 -0.073 
218.000 -0.073 
219.000 -0.073 
220.000 -0.073 
221.000 -0.073 
222.000 -0.073 
223.000 -0.073 
224.000 -0.073 
225.000 -0.073 
226.000 -0.073 
227.000 -0.073 
228.000 -0.073 
229.000 -0.073 
230.000 -0.073 
231.000 -0.073 
232.000 -0.073 
233.000 -0.073 
234.000 -0.073 
235.000 -0.073 
236.000 -0.073 
237.000 -0.073 
238.000 -0.073 
239.000 -0.073 
240.000 -0.073 
241.000 -0.073 
242.000 -0.073 
243.000 -0.073 
244.000 -0.073 
245.000 -0.073 
246.000 -0.073 
247.000 -0.072 
248.000 -0.071 
249.000 -0.069 
250.000 -0.067 
251.000 -0.064 
252.000 -0.062 
253.000 -0.059 
254.000 -0.057 
255.000 -0.055 
256.000 -0.053 
257.000 -0.051 
258.000 -0.049 
259.000 -0.048 
260.000 -0.046 
261.000 -0.045 
262.000 -0.043 
263.000 -0.042 
264.000 -0.040 
265.000 -0.039 
266.000 -0.037 
267.000 -0.035 
268.000 -0.034 
269.000 -0.032 
270.000 -0.029 
271.000 -0.027 
272.000 -0.025 
273.000 -0.023 
274.000 -0.021 
275.000 -0.018 
276.000 -0.016 
277.000 -0.014 
278.000 -0.011 
279.000 -0.009 
280.000 -0.006 
281.000 -0.004 
282.000 -0.001 
283.000 0.001 
284.000 0.004 
285.000 0.006 
286.000 0.009 
287.000 0.011 
288.000 0.014 
289.000 0.016 
290.000 0.019 
291.000 0.022 
292.000 0.025 
293.000 0.027 
294.000 0.030 
295.000 0.033 
296.000 0.036 
297.000 0.038 
298.000 0.041 
299.000 0.044 
300.000 0.047 
301.000 0.050 
302.000 0.053 
303.000 0.056 
304.000 0.058 
305.000 0.061 
306.000 0.064 
307.000 0.067 
308.000 0.070 
309.000 0.073 
310.000 0.076 
311.000 0.079 
312.000 0.082 
313.000 0.084 
314.000 0.087 
315.000 0.090 
316.000 0.093 
317.000 0.096 
318.000 0.099 
319.000 0.102 
320.000 0.104 
321.000 0.107 
322.000 0.110 
323.000 0.113 
324.000 0.115 
325.000 0.118 
326.000 0.121 
327.000 0.123 
328.000 0.126 
329.000 0.129 
330.000 0.131 
331.000 0.134 
332.000 0.136 
333.000 0.139 
334.000 0.141 
335.000 0.144 
336.000 0.146 
337.000 0.149 
338.000 0.151 
339.000 0.153 
340.000 0.156 
341.000 0.158 
342.000 0.160 
343.000 0.162 
344.000 0.164 
345.000 0.167 
346.000 0.169 
347.000 0.171 
348.000 0.173 
349.000 0.175 
350.000 0.177 
351.000 0.179 
352.000 0.180 
353.000 0.182 
354.000 0.184 
355.000 0.186 
356.000 0.188 
357.000 0.189 
358.000 0.191 
359.000 0.193 
360.000 0.194 
361.000 0.196 
362.000 0.198 
363.000 0.199 
364.000 0.201 
365.000 0.202 
366.000 0.207 
367.000 0.217 
368.000 0.233 
369.000 0.255 
370.000 0.282 
371.000 0.312 
372.000 0.344 
373.000 0.378 
374.000 0.411 
375.000 0.443 
376.000 0.473 
377.000 0.500 
378.000 0.524 
379.000 0.545 
380.000 0.563 
381.000 0.577 
382.000 0.589 
383.000 0.599 
384.000 0.608 
385.000 0.615 
386.000 0.622 
387.000 0.629 
388.000 0.636 
389.000 0.644 
390.000 0.652 
391.000 0.662 
392.000 0.672 
393.000 0.684 
394.000 0.696 
395.000 0.708 
396.000 0.721 
397.000 0.734 
398.000 0.746 
399.000 0.758 
400.000 0.769 
401.000 0.780 
402.000 0.790 
403.000 0.798 
404.000 0.806 
405.000 0.813 
406.000 0.818 
407.000 0.823 
408.000 0.827 
409.000 0.830 
410.000 0.833 
411.000 0.836 
412.000 0.838 
413.000 0.840 
414.000 0.842 
415.000 0.844 
416.000 0.847 
417.000 0.849 
418.000 0.851 
419.000 0.854 
420.000 0.857 
421.000 0.859 
422.000 0.862 
423.000 0.865 
424.000 0.868 
425.000 0.870 
426.000 0.872 
427.000 0.875 
428.000 0.877 
429.000 0.878 
430.000 0.880 
431.000 0.881 
432.000 0.882 
433.000 0.883 
434.000 0.884 
435.000 0.885 
436.000 0.885 
437.000 0.886 
438.000 0.886 
439.000 0.886 
440.000 0.887 
441.000 0.887 
442.000 0.887 
443.000 0.888 
444.000 0.888 
445.000 0.889 
446.000 0.889 
447.000 0.889 
448.000 0.890 
449.000 0.891 
450.000 0.891 
451.000 0.891 
452.000 0.892 
453.000 0.892 
454.000 0.893 
455.000 0.893 
456.000 0.893 
457.000 0.894 
458.000 0.894 
459.000 0.894 
460.000 0.894 
461.000 0.894 
462.000 0.894 
463.000 0.894 
464.000 0.894 
465.000 0.894 
466.000 0.894 
467.000 0.894 
468.000 0.894 
469.000 0.895 
470.000 0.895 
471.000 0.895 
472.000 0.895 
473.000 0.895 
474.000 0.895 
475.000 0.895 
476.000 0.895 
477.000 0.895 
478.000 0.895 
479.000 0.895 
480.000 0.895 
481.000 0.896 
482.000 0.896 
483.000 0.896 
484.000 0.896 
485.000 0.896 
486.000 0.915 
487.000 0.969 
488.000 1.065 
489.000 1.205 
490.000 1.386 
491.000 1.604 
492.000 1.854 
493.000 2.129 
494.000 2.420 
495.000 2.719 
496.000 3.018 
497.000 3.307 
498.000 3.578 
499.000 3.823 
500.000 4.035 
501.000 4.208 
502.000 4.338 
503.000 4.421 
504.000 4.457 
505.000 4.446 
506.000 4.391 
507.000 4.296 
508.000 4.168 
509.000 4.014 
510.000 3.843 
511.000 3.664 
512.000 3.486 
513.000 3.319 
514.000 3.169 
515.000 3.041 
516.000 2.941 
517.000 2.872 
518.000 2.834 
519.000 2.827 
520.000 2.850 
521.000 2.900 
522.000 2.975 
523.000 3.070 
524.000 3.181 
525.000 3.304 
526.000 3.432 
527.000 3.562 
528.000 3.687 
529.000 3.805 
530.000 3.909 
531.000 3.997 
532.000 4.065 
533.000 4.111 
534.000 4.135 
535.000 4.134 
536.000 4.111 
537.000 4.066 
538.000 4.002 
539.000 3.923 
540.000 3.833 
541.000 3.735 
542.000 3.634 
543.000 3.535 
544.000 3.442 
545.000 3.358 
546.000 3.287 
547.000 3.231 
548.000 3.192 
549.000 3.170 
550.000 3.165 
551.000 3.177 
552.000 3.204 
553.000 3.245 
554.000 3.298 
555.000 3.360 
556.000 3.428 
557.000 3.499 
558.000 3.571 
559.000 3.640 
560.000 3.704 
561.000 3.761 
562.000 3.809 
563.000 3.845 
564.000 3.869 
565.000 3.881 
566.000 3.880 
567.000 3.866 
568.000 3.841 
569.000 3.806 
570.000 3.763 
571.000 3.713 
572.000 3.660 
573.000 3.606 
574.000 3.552 
575.000 3.502 
576.000 3.456 
577.000 3.418 
578.000 3.387 
579.000 3.366 
580.000 3.353 
581.000 3.351 
582.000 3.357 
583.000 3.372 
584.000 3.395 
585.000 3.424 
586.000 3.458 
587.000 3.496 
588.000 3.535 
589.000 3.574 
590.000 3.612 
591.000 3.648 
592.000 3.679 
593.000 3.704 
594.000 3.724 
595.000 3.737 
596.000 3.743 
597.000 3.742 
598.000 3.734 
599.000 3.720 
600.000 3.701 
601.000 3.677 
602.000 3.650 
603.000 3.621 
604.000 3.591 
605.000 3.562 
606.000 3.552 
607.000 3.577 
608.000 3.646 
609.000 3.761 
610.000 3.911 
611.000 4.079 
612.000 4.254 
613.000 4.428 
614.000 4.595 
615.000 4.750 
616.000 4.891 
617.000 5.017 
618.000 5.127 
619.000 5.223 
620.000 5.305 
621.000 5.373 
622.000 5.430 
623.000 5.476 
624.000 5.513 
625.000 5.543 
626.000 5.565 
627.000 5.582 
628.000 5.595 
629.000 5.604 
630.000 5.610 
631.000 5.613 
632.000 5.615 
633.000 5.616 
634.000 5.615 
635.000 5.614 
636.000 5.613 
637.000 5.611 
638.000 5.609 
639.000 5.607 
640.000 5.605 
641.000 5.604 
642.000 5.602 
643.000 5.601 
644.000 5.600 
645.000 5.598 
646.000 5.598 
647.000 5.597 
648.000 5.596 
649.000 5.596 
650.000 5.595 
651.000 5.595 
652.000 5.595 
653.000 5.594 
654.000 5.594 
655.000 5.594 
656.000 5.594 
657.000 5.594 
658.000 5.594 
659.000 5.594 
660.000 5.594 
661.000 5.594 
662.000 5.594 
663.000 5.594 
664.000 5.594 
665.000 5.594 
666.000 5.594 
667.000 5.594 
668.000 5.594 
669.000 5.594 
670.000 5.594 
671.000 5.594 
672.000 5.594 
673.000 5.594 
674.000 5.594 
675.000 5.594 
676.000 5.594 
677.000 5.594 
678.000 5.594 
679.000 5.594 
680.000 5.594 
681.000 5.594 
682.000 5.594 
683.000 5.594 
684.000 5.594 
685.000 5.594 
686.000 5.594 
687.000 5.594 
688.000 5.594 
689.000 5.594 
690.000 5.594 
691.000 5.594 
692.000 5.594 
693.000 5.594 
694.000 5.594 
695.000 5.594 
696.000 5.594 
697.000 5.594 
698.000 5.594 
699.000 5.594 
700.000 5.594 
701.000 5.594 
702.000 5.594 
703.000 5.594 
704.000 5.594 
705.000 5.594 
706.000 5.594 
707.000 5.594 
708.000 5.594 
709.000 5.594 
710.000 5.594 
711.000 5.594 
712.000 5.594 
713.000 5.594 
714.000 5.594 
715.000 5.594 
716.000 5.594 
717.000 5.594 
718.000 5.594 
719.000 5.594 
720.000 5.594 
721.000 5.594 
722.000 5.594 
723.000 5.594 
724.000 5.594 
725.000 5.594 
726.000 5.594 
727.000 5.594 
728.000 5.594 
729.000 5.594 
730.000 5.594 
731.000 5.594 
732.000 5.594 
733.000 5.594 
734.000 5.594 
735.000 5.594 
736.000 5.594 
737.000 5.594 
738.000 5.594 
739.000 5.594 
740.000 5.594 
741.000 5.594 
742.000 5.594 
743.000 5.594 
744.000 5.594 
745.000 5.594 
746.000 5.594 
747.000 5.594 
748.000 5.594 
749.000 5.594 
750.000 5.594 
751.000 5.594 
752.000 5.594 
753.000 5.594 
754.000 5.594 
755.000 5.594 
756.000 5.594 
757.000 5.594 
758.000 5.594 
759.000 5.594 
760.000 5.594 
761.000 5.594 
762.000 5.594 
763.000 5.594 
764.000 5.594 
765.000 5.594 
766.000 5.594 
767.000 5.594 
768.000 5.594 
769.000 5.594 
770.000 5.594 
771.000 5.594 
772.000 5.594 
773.000 5.594 
774.000 5.594 
775.000 5.594 
776.000 5.594 
777.000 5.594 
778.000 5.594 
779.000 5.594 
780.000 5.594 
781.000 5.594 
782.000 5.594 
783.000 5.594 
784.000 5.594 
785.000 5.594 
786.000 5.594 
787.000 5.594 
788.000 5.594 
789.000 5.594 
790.000 5.594 
791.000 5.594 
792.000 5.594 
793.000 5.594 
794.000 5.594 
795.000 5.594 
796.000 5.594 
797.000 5.594 
798.000 5.594 
799.000 5.594 
800.000 5.594 
