1.000 0.000 
2.000 0.000 
3.000 13.183 
4.000 12.890 
5.000 12.597 
6.000 12.303 
7.000 12.010 
8.000 11.716 
9.000 11.423 
10.000 11.766 
11.000 11.485 
12.000 11.204 
13.000 11.469 
14.000 11.199 
15.000 11.474 
16.000 11.760 
17.000 12.148 
18.000 11.913 
19.000 12.222 
20.000 12.543 
21.000 12.874 
22.000 13.307 
23.000 14.207 
24.000 14.583 
25.000 15.061 
26.000 16.006 
27.000 16.427 
28.000 16.950 
29.000 17.940 
30.000 18.406 
31.000 19.519 
32.000 20.020 
33.000 21.167 
34.000 21.702 
35.000 22.247 
36.000 23.440 
37.000 24.019 
38.000 25.155 
39.000 25.858 
40.000 26.483 
41.000 27.118 
42.000 28.401 
43.000 29.070 
44.000 29.751 
45.000 30.442 
46.000 31.235 
47.000 31.404 
48.000 32.118 
49.000 32.844 
50.000 33.035 
51.000 33.771 
52.000 33.972 
53.000 34.810 
54.000 35.025 
55.000 35.239 
56.000 35.998 
57.000 36.223 
58.000 36.448 
59.000 36.673 
60.000 36.898 
61.000 36.578 
62.000 36.792 
63.000 37.006 
64.000 36.584 
65.000 36.786 
66.000 36.987 
67.000 36.644 
68.000 36.289 
69.000 36.469 
70.000 36.104 
71.000 35.637 
72.000 35.248 
73.000 35.394 
74.000 34.994 
75.000 34.584 
76.000 34.071 
77.000 33.638 
78.000 33.738 
79.000 33.294 
80.000 33.384 
81.000 32.928 
82.000 32.371 
83.000 31.893 
84.000 31.948 
85.000 31.459 
86.000 30.958 
87.000 30.993 
88.000 30.390 
89.000 29.867 
90.000 29.332 
91.000 29.332 
92.000 28.787 
93.000 28.140 
94.000 28.116 
95.000 27.547 
96.000 27.513 
97.000 26.934 
98.000 26.889 
99.000 26.844 
100.000 26.253 
101.000 26.197 
102.000 26.142 
103.000 26.086 
104.000 25.394 
105.000 25.325 
106.000 25.257 
107.000 25.188 
108.000 25.120 
109.000 25.052 
110.000 24.983 
111.000 24.915 
112.000 24.846 
113.000 24.778 
114.000 24.710 
115.000 25.278 
116.000 25.222 
117.000 25.166 
118.000 25.110 
119.000 25.054 
120.000 25.544 
121.000 25.499 
122.000 25.454 
123.000 25.409 
124.000 25.909 
125.000 25.875 
126.000 26.386 
127.000 26.363 
128.000 26.976 
129.000 26.965 
130.000 27.500 
131.000 27.500 
132.000 27.500 
133.000 28.045 
134.000 28.056 
135.000 28.067 
136.000 28.623 
137.000 28.644 
138.000 28.666 
139.000 28.688 
140.000 29.346 
141.000 29.380 
142.000 29.414 
143.000 29.994 
144.000 30.039 
145.000 30.084 
146.000 30.129 
147.000 30.174 
148.000 30.764 
149.000 30.820 
150.000 30.876 
151.000 30.931 
152.000 30.987 
153.000 31.043 
154.000 31.099 
155.000 31.155 
156.000 31.210 
157.000 31.266 
158.000 31.322 
159.000 31.378 
160.000 31.434 
161.000 31.489 
162.000 31.545 
163.000 31.056 
164.000 31.101 
165.000 31.146 
166.000 31.191 
167.000 31.236 
168.000 31.281 
169.000 31.326 
170.000 31.371 
171.000 30.870 
172.000 30.904 
173.000 30.939 
174.000 30.973 
175.000 30.371 
176.000 30.392 
177.000 30.414 
178.000 29.890 
179.000 29.901 
180.000 29.912 
181.000 29.922 
182.000 29.933 
183.000 29.399 
184.000 29.399 
185.000 29.399 
186.000 29.399 
187.000 29.399 
188.000 28.853 
189.000 28.842 
190.000 28.832 
191.000 28.821 
192.000 28.810 
193.000 28.163 
194.000 28.776 
195.000 28.765 
196.000 28.118 
197.000 28.095 
198.000 28.071 
199.000 28.048 
200.000 28.024 
201.000 28.001 
202.000 27.978 
203.000 27.954 
204.000 27.931 
205.000 27.907 
206.000 27.884 
207.000 27.861 
208.000 27.837 
209.000 27.814 
210.000 27.790 
211.000 27.767 
212.000 27.744 
213.000 27.720 
214.000 27.697 
215.000 27.673 
216.000 27.650 
217.000 27.627 
218.000 28.239 
219.000 28.229 
220.000 28.218 
221.000 28.207 
222.000 28.196 
223.000 28.731 
224.000 28.731 
225.000 28.731 
226.000 28.731 
227.000 28.731 
228.000 28.731 
229.000 28.731 
230.000 28.731 
231.000 28.731 
232.000 29.276 
233.000 29.287 
234.000 29.298 
235.000 29.309 
236.000 29.319 
237.000 29.330 
238.000 29.341 
239.000 29.352 
240.000 29.363 
241.000 29.373 
242.000 29.384 
243.000 29.940 
244.000 29.417 
245.000 29.973 
246.000 29.449 
247.000 29.460 
248.000 29.471 
249.000 29.481 
250.000 29.492 
251.000 29.503 
252.000 29.514 
253.000 29.525 
254.000 29.535 
255.000 29.546 
256.000 29.557 
257.000 29.568 
258.000 29.579 
259.000 29.589 
260.000 29.600 
261.000 29.611 
262.000 29.622 
263.000 30.178 
264.000 30.200 
265.000 30.221 
266.000 30.243 
267.000 30.264 
268.000 30.286 
269.000 30.308 
270.000 30.329 
271.000 30.351 
272.000 30.372 
273.000 29.849 
274.000 29.859 
275.000 29.870 
276.000 29.881 
277.000 29.892 
278.000 29.903 
279.000 29.913 
280.000 29.924 
281.000 29.935 
282.000 29.400 
283.000 29.400 
284.000 29.400 
285.000 29.400 
286.000 29.400 
287.000 29.400 
288.000 29.400 
289.000 29.400 
290.000 29.400 
291.000 29.400 
292.000 29.400 
293.000 28.855 
294.000 29.390 
295.000 29.390 
296.000 29.390 
297.000 29.390 
298.000 28.844 
299.000 28.833 
300.000 28.823 
301.000 28.812 
302.000 28.801 
303.000 28.790 
304.000 28.779 
305.000 28.769 
306.000 28.758 
307.000 28.747 
308.000 28.736 
309.000 28.725 
310.000 28.715 
311.000 28.704 
312.000 28.693 
313.000 28.682 
314.000 28.671 
315.000 28.661 
316.000 28.650 
317.000 28.639 
318.000 28.628 
319.000 27.981 
320.000 28.594 
321.000 28.583 
322.000 27.936 
323.000 28.549 
324.000 28.538 
325.000 28.527 
326.000 28.517 
327.000 28.506 
328.000 28.495 
329.000 28.484 
330.000 28.473 
331.000 28.463 
332.000 28.452 
333.000 28.441 
334.000 28.430 
335.000 28.419 
336.000 28.409 
337.000 28.398 
338.000 28.387 
339.000 28.376 
340.000 28.365 
341.000 28.355 
342.000 28.344 
343.000 28.333 
344.000 28.322 
345.000 28.311 
346.000 28.301 
347.000 28.290 
348.000 28.824 
349.000 28.824 
350.000 28.824 
351.000 74.274 
352.000 64.409 
353.000 64.993 
354.000 65.576 
355.000 66.159 
356.000 66.743 
357.000 67.326 
358.000 67.486 
359.000 68.062 
360.000 68.639 
361.000 68.721 
362.000 68.865 
363.000 69.427 
364.000 69.564 
365.000 69.201 
366.000 69.316 
367.000 69.425 
368.000 69.526 
369.000 69.127 
370.000 68.783 
371.000 68.354 
372.000 67.981 
373.000 67.523 
374.000 67.120 
375.000 67.057 
376.000 66.632 
377.000 66.123 
378.000 65.245 
379.000 64.700 
380.000 64.210 
381.000 63.635 
382.000 62.622 
383.000 62.081 
384.000 61.455 
385.000 60.461 
386.000 59.799 
387.000 59.256 
388.000 58.716 
389.000 58.204 
390.000 57.126 
391.000 56.550 
392.000 55.893 
393.000 55.126 
394.000 54.404 
395.000 53.486 
396.000 52.619 
397.000 51.657 
398.000 51.245 
399.000 50.342 
400.000 49.345 
401.000 48.413 
402.000 47.871 
403.000 47.401 
404.000 46.441 
405.000 45.870 
406.000 44.889 
407.000 44.611 
408.000 44.589 
409.000 44.102 
410.000 44.560 
411.000 42.500 
412.000 46.052 
413.000 40.494 
414.000 48.732 
415.000 39.269 
416.000 48.758 
417.000 38.584 
418.000 47.339 
419.000 37.879 
420.000 46.434 
421.000 37.160 
422.000 45.416 
423.000 36.346 
424.000 45.009 
425.000 35.604 
426.000 44.046 
427.000 36.954 
428.000 43.618 
429.000 37.367 
430.000 43.189 
431.000 37.753 
432.000 42.761 
433.000 38.112 
434.000 42.878 
435.000 38.104 
436.000 42.471 
437.000 38.417 
438.000 42.064 
439.000 39.312 
440.000 42.306 
441.000 38.621 
442.000 41.925 
443.000 38.871 
444.000 42.089 
445.000 38.833 
446.000 41.729 
447.000 39.048 
448.000 41.369 
449.000 39.245 
450.000 41.009 
451.000 39.956 
452.000 41.205 
453.000 39.371 
454.000 40.866 
455.000 40.056 
456.000 41.008 
457.000 39.569 
458.000 41.404 
459.000 39.379 
460.000 41.112 
461.000 40.033 
462.000 41.333 
463.000 39.496 
464.000 41.107 
465.000 39.544 
466.000 41.382 
467.000 39.484 
468.000 41.134 
469.000 39.575 
470.000 41.431 
471.000 39.514 
472.000 41.204 
473.000 39.593 
474.000 40.977 
475.000 40.287 
476.000 41.045 
477.000 40.016 
478.000 41.178 
479.000 39.668 
480.000 41.541 
481.000 39.059 
482.000 41.351 
483.000 39.644 
484.000 41.171 
485.000 39.695 
486.000 40.991 
487.000 39.741 
488.000 41.356 
489.000 39.690 
490.000 41.198 
491.000 39.730 
492.000 41.039 
493.000 39.768 
494.000 40.881 
495.000 40.336 
496.000 40.895 
497.000 40.192 
498.000 40.925 
499.000 40.653 
500.000 40.910 
501.000 40.565 
502.000 40.903 
503.000 41.003 
504.000 40.848 
505.000 40.982 
506.000 40.788 
507.000 40.965 
508.000 40.724 
509.000 40.951 
510.000 40.655 
511.000 40.943 
512.000 40.581 
513.000 41.478 
514.000 39.917 
515.000 42.048 
516.000 39.740 
517.000 41.980 
518.000 39.758 
519.000 41.911 
520.000 39.774 
521.000 41.843 
522.000 39.791 
523.000 41.775 
524.000 39.806 
525.000 42.252 
526.000 39.755 
527.000 42.205 
528.000 39.767 
529.000 42.158 
530.000 39.779 
531.000 42.111 
532.000 39.791 
533.000 42.064 
534.000 39.802 
535.000 42.018 
536.000 39.813 
537.000 41.971 
538.000 39.823 
539.000 41.924 
540.000 39.833 
541.000 41.332 
542.000 39.889 
543.000 41.263 
544.000 39.899 
545.000 41.195 
546.000 39.378 
547.000 41.116 
548.000 39.919 
549.000 41.047 
550.000 39.395 
551.000 40.423 
552.000 39.947 
553.000 40.333 
554.000 39.951 
555.000 40.243 
556.000 39.954 
557.000 40.153 
558.000 39.955 
559.000 40.063 
560.000 39.956 
561.000 39.973 
562.000 39.928 
563.000 39.883 
564.000 39.838 
565.000 39.793 
566.000 39.202 
567.000 39.147 
568.000 39.091 
569.000 39.035 
570.000 39.525 
571.000 39.480 
572.000 39.435 
573.000 39.390 
574.000 39.345 
575.000 39.300 
576.000 39.255 
577.000 39.210 
578.000 39.710 
579.000 39.676 
580.000 39.642 
581.000 39.607 
582.000 39.573 
583.000 40.084 
584.000 39.982 
585.000 40.038 
586.000 39.979 
587.000 39.991 
588.000 39.967 
589.000 39.944 
590.000 40.557 
591.000 40.021 
592.000 40.516 
593.000 40.039 
594.000 40.477 
595.000 40.054 
596.000 40.441 
597.000 40.067 
598.000 40.952 
599.000 40.111 
600.000 40.910 
601.000 40.151 
602.000 40.873 
603.000 40.186 
604.000 41.382 
605.000 40.241 
606.000 41.351 
607.000 40.290 
608.000 41.324 
609.000 40.335 
610.000 41.302 
611.000 40.376 
612.000 41.824 
613.000 40.422 
614.000 41.821 
615.000 40.462 
616.000 41.823 
617.000 39.975 
618.000 41.766 
619.000 40.572 
620.000 41.238 
621.000 40.595 
622.000 41.236 
623.000 40.617 
624.000 41.235 
625.000 40.637 
626.000 41.236 
627.000 40.656 
628.000 41.238 
629.000 40.674 
630.000 41.241 
631.000 40.690 
632.000 40.708 
633.000 40.691 
634.000 41.245 
635.000 40.176 
636.000 41.221 
637.000 40.199 
638.000 41.199 
639.000 40.221 
640.000 41.177 
641.000 40.243 
642.000 41.157 
643.000 40.263 
644.000 41.137 
645.000 40.282 
646.000 41.118 
647.000 39.769 
648.000 40.838 
649.000 40.019 
650.000 40.797 
651.000 40.038 
652.000 40.758 
653.000 40.055 
654.000 40.720 
655.000 40.072 
656.000 40.683 
657.000 40.087 
658.000 40.647 
659.000 40.101 
660.000 40.612 
661.000 40.113 
662.000 40.579 
663.000 40.124 
664.000 39.912 
665.000 40.641 
666.000 40.021 
667.000 39.963 
668.000 40.596 
669.000 39.394 
670.000 39.926 
671.000 39.903 
672.000 39.879 
673.000 39.856 
674.000 39.287 
675.000 39.253 
676.000 39.219 
677.000 39.184 
678.000 39.150 
679.000 39.116 
680.000 39.082 
681.000 39.048 
682.000 39.013 
683.000 38.979 
684.000 38.945 
685.000 38.911 
686.000 38.877 
687.000 38.842 
688.000 38.808 
689.000 38.774 
690.000 38.740 
691.000 38.706 
692.000 38.671 
693.000 38.637 
694.000 39.148 
695.000 39.125 
696.000 39.102 
697.000 39.078 
698.000 39.055 
699.000 39.031 
700.000 39.008 
701.000 100.000 
702.000 100.000 
703.000 100.000 
704.000 100.000 
705.000 100.000 
706.000 100.000 
707.000 100.000 
708.000 100.000 
709.000 100.000 
710.000 100.000 
711.000 100.000 
712.000 100.000 
713.000 100.000 
714.000 100.000 
715.000 100.000 
716.000 100.000 
717.000 100.000 
718.000 100.000 
719.000 100.000 
720.000 100.000 
721.000 100.000 
722.000 100.000 
723.000 100.000 
724.000 100.000 
725.000 100.000 
726.000 100.000 
727.000 100.000 
728.000 100.000 
729.000 100.000 
730.000 100.000 
731.000 100.000 
732.000 100.000 
733.000 100.000 
734.000 100.000 
735.000 100.000 
736.000 100.000 
737.000 100.000 
738.000 100.000 
739.000 100.000 
740.000 100.000 
741.000 100.000 
742.000 100.000 
743.000 100.000 
744.000 100.000 
745.000 100.000 
746.000 100.000 
747.000 100.000 
748.000 100.000 
749.000 100.000 
750.000 100.000 
751.000 100.000 
752.000 100.000 
753.000 100.000 
754.000 100.000 
755.000 100.000 
756.000 100.000 
757.000 100.000 
758.000 100.000 
759.000 100.000 
760.000 100.000 
761.000 100.000 
762.000 100.000 
763.000 100.000 
764.000 100.000 
765.000 100.000 
766.000 100.000 
767.000 100.000 
768.000 100.000 
769.000 100.000 
770.000 99.343 
771.000 99.108 
772.000 98.443 
773.000 98.117 
774.000 97.854 
775.000 97.159 
776.000 96.804 
777.000 96.088 
778.000 95.781 
779.000 94.973 
780.000 94.644 
781.000 93.814 
782.000 93.463 
783.000 93.105 
784.000 92.245 
785.000 91.865 
786.000 91.478 
787.000 91.083 
788.000 90.612 
789.000 90.202 
790.000 89.362 
791.000 88.861 
792.000 88.422 
793.000 87.977 
794.000 87.524 
795.000 86.994 
796.000 86.526 
797.000 86.051 
798.000 85.569 
799.000 85.010 
800.000 84.513 
801.000 83.585 
802.000 83.491 
803.000 82.902 
804.000 82.376 
805.000 81.843 
806.000 81.303 
807.000 81.179 
808.000 80.561 
809.000 80.006 
810.000 79.867 
811.000 79.305 
812.000 79.159 
813.000 79.013 
814.000 78.867 
815.000 78.721 
816.000 78.152 
817.000 77.999 
818.000 77.846 
819.000 78.117 
820.000 77.548 
821.000 77.395 
822.000 77.242 
823.000 77.513 
824.000 76.943 
825.000 77.214 
826.000 77.068 
827.000 76.922 
828.000 76.777 
829.000 77.054 
830.000 76.915 
831.000 76.777 
832.000 76.638 
833.000 76.499 
834.000 76.784 
835.000 76.652 
836.000 76.520 
837.000 76.388 
838.000 76.256 
839.000 76.124 
840.000 75.993 
841.000 75.861 
842.000 75.729 
843.000 75.597 
844.000 75.465 
845.000 75.333 
846.000 75.696 
847.000 75.572 
848.000 75.448 
849.000 75.325 
850.000 75.201 
851.000 75.077 
852.000 75.377 
853.000 75.261 
854.000 75.144 
855.000 75.451 
856.000 75.341 
857.000 75.655 
858.000 75.552 
859.000 75.450 
860.000 75.841 
861.000 75.746 
862.000 75.652 
863.000 75.557 
864.000 75.886 
865.000 75.799 
866.000 75.711 
867.000 76.047 
868.000 75.967 
869.000 75.886 
870.000 75.806 
871.000 75.725 
872.000 75.645 
873.000 75.564 
874.000 75.484 
875.000 75.403 
876.000 75.323 
877.000 75.666 
878.000 75.592 
879.000 75.519 
880.000 75.445 
881.000 75.866 
882.000 75.801 
883.000 75.735 
884.000 75.670 
885.000 75.605 
886.000 75.539 
887.000 75.474 
888.000 75.409 
889.000 75.767 
890.000 75.709 
891.000 75.650 
892.000 75.592 
893.000 75.534 
894.000 75.475 
895.000 75.417 
896.000 75.359 
897.000 75.724 
898.000 75.672 
899.000 75.621 
900.000 75.570 
901.000 75.518 
902.000 75.467 
903.000 75.839 
904.000 75.371 
905.000 75.744 
906.000 75.276 
907.000 75.224 
908.000 75.597 
909.000 75.552 
910.000 75.508 
911.000 75.464 
912.000 75.419 
913.000 75.375 
914.000 74.907 
915.000 74.856 
916.000 74.804 
917.000 74.753 
918.000 74.702 
919.000 74.227 
920.000 74.169 
921.000 74.110 
922.000 74.052 
923.000 73.994 
924.000 73.935 
925.000 73.877 
926.000 73.819 
927.000 73.760 
928.000 73.702 
929.000 73.644 
930.000 73.585 
931.000 73.950 
932.000 73.899 
933.000 73.848 
934.000 73.796 
935.000 73.745 
936.000 73.694 
937.000 74.066 
938.000 74.022 
939.000 73.977 
940.000 73.933 
941.000 73.889 
942.000 73.844 
943.000 73.800 
944.000 73.332 
945.000 73.281 
946.000 73.653 
947.000 73.185 
948.000 73.134 
949.000 73.082 
950.000 73.031 
951.000 72.556 
952.000 72.498 
953.000 72.863 
954.000 72.812 
955.000 72.760 
956.000 72.709 
957.000 72.658 
958.000 72.606 
959.000 72.555 
960.000 72.504 
961.000 72.452 
962.000 72.825 
963.000 72.780 
964.000 72.736 
965.000 73.186 
966.000 73.149 
967.000 73.113 
968.000 73.077 
969.000 73.041 
970.000 73.428 
971.000 73.399 
972.000 72.946 
973.000 72.910 
974.000 72.874 
975.000 72.838 
976.000 72.802 
977.000 72.766 
978.000 72.729 
979.000 73.117 
980.000 73.088 
981.000 73.058 
982.000 73.029 
983.000 73.000 
984.000 72.971 
985.000 72.942 
986.000 72.913 
987.000 72.460 
988.000 72.424 
989.000 72.388 
990.000 72.351 
991.000 72.315 
992.000 72.279 
993.000 72.243 
994.000 72.207 
995.000 71.677 
996.000 71.632 
997.000 71.588 
998.000 71.544 
999.000 71.499 
1000.000 71.455 
1001.000 71.411 
1002.000 71.860 
1003.000 71.824 
1004.000 71.788 
1005.000 71.752 
1006.000 71.716 
1007.000 71.679 
1008.000 71.643 
1009.000 71.607 
1010.000 71.571 
1011.000 71.535 
1012.000 71.499 
1013.000 71.462 
1014.000 71.426 
1015.000 71.390 
1016.000 71.354 
1017.000 71.318 
1018.000 71.282 
1019.000 71.245 
1020.000 71.209 
1021.000 71.173 
1022.000 71.137 
1023.000 71.101 
1024.000 71.488 
1025.000 71.459 
1026.000 71.853 
1027.000 71.831 
1028.000 72.232 
1029.000 72.217 
1030.000 72.202 
1031.000 72.187 
1032.000 72.172 
1033.000 72.157 
1034.000 71.718 
1035.000 71.696 
1036.000 71.674 
1037.000 71.651 
1038.000 71.629 
1039.000 71.607 
1040.000 71.585 
1041.000 71.986 
1042.000 71.971 
1043.000 71.956 
1044.000 71.941 
1045.000 72.420 
1046.000 72.413 
1047.000 72.406 
1048.000 72.399 
1049.000 72.392 
1050.000 72.385 
1051.000 0.000 
1052.000 0.000 
1053.000 0.000 
1054.000 0.000 
1055.000 0.000 
1056.000 0.000 
1057.000 0.000 
1058.000 0.000 
1059.000 0.000 
1060.000 0.000 
1061.000 0.000 
1062.000 0.000 
1063.000 0.000 
1064.000 0.000 
1065.000 0.000 
1066.000 0.000 
1067.000 0.000 
1068.000 0.000 
1069.000 0.000 
1070.000 0.000 
1071.000 0.000 
1072.000 0.000 
1073.000 0.000 
1074.000 0.000 
1075.000 0.000 
1076.000 0.000 
1077.000 0.000 
1078.000 0.000 
1079.000 0.000 
1080.000 0.000 
1081.000 0.000 
1082.000 0.000 
1083.000 0.000 
1084.000 0.000 
1085.000 0.000 
1086.000 0.000 
1087.000 0.000 
1088.000 0.000 
1089.000 0.000 
1090.000 0.000 
1091.000 0.000 
1092.000 0.000 
1093.000 0.000 
1094.000 0.000 
1095.000 0.000 
1096.000 0.000 
1097.000 0.000 
1098.000 0.000 
1099.000 0.000 
1100.000 0.000 
1101.000 0.000 
1102.000 0.000 
1103.000 0.000 
1104.000 0.000 
1105.000 0.000 
1106.000 0.000 
1107.000 0.000 
1108.000 0.000 
1109.000 0.000 
1110.000 0.000 
1111.000 0.000 
1112.000 0.000 
1113.000 0.000 
1114.000 0.000 
1115.000 0.000 
1116.000 0.000 
1117.000 0.000 
1118.000 0.000 
1119.000 0.000 
1120.000 0.000 
1121.000 0.000 
1122.000 0.000 
1123.000 0.000 
1124.000 0.000 
1125.000 0.000 
1126.000 0.000 
1127.000 0.000 
1128.000 0.000 
1129.000 0.000 
1130.000 0.000 
1131.000 0.000 
1132.000 0.000 
1133.000 0.000 
1134.000 0.000 
1135.000 0.000 
1136.000 0.000 
1137.000 0.000 
1138.000 0.000 
1139.000 0.000 
1140.000 0.000 
1141.000 0.000 
1142.000 0.000 
1143.000 0.000 
1144.000 0.000 
1145.000 0.000 
1146.000 0.000 
1147.000 0.000 
1148.000 0.000 
1149.000 0.000 
1150.000 0.000 
1151.000 0.000 
1152.000 0.000 
1153.000 0.000 
1154.000 0.000 
1155.000 0.000 
1156.000 0.000 
1157.000 0.000 
1158.000 0.000 
1159.000 0.000 
1160.000 0.000 
1161.000 0.000 
1162.000 0.000 
1163.000 0.000 
1164.000 0.000 
1165.000 0.000 
1166.000 0.000 
1167.000 0.000 
1168.000 0.000 
1169.000 0.000 
1170.000 0.000 
1171.000 0.000 
1172.000 0.000 
1173.000 0.000 
1174.000 0.000 
1175.000 0.000 
1176.000 0.000 
1177.000 0.000 
1178.000 0.000 
1179.000 0.000 
1180.000 0.000 
1181.000 0.000 
1182.000 0.000 
1183.000 0.000 
1184.000 0.000 
1185.000 0.000 
1186.000 0.000 
1187.000 0.000 
1188.000 0.000 
1189.000 0.000 
1190.000 0.362 
1191.000 1.515 
1192.000 2.589 
1193.000 3.675 
1194.000 4.771 
1195.000 5.969 
1196.000 6.543 
1197.000 7.663 
1198.000 8.793 
1199.000 9.389 
1200.000 10.530 
1201.000 11.773 
1202.000 12.938 
1203.000 14.113 
1204.000 14.754 
1205.000 15.940 
1206.000 17.228 
1207.000 17.892 
1208.000 19.102 
1209.000 20.322 
1210.000 21.008 
1211.000 22.239 
1212.000 22.936 
1213.000 24.269 
1214.000 24.978 
1215.000 26.232 
1216.000 26.952 
1217.000 28.218 
1218.000 28.949 
1219.000 29.679 
1220.000 30.956 
1221.000 31.152 
1222.000 32.428 
1223.000 33.170 
1224.000 33.366 
1225.000 34.097 
1226.000 34.827 
1227.000 35.558 
1228.000 35.744 
1229.000 36.464 
1230.000 36.638 
1231.000 37.347 
1232.000 37.420 
1233.000 37.572 
1234.000 37.712 
1235.000 37.842 
1236.000 37.869 
1237.000 37.976 
1238.000 38.071 
1239.000 38.156 
1240.000 38.139 
1241.000 37.654 
1242.000 37.694 
1243.000 37.632 
1244.000 37.648 
1245.000 37.108 
1246.000 37.001 
1247.000 36.427 
1248.000 36.376 
1249.000 35.679 
1250.000 35.594 
1251.000 34.863 
1252.000 34.744 
1253.000 34.069 
1254.000 33.827 
1255.000 33.117 
1256.000 32.932 
1257.000 32.100 
1258.000 31.880 
1259.000 31.013 
1260.000 30.759 
1261.000 29.949 
1262.000 29.572 
1263.000 29.274 
1264.000 28.419 
1265.000 27.996 
1266.000 27.653 
1267.000 27.298 
1268.000 26.933 
1269.000 26.466 
1270.000 26.077 
1271.000 25.677 
1272.000 25.812 
1273.000 25.402 
1274.000 24.890 
1275.000 24.456 
1276.000 24.557 
1277.000 24.112 
1278.000 23.657 
1279.000 23.736 
1280.000 23.815 
1281.000 23.258 
1282.000 23.325 
1283.000 23.391 
1284.000 23.458 
1285.000 23.524 
1286.000 23.591 
1287.000 23.658 
1288.000 23.724 
1289.000 23.791 
1290.000 23.857 
1291.000 23.924 
1292.000 24.627 
1293.000 24.706 
1294.000 24.785 
1295.000 24.864 
1296.000 24.944 
1297.000 25.023 
1298.000 25.647 
1299.000 25.737 
1300.000 26.373 
1301.000 26.474 
1302.000 26.574 
1303.000 26.675 
1304.000 26.776 
1305.000 26.877 
1306.000 27.523 
1307.000 27.635 
1308.000 27.746 
1309.000 27.858 
1310.000 27.969 
1311.000 28.081 
1312.000 28.829 
1313.000 28.953 
1314.000 29.077 
1315.000 29.202 
1316.000 29.326 
1317.000 29.995 
1318.000 30.130 
1319.000 30.265 
1320.000 30.400 
1321.000 30.535 
1322.000 30.670 
1323.000 30.805 
1324.000 30.940 
1325.000 31.075 
1326.000 30.665 
1327.000 30.789 
1328.000 30.913 
1329.000 31.038 
1330.000 31.162 
1331.000 31.286 
1332.000 31.410 
1333.000 31.534 
1334.000 31.659 
1335.000 31.146 
1336.000 31.258 
1337.000 31.370 
1338.000 31.481 
1339.000 31.593 
1340.000 31.159 
1341.000 31.260 
1342.000 31.361 
1343.000 31.461 
1344.000 31.017 
1345.000 31.107 
1346.000 31.197 
1347.000 30.741 
1348.000 30.821 
1349.000 30.264 
1350.000 30.330 
1351.000 30.397 
1352.000 30.463 
1353.000 29.985 
1354.000 30.040 
1355.000 29.551 
1356.000 29.596 
1357.000 29.095 
1358.000 29.130 
1359.000 29.164 
1360.000 28.562 
1361.000 28.583 
1362.000 28.059 
1363.000 28.070 
1364.000 28.081 
1365.000 28.092 
1366.000 27.557 
1367.000 27.557 
1368.000 27.557 
1369.000 27.557 
1370.000 27.557 
1371.000 27.557 
1372.000 27.012 
1373.000 27.001 
1374.000 26.990 
1375.000 26.979 
1376.000 26.969 
1377.000 26.958 
1378.000 26.947 
1379.000 26.936 
1380.000 26.925 
1381.000 26.915 
1382.000 26.904 
1383.000 27.438 
1384.000 27.438 
1385.000 27.438 
1386.000 27.438 
1387.000 27.438 
1388.000 27.438 
1389.000 27.438 
1390.000 27.438 
1391.000 27.438 
1392.000 27.438 
1393.000 27.984 
1394.000 27.995 
1395.000 28.005 
1396.000 28.016 
1397.000 28.027 
1398.000 28.038 
1399.000 28.049 
1400.000 28.059 
