1.000 31.870 
2.000 31.870 
3.000 33.500 
4.000 33.500 
5.000 33.500 
6.000 33.500 
7.000 33.500 
8.000 33.500 
9.000 33.500 
10.000 33.430 
11.000 33.430 
12.000 33.430 
13.000 33.370 
14.000 33.370 
15.000 33.310 
16.000 33.250 
17.000 33.180 
18.000 33.180 
19.000 33.120 
20.000 33.060 
21.000 33.000 
22.000 32.930 
23.000 32.810 
24.000 32.750 
25.000 32.680 
26.000 32.560 
27.000 32.500 
28.000 32.430 
29.000 32.310 
30.000 32.250 
31.000 32.120 
32.000 32.060 
33.000 31.930 
34.000 31.870 
35.000 31.810 
36.000 31.680 
37.000 31.620 
38.000 31.500 
39.000 31.430 
40.000 31.370 
41.000 31.310 
42.000 31.180 
43.000 31.120 
44.000 31.060 
45.000 31.000 
46.000 30.930 
47.000 30.930 
48.000 30.870 
49.000 30.810 
50.000 30.810 
51.000 30.750 
52.000 30.750 
53.000 30.680 
54.000 30.680 
55.000 30.680 
56.000 30.620 
57.000 30.620 
58.000 30.620 
59.000 30.620 
60.000 30.620 
61.000 30.680 
62.000 30.680 
63.000 30.680 
64.000 30.750 
65.000 30.750 
66.000 30.750 
67.000 30.810 
68.000 30.870 
69.000 30.870 
70.000 30.930 
71.000 31.000 
72.000 31.060 
73.000 31.060 
74.000 31.120 
75.000 31.180 
76.000 31.250 
77.000 31.310 
78.000 31.310 
79.000 31.370 
80.000 31.370 
81.000 31.430 
82.000 31.500 
83.000 31.560 
84.000 31.560 
85.000 31.620 
86.000 31.680 
87.000 31.680 
88.000 31.750 
89.000 31.810 
90.000 31.870 
91.000 31.870 
92.000 31.930 
93.000 32.000 
94.000 32.000 
95.000 32.060 
96.000 32.060 
97.000 32.120 
98.000 32.120 
99.000 32.120 
100.000 32.180 
101.000 32.180 
102.000 32.180 
103.000 32.180 
104.000 32.250 
105.000 32.250 
106.000 32.250 
107.000 32.250 
108.000 32.250 
109.000 32.250 
110.000 32.250 
111.000 32.250 
112.000 32.250 
113.000 32.250 
114.000 32.250 
115.000 32.180 
116.000 32.180 
117.000 32.180 
118.000 32.180 
119.000 32.180 
120.000 32.120 
121.000 32.120 
122.000 32.120 
123.000 32.120 
124.000 32.060 
125.000 32.060 
126.000 32.000 
127.000 32.000 
128.000 31.930 
129.000 31.930 
130.000 31.870 
131.000 31.870 
132.000 31.870 
133.000 31.810 
134.000 31.810 
135.000 31.810 
136.000 31.750 
137.000 31.750 
138.000 31.750 
139.000 31.750 
140.000 31.680 
141.000 31.680 
142.000 31.680 
143.000 31.620 
144.000 31.620 
145.000 31.620 
146.000 31.620 
147.000 31.620 
148.000 31.560 
149.000 31.560 
150.000 31.560 
151.000 31.560 
152.000 31.560 
153.000 31.560 
154.000 31.560 
155.000 31.560 
156.000 31.560 
157.000 31.560 
158.000 31.560 
159.000 31.560 
160.000 31.560 
161.000 31.560 
162.000 31.560 
163.000 31.620 
164.000 31.620 
165.000 31.620 
166.000 31.620 
167.000 31.620 
168.000 31.620 
169.000 31.620 
170.000 31.620 
171.000 31.680 
172.000 31.680 
173.000 31.680 
174.000 31.680 
175.000 31.750 
176.000 31.750 
177.000 31.750 
178.000 31.810 
179.000 31.810 
180.000 31.810 
181.000 31.810 
182.000 31.810 
183.000 31.870 
184.000 31.870 
185.000 31.870 
186.000 31.870 
187.000 31.870 
188.000 31.930 
189.000 31.930 
190.000 31.930 
191.000 31.930 
192.000 31.930 
193.000 32.000 
194.000 31.930 
195.000 31.930 
196.000 32.000 
197.000 32.000 
198.000 32.000 
199.000 32.000 
200.000 32.000 
201.000 32.000 
202.000 32.000 
203.000 32.000 
204.000 32.000 
205.000 32.000 
206.000 32.000 
207.000 32.000 
208.000 32.000 
209.000 32.000 
210.000 32.000 
211.000 32.000 
212.000 32.000 
213.000 32.000 
214.000 32.000 
215.000 32.000 
216.000 32.000 
217.000 32.000 
218.000 31.930 
219.000 31.930 
220.000 31.930 
221.000 31.930 
222.000 31.930 
223.000 31.870 
224.000 31.870 
225.000 31.870 
226.000 31.870 
227.000 31.870 
228.000 31.870 
229.000 31.870 
230.000 31.870 
231.000 31.870 
232.000 31.810 
233.000 31.810 
234.000 31.810 
235.000 31.810 
236.000 31.810 
237.000 31.810 
238.000 31.810 
239.000 31.810 
240.000 31.810 
241.000 31.810 
242.000 31.810 
243.000 31.750 
244.000 31.810 
245.000 31.750 
246.000 31.810 
247.000 31.810 
248.000 31.810 
249.000 31.810 
250.000 31.810 
251.000 31.810 
252.000 31.810 
253.000 31.810 
254.000 31.810 
255.000 31.810 
256.000 31.810 
257.000 31.810 
258.000 31.810 
259.000 31.810 
260.000 31.810 
261.000 31.810 
262.000 31.810 
263.000 31.750 
264.000 31.750 
265.000 31.750 
266.000 31.750 
267.000 31.750 
268.000 31.750 
269.000 31.750 
270.000 31.750 
271.000 31.750 
272.000 31.750 
273.000 31.810 
274.000 31.810 
275.000 31.810 
276.000 31.810 
277.000 31.810 
278.000 31.810 
279.000 31.810 
280.000 31.810 
281.000 31.810 
282.000 31.870 
283.000 31.870 
284.000 31.870 
285.000 31.870 
286.000 31.870 
287.000 31.870 
288.000 31.870 
289.000 31.870 
290.000 31.870 
291.000 31.870 
292.000 31.870 
293.000 31.930 
294.000 31.870 
295.000 31.870 
296.000 31.870 
297.000 31.870 
298.000 31.930 
299.000 31.930 
300.000 31.930 
301.000 31.930 
302.000 31.930 
303.000 31.930 
304.000 31.930 
305.000 31.930 
306.000 31.930 
307.000 31.930 
308.000 31.930 
309.000 31.930 
310.000 31.930 
311.000 31.930 
312.000 31.930 
313.000 31.930 
314.000 31.930 
315.000 31.930 
316.000 31.930 
317.000 31.930 
318.000 31.930 
319.000 32.000 
320.000 31.930 
321.000 31.930 
322.000 32.000 
323.000 31.930 
324.000 31.930 
325.000 31.930 
326.000 31.930 
327.000 31.930 
328.000 31.930 
329.000 31.930 
330.000 31.930 
331.000 31.930 
332.000 31.930 
333.000 31.930 
334.000 31.930 
335.000 31.930 
336.000 31.930 
337.000 31.930 
338.000 31.930 
339.000 31.930 
340.000 31.930 
341.000 31.930 
342.000 31.930 
343.000 31.930 
344.000 31.930 
345.000 31.930 
346.000 31.930 
347.000 31.930 
348.000 31.870 
349.000 31.870 
350.000 31.870 
351.000 31.870 
352.000 31.870 
353.000 31.870 
354.000 31.870 
355.000 31.870 
356.000 31.870 
357.000 31.870 
358.000 31.930 
359.000 31.930 
360.000 31.930 
361.000 32.000 
362.000 32.060 
363.000 32.060 
364.000 32.120 
365.000 32.250 
366.000 32.310 
367.000 32.370 
368.000 32.430 
369.000 32.560 
370.000 32.680 
371.000 32.810 
372.000 32.930 
373.000 33.060 
374.000 33.180 
375.000 33.250 
376.000 33.370 
377.000 33.500 
378.000 33.680 
379.000 33.810 
380.000 33.930 
381.000 34.060 
382.000 34.250 
383.000 34.370 
384.000 34.500 
385.000 34.680 
386.000 34.810 
387.000 34.930 
388.000 35.060 
389.000 35.180 
390.000 35.370 
391.000 35.500 
392.000 35.620 
393.000 35.750 
394.000 35.870 
395.000 36.000 
396.000 36.120 
397.000 36.250 
398.000 36.310 
399.000 36.430 
400.000 36.560 
401.000 36.680 
402.000 36.750 
403.000 36.810 
404.000 36.930 
405.000 37.000 
406.000 37.120 
407.000 37.180 
408.000 37.250 
409.000 37.310 
410.000 37.370 
411.000 37.500 
412.000 37.560 
413.000 37.620 
414.000 37.680 
415.000 37.750 
416.000 37.750 
417.000 37.810 
418.000 37.870 
419.000 37.870 
420.000 37.930 
421.000 37.930 
422.000 38.000 
423.000 38.000 
424.000 38.000 
425.000 38.060 
426.000 38.060 
427.000 38.060 
428.000 38.060 
429.000 38.060 
430.000 38.060 
431.000 38.060 
432.000 38.060 
433.000 38.060 
434.000 38.000 
435.000 38.000 
436.000 38.000 
437.000 38.000 
438.000 38.000 
439.000 37.930 
440.000 37.930 
441.000 37.930 
442.000 37.930 
443.000 37.930 
444.000 37.870 
445.000 37.870 
446.000 37.870 
447.000 37.870 
448.000 37.870 
449.000 37.870 
450.000 37.870 
451.000 37.810 
452.000 37.810 
453.000 37.810 
454.000 37.810 
455.000 37.750 
456.000 37.750 
457.000 37.750 
458.000 37.680 
459.000 37.680 
460.000 37.680 
461.000 37.620 
462.000 37.620 
463.000 37.620 
464.000 37.620 
465.000 37.620 
466.000 37.560 
467.000 37.560 
468.000 37.560 
469.000 37.560 
470.000 37.500 
471.000 37.500 
472.000 37.500 
473.000 37.500 
474.000 37.500 
475.000 37.430 
476.000 37.430 
477.000 37.430 
478.000 37.430 
479.000 37.430 
480.000 37.370 
481.000 37.430 
482.000 37.370 
483.000 37.370 
484.000 37.370 
485.000 37.370 
486.000 37.370 
487.000 37.370 
488.000 37.310 
489.000 37.310 
490.000 37.310 
491.000 37.310 
492.000 37.310 
493.000 37.310 
494.000 37.310 
495.000 37.250 
496.000 37.250 
497.000 37.250 
498.000 37.250 
499.000 37.180 
500.000 37.180 
501.000 37.180 
502.000 37.180 
503.000 37.120 
504.000 37.120 
505.000 37.120 
506.000 37.120 
507.000 37.120 
508.000 37.120 
509.000 37.120 
510.000 37.120 
511.000 37.120 
512.000 37.120 
513.000 37.060 
514.000 37.120 
515.000 37.060 
516.000 37.060 
517.000 37.060 
518.000 37.060 
519.000 37.060 
520.000 37.060 
521.000 37.060 
522.000 37.060 
523.000 37.060 
524.000 37.060 
525.000 37.000 
526.000 37.000 
527.000 37.000 
528.000 37.000 
529.000 37.000 
530.000 37.000 
531.000 37.000 
532.000 37.000 
533.000 37.000 
534.000 37.000 
535.000 37.000 
536.000 37.000 
537.000 37.000 
538.000 37.000 
539.000 37.000 
540.000 37.000 
541.000 37.060 
542.000 37.060 
543.000 37.060 
544.000 37.060 
545.000 37.060 
546.000 37.120 
547.000 37.060 
548.000 37.060 
549.000 37.060 
550.000 37.120 
551.000 37.120 
552.000 37.120 
553.000 37.120 
554.000 37.120 
555.000 37.120 
556.000 37.120 
557.000 37.120 
558.000 37.120 
559.000 37.120 
560.000 37.120 
561.000 37.120 
562.000 37.120 
563.000 37.120 
564.000 37.120 
565.000 37.120 
566.000 37.180 
567.000 37.180 
568.000 37.180 
569.000 37.180 
570.000 37.120 
571.000 37.120 
572.000 37.120 
573.000 37.120 
574.000 37.120 
575.000 37.120 
576.000 37.120 
577.000 37.120 
578.000 37.060 
579.000 37.060 
580.000 37.060 
581.000 37.060 
582.000 37.060 
583.000 37.000 
584.000 37.000 
585.000 37.000 
586.000 37.000 
587.000 37.000 
588.000 37.000 
589.000 37.000 
590.000 36.930 
591.000 36.930 
592.000 36.930 
593.000 36.930 
594.000 36.930 
595.000 36.930 
596.000 36.930 
597.000 36.930 
598.000 36.870 
599.000 36.870 
600.000 36.870 
601.000 36.870 
602.000 36.870 
603.000 36.870 
604.000 36.810 
605.000 36.810 
606.000 36.810 
607.000 36.810 
608.000 36.810 
609.000 36.810 
610.000 36.810 
611.000 36.810 
612.000 36.750 
613.000 36.750 
614.000 36.750 
615.000 36.750 
616.000 36.750 
617.000 36.810 
618.000 36.810 
619.000 36.750 
620.000 36.810 
621.000 36.810 
622.000 36.810 
623.000 36.810 
624.000 36.810 
625.000 36.810 
626.000 36.810 
627.000 36.810 
628.000 36.810 
629.000 36.810 
630.000 36.810 
631.000 36.810 
632.000 36.870 
633.000 36.870 
634.000 36.810 
635.000 36.870 
636.000 36.870 
637.000 36.870 
638.000 36.870 
639.000 36.870 
640.000 36.870 
641.000 36.870 
642.000 36.870 
643.000 36.870 
644.000 36.870 
645.000 36.870 
646.000 36.870 
647.000 36.930 
648.000 36.930 
649.000 36.930 
650.000 36.930 
651.000 36.930 
652.000 36.930 
653.000 36.930 
654.000 36.930 
655.000 36.930 
656.000 36.930 
657.000 36.930 
658.000 36.930 
659.000 36.930 
660.000 36.930 
661.000 36.930 
662.000 36.930 
663.000 36.930 
664.000 37.000 
665.000 36.930 
666.000 36.930 
667.000 37.000 
668.000 36.930 
669.000 37.000 
670.000 37.000 
671.000 37.000 
672.000 37.000 
673.000 37.000 
674.000 37.060 
675.000 37.060 
676.000 37.060 
677.000 37.060 
678.000 37.060 
679.000 37.060 
680.000 37.060 
681.000 37.060 
682.000 37.060 
683.000 37.060 
684.000 37.060 
685.000 37.060 
686.000 37.060 
687.000 37.060 
688.000 37.060 
689.000 37.060 
690.000 37.060 
691.000 37.060 
692.000 37.060 
693.000 37.060 
694.000 37.000 
695.000 37.000 
696.000 37.000 
697.000 37.000 
698.000 37.000 
699.000 37.000 
700.000 37.000 
701.000 37.000 
702.000 37.000 
703.000 37.000 
704.000 36.930 
705.000 36.930 
706.000 37.000 
707.000 37.000 
708.000 37.000 
709.000 37.000 
710.000 37.000 
711.000 37.060 
712.000 37.120 
713.000 37.180 
714.000 37.250 
715.000 37.310 
716.000 37.430 
717.000 37.500 
718.000 37.620 
719.000 37.750 
720.000 37.870 
721.000 37.930 
722.000 38.120 
723.000 38.250 
724.000 38.430 
725.000 38.560 
726.000 38.750 
727.000 38.870 
728.000 39.060 
729.000 39.180 
730.000 39.370 
731.000 39.560 
732.000 39.680 
733.000 39.870 
734.000 40.060 
735.000 40.180 
736.000 40.370 
737.000 40.560 
738.000 40.750 
739.000 40.870 
740.000 41.060 
741.000 41.180 
742.000 41.370 
743.000 41.500 
744.000 41.620 
745.000 41.810 
746.000 41.930 
747.000 42.120 
748.000 42.250 
749.000 42.430 
750.000 42.560 
751.000 42.750 
752.000 42.870 
753.000 43.060 
754.000 43.180 
755.000 43.310 
756.000 43.430 
757.000 43.620 
758.000 43.750 
759.000 43.870 
760.000 44.060 
761.000 44.180 
762.000 44.310 
763.000 44.430 
764.000 44.560 
765.000 44.680 
766.000 44.810 
767.000 44.930 
768.000 45.000 
769.000 45.120 
770.000 45.250 
771.000 45.310 
772.000 45.430 
773.000 45.500 
774.000 45.560 
775.000 45.680 
776.000 45.750 
777.000 45.870 
778.000 45.930 
779.000 46.060 
780.000 46.120 
781.000 46.250 
782.000 46.310 
783.000 46.370 
784.000 46.500 
785.000 46.560 
786.000 46.620 
787.000 46.680 
788.000 46.750 
789.000 46.810 
790.000 46.930 
791.000 47.000 
792.000 47.060 
793.000 47.120 
794.000 47.180 
795.000 47.250 
796.000 47.310 
797.000 47.370 
798.000 47.430 
799.000 47.500 
800.000 47.560 
801.000 47.680 
802.000 47.680 
803.000 47.750 
804.000 47.810 
805.000 47.870 
806.000 47.930 
807.000 47.930 
808.000 48.000 
809.000 48.060 
810.000 48.060 
811.000 48.120 
812.000 48.120 
813.000 48.120 
814.000 48.120 
815.000 48.120 
816.000 48.180 
817.000 48.180 
818.000 48.180 
819.000 48.120 
820.000 48.180 
821.000 48.180 
822.000 48.180 
823.000 48.120 
824.000 48.180 
825.000 48.120 
826.000 48.120 
827.000 48.120 
828.000 48.120 
829.000 48.060 
830.000 48.060 
831.000 48.060 
832.000 48.060 
833.000 48.060 
834.000 48.000 
835.000 48.000 
836.000 48.000 
837.000 48.000 
838.000 48.000 
839.000 48.000 
840.000 48.000 
841.000 48.000 
842.000 48.000 
843.000 48.000 
844.000 48.000 
845.000 48.000 
846.000 47.930 
847.000 47.930 
848.000 47.930 
849.000 47.930 
850.000 47.930 
851.000 47.930 
852.000 47.870 
853.000 47.870 
854.000 47.870 
855.000 47.810 
856.000 47.810 
857.000 47.750 
858.000 47.750 
859.000 47.750 
860.000 47.680 
861.000 47.680 
862.000 47.680 
863.000 47.680 
864.000 47.620 
865.000 47.620 
866.000 47.620 
867.000 47.560 
868.000 47.560 
869.000 47.560 
870.000 47.560 
871.000 47.560 
872.000 47.560 
873.000 47.560 
874.000 47.560 
875.000 47.560 
876.000 47.560 
877.000 47.500 
878.000 47.500 
879.000 47.500 
880.000 47.500 
881.000 47.430 
882.000 47.430 
883.000 47.430 
884.000 47.430 
885.000 47.430 
886.000 47.430 
887.000 47.430 
888.000 47.430 
889.000 47.370 
890.000 47.370 
891.000 47.370 
892.000 47.370 
893.000 47.370 
894.000 47.370 
895.000 47.370 
896.000 47.370 
897.000 47.310 
898.000 47.310 
899.000 47.310 
900.000 47.310 
901.000 47.310 
902.000 47.310 
903.000 47.250 
904.000 47.310 
905.000 47.250 
906.000 47.310 
907.000 47.310 
908.000 47.250 
909.000 47.250 
910.000 47.250 
911.000 47.250 
912.000 47.250 
913.000 47.250 
914.000 47.310 
915.000 47.310 
916.000 47.310 
917.000 47.310 
918.000 47.310 
919.000 47.370 
920.000 47.370 
921.000 47.370 
922.000 47.370 
923.000 47.370 
924.000 47.370 
925.000 47.370 
926.000 47.370 
927.000 47.370 
928.000 47.370 
929.000 47.370 
930.000 47.370 
931.000 47.310 
932.000 47.310 
933.000 47.310 
934.000 47.310 
935.000 47.310 
936.000 47.310 
937.000 47.250 
938.000 47.250 
939.000 47.250 
940.000 47.250 
941.000 47.250 
942.000 47.250 
943.000 47.250 
944.000 47.310 
945.000 47.310 
946.000 47.250 
947.000 47.310 
948.000 47.310 
949.000 47.310 
950.000 47.310 
951.000 47.370 
952.000 47.370 
953.000 47.310 
954.000 47.310 
955.000 47.310 
956.000 47.310 
957.000 47.310 
958.000 47.310 
959.000 47.310 
960.000 47.310 
961.000 47.310 
962.000 47.250 
963.000 47.250 
964.000 47.250 
965.000 47.180 
966.000 47.180 
967.000 47.180 
968.000 47.180 
969.000 47.180 
970.000 47.120 
971.000 47.120 
972.000 47.180 
973.000 47.180 
974.000 47.180 
975.000 47.180 
976.000 47.180 
977.000 47.180 
978.000 47.180 
979.000 47.120 
980.000 47.120 
981.000 47.120 
982.000 47.120 
983.000 47.120 
984.000 47.120 
985.000 47.120 
986.000 47.120 
987.000 47.180 
988.000 47.180 
989.000 47.180 
990.000 47.180 
991.000 47.180 
992.000 47.180 
993.000 47.180 
994.000 47.180 
995.000 47.250 
996.000 47.250 
997.000 47.250 
998.000 47.250 
999.000 47.250 
1000.000 47.250 
1001.000 47.250 
1002.000 47.180 
1003.000 47.180 
1004.000 47.180 
1005.000 47.180 
1006.000 47.180 
1007.000 47.180 
1008.000 47.180 
1009.000 47.180 
1010.000 47.180 
1011.000 47.180 
1012.000 47.180 
1013.000 47.180 
1014.000 47.180 
1015.000 47.180 
1016.000 47.180 
1017.000 47.180 
1018.000 47.180 
1019.000 47.180 
1020.000 47.180 
1021.000 47.180 
1022.000 47.180 
1023.000 47.180 
1024.000 47.120 
1025.000 47.120 
1026.000 47.060 
1027.000 47.060 
1028.000 47.000 
1029.000 47.000 
1030.000 47.000 
1031.000 47.000 
1032.000 47.000 
1033.000 47.000 
1034.000 47.060 
1035.000 47.060 
1036.000 47.060 
1037.000 47.060 
1038.000 47.060 
1039.000 47.060 
1040.000 47.060 
1041.000 47.000 
1042.000 47.000 
1043.000 47.000 
1044.000 47.000 
1045.000 46.930 
1046.000 46.930 
1047.000 46.930 
1048.000 46.930 
1049.000 46.930 
1050.000 46.930 
1051.000 46.930 
1052.000 46.870 
1053.000 46.930 
1054.000 46.930 
1055.000 46.930 
1056.000 46.930 
1057.000 46.930 
1058.000 46.930 
1059.000 46.870 
1060.000 46.810 
1061.000 46.810 
1062.000 46.750 
1063.000 46.620 
1064.000 46.560 
1065.000 46.430 
1066.000 46.310 
1067.000 46.120 
1068.000 46.000 
1069.000 45.750 
1070.000 45.560 
1071.000 45.370 
1072.000 45.180 
1073.000 44.930 
1074.000 44.750 
1075.000 44.500 
1076.000 44.310 
1077.000 44.060 
1078.000 43.810 
1079.000 43.620 
1080.000 43.370 
1081.000 43.120 
1082.000 42.870 
1083.000 42.680 
1084.000 42.430 
1085.000 42.180 
1086.000 42.000 
1087.000 41.750 
1088.000 41.500 
1089.000 41.310 
1090.000 41.060 
1091.000 40.810 
1092.000 40.620 
1093.000 40.370 
1094.000 40.180 
1095.000 40.000 
1096.000 39.750 
1097.000 39.560 
1098.000 39.370 
1099.000 39.120 
1100.000 38.930 
1101.000 38.750 
1102.000 38.560 
1103.000 38.310 
1104.000 38.120 
1105.000 37.930 
1106.000 37.750 
1107.000 37.560 
1108.000 37.370 
1109.000 37.180 
1110.000 37.000 
1111.000 36.810 
1112.000 36.620 
1113.000 36.500 
1114.000 36.310 
1115.000 36.120 
1116.000 36.000 
1117.000 35.810 
1118.000 35.620 
1119.000 35.500 
1120.000 35.310 
1121.000 35.180 
1122.000 35.000 
1123.000 34.810 
1124.000 34.680 
1125.000 34.560 
1126.000 34.370 
1127.000 34.250 
1128.000 34.120 
1129.000 34.000 
1130.000 33.870 
1131.000 33.680 
1132.000 33.620 
1133.000 33.500 
1134.000 33.370 
1135.000 33.250 
1136.000 33.120 
1137.000 33.000 
1138.000 32.930 
1139.000 32.810 
1140.000 32.680 
1141.000 32.560 
1142.000 32.500 
1143.000 32.370 
1144.000 32.310 
1145.000 32.180 
1146.000 32.120 
1147.000 32.000 
1148.000 31.930 
1149.000 31.810 
1150.000 31.750 
1151.000 31.680 
1152.000 31.620 
1153.000 31.500 
1154.000 31.430 
1155.000 31.310 
1156.000 31.250 
1157.000 31.120 
1158.000 31.060 
1159.000 31.000 
1160.000 30.930 
1161.000 30.810 
1162.000 30.750 
1163.000 30.680 
1164.000 30.620 
1165.000 30.560 
1166.000 30.430 
1167.000 30.370 
1168.000 30.310 
1169.000 30.250 
1170.000 30.180 
1171.000 30.120 
1172.000 30.060 
1173.000 30.000 
1174.000 29.930 
1175.000 29.870 
1176.000 29.810 
1177.000 29.750 
1178.000 29.680 
1179.000 29.620 
1180.000 29.560 
1181.000 29.500 
1182.000 29.430 
1183.000 29.370 
1184.000 29.310 
1185.000 29.250 
1186.000 29.180 
1187.000 29.120 
1188.000 29.060 
1189.000 29.000 
1190.000 29.000 
1191.000 28.930 
1192.000 28.870 
1193.000 28.810 
1194.000 28.750 
1195.000 28.680 
1196.000 28.680 
1197.000 28.620 
1198.000 28.560 
1199.000 28.560 
1200.000 28.500 
1201.000 28.430 
1202.000 28.370 
1203.000 28.310 
1204.000 28.310 
1205.000 28.250 
1206.000 28.180 
1207.000 28.180 
1208.000 28.120 
1209.000 28.060 
1210.000 28.060 
1211.000 28.000 
1212.000 28.000 
1213.000 27.930 
1214.000 27.930 
1215.000 27.870 
1216.000 27.870 
1217.000 27.810 
1218.000 27.810 
1219.000 27.810 
1220.000 27.750 
1221.000 27.810 
1222.000 27.750 
1223.000 27.750 
1224.000 27.810 
1225.000 27.810 
1226.000 27.810 
1227.000 27.810 
1228.000 27.870 
1229.000 27.870 
1230.000 27.930 
1231.000 27.930 
1232.000 28.000 
1233.000 28.060 
1234.000 28.120 
1235.000 28.180 
1236.000 28.250 
1237.000 28.310 
1238.000 28.370 
1239.000 28.430 
1240.000 28.500 
1241.000 28.620 
1242.000 28.680 
1243.000 28.750 
1244.000 28.810 
1245.000 28.930 
1246.000 29.000 
1247.000 29.120 
1248.000 29.180 
1249.000 29.310 
1250.000 29.370 
1251.000 29.500 
1252.000 29.560 
1253.000 29.680 
1254.000 29.750 
1255.000 29.870 
1256.000 29.930 
1257.000 30.060 
1258.000 30.120 
1259.000 30.250 
1260.000 30.310 
1261.000 30.430 
1262.000 30.500 
1263.000 30.560 
1264.000 30.680 
1265.000 30.750 
1266.000 30.810 
1267.000 30.870 
1268.000 30.930 
1269.000 31.000 
1270.000 31.060 
1271.000 31.120 
1272.000 31.120 
1273.000 31.180 
1274.000 31.250 
1275.000 31.310 
1276.000 31.310 
1277.000 31.370 
1278.000 31.430 
1279.000 31.430 
1280.000 31.430 
1281.000 31.500 
1282.000 31.500 
1283.000 31.500 
1284.000 31.500 
1285.000 31.500 
1286.000 31.500 
1287.000 31.500 
1288.000 31.500 
1289.000 31.500 
1290.000 31.500 
1291.000 31.500 
1292.000 31.430 
1293.000 31.430 
1294.000 31.430 
1295.000 31.430 
1296.000 31.430 
1297.000 31.430 
1298.000 31.370 
1299.000 31.370 
1300.000 31.310 
1301.000 31.310 
1302.000 31.310 
1303.000 31.310 
1304.000 31.310 
1305.000 31.310 
1306.000 31.250 
1307.000 31.250 
1308.000 31.250 
1309.000 31.250 
1310.000 31.250 
1311.000 31.250 
1312.000 31.180 
1313.000 31.180 
1314.000 31.180 
1315.000 31.180 
1316.000 31.180 
1317.000 31.120 
1318.000 31.120 
1319.000 31.120 
1320.000 31.120 
1321.000 31.120 
1322.000 31.120 
1323.000 31.120 
1324.000 31.120 
1325.000 31.120 
1326.000 31.180 
1327.000 31.180 
1328.000 31.180 
1329.000 31.180 
1330.000 31.180 
1331.000 31.180 
1332.000 31.180 
1333.000 31.180 
1334.000 31.180 
1335.000 31.250 
1336.000 31.250 
1337.000 31.250 
1338.000 31.250 
1339.000 31.250 
1340.000 31.310 
1341.000 31.310 
1342.000 31.310 
1343.000 31.310 
1344.000 31.370 
1345.000 31.370 
1346.000 31.370 
1347.000 31.430 
1348.000 31.430 
1349.000 31.500 
1350.000 31.500 
1351.000 31.500 
1352.000 31.500 
1353.000 31.560 
1354.000 31.560 
1355.000 31.620 
1356.000 31.620 
1357.000 31.680 
1358.000 31.680 
1359.000 31.680 
1360.000 31.750 
1361.000 31.750 
1362.000 31.810 
1363.000 31.810 
1364.000 31.810 
1365.000 31.810 
1366.000 31.870 
1367.000 31.870 
1368.000 31.870 
1369.000 31.870 
1370.000 31.870 
1371.000 31.870 
1372.000 31.930 
1373.000 31.930 
1374.000 31.930 
1375.000 31.930 
1376.000 31.930 
1377.000 31.930 
1378.000 31.930 
1379.000 31.930 
1380.000 31.930 
1381.000 31.930 
1382.000 31.930 
1383.000 31.870 
1384.000 31.870 
1385.000 31.870 
1386.000 31.870 
1387.000 31.870 
1388.000 31.870 
1389.000 31.870 
1390.000 31.870 
1391.000 31.870 
1392.000 31.870 
1393.000 31.810 
1394.000 31.810 
1395.000 31.810 
1396.000 31.810 
1397.000 31.810 
1398.000 31.810 
1399.000 31.810 
1400.000 31.810 
