1.000 31.870 
2.000 31.870 
3.000 31.870 
4.000 31.870 
5.000 31.870 
6.000 31.870 
7.000 31.870 
8.000 31.870 
9.000 31.870 
10.000 31.870 
11.000 31.870 
12.000 31.870 
13.000 31.870 
14.000 31.870 
15.000 31.870 
16.000 31.870 
17.000 31.870 
18.000 31.870 
19.000 31.870 
20.000 31.870 
21.000 31.870 
22.000 31.870 
23.000 31.870 
24.000 31.870 
25.000 31.870 
26.000 31.870 
27.000 31.870 
28.000 31.870 
29.000 31.870 
30.000 31.870 
31.000 31.870 
32.000 31.870 
33.000 31.870 
34.000 31.870 
35.000 31.870 
36.000 31.870 
37.000 31.870 
38.000 31.870 
39.000 31.870 
40.000 31.870 
41.000 31.870 
42.000 31.870 
43.000 31.870 
44.000 31.870 
45.000 31.870 
46.000 31.870 
47.000 31.870 
48.000 31.870 
49.000 31.870 
50.000 31.870 
51.000 31.870 
52.000 31.870 
53.000 31.870 
54.000 31.870 
55.000 31.870 
56.000 31.870 
57.000 31.870 
58.000 31.870 
59.000 31.870 
60.000 31.870 
61.000 31.870 
62.000 31.870 
63.000 31.870 
64.000 31.870 
65.000 31.870 
66.000 31.870 
67.000 31.870 
68.000 31.870 
69.000 31.870 
70.000 31.870 
71.000 31.870 
72.000 31.870 
73.000 31.870 
74.000 31.870 
75.000 31.870 
76.000 31.870 
77.000 31.870 
78.000 31.870 
79.000 31.870 
80.000 31.870 
81.000 31.870 
82.000 31.870 
83.000 31.870 
84.000 31.870 
85.000 31.870 
86.000 31.870 
87.000 31.870 
88.000 31.870 
89.000 31.870 
90.000 31.870 
91.000 31.870 
92.000 31.870 
93.000 31.870 
94.000 31.870 
95.000 31.870 
96.000 31.870 
97.000 31.870 
98.000 31.870 
99.000 31.870 
100.000 31.870 
101.000 31.870 
102.000 31.870 
103.000 31.870 
104.000 31.870 
105.000 31.870 
106.000 31.870 
107.000 31.870 
108.000 31.870 
109.000 31.870 
110.000 31.870 
111.000 31.870 
112.000 31.870 
113.000 31.870 
114.000 31.870 
115.000 31.870 
116.000 31.870 
117.000 31.870 
118.000 31.870 
119.000 31.870 
120.000 31.870 
121.000 31.870 
122.000 31.870 
123.000 31.870 
124.000 31.870 
125.000 31.870 
126.000 31.870 
127.000 31.870 
128.000 31.870 
129.000 31.870 
130.000 31.870 
131.000 31.870 
132.000 31.870 
133.000 31.870 
134.000 31.870 
135.000 31.870 
136.000 31.870 
137.000 31.870 
138.000 31.870 
139.000 31.870 
140.000 31.870 
141.000 31.870 
142.000 31.870 
143.000 31.870 
144.000 31.870 
145.000 31.870 
146.000 31.870 
147.000 31.870 
148.000 31.870 
149.000 31.870 
150.000 31.870 
151.000 31.870 
152.000 31.870 
153.000 31.870 
154.000 31.870 
155.000 31.870 
156.000 31.870 
157.000 31.870 
158.000 31.870 
159.000 31.870 
160.000 31.870 
161.000 31.870 
162.000 31.870 
163.000 31.870 
164.000 31.870 
165.000 31.870 
166.000 31.870 
167.000 31.870 
168.000 31.870 
169.000 31.870 
170.000 31.870 
171.000 31.870 
172.000 31.870 
173.000 31.870 
174.000 31.870 
175.000 31.870 
176.000 31.870 
177.000 31.870 
178.000 31.870 
179.000 31.870 
180.000 31.870 
181.000 31.870 
182.000 31.870 
183.000 31.870 
184.000 31.870 
185.000 31.870 
186.000 31.870 
187.000 31.870 
188.000 31.870 
189.000 31.870 
190.000 31.870 
191.000 31.870 
192.000 31.870 
193.000 31.870 
194.000 31.870 
195.000 31.870 
196.000 31.870 
197.000 31.870 
198.000 31.870 
199.000 31.870 
200.000 31.870 
201.000 31.870 
202.000 31.870 
203.000 31.870 
204.000 31.870 
205.000 31.870 
206.000 31.870 
207.000 31.870 
208.000 31.870 
209.000 31.870 
210.000 31.870 
211.000 31.870 
212.000 31.870 
213.000 31.870 
214.000 31.870 
215.000 31.870 
216.000 31.870 
217.000 31.870 
218.000 31.870 
219.000 31.870 
220.000 31.870 
221.000 31.870 
222.000 31.870 
223.000 31.870 
224.000 31.870 
225.000 31.870 
226.000 31.870 
227.000 31.870 
228.000 31.870 
229.000 31.870 
230.000 31.870 
231.000 31.870 
232.000 31.870 
233.000 31.870 
234.000 31.870 
235.000 31.870 
236.000 31.870 
237.000 31.870 
238.000 31.870 
239.000 31.870 
240.000 31.870 
241.000 31.870 
242.000 31.870 
243.000 31.870 
244.000 31.870 
245.000 31.870 
246.000 31.870 
247.000 31.870 
248.000 31.870 
249.000 31.870 
250.000 31.870 
251.000 31.870 
252.000 31.870 
253.000 31.870 
254.000 31.870 
255.000 31.870 
256.000 31.870 
257.000 31.870 
258.000 31.870 
259.000 31.870 
260.000 31.870 
261.000 31.870 
262.000 31.870 
263.000 31.870 
264.000 31.870 
265.000 31.870 
266.000 31.870 
267.000 31.870 
268.000 31.870 
269.000 31.870 
270.000 31.870 
271.000 31.870 
272.000 31.870 
273.000 31.870 
274.000 31.870 
275.000 31.870 
276.000 31.870 
277.000 31.870 
278.000 31.870 
279.000 31.870 
280.000 31.870 
281.000 31.870 
282.000 31.870 
283.000 31.870 
284.000 31.870 
285.000 31.870 
286.000 31.870 
287.000 31.870 
288.000 31.870 
289.000 31.870 
290.000 31.870 
291.000 31.870 
292.000 31.870 
293.000 31.870 
294.000 31.870 
295.000 31.870 
296.000 31.870 
297.000 31.870 
298.000 31.870 
299.000 31.870 
300.000 31.870 
301.000 31.870 
302.000 31.870 
303.000 31.870 
304.000 31.870 
305.000 31.870 
306.000 31.870 
307.000 31.870 
308.000 31.870 
309.000 31.870 
310.000 31.870 
311.000 31.870 
312.000 31.870 
313.000 31.870 
314.000 31.870 
315.000 31.870 
316.000 31.870 
317.000 31.870 
318.000 31.870 
319.000 31.870 
320.000 31.870 
321.000 31.870 
322.000 31.870 
323.000 31.870 
324.000 31.870 
325.000 31.870 
326.000 31.870 
327.000 31.870 
328.000 31.870 
329.000 31.870 
330.000 31.870 
331.000 31.870 
332.000 31.870 
333.000 31.870 
334.000 31.870 
335.000 31.870 
336.000 31.870 
337.000 31.870 
338.000 31.870 
339.000 31.870 
340.000 31.870 
341.000 31.870 
342.000 31.870 
343.000 31.870 
344.000 31.870 
345.000 31.870 
346.000 31.870 
347.000 31.870 
348.000 31.870 
349.000 31.870 
350.000 31.870 
351.000 36.870 
352.000 36.870 
353.000 36.870 
354.000 36.870 
355.000 36.870 
356.000 36.870 
357.000 36.870 
358.000 36.870 
359.000 36.870 
360.000 36.870 
361.000 36.870 
362.000 36.870 
363.000 36.870 
364.000 36.870 
365.000 36.870 
366.000 36.870 
367.000 36.870 
368.000 36.870 
369.000 36.870 
370.000 36.870 
371.000 36.870 
372.000 36.870 
373.000 36.870 
374.000 36.870 
375.000 36.870 
376.000 36.870 
377.000 36.870 
378.000 36.870 
379.000 36.870 
380.000 36.870 
381.000 36.870 
382.000 36.870 
383.000 36.870 
384.000 36.870 
385.000 36.870 
386.000 36.870 
387.000 36.870 
388.000 36.870 
389.000 36.870 
390.000 36.870 
391.000 36.870 
392.000 36.870 
393.000 36.870 
394.000 36.870 
395.000 36.870 
396.000 36.870 
397.000 36.870 
398.000 36.870 
399.000 36.870 
400.000 36.870 
401.000 36.870 
402.000 36.870 
403.000 36.870 
404.000 36.870 
405.000 36.870 
406.000 36.870 
407.000 36.870 
408.000 36.870 
409.000 36.870 
410.000 36.870 
411.000 36.870 
412.000 36.870 
413.000 36.870 
414.000 36.870 
415.000 36.870 
416.000 36.870 
417.000 36.870 
418.000 36.870 
419.000 36.870 
420.000 36.870 
421.000 36.870 
422.000 36.870 
423.000 36.870 
424.000 36.870 
425.000 36.870 
426.000 36.870 
427.000 36.870 
428.000 36.870 
429.000 36.870 
430.000 36.870 
431.000 36.870 
432.000 36.870 
433.000 36.870 
434.000 36.870 
435.000 36.870 
436.000 36.870 
437.000 36.870 
438.000 36.870 
439.000 36.870 
440.000 36.870 
441.000 36.870 
442.000 36.870 
443.000 36.870 
444.000 36.870 
445.000 36.870 
446.000 36.870 
447.000 36.870 
448.000 36.870 
449.000 36.870 
450.000 36.870 
451.000 36.870 
452.000 36.870 
453.000 36.870 
454.000 36.870 
455.000 36.870 
456.000 36.870 
457.000 36.870 
458.000 36.870 
459.000 36.870 
460.000 36.870 
461.000 36.870 
462.000 36.870 
463.000 36.870 
464.000 36.870 
465.000 36.870 
466.000 36.870 
467.000 36.870 
468.000 36.870 
469.000 36.870 
470.000 36.870 
471.000 36.870 
472.000 36.870 
473.000 36.870 
474.000 36.870 
475.000 36.870 
476.000 36.870 
477.000 36.870 
478.000 36.870 
479.000 36.870 
480.000 36.870 
481.000 36.870 
482.000 36.870 
483.000 36.870 
484.000 36.870 
485.000 36.870 
486.000 36.870 
487.000 36.870 
488.000 36.870 
489.000 36.870 
490.000 36.870 
491.000 36.870 
492.000 36.870 
493.000 36.870 
494.000 36.870 
495.000 36.870 
496.000 36.870 
497.000 36.870 
498.000 36.870 
499.000 36.870 
500.000 36.870 
501.000 36.870 
502.000 36.870 
503.000 36.870 
504.000 36.870 
505.000 36.870 
506.000 36.870 
507.000 36.870 
508.000 36.870 
509.000 36.870 
510.000 36.870 
511.000 36.870 
512.000 36.870 
513.000 36.870 
514.000 36.870 
515.000 36.870 
516.000 36.870 
517.000 36.870 
518.000 36.870 
519.000 36.870 
520.000 36.870 
521.000 36.870 
522.000 36.870 
523.000 36.870 
524.000 36.870 
525.000 36.870 
526.000 36.870 
527.000 36.870 
528.000 36.870 
529.000 36.870 
530.000 36.870 
531.000 36.870 
532.000 36.870 
533.000 36.870 
534.000 36.870 
535.000 36.870 
536.000 36.870 
537.000 36.870 
538.000 36.870 
539.000 36.870 
540.000 36.870 
541.000 36.870 
542.000 36.870 
543.000 36.870 
544.000 36.870 
545.000 36.870 
546.000 36.870 
547.000 36.870 
548.000 36.870 
549.000 36.870 
550.000 36.870 
551.000 36.870 
552.000 36.870 
553.000 36.870 
554.000 36.870 
555.000 36.870 
556.000 36.870 
557.000 36.870 
558.000 36.870 
559.000 36.870 
560.000 36.870 
561.000 36.870 
562.000 36.870 
563.000 36.870 
564.000 36.870 
565.000 36.870 
566.000 36.870 
567.000 36.870 
568.000 36.870 
569.000 36.870 
570.000 36.870 
571.000 36.870 
572.000 36.870 
573.000 36.870 
574.000 36.870 
575.000 36.870 
576.000 36.870 
577.000 36.870 
578.000 36.870 
579.000 36.870 
580.000 36.870 
581.000 36.870 
582.000 36.870 
583.000 36.870 
584.000 36.870 
585.000 36.870 
586.000 36.870 
587.000 36.870 
588.000 36.870 
589.000 36.870 
590.000 36.870 
591.000 36.870 
592.000 36.870 
593.000 36.870 
594.000 36.870 
595.000 36.870 
596.000 36.870 
597.000 36.870 
598.000 36.870 
599.000 36.870 
600.000 36.870 
601.000 36.870 
602.000 36.870 
603.000 36.870 
604.000 36.870 
605.000 36.870 
606.000 36.870 
607.000 36.870 
608.000 36.870 
609.000 36.870 
610.000 36.870 
611.000 36.870 
612.000 36.870 
613.000 36.870 
614.000 36.870 
615.000 36.870 
616.000 36.870 
617.000 36.870 
618.000 36.870 
619.000 36.870 
620.000 36.870 
621.000 36.870 
622.000 36.870 
623.000 36.870 
624.000 36.870 
625.000 36.870 
626.000 36.870 
627.000 36.870 
628.000 36.870 
629.000 36.870 
630.000 36.870 
631.000 36.870 
632.000 36.870 
633.000 36.870 
634.000 36.870 
635.000 36.870 
636.000 36.870 
637.000 36.870 
638.000 36.870 
639.000 36.870 
640.000 36.870 
641.000 36.870 
642.000 36.870 
643.000 36.870 
644.000 36.870 
645.000 36.870 
646.000 36.870 
647.000 36.870 
648.000 36.870 
649.000 36.870 
650.000 36.870 
651.000 36.870 
652.000 36.870 
653.000 36.870 
654.000 36.870 
655.000 36.870 
656.000 36.870 
657.000 36.870 
658.000 36.870 
659.000 36.870 
660.000 36.870 
661.000 36.870 
662.000 36.870 
663.000 36.870 
664.000 36.870 
665.000 36.870 
666.000 36.870 
667.000 36.870 
668.000 36.870 
669.000 36.870 
670.000 36.870 
671.000 36.870 
672.000 36.870 
673.000 36.870 
674.000 36.870 
675.000 36.870 
676.000 36.870 
677.000 36.870 
678.000 36.870 
679.000 36.870 
680.000 36.870 
681.000 36.870 
682.000 36.870 
683.000 36.870 
684.000 36.870 
685.000 36.870 
686.000 36.870 
687.000 36.870 
688.000 36.870 
689.000 36.870 
690.000 36.870 
691.000 36.870 
692.000 36.870 
693.000 36.870 
694.000 36.870 
695.000 36.870 
696.000 36.870 
697.000 36.870 
698.000 36.870 
699.000 36.870 
700.000 36.870 
701.000 46.870 
702.000 46.870 
703.000 46.870 
704.000 46.870 
705.000 46.870 
706.000 46.870 
707.000 46.870 
708.000 46.870 
709.000 46.870 
710.000 46.870 
711.000 46.870 
712.000 46.870 
713.000 46.870 
714.000 46.870 
715.000 46.870 
716.000 46.870 
717.000 46.870 
718.000 46.870 
719.000 46.870 
720.000 46.870 
721.000 46.870 
722.000 46.870 
723.000 46.870 
724.000 46.870 
725.000 46.870 
726.000 46.870 
727.000 46.870 
728.000 46.870 
729.000 46.870 
730.000 46.870 
731.000 46.870 
732.000 46.870 
733.000 46.870 
734.000 46.870 
735.000 46.870 
736.000 46.870 
737.000 46.870 
738.000 46.870 
739.000 46.870 
740.000 46.870 
741.000 46.870 
742.000 46.870 
743.000 46.870 
744.000 46.870 
745.000 46.870 
746.000 46.870 
747.000 46.870 
748.000 46.870 
749.000 46.870 
750.000 46.870 
751.000 46.870 
752.000 46.870 
753.000 46.870 
754.000 46.870 
755.000 46.870 
756.000 46.870 
757.000 46.870 
758.000 46.870 
759.000 46.870 
760.000 46.870 
761.000 46.870 
762.000 46.870 
763.000 46.870 
764.000 46.870 
765.000 46.870 
766.000 46.870 
767.000 46.870 
768.000 46.870 
769.000 46.870 
770.000 46.870 
771.000 46.870 
772.000 46.870 
773.000 46.870 
774.000 46.870 
775.000 46.870 
776.000 46.870 
777.000 46.870 
778.000 46.870 
779.000 46.870 
780.000 46.870 
781.000 46.870 
782.000 46.870 
783.000 46.870 
784.000 46.870 
785.000 46.870 
786.000 46.870 
787.000 46.870 
788.000 46.870 
789.000 46.870 
790.000 46.870 
791.000 46.870 
792.000 46.870 
793.000 46.870 
794.000 46.870 
795.000 46.870 
796.000 46.870 
797.000 46.870 
798.000 46.870 
799.000 46.870 
800.000 46.870 
801.000 46.870 
802.000 46.870 
803.000 46.870 
804.000 46.870 
805.000 46.870 
806.000 46.870 
807.000 46.870 
808.000 46.870 
809.000 46.870 
810.000 46.870 
811.000 46.870 
812.000 46.870 
813.000 46.870 
814.000 46.870 
815.000 46.870 
816.000 46.870 
817.000 46.870 
818.000 46.870 
819.000 46.870 
820.000 46.870 
821.000 46.870 
822.000 46.870 
823.000 46.870 
824.000 46.870 
825.000 46.870 
826.000 46.870 
827.000 46.870 
828.000 46.870 
829.000 46.870 
830.000 46.870 
831.000 46.870 
832.000 46.870 
833.000 46.870 
834.000 46.870 
835.000 46.870 
836.000 46.870 
837.000 46.870 
838.000 46.870 
839.000 46.870 
840.000 46.870 
841.000 46.870 
842.000 46.870 
843.000 46.870 
844.000 46.870 
845.000 46.870 
846.000 46.870 
847.000 46.870 
848.000 46.870 
849.000 46.870 
850.000 46.870 
851.000 46.870 
852.000 46.870 
853.000 46.870 
854.000 46.870 
855.000 46.870 
856.000 46.870 
857.000 46.870 
858.000 46.870 
859.000 46.870 
860.000 46.870 
861.000 46.870 
862.000 46.870 
863.000 46.870 
864.000 46.870 
865.000 46.870 
866.000 46.870 
867.000 46.870 
868.000 46.870 
869.000 46.870 
870.000 46.870 
871.000 46.870 
872.000 46.870 
873.000 46.870 
874.000 46.870 
875.000 46.870 
876.000 46.870 
877.000 46.870 
878.000 46.870 
879.000 46.870 
880.000 46.870 
881.000 46.870 
882.000 46.870 
883.000 46.870 
884.000 46.870 
885.000 46.870 
886.000 46.870 
887.000 46.870 
888.000 46.870 
889.000 46.870 
890.000 46.870 
891.000 46.870 
892.000 46.870 
893.000 46.870 
894.000 46.870 
895.000 46.870 
896.000 46.870 
897.000 46.870 
898.000 46.870 
899.000 46.870 
900.000 46.870 
901.000 46.870 
902.000 46.870 
903.000 46.870 
904.000 46.870 
905.000 46.870 
906.000 46.870 
907.000 46.870 
908.000 46.870 
909.000 46.870 
910.000 46.870 
911.000 46.870 
912.000 46.870 
913.000 46.870 
914.000 46.870 
915.000 46.870 
916.000 46.870 
917.000 46.870 
918.000 46.870 
919.000 46.870 
920.000 46.870 
921.000 46.870 
922.000 46.870 
923.000 46.870 
924.000 46.870 
925.000 46.870 
926.000 46.870 
927.000 46.870 
928.000 46.870 
929.000 46.870 
930.000 46.870 
931.000 46.870 
932.000 46.870 
933.000 46.870 
934.000 46.870 
935.000 46.870 
936.000 46.870 
937.000 46.870 
938.000 46.870 
939.000 46.870 
940.000 46.870 
941.000 46.870 
942.000 46.870 
943.000 46.870 
944.000 46.870 
945.000 46.870 
946.000 46.870 
947.000 46.870 
948.000 46.870 
949.000 46.870 
950.000 46.870 
951.000 46.870 
952.000 46.870 
953.000 46.870 
954.000 46.870 
955.000 46.870 
956.000 46.870 
957.000 46.870 
958.000 46.870 
959.000 46.870 
960.000 46.870 
961.000 46.870 
962.000 46.870 
963.000 46.870 
964.000 46.870 
965.000 46.870 
966.000 46.870 
967.000 46.870 
968.000 46.870 
969.000 46.870 
970.000 46.870 
971.000 46.870 
972.000 46.870 
973.000 46.870 
974.000 46.870 
975.000 46.870 
976.000 46.870 
977.000 46.870 
978.000 46.870 
979.000 46.870 
980.000 46.870 
981.000 46.870 
982.000 46.870 
983.000 46.870 
984.000 46.870 
985.000 46.870 
986.000 46.870 
987.000 46.870 
988.000 46.870 
989.000 46.870 
990.000 46.870 
991.000 46.870 
992.000 46.870 
993.000 46.870 
994.000 46.870 
995.000 46.870 
996.000 46.870 
997.000 46.870 
998.000 46.870 
999.000 46.870 
1000.000 46.870 
1001.000 46.870 
1002.000 46.870 
1003.000 46.870 
1004.000 46.870 
1005.000 46.870 
1006.000 46.870 
1007.000 46.870 
1008.000 46.870 
1009.000 46.870 
1010.000 46.870 
1011.000 46.870 
1012.000 46.870 
1013.000 46.870 
1014.000 46.870 
1015.000 46.870 
1016.000 46.870 
1017.000 46.870 
1018.000 46.870 
1019.000 46.870 
1020.000 46.870 
1021.000 46.870 
1022.000 46.870 
1023.000 46.870 
1024.000 46.870 
1025.000 46.870 
1026.000 46.870 
1027.000 46.870 
1028.000 46.870 
1029.000 46.870 
1030.000 46.870 
1031.000 46.870 
1032.000 46.870 
1033.000 46.870 
1034.000 46.870 
1035.000 46.870 
1036.000 46.870 
1037.000 46.870 
1038.000 46.870 
1039.000 46.870 
1040.000 46.870 
1041.000 46.870 
1042.000 46.870 
1043.000 46.870 
1044.000 46.870 
1045.000 46.870 
1046.000 46.870 
1047.000 46.870 
1048.000 46.870 
1049.000 46.870 
1050.000 46.870 
1051.000 31.870 
1052.000 31.870 
1053.000 31.870 
1054.000 31.870 
1055.000 31.870 
1056.000 31.870 
1057.000 31.870 
1058.000 31.870 
1059.000 31.870 
1060.000 31.870 
1061.000 31.870 
1062.000 31.870 
1063.000 31.870 
1064.000 31.870 
1065.000 31.870 
1066.000 31.870 
1067.000 31.870 
1068.000 31.870 
1069.000 31.870 
1070.000 31.870 
1071.000 31.870 
1072.000 31.870 
1073.000 31.870 
1074.000 31.870 
1075.000 31.870 
1076.000 31.870 
1077.000 31.870 
1078.000 31.870 
1079.000 31.870 
1080.000 31.870 
1081.000 31.870 
1082.000 31.870 
1083.000 31.870 
1084.000 31.870 
1085.000 31.870 
1086.000 31.870 
1087.000 31.870 
1088.000 31.870 
1089.000 31.870 
1090.000 31.870 
1091.000 31.870 
1092.000 31.870 
1093.000 31.870 
1094.000 31.870 
1095.000 31.870 
1096.000 31.870 
1097.000 31.870 
1098.000 31.870 
1099.000 31.870 
1100.000 31.870 
1101.000 31.870 
1102.000 31.870 
1103.000 31.870 
1104.000 31.870 
1105.000 31.870 
1106.000 31.870 
1107.000 31.870 
1108.000 31.870 
1109.000 31.870 
1110.000 31.870 
1111.000 31.870 
1112.000 31.870 
1113.000 31.870 
1114.000 31.870 
1115.000 31.870 
1116.000 31.870 
1117.000 31.870 
1118.000 31.870 
1119.000 31.870 
1120.000 31.870 
1121.000 31.870 
1122.000 31.870 
1123.000 31.870 
1124.000 31.870 
1125.000 31.870 
1126.000 31.870 
1127.000 31.870 
1128.000 31.870 
1129.000 31.870 
1130.000 31.870 
1131.000 31.870 
1132.000 31.870 
1133.000 31.870 
1134.000 31.870 
1135.000 31.870 
1136.000 31.870 
1137.000 31.870 
1138.000 31.870 
1139.000 31.870 
1140.000 31.870 
1141.000 31.870 
1142.000 31.870 
1143.000 31.870 
1144.000 31.870 
1145.000 31.870 
1146.000 31.870 
1147.000 31.870 
1148.000 31.870 
1149.000 31.870 
1150.000 31.870 
1151.000 31.870 
1152.000 31.870 
1153.000 31.870 
1154.000 31.870 
1155.000 31.870 
1156.000 31.870 
1157.000 31.870 
1158.000 31.870 
1159.000 31.870 
1160.000 31.870 
1161.000 31.870 
1162.000 31.870 
1163.000 31.870 
1164.000 31.870 
1165.000 31.870 
1166.000 31.870 
1167.000 31.870 
1168.000 31.870 
1169.000 31.870 
1170.000 31.870 
1171.000 31.870 
1172.000 31.870 
1173.000 31.870 
1174.000 31.870 
1175.000 31.870 
1176.000 31.870 
1177.000 31.870 
1178.000 31.870 
1179.000 31.870 
1180.000 31.870 
1181.000 31.870 
1182.000 31.870 
1183.000 31.870 
1184.000 31.870 
1185.000 31.870 
1186.000 31.870 
1187.000 31.870 
1188.000 31.870 
1189.000 31.870 
1190.000 31.870 
1191.000 31.870 
1192.000 31.870 
1193.000 31.870 
1194.000 31.870 
1195.000 31.870 
1196.000 31.870 
1197.000 31.870 
1198.000 31.870 
1199.000 31.870 
1200.000 31.870 
1201.000 31.870 
1202.000 31.870 
1203.000 31.870 
1204.000 31.870 
1205.000 31.870 
1206.000 31.870 
1207.000 31.870 
1208.000 31.870 
1209.000 31.870 
1210.000 31.870 
1211.000 31.870 
1212.000 31.870 
1213.000 31.870 
1214.000 31.870 
1215.000 31.870 
1216.000 31.870 
1217.000 31.870 
1218.000 31.870 
1219.000 31.870 
1220.000 31.870 
1221.000 31.870 
1222.000 31.870 
1223.000 31.870 
1224.000 31.870 
1225.000 31.870 
1226.000 31.870 
1227.000 31.870 
1228.000 31.870 
1229.000 31.870 
1230.000 31.870 
1231.000 31.870 
1232.000 31.870 
1233.000 31.870 
1234.000 31.870 
1235.000 31.870 
1236.000 31.870 
1237.000 31.870 
1238.000 31.870 
1239.000 31.870 
1240.000 31.870 
1241.000 31.870 
1242.000 31.870 
1243.000 31.870 
1244.000 31.870 
1245.000 31.870 
1246.000 31.870 
1247.000 31.870 
1248.000 31.870 
1249.000 31.870 
1250.000 31.870 
1251.000 31.870 
1252.000 31.870 
1253.000 31.870 
1254.000 31.870 
1255.000 31.870 
1256.000 31.870 
1257.000 31.870 
1258.000 31.870 
1259.000 31.870 
1260.000 31.870 
1261.000 31.870 
1262.000 31.870 
1263.000 31.870 
1264.000 31.870 
1265.000 31.870 
1266.000 31.870 
1267.000 31.870 
1268.000 31.870 
1269.000 31.870 
1270.000 31.870 
1271.000 31.870 
1272.000 31.870 
1273.000 31.870 
1274.000 31.870 
1275.000 31.870 
1276.000 31.870 
1277.000 31.870 
1278.000 31.870 
1279.000 31.870 
1280.000 31.870 
1281.000 31.870 
1282.000 31.870 
1283.000 31.870 
1284.000 31.870 
1285.000 31.870 
1286.000 31.870 
1287.000 31.870 
1288.000 31.870 
1289.000 31.870 
1290.000 31.870 
1291.000 31.870 
1292.000 31.870 
1293.000 31.870 
1294.000 31.870 
1295.000 31.870 
1296.000 31.870 
1297.000 31.870 
1298.000 31.870 
1299.000 31.870 
1300.000 31.870 
1301.000 31.870 
1302.000 31.870 
1303.000 31.870 
1304.000 31.870 
1305.000 31.870 
1306.000 31.870 
1307.000 31.870 
1308.000 31.870 
1309.000 31.870 
1310.000 31.870 
1311.000 31.870 
1312.000 31.870 
1313.000 31.870 
1314.000 31.870 
1315.000 31.870 
1316.000 31.870 
1317.000 31.870 
1318.000 31.870 
1319.000 31.870 
1320.000 31.870 
1321.000 31.870 
1322.000 31.870 
1323.000 31.870 
1324.000 31.870 
1325.000 31.870 
1326.000 31.870 
1327.000 31.870 
1328.000 31.870 
1329.000 31.870 
1330.000 31.870 
1331.000 31.870 
1332.000 31.870 
1333.000 31.870 
1334.000 31.870 
1335.000 31.870 
1336.000 31.870 
1337.000 31.870 
1338.000 31.870 
1339.000 31.870 
1340.000 31.870 
1341.000 31.870 
1342.000 31.870 
1343.000 31.870 
1344.000 31.870 
1345.000 31.870 
1346.000 31.870 
1347.000 31.870 
1348.000 31.870 
1349.000 31.870 
1350.000 31.870 
1351.000 31.870 
1352.000 31.870 
1353.000 31.870 
1354.000 31.870 
1355.000 31.870 
1356.000 31.870 
1357.000 31.870 
1358.000 31.870 
1359.000 31.870 
1360.000 31.870 
1361.000 31.870 
1362.000 31.870 
1363.000 31.870 
1364.000 31.870 
1365.000 31.870 
1366.000 31.870 
1367.000 31.870 
1368.000 31.870 
1369.000 31.870 
1370.000 31.870 
1371.000 31.870 
1372.000 31.870 
1373.000 31.870 
1374.000 31.870 
1375.000 31.870 
1376.000 31.870 
1377.000 31.870 
1378.000 31.870 
1379.000 31.870 
1380.000 31.870 
1381.000 31.870 
1382.000 31.870 
1383.000 31.870 
1384.000 31.870 
1385.000 31.870 
1386.000 31.870 
1387.000 31.870 
1388.000 31.870 
1389.000 31.870 
1390.000 31.870 
1391.000 31.870 
1392.000 31.870 
1393.000 31.870 
1394.000 31.870 
1395.000 31.870 
1396.000 31.870 
1397.000 31.870 
1398.000 31.870 
1399.000 31.870 
1400.000 31.870 
